0.01,1564980429,0.02,51.45007325,7.48824586,247.17,8.35,0.00,164.75,0,-113.00,-14.00,0.00,0.00,26.00,0.00,0,118
1.09,1564980431,9.06,51.44998885,7.48827902,247.59,9.50,0.00,165.49,0,-112.00,-13.00,0.00,0.00,26.00,0.00,0,118
1.09,1564980431,9.07,51.44998885,7.48827902,247.59,9.50,0.00,165.49,0,-113.00,-14.00,0.00,0.00,27.00,0.00,0,290
2.04,1564980431,18.09,51.44990458,7.48831022,247.82,9.92,0.00,166.38,0,-112.00,-13.00,0.00,0.00,26.00,0.00,0,118
2.04,1564980431,18.09,51.44990458,7.48831022,247.82,9.92,0.00,166.38,0,-113.00,-14.00,0.00,0.00,27.00,0.00,0,290
3.04,1564980432,28.02,51.44980406,7.48833977,248.14,10.52,0.00,168.94,0,-112.00,-13.00,0.00,0.00,26.00,0.00,0,118
3.04,1564980432,28.03,51.44980406,7.48833977,248.14,10.52,0.00,168.94,0,-113.00,-14.00,0.00,0.00,27.00,0.00,0,290
18.04,1564980447,207.78,51.44811765,7.48811733,254.81,14.07,0.00,191.62,0,-129.00,-16.00,0.00,0.00,18.00,0.00,0,456
18.04,1564980447,207.80,51.44811765,7.48811733,254.81,14.07,0.00,191.62,0,-131.00,-18.00,0.00,0.00,17.00,0.00,0,60
18.04,1564980447,207.81,51.44811765,7.48811733,254.81,14.07,0.00,191.62,0,-132.00,-20.00,0.00,0.00,17.00,0.00,0,159
19.04,1564980448,221.86,51.44798047,7.48805302,255.62,14.06,0.00,192.61,0,-129.00,-16.00,0.00,0.00,18.00,0.00,0,456
19.04,1564980448,221.88,51.44798047,7.48805302,255.62,14.06,0.00,192.61,0,-131.00,-18.00,0.00,0.00,17.00,0.00,0,60
19.04,1564980448,221.88,51.44798047,7.48805302,255.62,14.06,0.00,192.61,0,-132.00,-20.00,0.00,0.00,17.00,0.00,0,159
20.04,1564980449,235.91,51.44785267,7.48799358,256.23,14.35,0.00,192.73,0,-129.00,-17.00,0.00,0.00,17.00,0.00,0,456
20.04,1564980449,235.93,51.44785267,7.48799358,256.23,14.35,0.00,192.73,0,-131.00,-18.00,0.00,0.00,17.00,0.00,0,60
20.04,1564980449,235.94,51.44785267,7.48799358,256.23,14.35,0.00,192.73,0,-133.00,-21.00,0.00,0.00,17.00,0.00,0,159
21.04,1564980450,250.26,51.44774826,7.48795699,256.29,11.59,0.00,190.96,0,-129.00,-17.00,0.00,0.00,17.00,0.00,0,456
21.04,1564980450,250.27,51.44774826,7.48795699,256.29,11.59,0.00,190.96,0,-131.00,-18.00,0.00,0.00,17.00,0.00,0,60
21.04,1564980450,250.28,51.44774826,7.48795699,256.29,11.59,0.00,190.96,0,-133.00,-21.00,0.00,0.00,17.00,0.00,0,159
22.05,1564980451,261.94,51.44764496,7.48792786,256.65,11.90,0.00,189.12,0,-128.00,-16.00,0.00,0.00,17.00,0.00,0,456
22.05,1564980451,261.95,51.44764496,7.48792786,256.65,11.90,0.00,189.12,0,-131.00,-19.00,0.00,0.00,17.00,0.00,0,60
23.04,1564980452,273.75,51.44752298,7.48790789,256.80,13.73,0.00,185.69,0,-128.00,-16.00,0.00,0.00,17.00,0.00,0,456
23.04,1564980452,273.77,51.44752298,7.48790789,256.80,13.73,0.00,185.69,0,-131.00,-19.00,0.00,0.00,17.00,0.00,0,60
24.04,1564980453,287.48,51.44739549,7.48789488,257.26,14.26,0.00,183.15,0,-128.00,-16.00,0.00,0.00,17.00,0.00,0,456
24.04,1564980453,287.50,51.44739549,7.48789488,257.26,14.26,0.00,183.15,0,-131.00,-19.00,0.00,0.00,17.00,0.00,0,60
25.04,1564980454,301.74,51.44727541,7.48788835,258.18,13.48,0.00,180.79,0,-127.00,-15.00,0.00,0.00,18.00,0.00,0,456
26.04,1564980455,315.20,51.44714422,7.48790027,258.26,14.25,0.00,178.48,0,-127.00,-15.00,0.00,0.00,18.00,0.00,0,456
56.04,1564980485,700.03,51.44462110,7.49151066,280.25,4.03,0.00,126.48,0,-109.00,-13.00,0.00,0.00,31.00,0.00,0,223
57.04,1564980486,704.05,51.44459948,7.49155933,280.23,2.33,0.00,127.35,0,-109.00,-13.00,0.00,0.00,31.00,0.00,0,223
58.04,1564980487,706.38,51.44460161,7.49156555,280.19,0.85,0.00,127.35,0,-107.00,-12.00,0.00,0.00,32.00,0.00,0,223
59.04,1564980488,707.22,51.44460161,7.49156555,280.19,0.00,0.00,127.35,0,-107.00,-12.00,0.00,0.00,32.00,0.00,0,223
60.04,1564980489,707.22,51.44460161,7.49156555,280.18,0.00,0.00,127.35,0,-109.00,-8.00,0.00,0.00,26.00,0.00,0,70
60.04,1564980489,707.22,51.44460161,7.49156555,280.18,0.00,0.00,127.35,0,-110.00,-12.00,0.00,0.00,29.00,0.00,0,223
61.04,1564980490,707.22,51.44460161,7.49156555,280.18,0.00,0.00,127.35,0,-109.00,-8.00,0.00,0.00,26.00,0.00,0,70
61.04,1564980490,707.22,51.44460161,7.49156555,280.18,0.00,0.00,127.35,0,-110.00,-12.00,0.00,0.00,29.00,0.00,0,223
64.05,1564980493,707.22,51.44460161,7.49156555,280.16,0.00,0.00,127.35,0,-106.00,-10.00,0.00,0.00,29.00,0.00,0,70
64.05,1564980493,707.22,51.44460161,7.49156555,280.16,0.00,0.00,127.35,0,-109.00,-13.00,0.00,0.00,30.00,0.00,0,223
65.04,1564980494,707.22,51.44460161,7.49156555,280.16,0.00,0.00,127.35,0,-106.00,-10.00,0.00,0.00,29.00,0.00,0,70
65.04,1564980494,707.22,51.44460161,7.49156555,280.16,0.00,0.00,127.35,0,-109.00,-13.00,0.00,0.00,30.00,0.00,0,223
66.04,1564980495,707.22,51.44460161,7.49156555,280.16,0.00,0.00,127.35,0,-106.00,-10.00,0.00,0.00,29.00,0.00,0,70
66.04,1564980495,707.22,51.44460161,7.49156555,280.16,0.00,0.00,127.35,0,-109.00,-13.00,0.00,0.00,30.00,0.00,0,223
67.04,1564980496,707.22,51.44460161,7.49156555,280.16,0.00,0.00,127.35,0,-107.00,-10.00,0.00,0.00,29.00,0.00,0,70
68.04,1564980497,707.22,51.44460161,7.49156555,280.17,0.00,0.00,127.35,0,-107.00,-10.00,0.00,0.00,29.00,0.00,0,70
69.04,1564980498,707.22,51.44460161,7.49156555,280.17,0.00,0.00,127.35,0,-109.00,-15.00,0.00,0.00,31.00,0.00,0,70
70.04,1564980499,707.22,51.44460161,7.49156555,280.18,0.00,0.00,127.35,0,-109.00,-15.00,0.00,0.00,31.00,0.00,0,70
71.04,1564980500,707.22,51.44460161,7.49156555,280.19,0.00,0.00,127.35,0,-108.00,-9.00,0.00,0.00,28.00,0.00,0,70
72.04,1564980501,707.22,51.44460161,7.49156555,280.20,0.00,0.00,127.35,0,-108.00,-9.00,0.00,0.00,28.00,0.00,0,70
73.04,1564980502,707.22,51.44460161,7.49156555,280.21,0.00,0.00,127.35,0,-107.00,-9.00,0.00,0.00,28.00,0.00,0,70
74.04,1564980503,707.22,51.44460161,7.49156555,280.22,0.00,0.00,127.35,0,-107.00,-9.00,0.00,0.00,28.00,0.00,0,70
75.04,1564980504,707.22,51.44460161,7.49156555,280.24,0.00,0.00,127.35,0,-107.00,-9.00,0.00,0.00,28.00,0.00,0,70
76.04,1564980505,707.22,51.44460161,7.49156555,280.25,0.00,0.00,127.35,0,-107.00,-9.00,0.00,0.00,28.00,0.00,0,70
77.03,1564980506,707.22,51.44460161,7.49156555,280.27,0.00,0.00,127.35,0,-107.00,-11.00,0.00,0.00,30.00,0.00,0,70
78.04,1564980507,707.22,51.44460161,7.49156555,280.29,0.00,0.00,127.35,0,-107.00,-11.00,0.00,0.00,30.00,0.00,0,70
79.04,1564980508,707.22,51.44460161,7.49156555,280.45,0.00,0.00,127.35,0,-108.00,-9.00,0.00,0.00,28.00,0.00,0,70
79.04,1564980508,707.22,51.44460161,7.49156555,280.45,0.00,0.00,127.35,0,-111.00,-13.00,0.00,0.00,28.00,0.00,0,223
80.04,1564980509,707.22,51.44460161,7.49156555,280.61,0.00,0.00,124.98,0,-108.00,-9.00,0.00,0.00,28.00,0.00,0,70
80.04,1564980509,707.22,51.44460161,7.49156555,280.61,0.00,0.00,124.98,0,-111.00,-13.00,0.00,0.00,28.00,0.00,0,223
81.04,1564980510,707.22,51.44455178,7.49167207,282.20,0.00,0.00,127.35,0,-111.00,-14.00,0.00,0.00,29.00,0.00,0,223
82.04,1564980511,707.23,51.44450425,7.49170975,283.03,5.89,0.00,156.15,0,-111.00,-14.00,0.00,0.00,29.00,0.00,0,223
83.04,1564980512,713.13,51.44445019,7.49172380,282.91,5.89,0.00,175.38,0,-111.00,-14.00,0.00,0.00,30.00,0.00,0,223
84.04,1564980513,719.01,51.44439914,7.49167569,282.18,5.99,0.00,210.67,0,-111.00,-14.00,0.00,0.00,30.00,0.00,0,223
104.04,1564980533,1002.55,51.44224042,7.48913139,279.57,15.61,0.00,217.44,0,-86.00,-10.00,0.00,0.00,51.00,0.00,0,223
105.04,1564980534,1018.16,51.44213323,7.48899839,279.31,15.10,0.00,218.31,0,-86.00,-10.00,0.00,0.00,51.00,0.00,0,223
106.05,1564980535,1033.39,51.44202594,7.48885591,279.55,15.48,0.00,219.27,0,-89.00,-14.00,0.00,0.00,51.00,0.00,0,223
106.05,1564980535,1033.41,51.44202594,7.48885591,279.55,15.48,0.00,219.27,0,-126.00,-15.00,0.00,0.00,17.00,0.00,0,388
107.04,1564980536,1048.75,51.44192162,7.48870818,279.74,15.66,0.00,221.10,0,-89.00,-14.00,0.00,0.00,51.00,0.00,0,223
107.04,1564980536,1048.76,51.44192162,7.48870818,279.74,15.66,0.00,221.10,0,-126.00,-15.00,0.00,0.00,17.00,0.00,0,388
108.04,1564980537,1064.39,51.44181707,7.48854480,280.12,15.86,0.00,222.98,0,-89.00,-14.00,0.00,0.00,51.00,0.00,0,223
108.04,1564980537,1064.40,51.44181707,7.48854480,280.12,15.86,0.00,222.98,0,-126.00,-15.00,0.00,0.00,17.00,0.00,0,388
109.04,1564980538,1080.26,51.44170707,7.48836378,280.91,15.82,0.00,224.41,0,-84.00,-12.00,0.00,0.00,54.00,0.00,0,223
109.04,1564980538,1080.26,51.44170707,7.48836378,280.91,15.82,0.00,224.41,0,-124.00,-14.00,0.00,0.00,18.00,0.00,0,388
109.04,1564980538,1080.28,51.44170707,7.48836378,280.91,15.82,0.00,224.41,0,-130.00,-19.00,0.00,0.00,18.00,0.00,0,37
110.04,1564980539,1096.08,51.44161396,7.48819509,281.01,14.72,0.00,226.58,0,-84.00,-12.00,0.00,0.00,54.00,0.00,0,223
110.04,1564980539,1096.10,51.44161396,7.48819509,281.01,14.72,0.00,226.58,0,-124.00,-14.00,0.00,0.00,18.00,0.00,0,388
110.04,1564980539,1096.11,51.44161396,7.48819509,281.01,14.72,0.00,226.58,0,-130.00,-19.00,0.00,0.00,18.00,0.00,0,37
111.04,1564980540,1110.82,51.44151994,7.48802196,280.85,15.00,0.00,228.24,0,-83.00,-11.00,0.00,0.00,54.00,0.00,0,223
111.04,1564980540,1110.82,51.44151994,7.48802196,280.85,15.00,0.00,228.24,0,-125.00,-14.00,0.00,0.00,18.00,0.00,0,388
111.04,1564980540,1110.84,51.44151994,7.48802196,280.85,15.00,0.00,228.24,0,-129.00,-18.00,0.00,0.00,18.00,0.00,0,37
112.04,1564980541,1125.82,51.44143306,7.48784892,280.70,14.68,0.00,229.48,0,-83.00,-11.00,0.00,0.00,54.00,0.00,0,223
112.04,1564980541,1125.82,51.44143306,7.48784892,280.70,14.68,0.00,229.48,0,-125.00,-14.00,0.00,0.00,18.00,0.00,0,388
112.04,1564980541,1125.84,51.44143306,7.48784892,280.70,14.68,0.00,229.48,0,-129.00,-18.00,0.00,0.00,18.00,0.00,0,37
115.04,1564980544,1169.36,51.44118233,7.48734113,280.62,14.71,0.00,231.39,0,-124.00,-13.00,0.00,0.00,18.00,0.00,0,37
115.04,1564980544,1169.37,51.44118233,7.48734113,280.62,14.71,0.00,231.39,0,-130.00,-20.00,0.00,0.00,17.00,0.00,0,388
116.04,1564980545,1184.07,51.44110740,7.48717778,281.12,14.35,0.00,231.99,0,-124.00,-13.00,0.00,0.00,18.00,0.00,0,37
116.04,1564980545,1184.08,51.44110740,7.48717778,281.12,14.35,0.00,231.99,0,-130.00,-20.00,0.00,0.00,17.00,0.00,0,388
125.04,1564980554,1315.90,51.44041564,7.48565228,283.24,14.78,0.00,231.87,0,-79.00,-8.00,0.00,0.00,56.00,0.00,0,224
126.04,1564980555,1330.65,51.44033803,7.48548400,283.96,14.87,0.00,231.69,0,-79.00,-8.00,0.00,0.00,56.00,0.00,0,224
127.05,1564980556,1345.63,51.44025863,7.48530951,285.28,14.45,0.00,231.85,0,-83.00,-8.00,0.00,0.00,51.00,0.00,0,224
128.04,1564980557,1359.98,51.44018112,7.48514463,286.26,14.77,0.00,231.13,0,-83.00,-8.00,0.00,0.00,51.00,0.00,0,224
129.04,1564980558,1374.73,51.44009875,7.48497493,286.87,14.28,0.00,231.53,0,-83.00,-8.00,0.00,0.00,51.00,0.00,0,224
130.04,1564980559,1389.03,51.44001731,7.48480620,287.44,14.23,0.00,231.57,0,-85.00,-12.00,0.00,0.00,53.00,0.00,0,223
131.04,1564980560,1403.30,51.43994271,7.48465866,287.99,13.35,0.00,231.66,0,-85.00,-12.00,0.00,0.00,53.00,0.00,0,223
146.04,1564980575,1554.67,51.43920598,7.48277311,287.15,8.51,0.00,243.41,0,-125.00,-14.00,0.00,0.00,18.00,0.00,0,72
147.04,1564980576,1563.18,51.43916795,7.48263792,286.75,9.36,0.00,245.03,0,-125.00,-14.00,0.00,0.00,18.00,0.00,0,72
148.05,1564980577,1572.62,51.43912951,7.48249011,285.76,9.89,0.00,246.05,0,-128.00,-15.00,0.00,0.00,16.00,0.00,0,72
149.04,1564980578,1582.43,51.43908295,7.48232759,285.08,11.34,0.00,244.85,0,-128.00,-15.00,0.00,0.00,16.00,0.00,0,72
150.04,1564980579,1593.77,51.43903781,7.48217275,284.63,11.20,0.00,245.49,0,-128.00,-15.00,0.00,0.00,16.00,0.00,0,72
151.04,1564980580,1604.97,51.43899082,7.48200785,284.66,12.15,0.00,245.16,0,-128.00,-15.00,0.00,0.00,16.00,0.00,0,72
152.04,1564980581,1617.12,51.43894095,7.48184252,284.24,12.34,0.00,244.65,0,-128.00,-15.00,0.00,0.00,16.00,0.00,0,72
153.04,1564980582,1629.46,51.43889041,7.48168629,283.61,12.37,0.00,243.14,0,-128.00,-15.00,0.00,0.00,16.00,0.00,0,72
154.04,1564980583,1641.83,51.43883785,7.48152974,283.67,12.37,0.00,243.68,0,-128.00,-15.00,0.00,0.00,16.00,0.00,0,72
163.04,1564980592,1756.25,51.43830786,7.48000580,279.09,12.74,0.00,241.63,0,-109.00,-14.00,0.00,0.00,32.00,0.00,0,38
164.04,1564980593,1769.00,51.43824497,7.47983334,278.77,13.33,0.00,240.81,0,-109.00,-14.00,0.00,0.00,32.00,0.00,0,38
165.04,1564980594,1782.36,51.43818678,7.47966548,278.99,12.76,0.00,239.96,0,-109.00,-12.00,0.00,0.00,30.00,0.00,0,38
165.04,1564980594,1782.36,51.43818678,7.47966548,278.99,12.76,0.00,239.96,0,-111.00,-15.00,0.00,0.00,29.00,0.00,0,99
165.04,1564980594,1782.37,51.43818678,7.47966548,278.99,12.76,0.00,239.96,0,-114.00,-13.00,0.00,0.00,24.00,0.00,0,395
166.04,1564980595,1795.10,51.43813357,7.47951727,279.55,12.18,0.00,240.70,0,-109.00,-12.00,0.00,0.00,30.00,0.00,0,38
166.04,1564980595,1795.12,51.43813357,7.47951727,279.55,12.18,0.00,240.70,0,-111.00,-15.00,0.00,0.00,29.00,0.00,0,99
166.04,1564980595,1795.13,51.43813357,7.47951727,279.55,12.18,0.00,240.70,0,-114.00,-13.00,0.00,0.00,24.00,0.00,0,395
167.04,1564980596,1807.30,51.43808046,7.47938007,280.21,11.93,0.00,241.44,0,-106.00,-7.00,0.00,0.00,27.00,0.00,0,38
167.04,1564980596,1807.31,51.43808046,7.47938007,280.21,11.93,0.00,241.44,0,-111.00,-10.00,0.00,0.00,24.00,0.00,0,70
167.04,1564980596,1807.32,51.43808046,7.47938007,280.21,11.93,0.00,241.44,0,-115.00,-14.00,0.00,0.00,25.00,0.00,0,395
168.04,1564980597,1819.23,51.43802742,7.47922050,280.76,12.19,0.00,242.29,0,-106.00,-7.00,0.00,0.00,27.00,0.00,0,38
168.04,1564980597,1819.24,51.43802742,7.47922050,280.76,12.19,0.00,242.29,0,-111.00,-10.00,0.00,0.00,24.00,0.00,0,70
168.04,1564980597,1819.24,51.43802742,7.47922050,280.76,12.19,0.00,242.29,0,-115.00,-14.00,0.00,0.00,25.00,0.00,0,395
169.05,1564980598,1831.53,51.43797971,7.47907445,281.37,11.70,0.00,243.49,0,-104.00,-15.00,0.00,0.00,36.00,0.00,0,71
169.05,1564980599,1831.54,51.43797971,7.47907445,281.37,11.70,0.00,243.49,0,-105.00,-16.00,0.00,0.00,36.00,0.00,0,457
169.05,1564980599,1831.55,51.43797971,7.47907445,281.37,11.70,0.00,243.49,0,-107.00,-18.00,0.00,0.00,36.00,0.00,0,167
169.05,1564980599,1831.55,51.43797971,7.47907445,281.37,11.70,0.00,243.49,0,-112.00,-11.00,0.00,0.00,26.00,0.00,0,38
169.05,1564980599,1831.56,51.43797971,7.47907445,281.37,11.70,0.00,243.49,0,-113.00,-10.00,0.00,0.00,23.00,0.00,0,70
169.06,1564980599,1831.58,51.43797971,7.47907445,281.37,11.70,0.00,243.49,0,-113.00,-13.00,0.00,0.00,26.00,0.00,0,224
170.04,1564980599,1843.14,51.43793374,7.47891449,281.55,12.22,0.00,244.94,0,-104.00,-15.00,0.00,0.00,36.00,0.00,0,71
170.04,1564980599,1843.15,51.43793374,7.47891449,281.55,12.22,0.00,244.94,0,-105.00,-16.00,0.00,0.00,36.00,0.00,0,457
170.04,1564980599,1843.15,51.43793374,7.47891449,281.55,12.22,0.00,244.94,0,-107.00,-18.00,0.00,0.00,36.00,0.00,0,167
170.04,1564980599,1843.16,51.43793374,7.47891449,281.55,12.22,0.00,244.94,0,-112.00,-11.00,0.00,0.00,26.00,0.00,0,38
170.05,1564980599,1843.17,51.43793374,7.47891449,281.55,12.22,0.00,244.94,0,-113.00,-10.00,0.00,0.00,23.00,0.00,0,70
170.05,1564980599,1843.17,51.43793374,7.47891449,281.55,12.22,0.00,244.94,0,-113.00,-13.00,0.00,0.00,26.00,0.00,0,224
171.04,1564980600,1855.37,51.43788971,7.47876785,281.25,11.57,0.00,245.49,0,-104.00,-15.00,0.00,0.00,36.00,0.00,0,71
171.04,1564980600,1855.37,51.43788971,7.47876785,281.25,11.57,0.00,245.49,0,-105.00,-16.00,0.00,0.00,36.00,0.00,0,457
171.04,1564980600,1855.38,51.43788971,7.47876785,281.25,11.57,0.00,245.49,0,-107.00,-18.00,0.00,0.00,36.00,0.00,0,167
171.05,1564980600,1855.39,51.43788971,7.47876785,281.25,11.57,0.00,245.49,0,-112.00,-11.00,0.00,0.00,26.00,0.00,0,38
171.05,1564980600,1855.39,51.43788971,7.47876785,281.25,11.57,0.00,245.49,0,-113.00,-10.00,0.00,0.00,23.00,0.00,0,70
171.05,1564980600,1855.41,51.43788971,7.47876785,281.25,11.57,0.00,245.49,0,-113.00,-13.00,0.00,0.00,26.00,0.00,0,224
172.04,1564980601,1866.90,51.43784272,7.47861781,281.62,10.21,0.00,244.28,0,-104.00,-14.00,0.00,0.00,36.00,0.00,0,71
172.04,1564980601,1866.91,51.43784272,7.47861781,281.62,10.21,0.00,244.28,0,-106.00,-18.00,0.00,0.00,37.00,0.00,0,456
173.04,1564980602,1877.11,51.43779405,7.47846941,282.27,10.81,0.00,243.28,0,-104.00,-14.00,0.00,0.00,36.00,0.00,0,71
173.04,1564980602,1877.12,51.43779405,7.47846941,282.27,10.81,0.00,243.28,0,-106.00,-18.00,0.00,0.00,37.00,0.00,0,456
174.04,1564980603,1887.93,51.43774347,7.47832035,282.79,11.45,0.00,243.38,0,-108.00,-16.00,0.00,0.00,32.00,0.00,0,71
174.04,1564980603,1887.94,51.43774347,7.47832035,282.79,11.45,0.00,243.38,0,-110.00,-16.00,0.00,0.00,32.00,0.00,0,341
174.04,1564980603,1887.96,51.43774347,7.47832035,282.79,11.45,0.00,243.38,0,-110.00,-17.00,0.00,0.00,34.00,0.00,0,378
175.04,1564980604,1899.37,51.43768858,7.47816347,282.97,11.83,0.00,242.96,0,-108.00,-16.00,0.00,0.00,32.00,0.00,0,71
175.04,1564980604,1899.38,51.43768858,7.47816347,282.97,11.83,0.00,242.96,0,-110.00,-16.00,0.00,0.00,32.00,0.00,0,341
175.04,1564980604,1899.39,51.43768858,7.47816347,282.97,11.83,0.00,242.96,0,-110.00,-17.00,0.00,0.00,34.00,0.00,0,378
176.04,1564980605,1911.23,51.43763562,7.47800462,283.55,11.89,0.00,243.33,0,-107.00,-15.00,0.00,0.00,33.00,0.00,0,71
176.04,1564980605,1911.23,51.43763562,7.47800462,283.55,11.89,0.00,243.33,0,-108.00,-16.00,0.00,0.00,34.00,0.00,0,65
176.04,1564980605,1911.24,51.43763562,7.47800462,283.55,11.89,0.00,243.33,0,-108.00,-16.00,0.00,0.00,34.00,0.00,0,456
177.04,1564980606,1923.11,51.43758534,7.47784696,283.46,11.97,0.00,244.57,0,-107.00,-15.00,0.00,0.00,33.00,0.00,0,71
177.04,1564980606,1923.12,51.43758534,7.47784696,283.46,11.97,0.00,244.57,0,-108.00,-16.00,0.00,0.00,34.00,0.00,0,65
177.04,1564980606,1923.13,51.43758534,7.47784696,283.46,11.97,0.00,244.57,0,-108.00,-16.00,0.00,0.00,34.00,0.00,0,456
178.04,1564980607,1935.09,51.43754025,7.47770594,282.95,10.89,0.00,243.86,0,-110.00,-16.00,0.00,0.00,32.00,0.00,0,135
178.04,1564980607,1935.09,51.43754025,7.47770594,282.95,10.89,0.00,243.86,0,-110.00,-17.00,0.00,0.00,33.00,0.00,0,213
178.04,1564980607,1935.10,51.43754025,7.47770594,282.95,10.89,0.00,243.86,0,-110.00,-17.00,0.00,0.00,32.00,0.00,0,341
179.04,1564980608,1945.97,51.43748923,7.47755514,282.24,11.37,0.00,242.92,0,-110.00,-16.00,0.00,0.00,32.00,0.00,0,135
179.04,1564980608,1945.97,51.43748923,7.47755514,282.24,11.37,0.00,242.92,0,-110.00,-17.00,0.00,0.00,33.00,0.00,0,213
179.04,1564980608,1945.98,51.43748923,7.47755514,282.24,11.37,0.00,242.92,0,-110.00,-17.00,0.00,0.00,32.00,0.00,0,341
180.04,1564980609,1957.34,51.43743480,7.47740101,281.75,12.21,0.00,242.46,0,-105.00,-14.00,0.00,0.00,35.00,0.00,0,213
180.04,1564980609,1957.36,51.43743480,7.47740101,281.75,12.21,0.00,242.46,0,-105.00,-15.00,0.00,0.00,35.00,0.00,0,71
180.04,1564980609,1957.37,51.43743480,7.47740101,281.75,12.21,0.00,242.46,0,-108.00,-16.00,0.00,0.00,34.00,0.00,0,401
181.04,1564980610,1969.55,51.43738444,7.47724346,281.79,11.68,0.00,244.25,0,-105.00,-14.00,0.00,0.00,35.00,0.00,0,213
181.04,1564980610,1969.57,51.43738444,7.47724346,281.79,11.68,0.00,244.25,0,-105.00,-15.00,0.00,0.00,35.00,0.00,0,71
181.04,1564980610,1969.57,51.43738444,7.47724346,281.79,11.68,0.00,244.25,0,-108.00,-16.00,0.00,0.00,34.00,0.00,0,401
186.05,1564980616,2026.99,51.43724304,7.47644828,282.07,10.58,0.00,283.85,0,-113.00,-11.00,0.00,0.00,23.00,0.00,0,224
186.05,1564980616,2026.99,51.43724304,7.47644828,282.07,10.58,0.00,283.85,0,-118.00,-14.00,0.00,0.00,23.00,0.00,0,38
187.05,1564980617,2037.57,51.43727475,7.47632161,283.21,9.45,0.00,299.16,0,-113.00,-11.00,0.00,0.00,23.00,0.00,0,224
187.05,1564980617,2037.58,51.43727475,7.47632161,283.21,9.45,0.00,299.16,0,-118.00,-14.00,0.00,0.00,23.00,0.00,0,38
188.05,1564980618,2047.02,51.43733645,7.47623276,284.23,9.04,0.00,327.30,0,-112.00,-8.00,0.00,0.00,23.00,0.00,0,70
189.05,1564980619,2056.06,51.43740167,7.47616454,284.68,8.56,0.00,331.31,0,-112.00,-8.00,0.00,0.00,23.00,0.00,0,70
218.05,1564980648,2625.37,51.44061548,7.48267936,284.94,24.59,0.00,41.34,0,-127.00,-16.00,0.00,0.00,18.00,0.00,0,37
218.05,1564980648,2625.40,51.44061548,7.48267936,284.94,24.59,0.00,41.34,0,-130.00,-18.00,0.00,0.00,18.00,0.00,0,167
219.05,1564980649,2649.96,51.44078757,7.48290381,284.32,24.75,0.00,39.25,0,-127.00,-16.00,0.00,0.00,18.00,0.00,0,37
219.05,1564980649,2649.96,51.44078757,7.48290381,284.32,24.75,0.00,39.25,0,-130.00,-18.00,0.00,0.00,18.00,0.00,0,167
230.05,1564980660,2925.19,51.44286726,7.48493004,277.11,24.97,0.00,23.90,0,-80.00,-10.00,0.00,0.00,55.00,0.00,0,222
231.05,1564980661,2950.14,51.44307464,7.48508020,276.10,24.99,0.00,23.37,0,-80.00,-10.00,0.00,0.00,55.00,0.00,0,222
232.06,1564980662,2975.33,51.44328222,7.48522134,275.06,25.17,0.00,22.81,0,-81.00,-9.00,0.00,0.00,54.00,0.00,0,222
233.05,1564980663,3000.30,51.44348379,7.48535645,274.18,24.39,0.00,23.00,0,-81.00,-9.00,0.00,0.00,54.00,0.00,0,222
234.05,1564980664,3024.69,51.44367348,7.48548416,273.29,22.55,0.00,22.71,0,-81.00,-9.00,0.00,0.00,54.00,0.00,0,222
268.05,1564980698,3612.46,51.44369268,7.48284371,264.29,26.28,0.00,267.29,0,-129.00,-17.00,0.00,0.00,17.00,0.00,0,36
268.06,1564980698,3612.49,51.44369268,7.48284371,264.29,26.28,0.00,267.29,0,-131.00,-19.00,0.00,0.00,17.00,0.00,0,388
268.06,1564980698,3612.49,51.44369268,7.48284371,264.29,26.28,0.00,267.29,0,-133.00,-22.00,0.00,0.00,17.00,0.00,0,217
269.05,1564980699,3638.71,51.44367984,7.48245524,264.23,26.78,0.00,267.59,0,-129.00,-17.00,0.00,0.00,17.00,0.00,0,36
269.05,1564980699,3638.74,51.44367984,7.48245524,264.23,26.78,0.00,267.59,0,-131.00,-19.00,0.00,0.00,17.00,0.00,0,388
269.06,1564980699,3638.76,51.44367984,7.48245524,264.23,26.78,0.00,267.59,0,-133.00,-22.00,0.00,0.00,17.00,0.00,0,217
270.05,1564980700,3665.47,51.44366774,7.48205849,264.27,27.39,0.00,267.28,0,-129.00,-17.00,0.00,0.00,17.00,0.00,0,36
271.05,1564980701,3692.86,51.44365696,7.48167196,264.23,28.05,0.00,266.70,0,-129.00,-17.00,0.00,0.00,17.00,0.00,0,36
272.05,1564980702,3720.93,51.44364411,7.48127598,264.24,28.54,0.00,266.39,0,-88.00,-6.00,0.00,0.00,44.00,0.00,0,224
272.05,1564980702,3720.96,51.44364411,7.48127598,264.24,28.54,0.00,266.39,0,-128.00,-17.00,0.00,0.00,18.00,0.00,0,36
273.05,1564980703,3749.47,51.44362439,7.48087257,264.30,29.31,0.00,265.69,0,-88.00,-6.00,0.00,0.00,44.00,0.00,0,224
273.05,1564980703,3749.50,51.44362439,7.48087257,264.30,29.31,0.00,265.69,0,-128.00,-17.00,0.00,0.00,18.00,0.00,0,36
274.06,1564980704,3779.11,51.44360433,7.48043919,263.91,29.81,0.00,264.87,0,-98.00,-13.00,0.00,0.00,40.00,0.00,0,222
274.06,1564980704,3779.14,51.44360433,7.48043919,263.91,29.81,0.00,264.87,0,-137.00,-22.00,0.00,0.00,16.00,0.00,0,232
274.06,1564980704,3779.14,51.44360433,7.48043919,263.91,29.81,0.00,264.87,0,-127.00,-15.00,0.00,0.00,18.00,0.00,0,456
274.07,1564980704,3779.17,51.44360433,7.48043919,263.91,29.81,0.00,264.87,0,-130.00,-19.00,0.00,0.00,18.00,0.00,0,36
274.07,1564980704,3779.19,51.44360433,7.48043919,263.91,29.81,0.00,264.87,0,-131.00,-20.00,0.00,0.00,18.00,0.00,0,19
275.06,1564980705,3808.64,51.44357476,7.48000375,263.56,30.33,0.00,263.94,0,-98.00,-13.00,0.00,0.00,40.00,0.00,0,222
275.06,1564980705,3808.64,51.44357476,7.48000375,263.56,30.33,0.00,263.94,0,-137.00,-22.00,0.00,0.00,16.00,0.00,0,232
275.06,1564980705,3808.67,51.44357476,7.48000375,263.56,30.33,0.00,263.94,0,-127.00,-15.00,0.00,0.00,18.00,0.00,0,456
275.06,1564980705,3808.70,51.44357476,7.48000375,263.56,30.33,0.00,263.94,0,-130.00,-19.00,0.00,0.00,18.00,0.00,0,36
275.06,1564980705,3808.73,51.44357476,7.48000375,263.56,30.33,0.00,263.94,0,-131.00,-20.00,0.00,0.00,18.00,0.00,0,19
276.06,1564980706,3838.98,51.44354464,7.47957259,263.36,30.08,0.00,263.22,0,-98.00,-13.00,0.00,0.00,40.00,0.00,0,222
276.06,1564980706,3838.98,51.44354464,7.47957259,263.36,30.08,0.00,263.22,0,-137.00,-22.00,0.00,0.00,16.00,0.00,0,232
276.06,1564980706,3839.01,51.44354464,7.47957259,263.36,30.08,0.00,263.22,0,-127.00,-15.00,0.00,0.00,18.00,0.00,0,456
276.06,1564980706,3839.04,51.44354464,7.47957259,263.36,30.08,0.00,263.22,0,-130.00,-19.00,0.00,0.00,18.00,0.00,0,36
276.06,1564980706,3839.07,51.44354464,7.47957259,263.36,30.08,0.00,263.22,0,-131.00,-20.00,0.00,0.00,18.00,0.00,0,19
289.05,1564980719,4226.63,51.44302492,7.47405038,258.42,30.15,0.00,259.19,0,-102.00,-7.00,0.00,0.00,31.00,0.00,0,397
290.05,1564980720,4256.81,51.44297056,7.47362839,257.80,30.49,0.00,258.88,0,-102.00,-7.00,0.00,0.00,31.00,0.00,0,397
291.05,1564980721,4287.26,51.44291573,7.47319634,257.13,30.56,0.00,259.19,0,-101.00,-7.00,0.00,0.00,32.00,0.00,0,224
292.05,1564980722,4317.82,51.44286084,7.47276263,256.55,30.82,0.00,258.84,0,-101.00,-7.00,0.00,0.00,32.00,0.00,0,224
293.05,1564980723,4348.64,51.44280585,7.47232635,255.87,31.00,0.00,258.81,0,-107.00,-7.00,0.00,0.00,26.00,0.00,0,224
294.05,1564980724,4379.65,51.44275146,7.47189039,255.15,30.96,0.00,259.09,0,-107.00,-7.00,0.00,0.00,26.00,0.00,0,224
295.06,1564980725,4410.85,51.44269751,7.47146100,254.34,30.76,0.00,258.95,0,-108.00,-7.00,0.00,0.00,25.00,0.00,0,224
296.05,1564980726,4441.37,51.44264491,7.47103541,253.28,30.58,0.00,258.87,0,-108.00,-7.00,0.00,0.00,25.00,0.00,0,224
297.05,1564980727,4471.95,51.44259212,7.47060655,252.14,30.73,0.00,258.25,0,-108.00,-7.00,0.00,0.00,25.00,0.00,0,224
298.05,1564980728,4502.71,51.44253452,7.47017380,251.02,30.86,0.00,258.06,0,-109.00,-10.00,0.00,0.00,27.00,0.00,0,224
298.05,1564980728,4502.74,51.44253452,7.47017380,251.02,30.86,0.00,258.06,0,-115.00,-16.00,0.00,0.00,27.00,0.00,0,72
299.05,1564980729,4533.54,51.44247778,7.46974504,249.89,30.64,0.00,257.96,0,-109.00,-10.00,0.00,0.00,27.00,0.00,0,224
299.05,1564980729,4533.57,51.44247778,7.46974504,249.89,30.64,0.00,257.96,0,-115.00,-16.00,0.00,0.00,27.00,0.00,0,72
300.05,1564980730,4564.21,51.44242179,7.46932116,248.93,30.79,0.00,257.46,0,-110.00,-9.00,0.00,0.00,24.00,0.00,0,224
300.05,1564980730,4564.24,51.44242179,7.46932116,248.93,30.79,0.00,257.46,0,-114.00,-12.00,0.00,0.00,24.00,0.00,0,72
300.05,1564980730,4564.24,51.44242179,7.46932116,248.93,30.79,0.00,257.46,0,-117.00,-14.00,0.00,0.00,22.00,0.00,0,157
301.07,1564980731,4595.46,51.44236428,7.46889363,248.18,30.78,0.00,257.89,0,-110.00,-9.00,0.00,0.00,24.00,0.00,0,224
301.07,1564980731,4595.49,51.44236428,7.46889363,248.18,30.78,0.00,257.89,0,-114.00,-12.00,0.00,0.00,24.00,0.00,0,72
301.07,1564980731,4595.52,51.44236428,7.46889363,248.18,30.78,0.00,257.89,0,-117.00,-14.00,0.00,0.00,22.00,0.00,0,157
302.05,1564980732,4625.75,51.44230725,7.46845991,247.36,30.72,0.00,258.24,0,-110.00,-8.00,0.00,0.00,24.00,0.00,0,224
302.05,1564980732,4625.78,51.44230725,7.46845991,247.36,30.72,0.00,258.24,0,-117.00,-13.00,0.00,0.00,22.00,0.00,0,397
303.05,1564980733,4656.50,51.44224986,7.46802478,246.68,30.75,0.00,258.53,0,-110.00,-8.00,0.00,0.00,24.00,0.00,0,224
303.05,1564980733,4656.53,51.44224986,7.46802478,246.68,30.75,0.00,258.53,0,-117.00,-13.00,0.00,0.00,22.00,0.00,0,397
306.05,1564980736,4748.51,51.44209093,7.46673948,244.46,30.38,0.00,259.59,0,-108.00,-16.00,0.00,0.00,33.00,0.00,0,229
307.05,1564980737,4778.89,51.44204151,7.46630952,243.68,29.95,0.00,260.02,0,-108.00,-16.00,0.00,0.00,33.00,0.00,0,229
308.05,1564980738,4808.81,51.44199236,7.46588715,243.02,29.88,0.00,260.05,0,-104.00,-15.00,0.00,0.00,36.00,0.00,0,229
308.05,1564980738,4808.84,51.44199236,7.46588715,243.02,29.88,0.00,260.05,0,-105.00,-13.00,0.00,0.00,33.00,0.00,0,357
309.05,1564980739,4838.72,51.44194896,7.46545750,242.46,30.18,0.00,260.51,0,-104.00,-15.00,0.00,0.00,36.00,0.00,0,229
309.05,1564980739,4838.75,51.44194896,7.46545750,242.46,30.18,0.00,260.51,0,-105.00,-13.00,0.00,0.00,33.00,0.00,0,357
310.05,1564980740,4868.87,51.44190577,7.46502872,242.03,30.15,0.00,261.24,0,-104.00,-15.00,0.00,0.00,36.00,0.00,0,229
310.05,1564980740,4868.90,51.44190577,7.46502872,242.03,30.15,0.00,261.24,0,-104.00,-14.00,0.00,0.00,35.00,0.00,0,357
311.05,1564980741,4899.05,51.44186391,7.46459959,241.54,30.13,0.00,261.41,0,-104.00,-15.00,0.00,0.00,36.00,0.00,0,229
311.05,1564980741,4899.08,51.44186391,7.46459959,241.54,30.13,0.00,261.41,0,-104.00,-14.00,0.00,0.00,35.00,0.00,0,357
312.06,1564980742,4929.27,51.44183006,7.46416499,240.88,30.21,0.00,262.13,0,-105.00,-14.00,0.00,0.00,34.00,0.00,0,229
312.06,1564980742,4929.27,51.44183006,7.46416499,240.88,30.21,0.00,262.13,0,-106.00,-15.00,0.00,0.00,34.00,0.00,0,269
312.06,1564980742,4929.30,51.44183006,7.46416499,240.88,30.21,0.00,262.13,0,-107.00,-14.00,0.00,0.00,33.00,0.00,0,357
312.06,1564980742,4929.33,51.44183006,7.46416499,240.88,30.21,0.00,262.13,0,-109.00,-10.00,0.00,0.00,26.00,0.00,0,118
312.06,1564980742,4929.36,51.44183006,7.46416499,240.88,30.21,0.00,262.13,0,-112.00,-11.00,0.00,0.00,26.00,0.00,0,72
312.06,1564980742,4929.36,51.44183006,7.46416499,240.88,30.21,0.00,262.13,0,-112.00,-12.00,0.00,0.00,26.00,0.00,0,157
313.06,1564980743,4959.45,51.44179860,7.46373826,240.08,30.23,0.00,263.11,0,-105.00,-14.00,0.00,0.00,34.00,0.00,0,229
313.06,1564980743,4959.48,51.44179860,7.46373826,240.08,30.23,0.00,263.11,0,-106.00,-15.00,0.00,0.00,34.00,0.00,0,269
313.06,1564980743,4959.51,51.44179860,7.46373826,240.08,30.23,0.00,263.11,0,-107.00,-14.00,0.00,0.00,33.00,0.00,0,357
313.06,1564980743,4959.54,51.44179860,7.46373826,240.08,30.23,0.00,263.11,0,-109.00,-10.00,0.00,0.00,26.00,0.00,0,118
313.06,1564980743,4959.54,51.44179860,7.46373826,240.08,30.23,0.00,263.11,0,-112.00,-11.00,0.00,0.00,26.00,0.00,0,72
313.06,1564980743,4959.57,51.44179860,7.46373826,240.08,30.23,0.00,263.11,0,-112.00,-12.00,0.00,0.00,26.00,0.00,0,157
314.06,1564980744,4989.68,51.44177219,7.46330124,239.27,30.28,0.00,263.57,0,-102.00,-12.00,0.00,0.00,35.00,0.00,0,269
314.06,1564980744,4989.71,51.44177219,7.46330124,239.27,30.28,0.00,263.57,0,-104.00,-14.00,0.00,0.00,35.00,0.00,0,229
314.06,1564980744,4989.74,51.44177219,7.46330124,239.27,30.28,0.00,263.57,0,-107.00,-12.00,0.00,0.00,30.00,0.00,0,144
314.06,1564980744,4989.77,51.44177219,7.46330124,239.27,30.28,0.00,263.57,0,-110.00,-9.00,0.00,0.00,26.00,0.00,0,118
314.06,1564980744,4989.77,51.44177219,7.46330124,239.27,30.28,0.00,263.57,0,-112.00,-10.00,0.00,0.00,24.00,0.00,0,72
314.06,1564980744,4989.80,51.44177219,7.46330124,239.27,30.28,0.00,263.57,0,-115.00,-14.00,0.00,0.00,25.00,0.00,0,157
315.06,1564980745,5019.97,51.44174556,7.46286252,238.52,29.99,0.00,263.76,0,-102.00,-12.00,0.00,0.00,35.00,0.00,0,269
315.06,1564980745,5020.00,51.44174556,7.46286252,238.52,29.99,0.00,263.76,0,-104.00,-14.00,0.00,0.00,35.00,0.00,0,229
315.06,1564980745,5020.03,51.44174556,7.46286252,238.52,29.99,0.00,263.76,0,-107.00,-12.00,0.00,0.00,30.00,0.00,0,144
315.06,1564980745,5020.03,51.44174556,7.46286252,238.52,29.99,0.00,263.76,0,-110.00,-9.00,0.00,0.00,26.00,0.00,0,118
315.06,1564980745,5020.06,51.44174556,7.46286252,238.52,29.99,0.00,263.76,0,-112.00,-10.00,0.00,0.00,24.00,0.00,0,72
315.06,1564980745,5020.09,51.44174556,7.46286252,238.52,29.99,0.00,263.76,0,-115.00,-14.00,0.00,0.00,25.00,0.00,0,157
316.06,1564980746,5050.20,51.44172375,7.46243144,237.87,29.89,0.00,264.59,0,-99.00,-12.00,0.00,0.00,38.00,0.00,0,269
316.06,1564980746,5050.20,51.44172375,7.46243144,237.87,29.89,0.00,264.59,0,-101.00,-13.00,0.00,0.00,38.00,0.00,0,229
316.06,1564980746,5050.23,51.44172375,7.46243144,237.87,29.89,0.00,264.59,0,-105.00,-16.00,0.00,0.00,37.00,0.00,0,37
317.05,1564980747,5079.82,51.44169883,7.46200273,237.60,29.79,0.00,264.76,0,-99.00,-12.00,0.00,0.00,38.00,0.00,0,269
317.06,1564980747,5079.85,51.44169883,7.46200273,237.60,29.79,0.00,264.76,0,-101.00,-13.00,0.00,0.00,38.00,0.00,0,229
317.06,1564980747,5079.85,51.44169883,7.46200273,237.60,29.79,0.00,264.76,0,-105.00,-16.00,0.00,0.00,37.00,0.00,0,37
318.05,1564980748,5109.59,51.44167684,7.46157978,237.34,29.75,0.00,264.99,0,-99.00,-12.00,0.00,0.00,38.00,0.00,0,269
318.05,1564980748,5109.62,51.44167684,7.46157978,237.34,29.75,0.00,264.99,0,-101.00,-13.00,0.00,0.00,38.00,0.00,0,229
318.06,1564980748,5109.65,51.44167684,7.46157978,237.34,29.75,0.00,264.99,0,-105.00,-16.00,0.00,0.00,37.00,0.00,0,37
319.05,1564980749,5139.34,51.44165837,7.46115034,237.22,29.95,0.00,266.01,0,-95.00,-11.00,0.00,0.00,41.00,0.00,0,269
319.05,1564980749,5139.37,51.44165837,7.46115034,237.22,29.95,0.00,266.01,0,-100.00,-15.00,0.00,0.00,40.00,0.00,0,229
320.05,1564980750,5169.29,51.44163991,7.46071915,237.20,29.83,0.00,266.28,0,-95.00,-11.00,0.00,0.00,41.00,0.00,0,269
320.05,1564980750,5169.32,51.44163991,7.46071915,237.20,29.83,0.00,266.28,0,-100.00,-15.00,0.00,0.00,40.00,0.00,0,229
321.05,1564980751,5199.11,51.44162235,7.46029367,237.27,28.86,0.00,266.18,0,-93.00,-10.00,0.00,0.00,42.00,0.00,0,269
321.05,1564980751,5199.14,51.44162235,7.46029367,237.27,28.86,0.00,266.18,0,-98.00,-14.00,0.00,0.00,41.00,0.00,0,229
322.05,1564980752,5227.97,51.44161299,7.45986645,237.27,29.21,0.00,267.60,0,-93.00,-10.00,0.00,0.00,42.00,0.00,0,269
322.05,1564980752,5228.00,51.44161299,7.45986645,237.27,29.21,0.00,267.60,0,-98.00,-14.00,0.00,0.00,41.00,0.00,0,229
323.05,1564980753,5257.17,51.44160177,7.45945568,237.18,29.30,0.00,268.18,0,-96.00,-14.00,0.00,0.00,44.00,0.00,0,268
323.05,1564980753,5257.20,51.44160177,7.45945568,237.18,29.30,0.00,268.18,0,-104.00,-8.00,0.00,0.00,30.00,0.00,0,72
323.06,1564980753,5257.23,51.44160177,7.45945568,237.18,29.30,0.00,268.18,0,-104.00,-12.00,0.00,0.00,29.00,0.00,0,224
324.05,1564980754,5286.47,51.44159083,7.45904290,236.97,29.38,0.00,267.96,0,-96.00,-14.00,0.00,0.00,44.00,0.00,0,268
324.05,1564980754,5286.50,51.44159083,7.45904290,236.97,29.38,0.00,267.96,0,-104.00,-8.00,0.00,0.00,30.00,0.00,0,72
324.06,1564980754,5286.53,51.44159083,7.45904290,236.97,29.38,0.00,267.96,0,-104.00,-12.00,0.00,0.00,29.00,0.00,0,224
325.05,1564980755,5315.82,51.44157854,7.45862929,236.51,29.17,0.00,267.18,0,-97.00,-6.00,0.00,0.00,35.00,0.00,0,72
326.05,1564980756,5345.00,51.44156673,7.45821169,236.00,29.11,0.00,268.10,0,-97.00,-6.00,0.00,0.00,35.00,0.00,0,72
327.05,1564980757,5374.13,51.44155469,7.45778904,235.45,29.53,0.00,268.14,0,-90.00,-11.00,0.00,0.00,46.00,0.00,0,144
327.05,1564980757,5374.16,51.44155469,7.45778904,235.45,29.53,0.00,268.14,0,-96.00,-16.00,0.00,0.00,46.00,0.00,0,145
327.06,1564980757,5374.19,51.44155469,7.45778904,235.45,29.53,0.00,268.14,0,-88.00,-4.00,0.00,0.00,44.00,0.00,0,72
328.05,1564980758,5403.69,51.44154694,7.45735858,234.97,30.13,0.00,268.85,0,-90.00,-11.00,0.00,0.00,46.00,0.00,0,144
328.05,1564980758,5403.69,51.44154694,7.45735858,234.97,30.13,0.00,268.85,0,-96.00,-16.00,0.00,0.00,46.00,0.00,0,145
328.06,1564980758,5403.72,51.44154694,7.45735858,234.97,30.13,0.00,268.85,0,-88.00,-4.00,0.00,0.00,44.00,0.00,0,72
329.05,1564980758,5433.61,51.44154118,7.45692411,234.51,30.78,0.00,269.46,0,-93.00,-9.00,0.00,0.00,43.00,0.00,0,269
330.05,1564980760,5464.54,51.44153938,7.45647654,234.12,31.46,0.00,269.97,0,-93.00,-9.00,0.00,0.00,43.00,0.00,0,269
331.05,1564980761,5496.04,51.44154011,7.45601873,233.62,32.09,0.00,270.38,0,-92.00,-9.00,0.00,0.00,43.00,0.00,0,269
332.05,1564980762,5528.13,51.44154573,7.45555363,233.20,32.68,0.00,271.24,0,-92.00,-9.00,0.00,0.00,43.00,0.00,0,269
333.05,1564980763,5560.85,51.44155291,7.45508269,232.91,33.29,0.00,272.08,0,-88.00,-8.00,0.00,0.00,46.00,0.00,0,269
334.05,1564980764,5594.07,51.44156779,7.45461211,232.48,33.75,0.00,272.92,0,-88.00,-8.00,0.00,0.00,46.00,0.00,0,269
335.05,1564980765,5627.86,51.44158331,7.45411894,232.08,34.09,0.00,273.50,0,-91.00,-12.00,0.00,0.00,46.00,0.00,0,269
335.05,1564980765,5627.89,51.44158331,7.45411894,232.08,34.09,0.00,273.50,0,-94.00,-10.00,0.00,0.00,40.00,0.00,0,224
336.05,1564980766,5661.92,51.44160104,7.45363472,231.57,34.11,0.00,273.34,0,-91.00,-12.00,0.00,0.00,46.00,0.00,0,269
336.05,1564980766,5661.95,51.44160104,7.45363472,231.57,34.11,0.00,273.34,0,-94.00,-10.00,0.00,0.00,40.00,0.00,0,224
361.05,1564980791,6537.93,51.44308779,7.44125719,224.62,38.03,0.00,286.83,0,-82.00,-9.00,0.00,0.00,52.00,0.00,0,74
361.06,1564980791,6538.01,51.44308779,7.44125719,224.62,38.03,0.00,286.83,0,-75.00,-11.00,0.00,0.00,63.00,0.00,0,146
362.05,1564980792,6575.96,51.44318785,7.44073628,224.07,37.46,0.00,287.22,0,-82.00,-9.00,0.00,0.00,52.00,0.00,0,74
362.05,1564980792,6575.99,51.44318785,7.44073628,224.07,37.46,0.00,287.22,0,-75.00,-11.00,0.00,0.00,63.00,0.00,0,146
379.06,1564980809,7217.72,51.44544294,7.43225383,209.90,36.81,0.00,301.07,0,-99.00,-12.00,0.00,0.00,43.00,0.00,0,70
380.05,1564980810,7254.27,51.44562140,7.43181209,208.53,37.18,0.00,302.57,0,-99.00,-12.00,0.00,0.00,43.00,0.00,0,70
381.05,1564980811,7291.45,51.44580657,7.43137722,207.26,36.84,0.00,304.07,0,-99.00,-12.00,0.00,0.00,43.00,0.00,0,70
392.05,1564980822,7689.69,51.44824759,7.42728406,192.11,37.55,0.00,321.00,0,-107.00,-9.00,0.00,0.00,28.00,0.00,0,312
392.05,1564980822,7689.73,51.44824759,7.42728406,192.11,37.55,0.00,321.00,0,-110.00,-12.00,0.00,0.00,27.00,0.00,0,40
393.05,1564980823,7727.25,51.44851495,7.42695867,190.30,38.31,0.00,322.91,0,-107.00,-9.00,0.00,0.00,28.00,0.00,0,312
393.05,1564980823,7727.25,51.44851495,7.42695867,190.30,38.31,0.00,322.91,0,-110.00,-12.00,0.00,0.00,27.00,0.00,0,40
394.05,1564980824,7765.55,51.44879658,7.42663166,188.62,38.65,0.00,324.13,0,-108.00,-9.00,0.00,0.00,26.00,0.00,0,312
394.05,1564980824,7765.59,51.44879658,7.42663166,188.62,38.65,0.00,324.13,0,-112.00,-12.00,0.00,0.00,26.00,0.00,0,40
395.05,1564980825,7804.21,51.44908784,7.42632003,187.03,39.07,0.00,326.61,0,-108.00,-9.00,0.00,0.00,26.00,0.00,0,312
395.05,1564980825,7804.25,51.44908784,7.42632003,187.03,39.07,0.00,326.61,0,-112.00,-12.00,0.00,0.00,26.00,0.00,0,40
398.05,1564980828,7921.94,51.44998862,7.42544950,182.26,39.43,0.00,330.70,0,-113.00,-12.00,0.00,0.00,25.00,0.00,0,74
399.05,1564980829,7961.34,51.45030246,7.42518418,180.78,39.89,0.00,332.69,0,-113.00,-12.00,0.00,0.00,25.00,0.00,0,74
405.05,1564980835,8202.01,51.45227527,7.42387623,170.79,40.42,0.00,341.45,0,-100.00,-11.00,0.00,0.00,36.00,0.00,0,179
405.05,1564980835,8202.05,51.45227527,7.42387623,170.79,40.42,0.00,341.45,0,-102.00,-11.00,0.00,0.00,34.00,0.00,0,119
405.06,1564980835,8202.09,51.45227527,7.42387623,170.79,40.42,0.00,341.45,0,-108.00,-16.00,0.00,0.00,34.00,0.00,0,458
406.06,1564980836,8242.51,51.45262861,7.42370134,169.72,40.33,0.00,343.22,0,-100.00,-11.00,0.00,0.00,36.00,0.00,0,179
406.06,1564980836,8242.51,51.45262861,7.42370134,169.72,40.33,0.00,343.22,0,-102.00,-11.00,0.00,0.00,34.00,0.00,0,119
406.06,1564980836,8242.55,51.45262861,7.42370134,169.72,40.33,0.00,343.22,0,-108.00,-16.00,0.00,0.00,34.00,0.00,0,458
407.05,1564980837,8282.77,51.45297388,7.42353162,168.57,40.74,0.00,343.57,0,-95.00,-8.00,0.00,0.00,39.00,0.00,0,119
407.05,1564980837,8282.81,51.45297388,7.42353162,168.57,40.74,0.00,343.57,0,-101.00,-13.00,0.00,0.00,40.00,0.00,0,84
407.06,1564980837,8282.85,51.45297388,7.42353162,168.57,40.74,0.00,343.57,0,-104.00,-17.00,0.00,0.00,37.00,0.00,0,452
408.05,1564980838,8323.50,51.45331674,7.42336709,167.33,40.64,0.00,343.64,0,-95.00,-8.00,0.00,0.00,39.00,0.00,0,119
408.05,1564980838,8323.54,51.45331674,7.42336709,167.33,40.64,0.00,343.64,0,-101.00,-13.00,0.00,0.00,40.00,0.00,0,84
408.06,1564980838,8323.58,51.45331674,7.42336709,167.33,40.64,0.00,343.64,0,-104.00,-17.00,0.00,0.00,37.00,0.00,0,452
411.05,1564980841,8445.10,51.45434415,7.42288444,163.66,40.17,0.00,343.80,0,-82.00,-6.00,0.00,0.00,49.00,0.00,0,40
411.05,1564980841,8445.14,51.45434415,7.42288444,163.66,40.17,0.00,343.80,0,-80.00,-7.00,0.00,0.00,56.00,0.00,0,70
412.05,1564980842,8485.23,51.45468911,7.42272513,162.74,40.10,0.00,343.69,0,-82.00,-6.00,0.00,0.00,49.00,0.00,0,40
412.05,1564980842,8485.27,51.45468911,7.42272513,162.74,40.10,0.00,343.69,0,-80.00,-7.00,0.00,0.00,56.00,0.00,0,70
413.05,1564980843,8525.36,51.45503308,7.42256604,161.87,40.00,0.00,343.28,0,-90.00,-9.00,0.00,0.00,45.00,0.00,0,40
413.05,1564980843,8525.40,51.45503308,7.42256604,161.87,40.00,0.00,343.28,0,-76.00,-6.00,0.00,0.00,60.00,0.00,0,70
414.05,1564980844,8565.32,51.45537917,7.42240228,161.09,40.04,0.00,342.57,0,-90.00,-9.00,0.00,0.00,45.00,0.00,0,40
414.05,1564980844,8565.36,51.45537917,7.42240228,161.09,40.04,0.00,342.57,0,-76.00,-6.00,0.00,0.00,60.00,0.00,0,70
415.05,1564980845,8605.37,51.45572102,7.42222517,160.40,40.13,0.00,341.62,0,-76.00,-8.00,0.00,0.00,60.00,0.00,0,70
416.05,1564980845,8645.45,51.45606441,7.42204473,159.74,40.14,0.00,340.80,0,-76.00,-8.00,0.00,0.00,60.00,0.00,0,70
417.05,1564980847,8685.63,51.45640444,7.42184581,159.20,40.19,0.00,339.70,0,-90.00,-11.00,0.00,0.00,47.00,0.00,0,40
417.05,1564980847,8685.67,51.45640444,7.42184581,159.20,40.19,0.00,339.70,0,-74.00,-6.00,0.00,0.00,61.00,0.00,0,70
418.05,1564980848,8725.86,51.45674222,7.42163897,158.73,40.21,0.00,338.66,0,-90.00,-11.00,0.00,0.00,47.00,0.00,0,40
418.05,1564980848,8725.90,51.45674222,7.42163897,158.73,40.21,0.00,338.66,0,-74.00,-6.00,0.00,0.00,61.00,0.00,0,70
421.06,1564980851,8846.88,51.45773291,7.42095559,157.33,40.20,0.00,334.89,0,-96.00,-14.00,0.00,0.00,45.00,0.00,0,40
421.06,1564980851,8846.88,51.45773291,7.42095559,157.33,40.20,0.00,334.89,0,-98.00,-17.00,0.00,0.00,45.00,0.00,0,39
421.06,1564980851,8846.88,51.45773291,7.42095559,157.33,40.20,0.00,334.89,0,-100.00,-19.00,0.00,0.00,45.00,0.00,0,179
421.06,1564980851,8846.92,51.45773291,7.42095559,157.33,40.20,0.00,334.89,0,-82.00,-9.00,0.00,0.00,57.00,0.00,0,70
422.05,1564980852,8886.88,51.45806726,7.42070084,156.88,40.36,0.00,333.81,0,-96.00,-14.00,0.00,0.00,45.00,0.00,0,40
422.06,1564980852,8886.92,51.45806726,7.42070084,156.88,40.36,0.00,333.81,0,-98.00,-17.00,0.00,0.00,45.00,0.00,0,39
422.06,1564980852,8886.96,51.45806726,7.42070084,156.88,40.36,0.00,333.81,0,-100.00,-19.00,0.00,0.00,45.00,0.00,0,179
422.06,1564980852,8887.00,51.45806726,7.42070084,156.88,40.36,0.00,333.81,0,-82.00,-9.00,0.00,0.00,57.00,0.00,0,70
423.05,1564980853,8927.24,51.45839870,7.42044127,156.31,40.25,0.00,332.98,0,-96.00,-14.00,0.00,0.00,45.00,0.00,0,40
423.06,1564980853,8927.28,51.45839870,7.42044127,156.31,40.25,0.00,332.98,0,-98.00,-17.00,0.00,0.00,45.00,0.00,0,39
423.06,1564980853,8927.32,51.45839870,7.42044127,156.31,40.25,0.00,332.98,0,-100.00,-19.00,0.00,0.00,45.00,0.00,0,179
423.06,1564980853,8927.32,51.45839870,7.42044127,156.31,40.25,0.00,332.98,0,-82.00,-9.00,0.00,0.00,57.00,0.00,0,70
424.05,1564980854,8967.45,51.45871802,7.42016197,155.76,40.36,0.00,331.47,0,-84.00,-12.00,0.00,0.00,57.00,0.00,0,69
424.05,1564980854,8967.45,51.45871802,7.42016197,155.76,40.36,0.00,331.47,0,-85.00,-12.00,0.00,0.00,57.00,0.00,0,70
425.05,1564980854,9007.57,51.45903034,7.41987598,155.13,39.96,0.00,330.02,0,-84.00,-12.00,0.00,0.00,57.00,0.00,0,69
425.05,1564980854,9007.57,51.45903034,7.41987598,155.13,39.96,0.00,330.02,0,-85.00,-12.00,0.00,0.00,57.00,0.00,0,70
426.05,1564980856,9047.80,51.45933922,7.41959876,154.57,39.58,0.00,329.46,0,-91.00,-13.00,0.00,0.00,48.00,0.00,0,39
426.05,1564980856,9047.80,51.45933922,7.41959876,154.57,39.58,0.00,329.46,0,-81.00,-10.00,0.00,0.00,58.00,0.00,0,69
426.06,1564980856,9047.84,51.45933922,7.41959876,154.57,39.58,0.00,329.46,0,-84.00,-13.00,0.00,0.00,58.00,0.00,0,70
427.05,1564980857,9087.38,51.45963526,7.41931196,153.86,39.35,0.00,328.24,0,-91.00,-13.00,0.00,0.00,48.00,0.00,0,39
427.05,1564980857,9087.38,51.45963526,7.41931196,153.86,39.35,0.00,328.24,0,-81.00,-10.00,0.00,0.00,58.00,0.00,0,69
427.06,1564980857,9087.42,51.45963526,7.41931196,153.86,39.35,0.00,328.24,0,-84.00,-13.00,0.00,0.00,58.00,0.00,0,70
428.05,1564980858,9126.73,51.45992418,7.41901467,153.27,39.29,0.00,326.66,0,-85.00,-11.00,0.00,0.00,52.00,0.00,0,39
428.05,1564980858,9126.73,51.45992418,7.41901467,153.27,39.29,0.00,326.66,0,-73.00,-7.00,0.00,0.00,63.00,0.00,0,69
429.05,1564980858,9165.82,51.46021625,7.41870735,152.47,39.04,0.00,325.78,0,-85.00,-11.00,0.00,0.00,52.00,0.00,0,39
429.05,1564980858,9165.82,51.46021625,7.41870735,152.47,39.04,0.00,325.78,0,-73.00,-7.00,0.00,0.00,63.00,0.00,0,69
430.05,1564980859,9204.90,51.46050295,7.41838347,151.78,38.98,0.00,324.56,0,-88.00,-8.00,0.00,0.00,46.00,0.00,0,93
430.05,1564980859,9204.90,51.46050295,7.41838347,151.78,38.98,0.00,324.56,0,-80.00,-10.00,0.00,0.00,59.00,0.00,0,69
430.05,1564980859,9204.90,51.46050295,7.41838347,151.78,38.98,0.00,324.56,0,-82.00,-10.00,0.00,0.00,57.00,0.00,0,355
431.06,1564980861,9244.07,51.46078576,7.41805228,151.14,38.90,0.00,323.55,0,-88.00,-8.00,0.00,0.00,46.00,0.00,0,93
431.06,1564980861,9244.11,51.46078576,7.41805228,151.14,38.90,0.00,323.55,0,-80.00,-10.00,0.00,0.00,59.00,0.00,0,69
431.06,1564980861,9244.15,51.46078576,7.41805228,151.14,38.90,0.00,323.55,0,-82.00,-10.00,0.00,0.00,57.00,0.00,0,355
432.05,1564980862,9282.90,51.46107705,7.41770890,150.57,38.92,0.00,322.57,0,-84.00,-7.00,0.00,0.00,49.00,0.00,0,39
433.05,1564980863,9321.78,51.46134585,7.41736595,150.21,38.89,0.00,321.25,0,-84.00,-7.00,0.00,0.00,49.00,0.00,0,39
440.05,1564980870,9594.30,51.46314213,7.41473105,149.70,38.89,0.00,313.65,0,-91.00,-8.00,0.00,0.00,44.00,0.00,0,93
440.05,1564980870,9594.30,51.46314213,7.41473105,149.70,38.89,0.00,313.65,0,-93.00,-12.00,0.00,0.00,45.00,0.00,0,119
441.05,1564980871,9633.19,51.46339061,7.41430272,150.22,38.89,0.00,312.83,0,-91.00,-8.00,0.00,0.00,44.00,0.00,0,93
441.05,1564980871,9633.19,51.46339061,7.41430272,150.22,38.89,0.00,312.83,0,-93.00,-12.00,0.00,0.00,45.00,0.00,0,119
447.05,1564980877,9865.69,51.46475466,7.41175861,153.84,37.43,0.00,308.61,0,-98.00,-8.00,0.00,0.00,36.00,0.00,0,93
447.06,1564980877,9865.72,51.46475466,7.41175861,153.84,37.43,0.00,308.61,0,-96.00,-9.00,0.00,0.00,38.00,0.00,0,176
447.06,1564980877,9865.72,51.46475466,7.41175861,153.84,37.43,0.00,308.61,0,-102.00,-14.00,0.00,0.00,38.00,0.00,0,120
448.05,1564980878,9903.12,51.46496108,7.41133969,154.32,36.54,0.00,308.26,0,-98.00,-8.00,0.00,0.00,36.00,0.00,0,93
448.05,1564980878,9903.12,51.46496108,7.41133969,154.32,36.54,0.00,308.26,0,-96.00,-9.00,0.00,0.00,38.00,0.00,0,176
448.06,1564980878,9903.16,51.46496108,7.41133969,154.32,36.54,0.00,308.26,0,-102.00,-14.00,0.00,0.00,38.00,0.00,0,120
449.05,1564980879,9939.63,51.46516336,7.41093108,154.72,36.10,0.00,308.22,0,-98.00,-10.00,0.00,0.00,38.00,0.00,0,93
449.05,1564980879,9939.66,51.46516336,7.41093108,154.72,36.10,0.00,308.22,0,-99.00,-13.00,0.00,0.00,39.00,0.00,0,119
449.06,1564980879,9939.70,51.46516336,7.41093108,154.72,36.10,0.00,308.22,0,-100.00,-15.00,0.00,0.00,40.00,0.00,0,176
450.05,1564980880,9975.76,51.46536412,7.41052400,155.13,35.95,0.00,307.97,0,-98.00,-10.00,0.00,0.00,38.00,0.00,0,93
450.05,1564980880,9975.76,51.46536412,7.41052400,155.13,35.95,0.00,307.97,0,-99.00,-13.00,0.00,0.00,39.00,0.00,0,119
450.06,1564980880,9975.80,51.46536412,7.41052400,155.13,35.95,0.00,307.97,0,-100.00,-15.00,0.00,0.00,40.00,0.00,0,176
451.05,1564980881,10011.68,51.46556446,7.41011770,155.53,35.90,0.00,308.02,0,-102.00,-13.00,0.00,0.00,37.00,0.00,0,176
451.05,1564980881,10011.71,51.46556446,7.41011770,155.53,35.90,0.00,308.02,0,-101.00,-11.00,0.00,0.00,37.00,0.00,0,93
452.05,1564980882,10047.58,51.46576527,7.40971036,155.91,35.90,0.00,308.05,0,-102.00,-13.00,0.00,0.00,37.00,0.00,0,176
452.05,1564980882,10047.61,51.46576527,7.40971036,155.91,35.90,0.00,308.05,0,-101.00,-11.00,0.00,0.00,37.00,0.00,0,93
455.05,1564980885,10155.43,51.46636753,7.40849228,156.88,36.06,0.00,308.35,0,-105.00,-13.00,0.00,0.00,34.00,0.00,0,149
455.05,1564980885,10155.43,51.46636753,7.40849228,156.88,36.06,0.00,308.35,0,-107.00,-15.00,0.00,0.00,34.00,0.00,0,119
455.06,1564980885,10155.47,51.46636753,7.40849228,156.88,36.06,0.00,308.35,0,-104.00,-13.00,0.00,0.00,34.00,0.00,0,179
456.05,1564980886,10191.45,51.46656919,7.40808543,157.15,36.09,0.00,308.64,0,-105.00,-13.00,0.00,0.00,34.00,0.00,0,149
456.05,1564980886,10191.49,51.46656919,7.40808543,157.15,36.09,0.00,308.64,0,-107.00,-15.00,0.00,0.00,34.00,0.00,0,119
456.06,1564980886,10191.53,51.46656919,7.40808543,157.15,36.09,0.00,308.64,0,-104.00,-13.00,0.00,0.00,34.00,0.00,0,179
457.05,1564980887,10227.58,51.46677220,7.40767687,157.37,36.13,0.00,308.81,0,-98.00,-11.00,0.00,0.00,38.00,0.00,0,176
457.06,1564980887,10227.62,51.46677220,7.40767687,157.37,36.13,0.00,308.81,0,-99.00,-14.00,0.00,0.00,42.00,0.00,0,458
457.06,1564980887,10227.62,51.46677220,7.40767687,157.37,36.13,0.00,308.81,0,-104.00,-17.00,0.00,0.00,39.00,0.00,0,119
458.05,1564980888,10263.68,51.46697429,7.40727051,157.64,35.98,0.00,309.11,0,-98.00,-11.00,0.00,0.00,38.00,0.00,0,176
458.05,1564980888,10263.72,51.46697429,7.40727051,157.64,35.98,0.00,309.11,0,-99.00,-14.00,0.00,0.00,42.00,0.00,0,458
458.06,1564980888,10263.75,51.46697429,7.40727051,157.64,35.98,0.00,309.11,0,-104.00,-17.00,0.00,0.00,39.00,0.00,0,119
459.05,1564980889,10299.62,51.46717969,7.40687613,157.91,35.11,0.00,309.57,0,-99.00,-12.00,0.00,0.00,40.00,0.00,0,458
460.05,1564980890,10334.73,51.46738039,7.40649216,158.16,34.56,0.00,310.42,0,-99.00,-12.00,0.00,0.00,40.00,0.00,0,458
461.05,1564980891,10369.33,51.46758811,7.40612350,158.47,34.34,0.00,311.90,0,-99.00,-12.00,0.00,0.00,39.00,0.00,0,179
461.05,1564980891,10369.36,51.46758811,7.40612350,158.47,34.34,0.00,311.90,0,-95.00,-9.00,0.00,0.00,40.00,0.00,0,39
462.05,1564980892,10403.67,51.46779460,7.40575737,158.78,34.09,0.00,312.45,0,-99.00,-12.00,0.00,0.00,39.00,0.00,0,179
462.05,1564980892,10403.70,51.46779460,7.40575737,158.78,34.09,0.00,312.45,0,-95.00,-9.00,0.00,0.00,40.00,0.00,0,39
463.06,1564980893,10438.00,51.46799953,7.40539668,159.06,33.38,0.00,312.17,0,-96.00,-10.00,0.00,0.00,40.00,0.00,0,179
463.06,1564980893,10438.03,51.46799953,7.40539668,159.06,33.38,0.00,312.17,0,-97.00,-8.00,0.00,0.00,38.00,0.00,0,93
463.06,1564980893,10438.06,51.46799953,7.40539668,159.06,33.38,0.00,312.17,0,-98.00,-13.00,0.00,0.00,40.00,0.00,0,39
464.05,1564980894,10471.17,51.46819847,7.40504448,159.42,32.63,0.00,312.06,0,-96.00,-10.00,0.00,0.00,40.00,0.00,0,179
464.06,1564980894,10471.21,51.46819847,7.40504448,159.42,32.63,0.00,312.06,0,-97.00,-8.00,0.00,0.00,38.00,0.00,0,93
464.06,1564980894,10471.21,51.46819847,7.40504448,159.42,32.63,0.00,312.06,0,-98.00,-13.00,0.00,0.00,40.00,0.00,0,39
465.05,1564980894,10503.67,51.46839539,7.40469554,159.77,32.53,0.00,312.09,0,-96.00,-10.00,0.00,0.00,40.00,0.00,0,179
465.05,1564980894,10503.71,51.46839539,7.40469554,159.77,32.53,0.00,312.09,0,-97.00,-8.00,0.00,0.00,38.00,0.00,0,93
465.05,1564980894,10503.71,51.46839539,7.40469554,159.77,32.53,0.00,312.09,0,-98.00,-13.00,0.00,0.00,40.00,0.00,0,39
466.05,1564980896,10536.33,51.46859195,7.40434831,160.14,32.28,0.00,312.44,0,-94.00,-8.00,0.00,0.00,39.00,0.00,0,93
466.05,1564980896,10536.33,51.46859195,7.40434831,160.14,32.28,0.00,312.44,0,-97.00,-12.00,0.00,0.00,41.00,0.00,0,39
466.06,1564980896,10536.37,51.46859195,7.40434831,160.14,32.28,0.00,312.44,0,-97.00,-10.00,0.00,0.00,39.00,0.00,0,176
467.05,1564980897,10568.62,51.46878538,7.40400793,160.53,31.67,0.00,312.83,0,-94.00,-8.00,0.00,0.00,39.00,0.00,0,93
467.06,1564980897,10568.65,51.46878538,7.40400793,160.53,31.67,0.00,312.83,0,-97.00,-12.00,0.00,0.00,41.00,0.00,0,39
467.06,1564980897,10568.65,51.46878538,7.40400793,160.53,31.67,0.00,312.83,0,-97.00,-10.00,0.00,0.00,39.00,0.00,0,176
468.05,1564980898,10600.25,51.46897542,7.40367450,160.90,31.17,0.00,312.88,0,-99.00,-13.00,0.00,0.00,39.00,0.00,0,74
468.05,1564980898,10600.28,51.46897542,7.40367450,160.90,31.17,0.00,312.88,0,-102.00,-14.00,0.00,0.00,38.00,0.00,0,176
468.05,1564980898,10600.28,51.46897542,7.40367450,160.90,31.17,0.00,312.88,0,-101.00,-13.00,0.00,0.00,38.00,0.00,0,93
469.05,1564980899,10631.42,51.46916147,7.40335447,161.33,30.70,0.00,313.06,0,-99.00,-13.00,0.00,0.00,39.00,0.00,0,74
469.05,1564980899,10631.45,51.46916147,7.40335447,161.33,30.70,0.00,313.06,0,-102.00,-14.00,0.00,0.00,38.00,0.00,0,176
469.06,1564980899,10631.49,51.46916147,7.40335447,161.33,30.70,0.00,313.06,0,-101.00,-13.00,0.00,0.00,38.00,0.00,0,93
470.05,1564980900,10662.15,51.46935440,7.40302774,161.88,29.77,0.00,312.16,0,-100.00,-12.00,0.00,0.00,37.00,0.00,0,74
470.06,1564980900,10662.18,51.46935440,7.40302774,161.88,29.77,0.00,312.16,0,-104.00,-15.00,0.00,0.00,37.00,0.00,0,176
470.06,1564980900,10662.18,51.46935440,7.40302774,161.88,29.77,0.00,312.16,0,-106.00,-19.00,0.00,0.00,37.00,0.00,0,179
471.05,1564980901,10691.89,51.46953825,7.40271576,162.13,29.90,0.00,313.78,0,-100.00,-12.00,0.00,0.00,37.00,0.00,0,74
471.05,1564980901,10691.92,51.46953825,7.40271576,162.13,29.90,0.00,313.78,0,-104.00,-15.00,0.00,0.00,37.00,0.00,0,176
471.06,1564980901,10691.95,51.46953825,7.40271576,162.13,29.90,0.00,313.78,0,-106.00,-19.00,0.00,0.00,37.00,0.00,0,179
472.05,1564980902,10721.82,51.46973027,7.40240071,162.62,29.89,0.00,314.25,0,-105.00,-15.00,0.00,0.00,36.00,0.00,0,176
472.06,1564980902,10721.85,51.46973027,7.40240071,162.62,29.89,0.00,314.25,0,-107.00,-17.00,0.00,0.00,35.00,0.00,0,417
472.06,1564980902,10721.85,51.46973027,7.40240071,162.62,29.89,0.00,314.25,0,-107.00,-18.00,0.00,0.00,37.00,0.00,0,149
473.05,1564980903,10751.71,51.46992209,7.40208966,163.25,29.85,0.00,314.16,0,-105.00,-15.00,0.00,0.00,36.00,0.00,0,176
473.06,1564980903,10751.74,51.46992209,7.40208966,163.25,29.85,0.00,314.16,0,-107.00,-17.00,0.00,0.00,35.00,0.00,0,417
473.06,1564980903,10751.74,51.46992209,7.40208966,163.25,29.85,0.00,314.16,0,-107.00,-18.00,0.00,0.00,37.00,0.00,0,149
474.05,1564980904,10781.53,51.47011705,7.40177868,163.89,30.00,0.00,314.75,0,-104.00,-11.00,0.00,0.00,33.00,0.00,0,149
475.05,1564980905,10811.50,51.47030639,7.40147878,164.27,30.06,0.00,314.83,0,-104.00,-11.00,0.00,0.00,33.00,0.00,0,149
476.05,1564980906,10841.59,51.47050469,7.40118401,164.39,30.42,0.00,315.91,0,-99.00,-12.00,0.00,0.00,42.00,0.00,0,386
476.05,1564980906,10841.62,51.47050469,7.40118401,164.39,30.42,0.00,315.91,0,-103.00,-15.00,0.00,0.00,43.00,0.00,0,376
477.05,1564980907,10872.02,51.47070563,7.40088208,164.53,30.54,0.00,316.28,0,-99.00,-12.00,0.00,0.00,42.00,0.00,0,386
477.05,1564980907,10872.05,51.47070563,7.40088208,164.53,30.54,0.00,316.28,0,-103.00,-15.00,0.00,0.00,43.00,0.00,0,376
478.05,1564980908,10902.53,51.47090837,7.40057394,164.70,30.73,0.00,316.71,0,-106.00,-13.00,0.00,0.00,37.00,0.00,0,386
478.05,1564980908,10902.56,51.47090837,7.40057394,164.70,30.73,0.00,316.71,0,-107.00,-14.00,0.00,0.00,37.00,0.00,0,376
479.05,1564980909,10933.29,51.47111091,7.40027513,164.78,30.94,0.00,317.09,0,-106.00,-13.00,0.00,0.00,37.00,0.00,0,386
479.05,1564980909,10933.32,51.47111091,7.40027513,164.78,30.94,0.00,317.09,0,-107.00,-14.00,0.00,0.00,37.00,0.00,0,376
480.05,1564980910,10964.23,51.47131640,7.39997293,164.81,31.07,0.00,317.44,0,-104.00,-11.00,0.00,0.00,37.00,0.00,0,355
480.05,1564980910,10964.26,51.47131640,7.39997293,164.81,31.07,0.00,317.44,0,-107.00,-14.00,0.00,0.00,37.00,0.00,0,57
481.05,1564980911,10995.30,51.47152048,7.39967364,164.78,31.01,0.00,317.78,0,-104.00,-11.00,0.00,0.00,37.00,0.00,0,355
481.05,1564980911,10995.33,51.47152048,7.39967364,164.78,31.01,0.00,317.78,0,-107.00,-14.00,0.00,0.00,37.00,0.00,0,57
482.05,1564980912,11026.27,51.47172561,7.39938620,164.71,30.57,0.00,318.60,0,-97.00,-8.00,0.00,0.00,40.00,0.00,0,355
483.05,1564980912,11056.82,51.47192555,7.39910348,164.70,29.82,0.00,318.60,0,-97.00,-8.00,0.00,0.00,40.00,0.00,0,355
484.06,1564980914,11086.91,51.47212283,7.39882418,164.69,29.29,0.00,318.70,0,-100.00,-8.00,0.00,0.00,37.00,0.00,0,355
485.05,1564980914,11115.88,51.47231974,7.39854537,164.77,29.34,0.00,319.14,0,-100.00,-8.00,0.00,0.00,37.00,0.00,0,355
486.05,1564980916,11145.31,51.47251460,7.39826825,164.79,29.35,0.00,319.36,0,-100.00,-8.00,0.00,0.00,37.00,0.00,0,355
487.05,1564980917,11174.69,51.47271844,7.39799168,165.01,29.56,0.00,319.82,0,-98.00,-8.00,0.00,0.00,39.00,0.00,0,355
488.05,1564980918,11204.25,51.47292032,7.39771831,165.23,29.23,0.00,319.88,0,-98.00,-8.00,0.00,0.00,39.00,0.00,0,355
501.05,1564980931,11563.05,51.47552288,7.39465649,171.15,27.62,0.00,329.68,0,-111.00,-13.00,0.00,0.00,27.00,0.00,0,312
501.05,1564980931,11563.08,51.47552288,7.39465649,171.15,27.62,0.00,329.68,0,-111.00,-13.00,0.00,0.00,27.00,0.00,0,120
502.05,1564980932,11590.68,51.47574129,7.39445624,171.28,27.96,0.00,330.43,0,-111.00,-13.00,0.00,0.00,27.00,0.00,0,312
502.05,1564980932,11590.71,51.47574129,7.39445624,171.28,27.96,0.00,330.43,0,-111.00,-13.00,0.00,0.00,27.00,0.00,0,120
503.05,1564980933,11618.67,51.47596787,7.39424941,171.40,28.17,0.00,331.10,0,-104.00,-7.00,0.00,0.00,29.00,0.00,0,449
503.05,1564980933,11618.67,51.47596787,7.39424941,171.40,28.17,0.00,331.10,0,-112.00,-13.00,0.00,0.00,27.00,0.00,0,312
504.05,1564980934,11646.84,51.47619291,7.39405939,171.56,27.72,0.00,332.28,0,-104.00,-7.00,0.00,0.00,29.00,0.00,0,449
504.05,1564980934,11646.84,51.47619291,7.39405939,171.56,27.72,0.00,332.28,0,-112.00,-13.00,0.00,0.00,27.00,0.00,0,312
505.06,1564980935,11674.81,51.47641636,7.39388033,171.89,27.10,0.00,333.67,0,-104.00,-7.00,0.00,0.00,29.00,0.00,0,449
505.06,1564980935,11674.83,51.47641636,7.39388033,171.89,27.10,0.00,333.67,0,-111.00,-13.00,0.00,0.00,28.00,0.00,0,312
506.05,1564980936,11701.66,51.47663300,7.39370393,172.62,26.35,0.00,334.62,0,-104.00,-7.00,0.00,0.00,29.00,0.00,0,449
506.05,1564980936,11701.69,51.47663300,7.39370393,172.62,26.35,0.00,334.62,0,-111.00,-13.00,0.00,0.00,28.00,0.00,0,312
507.05,1564980937,11727.99,51.47683793,7.39354607,173.39,25.51,0.00,335.54,0,-104.00,-7.00,0.00,0.00,29.00,0.00,0,449
507.05,1564980937,11728.01,51.47683793,7.39354607,173.39,25.51,0.00,335.54,0,-111.00,-13.00,0.00,0.00,28.00,0.00,0,312
508.05,1564980938,11753.55,51.47703897,7.39340068,174.49,23.97,0.00,336.63,0,-110.00,-13.00,0.00,0.00,29.00,0.00,0,312
508.06,1564980938,11753.57,51.47703897,7.39340068,174.49,23.97,0.00,336.63,0,-110.00,-11.00,0.00,0.00,28.00,0.00,0,449
508.06,1564980938,11753.60,51.47703897,7.39340068,174.49,23.97,0.00,336.63,0,-112.00,-14.00,0.00,0.00,29.00,0.00,0,91
508.06,1564980938,11753.62,51.47703897,7.39340068,174.49,23.97,0.00,336.63,0,-98.00,-12.00,0.00,0.00,44.00,0.00,0,392
509.05,1564980939,11777.52,51.47722093,7.39327972,175.40,21.62,0.00,338.60,0,-110.00,-13.00,0.00,0.00,29.00,0.00,0,312
509.06,1564980939,11777.54,51.47722093,7.39327972,175.40,21.62,0.00,338.60,0,-110.00,-11.00,0.00,0.00,28.00,0.00,0,449
509.06,1564980939,11777.56,51.47722093,7.39327972,175.40,21.62,0.00,338.60,0,-112.00,-14.00,0.00,0.00,29.00,0.00,0,91
509.06,1564980939,11777.56,51.47722093,7.39327972,175.40,21.62,0.00,338.60,0,-98.00,-12.00,0.00,0.00,44.00,0.00,0,392
510.05,1564980940,11799.11,51.47740335,7.39317758,176.20,20.16,0.00,341.73,0,-105.00,-13.00,0.00,0.00,34.00,0.00,0,91
510.05,1564980940,11799.13,51.47740335,7.39317758,176.20,20.16,0.00,341.73,0,-100.00,-9.00,0.00,0.00,39.00,0.00,0,392
510.06,1564980940,11799.15,51.47740335,7.39317758,176.20,20.16,0.00,341.73,0,-104.00,-15.00,0.00,0.00,41.00,0.00,0,465
511.05,1564980941,11819.27,51.47758012,7.39310150,177.15,19.22,0.00,345.91,0,-105.00,-13.00,0.00,0.00,34.00,0.00,0,91
511.05,1564980941,11819.29,51.47758012,7.39310150,177.15,19.22,0.00,345.91,0,-100.00,-9.00,0.00,0.00,39.00,0.00,0,392
511.06,1564980941,11819.31,51.47758012,7.39310150,177.15,19.22,0.00,345.91,0,-104.00,-15.00,0.00,0.00,41.00,0.00,0,465
512.05,1564980942,11838.49,51.47775944,7.39303658,177.63,18.83,0.00,348.19,0,-103.00,-14.00,0.00,0.00,38.00,0.00,0,91
512.05,1564980942,11838.51,51.47775944,7.39303658,177.63,18.83,0.00,348.19,0,-96.00,-9.00,0.00,0.00,43.00,0.00,0,392
512.05,1564980942,11838.52,51.47775944,7.39303658,177.63,18.83,0.00,348.19,0,-99.00,-11.00,0.00,0.00,42.00,0.00,0,431
513.05,1564980943,11857.31,51.47793937,7.39303724,177.88,18.84,0.00,1.08,0,-103.00,-14.00,0.00,0.00,38.00,0.00,0,91
513.05,1564980943,11857.33,51.47793937,7.39303724,177.88,18.84,0.00,1.08,0,-96.00,-9.00,0.00,0.00,43.00,0.00,0,392
513.05,1564980943,11857.35,51.47793937,7.39303724,177.88,18.84,0.00,1.08,0,-99.00,-11.00,0.00,0.00,42.00,0.00,0,431
514.05,1564980944,11876.15,51.47811628,7.39305464,177.79,19.07,0.00,3.06,0,-100.00,-14.00,0.00,0.00,39.00,0.00,0,91
514.05,1564980944,11876.17,51.47811628,7.39305464,177.79,19.07,0.00,3.06,0,-101.00,-13.00,0.00,0.00,38.00,0.00,0,449
514.05,1564980944,11876.19,51.47811628,7.39305464,177.79,19.07,0.00,3.06,0,-93.00,-10.00,0.00,0.00,47.00,0.00,0,392
515.05,1564980945,11895.24,51.47828868,7.39309556,177.71,18.72,0.00,6.70,0,-100.00,-14.00,0.00,0.00,39.00,0.00,0,91
515.05,1564980945,11895.26,51.47828868,7.39309556,177.71,18.72,0.00,6.70,0,-101.00,-13.00,0.00,0.00,38.00,0.00,0,449
515.05,1564980945,11895.26,51.47828868,7.39309556,177.71,18.72,0.00,6.70,0,-93.00,-10.00,0.00,0.00,47.00,0.00,0,392
516.05,1564980946,11913.94,51.47843732,7.39319206,178.61,18.05,0.00,22.06,0,-104.00,-12.00,0.00,0.00,34.00,0.00,0,91
516.05,1564980946,11913.96,51.47843732,7.39319206,178.61,18.05,0.00,22.06,0,-94.00,-7.00,0.00,0.00,42.00,0.00,0,392
517.05,1564980947,11931.99,51.47858248,7.39330267,178.69,17.90,0.00,24.39,0,-104.00,-12.00,0.00,0.00,34.00,0.00,0,91
517.05,1564980947,11931.99,51.47858248,7.39330267,178.69,17.90,0.00,24.39,0,-94.00,-7.00,0.00,0.00,42.00,0.00,0,392
520.05,1564980950,11983.53,51.47900636,7.39367091,178.54,15.94,0.00,30.08,0,-106.00,-9.00,0.00,0.00,29.00,0.00,0,449
520.05,1564980950,11983.55,51.47900636,7.39367091,178.54,15.94,0.00,30.08,0,-110.00,-16.00,0.00,0.00,31.00,0.00,0,91
521.05,1564980951,11999.47,51.47912840,7.39378766,178.41,14.37,0.00,28.24,0,-106.00,-9.00,0.00,0.00,29.00,0.00,0,449
521.05,1564980951,11999.47,51.47912840,7.39378766,178.41,14.37,0.00,28.24,0,-110.00,-16.00,0.00,0.00,31.00,0.00,0,91
522.06,1564980952,12013.88,51.47925657,7.39383601,178.88,14.42,0.00,9.59,0,-105.00,-8.00,0.00,0.00,29.00,0.00,0,449
522.06,1564980952,12013.88,51.47925657,7.39383601,178.88,14.42,0.00,9.59,0,-112.00,-21.00,0.00,0.00,34.00,0.00,0,149
522.06,1564980952,12013.90,51.47925657,7.39383601,178.88,14.42,0.00,9.59,0,-114.00,-15.00,0.00,0.00,27.00,0.00,0,143
522.06,1564980952,12013.91,51.47925657,7.39383601,178.88,14.42,0.00,9.59,0,-126.00,-14.00,0.00,0.00,18.00,0.00,0,377
522.06,1564980952,12013.93,51.47925657,7.39383601,178.88,14.42,0.00,9.59,0,-126.00,-15.00,0.00,0.00,18.00,0.00,0,458
522.06,1564980952,12013.93,51.47925657,7.39383601,178.88,14.42,0.00,9.59,0,-131.00,-18.00,0.00,0.00,17.00,0.00,0,389
522.06,1564980952,12013.94,51.47925657,7.39383601,178.88,14.42,0.00,9.59,0,0.00,0.00,0.00,0.00,63.00,0.00,0,450
523.06,1564980953,12028.30,51.47938384,7.39383436,179.36,14.55,0.00,354.77,0,-105.00,-8.00,0.00,0.00,29.00,0.00,0,449
523.06,1564980953,12028.30,51.47938384,7.39383436,179.36,14.55,0.00,354.77,0,-112.00,-21.00,0.00,0.00,34.00,0.00,0,149
523.06,1564980953,12028.32,51.47938384,7.39383436,179.36,14.55,0.00,354.77,0,-114.00,-15.00,0.00,0.00,27.00,0.00,0,143
523.06,1564980953,12028.33,51.47938384,7.39383436,179.36,14.55,0.00,354.77,0,-126.00,-14.00,0.00,0.00,18.00,0.00,0,377
523.06,1564980953,12028.35,51.47938384,7.39383436,179.36,14.55,0.00,354.77,0,-126.00,-15.00,0.00,0.00,18.00,0.00,0,458
523.06,1564980953,12028.35,51.47938384,7.39383436,179.36,14.55,0.00,354.77,0,-131.00,-18.00,0.00,0.00,17.00,0.00,0,389
523.06,1564980953,12028.36,51.47938384,7.39383436,179.36,14.55,0.00,354.77,0,0.00,0.00,0.00,0.00,63.00,0.00,0,450
541.05,1564980971,12282.67,51.48095176,7.39532245,186.57,16.92,0.00,60.42,0,-88.00,-12.00,0.00,0.00,55.00,0.00,0,223
542.05,1564980971,12299.56,51.48102383,7.39552893,186.42,16.57,0.00,60.99,0,-88.00,-12.00,0.00,0.00,55.00,0.00,0,223
543.05,1564980973,12316.15,51.48109746,7.39573282,186.11,16.36,0.00,60.65,0,-99.00,-9.00,0.00,0.00,35.00,0.00,0,176
544.05,1564980974,12332.51,51.48117523,7.39595270,185.99,16.22,0.00,60.29,0,-99.00,-9.00,0.00,0.00,35.00,0.00,0,176
552.05,1564980982,12457.80,51.48174660,7.39747876,186.30,14.10,0.00,56.04,0,-109.00,-13.00,0.00,0.00,29.00,0.00,0,176
553.05,1564980982,12471.89,51.48181934,7.39764253,186.31,13.67,0.00,54.89,0,-109.00,-13.00,0.00,0.00,29.00,0.00,0,176
554.05,1564980984,12485.59,51.48189003,7.39779609,186.16,13.08,0.00,53.82,0,-109.00,-15.00,0.00,0.00,31.00,0.00,0,176
554.05,1564980984,12485.60,51.48189003,7.39779609,186.16,13.08,0.00,53.82,0,-110.00,-17.00,0.00,0.00,32.00,0.00,0,217
554.05,1564980984,12485.60,51.48189003,7.39779609,186.16,13.08,0.00,53.82,0,-109.00,-15.00,0.00,0.00,32.00,0.00,0,312
555.05,1564980985,12498.67,51.48196154,7.39794949,185.86,12.65,0.00,52.83,0,-109.00,-15.00,0.00,0.00,31.00,0.00,0,176
555.05,1564980985,12498.68,51.48196154,7.39794949,185.86,12.65,0.00,52.83,0,-110.00,-17.00,0.00,0.00,32.00,0.00,0,217
555.05,1564980985,12498.68,51.48196154,7.39794949,185.86,12.65,0.00,52.83,0,-109.00,-15.00,0.00,0.00,32.00,0.00,0,312
556.05,1564980985,12511.29,51.48202947,7.39808660,185.65,12.10,0.00,51.92,0,-108.00,-16.00,0.00,0.00,33.00,0.00,0,217
557.05,1564980987,12523.40,51.48209421,7.39821211,185.93,11.07,0.00,51.25,0,-108.00,-16.00,0.00,0.00,33.00,0.00,0,217
558.05,1564980988,12534.48,51.48215445,7.39832581,186.32,9.77,0.00,50.27,0,-105.00,-13.00,0.00,0.00,34.00,0.00,0,217
559.05,1564980989,12544.23,51.48220905,7.39841907,186.73,8.00,0.00,49.18,0,-105.00,-13.00,0.00,0.00,34.00,0.00,0,217
560.05,1564980990,12552.24,51.48225335,7.39848870,187.11,5.80,0.00,47.60,0,-98.00,-11.00,0.00,0.00,40.00,0.00,0,217
561.05,1564980991,12558.03,51.48228460,7.39853313,187.16,3.24,0.00,47.10,0,-98.00,-11.00,0.00,0.00,40.00,0.00,0,217
562.05,1564980992,12561.27,51.48230574,7.39855934,187.24,2.03,0.00,45.59,0,-94.00,-9.00,0.00,0.00,43.00,0.00,0,217
563.05,1564980993,12563.29,51.48231777,7.39857169,187.32,0.97,0.00,45.59,0,-94.00,-9.00,0.00,0.00,43.00,0.00,0,217
564.05,1564980994,12564.26,51.48232524,7.39857647,187.41,0.66,0.00,45.59,0,-94.00,-10.00,0.00,0.00,42.00,0.00,0,217
565.05,1564980995,12564.92,51.48232524,7.39857647,187.42,0.00,0.00,45.59,0,-94.00,-10.00,0.00,0.00,42.00,0.00,0,217
566.05,1564980996,12564.92,51.48232524,7.39857647,187.42,0.00,0.00,45.59,0,-102.00,-12.00,0.00,0.00,36.00,0.00,0,217
567.06,1564980997,12564.92,51.48232524,7.39857647,187.43,0.00,0.00,45.59,0,-102.00,-12.00,0.00,0.00,36.00,0.00,0,217
568.07,1564980998,12564.92,51.48232524,7.39857647,187.43,0.00,0.00,45.59,0,-105.00,-13.00,0.00,0.00,34.00,0.00,0,217
568.07,1564980998,12564.92,51.48232524,7.39857647,187.43,0.00,0.00,45.59,0,-110.00,-19.00,0.00,0.00,34.00,0.00,0,284
568.07,1564980998,12564.92,51.48232524,7.39857647,187.43,0.00,0.00,45.59,0,-110.00,-20.00,0.00,0.00,35.00,0.00,0,139
568.07,1564980998,12564.92,51.48232524,7.39857647,187.43,0.00,0.00,45.59,0,-90.00,-11.00,0.00,0.00,51.00,0.00,0,223
569.05,1564980999,12564.92,51.48232524,7.39857647,187.43,0.00,0.00,45.59,0,-105.00,-13.00,0.00,0.00,34.00,0.00,0,217
569.05,1564980999,12564.92,51.48232524,7.39857647,187.43,0.00,0.00,45.59,0,-110.00,-19.00,0.00,0.00,34.00,0.00,0,284
569.06,1564980999,12564.92,51.48232524,7.39857647,187.43,0.00,0.00,45.59,0,-110.00,-20.00,0.00,0.00,35.00,0.00,0,139
569.06,1564980999,12564.92,51.48232524,7.39857647,187.43,0.00,0.00,45.59,0,-90.00,-11.00,0.00,0.00,51.00,0.00,0,223
570.05,1564981000,12564.92,51.48232524,7.39857647,187.44,0.00,0.00,45.59,0,-105.00,-13.00,0.00,0.00,34.00,0.00,0,217
570.05,1564981000,12564.92,51.48232524,7.39857647,187.44,0.00,0.00,45.59,0,-110.00,-19.00,0.00,0.00,34.00,0.00,0,284
570.05,1564981000,12564.92,51.48232524,7.39857647,187.44,0.00,0.00,45.59,0,-110.00,-20.00,0.00,0.00,35.00,0.00,0,139
570.06,1564981000,12564.92,51.48232524,7.39857647,187.44,0.00,0.00,45.59,0,-90.00,-11.00,0.00,0.00,51.00,0.00,0,223
571.05,1564981001,12564.92,51.48232524,7.39857647,187.45,0.00,0.00,45.59,0,-105.00,-12.00,0.00,0.00,33.00,0.00,0,217
571.05,1564981001,12564.92,51.48232524,7.39857647,187.45,0.00,0.00,45.59,0,-109.00,-14.00,0.00,0.00,31.00,0.00,0,284
571.05,1564981001,12564.92,51.48232524,7.39857647,187.45,0.00,0.00,45.59,0,-90.00,-10.00,0.00,0.00,51.00,0.00,0,223
572.05,1564981002,12564.92,51.48232524,7.39857647,187.46,0.00,0.00,45.59,0,-105.00,-12.00,0.00,0.00,33.00,0.00,0,217
572.05,1564981002,12564.92,51.48232524,7.39857647,187.46,0.00,0.00,45.59,0,-109.00,-14.00,0.00,0.00,31.00,0.00,0,284
572.05,1564981002,12564.92,51.48232524,7.39857647,187.46,0.00,0.00,45.59,0,-90.00,-10.00,0.00,0.00,51.00,0.00,0,223
573.05,1564981003,12564.92,51.48232524,7.39857647,187.48,0.00,0.00,45.59,0,-104.00,-12.00,0.00,0.00,34.00,0.00,0,217
573.05,1564981003,12564.92,51.48232524,7.39857647,187.48,0.00,0.00,45.59,0,-108.00,-15.00,0.00,0.00,33.00,0.00,0,284
573.06,1564981003,12564.92,51.48232524,7.39857647,187.48,0.00,0.00,45.59,0,-111.00,-18.00,0.00,0.00,33.00,0.00,0,176
573.06,1564981003,12564.92,51.48232524,7.39857647,187.48,0.00,0.00,45.59,0,-90.00,-11.00,0.00,0.00,51.00,0.00,0,223
574.05,1564981004,12564.92,51.48232524,7.39857647,187.49,0.00,0.00,45.59,0,-104.00,-12.00,0.00,0.00,34.00,0.00,0,217
574.05,1564981004,12564.92,51.48232524,7.39857647,187.49,0.00,0.00,45.59,0,-108.00,-15.00,0.00,0.00,33.00,0.00,0,284
574.06,1564981004,12564.92,51.48232524,7.39857647,187.49,0.00,0.00,45.59,0,-111.00,-18.00,0.00,0.00,33.00,0.00,0,176
574.06,1564981004,12564.92,51.48232524,7.39857647,187.49,0.00,0.00,45.59,0,-90.00,-11.00,0.00,0.00,51.00,0.00,0,223
575.05,1564981005,12564.92,51.48232524,7.39857647,187.51,0.00,0.00,45.59,0,-106.00,-12.00,0.00,0.00,32.00,0.00,0,217
575.06,1564981005,12564.92,51.48232524,7.39857647,187.51,0.00,0.00,45.59,0,-107.00,-13.00,0.00,0.00,32.00,0.00,0,284
575.06,1564981005,12564.92,51.48232524,7.39857647,187.51,0.00,0.00,45.59,0,-111.00,-15.00,0.00,0.00,30.00,0.00,0,176
575.06,1564981005,12564.92,51.48232524,7.39857647,187.51,0.00,0.00,45.59,0,-90.00,-11.00,0.00,0.00,51.00,0.00,0,223
576.05,1564981006,12564.92,51.48232524,7.39857647,187.52,0.00,0.00,45.59,0,-106.00,-12.00,0.00,0.00,32.00,0.00,0,217
576.05,1564981006,12564.92,51.48232524,7.39857647,187.52,0.00,0.00,45.59,0,-107.00,-13.00,0.00,0.00,32.00,0.00,0,284
576.06,1564981006,12564.92,51.48232524,7.39857647,187.52,0.00,0.00,45.59,0,-111.00,-15.00,0.00,0.00,30.00,0.00,0,176
576.06,1564981006,12564.92,51.48232524,7.39857647,187.52,0.00,0.00,45.59,0,-90.00,-11.00,0.00,0.00,51.00,0.00,0,223
577.05,1564981007,12564.92,51.48232524,7.39857647,187.53,0.00,0.00,45.59,0,-103.00,-10.00,0.00,0.00,34.00,0.00,0,217
577.05,1564981007,12564.92,51.48232524,7.39857647,187.53,0.00,0.00,45.59,0,-106.00,-13.00,0.00,0.00,33.00,0.00,0,284
577.05,1564981007,12564.92,51.48232524,7.39857647,187.53,0.00,0.00,45.59,0,-91.00,-11.00,0.00,0.00,51.00,0.00,0,223
578.05,1564981008,12564.92,51.48232524,7.39857647,187.54,0.00,0.00,45.59,0,-103.00,-10.00,0.00,0.00,34.00,0.00,0,217
578.05,1564981008,12564.92,51.48232524,7.39857647,187.54,0.00,0.00,45.59,0,-106.00,-13.00,0.00,0.00,33.00,0.00,0,284
578.05,1564981008,12564.92,51.48232524,7.39857647,187.54,0.00,0.00,45.59,0,-91.00,-11.00,0.00,0.00,51.00,0.00,0,223
579.05,1564981009,12564.92,51.48232524,7.39857647,187.54,0.00,0.00,45.59,0,-103.00,-10.00,0.00,0.00,33.00,0.00,0,217
579.05,1564981009,12564.92,51.48232524,7.39857647,187.54,0.00,0.00,45.59,0,-107.00,-14.00,0.00,0.00,32.00,0.00,0,284
579.06,1564981009,12564.92,51.48232524,7.39857647,187.54,0.00,0.00,45.59,0,-107.00,-13.00,0.00,0.00,31.00,0.00,0,176
579.06,1564981009,12564.92,51.48232524,7.39857647,187.54,0.00,0.00,45.59,0,-92.00,-10.00,0.00,0.00,49.00,0.00,0,223
580.05,1564981010,12564.92,51.48232524,7.39857647,187.55,0.00,0.00,45.59,0,-103.00,-10.00,0.00,0.00,33.00,0.00,0,217
580.05,1564981010,12564.92,51.48232524,7.39857647,187.55,0.00,0.00,45.59,0,-107.00,-14.00,0.00,0.00,32.00,0.00,0,284
580.06,1564981010,12564.92,51.48232524,7.39857647,187.55,0.00,0.00,45.59,0,-107.00,-13.00,0.00,0.00,31.00,0.00,0,176
580.06,1564981010,12564.92,51.48232524,7.39857647,187.55,0.00,0.00,45.59,0,-92.00,-10.00,0.00,0.00,49.00,0.00,0,223
581.05,1564981011,12564.92,51.48232524,7.39857647,187.56,0.00,0.00,45.59,0,-104.00,-11.00,0.00,0.00,32.00,0.00,0,217
581.05,1564981011,12564.92,51.48232524,7.39857647,187.56,0.00,0.00,45.59,0,-109.00,-15.00,0.00,0.00,31.00,0.00,0,284
581.05,1564981011,12564.92,51.48232524,7.39857647,187.56,0.00,0.00,45.59,0,-110.00,-13.00,0.00,0.00,29.00,0.00,0,176
582.05,1564981012,12564.92,51.48232524,7.39857647,187.56,0.00,0.00,45.59,0,-104.00,-11.00,0.00,0.00,32.00,0.00,0,217
582.05,1564981012,12564.92,51.48232524,7.39857647,187.56,0.00,0.00,45.59,0,-109.00,-15.00,0.00,0.00,31.00,0.00,0,284
582.05,1564981012,12564.92,51.48232524,7.39857647,187.56,0.00,0.00,45.59,0,-110.00,-13.00,0.00,0.00,29.00,0.00,0,176
583.05,1564981013,12564.92,51.48232524,7.39857647,187.57,0.00,0.00,45.59,0,-105.00,-12.00,0.00,0.00,33.00,0.00,0,217
583.05,1564981013,12564.92,51.48232524,7.39857647,187.57,0.00,0.00,45.59,0,-108.00,-14.00,0.00,0.00,32.00,0.00,0,284
584.05,1564981014,12564.92,51.48232524,7.39857647,187.58,0.00,0.00,45.59,0,-105.00,-12.00,0.00,0.00,33.00,0.00,0,217
584.05,1564981014,12564.92,51.48232524,7.39857647,187.58,0.00,0.00,45.59,0,-108.00,-14.00,0.00,0.00,32.00,0.00,0,284
585.05,1564981015,12564.92,51.48232524,7.39857647,187.59,0.00,0.00,45.59,0,-105.00,-12.00,0.00,0.00,33.00,0.00,0,217
585.05,1564981015,12564.92,51.48232524,7.39857647,187.59,0.00,0.00,45.59,0,-108.00,-14.00,0.00,0.00,32.00,0.00,0,284
585.05,1564981015,12564.92,51.48232524,7.39857647,187.59,0.00,0.00,45.59,0,-110.00,-15.00,0.00,0.00,31.00,0.00,0,176
586.05,1564981016,12564.92,51.48232524,7.39857647,187.66,0.00,0.00,45.59,0,-105.00,-12.00,0.00,0.00,33.00,0.00,0,217
586.05,1564981016,12564.92,51.48232524,7.39857647,187.66,0.00,0.00,45.59,0,-108.00,-14.00,0.00,0.00,32.00,0.00,0,284
586.05,1564981016,12564.92,51.48232524,7.39857647,187.66,0.00,0.00,45.59,0,-110.00,-15.00,0.00,0.00,31.00,0.00,0,176
587.05,1564981017,12564.92,51.48232524,7.39857647,187.68,0.00,0.00,45.59,0,-105.00,-12.00,0.00,0.00,33.00,0.00,0,217
587.05,1564981017,12564.92,51.48232524,7.39857647,187.68,0.00,0.00,45.59,0,-107.00,-14.00,0.00,0.00,32.00,0.00,0,284
588.05,1564981018,12564.92,51.48232524,7.39857647,188.12,0.00,0.00,38.61,0,-105.00,-12.00,0.00,0.00,33.00,0.00,0,217
588.05,1564981018,12564.92,51.48232524,7.39857647,188.12,0.00,0.00,38.61,0,-107.00,-14.00,0.00,0.00,32.00,0.00,0,284
589.06,1564981019,12564.92,51.48241437,7.39867029,188.43,0.00,0.00,37.65,0,-103.00,-11.00,0.00,0.00,34.00,0.00,0,217
589.06,1564981019,12564.92,51.48241437,7.39867029,188.43,0.00,0.00,37.65,0,-94.00,-11.00,0.00,0.00,46.00,0.00,0,223
590.05,1564981020,12564.93,51.48246688,7.39873382,188.97,7.68,0.00,38.56,0,-103.00,-11.00,0.00,0.00,34.00,0.00,0,217
590.05,1564981020,12564.94,51.48246688,7.39873382,188.97,7.68,0.00,38.56,0,-94.00,-11.00,0.00,0.00,46.00,0.00,0,223
591.05,1564981021,12572.62,51.48252601,7.39880437,189.44,8.46,0.00,38.53,0,-103.00,-11.00,0.00,0.00,34.00,0.00,0,217
591.05,1564981021,12572.62,51.48252601,7.39880437,189.44,8.46,0.00,38.53,0,-94.00,-11.00,0.00,0.00,46.00,0.00,0,223
592.05,1564981022,12581.08,51.48260502,7.39889870,189.95,10.00,0.00,37.98,0,-101.00,-10.00,0.00,0.00,34.00,0.00,0,217
592.05,1564981022,12581.09,51.48260502,7.39889870,189.95,10.00,0.00,37.98,0,-93.00,-9.00,0.00,0.00,46.00,0.00,0,223
593.05,1564981023,12591.07,51.48268982,7.39899555,190.52,10.64,0.00,36.84,0,-101.00,-10.00,0.00,0.00,34.00,0.00,0,217
593.05,1564981023,12591.08,51.48268982,7.39899555,190.52,10.64,0.00,36.84,0,-93.00,-9.00,0.00,0.00,46.00,0.00,0,223
594.05,1564981024,12601.70,51.48277883,7.39909294,191.09,11.47,0.00,35.40,0,-89.00,-7.00,0.00,0.00,45.00,0.00,0,217
594.05,1564981024,12601.72,51.48277883,7.39909294,191.09,11.47,0.00,35.40,0,-88.00,-10.00,0.00,0.00,52.00,0.00,0,223
595.05,1564981025,12613.17,51.48287032,7.39919219,191.33,11.89,0.00,34.29,0,-89.00,-7.00,0.00,0.00,45.00,0.00,0,217
595.05,1564981025,12613.18,51.48287032,7.39919219,191.33,11.89,0.00,34.29,0,-88.00,-10.00,0.00,0.00,52.00,0.00,0,223
596.05,1564981026,12625.06,51.48296714,7.39929730,191.10,12.57,0.00,34.11,0,-93.00,-9.00,0.00,0.00,41.00,0.00,0,217
596.05,1564981026,12625.08,51.48296714,7.39929730,191.10,12.57,0.00,34.11,0,-85.00,-7.00,0.00,0.00,52.00,0.00,0,223
597.05,1564981027,12637.65,51.48307893,7.39942117,191.23,14.57,0.00,34.46,0,-93.00,-9.00,0.00,0.00,41.00,0.00,0,217
597.05,1564981027,12637.67,51.48307893,7.39942117,191.23,14.57,0.00,34.46,0,-85.00,-7.00,0.00,0.00,52.00,0.00,0,223
600.05,1564981030,12682.47,51.48341784,7.39978185,191.95,15.88,0.00,34.00,0,-91.00,-8.00,0.00,0.00,42.00,0.00,0,217
601.05,1564981031,12698.35,51.48353687,7.39991104,191.49,16.68,0.00,34.75,0,-91.00,-8.00,0.00,0.00,42.00,0.00,0,217
602.05,1564981032,12715.02,51.48366645,7.40004880,191.25,16.75,0.00,34.42,0,-91.00,-8.00,0.00,0.00,42.00,0.00,0,217
603.05,1564981032,12731.73,51.48379109,7.40018133,191.62,16.65,0.00,34.81,0,-91.00,-8.00,0.00,0.00,42.00,0.00,0,217
604.05,1564981034,12748.43,51.48391558,7.40032318,191.72,16.67,0.00,35.59,0,-105.00,-16.00,0.00,0.00,37.00,0.00,0,313
605.05,1564981035,12765.10,51.48403556,7.40046338,191.80,16.77,0.00,36.43,0,-105.00,-16.00,0.00,0.00,37.00,0.00,0,313
610.06,1564981040,12848.10,51.48459716,7.40122270,191.18,16.46,0.00,41.91,0,-102.00,-11.00,0.00,0.00,35.00,0.00,0,313
611.05,1564981041,12864.47,51.48470144,7.40138050,190.79,16.62,0.00,42.48,0,-102.00,-11.00,0.00,0.00,35.00,0.00,0,313
612.05,1564981042,12881.07,51.48480838,7.40154715,190.37,16.75,0.00,43.11,0,-102.00,-11.00,0.00,0.00,35.00,0.00,0,313
613.05,1564981043,12897.82,51.48491470,7.40171834,190.16,16.67,0.00,43.89,0,-100.00,-14.00,0.00,0.00,40.00,0.00,0,313
614.05,1564981044,12914.49,51.48502155,7.40189088,190.09,16.71,0.00,44.45,0,-100.00,-14.00,0.00,0.00,40.00,0.00,0,313
615.06,1564981045,12931.34,51.48512572,7.40206804,190.10,16.25,0.00,45.69,0,-99.00,-12.00,0.00,0.00,37.00,0.00,0,171
615.06,1564981045,12931.35,51.48512572,7.40206804,190.10,16.25,0.00,45.69,0,-102.00,-14.00,0.00,0.00,37.00,0.00,0,313
616.05,1564981046,12947.47,51.48522352,7.40223718,190.26,16.35,0.00,46.52,0,-99.00,-12.00,0.00,0.00,37.00,0.00,0,171
616.05,1564981046,12947.49,51.48522352,7.40223718,190.26,16.35,0.00,46.52,0,-102.00,-14.00,0.00,0.00,37.00,0.00,0,313
623.05,1564981053,13062.32,51.48587357,7.40353270,188.79,16.51,0.00,52.28,0,-96.00,-11.00,0.00,0.00,42.00,0.00,0,171
624.07,1564981054,13079.16,51.48595873,7.40372403,188.50,16.29,0.00,53.36,0,-96.00,-11.00,0.00,0.00,42.00,0.00,0,171
625.05,1564981055,13095.13,51.48604164,7.40391417,188.06,15.76,0.00,54.37,0,-92.00,-9.00,0.00,0.00,43.00,0.00,0,171
626.05,1564981055,13110.83,51.48611836,7.40410415,187.81,15.72,0.00,55.90,0,-92.00,-9.00,0.00,0.00,43.00,0.00,0,171
636.05,1564981066,13271.23,51.48683341,7.40616081,183.03,17.03,0.00,63.99,0,-82.00,-6.00,0.00,0.00,51.00,0.00,0,452
637.05,1564981067,13288.24,51.48689396,7.40639296,182.07,16.85,0.00,65.65,0,-82.00,-6.00,0.00,0.00,51.00,0.00,0,452
655.05,1564981085,13589.20,51.48754426,7.41058165,177.13,10.74,0.00,83.36,0,-87.00,-6.00,0.00,0.00,45.00,0.00,0,171
656.05,1564981086,13599.94,51.48755206,7.41072997,177.24,9.50,0.00,83.93,0,-87.00,-6.00,0.00,0.00,45.00,0.00,0,171
657.05,1564981086,13609.43,51.48755847,7.41084259,177.63,7.58,0.00,83.03,0,-85.00,-5.00,0.00,0.00,46.00,0.00,0,171
658.05,1564981088,13617.02,51.48758116,7.41092647,177.90,6.07,0.00,62.86,0,-85.00,-5.00,0.00,0.00,46.00,0.00,0,171
659.05,1564981089,13623.09,51.48761826,7.41098805,178.18,6.51,0.00,41.20,0,-87.00,-6.00,0.00,0.00,45.00,0.00,0,171
660.05,1564981090,13629.59,51.48765831,7.41102386,178.35,6.65,0.00,22.64,0,-87.00,-6.00,0.00,0.00,45.00,0.00,0,171
661.05,1564981090,13636.24,51.48770751,7.41104493,177.98,7.72,0.00,9.67,0,-87.00,-6.00,0.00,0.00,44.00,0.00,0,171
662.05,1564981092,13643.97,51.48775696,7.41104615,177.21,7.56,0.00,5.72,0,-87.00,-6.00,0.00,0.00,44.00,0.00,0,171
667.05,1564981096,13691.31,51.48818658,7.41093863,171.93,11.34,0.00,349.63,0,-90.00,-7.00,0.00,0.00,43.00,0.00,0,452
668.05,1564981098,13702.65,51.48828739,7.41091287,171.40,11.19,0.00,350.16,0,-90.00,-7.00,0.00,0.00,43.00,0.00,0,452
676.05,1564981106,13799.61,51.48917567,7.41062817,169.45,13.64,0.00,346.69,0,-78.00,-5.00,0.00,0.00,53.00,0.00,0,452
677.06,1564981107,13813.40,51.48929024,7.41057945,169.08,13.50,0.00,346.92,0,-78.00,-5.00,0.00,0.00,53.00,0.00,0,452
