0.01,1565238454,0.00,nan,nan,0.00,0.00,0.00,0.00,0,-98.00,-9.00,0.00,0.00,43.00,0.00,0,67
1.01,1565238455,0.00,nan,nan,0.00,0.00,0.00,0.00,0,-96.00,-8.00,0.00,0.00,44.00,0.00,0,67
2.01,1565238456,0.00,nan,nan,0.00,0.00,0.00,0.00,0,-96.00,-8.00,0.00,0.00,44.00,0.00,0,67
3.01,1565238457,0.00,nan,nan,0.00,0.00,0.00,0.00,0,-97.00,-8.00,0.00,0.00,43.00,0.00,0,67
4.01,1565238458,0.00,nan,nan,0.00,0.00,0.00,0.00,0,-97.00,-8.00,0.00,0.00,43.00,0.00,0,67
5.01,1565238459,0.00,nan,nan,0.00,0.00,0.00,0.00,0,-100.00,-9.00,0.00,0.00,40.00,0.00,0,67
6.01,1565238460,0.00,nan,nan,0.00,0.00,0.00,0.00,0,-100.00,-9.00,0.00,0.00,40.00,0.00,0,67
7.02,1565238461,0.00,nan,nan,0.00,0.00,0.00,0.00,0,-102.00,-10.00,0.00,0.00,40.00,0.00,0,67
8.01,1565238462,0.00,nan,nan,0.00,0.00,0.00,0.00,0,-102.00,-10.00,0.00,0.00,40.00,0.00,0,67
9.01,1565238463,0.00,nan,nan,0.00,0.00,0.00,0.00,0,-102.00,-10.00,0.00,0.00,40.00,0.00,0,67
10.01,1565238464,0.00,nan,nan,0.00,0.00,0.00,0.00,0,-105.00,-11.00,0.00,0.00,38.00,0.00,0,67
11.01,1565238465,0.00,nan,nan,0.00,0.00,0.00,0.00,0,-105.00,-11.00,0.00,0.00,38.00,0.00,0,67
12.01,1565238466,0.00,nan,nan,0.00,0.00,0.00,0.00,0,-106.00,-11.00,0.00,0.00,37.00,0.00,0,67
13.01,1565238467,0.00,nan,nan,0.00,0.00,0.00,0.00,0,-106.00,-11.00,0.00,0.00,37.00,0.00,0,67
16.01,1565238470,0.00,nan,nan,0.00,0.00,0.00,0.00,0,-111.00,-11.00,0.00,0.00,31.00,0.00,0,66
16.01,1565238470,0.00,nan,nan,0.00,0.00,0.00,0.00,0,-112.00,-13.00,0.00,0.00,32.00,0.00,0,67
16.01,1565238470,0.00,nan,nan,0.00,0.00,0.00,0.00,0,-115.00,-15.00,0.00,0.00,32.00,0.00,0,124
17.01,1565238471,0.00,nan,nan,0.00,0.00,0.00,0.00,0,-111.00,-11.00,0.00,0.00,31.00,0.00,0,66
17.01,1565238471,0.00,nan,nan,0.00,0.00,0.00,0.00,0,-112.00,-13.00,0.00,0.00,32.00,0.00,0,67
17.01,1565238471,0.00,nan,nan,0.00,0.00,0.00,0.00,0,-115.00,-15.00,0.00,0.00,32.00,0.00,0,124
20.01,1565238474,0.00,nan,nan,0.00,0.00,0.00,0.00,0,-109.00,-12.00,0.00,0.00,35.00,0.00,0,124
20.01,1565238474,0.00,nan,nan,0.00,0.00,0.00,0.00,0,-103.00,-10.00,0.00,0.00,35.00,0.00,0,75
21.01,1565238475,0.00,nan,nan,0.00,0.00,0.00,0.00,0,-109.00,-12.00,0.00,0.00,35.00,0.00,0,124
21.01,1565238475,0.00,nan,nan,0.00,0.00,0.00,0.00,0,-103.00,-10.00,0.00,0.00,35.00,0.00,0,75
22.01,1565238476,0.00,nan,nan,0.00,0.00,0.00,0.00,0,-111.00,-14.00,0.00,0.00,34.00,0.00,0,124
22.01,1565238476,0.00,nan,nan,0.00,0.00,0.00,0.00,0,-106.00,-12.00,0.00,0.00,34.00,0.00,0,75
23.01,1565238477,0.00,nan,nan,0.00,0.00,0.00,0.00,0,-111.00,-14.00,0.00,0.00,34.00,0.00,0,124
23.01,1565238477,0.00,nan,nan,0.00,0.00,0.00,0.00,0,-106.00,-12.00,0.00,0.00,34.00,0.00,0,75
24.01,1565238478,0.00,nan,nan,0.00,0.00,0.00,0.00,0,-108.00,-11.00,0.00,0.00,34.00,0.00,0,124
24.01,1565238478,0.00,nan,nan,0.00,0.00,0.00,0.00,0,-108.00,-12.00,0.00,0.00,32.00,0.00,0,75
25.01,1565238479,0.00,nan,nan,0.00,0.00,0.00,0.00,0,-108.00,-11.00,0.00,0.00,34.00,0.00,0,124
25.01,1565238479,0.00,nan,nan,0.00,0.00,0.00,0.00,0,-108.00,-12.00,0.00,0.00,32.00,0.00,0,75
26.01,1565238480,0.00,nan,nan,0.00,0.00,0.00,0.00,0,-106.00,-10.00,0.00,0.00,36.00,0.00,0,124
26.01,1565238480,0.00,nan,nan,0.00,0.00,0.00,0.00,0,-109.00,-12.00,0.00,0.00,35.00,0.00,0,66
26.01,1565238480,0.00,nan,nan,0.00,0.00,0.00,0.00,0,-111.00,-14.00,0.00,0.00,35.00,0.00,0,67
26.01,1565238480,0.00,nan,nan,0.00,0.00,0.00,0.00,0,-105.00,-11.00,0.00,0.00,35.00,0.00,0,75
27.01,1565238481,0.00,nan,nan,0.00,0.00,0.00,0.00,0,-106.00,-10.00,0.00,0.00,36.00,0.00,0,124
27.01,1565238481,0.00,nan,nan,0.00,0.00,0.00,0.00,0,-109.00,-12.00,0.00,0.00,35.00,0.00,0,66
27.01,1565238481,0.00,nan,nan,0.00,0.00,0.00,0.00,0,-111.00,-14.00,0.00,0.00,35.00,0.00,0,67
27.01,1565238481,0.00,nan,nan,0.00,0.00,0.00,0.00,0,-105.00,-11.00,0.00,0.00,35.00,0.00,0,75
28.02,1565238482,0.00,nan,nan,0.00,0.00,0.00,0.00,0,-103.00,-10.00,0.00,0.00,39.00,0.00,0,66
28.02,1565238482,0.00,nan,nan,0.00,0.00,0.00,0.00,0,-104.00,-11.00,0.00,0.00,39.00,0.00,0,67
28.02,1565238482,0.00,nan,nan,0.00,0.00,0.00,0.00,0,-106.00,-12.00,0.00,0.00,38.00,0.00,0,124
28.02,1565238482,0.00,nan,nan,0.00,0.00,0.00,0.00,0,-102.00,-10.00,0.00,0.00,37.00,0.00,0,319
28.02,1565238482,0.00,nan,nan,0.00,0.00,0.00,0.00,0,-103.00,-11.00,0.00,0.00,37.00,0.00,0,320
29.01,1565238483,0.00,nan,nan,0.00,0.00,0.00,0.00,0,-103.00,-10.00,0.00,0.00,39.00,0.00,0,66
29.01,1565238483,0.00,nan,nan,0.00,0.00,0.00,0.00,0,-104.00,-11.00,0.00,0.00,39.00,0.00,0,67
29.01,1565238483,0.00,nan,nan,0.00,0.00,0.00,0.00,0,-106.00,-12.00,0.00,0.00,38.00,0.00,0,124
29.01,1565238483,0.00,nan,nan,0.00,0.00,0.00,0.00,0,-102.00,-10.00,0.00,0.00,37.00,0.00,0,319
29.01,1565238483,0.00,nan,nan,0.00,0.00,0.00,0.00,0,-103.00,-11.00,0.00,0.00,37.00,0.00,0,320
30.01,1565238484,0.00,nan,nan,0.00,0.00,0.00,0.00,0,-103.00,-10.00,0.00,0.00,39.00,0.00,0,66
30.01,1565238484,0.00,nan,nan,0.00,0.00,0.00,0.00,0,-104.00,-11.00,0.00,0.00,39.00,0.00,0,67
30.01,1565238484,0.00,nan,nan,0.00,0.00,0.00,0.00,0,-106.00,-12.00,0.00,0.00,38.00,0.00,0,124
30.01,1565238484,0.00,nan,nan,0.00,0.00,0.00,0.00,0,-102.00,-10.00,0.00,0.00,37.00,0.00,0,319
30.01,1565238484,0.00,nan,nan,0.00,0.00,0.00,0.00,0,-103.00,-11.00,0.00,0.00,37.00,0.00,0,320
31.01,1565238485,0.00,nan,nan,0.00,0.00,0.00,0.00,0,-104.00,-10.00,0.00,0.00,38.00,0.00,0,66
31.01,1565238485,0.00,nan,nan,0.00,0.00,0.00,0.00,0,-104.00,-11.00,0.00,0.00,38.00,0.00,0,67
31.01,1565238485,0.00,nan,nan,0.00,0.00,0.00,0.00,0,-107.00,-14.00,0.00,0.00,38.00,0.00,0,124
31.01,1565238485,0.00,nan,nan,0.00,0.00,0.00,0.00,0,-101.00,-9.00,0.00,0.00,37.00,0.00,0,319
31.01,1565238485,0.00,nan,nan,0.00,0.00,0.00,0.00,0,-103.00,-11.00,0.00,0.00,37.00,0.00,0,320
32.01,1565238486,0.00,nan,nan,0.00,0.00,0.00,0.00,0,-104.00,-10.00,0.00,0.00,38.00,0.00,0,66
32.01,1565238486,0.00,nan,nan,0.00,0.00,0.00,0.00,0,-104.00,-11.00,0.00,0.00,38.00,0.00,0,67
32.01,1565238486,0.00,nan,nan,0.00,0.00,0.00,0.00,0,-107.00,-14.00,0.00,0.00,38.00,0.00,0,124
32.01,1565238486,0.00,nan,nan,0.00,0.00,0.00,0.00,0,-101.00,-9.00,0.00,0.00,37.00,0.00,0,319
32.01,1565238486,0.00,nan,nan,0.00,0.00,0.00,0.00,0,-103.00,-11.00,0.00,0.00,37.00,0.00,0,320
33.01,1565238487,0.00,nan,nan,0.00,0.00,0.00,0.00,0,-105.00,-10.00,0.00,0.00,36.00,0.00,0,124
33.01,1565238487,0.00,nan,nan,0.00,0.00,0.00,0.00,0,-107.00,-11.00,0.00,0.00,36.00,0.00,0,66
33.01,1565238487,0.00,nan,nan,0.00,0.00,0.00,0.00,0,-110.00,-15.00,0.00,0.00,36.00,0.00,0,67
33.01,1565238487,0.00,nan,nan,0.00,0.00,0.00,0.00,0,-103.00,-10.00,0.00,0.00,35.00,0.00,0,75
33.01,1565238487,0.00,nan,nan,0.00,0.00,0.00,0.00,0,-104.00,-11.00,0.00,0.00,35.00,0.00,0,319
34.01,1565238488,0.00,nan,nan,0.00,0.00,0.00,0.00,0,-105.00,-10.00,0.00,0.00,36.00,0.00,0,124
34.01,1565238488,0.00,nan,nan,0.00,0.00,0.00,0.00,0,-107.00,-11.00,0.00,0.00,36.00,0.00,0,66
34.01,1565238488,0.00,nan,nan,0.00,0.00,0.00,0.00,0,-110.00,-15.00,0.00,0.00,36.00,0.00,0,67
34.01,1565238488,0.00,nan,nan,0.00,0.00,0.00,0.00,0,-103.00,-10.00,0.00,0.00,35.00,0.00,0,75
34.01,1565238488,0.00,nan,nan,0.00,0.00,0.00,0.00,0,-104.00,-11.00,0.00,0.00,35.00,0.00,0,319
37.01,1565238491,0.00,nan,nan,0.00,0.00,0.00,0.00,0,-108.00,-11.00,0.00,0.00,35.00,0.00,0,124
37.01,1565238491,0.00,nan,nan,0.00,0.00,0.00,0.00,0,-110.00,-14.00,0.00,0.00,36.00,0.00,0,125
37.01,1565238491,0.00,nan,nan,0.00,0.00,0.00,0.00,0,-110.00,-14.00,0.00,0.00,36.00,0.00,0,67
38.01,1565238492,0.00,nan,nan,0.00,0.00,0.00,0.00,0,-108.00,-11.00,0.00,0.00,35.00,0.00,0,124
38.01,1565238492,0.00,nan,nan,0.00,0.00,0.00,0.00,0,-110.00,-14.00,0.00,0.00,36.00,0.00,0,125
38.01,1565238492,0.00,nan,nan,0.00,0.00,0.00,0.00,0,-110.00,-14.00,0.00,0.00,36.00,0.00,0,67
39.01,1565238493,0.00,nan,nan,0.00,0.00,0.00,0.00,0,-109.00,-12.00,0.00,0.00,34.00,0.00,0,124
39.01,1565238493,0.00,nan,nan,0.00,0.00,0.00,0.00,0,-111.00,-14.00,0.00,0.00,35.00,0.00,0,67
39.01,1565238493,0.00,nan,nan,0.00,0.00,0.00,0.00,0,-111.00,-14.00,0.00,0.00,35.00,0.00,0,125
40.01,1565238494,0.00,nan,nan,0.00,0.00,0.00,0.00,0,-109.00,-12.00,0.00,0.00,34.00,0.00,0,124
40.01,1565238494,0.00,nan,nan,0.00,0.00,0.00,0.00,0,-111.00,-14.00,0.00,0.00,35.00,0.00,0,67
40.01,1565238494,0.00,nan,nan,0.00,0.00,0.00,0.00,0,-111.00,-14.00,0.00,0.00,35.00,0.00,0,125
41.01,1565238495,0.00,nan,nan,0.00,0.00,0.00,0.00,0,-109.00,-12.00,0.00,0.00,34.00,0.00,0,124
41.01,1565238495,0.00,nan,nan,0.00,0.00,0.00,0.00,0,-112.00,-15.00,0.00,0.00,35.00,0.00,0,67
41.01,1565238495,0.00,nan,nan,0.00,0.00,0.00,0.00,0,-112.00,-15.00,0.00,0.00,35.00,0.00,0,125
42.01,1565238496,0.00,nan,nan,0.00,0.00,0.00,0.00,0,-109.00,-12.00,0.00,0.00,34.00,0.00,0,124
42.01,1565238496,0.00,nan,nan,0.00,0.00,0.00,0.00,0,-112.00,-15.00,0.00,0.00,35.00,0.00,0,67
42.01,1565238496,0.00,nan,nan,0.00,0.00,0.00,0.00,0,-112.00,-15.00,0.00,0.00,35.00,0.00,0,125
43.01,1565238497,0.00,nan,nan,0.00,0.00,0.00,0.00,0,-107.00,-10.00,0.00,0.00,35.00,0.00,0,124
43.01,1565238497,0.00,nan,nan,0.00,0.00,0.00,0.00,0,-113.00,-15.00,0.00,0.00,34.00,0.00,0,125
44.01,1565238498,0.00,nan,nan,0.00,0.00,0.00,0.00,0,-107.00,-10.00,0.00,0.00,35.00,0.00,0,124
44.01,1565238498,0.00,nan,nan,0.00,0.00,0.00,0.00,0,-113.00,-15.00,0.00,0.00,34.00,0.00,0,125
45.01,1565238499,0.00,nan,nan,0.00,0.00,0.00,0.00,0,-107.00,-10.00,0.00,0.00,35.00,0.00,0,124
46.01,1565238500,0.00,nan,nan,0.00,0.00,0.00,0.00,0,-107.00,-10.00,0.00,0.00,35.00,0.00,0,124
47.01,1565238501,0.00,nan,nan,0.00,0.00,0.00,0.00,0,-108.00,-10.00,0.00,0.00,33.00,0.00,0,124
47.01,1565238501,0.00,nan,nan,0.00,0.00,0.00,0.00,0,-114.00,-12.00,0.00,0.00,29.00,0.00,0,25
47.01,1565238501,0.00,nan,nan,0.00,0.00,0.00,0.00,0,-120.00,-18.00,0.00,0.00,29.00,0.00,0,1
48.01,1565238502,0.00,nan,nan,0.00,0.00,0.00,0.00,0,-108.00,-10.00,0.00,0.00,33.00,0.00,0,124
48.01,1565238502,0.00,nan,nan,0.00,0.00,0.00,0.00,0,-114.00,-12.00,0.00,0.00,29.00,0.00,0,25
48.01,1565238502,0.00,nan,nan,0.00,0.00,0.00,0.00,0,-120.00,-18.00,0.00,0.00,29.00,0.00,0,1
49.02,1565238503,0.00,nan,nan,0.00,0.00,0.00,0.00,0,-114.00,-12.00,0.00,0.00,29.00,0.00,0,25
49.02,1565238503,0.00,nan,nan,0.00,0.00,0.00,0.00,0,-117.00,-13.00,0.00,0.00,28.00,0.00,0,66
50.01,1565238504,0.00,nan,nan,0.00,0.00,0.00,0.00,0,-114.00,-12.00,0.00,0.00,29.00,0.00,0,25
50.01,1565238504,0.00,nan,nan,0.00,0.00,0.00,0.00,0,-117.00,-13.00,0.00,0.00,28.00,0.00,0,66
51.01,1565238505,0.00,nan,nan,0.00,0.00,0.00,0.00,0,-114.00,-12.00,0.00,0.00,29.00,0.00,0,25
51.01,1565238505,0.00,nan,nan,0.00,0.00,0.00,0.00,0,-117.00,-13.00,0.00,0.00,28.00,0.00,0,66
52.01,1565238506,0.00,nan,nan,0.00,0.00,0.00,0.00,0,-113.00,-11.00,0.00,0.00,29.00,0.00,0,25
52.01,1565238506,0.00,nan,nan,0.00,0.00,0.00,0.00,0,-116.00,-14.00,0.00,0.00,29.00,0.00,0,394
52.01,1565238506,0.00,nan,nan,0.00,0.00,0.00,0.00,0,-116.00,-14.00,0.00,0.00,30.00,0.00,0,66
53.01,1565238507,0.00,nan,nan,0.00,0.00,0.00,0.00,0,-113.00,-11.00,0.00,0.00,29.00,0.00,0,25
53.01,1565238507,0.00,nan,nan,0.00,0.00,0.00,0.00,0,-116.00,-14.00,0.00,0.00,29.00,0.00,0,394
53.01,1565238507,0.00,nan,nan,0.00,0.00,0.00,0.00,0,-116.00,-14.00,0.00,0.00,30.00,0.00,0,66
54.01,1565238508,0.00,nan,nan,0.00,0.00,0.00,0.00,0,-114.00,-14.00,0.00,0.00,31.00,0.00,0,66
54.01,1565238508,0.00,nan,nan,0.00,0.00,0.00,0.00,0,-113.00,-11.00,0.00,0.00,30.00,0.00,0,25
55.01,1565238509,0.00,nan,nan,0.00,0.00,0.00,0.00,0,-114.00,-14.00,0.00,0.00,31.00,0.00,0,66
55.01,1565238509,0.00,nan,nan,0.00,0.00,0.00,0.00,0,-113.00,-11.00,0.00,0.00,30.00,0.00,0,25
56.01,1565238510,0.00,nan,nan,0.00,0.00,0.00,0.00,0,-112.00,-13.00,0.00,0.00,32.00,0.00,0,66
56.01,1565238510,0.00,nan,nan,0.00,0.00,0.00,0.00,0,-115.00,-14.00,0.00,0.00,30.00,0.00,0,394
56.01,1565238510,0.00,nan,nan,0.00,0.00,0.00,0.00,0,-114.00,-12.00,0.00,0.00,31.00,0.00,0,25
57.01,1565238511,0.00,nan,nan,0.00,0.00,0.00,0.00,0,-112.00,-13.00,0.00,0.00,32.00,0.00,0,66
57.01,1565238511,0.00,nan,nan,0.00,0.00,0.00,0.00,0,-115.00,-14.00,0.00,0.00,30.00,0.00,0,394
57.01,1565238511,0.00,nan,nan,0.00,0.00,0.00,0.00,0,-114.00,-12.00,0.00,0.00,31.00,0.00,0,25
58.01,1565238512,0.00,nan,nan,0.00,0.00,0.00,0.00,0,-111.00,-12.00,0.00,0.00,32.00,0.00,0,66
58.01,1565238512,0.00,nan,nan,0.00,0.00,0.00,0.00,0,-115.00,-14.00,0.00,0.00,31.00,0.00,0,394
59.01,1565238513,0.00,nan,nan,0.00,0.00,0.00,0.00,0,-111.00,-12.00,0.00,0.00,32.00,0.00,0,66
59.01,1565238513,0.00,nan,nan,0.00,0.00,0.00,0.00,0,-115.00,-14.00,0.00,0.00,31.00,0.00,0,394
60.01,1565238514,0.00,nan,nan,0.00,0.00,0.00,0.00,0,-111.00,-12.00,0.00,0.00,31.00,0.00,0,66
60.01,1565238514,0.00,nan,nan,0.00,0.00,0.00,0.00,0,-115.00,-13.00,0.00,0.00,30.00,0.00,0,394
60.01,1565238514,0.00,nan,nan,0.00,0.00,0.00,0.00,0,-116.00,-12.00,0.00,0.00,28.00,0.00,0,167
61.01,1565238515,0.00,nan,nan,0.00,0.00,0.00,0.00,0,-111.00,-12.00,0.00,0.00,31.00,0.00,0,66
61.01,1565238515,0.00,nan,nan,0.00,0.00,0.00,0.00,0,-115.00,-13.00,0.00,0.00,30.00,0.00,0,394
61.01,1565238515,0.00,nan,nan,0.00,0.00,0.00,0.00,0,-116.00,-12.00,0.00,0.00,28.00,0.00,0,167
62.01,1565238516,0.00,nan,nan,0.00,0.00,0.00,0.00,0,-112.00,-12.00,0.00,0.00,31.00,0.00,0,66
62.01,1565238516,0.00,nan,nan,0.00,0.00,0.00,0.00,0,-115.00,-13.00,0.00,0.00,30.00,0.00,0,394
63.01,1565238517,0.00,nan,nan,0.00,0.00,0.00,0.00,0,-112.00,-12.00,0.00,0.00,31.00,0.00,0,66
63.01,1565238517,0.00,nan,nan,0.00,0.00,0.00,0.00,0,-115.00,-13.00,0.00,0.00,30.00,0.00,0,394
64.01,1565238518,0.00,nan,nan,0.00,0.00,0.00,0.00,0,-113.00,-13.00,0.00,0.00,32.00,0.00,0,66
64.01,1565238518,0.00,nan,nan,0.00,0.00,0.00,0.00,0,-115.00,-13.00,0.00,0.00,31.00,0.00,0,394
65.01,1565238519,0.00,nan,nan,0.00,0.00,0.00,0.00,0,-113.00,-13.00,0.00,0.00,32.00,0.00,0,66
65.01,1565238519,0.00,nan,nan,0.00,0.00,0.00,0.00,0,-115.00,-13.00,0.00,0.00,31.00,0.00,0,394
66.01,1565238520,0.00,nan,nan,0.00,0.00,0.00,0.00,0,-113.00,-13.00,0.00,0.00,32.00,0.00,0,66
66.01,1565238520,0.00,nan,nan,0.00,0.00,0.00,0.00,0,-114.00,-13.00,0.00,0.00,31.00,0.00,0,394
67.01,1565238521,0.00,nan,nan,0.00,0.00,0.00,0.00,0,-113.00,-13.00,0.00,0.00,32.00,0.00,0,66
67.01,1565238521,0.00,nan,nan,0.00,0.00,0.00,0.00,0,-114.00,-13.00,0.00,0.00,31.00,0.00,0,394
68.01,1565238522,0.00,nan,nan,0.00,0.00,0.00,0.00,0,-114.00,-13.00,0.00,0.00,31.00,0.00,0,66
68.01,1565238522,0.00,nan,nan,0.00,0.00,0.00,0.00,0,-115.00,-14.00,0.00,0.00,31.00,0.00,0,394
69.01,1565238523,0.00,nan,nan,0.00,0.00,0.00,0.00,0,-114.00,-13.00,0.00,0.00,31.00,0.00,0,66
69.01,1565238523,0.00,nan,nan,0.00,0.00,0.00,0.00,0,-115.00,-14.00,0.00,0.00,31.00,0.00,0,394
70.02,1565238524,0.00,nan,nan,0.00,0.00,0.00,0.00,0,-113.00,-13.00,0.00,0.00,31.00,0.00,0,66
70.02,1565238524,0.00,nan,nan,0.00,0.00,0.00,0.00,0,-115.00,-14.00,0.00,0.00,30.00,0.00,0,394
71.01,1565238525,0.00,nan,nan,0.00,0.00,0.00,0.00,0,-113.00,-13.00,0.00,0.00,31.00,0.00,0,66
71.01,1565238525,0.00,nan,nan,0.00,0.00,0.00,0.00,0,-115.00,-14.00,0.00,0.00,30.00,0.00,0,394
72.01,1565238526,0.00,nan,nan,0.00,0.00,0.00,0.00,0,-113.00,-13.00,0.00,0.00,31.00,0.00,0,66
72.01,1565238526,0.00,nan,nan,0.00,0.00,0.00,0.00,0,-115.00,-14.00,0.00,0.00,30.00,0.00,0,394
73.01,1565238527,0.00,nan,nan,0.00,0.00,0.00,0.00,0,-114.00,-13.00,0.00,0.00,31.00,0.00,0,66
73.01,1565238527,0.00,nan,nan,0.00,0.00,0.00,0.00,0,-115.00,-13.00,0.00,0.00,30.00,0.00,0,394
74.01,1565238528,0.00,nan,nan,0.00,0.00,0.00,0.00,0,-114.00,-13.00,0.00,0.00,31.00,0.00,0,66
74.01,1565238528,0.00,nan,nan,0.00,0.00,0.00,0.00,0,-115.00,-13.00,0.00,0.00,30.00,0.00,0,394
75.01,1565238529,0.00,nan,nan,0.00,0.00,0.00,0.00,0,-114.00,-13.00,0.00,0.00,31.00,0.00,0,66
75.01,1565238529,0.00,nan,nan,0.00,0.00,0.00,0.00,0,-114.00,-13.00,0.00,0.00,30.00,0.00,0,394
76.01,1565238530,0.00,nan,nan,0.00,0.00,0.00,0.00,0,-114.00,-13.00,0.00,0.00,31.00,0.00,0,66
76.01,1565238530,0.00,nan,nan,0.00,0.00,0.00,0.00,0,-114.00,-13.00,0.00,0.00,30.00,0.00,0,394
112.11,1565238566,0.00,nan,nan,0.00,0.00,0.00,0.00,0,-87.00,-9.00,0.00,0.00,53.00,0.00,0,123
112.11,1565238566,0.00,nan,nan,0.00,0.00,0.00,0.00,0,-86.00,-9.00,0.00,0.00,52.00,0.00,0,77
113.11,1565238567,0.00,nan,nan,0.00,0.00,0.00,0.00,0,-87.00,-9.00,0.00,0.00,53.00,0.00,0,123
113.11,1565238567,0.00,nan,nan,0.00,0.00,0.00,0.00,0,-86.00,-9.00,0.00,0.00,52.00,0.00,0,77
114.12,1565238568,0.00,nan,nan,0.00,0.00,0.00,0.00,0,-83.00,-6.00,0.00,0.00,55.00,0.00,0,123
114.12,1565238568,0.00,nan,nan,0.00,0.00,0.00,0.00,0,-81.00,-7.00,0.00,0.00,55.00,0.00,0,77
115.11,1565238569,0.00,nan,nan,0.00,0.00,0.00,0.00,0,-83.00,-6.00,0.00,0.00,55.00,0.00,0,123
115.11,1565238569,0.00,nan,nan,0.00,0.00,0.00,0.00,0,-81.00,-7.00,0.00,0.00,55.00,0.00,0,77
116.11,1565238570,0.00,nan,nan,0.00,0.00,0.00,0.00,0,-83.00,-6.00,0.00,0.00,55.00,0.00,0,123
116.11,1565238570,0.00,nan,nan,0.00,0.00,0.00,0.00,0,-81.00,-7.00,0.00,0.00,55.00,0.00,0,77
117.11,1565238571,0.00,nan,nan,0.00,0.00,0.00,0.00,0,-87.00,-11.00,0.00,0.00,56.00,0.00,0,124
117.11,1565238571,0.00,nan,nan,0.00,0.00,0.00,0.00,0,-83.00,-10.00,0.00,0.00,56.00,0.00,0,75
118.11,1565238572,0.00,nan,nan,0.00,0.00,0.00,0.00,0,-87.00,-11.00,0.00,0.00,56.00,0.00,0,124
118.11,1565238572,0.00,nan,nan,0.00,0.00,0.00,0.00,0,-83.00,-10.00,0.00,0.00,56.00,0.00,0,75
119.11,1565238573,0.00,nan,nan,0.00,0.00,0.00,0.00,0,-82.00,-12.00,0.00,0.00,62.00,0.00,0,124
119.11,1565238573,0.00,nan,nan,0.00,0.00,0.00,0.00,0,-76.00,-10.00,0.00,0.00,62.00,0.00,0,75
120.11,1565238574,0.00,nan,nan,0.00,0.00,0.00,0.00,0,-82.00,-12.00,0.00,0.00,62.00,0.00,0,124
120.11,1565238574,0.00,nan,nan,0.00,0.00,0.00,0.00,0,-76.00,-10.00,0.00,0.00,62.00,0.00,0,75
150.11,1565238604,0.00,nan,nan,0.00,0.00,0.00,0.00,0,-111.00,-7.00,0.00,0.00,28.00,0.00,0,458
151.11,1565238605,0.00,nan,nan,0.00,0.00,0.00,0.00,0,-111.00,-7.00,0.00,0.00,28.00,0.00,0,458
156.12,1565238610,0.00,nan,nan,0.00,0.00,0.00,0.00,0,-113.00,-12.00,0.00,0.00,31.00,0.00,0,458
156.12,1565238610,0.00,nan,nan,0.00,0.00,0.00,0.00,0,-113.00,-16.00,0.00,0.00,33.00,0.00,0,205
156.12,1565238610,0.00,nan,nan,0.00,0.00,0.00,0.00,0,-115.00,-19.00,0.00,0.00,35.00,0.00,0,100
157.11,1565238611,0.00,nan,nan,0.00,0.00,0.00,0.00,0,-113.00,-12.00,0.00,0.00,31.00,0.00,0,458
157.11,1565238611,0.00,nan,nan,0.00,0.00,0.00,0.00,0,-113.00,-16.00,0.00,0.00,33.00,0.00,0,205
157.11,1565238611,0.00,nan,nan,0.00,0.00,0.00,0.00,0,-115.00,-19.00,0.00,0.00,35.00,0.00,0,100
158.11,1565238612,0.00,nan,nan,0.00,0.00,0.00,0.00,0,-113.00,-12.00,0.00,0.00,31.00,0.00,0,458
158.11,1565238612,0.00,nan,nan,0.00,0.00,0.00,0.00,0,-113.00,-16.00,0.00,0.00,33.00,0.00,0,205
158.11,1565238612,0.00,nan,nan,0.00,0.00,0.00,0.00,0,-115.00,-19.00,0.00,0.00,35.00,0.00,0,100
159.11,1565238613,0.00,nan,nan,0.00,0.00,0.00,0.00,0,-112.00,-14.00,0.00,0.00,33.00,0.00,0,205
159.11,1565238613,0.00,nan,nan,0.00,0.00,0.00,0.00,0,-115.00,-17.00,0.00,0.00,34.00,0.00,0,100
159.11,1565238613,0.00,nan,nan,0.00,0.00,0.00,0.00,0,-114.00,-14.00,0.00,0.00,31.00,0.00,0,458
160.11,1565238614,0.00,nan,nan,0.00,0.00,0.00,0.00,0,-112.00,-14.00,0.00,0.00,33.00,0.00,0,205
160.11,1565238614,0.00,nan,nan,0.00,0.00,0.00,0.00,0,-115.00,-17.00,0.00,0.00,34.00,0.00,0,100
160.11,1565238614,0.00,nan,nan,0.00,0.00,0.00,0.00,0,-114.00,-14.00,0.00,0.00,31.00,0.00,0,458
161.11,1565238615,0.00,nan,nan,0.00,0.00,0.00,0.00,0,-113.00,-14.00,0.00,0.00,32.00,0.00,0,205
161.11,1565238615,0.00,nan,nan,0.00,0.00,0.00,0.00,0,-115.00,-15.00,0.00,0.00,33.00,0.00,0,458
161.11,1565238615,0.00,nan,nan,0.00,0.00,0.00,0.00,0,-115.00,-18.00,0.00,0.00,34.00,0.00,0,100
162.11,1565238616,0.00,nan,nan,0.00,0.00,0.00,0.00,0,-113.00,-14.00,0.00,0.00,32.00,0.00,0,205
162.11,1565238616,0.00,nan,nan,0.00,0.00,0.00,0.00,0,-115.00,-15.00,0.00,0.00,33.00,0.00,0,458
162.11,1565238616,0.00,nan,nan,0.00,0.00,0.00,0.00,0,-115.00,-18.00,0.00,0.00,34.00,0.00,0,100
163.11,1565238617,0.00,nan,nan,0.00,0.00,0.00,0.00,0,-113.00,-13.00,0.00,0.00,32.00,0.00,0,205
163.11,1565238617,0.00,nan,nan,0.00,0.00,0.00,0.00,0,-115.00,-17.00,0.00,0.00,34.00,0.00,0,100
163.11,1565238617,0.00,nan,nan,0.00,0.00,0.00,0.00,0,-115.00,-16.00,0.00,0.00,33.00,0.00,0,458
164.11,1565238618,0.00,nan,nan,0.00,0.00,0.00,0.00,0,-113.00,-13.00,0.00,0.00,32.00,0.00,0,205
164.11,1565238618,0.00,nan,nan,0.00,0.00,0.00,0.00,0,-115.00,-17.00,0.00,0.00,34.00,0.00,0,100
164.11,1565238618,0.00,nan,nan,0.00,0.00,0.00,0.00,0,-115.00,-16.00,0.00,0.00,33.00,0.00,0,458
165.11,1565238619,0.00,nan,nan,0.00,0.00,0.00,0.00,0,-115.00,-14.00,0.00,0.00,32.00,0.00,0,100
165.11,1565238619,0.00,nan,nan,0.00,0.00,0.00,0.00,0,-114.00,-13.00,0.00,0.00,31.00,0.00,0,205
166.11,1565238620,0.00,nan,nan,0.00,0.00,0.00,0.00,0,-115.00,-14.00,0.00,0.00,32.00,0.00,0,100
166.11,1565238620,0.00,nan,nan,0.00,0.00,0.00,0.00,0,-114.00,-13.00,0.00,0.00,31.00,0.00,0,205
207.11,1565238661,0.00,nan,nan,0.00,0.00,0.00,0.00,0,-91.00,-9.00,0.00,0.00,49.00,0.00,0,125
208.11,1565238662,0.00,nan,nan,0.00,0.00,0.00,0.00,0,-91.00,-9.00,0.00,0.00,49.00,0.00,0,125
209.11,1565238663,0.00,nan,nan,0.00,0.00,0.00,0.00,0,-91.00,-9.00,0.00,0.00,49.00,0.00,0,125
210.11,1565238664,0.00,nan,nan,0.00,0.00,0.00,0.00,0,-91.00,-9.00,0.00,0.00,49.00,0.00,0,125
230.11,1565238684,0.00,nan,nan,0.00,0.00,0.00,0.00,0,-81.00,-12.00,0.00,0.00,61.00,0.00,0,75
231.11,1565238685,0.00,nan,nan,0.00,0.00,0.00,0.00,0,-81.00,-12.00,0.00,0.00,61.00,0.00,0,75
270.11,1565238724,0.00,nan,nan,0.00,0.00,0.00,0.00,0,-96.00,-10.00,0.00,0.00,47.00,0.00,0,123
271.11,1565238725,0.00,nan,nan,0.00,0.00,0.00,0.00,0,-96.00,-10.00,0.00,0.00,47.00,0.00,0,123
272.11,1565238726,0.00,nan,nan,0.00,0.00,0.00,0.00,0,-104.00,-11.00,0.00,0.00,39.00,0.00,0,403
272.11,1565238726,0.00,nan,nan,0.00,0.00,0.00,0.00,0,-107.00,-11.00,0.00,0.00,36.00,0.00,0,167
272.11,1565238726,0.00,nan,nan,0.00,0.00,0.00,0.00,0,-104.00,-14.00,0.00,0.00,41.00,0.00,0,123
273.11,1565238727,0.00,nan,nan,0.00,0.00,0.00,0.00,0,-104.00,-11.00,0.00,0.00,39.00,0.00,0,403
273.11,1565238727,0.00,nan,nan,0.00,0.00,0.00,0.00,0,-107.00,-11.00,0.00,0.00,36.00,0.00,0,167
273.11,1565238727,0.00,nan,nan,0.00,0.00,0.00,0.00,0,-104.00,-14.00,0.00,0.00,41.00,0.00,0,123
282.12,1565238736,0.00,nan,nan,0.00,0.00,0.00,0.00,0,-115.00,-13.00,0.00,0.00,30.00,0.00,0,123
283.11,1565238737,0.00,nan,nan,0.00,0.00,0.00,0.00,0,-115.00,-13.00,0.00,0.00,30.00,0.00,0,123
284.11,1565238738,0.00,nan,nan,0.00,0.00,0.00,0.00,0,-115.00,-13.00,0.00,0.00,30.00,0.00,0,123
287.11,1565238741,0.00,nan,nan,0.00,0.00,0.00,0.00,0,-114.00,-11.00,0.00,0.00,28.00,0.00,0,231
287.11,1565238741,0.00,nan,nan,0.00,0.00,0.00,0.00,0,-119.00,-15.00,0.00,0.00,27.00,0.00,0,360
287.11,1565238741,0.00,nan,nan,0.00,0.00,0.00,0.00,0,-119.00,-14.00,0.00,0.00,26.00,0.00,0,195
288.11,1565238742,0.00,nan,nan,0.00,0.00,0.00,0.00,0,-114.00,-11.00,0.00,0.00,28.00,0.00,0,231
288.11,1565238742,0.00,nan,nan,0.00,0.00,0.00,0.00,0,-119.00,-15.00,0.00,0.00,27.00,0.00,0,360
288.11,1565238742,0.00,nan,nan,0.00,0.00,0.00,0.00,0,-119.00,-14.00,0.00,0.00,26.00,0.00,0,195
289.11,1565238743,0.00,nan,nan,0.00,0.00,0.00,0.00,0,-114.00,-11.00,0.00,0.00,28.00,0.00,0,231
289.11,1565238743,0.00,nan,nan,0.00,0.00,0.00,0.00,0,-118.00,-13.00,0.00,0.00,27.00,0.00,0,195
289.11,1565238743,0.00,nan,nan,0.00,0.00,0.00,0.00,0,-117.00,-14.00,0.00,0.00,28.00,0.00,0,249
290.11,1565238744,0.00,nan,nan,0.00,0.00,0.00,0.00,0,-114.00,-11.00,0.00,0.00,28.00,0.00,0,231
290.11,1565238744,0.00,nan,nan,0.00,0.00,0.00,0.00,0,-118.00,-13.00,0.00,0.00,27.00,0.00,0,195
290.11,1565238744,0.00,nan,nan,0.00,0.00,0.00,0.00,0,-117.00,-14.00,0.00,0.00,28.00,0.00,0,249
291.11,1565238745,0.00,nan,nan,0.00,0.00,0.00,0.00,0,-114.00,-11.00,0.00,0.00,29.00,0.00,0,231
291.11,1565238745,0.00,nan,nan,0.00,0.00,0.00,0.00,0,-116.00,-14.00,0.00,0.00,29.00,0.00,0,123
291.11,1565238745,0.00,nan,nan,0.00,0.00,0.00,0.00,0,-117.00,-14.00,0.00,0.00,29.00,0.00,0,249
292.11,1565238746,0.00,nan,nan,0.00,0.00,0.00,0.00,0,-114.00,-11.00,0.00,0.00,29.00,0.00,0,231
292.11,1565238746,0.00,nan,nan,0.00,0.00,0.00,0.00,0,-116.00,-14.00,0.00,0.00,29.00,0.00,0,123
292.11,1565238746,0.00,nan,nan,0.00,0.00,0.00,0.00,0,-117.00,-14.00,0.00,0.00,29.00,0.00,0,249
293.11,1565238747,0.00,nan,nan,0.00,0.00,0.00,0.00,0,-114.00,-11.00,0.00,0.00,28.00,0.00,0,231
293.11,1565238747,0.00,nan,nan,0.00,0.00,0.00,0.00,0,-116.00,-13.00,0.00,0.00,28.00,0.00,0,123
293.11,1565238747,0.00,nan,nan,0.00,0.00,0.00,0.00,0,-119.00,-17.00,0.00,0.00,29.00,0.00,0,125
294.11,1565238748,0.00,nan,nan,0.00,0.00,0.00,0.00,0,-114.00,-11.00,0.00,0.00,28.00,0.00,0,231
294.11,1565238748,0.00,nan,nan,0.00,0.00,0.00,0.00,0,-116.00,-13.00,0.00,0.00,28.00,0.00,0,123
294.11,1565238748,0.00,nan,nan,0.00,0.00,0.00,0.00,0,-119.00,-17.00,0.00,0.00,29.00,0.00,0,125
295.11,1565238749,0.00,nan,nan,0.00,0.00,0.00,0.00,0,-114.00,-11.00,0.00,0.00,28.00,0.00,0,231
295.11,1565238749,0.00,nan,nan,0.00,0.00,0.00,0.00,0,-115.00,-12.00,0.00,0.00,28.00,0.00,0,123
295.11,1565238749,0.00,nan,nan,0.00,0.00,0.00,0.00,0,-119.00,-15.00,0.00,0.00,27.00,0.00,0,404
296.11,1565238750,0.00,nan,nan,0.00,0.00,0.00,0.00,0,-114.00,-11.00,0.00,0.00,28.00,0.00,0,231
296.11,1565238750,0.00,nan,nan,0.00,0.00,0.00,0.00,0,-115.00,-12.00,0.00,0.00,28.00,0.00,0,123
296.11,1565238750,0.00,nan,nan,0.00,0.00,0.00,0.00,0,-119.00,-15.00,0.00,0.00,27.00,0.00,0,404
299.11,1565238753,0.00,nan,nan,0.00,0.00,0.00,0.00,0,-114.00,-13.00,0.00,0.00,31.00,0.00,0,123
299.11,1565238753,0.00,nan,nan,0.00,0.00,0.00,0.00,0,-115.00,-13.00,0.00,0.00,29.00,0.00,0,167
299.11,1565238753,0.00,nan,nan,0.00,0.00,0.00,0.00,0,-116.00,-13.00,0.00,0.00,29.00,0.00,0,404
300.11,1565238754,0.00,nan,nan,0.00,0.00,0.00,0.00,0,-114.00,-13.00,0.00,0.00,31.00,0.00,0,123
300.11,1565238754,0.00,nan,nan,0.00,0.00,0.00,0.00,0,-115.00,-13.00,0.00,0.00,29.00,0.00,0,167
300.11,1565238754,0.00,nan,nan,0.00,0.00,0.00,0.00,0,-116.00,-13.00,0.00,0.00,29.00,0.00,0,404
301.11,1565238755,0.00,nan,nan,0.00,0.00,0.00,0.00,0,-110.00,-11.00,0.00,0.00,33.00,0.00,0,123
302.11,1565238756,0.00,nan,nan,0.00,0.00,0.00,0.00,0,-110.00,-11.00,0.00,0.00,33.00,0.00,0,123
303.12,1565238757,0.00,nan,nan,0.00,0.00,0.00,0.00,0,-109.00,-11.00,0.00,0.00,33.00,0.00,0,123
304.11,1565238758,0.00,nan,nan,0.00,0.00,0.00,0.00,0,-109.00,-11.00,0.00,0.00,33.00,0.00,0,123
305.11,1565238759,0.00,nan,nan,0.00,0.00,0.00,0.00,0,-109.00,-11.00,0.00,0.00,33.00,0.00,0,123
306.11,1565238760,0.00,nan,nan,0.00,0.00,0.00,0.00,0,-106.00,-10.00,0.00,0.00,36.00,0.00,0,123
307.11,1565238761,0.00,nan,nan,0.00,0.00,0.00,0.00,0,-106.00,-10.00,0.00,0.00,36.00,0.00,0,123
308.11,1565238762,0.00,nan,nan,0.00,0.00,0.00,0.00,0,-103.00,-11.00,0.00,0.00,40.00,0.00,0,123
309.11,1565238763,0.00,nan,nan,0.00,0.00,0.00,0.00,0,-103.00,-11.00,0.00,0.00,40.00,0.00,0,123
345.12,1565238799,0.00,nan,nan,0.00,0.00,0.00,0.00,0,-78.00,-6.00,0.00,0.00,61.00,0.00,0,233
346.11,1565238800,0.00,nan,nan,0.00,0.00,0.00,0.00,0,-78.00,-6.00,0.00,0.00,61.00,0.00,0,233
347.11,1565238801,0.00,nan,nan,0.00,0.00,0.00,0.00,0,-78.00,-6.00,0.00,0.00,61.00,0.00,0,233
381.11,1565238835,0.00,nan,nan,0.00,0.00,0.00,0.00,0,-99.00,-8.00,0.00,0.00,42.00,0.00,0,49
382.11,1565238836,0.00,nan,nan,0.00,0.00,0.00,0.00,0,-99.00,-8.00,0.00,0.00,42.00,0.00,0,49
383.11,1565238837,0.00,nan,nan,0.00,0.00,0.00,0.00,0,-102.00,-9.00,0.00,0.00,39.00,0.00,0,49
384.11,1565238838,0.00,nan,nan,0.00,0.00,0.00,0.00,0,-102.00,-9.00,0.00,0.00,39.00,0.00,0,49
387.12,1565238841,0.00,nan,nan,0.00,0.00,0.00,0.00,0,-104.00,-11.00,0.00,0.00,39.00,0.00,0,414
387.12,1565238841,0.00,nan,nan,0.00,0.00,0.00,0.00,0,-106.00,-11.00,0.00,0.00,37.00,0.00,0,97
387.12,1565238841,0.00,nan,nan,0.00,0.00,0.00,0.00,0,-107.00,-12.00,0.00,0.00,36.00,0.00,0,49
388.11,1565238842,0.00,nan,nan,0.00,0.00,0.00,0.00,0,-104.00,-11.00,0.00,0.00,39.00,0.00,0,414
388.11,1565238842,0.00,nan,nan,0.00,0.00,0.00,0.00,0,-106.00,-11.00,0.00,0.00,37.00,0.00,0,97
388.11,1565238842,0.00,nan,nan,0.00,0.00,0.00,0.00,0,-107.00,-12.00,0.00,0.00,36.00,0.00,0,49
389.11,1565238843,0.00,nan,nan,0.00,0.00,0.00,0.00,0,-104.00,-11.00,0.00,0.00,39.00,0.00,0,414
389.11,1565238843,0.00,nan,nan,0.00,0.00,0.00,0.00,0,-106.00,-11.00,0.00,0.00,37.00,0.00,0,97
389.11,1565238843,0.00,nan,nan,0.00,0.00,0.00,0.00,0,-107.00,-12.00,0.00,0.00,36.00,0.00,0,49
392.11,1565238846,0.00,nan,nan,0.00,0.00,0.00,0.00,0,-102.00,-8.00,0.00,0.00,38.00,0.00,0,414
392.11,1565238846,0.00,nan,nan,0.00,0.00,0.00,0.00,0,-106.00,-11.00,0.00,0.00,36.00,0.00,0,375
392.11,1565238846,0.00,nan,nan,0.00,0.00,0.00,0.00,0,-108.00,-14.00,0.00,0.00,38.00,0.00,0,49
393.11,1565238847,0.00,nan,nan,0.00,0.00,0.00,0.00,0,-102.00,-8.00,0.00,0.00,38.00,0.00,0,414
393.11,1565238847,0.00,nan,nan,0.00,0.00,0.00,0.00,0,-106.00,-11.00,0.00,0.00,36.00,0.00,0,375
393.11,1565238847,0.00,nan,nan,0.00,0.00,0.00,0.00,0,-108.00,-14.00,0.00,0.00,38.00,0.00,0,49
394.11,1565238848,0.00,nan,nan,0.00,0.00,0.00,0.00,0,-104.00,-11.00,0.00,0.00,39.00,0.00,0,49
394.11,1565238848,0.00,nan,nan,0.00,0.00,0.00,0.00,0,-101.00,-10.00,0.00,0.00,40.00,0.00,0,97
394.11,1565238848,0.00,nan,nan,0.00,0.00,0.00,0.00,0,-103.00,-9.00,0.00,0.00,38.00,0.00,0,375
395.11,1565238849,0.00,nan,nan,0.00,0.00,0.00,0.00,0,-104.00,-11.00,0.00,0.00,39.00,0.00,0,49
395.11,1565238849,0.00,nan,nan,0.00,0.00,0.00,0.00,0,-101.00,-10.00,0.00,0.00,40.00,0.00,0,97
395.11,1565238849,0.00,nan,nan,0.00,0.00,0.00,0.00,0,-103.00,-9.00,0.00,0.00,38.00,0.00,0,375
396.11,1565238850,0.00,nan,nan,0.00,0.00,0.00,0.00,0,-101.00,-9.00,0.00,0.00,40.00,0.00,0,414
396.11,1565238850,0.00,nan,nan,0.00,0.00,0.00,0.00,0,-103.00,-11.00,0.00,0.00,40.00,0.00,0,348
396.11,1565238850,0.00,nan,nan,0.00,0.00,0.00,0.00,0,-104.00,-10.00,0.00,0.00,38.00,0.00,0,97
396.12,1565238850,0.00,nan,nan,0.00,0.00,0.00,0.00,0,-87.00,-8.00,0.00,0.00,50.00,0.00,0,287
396.12,1565238850,0.00,nan,nan,0.00,0.00,0.00,0.00,0,-92.00,-8.00,0.00,0.00,49.00,0.00,0,212
397.11,1565238851,0.00,nan,nan,0.00,0.00,0.00,0.00,0,-101.00,-9.00,0.00,0.00,40.00,0.00,0,414
397.11,1565238851,0.00,nan,nan,0.00,0.00,0.00,0.00,0,-103.00,-11.00,0.00,0.00,40.00,0.00,0,348
397.11,1565238851,0.00,nan,nan,0.00,0.00,0.00,0.00,0,-104.00,-10.00,0.00,0.00,38.00,0.00,0,97
397.12,1565238851,0.00,nan,nan,0.00,0.00,0.00,0.00,0,-87.00,-8.00,0.00,0.00,50.00,0.00,0,287
397.12,1565238851,0.00,nan,nan,0.00,0.00,0.00,0.00,0,-92.00,-8.00,0.00,0.00,49.00,0.00,0,212
398.11,1565238852,0.00,nan,nan,0.00,0.00,0.00,0.00,0,-99.00,-10.00,0.00,0.00,44.00,0.00,0,375
399.11,1565238853,0.00,nan,nan,0.00,0.00,0.00,0.00,0,-99.00,-10.00,0.00,0.00,44.00,0.00,0,375
402.11,1565238856,0.00,nan,nan,0.00,0.00,0.00,0.00,0,-97.00,-12.00,0.00,0.00,46.00,0.00,0,233
402.11,1565238856,0.00,nan,nan,0.00,0.00,0.00,0.00,0,-97.00,-12.00,0.00,0.00,46.00,0.00,0,414
402.11,1565238856,0.00,nan,nan,0.00,0.00,0.00,0.00,0,-91.00,-11.00,0.00,0.00,48.00,0.00,0,150
403.11,1565238857,0.00,nan,nan,0.00,0.00,0.00,0.00,0,-97.00,-12.00,0.00,0.00,46.00,0.00,0,233
403.11,1565238857,0.00,nan,nan,0.00,0.00,0.00,0.00,0,-97.00,-12.00,0.00,0.00,46.00,0.00,0,414
403.11,1565238857,0.00,nan,nan,0.00,0.00,0.00,0.00,0,-91.00,-11.00,0.00,0.00,48.00,0.00,0,150
404.11,1565238858,0.00,nan,nan,0.00,0.00,0.00,0.00,0,-94.00,-9.00,0.00,0.00,47.00,0.00,0,414
404.11,1565238858,0.00,nan,nan,0.00,0.00,0.00,0.00,0,-100.00,-13.00,0.00,0.00,46.00,0.00,0,26
404.12,1565238858,0.00,nan,nan,0.00,0.00,0.00,0.00,0,-100.00,-14.00,0.00,0.00,45.00,0.00,0,233
404.12,1565238858,0.00,nan,nan,0.00,0.00,0.00,0.00,0,-95.00,-11.00,0.00,0.00,45.00,0.00,0,150
404.12,1565238858,0.00,nan,nan,0.00,0.00,0.00,0.00,0,-98.00,-12.00,0.00,0.00,44.00,0.00,0,353
405.11,1565238859,0.00,nan,nan,0.00,0.00,0.00,0.00,0,-94.00,-9.00,0.00,0.00,47.00,0.00,0,414
405.11,1565238859,0.00,nan,nan,0.00,0.00,0.00,0.00,0,-100.00,-13.00,0.00,0.00,46.00,0.00,0,26
405.11,1565238859,0.00,nan,nan,0.00,0.00,0.00,0.00,0,-100.00,-14.00,0.00,0.00,45.00,0.00,0,233
405.11,1565238859,0.00,nan,nan,0.00,0.00,0.00,0.00,0,-95.00,-11.00,0.00,0.00,45.00,0.00,0,150
405.12,1565238859,0.00,nan,nan,0.00,0.00,0.00,0.00,0,-98.00,-12.00,0.00,0.00,44.00,0.00,0,353
406.11,1565238860,0.00,nan,nan,0.00,0.00,0.00,0.00,0,-98.00,-12.00,0.00,0.00,46.00,0.00,0,414
406.11,1565238860,0.00,nan,nan,0.00,0.00,0.00,0.00,0,-100.00,-14.00,0.00,0.00,46.00,0.00,0,233
406.11,1565238860,0.00,nan,nan,0.00,0.00,0.00,0.00,0,-102.00,-12.00,0.00,0.00,42.00,0.00,0,375
406.12,1565238860,0.00,nan,nan,0.00,0.00,0.00,0.00,0,-93.00,-11.00,0.00,0.00,47.00,0.00,0,150
407.11,1565238861,0.00,nan,nan,0.00,0.00,0.00,0.00,0,-98.00,-12.00,0.00,0.00,46.00,0.00,0,414
407.11,1565238861,0.00,nan,nan,0.00,0.00,0.00,0.00,0,-100.00,-14.00,0.00,0.00,46.00,0.00,0,233
407.11,1565238861,0.00,nan,nan,0.00,0.00,0.00,0.00,0,-102.00,-12.00,0.00,0.00,42.00,0.00,0,375
407.12,1565238861,0.00,nan,nan,0.00,0.00,0.00,0.00,0,-93.00,-11.00,0.00,0.00,47.00,0.00,0,150
413.11,1565238867,0.00,nan,nan,0.00,0.00,0.00,0.00,0,-89.00,-10.00,0.00,0.00,53.00,0.00,0,348
413.11,1565238867,0.00,nan,nan,0.00,0.00,0.00,0.00,0,-85.00,-8.00,0.00,0.00,52.00,0.00,0,187
414.11,1565238868,0.00,nan,nan,0.00,0.00,0.00,0.00,0,-89.00,-10.00,0.00,0.00,53.00,0.00,0,348
414.12,1565238868,0.00,nan,nan,0.00,0.00,0.00,0.00,0,-85.00,-8.00,0.00,0.00,52.00,0.00,0,187
415.11,1565238869,0.00,nan,nan,0.00,0.00,0.00,0.00,0,-85.00,-7.00,0.00,0.00,54.00,0.00,0,375
415.11,1565238869,0.00,nan,nan,0.00,0.00,0.00,0.00,0,-90.00,-13.00,0.00,0.00,55.00,0.00,0,233
415.12,1565238869,0.00,nan,nan,0.00,0.00,0.00,0.00,0,-84.00,-8.00,0.00,0.00,52.00,0.00,0,144
415.12,1565238869,0.00,nan,nan,0.00,0.00,0.00,0.00,0,-87.00,-11.00,0.00,0.00,54.00,0.00,0,436
416.11,1565238870,0.00,nan,nan,0.00,0.00,0.00,0.00,0,-85.00,-7.00,0.00,0.00,54.00,0.00,0,375
416.11,1565238870,0.00,nan,nan,0.00,0.00,0.00,0.00,0,-90.00,-13.00,0.00,0.00,55.00,0.00,0,233
416.11,1565238870,0.00,nan,nan,0.00,0.00,0.00,0.00,0,-84.00,-8.00,0.00,0.00,52.00,0.00,0,144
416.11,1565238870,0.00,nan,nan,0.00,0.00,0.00,0.00,0,-87.00,-11.00,0.00,0.00,54.00,0.00,0,436
417.11,1565238871,0.00,nan,nan,0.00,0.00,0.00,0.00,0,-86.00,-9.00,0.00,0.00,55.00,0.00,0,233
417.12,1565238871,0.00,nan,nan,0.00,0.00,0.00,0.00,0,-89.00,-9.00,0.00,0.00,51.00,0.00,0,375
417.12,1565238871,0.00,nan,nan,0.00,0.00,0.00,0.00,0,-90.00,-11.00,0.00,0.00,50.00,0.00,0,141
417.12,1565238871,0.00,nan,nan,0.00,0.00,0.00,0.00,0,-82.00,-7.00,0.00,0.00,54.00,0.00,0,144
417.12,1565238871,0.00,nan,nan,0.00,0.00,0.00,0.00,0,-84.00,-11.00,0.00,0.00,56.00,0.00,0,436
418.11,1565238872,0.00,nan,nan,0.00,0.00,0.00,0.00,0,-86.00,-9.00,0.00,0.00,55.00,0.00,0,233
418.11,1565238872,0.00,nan,nan,0.00,0.00,0.00,0.00,0,-89.00,-9.00,0.00,0.00,51.00,0.00,0,375
418.12,1565238872,0.00,nan,nan,0.00,0.00,0.00,0.00,0,-90.00,-11.00,0.00,0.00,50.00,0.00,0,141
418.12,1565238872,0.00,nan,nan,0.00,0.00,0.00,0.00,0,-82.00,-7.00,0.00,0.00,54.00,0.00,0,144
418.12,1565238872,0.00,nan,nan,0.00,0.00,0.00,0.00,0,-84.00,-11.00,0.00,0.00,56.00,0.00,0,436
419.11,1565238873,0.00,nan,nan,0.00,0.00,0.00,0.00,0,-86.00,-9.00,0.00,0.00,54.00,0.00,0,375
419.11,1565238873,0.00,nan,nan,0.00,0.00,0.00,0.00,0,-90.00,-14.00,0.00,0.00,55.00,0.00,0,196
419.11,1565238873,0.00,nan,nan,0.00,0.00,0.00,0.00,0,-86.00,-8.00,0.00,0.00,50.00,0.00,0,144
420.11,1565238874,0.00,nan,nan,0.00,0.00,0.00,0.00,0,-86.00,-9.00,0.00,0.00,54.00,0.00,0,375
420.11,1565238874,0.00,nan,nan,0.00,0.00,0.00,0.00,0,-90.00,-14.00,0.00,0.00,55.00,0.00,0,196
420.11,1565238874,0.00,nan,nan,0.00,0.00,0.00,0.00,0,-86.00,-8.00,0.00,0.00,50.00,0.00,0,144
421.11,1565238875,0.00,nan,nan,0.00,0.00,0.00,0.00,0,-80.00,-5.00,0.00,0.00,59.00,0.00,0,233
421.11,1565238875,0.00,nan,nan,0.00,0.00,0.00,0.00,0,-78.00,-6.00,0.00,0.00,58.00,0.00,0,436
422.11,1565238876,0.00,nan,nan,0.00,0.00,0.00,0.00,0,-80.00,-5.00,0.00,0.00,59.00,0.00,0,233
422.11,1565238876,0.00,nan,nan,0.00,0.00,0.00,0.00,0,-78.00,-6.00,0.00,0.00,58.00,0.00,0,436
423.11,1565238877,0.00,nan,nan,0.00,0.00,0.00,0.00,0,-83.00,-7.00,0.00,0.00,55.00,0.00,0,233
423.11,1565238877,0.00,nan,nan,0.00,0.00,0.00,0.00,0,-81.00,-8.00,0.00,0.00,56.00,0.00,0,436
423.11,1565238877,0.00,nan,nan,0.00,0.00,0.00,0.00,0,-81.00,-7.00,0.00,0.00,55.00,0.00,0,187
424.11,1565238878,0.00,nan,nan,0.00,0.00,0.00,0.00,0,-83.00,-7.00,0.00,0.00,55.00,0.00,0,233
424.11,1565238878,0.00,nan,nan,0.00,0.00,0.00,0.00,0,-81.00,-8.00,0.00,0.00,56.00,0.00,0,436
424.11,1565238878,0.00,nan,nan,0.00,0.00,0.00,0.00,0,-81.00,-7.00,0.00,0.00,55.00,0.00,0,187
425.11,1565238879,0.00,nan,nan,0.00,0.00,0.00,0.00,0,-86.00,-10.00,0.00,0.00,53.00,0.00,0,436
426.11,1565238880,0.00,nan,nan,0.00,0.00,0.00,0.00,0,-86.00,-10.00,0.00,0.00,53.00,0.00,0,436
434.11,1565238888,0.00,nan,nan,0.00,0.00,0.00,0.00,0,-89.00,-8.00,0.00,0.00,51.00,0.00,0,375
434.11,1565238888,0.00,nan,nan,0.00,0.00,0.00,0.00,0,-93.00,-7.00,0.00,0.00,46.00,0.00,0,233
434.11,1565238888,0.00,nan,nan,0.00,0.00,0.00,0.00,0,-94.00,-12.00,0.00,0.00,51.00,0.00,0,197
435.11,1565238889,0.00,nan,nan,0.00,0.00,0.00,0.00,0,-89.00,-8.00,0.00,0.00,51.00,0.00,0,375
435.11,1565238889,0.00,nan,nan,0.00,0.00,0.00,0.00,0,-93.00,-7.00,0.00,0.00,46.00,0.00,0,233
435.11,1565238889,0.00,nan,nan,0.00,0.00,0.00,0.00,0,-94.00,-12.00,0.00,0.00,51.00,0.00,0,197
436.11,1565238890,0.00,nan,nan,0.00,0.00,0.00,0.00,0,-84.00,-11.00,0.00,0.00,60.00,0.00,0,376
437.11,1565238891,0.00,nan,nan,0.00,0.00,0.00,0.00,0,-84.00,-11.00,0.00,0.00,60.00,0.00,0,376
438.11,1565238892,0.00,nan,nan,0.00,0.00,0.00,0.00,0,-97.00,-9.00,0.00,0.00,43.00,0.00,0,376
438.11,1565238892,0.00,nan,nan,0.00,0.00,0.00,0.00,0,-98.00,-8.00,0.00,0.00,41.00,0.00,0,233
438.11,1565238892,0.00,nan,nan,0.00,0.00,0.00,0.00,0,-94.00,-9.00,0.00,0.00,44.00,0.00,0,146
438.11,1565238892,0.00,nan,nan,0.00,0.00,0.00,0.00,0,-97.00,-8.00,0.00,0.00,40.00,0.00,0,436
439.11,1565238893,0.00,nan,nan,0.00,0.00,0.00,0.00,0,-97.00,-9.00,0.00,0.00,43.00,0.00,0,376
439.11,1565238893,0.00,nan,nan,0.00,0.00,0.00,0.00,0,-98.00,-8.00,0.00,0.00,41.00,0.00,0,233
439.11,1565238893,0.00,nan,nan,0.00,0.00,0.00,0.00,0,-94.00,-9.00,0.00,0.00,44.00,0.00,0,146
439.11,1565238893,0.00,nan,nan,0.00,0.00,0.00,0.00,0,-97.00,-8.00,0.00,0.00,40.00,0.00,0,436
440.11,1565238894,0.00,nan,nan,0.00,0.00,0.00,0.00,0,-101.00,-11.00,0.00,0.00,40.00,0.00,0,99
440.11,1565238894,0.00,nan,nan,0.00,0.00,0.00,0.00,0,-104.00,-10.00,0.00,0.00,39.00,0.00,0,233
440.11,1565238894,0.00,nan,nan,0.00,0.00,0.00,0.00,0,-104.00,-13.00,0.00,0.00,41.00,0.00,0,97
440.12,1565238894,0.00,nan,nan,0.00,0.00,0.00,0.00,0,-99.00,-8.00,0.00,0.00,39.00,0.00,0,436
440.12,1565238894,0.00,nan,nan,0.00,0.00,0.00,0.00,0,-101.00,-11.00,0.00,0.00,38.00,0.00,0,382
441.11,1565238895,0.00,nan,nan,0.00,0.00,0.00,0.00,0,-101.00,-11.00,0.00,0.00,40.00,0.00,0,99
441.11,1565238895,0.00,nan,nan,0.00,0.00,0.00,0.00,0,-104.00,-10.00,0.00,0.00,39.00,0.00,0,233
441.11,1565238895,0.00,nan,nan,0.00,0.00,0.00,0.00,0,-104.00,-13.00,0.00,0.00,41.00,0.00,0,97
441.11,1565238895,0.00,nan,nan,0.00,0.00,0.00,0.00,0,-99.00,-8.00,0.00,0.00,39.00,0.00,0,436
441.11,1565238895,0.00,nan,nan,0.00,0.00,0.00,0.00,0,-101.00,-11.00,0.00,0.00,38.00,0.00,0,382
444.11,1565238898,0.00,nan,nan,0.00,0.00,0.00,0.00,0,-97.00,-9.00,0.00,0.00,42.00,0.00,0,99
444.11,1565238898,0.00,nan,nan,0.00,0.00,0.00,0.00,0,-96.00,-9.00,0.00,0.00,41.00,0.00,0,382
445.11,1565238899,0.00,nan,nan,0.00,0.00,0.00,0.00,0,-97.00,-9.00,0.00,0.00,42.00,0.00,0,99
445.11,1565238899,0.00,nan,nan,0.00,0.00,0.00,0.00,0,-96.00,-9.00,0.00,0.00,41.00,0.00,0,382
448.11,1565238902,0.00,nan,nan,0.00,0.00,0.00,0.00,0,-95.00,-11.00,0.00,0.00,45.00,0.00,0,382
448.11,1565238902,0.00,nan,nan,0.00,0.00,0.00,0.00,0,-96.00,-12.00,0.00,0.00,45.00,0.00,0,412
449.11,1565238903,0.00,nan,nan,0.00,0.00,0.00,0.00,0,-95.00,-11.00,0.00,0.00,45.00,0.00,0,382
449.11,1565238903,0.00,nan,nan,0.00,0.00,0.00,0.00,0,-96.00,-12.00,0.00,0.00,45.00,0.00,0,412
459.11,1565238913,0.00,nan,nan,0.00,0.00,0.00,0.00,0,-79.00,-6.00,0.00,0.00,56.00,0.00,0,286
460.11,1565238914,0.00,nan,nan,0.00,0.00,0.00,0.00,0,-79.00,-6.00,0.00,0.00,56.00,0.00,0,286
461.11,1565238915,0.00,nan,nan,0.00,0.00,0.00,0.00,0,-84.00,-9.00,0.00,0.00,53.00,0.00,0,286
462.11,1565238916,0.00,nan,nan,0.00,0.00,0.00,0.00,0,-84.00,-9.00,0.00,0.00,53.00,0.00,0,286
465.11,1565238919,0.00,nan,nan,0.00,0.00,0.00,0.00,0,-90.00,-8.00,0.00,0.00,50.00,0.00,0,233
466.11,1565238920,0.00,nan,nan,0.00,0.00,0.00,0.00,0,-90.00,-8.00,0.00,0.00,50.00,0.00,0,233
471.12,1565238925,0.00,nan,nan,0.00,0.00,0.00,0.00,0,-92.00,-9.00,0.00,0.00,45.00,0.00,0,286
471.12,1565238925,0.00,nan,nan,0.00,0.00,0.00,0.00,0,-94.00,-12.00,0.00,0.00,47.00,0.00,0,307
472.11,1565238926,0.00,nan,nan,0.00,0.00,0.00,0.00,0,-92.00,-9.00,0.00,0.00,45.00,0.00,0,286
472.11,1565238926,0.00,nan,nan,0.00,0.00,0.00,0.00,0,-94.00,-12.00,0.00,0.00,47.00,0.00,0,307
473.11,1565238927,0.00,nan,nan,0.00,0.00,0.00,0.00,0,-92.00,-9.00,0.00,0.00,45.00,0.00,0,286
473.11,1565238927,0.00,nan,nan,0.00,0.00,0.00,0.00,0,-94.00,-12.00,0.00,0.00,47.00,0.00,0,307
474.11,1565238928,0.00,nan,nan,0.00,0.00,0.00,0.00,0,-92.00,-11.00,0.00,0.00,50.00,0.00,0,233
475.11,1565238929,0.00,nan,nan,0.00,0.00,0.00,0.00,0,-92.00,-11.00,0.00,0.00,50.00,0.00,0,233
476.11,1565238930,0.00,nan,nan,0.00,0.00,0.00,0.00,0,-91.00,-8.00,0.00,0.00,48.00,0.00,0,233
477.11,1565238931,0.00,nan,nan,0.00,0.00,0.00,0.00,0,-91.00,-8.00,0.00,0.00,48.00,0.00,0,233
478.11,1565238932,0.00,nan,nan,0.00,0.00,0.00,0.00,0,-92.00,-8.00,0.00,0.00,48.00,0.00,0,233
479.11,1565238933,0.00,nan,nan,0.00,0.00,0.00,0.00,0,-92.00,-8.00,0.00,0.00,48.00,0.00,0,233
482.11,1565238936,0.00,nan,nan,0.00,0.00,0.00,0.00,0,-93.00,-7.00,0.00,0.00,47.00,0.00,0,233
483.11,1565238937,0.00,nan,nan,0.00,0.00,0.00,0.00,0,-93.00,-7.00,0.00,0.00,47.00,0.00,0,233
484.11,1565238938,0.00,nan,nan,0.00,0.00,0.00,0.00,0,-92.00,-6.00,0.00,0.00,46.00,0.00,0,233
485.11,1565238939,0.00,nan,nan,0.00,0.00,0.00,0.00,0,-92.00,-6.00,0.00,0.00,46.00,0.00,0,233
486.11,1565238940,0.00,nan,nan,0.00,0.00,0.00,0.00,0,-91.00,-6.00,0.00,0.00,48.00,0.00,0,233
487.11,1565238941,0.00,nan,nan,0.00,0.00,0.00,0.00,0,-91.00,-6.00,0.00,0.00,48.00,0.00,0,233
488.11,1565238942,0.00,nan,nan,0.00,0.00,0.00,0.00,0,-91.00,-7.00,0.00,0.00,48.00,0.00,0,233
488.11,1565238942,0.00,nan,nan,0.00,0.00,0.00,0.00,0,-96.00,-13.00,0.00,0.00,48.00,0.00,0,249
489.11,1565238943,0.00,nan,nan,0.00,0.00,0.00,0.00,0,-91.00,-7.00,0.00,0.00,48.00,0.00,0,233
489.11,1565238943,0.00,nan,nan,0.00,0.00,0.00,0.00,0,-96.00,-13.00,0.00,0.00,48.00,0.00,0,249
490.11,1565238944,0.00,nan,nan,0.00,0.00,0.00,0.00,0,-91.00,-8.00,0.00,0.00,48.00,0.00,0,233
491.11,1565238945,0.00,nan,nan,0.00,0.00,0.00,0.00,0,-91.00,-8.00,0.00,0.00,48.00,0.00,0,233
501.11,1565238955,0.00,nan,nan,0.00,0.00,0.00,0.00,0,-71.00,-10.00,0.00,0.00,63.00,0.00,0,307
502.11,1565238956,0.00,nan,nan,0.00,0.00,0.00,0.00,0,-71.00,-10.00,0.00,0.00,63.00,0.00,0,307
505.11,1565238959,0.00,nan,nan,0.00,0.00,0.00,0.00,0,-85.00,-9.00,0.00,0.00,56.00,0.00,0,48
505.11,1565238959,0.00,nan,nan,0.00,0.00,0.00,0.00,0,-77.00,-10.00,0.00,0.00,63.00,0.00,0,307
506.11,1565238960,0.00,nan,nan,0.00,0.00,0.00,0.00,0,-85.00,-9.00,0.00,0.00,56.00,0.00,0,48
506.11,1565238960,0.00,nan,nan,0.00,0.00,0.00,0.00,0,-77.00,-10.00,0.00,0.00,63.00,0.00,0,307
509.11,1565238963,0.00,nan,nan,0.00,0.00,0.00,0.00,0,-71.00,-10.00,0.00,0.00,63.00,0.00,0,308
510.11,1565238964,0.00,nan,nan,0.00,0.00,0.00,0.00,0,-71.00,-10.00,0.00,0.00,63.00,0.00,0,308
520.11,1565238974,0.00,nan,nan,0.00,0.00,0.00,0.00,0,-97.00,-6.00,0.00,0.00,40.00,0.00,0,357
521.11,1565238975,0.00,nan,nan,0.00,0.00,0.00,0.00,0,-97.00,-6.00,0.00,0.00,40.00,0.00,0,357
522.11,1565238976,0.00,nan,nan,0.00,0.00,0.00,0.00,0,-91.00,-5.00,0.00,0.00,46.00,0.00,0,357
523.11,1565238977,0.00,nan,nan,0.00,0.00,0.00,0.00,0,-91.00,-5.00,0.00,0.00,46.00,0.00,0,357
524.11,1565238978,0.00,nan,nan,0.00,0.00,0.00,0.00,0,-94.00,-6.00,0.00,0.00,43.00,0.00,0,357
525.11,1565238979,0.00,nan,nan,0.00,0.00,0.00,0.00,0,-94.00,-6.00,0.00,0.00,43.00,0.00,0,357
534.12,1565238988,0.00,nan,nan,0.00,0.00,0.00,0.00,0,-86.00,-6.00,0.00,0.00,52.00,0.00,0,48
535.11,1565238989,0.00,nan,nan,0.00,0.00,0.00,0.00,0,-86.00,-6.00,0.00,0.00,52.00,0.00,0,48
536.11,1565238990,0.00,nan,nan,0.00,0.00,0.00,0.00,0,-86.00,-6.00,0.00,0.00,52.00,0.00,0,48
537.11,1565238991,0.00,nan,nan,0.00,0.00,0.00,0.00,0,-92.00,-7.00,0.00,0.00,48.00,0.00,0,357
537.11,1565238991,0.00,nan,nan,0.00,0.00,0.00,0.00,0,-94.00,-9.00,0.00,0.00,47.00,0.00,0,453
538.11,1565238992,0.00,nan,nan,0.00,0.00,0.00,0.00,0,-92.00,-7.00,0.00,0.00,48.00,0.00,0,357
538.11,1565238992,0.00,nan,nan,0.00,0.00,0.00,0.00,0,-94.00,-9.00,0.00,0.00,47.00,0.00,0,453
539.11,1565238993,0.00,nan,nan,0.00,0.00,0.00,0.00,0,-96.00,-10.00,0.00,0.00,45.00,0.00,0,453
539.11,1565238993,0.00,nan,nan,0.00,0.00,0.00,0.00,0,-95.00,-8.00,0.00,0.00,45.00,0.00,0,357
540.11,1565238994,0.00,nan,nan,0.00,0.00,0.00,0.00,0,-96.00,-10.00,0.00,0.00,45.00,0.00,0,453
540.11,1565238994,0.00,nan,nan,0.00,0.00,0.00,0.00,0,-95.00,-8.00,0.00,0.00,45.00,0.00,0,357
541.11,1565238995,0.00,nan,nan,0.00,0.00,0.00,0.00,0,-94.00,-9.00,0.00,0.00,46.00,0.00,0,453
541.11,1565238995,0.00,nan,nan,0.00,0.00,0.00,0.00,0,-97.00,-9.00,0.00,0.00,45.00,0.00,0,357
542.11,1565238996,0.00,nan,nan,0.00,0.00,0.00,0.00,0,-94.00,-9.00,0.00,0.00,46.00,0.00,0,453
542.11,1565238996,0.00,nan,nan,0.00,0.00,0.00,0.00,0,-97.00,-9.00,0.00,0.00,45.00,0.00,0,357
543.11,1565238997,0.00,nan,nan,0.00,0.00,0.00,0.00,0,-96.00,-10.00,0.00,0.00,45.00,0.00,0,453
543.11,1565238997,0.00,nan,nan,0.00,0.00,0.00,0.00,0,-98.00,-10.00,0.00,0.00,44.00,0.00,0,357
544.11,1565238998,0.00,nan,nan,0.00,0.00,0.00,0.00,0,-96.00,-10.00,0.00,0.00,45.00,0.00,0,453
544.11,1565238998,0.00,nan,nan,0.00,0.00,0.00,0.00,0,-98.00,-10.00,0.00,0.00,44.00,0.00,0,357
545.11,1565238999,0.00,nan,nan,0.00,0.00,0.00,0.00,0,-96.00,-10.00,0.00,0.00,45.00,0.00,0,453
546.11,1565239000,0.00,nan,nan,0.00,0.00,0.00,0.00,0,-96.00,-10.00,0.00,0.00,45.00,0.00,0,453
558.11,1565239012,0.00,nan,nan,0.00,0.00,0.00,0.00,0,-92.00,-5.00,0.00,0.00,45.00,0.00,0,357
559.11,1565239013,0.00,nan,nan,0.00,0.00,0.00,0.00,0,-92.00,-5.00,0.00,0.00,45.00,0.00,0,357
560.11,1565239014,0.00,nan,nan,0.00,0.00,0.00,0.00,0,-91.00,-5.00,0.00,0.00,46.00,0.00,0,357
561.11,1565239015,0.00,nan,nan,0.00,0.00,0.00,0.00,0,-91.00,-5.00,0.00,0.00,46.00,0.00,0,357
562.11,1565239016,0.00,nan,nan,0.00,0.00,0.00,0.00,0,-96.00,-7.00,0.00,0.00,43.00,0.00,0,357
563.11,1565239017,0.00,nan,nan,0.00,0.00,0.00,0.00,0,-96.00,-7.00,0.00,0.00,43.00,0.00,0,357
564.11,1565239018,0.00,nan,nan,0.00,0.00,0.00,0.00,0,-99.00,-7.00,0.00,0.00,40.00,0.00,0,357
565.11,1565239019,0.00,nan,nan,0.00,0.00,0.00,0.00,0,-99.00,-7.00,0.00,0.00,40.00,0.00,0,357
566.11,1565239020,0.00,nan,nan,0.00,0.00,0.00,0.00,0,-101.00,-8.00,0.00,0.00,39.00,0.00,0,48
567.11,1565239021,0.00,nan,nan,0.00,0.00,0.00,0.00,0,-101.00,-8.00,0.00,0.00,39.00,0.00,0,48
570.11,1565239024,0.00,nan,nan,0.00,0.00,0.00,0.00,0,-102.00,-9.00,0.00,0.00,38.00,0.00,0,48
570.11,1565239024,0.00,nan,nan,0.00,0.00,0.00,0.00,0,-105.00,-13.00,0.00,0.00,40.00,0.00,0,398
571.11,1565239025,0.00,nan,nan,0.00,0.00,0.00,0.00,0,-102.00,-9.00,0.00,0.00,38.00,0.00,0,48
571.11,1565239025,0.00,nan,nan,0.00,0.00,0.00,0.00,0,-105.00,-13.00,0.00,0.00,40.00,0.00,0,398
574.11,1565239028,0.00,nan,nan,0.00,0.00,0.00,0.00,0,-107.00,-16.00,0.00,0.00,41.00,0.00,0,48
574.11,1565239028,0.00,nan,nan,0.00,0.00,0.00,0.00,0,-107.00,-16.00,0.00,0.00,42.00,0.00,0,167
574.11,1565239028,0.00,nan,nan,0.00,0.00,0.00,0.00,0,-109.00,-17.00,0.00,0.00,41.00,0.00,0,398
574.11,1565239028,0.00,nan,nan,0.00,0.00,0.00,0.00,0,-103.00,-12.00,0.00,0.00,38.00,0.00,0,243
574.11,1565239028,0.00,nan,nan,0.00,0.00,0.00,0.00,0,-105.00,-14.00,0.00,0.00,38.00,0.00,0,246
575.11,1565239029,0.00,nan,nan,0.00,0.00,0.00,0.00,0,-107.00,-16.00,0.00,0.00,41.00,0.00,0,48
575.11,1565239029,0.00,nan,nan,0.00,0.00,0.00,0.00,0,-107.00,-16.00,0.00,0.00,42.00,0.00,0,167
575.11,1565239029,0.00,nan,nan,0.00,0.00,0.00,0.00,0,-109.00,-17.00,0.00,0.00,41.00,0.00,0,398
575.11,1565239029,0.00,nan,nan,0.00,0.00,0.00,0.00,0,-103.00,-12.00,0.00,0.00,38.00,0.00,0,243
575.11,1565239029,0.00,nan,nan,0.00,0.00,0.00,0.00,0,-105.00,-14.00,0.00,0.00,38.00,0.00,0,246
576.12,1565239030,0.00,nan,nan,0.00,0.00,0.00,0.00,0,-104.00,-10.00,0.00,0.00,37.00,0.00,0,48
576.12,1565239030,0.00,nan,nan,0.00,0.00,0.00,0.00,0,-105.00,-11.00,0.00,0.00,38.00,0.00,0,398
576.12,1565239030,0.00,nan,nan,0.00,0.00,0.00,0.00,0,-106.00,-12.00,0.00,0.00,37.00,0.00,0,167
576.12,1565239030,0.00,nan,nan,0.00,0.00,0.00,0.00,0,-103.00,-10.00,0.00,0.00,36.00,0.00,0,246
577.11,1565239031,0.00,nan,nan,0.00,0.00,0.00,0.00,0,-104.00,-10.00,0.00,0.00,37.00,0.00,0,48
577.11,1565239031,0.00,nan,nan,0.00,0.00,0.00,0.00,0,-105.00,-11.00,0.00,0.00,38.00,0.00,0,398
577.11,1565239031,0.00,nan,nan,0.00,0.00,0.00,0.00,0,-106.00,-12.00,0.00,0.00,37.00,0.00,0,167
577.12,1565239031,0.00,nan,nan,0.00,0.00,0.00,0.00,0,-103.00,-10.00,0.00,0.00,36.00,0.00,0,246
578.11,1565239032,0.00,nan,nan,0.00,0.00,0.00,0.00,0,-104.00,-10.00,0.00,0.00,37.00,0.00,0,48
578.11,1565239032,0.00,nan,nan,0.00,0.00,0.00,0.00,0,-105.00,-11.00,0.00,0.00,38.00,0.00,0,398
578.11,1565239032,0.00,nan,nan,0.00,0.00,0.00,0.00,0,-106.00,-12.00,0.00,0.00,37.00,0.00,0,167
578.11,1565239032,0.00,nan,nan,0.00,0.00,0.00,0.00,0,-103.00,-10.00,0.00,0.00,36.00,0.00,0,246
579.11,1565239033,0.00,nan,nan,0.00,0.00,0.00,0.00,0,-104.00,-9.00,0.00,0.00,33.00,0.00,0,243
580.11,1565239034,0.00,nan,nan,0.00,0.00,0.00,0.00,0,-104.00,-9.00,0.00,0.00,33.00,0.00,0,243
581.11,1565239035,0.00,nan,nan,0.00,0.00,0.00,0.00,0,-104.00,-10.00,0.00,0.00,37.00,0.00,0,167
581.11,1565239035,0.00,nan,nan,0.00,0.00,0.00,0.00,0,-107.00,-12.00,0.00,0.00,36.00,0.00,0,48
581.11,1565239035,0.00,nan,nan,0.00,0.00,0.00,0.00,0,-108.00,-12.00,0.00,0.00,36.00,0.00,0,398
581.12,1565239035,0.00,nan,nan,0.00,0.00,0.00,0.00,0,-105.00,-9.00,0.00,0.00,33.00,0.00,0,243
581.12,1565239035,0.00,nan,nan,0.00,0.00,0.00,0.00,0,-106.00,-10.00,0.00,0.00,33.00,0.00,0,246
582.11,1565239036,0.00,nan,nan,0.00,0.00,0.00,0.00,0,-104.00,-10.00,0.00,0.00,37.00,0.00,0,167
582.11,1565239036,0.00,nan,nan,0.00,0.00,0.00,0.00,0,-107.00,-12.00,0.00,0.00,36.00,0.00,0,48
582.11,1565239036,0.00,nan,nan,0.00,0.00,0.00,0.00,0,-108.00,-12.00,0.00,0.00,36.00,0.00,0,398
582.12,1565239036,0.00,nan,nan,0.00,0.00,0.00,0.00,0,-105.00,-9.00,0.00,0.00,33.00,0.00,0,243
582.12,1565239036,0.00,nan,nan,0.00,0.00,0.00,0.00,0,-106.00,-10.00,0.00,0.00,33.00,0.00,0,246
583.11,1565239037,0.00,nan,nan,0.00,0.00,0.00,0.00,0,-106.00,-11.00,0.00,0.00,36.00,0.00,0,167
583.11,1565239037,0.00,nan,nan,0.00,0.00,0.00,0.00,0,-106.00,-9.00,0.00,0.00,34.00,0.00,0,48
584.11,1565239038,0.00,nan,nan,0.00,0.00,0.00,0.00,0,-106.00,-11.00,0.00,0.00,36.00,0.00,0,167
584.11,1565239038,0.00,nan,nan,0.00,0.00,0.00,0.00,0,-106.00,-9.00,0.00,0.00,34.00,0.00,0,48
585.11,1565239039,0.00,nan,nan,0.00,0.00,0.00,0.00,0,-105.00,-11.00,0.00,0.00,37.00,0.00,0,167
585.11,1565239039,0.00,nan,nan,0.00,0.00,0.00,0.00,0,-102.00,-9.00,0.00,0.00,35.00,0.00,0,243
586.11,1565239040,0.00,nan,nan,0.00,0.00,0.00,0.00,0,-105.00,-11.00,0.00,0.00,37.00,0.00,0,167
586.11,1565239040,0.00,nan,nan,0.00,0.00,0.00,0.00,0,-102.00,-9.00,0.00,0.00,35.00,0.00,0,243
589.11,1565239043,0.00,nan,nan,0.00,0.00,0.00,0.00,0,-106.00,-11.00,0.00,0.00,36.00,0.00,0,188
589.11,1565239043,0.00,nan,nan,0.00,0.00,0.00,0.00,0,-104.00,-10.00,0.00,0.00,34.00,0.00,0,465
590.11,1565239044,0.00,nan,nan,0.00,0.00,0.00,0.00,0,-106.00,-11.00,0.00,0.00,36.00,0.00,0,188
590.11,1565239044,0.00,nan,nan,0.00,0.00,0.00,0.00,0,-104.00,-10.00,0.00,0.00,34.00,0.00,0,465
591.11,1565239045,0.00,nan,nan,0.00,0.00,0.00,0.00,0,-99.00,-9.00,0.00,0.00,41.00,0.00,0,357
591.11,1565239045,0.00,nan,nan,0.00,0.00,0.00,0.00,0,-99.00,-9.00,0.00,0.00,39.00,0.00,0,1
592.11,1565239046,0.00,nan,nan,0.00,0.00,0.00,0.00,0,-99.00,-9.00,0.00,0.00,41.00,0.00,0,357
592.11,1565239046,0.00,nan,nan,0.00,0.00,0.00,0.00,0,-99.00,-9.00,0.00,0.00,39.00,0.00,0,1
593.11,1565239047,0.00,nan,nan,0.00,0.00,0.00,0.00,0,-99.00,-9.00,0.00,0.00,42.00,0.00,0,357
593.11,1565239047,0.00,nan,nan,0.00,0.00,0.00,0.00,0,-99.00,-11.00,0.00,0.00,43.00,0.00,0,166
593.11,1565239047,0.00,nan,nan,0.00,0.00,0.00,0.00,0,-101.00,-11.00,0.00,0.00,41.00,0.00,0,95
593.12,1565239047,0.00,nan,nan,0.00,0.00,0.00,0.00,0,-96.00,-8.00,0.00,0.00,40.00,0.00,0,46
593.12,1565239047,0.00,nan,nan,0.00,0.00,0.00,0.00,0,-100.00,-12.00,0.00,0.00,41.00,0.00,0,245
594.11,1565239048,0.00,nan,nan,0.00,0.00,0.00,0.00,0,-99.00,-9.00,0.00,0.00,42.00,0.00,0,357
594.11,1565239048,0.00,nan,nan,0.00,0.00,0.00,0.00,0,-99.00,-11.00,0.00,0.00,43.00,0.00,0,166
594.12,1565239048,0.00,nan,nan,0.00,0.00,0.00,0.00,0,-101.00,-11.00,0.00,0.00,41.00,0.00,0,95
594.12,1565239048,0.00,nan,nan,0.00,0.00,0.00,0.00,0,-96.00,-8.00,0.00,0.00,40.00,0.00,0,46
594.12,1565239048,0.00,nan,nan,0.00,0.00,0.00,0.00,0,-100.00,-12.00,0.00,0.00,41.00,0.00,0,245
595.11,1565239049,0.00,nan,nan,0.00,0.00,0.00,0.00,0,-96.00,-10.00,0.00,0.00,46.00,0.00,0,166
595.11,1565239049,0.00,nan,nan,0.00,0.00,0.00,0.00,0,-97.00,-9.00,0.00,0.00,44.00,0.00,0,357
595.11,1565239049,0.00,nan,nan,0.00,0.00,0.00,0.00,0,-95.00,-9.00,0.00,0.00,42.00,0.00,0,46
595.12,1565239049,0.00,nan,nan,0.00,0.00,0.00,0.00,0,-98.00,-13.00,0.00,0.00,44.00,0.00,0,245
596.11,1565239050,0.00,nan,nan,0.00,0.00,0.00,0.00,0,-96.00,-10.00,0.00,0.00,46.00,0.00,0,166
596.11,1565239050,0.00,nan,nan,0.00,0.00,0.00,0.00,0,-97.00,-9.00,0.00,0.00,44.00,0.00,0,357
596.11,1565239050,0.00,nan,nan,0.00,0.00,0.00,0.00,0,-95.00,-9.00,0.00,0.00,42.00,0.00,0,46
596.11,1565239050,0.00,nan,nan,0.00,0.00,0.00,0.00,0,-98.00,-13.00,0.00,0.00,44.00,0.00,0,245
597.12,1565239051,0.00,nan,nan,0.00,0.00,0.00,0.00,0,-95.00,-8.00,0.00,0.00,44.00,0.00,0,166
597.12,1565239051,0.00,nan,nan,0.00,0.00,0.00,0.00,0,-99.00,-10.00,0.00,0.00,42.00,0.00,0,95
597.12,1565239051,0.00,nan,nan,0.00,0.00,0.00,0.00,0,-100.00,-11.00,0.00,0.00,42.00,0.00,0,357
597.13,1565239051,0.00,nan,nan,0.00,0.00,0.00,0.00,0,-95.00,-10.00,0.00,0.00,44.00,0.00,0,245
597.13,1565239051,0.00,nan,nan,0.00,0.00,0.00,0.00,0,-98.00,-10.00,0.00,0.00,41.00,0.00,0,46
598.11,1565239052,0.00,nan,nan,0.00,0.00,0.00,0.00,0,-95.00,-8.00,0.00,0.00,44.00,0.00,0,166
598.11,1565239052,0.00,nan,nan,0.00,0.00,0.00,0.00,0,-99.00,-10.00,0.00,0.00,42.00,0.00,0,95
598.12,1565239052,0.00,nan,nan,0.00,0.00,0.00,0.00,0,-100.00,-11.00,0.00,0.00,42.00,0.00,0,357
598.12,1565239052,0.00,nan,nan,0.00,0.00,0.00,0.00,0,-95.00,-10.00,0.00,0.00,44.00,0.00,0,245
598.12,1565239052,0.00,nan,nan,0.00,0.00,0.00,0.00,0,-98.00,-10.00,0.00,0.00,41.00,0.00,0,46
599.11,1565239053,0.00,nan,nan,0.00,0.00,0.00,0.00,0,-95.00,-8.00,0.00,0.00,44.00,0.00,0,166
599.11,1565239053,0.00,nan,nan,0.00,0.00,0.00,0.00,0,-99.00,-10.00,0.00,0.00,42.00,0.00,0,95
599.12,1565239053,0.00,nan,nan,0.00,0.00,0.00,0.00,0,-100.00,-11.00,0.00,0.00,42.00,0.00,0,357
599.12,1565239053,0.00,nan,nan,0.00,0.00,0.00,0.00,0,-95.00,-10.00,0.00,0.00,44.00,0.00,0,245
599.12,1565239053,0.00,nan,nan,0.00,0.00,0.00,0.00,0,-98.00,-10.00,0.00,0.00,41.00,0.00,0,46
600.11,1565239054,0.00,nan,nan,0.00,0.00,0.00,0.00,0,-98.00,-10.00,0.00,0.00,43.00,0.00,0,166
600.11,1565239054,0.00,nan,nan,0.00,0.00,0.00,0.00,0,-99.00,-9.00,0.00,0.00,41.00,0.00,0,95
600.11,1565239054,0.00,nan,nan,0.00,0.00,0.00,0.00,0,-104.00,-13.00,0.00,0.00,40.00,0.00,0,357
600.12,1565239054,0.00,nan,nan,0.00,0.00,0.00,0.00,0,-96.00,-9.00,0.00,0.00,41.00,0.00,0,245
600.12,1565239054,0.00,nan,nan,0.00,0.00,0.00,0.00,0,-97.00,-8.00,0.00,0.00,40.00,0.00,0,418
601.11,1565239055,0.00,nan,nan,0.00,0.00,0.00,0.00,0,-98.00,-10.00,0.00,0.00,43.00,0.00,0,166
601.11,1565239055,0.00,nan,nan,0.00,0.00,0.00,0.00,0,-99.00,-9.00,0.00,0.00,41.00,0.00,0,95
601.11,1565239055,0.00,nan,nan,0.00,0.00,0.00,0.00,0,-104.00,-13.00,0.00,0.00,40.00,0.00,0,357
601.11,1565239055,0.00,nan,nan,0.00,0.00,0.00,0.00,0,-96.00,-9.00,0.00,0.00,41.00,0.00,0,245
601.11,1565239055,0.00,nan,nan,0.00,0.00,0.00,0.00,0,-97.00,-8.00,0.00,0.00,40.00,0.00,0,418
602.11,1565239056,0.00,nan,nan,0.00,0.00,0.00,0.00,0,-94.00,-8.00,0.00,0.00,45.00,0.00,0,95
602.11,1565239056,0.00,nan,nan,0.00,0.00,0.00,0.00,0,-99.00,-13.00,0.00,0.00,46.00,0.00,0,166
602.11,1565239056,0.00,nan,nan,0.00,0.00,0.00,0.00,0,-95.00,-8.00,0.00,0.00,42.00,0.00,0,418
602.11,1565239056,0.00,nan,nan,0.00,0.00,0.00,0.00,0,-98.00,-12.00,0.00,0.00,43.00,0.00,0,245
603.11,1565239057,0.00,nan,nan,0.00,0.00,0.00,0.00,0,-94.00,-8.00,0.00,0.00,45.00,0.00,0,95
603.11,1565239057,0.00,nan,nan,0.00,0.00,0.00,0.00,0,-99.00,-13.00,0.00,0.00,46.00,0.00,0,166
603.11,1565239057,0.00,nan,nan,0.00,0.00,0.00,0.00,0,-95.00,-8.00,0.00,0.00,42.00,0.00,0,418
603.12,1565239057,0.00,nan,nan,0.00,0.00,0.00,0.00,0,-98.00,-12.00,0.00,0.00,43.00,0.00,0,245
604.11,1565239058,0.00,nan,nan,0.00,0.00,0.00,0.00,0,-98.00,-10.00,0.00,0.00,43.00,0.00,0,95
604.11,1565239058,0.00,nan,nan,0.00,0.00,0.00,0.00,0,-96.00,-9.00,0.00,0.00,45.00,0.00,0,166
604.11,1565239058,0.00,nan,nan,0.00,0.00,0.00,0.00,0,-102.00,-14.00,0.00,0.00,43.00,0.00,0,357
605.11,1565239059,0.00,nan,nan,0.00,0.00,0.00,0.00,0,-98.00,-10.00,0.00,0.00,43.00,0.00,0,95
605.11,1565239059,0.00,nan,nan,0.00,0.00,0.00,0.00,0,-96.00,-9.00,0.00,0.00,45.00,0.00,0,166
605.11,1565239059,0.00,nan,nan,0.00,0.00,0.00,0.00,0,-102.00,-14.00,0.00,0.00,43.00,0.00,0,357
606.11,1565239060,0.00,nan,nan,0.00,0.00,0.00,0.00,0,-99.00,-12.00,0.00,0.00,44.00,0.00,0,359
606.11,1565239060,0.00,nan,nan,0.00,0.00,0.00,0.00,0,-99.00,-11.00,0.00,0.00,44.00,0.00,0,357
606.11,1565239060,0.00,nan,nan,0.00,0.00,0.00,0.00,0,-98.00,-10.00,0.00,0.00,44.00,0.00,0,166
607.11,1565239061,0.00,nan,nan,0.00,0.00,0.00,0.00,0,-99.00,-12.00,0.00,0.00,44.00,0.00,0,359
607.11,1565239061,0.00,nan,nan,0.00,0.00,0.00,0.00,0,-99.00,-11.00,0.00,0.00,44.00,0.00,0,357
607.11,1565239061,0.00,nan,nan,0.00,0.00,0.00,0.00,0,-98.00,-10.00,0.00,0.00,44.00,0.00,0,166
608.11,1565239062,0.00,nan,nan,0.00,0.00,0.00,0.00,0,-95.00,-9.00,0.00,0.00,46.00,0.00,0,166
609.11,1565239063,0.00,nan,nan,0.00,0.00,0.00,0.00,0,-95.00,-9.00,0.00,0.00,46.00,0.00,0,166
610.11,1565239064,0.00,nan,nan,0.00,0.00,0.00,0.00,0,-93.00,-8.00,0.00,0.00,47.00,0.00,0,166
611.11,1565239065,0.00,nan,nan,0.00,0.00,0.00,0.00,0,-93.00,-8.00,0.00,0.00,47.00,0.00,0,166
614.11,1565239068,0.00,nan,nan,0.00,0.00,0.00,0.00,0,-95.00,-7.00,0.00,0.00,44.00,0.00,0,359
615.11,1565239069,0.00,nan,nan,0.00,0.00,0.00,0.00,0,-95.00,-7.00,0.00,0.00,44.00,0.00,0,359
631.11,1565239085,0.00,nan,nan,0.00,0.00,0.00,0.00,0,-93.00,-9.00,0.00,0.00,50.00,0.00,0,167
631.11,1565239085,0.00,nan,nan,0.00,0.00,0.00,0.00,0,-94.00,-8.00,0.00,0.00,46.00,0.00,0,95
632.11,1565239086,0.00,nan,nan,0.00,0.00,0.00,0.00,0,-93.00,-9.00,0.00,0.00,50.00,0.00,0,167
632.11,1565239086,0.00,nan,nan,0.00,0.00,0.00,0.00,0,-94.00,-8.00,0.00,0.00,46.00,0.00,0,95
633.11,1565239087,0.00,nan,nan,0.00,0.00,0.00,0.00,0,-91.00,-8.00,0.00,0.00,49.00,0.00,0,167
633.11,1565239087,0.00,nan,nan,0.00,0.00,0.00,0.00,0,-92.00,-7.00,0.00,0.00,47.00,0.00,0,95
634.11,1565239088,0.00,nan,nan,0.00,0.00,0.00,0.00,0,-91.00,-8.00,0.00,0.00,49.00,0.00,0,167
634.11,1565239088,0.00,nan,nan,0.00,0.00,0.00,0.00,0,-92.00,-7.00,0.00,0.00,47.00,0.00,0,95
644.11,1565239098,0.00,nan,nan,0.00,0.00,0.00,0.00,0,-100.00,-11.00,0.00,0.00,43.00,0.00,0,95
645.11,1565239099,0.00,nan,nan,0.00,0.00,0.00,0.00,0,-100.00,-11.00,0.00,0.00,43.00,0.00,0,95
646.11,1565239100,0.00,nan,nan,0.00,0.00,0.00,0.00,0,-97.00,-9.00,0.00,0.00,44.00,0.00,0,95
647.11,1565239101,0.00,nan,nan,0.00,0.00,0.00,0.00,0,-97.00,-9.00,0.00,0.00,44.00,0.00,0,95
650.11,1565239104,0.00,nan,nan,0.00,0.00,0.00,0.00,0,-91.00,-8.00,0.00,0.00,49.00,0.00,0,166
651.11,1565239105,0.00,nan,nan,0.00,0.00,0.00,0.00,0,-91.00,-8.00,0.00,0.00,49.00,0.00,0,166
