0.01,1565843724,0.00,51.44982190,7.48860420,251.20,11.36,0.00,171.30,1,-97.00,-4.00,7.00,10.00,25.00,7.00,13415170,315
1.04,1565843725,11.67,51.44962172,7.48837899,248.36,11.74,0.36,172.69,1,-97.00,-4.00,7.00,10.00,25.00,7.00,13415170,315
2.04,1565843726,23.47,51.44951684,7.48839783,248.86,12.00,0.26,174.32,1,-97.00,-4.00,6.00,14.00,26.00,7.00,13415170,315
3.03,1565843727,35.39,51.44940237,7.48840958,249.77,12.46,0.46,176.64,1,-97.00,-4.00,6.00,14.00,26.00,7.00,13415170,315
4.03,1565843728,47.83,51.44928034,7.48841523,250.20,13.02,0.57,178.79,1,-97.00,-4.00,6.00,14.00,26.00,7.00,13415170,315
5.03,1565843729,60.85,51.44915487,7.48841566,250.43,13.39,0.37,180.33,1,-99.00,-6.00,10.00,12.00,25.00,7.00,13415170,315
6.03,1565843730,74.24,51.44903162,7.48840801,250.56,14.01,0.62,182.40,1,-99.00,-6.00,10.00,12.00,25.00,7.00,13415170,315
7.03,1565843731,88.25,51.44889952,7.48838374,250.80,14.49,0.48,185.59,1,-106.00,-8.00,13.00,8.00,22.00,7.00,13415170,315
8.03,1565843732,102.75,51.44876709,7.48835033,251.01,14.32,-0.16,187.46,1,-106.00,-8.00,13.00,8.00,22.00,7.00,13415170,315
9.03,1565843733,117.07,51.44863273,7.48831109,251.42,14.61,0.29,189.01,1,-105.00,-7.00,7.00,11.00,23.00,7.00,13415170,315
10.03,1565843734,131.68,51.44849244,7.48825976,251.65,14.99,0.38,190.64,1,-105.00,-7.00,7.00,11.00,23.00,7.00,13415170,315
11.03,1565843735,146.67,51.44836076,7.48820512,251.80,14.98,-0.01,191.73,1,-109.00,-9.00,7.00,8.00,21.00,7.00,13415170,315
12.04,1565843736,161.67,51.44823370,7.48815745,252.06,14.95,-0.03,192.21,1,-109.00,-9.00,7.00,8.00,21.00,7.00,13415170,315
13.04,1565843737,176.63,51.44810277,7.48809638,252.33,15.25,0.30,192.82,1,-112.00,-10.00,-3.00,6.00,17.00,7.00,13415170,315
14.04,1565843738,191.86,51.44796977,7.48804379,252.60,15.01,-0.23,192.96,1,-112.00,-10.00,-3.00,6.00,17.00,7.00,13415170,315
15.04,1565843739,206.88,51.44784881,7.48800247,252.67,14.43,-0.59,190.24,1,-111.00,-10.00,-6.00,5.00,18.00,7.00,13415170,315
16.04,1565843740,221.32,51.44771752,7.48796035,253.06,14.43,-0.00,189.14,1,-111.00,-10.00,-6.00,5.00,18.00,7.00,13415170,315
17.04,1565843741,235.74,51.44758545,7.48792206,253.07,14.12,-0.31,187.52,1,-112.00,-12.00,-5.00,4.00,20.00,7.00,13415170,315
18.04,1565843742,249.86,51.44744847,7.48790230,252.97,13.73,-0.39,185.04,1,-112.00,-12.00,-5.00,4.00,20.00,7.00,13415170,315
19.04,1565843743,263.59,51.44731217,7.48789205,253.27,14.39,0.66,183.19,1,-113.00,-13.00,-6.00,5.00,19.00,7.00,13415170,315
20.04,1565843744,278.00,51.44727470,7.48801510,253.46,14.33,-0.06,179.87,1,-113.00,-13.00,-6.00,5.00,19.00,7.00,13415170,315
21.04,1565843745,292.32,51.44704920,7.48791370,253.81,15.42,1.08,176.02,1,-114.00,-12.00,-5.00,4.00,17.00,7.00,13415170,315
22.04,1565843746,307.72,51.44690072,7.48795966,254.89,14.55,-0.87,172.22,1,-114.00,-12.00,-5.00,4.00,17.00,7.00,13415170,315
23.05,1565843747,322.43,51.44675763,7.48802106,255.95,15.01,0.45,168.74,1,-116.00,-13.00,-5.00,4.00,17.00,7.00,13415170,315
24.04,1565843748,337.31,51.44661635,7.48809122,256.68,14.97,-0.04,165.59,1,-116.00,-13.00,-5.00,4.00,17.00,7.00,13415170,315
25.04,1565843749,352.28,51.44649260,7.48817865,257.34,15.01,0.04,161.69,1,-116.00,-13.00,-5.00,4.00,17.00,7.00,13415170,315
26.04,1565843750,367.26,51.44634874,7.48828567,258.75,15.36,0.35,157.79,1,-110.00,-9.00,-3.00,6.00,18.00,7.00,13415170,315
27.04,1565843751,382.63,51.44623243,7.48840307,260.01,15.60,0.24,154.18,1,-110.00,-9.00,-3.00,6.00,18.00,7.00,13415170,315
28.03,1565843752,398.21,51.44610835,7.48853029,260.92,15.70,0.10,151.09,1,-105.00,-7.00,10.00,11.00,20.00,7.00,13415170,315
29.04,1565843753,413.92,51.44599570,7.48867055,261.32,15.69,-0.00,147.48,1,-105.00,-7.00,10.00,11.00,20.00,7.00,13415170,315
30.03,1565843754,429.60,51.44586801,7.48883198,261.96,16.19,0.49,144.26,1,-105.00,-5.00,1.00,9.00,20.00,7.00,13415170,315
31.03,1565843755,445.77,51.44576707,7.48899418,262.52,16.06,-0.13,141.15,1,-105.00,-5.00,1.00,9.00,20.00,7.00,13415170,315
32.03,1565843756,461.84,51.44566509,7.48917036,263.44,15.92,-0.14,137.69,1,-108.00,-7.00,6.00,9.00,19.00,7.00,13415170,315
33.03,1565843757,477.74,51.44556714,7.48935890,264.49,15.97,0.05,134.29,1,-108.00,-7.00,6.00,9.00,19.00,7.00,13415170,315
34.03,1565843758,493.73,51.44548277,7.48954654,265.48,15.93,-0.04,131.72,1,-106.00,-7.00,1.00,8.00,19.00,7.00,13415170,315
35.03,1565843759,509.65,51.44540051,7.48973612,266.48,15.80,-0.13,130.08,1,-106.00,-7.00,1.00,8.00,19.00,7.00,13415170,315
36.03,1565843760,525.45,51.44531801,7.48992936,267.51,15.78,-0.02,128.81,1,-108.00,-7.00,0.00,7.00,19.00,7.00,13415170,315
37.03,1565843761,541.22,51.44523987,7.49011946,268.38,15.85,0.07,129.34,1,-108.00,-7.00,0.00,7.00,19.00,7.00,13415170,315
38.03,1565843762,557.07,51.44515674,7.49030785,269.36,16.04,0.19,129.79,1,-107.00,-8.00,-1.00,8.00,19.00,7.00,13415170,315
39.03,1565843763,573.13,51.44507415,7.49048253,270.02,15.52,-0.52,128.92,1,-107.00,-8.00,-1.00,8.00,19.00,7.00,13415170,315
40.03,1565843764,588.64,51.44512150,7.49087350,270.59,15.07,-0.45,129.30,1,-104.00,-6.00,3.00,2.00,30.00,7.00,13415170,315
41.03,1565843765,603.71,51.44492048,7.49083018,271.34,14.48,-0.59,129.59,1,-104.00,-6.00,3.00,2.00,30.00,7.00,13415170,315
42.03,1565843766,618.19,51.44485027,7.49098481,271.91,13.20,-1.28,130.11,1,-112.00,-7.00,4.00,2.00,13.00,80.00,13067273,288
43.03,1565843767,631.40,51.44479073,7.49112362,272.37,11.75,-1.45,129.35,1,-112.00,-7.00,4.00,2.00,13.00,80.00,13067273,288
44.04,1565843768,643.24,51.44473970,7.49125229,272.58,10.33,-1.41,128.65,1,-113.00,-9.00,-1.00,2.00,12.00,80.00,13067273,288
45.03,1565843769,653.48,51.44469619,7.49136450,272.83,8.52,-1.82,127.98,1,-113.00,-9.00,-1.00,2.00,12.00,80.00,13067273,288
46.03,1565843770,662.00,51.44466351,7.49145646,273.21,6.43,-2.09,127.49,1,-113.00,-9.00,-1.00,2.00,12.00,80.00,13067273,288
47.04,1565843771,668.46,51.44463770,7.49153025,273.26,4.05,-2.38,127.03,1,-119.00,-11.00,0.00,2.00,9.00,80.00,13067273,288
48.04,1565843772,672.51,51.44461767,7.49158548,273.33,2.26,-1.79,126.47,1,-119.00,-11.00,0.00,2.00,9.00,80.00,13067273,288
49.03,1565843773,674.76,51.44461387,7.49160683,273.40,1.19,-1.07,126.47,1,-108.00,-6.00,3.00,2.00,27.00,23.00,13417219,440
50.03,1565843774,675.95,51.44461802,7.49160999,273.46,0.31,-0.88,126.47,1,-108.00,-6.00,3.00,2.00,27.00,23.00,13417219,440
51.04,1565843775,676.25,51.44461802,7.49160999,273.47,0.00,-0.31,126.47,1,-107.00,-8.00,8.00,2.00,18.00,23.00,13417219,440
52.03,1565843776,676.25,51.44461802,7.49160999,273.48,0.00,0.00,126.47,1,-107.00,-8.00,8.00,2.00,18.00,23.00,13417219,440
53.04,1565843777,676.25,51.44461802,7.49160999,273.49,0.00,0.00,126.47,1,-107.00,-7.00,8.00,2.00,18.00,23.00,13417219,440
54.04,1565843778,676.25,51.44461802,7.49160999,273.49,0.00,0.00,126.47,1,-107.00,-7.00,8.00,2.00,18.00,23.00,13417219,440
55.04,1565843779,676.25,51.44461802,7.49160999,273.49,0.00,0.00,126.47,1,-106.00,-5.00,10.00,2.00,19.00,23.00,13417219,440
56.04,1565843780,676.25,51.44461802,7.49160999,273.49,0.00,0.00,126.47,1,-106.00,-5.00,10.00,2.00,19.00,23.00,13417219,440
57.03,1565843781,676.25,51.44461802,7.49160999,273.48,0.00,0.00,126.47,1,-106.00,-6.00,9.00,2.00,19.00,23.00,13417219,440
58.03,1565843782,676.25,51.44461802,7.49160999,273.45,0.00,0.00,127.08,1,-106.00,-6.00,9.00,2.00,19.00,23.00,13417219,440
59.03,1565843783,676.25,51.44459243,7.49167166,273.24,0.00,0.00,126.27,1,-106.00,-6.00,6.00,2.00,19.00,23.00,13417219,440
60.03,1565843784,676.25,51.44450050,7.49159300,273.29,5.65,0.00,152.32,1,-106.00,-6.00,6.00,2.00,19.00,23.00,13417219,440
61.03,1565843785,681.90,51.44448653,7.49173113,273.17,6.60,0.95,174.06,1,-107.00,-6.00,1.00,2.00,19.00,23.00,13417219,440
62.03,1565843786,688.50,51.44442134,7.49169488,273.17,8.09,1.49,202.00,1,-107.00,-6.00,1.00,2.00,19.00,23.00,13417219,440
63.03,1565843787,696.58,51.44436204,7.49162808,273.27,8.62,0.54,215.55,1,-106.00,-7.00,2.00,8.00,22.00,23.00,13417219,440
64.03,1565843788,705.21,51.44429323,7.49155229,273.19,9.82,1.19,215.22,1,-106.00,-7.00,2.00,8.00,22.00,23.00,13417219,440
65.04,1565843789,715.11,51.44422559,7.49147316,272.76,10.74,0.91,215.63,1,-107.00,-9.00,-6.00,6.00,22.00,23.00,13417219,440
66.03,1565843790,725.77,51.44414333,7.49137447,272.17,11.80,1.06,216.58,1,-107.00,-9.00,-6.00,6.00,22.00,23.00,13417219,440
67.03,1565843791,737.56,51.44405032,7.49126209,271.63,12.85,1.05,216.63,1,-107.00,-9.00,-6.00,6.00,22.00,23.00,13417219,440
68.03,1565843792,750.40,51.44394641,7.49114262,271.36,13.13,0.28,215.75,1,-107.00,-7.00,16.00,9.00,21.00,23.00,13417219,440
69.03,1565843793,763.53,51.44384413,7.49102367,271.07,13.38,0.26,215.55,1,-107.00,-7.00,16.00,9.00,21.00,23.00,13417219,440
70.03,1565843794,776.91,51.44374166,7.49090514,270.82,13.84,0.46,216.09,1,-103.00,-6.00,-9.00,1.00,24.00,23.00,13417219,440
71.03,1565843795,790.75,51.44363456,7.49078551,270.59,14.21,0.37,216.27,1,-103.00,-6.00,-9.00,1.00,24.00,23.00,13417219,440
72.03,1565843796,804.96,51.44352835,7.49066729,270.56,14.49,0.28,216.24,1,-106.00,-9.00,-5.00,1.00,21.00,23.00,13417219,440
73.03,1565843797,819.47,51.44341663,7.49054714,270.52,14.38,-0.11,216.38,1,-106.00,-9.00,-5.00,1.00,21.00,23.00,13417219,440
74.03,1565843798,833.82,51.44330795,7.49042611,270.66,14.28,-0.10,216.35,1,-109.00,-8.00,-7.00,5.00,22.00,23.00,13417219,440
75.03,1565843799,848.12,51.44320889,7.49031169,270.76,14.15,-0.13,216.25,1,-109.00,-8.00,-7.00,5.00,22.00,23.00,13417219,440
76.04,1565843800,862.30,51.44310535,7.49019298,270.97,14.06,-0.09,216.26,1,-110.00,-10.00,-1.00,6.00,21.00,23.00,13417219,440
77.04,1565843801,876.38,51.44299499,7.49006636,271.47,14.01,-0.05,216.20,1,-110.00,-10.00,-1.00,6.00,21.00,23.00,13417219,440
78.03,1565843802,890.36,51.44290810,7.48996006,271.90,14.05,0.04,215.89,1,-110.00,-10.00,-2.00,2.00,27.00,23.00,13417219,440
79.03,1565843803,904.41,51.44280994,7.48984130,272.05,13.93,-0.12,215.41,1,-110.00,-10.00,-2.00,2.00,27.00,23.00,13417219,440
80.03,1565843804,918.32,51.44271350,7.48972192,272.13,14.19,0.26,216.73,1,-124.00,-14.00,-7.00,2.00,21.00,89.00,52131082,12
81.03,1565843805,932.51,51.44261426,7.48960312,272.34,14.02,-0.17,216.33,1,-124.00,-14.00,-7.00,2.00,21.00,89.00,52131082,12
82.03,1565843806,946.55,51.44251802,7.48948656,272.61,14.02,-0.00,217.24,1,-102.00,-7.00,-2.00,9.00,25.00,21.00,13417219,440
83.03,1565843807,960.55,51.44241144,7.48935473,273.01,14.27,0.25,216.83,1,-102.00,-7.00,-2.00,9.00,25.00,21.00,13417219,440
84.03,1565843808,974.82,51.44230982,7.48922188,273.12,14.01,-0.26,216.21,1,-91.00,-5.00,-2.00,14.00,32.00,21.00,13417219,440
85.03,1565843809,988.86,51.44219844,7.48908309,272.81,14.29,0.28,215.77,1,-91.00,-5.00,-2.00,14.00,32.00,21.00,13417219,440
86.05,1565843810,1003.29,51.44209165,7.48894731,272.95,14.65,0.36,217.30,1,-100.00,-6.00,16.00,10.00,25.00,21.00,13417219,440
87.03,1565843811,1017.78,51.44198490,7.48880158,272.47,14.26,-0.39,219.28,1,-100.00,-6.00,16.00,10.00,25.00,21.00,13417219,440
88.03,1565843812,1031.96,51.44188830,7.48865762,272.19,14.60,0.34,221.85,1,-100.00,-6.00,16.00,10.00,25.00,21.00,13417219,440
89.03,1565843813,1046.64,51.44179491,7.48850398,272.19,14.38,-0.22,224.20,1,-99.00,-11.00,-6.00,1.00,34.00,21.00,13417219,440
90.03,1565843814,1061.03,51.44171582,7.48835930,272.35,14.03,-0.35,226.70,1,-99.00,-11.00,-6.00,1.00,34.00,21.00,13417219,440
91.03,1565843815,1075.05,51.44162776,7.48820236,272.15,13.60,-0.43,228.47,1,-101.00,-13.00,-5.00,1.00,37.00,21.00,13417219,440
92.03,1565843816,1088.66,51.44154674,7.48804412,272.03,14.11,0.50,229.94,1,-101.00,-13.00,-5.00,1.00,37.00,21.00,13417219,440
93.03,1565843817,1102.75,51.44145831,7.48786638,271.77,13.37,-0.73,231.12,1,-98.00,-11.00,1.00,8.00,34.00,21.00,13417219,440
94.03,1565843818,1116.12,51.44137963,7.48770342,271.72,13.60,0.23,231.81,1,-98.00,-11.00,1.00,8.00,34.00,21.00,13417219,440
95.03,1565843819,1129.74,51.44129525,7.48752081,271.91,15.05,1.45,232.17,1,-96.00,-5.00,14.00,2.00,31.00,21.00,13417219,440
96.03,1565843820,1144.79,51.44120907,7.48733813,271.59,15.08,0.03,232.68,1,-96.00,-5.00,14.00,2.00,31.00,21.00,13417219,440
97.04,1565843821,1159.90,51.44112616,7.48716360,271.37,14.93,-0.15,232.32,1,-94.00,-5.00,8.00,2.00,32.00,21.00,13417219,440
98.04,1565843822,1174.83,51.44103954,7.48697016,270.79,15.27,0.34,231.37,1,-94.00,-5.00,8.00,2.00,32.00,21.00,13417219,440
99.03,1565843823,1190.09,51.44096033,7.48680070,270.05,15.35,0.08,232.34,1,-92.00,-6.00,16.00,2.00,34.00,21.00,13417219,440
100.04,1565843824,1205.45,51.44069420,7.48545720,270.06,15.50,0.15,232.14,1,-92.00,-6.00,16.00,2.00,34.00,21.00,13417219,440
101.03,1565843825,1220.94,51.44079127,7.48644481,270.18,14.97,-0.53,231.88,1,-93.00,-6.00,4.00,2.00,34.00,21.00,13417219,440
102.03,1565843826,1235.91,51.44070838,7.48627495,270.19,15.10,0.13,232.30,1,-93.00,-6.00,4.00,2.00,34.00,21.00,13417219,440
103.03,1565843827,1251.01,51.44063012,7.48610019,269.88,14.81,-0.30,233.27,1,-94.00,-5.00,0.00,2.00,32.00,21.00,13417219,440
104.03,1565843828,1265.82,51.44055971,7.48593284,270.28,15.29,0.48,233.45,1,-94.00,-5.00,0.00,2.00,32.00,21.00,13417219,440
105.03,1565843829,1281.09,51.44048040,7.48575356,271.13,15.52,0.23,233.10,1,-95.00,-7.00,-9.00,2.00,32.00,21.00,13417219,440
106.03,1565843830,1296.61,51.44039999,7.48557938,271.75,16.22,0.70,232.65,1,-95.00,-7.00,-9.00,2.00,32.00,21.00,13417219,440
107.04,1565843831,1312.98,51.44031137,7.48539643,272.44,15.48,-0.74,233.20,1,-97.00,-9.00,19.00,2.00,31.00,21.00,13417219,440
108.03,1565843832,1328.31,51.44022685,7.48522157,272.95,15.21,-0.28,233.31,1,-97.00,-9.00,19.00,2.00,31.00,21.00,13417219,440
109.03,1565843833,1343.51,51.44014180,7.48504220,273.33,14.67,-0.53,233.23,1,-97.00,-9.00,19.00,2.00,31.00,21.00,13417219,440
110.03,1565843834,1358.20,51.44006238,7.48487313,273.33,14.76,0.09,233.76,1,-95.00,-7.00,16.00,2.00,32.00,21.00,13417219,440
111.03,1565843835,1372.95,51.43997277,7.48469148,273.44,15.09,0.33,233.94,1,-95.00,-7.00,16.00,2.00,32.00,21.00,13417219,440
112.03,1565843836,1388.05,51.43989696,7.48451955,274.41,14.23,-0.86,235.15,1,-93.00,-5.00,9.00,2.00,32.00,21.00,13417219,440
113.03,1565843837,1402.26,51.43982044,7.48433859,275.31,14.56,0.33,234.62,1,-93.00,-5.00,9.00,2.00,32.00,21.00,13417219,440
114.03,1565843838,1416.83,51.43974445,7.48416421,275.94,13.80,-0.75,234.12,1,-95.00,-5.00,10.00,2.00,30.00,21.00,13417219,440
115.03,1565843839,1430.64,51.43967333,7.48400204,276.26,12.85,-0.96,234.75,1,-95.00,-5.00,10.00,2.00,30.00,21.00,13417219,440
116.03,1565843840,1443.47,51.43959922,7.48383045,276.90,13.07,0.22,234.29,1,-98.00,-6.00,2.00,2.00,27.00,21.00,13417219,440
117.03,1565843841,1456.54,51.43952414,7.48367021,276.82,12.62,-0.44,234.89,1,-98.00,-6.00,2.00,2.00,27.00,21.00,13417219,440
118.03,1565843842,1469.18,51.43945127,7.48348122,276.88,12.70,0.07,236.77,1,-100.00,-7.00,4.00,2.00,26.00,21.00,13417219,440
119.03,1565843843,1481.86,51.43938142,7.48329453,276.46,13.13,0.43,238.22,1,-100.00,-7.00,4.00,2.00,26.00,21.00,13417219,440
120.03,1565843844,1495.00,51.43989220,7.48413260,276.14,13.11,-0.02,239.87,1,-100.00,-6.00,9.00,2.00,26.00,21.00,13417219,440
121.05,1565843845,1508.29,51.43924968,7.48292281,275.68,13.43,0.32,240.60,1,-100.00,-6.00,9.00,2.00,26.00,21.00,13417219,440
122.03,1565843846,1521.54,51.43919099,7.48273918,275.11,12.39,-1.05,241.38,1,-94.00,-5.00,14.00,12.00,32.00,20.00,13417219,440
123.03,1565843847,1533.90,51.43912167,7.48254282,275.19,13.67,1.28,242.05,1,-94.00,-5.00,14.00,12.00,32.00,20.00,13417219,440
124.03,1565843848,1547.56,51.43905152,7.48233542,275.19,14.06,0.39,242.76,1,-95.00,-10.00,13.00,12.00,35.00,20.00,13417219,440
125.03,1565843849,1561.67,51.43897733,7.48213145,275.76,13.61,-0.44,243.12,1,-95.00,-10.00,13.00,12.00,35.00,20.00,13417219,440
126.03,1565843850,1575.26,51.43891140,7.48193432,275.72,15.06,1.45,243.27,1,-98.00,-6.00,12.00,12.00,27.00,20.00,13417219,440
127.03,1565843851,1590.33,51.43883300,7.48170372,275.83,15.29,0.23,242.41,1,-98.00,-6.00,12.00,12.00,27.00,20.00,13417219,440
128.04,1565843852,1605.75,51.43876096,7.48150008,275.72,15.39,0.10,242.74,1,-96.00,-5.00,7.00,15.00,26.00,20.00,13417219,440
129.03,1565843853,1621.00,51.43868963,7.48129716,275.35,14.56,-0.84,242.51,1,-96.00,-5.00,7.00,15.00,26.00,20.00,13417219,440
130.03,1565843854,1635.57,51.43862713,7.48110354,275.63,15.80,1.24,241.90,1,-96.00,-5.00,7.00,15.00,26.00,20.00,13417219,440
131.03,1565843855,1651.36,51.43855303,7.48088569,275.97,16.25,0.45,241.58,1,-94.00,-6.00,16.00,12.00,32.00,20.00,13417219,440
132.03,1565843856,1667.62,51.43848320,7.48068123,276.64,15.94,-0.31,241.19,1,-94.00,-6.00,16.00,12.00,32.00,20.00,13417219,440
133.03,1565843857,1683.59,51.43841087,7.48047636,277.11,16.19,0.26,240.27,1,-98.00,-6.00,11.00,10.00,27.00,20.00,13417219,440
134.03,1565843858,1699.78,51.43833727,7.48026324,277.73,15.79,-0.41,241.25,1,-98.00,-6.00,11.00,10.00,27.00,20.00,13417219,440
135.04,1565843859,1715.60,51.43826681,7.48006481,278.55,15.27,-0.52,241.24,1,-98.00,-6.00,4.00,11.00,28.00,20.00,13417219,440
136.04,1565843860,1730.85,51.43819813,7.47986978,279.25,15.36,0.09,241.41,1,-98.00,-6.00,4.00,11.00,28.00,20.00,13417219,440
137.04,1565843861,1746.21,51.43812804,7.47966459,279.32,15.18,-0.18,240.85,1,-100.00,-7.00,1.00,11.00,26.00,20.00,13417219,440
138.03,1565843862,1761.37,51.43806305,7.47948667,279.54,14.94,-0.24,241.45,1,-100.00,-7.00,1.00,11.00,26.00,20.00,13417219,440
139.03,1565843863,1776.22,51.43798833,7.47928016,279.04,15.39,0.45,241.03,1,-93.00,-5.00,3.00,2.00,40.00,20.00,13417219,440
140.03,1565843864,1791.66,51.43792496,7.47909728,278.97,14.33,-1.06,240.68,1,-93.00,-5.00,3.00,2.00,40.00,20.00,13417219,440
141.03,1565843865,1806.03,51.43786752,7.47892147,278.44,14.00,-0.32,241.29,1,-92.00,-6.00,4.00,11.00,35.00,21.00,13417219,440
142.03,1565843866,1820.02,51.43780783,7.47872269,278.02,13.68,-0.33,242.69,1,-92.00,-6.00,4.00,11.00,35.00,21.00,13417219,440
143.03,1565843867,1833.70,51.43774163,7.47852800,277.41,12.69,-0.98,243.42,1,-92.00,-7.00,1.00,12.00,35.00,21.00,13417219,440
144.03,1565843868,1846.41,51.43767852,7.47833420,277.08,12.42,-0.27,244.17,1,-92.00,-7.00,1.00,12.00,35.00,21.00,13417219,440
145.03,1565843869,1858.82,51.43761659,7.47813726,276.82,14.33,1.91,244.58,1,-93.00,-6.00,0.00,11.00,34.00,21.00,13417219,440
146.03,1565843870,1873.16,51.43755027,7.47793300,276.22,14.40,0.07,245.07,1,-93.00,-6.00,0.00,11.00,34.00,21.00,13417219,440
147.03,1565843871,1887.56,51.43749125,7.47774163,275.53,14.17,-0.22,244.30,1,-89.00,-5.00,9.00,13.00,35.00,21.00,13417219,440
148.03,1565843872,1901.72,51.43743031,7.47755696,275.50,13.89,-0.29,243.63,1,-89.00,-5.00,9.00,13.00,35.00,21.00,13417219,440
149.04,1565843873,1915.70,51.43736751,7.47735506,275.04,13.75,-0.14,244.15,1,-89.00,-4.00,-2.00,6.00,35.00,19.00,13523715,440
150.03,1565843874,1929.34,51.43730718,7.47714872,275.05,13.47,-0.28,244.91,1,-89.00,-4.00,-2.00,6.00,35.00,19.00,13523715,440
151.03,1565843875,1942.82,51.43725612,7.47695571,275.83,13.31,-0.16,245.83,1,-89.00,-4.00,-2.00,6.00,35.00,19.00,13523715,440
152.04,1565843876,1956.16,51.43721229,7.47677394,276.93,13.17,-0.15,248.17,1,-95.00,-5.00,13.00,11.00,30.00,19.00,13523715,6
153.03,1565843877,1969.30,51.43720770,7.47659726,278.30,11.20,-1.97,268.22,1,-95.00,-5.00,13.00,11.00,30.00,19.00,13523715,6
154.03,1565843878,1980.45,51.43722082,7.47641873,279.56,9.90,-1.31,281.02,1,-94.00,-4.00,13.00,11.00,29.00,19.00,13523715,6
155.03,1565843879,1990.34,51.43725602,7.47630276,280.33,9.49,-0.41,299.28,1,-94.00,-4.00,13.00,11.00,29.00,19.00,13523715,6
156.03,1565843880,1999.88,51.43731583,7.47620806,281.24,9.04,-0.45,318.31,1,-95.00,-4.00,4.00,11.00,30.00,19.00,13523715,6
157.03,1565843881,2008.92,51.43739780,7.47616555,282.20,9.30,0.26,355.10,1,-95.00,-4.00,4.00,11.00,30.00,19.00,13523715,6
158.03,1565843882,2018.23,51.43748350,7.47618599,282.69,9.20,-0.10,18.74,1,-100.00,-6.00,13.00,11.00,27.00,19.00,13523715,6
159.03,1565843883,2027.44,51.43755288,7.47624926,283.33,9.18,-0.03,39.51,1,-100.00,-6.00,13.00,11.00,27.00,19.00,13523715,6
160.03,1565843884,2036.63,51.43760900,7.47634838,284.19,9.87,0.69,53.89,1,-102.00,-8.00,2.00,7.00,30.00,19.00,13523715,6
161.03,1565843885,2046.45,51.43766569,7.47646392,284.82,10.31,0.44,55.76,1,-102.00,-8.00,2.00,7.00,30.00,19.00,13523715,6
162.03,1565843886,2056.77,51.43773495,7.47661457,285.36,12.02,1.71,56.52,1,-102.00,-6.00,9.00,11.00,24.00,19.00,13523715,6
163.03,1565843887,2068.83,51.43780755,7.47677588,285.58,14.68,2.65,56.12,1,-102.00,-6.00,9.00,11.00,24.00,19.00,13523715,6
164.03,1565843888,2083.51,51.43788862,7.47696070,285.60,16.16,1.48,55.28,1,-99.00,-6.00,-7.00,12.00,28.00,19.00,13523715,6
165.03,1565843889,2099.67,51.43797638,7.47715825,285.45,17.13,0.97,54.91,1,-99.00,-6.00,-7.00,12.00,28.00,19.00,13523715,6
166.03,1565843890,2116.79,51.43806615,7.47736798,285.88,18.00,0.87,55.46,1,-100.00,-6.00,2.00,10.00,28.00,19.00,13523715,6
167.03,1565843891,2134.68,51.43816438,7.47759319,286.45,19.33,1.34,56.22,1,-100.00,-6.00,2.00,10.00,28.00,19.00,13523715,6
168.03,1565843892,2154.13,51.43827020,7.47783549,287.30,19.32,-0.00,56.87,1,-104.00,-8.00,-7.00,10.00,28.00,19.00,13523715,6
169.03,1565843893,2173.43,51.43837464,7.47807788,287.79,20.20,0.88,56.99,1,-104.00,-8.00,-7.00,10.00,28.00,19.00,13523715,6
170.04,1565843894,2193.80,51.43848450,7.47834106,288.28,21.47,1.25,57.75,1,-109.00,-12.00,-5.00,7.00,27.00,19.00,13523715,6
171.03,1565843895,2215.09,51.43860081,7.47861924,288.59,23.08,1.62,57.25,1,-109.00,-12.00,-5.00,7.00,27.00,19.00,13523715,6
172.03,1565843896,2238.20,51.43871383,7.47888459,289.04,23.70,0.62,55.72,1,-109.00,-12.00,-5.00,7.00,27.00,19.00,13523715,6
173.03,1565843897,2261.90,51.43883001,7.47915925,289.55,24.13,0.43,55.74,1,-107.00,-11.00,-5.00,6.00,23.00,19.00,13523715,6
174.03,1565843898,2286.01,51.43895845,7.47946256,290.02,24.26,0.13,55.80,1,-107.00,-11.00,-5.00,6.00,23.00,19.00,13523715,6
175.03,1565843899,2310.29,51.43907634,7.47974842,290.39,24.17,-0.09,54.82,1,-112.00,-12.00,-6.00,2.00,28.00,19.00,13523715,6
176.03,1565843900,2334.47,51.43919537,7.48002036,290.36,22.77,-1.40,55.74,1,-112.00,-12.00,-6.00,2.00,28.00,19.00,13523715,6
177.03,1565843901,2357.22,51.43931718,7.48030814,290.14,23.34,0.56,55.09,1,-105.00,-5.00,10.00,2.00,20.00,22.00,13417219,440
178.03,1565843902,2380.58,51.43944120,7.48059284,289.72,23.33,-0.00,55.13,1,-105.00,-5.00,10.00,2.00,20.00,22.00,13417219,440
179.03,1565843903,2403.91,51.43957271,7.48087026,289.01,23.24,-0.09,53.44,1,-106.00,-6.00,4.00,2.00,20.00,22.00,13417219,440
180.03,1565843904,2427.15,51.43970506,7.48113762,288.32,23.65,0.40,51.47,1,-106.00,-6.00,4.00,2.00,20.00,22.00,13417219,440
181.03,1565843905,2450.79,51.43984204,7.48139643,287.47,23.58,-0.07,49.70,1,-107.00,-6.00,5.00,2.00,21.00,22.00,13417219,440
182.03,1565843906,2474.37,51.43998281,7.48165354,286.91,23.30,-0.28,48.58,1,-107.00,-6.00,5.00,2.00,21.00,22.00,13417219,440
183.03,1565843907,2497.68,51.44012292,7.48190884,286.57,23.37,0.07,47.93,1,-107.00,-8.00,-3.00,2.00,22.00,22.00,13417219,440
184.03,1565843908,2521.05,51.44026992,7.48215310,286.09,23.93,0.55,46.67,1,-107.00,-8.00,-3.00,2.00,22.00,22.00,13417219,440
185.03,1565843909,2544.95,51.44042318,7.48239314,285.75,23.76,-0.17,44.93,1,-109.00,-9.00,-1.00,2.00,21.00,22.00,13417219,440
186.03,1565843910,2568.71,51.44058280,7.48262044,285.41,23.41,-0.35,41.73,1,-109.00,-9.00,-1.00,2.00,21.00,22.00,13417219,440
187.03,1565843911,2592.12,51.44074234,7.48283376,284.92,23.39,-0.02,40.31,1,-115.00,-16.00,-10.00,2.00,23.00,22.00,13417219,440
188.03,1565843912,2615.49,51.44090205,7.48305136,284.55,23.32,-0.07,39.33,1,-115.00,-16.00,-10.00,2.00,23.00,22.00,13417219,440
189.03,1565843913,2638.85,51.44105808,7.48325276,283.97,22.98,-0.33,38.54,1,-108.00,-13.00,-10.00,5.00,25.00,22.00,13415426,265
190.03,1565843914,2661.83,51.44121910,7.48345872,283.02,22.91,-0.07,38.08,1,-108.00,-13.00,-10.00,5.00,25.00,22.00,13415426,265
191.04,1565843915,2684.97,51.44137832,7.48364582,281.81,22.52,-0.39,36.51,1,-107.00,-12.00,-8.00,5.00,24.00,22.00,13415426,265
192.04,1565843916,2707.28,51.44154030,7.48382372,280.53,22.15,-0.37,34.11,1,-107.00,-12.00,-8.00,5.00,24.00,22.00,13415426,265
193.04,1565843917,2729.43,51.44170604,7.48399153,279.11,22.12,-0.03,31.27,1,-107.00,-12.00,-8.00,5.00,24.00,22.00,13415426,265
194.04,1565843918,2751.57,51.44187160,7.48414821,277.84,21.90,-0.22,29.47,1,-111.00,-12.00,-5.00,5.00,21.00,22.00,13415426,265
195.04,1565843919,2773.47,51.44203742,7.48429588,276.76,21.85,-0.05,28.10,1,-111.00,-12.00,-5.00,5.00,21.00,22.00,13415426,265
196.03,1565843920,2795.25,51.44220861,7.48444301,275.84,21.85,0.00,27.11,1,-110.00,-11.00,-10.00,6.00,20.00,22.00,13415426,265
197.03,1565843921,2817.12,51.44238495,7.48458238,275.13,21.87,0.03,26.39,1,-110.00,-11.00,-10.00,6.00,20.00,22.00,13415426,265
198.04,1565843922,2839.02,51.44256113,7.48471867,274.58,21.89,0.01,25.96,1,-116.00,-15.00,-7.00,2.00,20.00,22.00,13415426,265
199.03,1565843923,2860.89,51.44273738,7.48484755,274.02,21.75,-0.14,24.89,1,-116.00,-15.00,-7.00,2.00,20.00,22.00,13415426,265
200.03,1565843924,2882.61,51.44291382,7.48497692,273.46,21.77,0.02,24.14,1,-108.00,-11.00,-7.00,2.00,31.00,22.00,13415426,265
201.03,1565843925,2904.39,51.44309243,7.48510496,272.91,21.65,-0.12,23.86,1,-108.00,-11.00,-7.00,2.00,31.00,22.00,13415426,265
202.04,1565843926,2926.14,51.44326857,7.48523112,272.28,21.63,-0.02,23.73,1,-114.00,-16.00,-11.00,2.00,21.00,22.00,13415426,265
203.04,1565843927,2947.77,51.44345403,7.48536194,271.81,21.64,0.01,23.62,1,-114.00,-16.00,-11.00,2.00,21.00,22.00,13415426,265
204.04,1565843928,2969.41,51.44363361,7.48548341,271.45,21.67,0.03,22.78,1,-115.00,-19.00,-10.00,2.00,23.00,22.00,13415426,265
205.04,1565843929,2991.07,51.44380944,7.48560057,271.14,20.94,-0.73,22.28,1,-115.00,-19.00,-10.00,2.00,23.00,22.00,13415426,265
206.04,1565843930,3012.03,51.44397843,7.48570381,270.91,19.83,-1.11,20.78,1,-114.00,-18.00,-12.00,2.00,23.00,22.00,13415426,265
207.04,1565843931,3031.86,51.44413439,7.48579422,270.57,18.55,-1.28,20.16,1,-114.00,-18.00,-12.00,2.00,23.00,22.00,13415426,265
208.03,1565843932,3050.28,51.44428725,7.48587834,270.18,16.14,-2.43,20.39,1,-114.00,-15.00,-10.00,2.00,22.00,21.00,13415426,265
209.03,1565843933,3066.42,51.44440503,7.48595351,269.88,13.26,-2.87,22.89,1,-114.00,-15.00,-10.00,2.00,22.00,21.00,13415426,265
210.03,1565843934,3079.71,51.44451036,7.48604146,269.37,12.69,-0.58,26.81,1,-117.00,-16.00,-9.00,1.00,21.00,21.00,13415426,265
211.03,1565843935,3092.33,51.44458091,7.48616036,268.69,11.24,-1.46,45.62,1,-117.00,-16.00,-9.00,1.00,21.00,21.00,13415426,265
212.05,1565843936,3103.76,51.44466126,7.48629599,268.02,11.41,0.17,48.78,1,-120.00,-18.00,-11.00,1.00,20.00,21.00,13415426,265
213.04,1565843937,3115.07,51.44472040,7.48646631,267.54,11.79,0.38,64.49,1,-120.00,-18.00,-11.00,1.00,20.00,21.00,13415426,265
214.04,1565843938,3126.87,51.44473779,7.48661270,266.98,11.92,0.13,78.52,1,-120.00,-18.00,-11.00,1.00,20.00,21.00,13415426,265
215.04,1565843939,3138.82,51.44475162,7.48677817,266.59,12.26,0.34,82.43,1,-121.00,-19.00,-11.00,1.00,18.00,25.00,13417219,265
216.04,1565843940,3151.07,51.44472653,7.48695677,266.24,12.16,-0.10,103.00,1,-121.00,-19.00,-11.00,1.00,18.00,25.00,13417219,265
217.04,1565843941,3163.18,51.44467501,7.48712760,266.13,12.16,0.00,117.46,1,-120.00,-16.00,-10.00,3.00,15.00,25.00,13417219,440
218.04,1565843942,3175.35,51.44459919,7.48727904,266.36,12.25,0.10,130.34,1,-120.00,-16.00,-10.00,3.00,15.00,25.00,13417219,440
219.03,1565843943,3187.56,51.44450626,7.48740412,266.34,12.60,0.34,144.53,1,-118.00,-14.00,-7.00,3.00,18.00,25.00,13417219,440
220.03,1565843944,3200.16,51.44441194,7.48748301,265.87,12.71,0.11,158.47,1,-118.00,-14.00,-7.00,3.00,18.00,25.00,13417219,440
221.03,1565843945,3212.87,51.44431578,7.48752355,265.61,12.55,-0.16,171.42,1,-119.00,-18.00,-10.00,2.00,20.00,25.00,13417219,440
222.03,1565843946,3225.42,51.44420936,7.48752688,265.17,12.15,-0.40,184.95,1,-119.00,-18.00,-10.00,2.00,20.00,25.00,13417219,440
223.03,1565843947,3237.57,51.44408899,7.48748799,264.90,11.96,-0.19,198.13,1,-116.00,-19.00,-12.00,2.00,23.00,25.00,13417219,440
224.04,1565843948,3249.54,51.44399907,7.48741266,264.68,12.00,0.04,211.10,1,-116.00,-19.00,-12.00,2.00,23.00,25.00,13417219,440
225.03,1565843949,3261.53,51.44391713,7.48729445,264.95,12.10,0.10,225.07,1,-108.00,-10.00,-9.00,1.00,19.00,25.00,13417219,440
226.03,1565843950,3273.63,51.44386219,7.48715958,264.65,12.41,0.31,239.10,1,-108.00,-10.00,-9.00,1.00,19.00,25.00,13417219,440
227.04,1565843951,3286.06,51.44382228,7.48699851,264.26,12.79,0.38,253.35,1,-115.00,-13.00,-8.00,3.00,19.00,25.00,13417219,440
228.04,1565843952,3298.87,51.44378799,7.48681310,264.12,13.35,0.55,256.83,1,-115.00,-13.00,-8.00,3.00,19.00,25.00,13417219,440
229.03,1565843953,3312.19,51.44376403,7.48662222,263.99,14.16,0.81,260.50,1,-116.00,-16.00,-10.00,3.00,20.00,25.00,13417219,440
230.03,1565843954,3326.34,51.44374800,7.48641056,263.84,14.96,0.80,263.11,1,-116.00,-16.00,-10.00,3.00,20.00,25.00,13417219,440
231.04,1565843955,3341.31,51.44373653,7.48618487,263.66,15.91,0.95,264.38,1,-115.00,-14.00,-10.00,5.00,16.00,25.00,13417219,440
232.04,1565843956,3357.22,51.44372502,7.48594611,263.59,16.45,0.54,265.31,1,-115.00,-14.00,-10.00,5.00,16.00,25.00,13417219,440
233.04,1565843957,3373.82,51.44371902,7.48569710,263.60,17.42,0.97,266.43,1,-119.00,-17.00,-12.00,2.00,20.00,25.00,13417219,440
234.04,1565843958,3391.10,51.44370918,7.48544706,263.91,18.68,1.27,265.67,1,-119.00,-17.00,-12.00,2.00,20.00,25.00,13417219,440
235.04,1565843959,3409.79,51.44369736,7.48515504,263.98,19.03,0.34,266.61,1,-119.00,-17.00,-12.00,2.00,20.00,25.00,13417219,440
236.04,1565843960,3428.83,51.44368714,7.48485867,263.80,19.29,0.26,267.06,1,-121.00,-17.00,-12.00,2.00,15.00,25.00,13417219,440
237.03,1565843961,3448.01,51.44368380,7.48456951,264.60,20.82,1.54,267.87,1,-121.00,-17.00,-12.00,2.00,15.00,25.00,13417219,440
238.03,1565843962,3468.87,51.44368031,7.48426787,265.56,21.45,0.63,268.22,1,-116.00,-12.00,-6.00,2.00,16.00,25.00,13415426,265
239.03,1565843963,3490.32,51.44367796,7.48394635,266.52,22.30,0.84,268.21,1,-116.00,-12.00,-6.00,2.00,16.00,25.00,13415426,265
240.04,1565843964,3512.69,51.44367505,7.48362205,267.13,22.88,0.59,268.19,1,-114.00,-15.00,-10.00,2.00,19.00,25.00,13415426,265
241.04,1565843965,3535.73,51.44367006,7.48329014,267.52,23.41,0.52,267.54,1,-114.00,-15.00,-10.00,2.00,19.00,25.00,13415426,265
242.03,1565843966,3558.86,51.44366258,7.48295049,267.87,24.18,0.78,267.86,1,-115.00,-16.00,-9.00,3.00,22.00,19.00,13415426,265
243.03,1565843967,3583.09,51.44365458,7.48259243,268.07,24.77,0.59,267.48,1,-115.00,-16.00,-9.00,3.00,22.00,19.00,13415426,265
244.04,1565843968,3607.93,51.44364506,7.48222406,268.01,25.39,0.62,266.81,1,-111.00,-16.00,-7.00,4.00,21.00,19.00,13415426,265
245.04,1565843969,3633.30,51.44363481,7.48185133,267.80,25.98,0.58,266.53,1,-111.00,-16.00,-7.00,4.00,21.00,19.00,13415426,265
246.04,1565843970,3659.30,51.44362379,7.48147489,267.55,26.55,0.57,266.20,1,-115.00,-15.00,-6.00,4.00,21.00,19.00,13415426,265
247.04,1565843971,3685.91,51.44360722,7.48109366,267.12,26.87,0.32,265.57,1,-115.00,-15.00,-6.00,4.00,21.00,19.00,13415426,265
248.04,1565843972,3712.75,51.44359053,7.48071055,266.69,26.67,-0.21,265.22,1,-113.00,-14.00,-6.00,4.00,21.00,19.00,13415426,265
249.04,1565843973,3739.42,51.44356969,7.48033260,266.14,26.32,-0.35,264.41,1,-113.00,-14.00,-6.00,4.00,21.00,19.00,13415426,265
250.04,1565843974,3765.76,51.44354966,7.47996157,265.46,26.03,-0.28,263.62,1,-112.00,-14.00,-6.00,4.00,20.00,19.00,13415426,265
251.04,1565843975,3791.75,51.44352244,7.47959064,264.63,26.03,-0.00,262.63,1,-112.00,-14.00,-6.00,4.00,20.00,19.00,13415426,265
252.03,1565843976,3817.72,51.44349587,7.47922134,264.17,26.12,0.09,262.84,1,-111.00,-14.00,-3.00,4.00,23.00,19.00,13415426,265
253.16,1565843977,3847.06,51.44346808,7.47884138,263.89,26.35,0.20,262.76,1,-111.00,-14.00,-3.00,4.00,23.00,19.00,13415426,265
254.13,1565843978,3872.78,51.44343793,7.47846449,263.14,26.45,0.10,262.61,1,-109.00,-14.00,-1.00,4.00,24.00,19.00,13415426,265
255.13,1565843979,3899.23,51.44340724,7.47808680,262.42,26.65,0.20,262.32,1,-109.00,-14.00,-1.00,4.00,24.00,19.00,13415426,265
256.14,1565843980,3926.15,51.44337728,7.47769950,261.95,26.84,0.18,262.08,1,-104.00,-11.00,1.00,7.00,27.00,19.00,13415426,265
257.13,1565843981,3952.75,51.44334821,7.47731867,261.53,26.96,0.13,262.23,1,-104.00,-11.00,1.00,7.00,27.00,19.00,13415426,265
258.13,1565843982,3979.69,51.44331745,7.47693121,261.29,27.04,0.08,262.12,1,-104.00,-11.00,1.00,7.00,27.00,19.00,13415426,265
259.13,1565843983,4006.73,51.44328342,7.47654454,261.01,27.46,0.41,261.61,1,-107.00,-10.00,4.00,9.00,22.00,19.00,13415426,265
260.13,1565843984,4034.16,51.44324634,7.47615047,259.82,27.60,0.14,260.96,1,-107.00,-10.00,4.00,9.00,22.00,19.00,13415426,265
261.13,1565843985,4061.76,51.44320171,7.47576001,257.93,27.69,0.08,260.29,1,-107.00,-9.00,-2.00,5.00,21.00,19.00,13415426,265
262.13,1565843986,4089.45,51.44315835,7.47536751,256.07,27.92,0.23,259.69,1,-107.00,-9.00,-2.00,5.00,21.00,19.00,13415426,265
263.13,1565843987,4117.34,51.44311315,7.47497674,253.84,28.11,0.19,259.39,1,-107.00,-8.00,5.00,7.00,22.00,19.00,13415426,265
264.13,1565843988,4145.42,51.44306372,7.47458376,251.80,28.28,0.17,259.20,1,-107.00,-8.00,5.00,7.00,22.00,19.00,13415426,265
265.13,1565843989,4173.74,51.44301292,7.47418261,250.03,28.59,0.30,258.96,1,-110.00,-10.00,4.00,4.00,21.00,19.00,13415426,265
266.13,1565843990,4202.32,51.44296168,7.47377840,248.38,28.76,0.17,259.03,1,-110.00,-10.00,4.00,4.00,21.00,19.00,13415426,265
267.13,1565843991,4231.05,51.44291063,7.47337184,246.80,28.87,0.11,259.23,1,-106.00,-9.00,12.00,9.00,24.00,19.00,13415426,265
268.13,1565843992,4259.86,51.44285956,7.47296010,245.29,29.36,0.50,258.92,1,-106.00,-9.00,12.00,9.00,24.00,19.00,13415426,265
269.13,1565843993,4289.28,51.44280809,7.47254093,243.84,29.83,0.46,258.45,1,-104.00,-7.00,9.00,11.00,23.00,19.00,13415426,265
270.13,1565843994,4319.11,51.44274892,7.47211919,242.57,30.35,0.52,257.79,1,-104.00,-7.00,9.00,11.00,23.00,19.00,13415426,265
271.13,1565843995,4349.50,51.44268933,7.47169165,241.49,30.73,0.38,257.97,1,-103.00,-7.00,6.00,2.00,32.00,19.00,13415426,265
272.13,1565843996,4380.23,51.44262995,7.47125393,240.42,31.19,0.46,258.20,1,-103.00,-7.00,6.00,2.00,32.00,19.00,13415426,265
273.13,1565843997,4411.48,51.44256980,7.47081027,239.35,31.79,0.59,258.02,1,-106.00,-6.00,7.00,2.00,21.00,19.00,13415426,265
274.13,1565843998,4443.27,51.44250829,7.47035799,238.27,32.22,0.43,257.83,1,-106.00,-6.00,7.00,2.00,21.00,19.00,13415426,265
275.13,1565843999,4475.46,51.44244447,7.46989189,237.36,32.81,0.59,257.77,1,-107.00,-6.00,7.00,2.00,19.00,19.00,13415426,265
276.13,1565844000,4508.27,51.44238179,7.46942851,236.44,33.13,0.32,258.31,1,-107.00,-6.00,7.00,2.00,19.00,19.00,13415426,265
277.14,1565844001,4541.76,51.44231719,7.46895486,235.64,33.29,0.16,258.34,1,-108.00,-6.00,7.00,2.00,18.00,19.00,13415426,265
278.13,1565844002,4574.75,51.44225232,7.46848390,234.99,33.40,0.11,258.32,1,-108.00,-6.00,7.00,2.00,18.00,19.00,13415426,265
279.13,1565844003,4608.15,51.44219342,7.46800890,234.31,33.65,0.25,259.03,1,-108.00,-6.00,7.00,2.00,18.00,19.00,13415426,265
280.13,1565844004,4641.73,51.44213614,7.46753206,233.71,33.68,0.03,259.13,1,-109.00,-7.00,-1.00,2.00,18.00,19.00,13415426,265
281.13,1565844005,4675.38,51.44207990,7.46705570,233.05,33.82,0.14,259.44,1,-109.00,-7.00,-1.00,2.00,18.00,19.00,13415426,265
282.13,1565844006,4709.22,51.44202541,7.46657790,232.24,34.12,0.31,259.90,1,-111.00,-8.00,-3.00,2.00,18.00,19.00,13415426,265
283.13,1565844007,4743.35,51.44197441,7.46610006,231.60,34.10,-0.03,260.27,1,-111.00,-8.00,-3.00,2.00,18.00,19.00,13415426,265
284.13,1565844008,4777.48,51.44192240,7.46561465,230.96,34.20,0.10,260.48,1,-115.00,-12.00,-4.00,2.00,17.00,19.00,13415426,265
285.13,1565844009,4811.71,51.44187439,7.46512621,230.16,34.30,0.10,260.98,1,-115.00,-12.00,-4.00,2.00,17.00,19.00,13415426,265
286.13,1565844010,4846.01,51.44183236,7.46464363,229.34,34.01,-0.29,261.71,1,-115.00,-13.00,-6.00,2.00,18.00,19.00,13415426,265
287.14,1565844011,4880.05,51.44179178,7.46416523,228.47,33.33,-0.68,262.15,1,-115.00,-13.00,-6.00,2.00,18.00,19.00,13415426,265
288.14,1565844012,4913.38,51.44175322,7.46369328,227.60,32.91,-0.42,262.62,1,-113.00,-9.00,3.00,2.00,17.00,19.00,13415427,264
289.14,1565844013,4946.29,51.44172123,7.46322980,226.90,32.60,-0.30,263.38,1,-113.00,-9.00,3.00,2.00,17.00,19.00,13415427,264
290.13,1565844014,4978.76,51.44168978,7.46276635,226.23,32.42,-0.19,264.04,1,-111.00,-8.00,10.00,2.00,17.00,19.00,13415427,264
291.13,1565844015,5011.21,51.44166436,7.46229959,225.66,32.50,0.08,264.58,1,-111.00,-8.00,10.00,2.00,17.00,19.00,13415427,264
292.13,1565844016,5043.71,51.44163813,7.46183351,225.17,32.51,0.01,264.99,1,-110.00,-7.00,8.00,2.00,18.00,19.00,13415427,264
293.13,1565844017,5076.19,51.44161239,7.46137067,224.77,32.52,0.01,265.27,1,-110.00,-7.00,8.00,2.00,18.00,19.00,13415427,264
294.13,1565844018,5108.71,51.44159222,7.46090583,224.46,32.42,-0.10,265.60,1,-108.00,-6.00,7.00,2.00,19.00,19.00,13415427,264
295.13,1565844019,5141.12,51.44157978,7.46043997,224.10,32.11,-0.31,266.92,1,-108.00,-6.00,7.00,2.00,19.00,19.00,13415427,264
296.13,1565844020,5173.23,51.44156719,7.45998023,223.70,31.95,-0.16,267.07,1,-107.00,-6.00,10.00,2.00,20.00,19.00,13415427,264
297.13,1565844021,5205.18,51.44155209,7.45952526,223.56,31.94,-0.02,267.86,1,-107.00,-6.00,10.00,2.00,20.00,19.00,13415427,264
298.14,1565844022,5237.37,51.44154413,7.45906461,223.65,32.10,0.16,268.22,1,-104.00,-5.00,13.00,2.00,22.00,19.00,13415427,264
299.13,1565844023,5269.18,51.44153630,7.45860301,223.76,32.08,-0.02,268.84,1,-104.00,-5.00,13.00,2.00,22.00,19.00,13415427,264
300.13,1565844024,5301.30,51.44152953,7.45814468,224.02,31.61,-0.47,269.20,1,-104.00,-5.00,13.00,2.00,22.00,19.00,13415427,264
301.13,1565844025,5332.87,51.44152921,7.45769637,224.24,31.24,-0.37,269.80,1,-102.00,-4.00,11.00,2.00,23.00,19.00,13415427,264
302.13,1565844026,5364.11,51.44152898,7.45725057,224.43,31.09,-0.15,270.20,1,-102.00,-4.00,11.00,2.00,23.00,19.00,13415427,264
303.13,1565844027,5395.20,51.44152891,7.45680486,224.63,31.09,0.01,270.32,1,-108.00,-5.00,7.00,9.00,18.00,14.00,13415427,264
304.13,1565844028,5426.32,51.44152926,7.45635468,224.75,31.13,0.04,270.53,1,-108.00,-5.00,7.00,9.00,18.00,14.00,13415427,264
305.13,1565844029,5457.42,51.44153428,7.45590913,224.93,30.72,-0.41,270.90,1,-108.00,-6.00,10.00,9.00,19.00,14.00,13415427,264
306.13,1565844030,5488.14,51.44153947,7.45547371,225.16,30.35,-0.36,271.33,1,-108.00,-6.00,10.00,9.00,19.00,14.00,13415427,264
307.13,1565844031,5518.52,51.44154655,7.45504077,225.33,30.18,-0.17,271.65,1,-102.00,-4.00,14.00,12.00,22.00,14.00,13415427,264
308.13,1565844032,5548.68,51.44155865,7.45460630,225.47,30.20,0.01,272.28,1,-102.00,-4.00,14.00,12.00,22.00,14.00,13415427,264
309.13,1565844033,5578.88,51.44157246,7.45417162,225.63,30.13,-0.07,273.01,1,-101.00,-5.00,10.00,12.00,27.00,14.00,13415427,264
310.13,1565844034,5609.04,51.44159369,7.45374006,225.69,30.17,0.03,274.32,1,-101.00,-5.00,10.00,12.00,27.00,14.00,13415427,264
311.13,1565844035,5639.21,51.44161546,7.45330921,225.70,30.07,-0.10,274.80,1,-102.00,-5.00,10.00,8.00,23.00,14.00,13415427,264
312.13,1565844036,5669.24,51.44163820,7.45287875,225.57,30.13,0.06,275.20,1,-102.00,-5.00,10.00,8.00,23.00,14.00,13415427,264
313.13,1565844037,5699.38,51.44166603,7.45244546,225.52,30.28,0.15,275.56,1,-109.00,-9.00,-1.00,6.00,21.00,14.00,13415427,264
314.13,1565844038,5729.69,51.44169412,7.45200865,225.48,30.33,0.05,275.59,1,-109.00,-9.00,-1.00,6.00,21.00,14.00,13415427,264
315.13,1565844039,5760.05,51.44172644,7.45157396,225.42,30.47,0.14,276.58,1,-110.00,-10.00,1.00,6.00,21.00,14.00,13415427,264
316.13,1565844040,5790.53,51.44175873,7.45114144,225.34,30.18,-0.30,277.38,1,-110.00,-10.00,1.00,6.00,21.00,14.00,13415427,264
317.13,1565844041,5820.67,51.44179560,7.45071307,225.23,29.91,-0.26,277.66,1,-109.00,-7.00,10.00,8.00,17.00,14.00,13415427,264
318.13,1565844042,5850.56,51.44183134,7.45028830,225.15,29.87,-0.05,277.70,1,-109.00,-7.00,10.00,8.00,17.00,14.00,13415427,264
319.14,1565844043,5880.72,51.44186781,7.44986217,225.08,29.91,0.05,277.92,1,-101.00,-4.00,11.00,2.00,31.00,14.00,13415427,264
320.13,1565844044,5910.36,51.44190509,7.44943485,224.99,30.08,0.16,278.10,1,-101.00,-4.00,11.00,2.00,31.00,14.00,13415427,264
321.13,1565844045,5940.44,51.44194320,7.44900667,224.83,30.18,0.10,278.42,1,-101.00,-4.00,11.00,2.00,31.00,14.00,13415427,264
322.13,1565844046,5970.62,51.44198797,7.44857707,224.62,30.50,0.32,279.19,1,-106.00,-6.00,5.00,2.00,22.00,14.00,13415427,264
323.13,1565844047,6001.11,51.44203341,7.44813808,224.35,30.52,0.03,279.57,1,-106.00,-6.00,5.00,2.00,22.00,14.00,13415427,264
324.13,1565844048,6031.67,51.44208421,7.44771489,224.22,30.48,-0.05,280.32,1,-105.00,-6.00,18.00,2.00,21.00,14.00,13415427,264
325.13,1565844049,6062.11,51.44213348,7.44729805,223.80,30.37,-0.11,280.91,1,-105.00,-6.00,18.00,2.00,21.00,14.00,13415427,264
326.13,1565844050,6092.48,51.44218941,7.44687401,223.20,30.59,0.22,281.72,1,-105.00,-5.00,6.00,2.00,20.00,14.00,13415427,264
327.13,1565844051,6123.07,51.44224612,7.44644636,222.66,30.68,0.09,282.18,1,-105.00,-5.00,6.00,2.00,20.00,14.00,13415427,264
328.13,1565844052,6153.71,51.44230473,7.44601225,222.05,31.03,0.36,282.55,1,-104.00,-5.00,0.00,2.00,20.00,14.00,13415427,264
329.13,1565844053,6184.77,51.44236432,7.44557728,221.46,31.22,0.19,282.47,1,-104.00,-5.00,0.00,2.00,20.00,14.00,13415427,264
330.13,1565844054,6216.02,51.44243018,7.44513801,220.88,31.67,0.45,282.88,1,-106.00,-6.00,6.00,2.00,20.00,14.00,13415427,264
331.13,1565844055,6247.69,51.44249664,7.44469405,220.23,32.03,0.36,283.35,1,-106.00,-6.00,6.00,2.00,20.00,14.00,13415427,264
332.13,1565844056,6279.71,51.44256452,7.44424368,219.59,32.39,0.37,283.63,1,-107.00,-7.00,-6.00,2.00,19.00,14.00,13415427,264
333.13,1565844057,6312.11,51.44263806,7.44379297,219.05,32.54,0.15,284.16,1,-107.00,-7.00,-6.00,2.00,19.00,14.00,13415427,264
334.13,1565844058,6344.65,51.44271338,7.44333511,218.64,32.48,-0.06,284.78,1,-108.00,-8.00,-9.00,2.00,19.00,14.00,13415427,264
335.13,1565844059,6377.13,51.44279233,7.44288234,218.28,32.64,0.16,285.28,1,-108.00,-8.00,-9.00,2.00,19.00,14.00,13415427,264
336.13,1565844060,6409.77,51.44287235,7.44242416,217.97,32.78,0.14,285.46,1,-108.00,-10.00,-7.00,2.00,22.00,14.00,13415427,264
337.13,1565844061,6442.55,51.44295226,7.44196759,217.70,32.90,0.12,286.06,1,-108.00,-10.00,-7.00,2.00,22.00,14.00,13415427,264
338.13,1565844062,6475.52,51.44304019,7.44151191,217.37,32.90,-0.01,286.85,1,-110.00,-11.00,-9.00,2.00,22.00,14.00,13415427,264
339.13,1565844063,6508.41,51.44312702,7.44105837,217.03,32.83,-0.06,287.30,1,-110.00,-11.00,-9.00,2.00,22.00,14.00,13415427,264
340.14,1565844064,6541.51,51.44321752,7.44061216,216.65,32.47,-0.36,287.94,1,-111.00,-12.00,-8.00,2.00,21.00,14.00,13415427,264
341.13,1565844065,6573.69,51.44330766,7.44016747,216.23,32.48,0.00,288.14,1,-111.00,-12.00,-8.00,2.00,21.00,14.00,13415427,264
342.13,1565844066,6606.20,51.44339936,7.43971841,215.81,32.84,0.37,288.34,1,-111.00,-12.00,-8.00,2.00,21.00,14.00,13415427,264
343.14,1565844067,6639.17,51.44349609,7.43927044,215.33,33.01,0.16,288.97,1,-109.00,-9.00,1.00,2.00,20.00,14.00,13246978,157
344.14,1565844068,6672.14,51.44359387,7.43882029,214.74,33.14,0.13,289.63,1,-109.00,-9.00,1.00,2.00,20.00,14.00,13246978,157
345.13,1565844069,6705.12,51.44369680,7.43837106,214.10,33.17,0.03,290.03,1,-107.00,-7.00,5.00,2.00,20.00,14.00,13246978,157
346.13,1565844070,6738.29,51.44379953,7.43792399,213.41,33.29,0.12,290.67,1,-107.00,-7.00,5.00,2.00,20.00,14.00,13246978,157
347.13,1565844071,6771.57,51.44390685,7.43747624,212.72,33.54,0.25,291.07,1,-106.00,-6.00,4.00,2.00,20.00,14.00,13246978,157
348.13,1565844072,6805.01,51.44401535,7.43702681,211.97,33.62,0.08,291.44,1,-106.00,-6.00,4.00,2.00,20.00,14.00,13246978,157
349.13,1565844073,6838.73,51.44413050,7.43657345,211.19,34.15,0.53,292.07,1,-107.00,-6.00,8.00,2.00,19.00,14.00,13246978,157
350.13,1565844074,6872.85,51.44424308,7.43612347,210.34,34.18,0.02,292.54,1,-107.00,-6.00,8.00,2.00,19.00,14.00,13246978,157
351.13,1565844075,6907.13,51.44436162,7.43566574,209.79,34.63,0.46,292.93,1,-109.00,-8.00,0.00,2.00,18.00,14.00,13246978,157
352.13,1565844076,6941.73,51.44448906,7.43521036,208.62,34.95,0.32,293.79,1,-109.00,-8.00,0.00,2.00,18.00,14.00,13246978,157
353.14,1565844077,6976.75,51.44462008,7.43474644,207.73,35.25,0.30,294.66,1,-110.00,-8.00,-7.00,2.00,19.00,14.00,13246978,157
354.14,1565844078,7012.04,51.44476072,7.43428322,206.95,35.53,0.28,295.65,1,-110.00,-8.00,-7.00,2.00,19.00,14.00,13246978,157
355.13,1565844079,7047.36,51.44490336,7.43383018,205.35,35.71,0.17,296.85,1,-106.00,-10.00,2.00,2.00,32.00,66.00,13081345,210
356.13,1565844080,7083.10,51.44505261,7.43337654,203.64,35.84,0.13,298.16,1,-106.00,-10.00,2.00,2.00,32.00,66.00,13081345,210
357.13,1565844081,7118.97,51.44520971,7.43292349,201.89,36.06,0.22,299.44,1,-108.00,-13.00,-3.00,2.00,24.00,66.00,13081345,210
358.13,1565844082,7155.03,51.44537429,7.43247534,200.12,36.09,0.03,300.84,1,-108.00,-13.00,-3.00,2.00,24.00,66.00,13081345,210
359.13,1565844083,7191.08,51.44554594,7.43203569,198.31,36.09,0.00,302.43,1,-101.00,-5.00,-1.00,2.00,33.00,33.00,13395457,111
360.13,1565844084,7227.13,51.44572172,7.43160509,196.46,35.83,-0.26,303.69,1,-101.00,-5.00,-1.00,2.00,33.00,33.00,13395457,111
361.14,1565844085,7263.39,51.44590574,7.43119012,194.51,35.64,-0.18,305.72,1,-105.00,-8.00,8.00,2.00,23.00,31.00,13395457,111
362.13,1565844086,7298.75,51.44609857,7.43077324,192.72,35.94,0.30,306.82,1,-105.00,-8.00,8.00,2.00,23.00,31.00,13395457,111
363.15,1565844087,7335.33,51.44629517,7.43037521,191.03,36.19,0.25,308.16,1,-105.00,-10.00,7.00,7.00,23.00,31.00,13395457,111
364.13,1565844088,7370.66,51.44649985,7.42997103,189.29,36.28,0.09,309.62,1,-105.00,-10.00,7.00,7.00,23.00,31.00,13395457,111
365.13,1565844089,7406.94,51.44671079,7.42958809,187.65,36.35,0.07,311.15,1,-105.00,-10.00,7.00,7.00,23.00,31.00,13395457,111
366.13,1565844090,7443.40,51.44693715,7.42920415,186.25,36.73,0.38,313.19,1,-94.00,-8.00,8.00,9.00,34.00,31.00,13395457,111
367.13,1565844091,7480.06,51.44716963,7.42882600,184.92,36.69,-0.04,314.46,1,-94.00,-8.00,8.00,9.00,34.00,31.00,13395457,111
368.13,1565844092,7516.79,51.44740839,7.42845187,183.78,36.80,0.11,315.68,1,-97.00,-6.00,15.00,15.00,31.00,31.00,13395457,111
369.13,1565844093,7553.63,51.44765160,7.42808825,182.62,36.99,0.18,317.10,1,-97.00,-6.00,15.00,15.00,31.00,31.00,13395457,111
370.13,1565844094,7590.62,51.44790282,7.42772585,181.20,37.14,0.15,318.71,1,-95.00,-6.00,16.00,15.00,33.00,31.00,13395457,111
371.13,1565844095,7627.76,51.44815677,7.42737711,179.73,37.15,0.01,320.06,1,-95.00,-6.00,16.00,15.00,33.00,31.00,13395457,111
372.13,1565844096,7664.87,51.44841850,7.42704552,178.27,37.18,0.02,322.29,1,-101.00,-6.00,18.00,13.00,24.00,31.00,13395457,111
373.13,1565844097,7702.09,51.44868510,7.42673834,176.93,37.08,-0.10,323.81,1,-101.00,-6.00,18.00,13.00,24.00,31.00,13395457,111
374.13,1565844098,7739.13,51.44896077,7.42643930,175.44,36.93,-0.15,325.41,1,-100.00,-5.00,10.00,14.00,24.00,31.00,13395457,111
375.13,1565844099,7776.06,51.44924174,7.42614184,174.14,36.93,-0.00,326.80,1,-100.00,-5.00,10.00,14.00,24.00,31.00,13395457,111
376.13,1565844100,7813.02,51.44952423,7.42586831,173.21,37.02,0.09,328.40,1,-98.00,-5.00,16.00,15.00,25.00,31.00,13395457,111
377.13,1565844101,7850.00,51.44981375,7.42560326,172.40,37.23,0.21,330.02,1,-98.00,-5.00,16.00,15.00,25.00,31.00,13395457,111
378.13,1565844102,7887.27,51.45010879,7.42534816,171.51,37.37,0.15,331.55,1,-100.00,-4.00,10.00,2.00,31.00,31.00,13395457,111
379.13,1565844103,7924.64,51.45040333,7.42510936,170.73,36.94,-0.44,333.03,1,-100.00,-4.00,10.00,2.00,31.00,31.00,13395457,111
380.13,1565844104,7961.62,51.45069848,7.42489044,170.00,36.27,-0.67,334.83,1,-110.00,-5.00,8.00,2.00,13.00,31.00,13395469,221
381.13,1565844105,7997.89,51.45099669,7.42467684,169.13,36.32,0.05,336.18,1,-110.00,-5.00,8.00,2.00,13.00,31.00,13395469,221
382.13,1565844106,8034.21,51.46137020,7.40691770,168.10,35.94,-0.38,337.44,1,-115.00,-8.00,4.00,9.00,10.00,22.00,13395469,221
383.13,1565844107,8070.15,51.45159607,7.42428062,166.86,35.87,-0.07,338.88,1,-115.00,-8.00,4.00,9.00,10.00,22.00,13395469,221
384.14,1565844108,8106.30,51.45189571,7.42409868,165.65,35.59,-0.27,340.21,1,-110.00,-7.00,-1.00,10.00,14.00,22.00,13395469,221
385.13,1565844109,8141.65,51.45219140,7.42392415,164.49,35.02,-0.57,340.05,1,-110.00,-7.00,-1.00,10.00,14.00,22.00,13395469,221
386.13,1565844110,8176.67,51.45248965,7.42376783,163.26,35.06,0.04,341.98,1,-110.00,-7.00,-1.00,10.00,14.00,22.00,13395469,221
387.13,1565844111,8211.72,51.45278934,7.42361676,161.77,35.37,0.32,342.52,1,-109.00,-7.00,9.00,9.00,17.00,22.00,13395469,221
388.13,1565844112,8246.92,51.45309949,7.42346921,159.93,35.53,0.16,343.10,1,-109.00,-7.00,9.00,9.00,17.00,22.00,13395469,221
389.13,1565844113,8282.63,51.45341201,7.42332495,158.40,35.56,0.02,342.98,1,-107.00,-7.00,-1.00,10.00,15.00,22.00,13395469,221
390.13,1565844114,8318.15,51.45371379,7.42319042,156.66,35.65,0.09,343.08,1,-107.00,-7.00,-1.00,10.00,15.00,22.00,13395469,221
391.13,1565844115,8353.80,51.45402652,7.42305139,155.39,35.73,0.08,343.39,1,-105.00,-5.00,-5.00,10.00,19.00,22.00,13395469,221
392.13,1565844116,8389.56,51.45432925,7.42292064,154.06,35.75,0.02,343.56,1,-105.00,-5.00,-5.00,10.00,19.00,22.00,13395469,221
393.13,1565844117,8425.27,51.45464610,7.42277770,153.33,35.98,0.23,343.32,1,-110.00,-7.00,-9.00,10.00,15.00,22.00,13395469,221
394.13,1565844118,8461.25,51.45495602,7.42263820,152.56,36.30,0.32,343.26,1,-110.00,-7.00,-9.00,10.00,15.00,22.00,13395469,221
395.13,1565844119,8497.59,51.45527017,7.42249200,151.78,36.40,0.11,342.75,1,-107.00,-4.00,-7.00,9.00,17.00,22.00,13395469,221
396.13,1565844120,8533.92,51.45558548,7.42233518,151.07,36.58,0.18,341.99,1,-107.00,-4.00,-7.00,9.00,17.00,22.00,13395469,221
397.13,1565844121,8570.46,51.45590084,7.42217883,150.28,36.69,0.11,341.27,1,-89.00,-6.00,12.00,6.00,37.00,15.00,13523459,175
398.13,1565844122,8607.19,51.45621302,7.42200665,149.44,36.69,-0.00,340.15,1,-89.00,-6.00,12.00,6.00,37.00,15.00,13523459,175
399.13,1565844123,8643.96,51.45652350,7.42182030,148.66,36.56,-0.13,338.88,1,-92.00,-6.00,4.00,10.00,33.00,15.00,13523459,175
400.13,1565844124,8680.48,51.45682880,7.42162525,148.04,36.45,-0.11,337.78,1,-92.00,-6.00,4.00,10.00,33.00,15.00,13523459,175
401.13,1565844125,8716.97,51.45713418,7.42142714,147.55,36.49,0.04,337.18,1,-96.00,-8.00,4.00,9.00,34.00,15.00,13523459,175
402.13,1565844126,8753.46,51.45843190,7.41161910,147.17,36.49,-0.00,336.04,1,-96.00,-8.00,4.00,9.00,34.00,15.00,13523459,175
403.13,1565844127,8789.95,51.45773099,7.42099150,146.88,36.45,-0.04,334.91,1,-95.00,-7.00,4.00,9.00,32.00,15.00,13523459,175
404.13,1565844128,8826.40,51.45802670,7.42076903,146.65,36.48,0.02,334.01,1,-95.00,-7.00,4.00,9.00,32.00,15.00,13523459,175
405.14,1565844129,8863.06,51.45831971,7.42053081,146.40,36.46,-0.02,332.96,1,-97.00,-10.00,3.00,6.00,41.00,12.00,13395457,111
406.13,1565844130,8899.27,51.45861218,7.42029187,146.26,36.49,0.03,332.29,1,-97.00,-10.00,3.00,6.00,41.00,12.00,13395457,111
407.13,1565844131,8935.72,51.45890084,7.42003962,146.12,36.62,0.12,331.37,1,-97.00,-10.00,3.00,6.00,41.00,12.00,13395457,111
408.13,1565844132,8972.41,51.45918643,7.41977805,145.89,36.66,0.05,330.06,1,-85.00,-6.00,2.00,7.00,39.00,12.00,13395457,111
409.13,1565844133,9009.07,51.45946974,7.41950401,145.88,36.72,0.05,328.85,1,-85.00,-6.00,2.00,7.00,39.00,12.00,13395457,111
410.13,1565844134,9045.76,51.45975269,7.41922870,145.99,36.81,0.09,328.01,1,-89.00,-6.00,4.00,2.00,45.00,12.00,13395457,111
411.13,1565844135,9082.56,51.46003396,7.41893410,146.04,37.00,0.19,326.61,1,-89.00,-6.00,4.00,2.00,45.00,12.00,13395457,111
412.13,1565844136,9119.67,51.46031266,7.41863945,146.06,37.02,0.02,325.67,1,-97.00,-5.00,-1.00,2.00,28.00,12.00,13395469,221
413.13,1565844137,9156.69,51.46058359,7.41833086,146.06,37.16,0.14,324.46,1,-97.00,-5.00,-1.00,2.00,28.00,12.00,13395469,221
414.13,1565844138,9193.74,51.46085195,7.41801550,146.06,37.23,0.08,323.39,1,-98.00,-5.00,25.00,2.00,27.00,12.00,13395469,221
415.13,1565844139,9230.97,51.46111996,7.41769808,146.10,37.29,0.06,322.48,1,-98.00,-5.00,25.00,2.00,27.00,12.00,13395469,221
416.13,1565844140,9268.26,51.46138223,7.41736459,146.12,37.37,0.08,321.28,1,-95.00,-4.00,22.00,2.00,28.00,12.00,13395469,221
417.13,1565844141,9305.63,51.46164050,7.41702371,146.15,37.50,0.13,320.09,1,-95.00,-4.00,22.00,2.00,28.00,12.00,13395469,221
418.13,1565844142,9343.17,51.46189479,7.41667007,146.34,37.35,-0.15,319.00,1,-94.00,-4.00,10.00,2.00,29.00,12.00,13395469,221
419.13,1565844143,9380.48,51.46214612,7.41631690,146.72,37.61,0.27,318.14,1,-94.00,-4.00,10.00,2.00,29.00,12.00,13395469,221
420.13,1565844144,9418.09,51.46239283,7.41595054,147.12,37.75,0.14,317.09,1,-96.00,-4.00,7.00,2.00,27.00,12.00,13395469,221
421.13,1565844145,9455.80,51.46264225,7.41557028,147.27,37.75,-0.00,315.88,1,-96.00,-4.00,7.00,2.00,27.00,12.00,13395469,221
422.13,1565844146,9493.62,51.46137020,7.40691770,147.26,37.94,0.19,314.82,1,-103.00,-5.00,10.00,2.00,20.00,12.00,13395469,221
423.13,1565844147,9531.52,51.46313073,7.41479697,147.16,38.03,0.09,314.09,1,-103.00,-5.00,10.00,2.00,20.00,12.00,13395469,221
424.13,1565844148,9569.55,51.46336569,7.41440251,147.05,38.10,0.07,313.09,1,-107.00,-5.00,19.00,2.00,17.00,12.00,13395469,221
425.13,1565844149,9607.65,51.46359874,7.41399798,146.87,38.14,0.05,311.96,1,-107.00,-5.00,19.00,2.00,17.00,12.00,13395469,221
426.14,1565844150,9646.14,51.46383078,7.41359117,146.67,38.22,0.07,311.01,1,-109.00,-6.00,1.00,2.00,16.00,12.00,13395469,221
427.13,1565844151,9683.97,51.46405377,7.41317666,146.50,37.97,-0.25,310.19,1,-109.00,-6.00,1.00,2.00,16.00,12.00,13395469,221
428.13,1565844152,9721.99,51.46427408,7.41275963,146.33,37.33,-0.64,309.78,1,-109.00,-6.00,1.00,2.00,16.00,12.00,13395469,221
429.13,1565844153,9759.32,51.46448541,7.41235020,146.27,37.21,-0.12,309.16,1,-99.00,-3.00,14.00,15.00,20.00,4.00,13395469,221
430.13,1565844154,9796.57,51.46469786,7.41193497,146.41,37.11,-0.10,308.69,1,-99.00,-3.00,14.00,15.00,20.00,4.00,13395469,221
431.13,1565844155,9833.68,51.46490590,7.41151517,146.64,37.07,-0.04,308.09,1,-117.00,-8.00,-6.00,6.00,10.00,4.00,13395469,221
432.13,1565844156,9870.75,51.46511143,7.41109736,146.87,37.06,-0.01,308.08,1,-117.00,-8.00,-6.00,6.00,10.00,4.00,13395469,221
433.13,1565844157,9907.74,51.46531747,7.41067840,147.12,37.07,0.01,308.24,1,-90.00,-6.00,-4.00,12.00,43.00,5.00,13395458,112
434.13,1565844158,9944.85,51.46552422,7.41025875,147.35,37.04,-0.04,308.09,1,-90.00,-6.00,-4.00,12.00,43.00,5.00,13395458,112
435.13,1565844159,9981.92,51.46572957,7.40983967,147.62,37.05,0.02,308.11,1,-81.00,-5.00,5.00,14.00,43.00,5.00,13395458,112
436.13,1565844160,10018.98,51.46593680,7.40941868,147.83,37.08,0.02,308.04,1,-81.00,-5.00,5.00,14.00,43.00,5.00,13395458,112
437.13,1565844161,10056.05,51.46614339,7.40899878,148.03,37.05,-0.03,308.18,1,-91.00,-5.00,-4.00,14.00,33.00,5.00,13395458,112
438.13,1565844162,10093.10,51.46634875,7.40857932,148.28,37.19,0.14,308.36,1,-91.00,-5.00,-4.00,14.00,33.00,5.00,13395458,112
439.13,1565844163,10130.26,51.46655560,7.40815340,148.39,37.12,-0.07,308.66,1,-87.00,-5.00,-1.00,14.00,37.00,5.00,13395458,112
440.13,1565844164,10167.23,51.46676017,7.40773912,148.65,37.00,-0.13,308.90,1,-87.00,-5.00,-1.00,14.00,37.00,5.00,13395458,112
441.13,1565844165,10204.38,51.46697082,7.40732815,148.93,36.98,-0.01,309.14,1,-81.00,-4.00,2.00,6.00,50.00,6.00,13395458,112
442.13,1565844166,10241.21,51.46718185,7.40691686,149.22,36.90,-0.09,309.70,1,-81.00,-4.00,2.00,6.00,50.00,6.00,13395458,112
443.13,1565844167,10278.22,51.46739176,7.40650937,149.50,36.62,-0.27,310.12,1,-79.00,-3.00,18.00,15.00,44.00,6.00,13395458,112
444.13,1565844168,10314.88,51.46760413,7.40610854,149.63,35.76,-0.87,310.45,1,-79.00,-3.00,18.00,15.00,44.00,6.00,13395458,112
445.13,1565844169,10350.64,51.46781083,7.40572519,149.88,34.95,-0.80,310.81,1,-81.00,-4.00,13.00,12.00,41.00,6.00,13395458,112
446.13,1565844170,10385.55,51.46801392,7.40534947,150.16,34.19,-0.77,311.16,1,-81.00,-4.00,13.00,12.00,41.00,6.00,13395458,112
447.14,1565844171,10420.01,51.46821583,7.40498720,150.46,33.41,-0.77,311.60,1,-81.00,-3.00,17.00,15.00,41.00,6.00,13395458,112
448.13,1565844172,10453.19,51.46841352,7.40463209,150.77,32.90,-0.51,312.01,1,-81.00,-3.00,17.00,15.00,41.00,6.00,13395458,112
449.13,1565844173,10486.09,51.46861035,7.40428013,151.07,32.88,-0.02,312.38,1,-81.00,-3.00,17.00,15.00,41.00,6.00,13395458,112
450.13,1565844174,10519.00,51.46881291,7.40392893,151.40,32.84,-0.04,312.77,1,-88.00,-4.00,9.00,10.00,37.00,6.00,13395458,112
451.13,1565844175,10551.84,51.46901440,7.40357947,151.82,32.83,-0.01,312.93,1,-88.00,-4.00,9.00,10.00,37.00,6.00,13395458,112
452.13,1565844176,10584.70,51.46921294,7.40323812,152.34,33.00,0.17,313.35,1,-90.00,-6.00,6.00,13.00,34.00,6.00,13395458,112
453.13,1565844177,10617.67,51.46941559,7.40288997,152.89,32.90,-0.09,313.61,1,-90.00,-6.00,6.00,13.00,34.00,6.00,13395458,112
454.13,1565844178,10650.50,51.46962121,7.40254971,153.66,33.02,0.12,314.43,1,-90.00,-5.00,5.00,6.00,42.00,18.00,13022465,205
455.13,1565844179,10683.56,51.46983081,7.40220735,154.44,32.86,-0.17,314.74,1,-90.00,-5.00,5.00,6.00,42.00,18.00,13022465,205
456.13,1565844180,10716.48,51.47004386,7.40188459,155.18,32.24,-0.62,316.71,1,-93.00,-4.00,10.00,10.00,32.00,17.00,13022465,205
457.13,1565844181,10748.72,51.47025264,7.40156973,155.70,31.67,-0.57,317.46,1,-93.00,-4.00,10.00,10.00,32.00,17.00,13022465,205
458.13,1565844182,10780.32,51.47046102,7.40125363,156.28,31.27,-0.40,317.47,1,-91.00,-4.00,19.00,14.00,34.00,16.00,13022465,205
459.13,1565844183,10811.56,51.47066158,7.40095216,156.84,30.97,-0.30,317.48,1,-91.00,-4.00,19.00,14.00,34.00,16.00,13022465,205
460.13,1565844184,10842.54,51.47086516,7.40064692,157.26,30.49,-0.48,317.06,1,-92.00,-4.00,18.00,14.00,32.00,16.00,13022465,205
461.13,1565844185,10873.06,51.47106377,7.40035168,157.59,30.31,-0.18,317.07,1,-92.00,-4.00,18.00,14.00,32.00,16.00,13022465,205
462.13,1565844186,10903.36,51.47126111,7.40005710,157.90,30.22,-0.09,316.90,1,-90.00,-4.00,18.00,15.00,35.00,16.00,13022465,205
463.13,1565844187,10933.55,51.47145954,7.39976136,158.19,30.03,-0.18,317.69,1,-90.00,-4.00,18.00,15.00,35.00,16.00,13022465,205
464.13,1565844188,10963.58,51.47165997,7.39947411,158.51,29.97,-0.06,318.00,1,-87.00,-4.00,22.00,15.00,36.00,16.00,13022465,205
465.18,1565844189,10994.87,51.47185871,7.39918915,158.85,29.63,-0.33,318.33,1,-87.00,-4.00,22.00,15.00,36.00,16.00,13022465,205
466.13,1565844190,11023.22,51.47205549,7.39890792,159.15,29.04,-0.61,318.73,1,-88.00,-4.00,26.00,15.00,36.00,16.00,13022465,205
467.13,1565844191,11052.21,51.47224956,7.39863245,159.43,28.43,-0.61,318.72,1,-88.00,-4.00,26.00,15.00,36.00,16.00,13022465,205
468.14,1565844192,11080.87,51.47243785,7.39836275,159.79,27.85,-0.58,318.99,1,-92.00,-4.00,20.00,15.00,32.00,16.00,13022465,205
469.13,1565844193,11108.55,51.47262679,7.39810323,160.26,27.29,-0.56,319.51,1,-92.00,-4.00,20.00,15.00,32.00,16.00,13022465,205
470.13,1565844194,11135.81,51.47280920,7.39785368,160.75,26.68,-0.61,319.60,1,-92.00,-4.00,20.00,15.00,32.00,16.00,13022465,205
471.13,1565844195,11162.49,51.47299005,7.39760776,161.22,26.13,-0.55,320.32,1,-86.00,-3.00,34.00,15.00,36.00,16.00,13022465,205
472.13,1565844196,11188.65,51.47316956,7.39737181,161.66,25.18,-0.95,320.71,1,-86.00,-3.00,34.00,15.00,36.00,16.00,13022465,205
473.13,1565844197,11213.80,51.47333765,7.39715262,162.05,23.76,-1.42,320.73,1,-85.00,-4.00,19.00,15.00,37.00,16.00,13022465,205
474.13,1565844198,11237.56,51.47350118,7.39694150,162.33,23.07,-0.69,320.80,1,-85.00,-4.00,19.00,15.00,37.00,16.00,13022465,205
475.13,1565844199,11260.65,51.47365922,7.39673633,162.63,22.40,-0.67,321.03,1,-80.00,-3.00,30.00,15.00,42.00,16.00,13022465,205
476.13,1565844200,11283.05,51.47381702,7.39654064,162.94,21.87,-0.53,322.00,1,-80.00,-3.00,30.00,15.00,42.00,16.00,13022465,205
477.13,1565844201,11304.93,51.47396855,7.39635206,163.32,21.01,-0.86,322.19,1,-89.00,-6.00,24.00,15.00,36.00,16.00,13022465,205
478.13,1565844202,11325.94,51.47411523,7.39617178,163.66,20.21,-0.80,322.81,1,-89.00,-6.00,24.00,15.00,36.00,16.00,13022465,205
479.13,1565844203,11346.16,51.47425839,7.39600162,163.99,19.66,-0.56,323.32,1,-84.00,-4.00,27.00,15.00,42.00,16.00,13022465,205
480.13,1565844204,11365.81,51.47439714,7.39583501,164.37,19.18,-0.48,324.01,1,-84.00,-4.00,27.00,15.00,42.00,16.00,13022465,205
481.13,1565844205,11385.00,51.47453673,7.39566511,164.73,19.21,0.03,323.84,1,-87.00,-4.00,26.00,15.00,37.00,16.00,13022465,205
482.13,1565844206,11404.15,51.47467482,7.39550345,165.19,19.32,0.10,324.22,1,-87.00,-4.00,26.00,15.00,37.00,16.00,13022465,205
483.13,1565844207,11423.50,51.47482143,7.39533370,165.50,19.78,0.46,324.63,1,-79.00,-6.00,36.00,15.00,44.00,16.00,13022465,205
484.13,1565844208,11443.28,51.47496415,7.39517015,166.14,20.23,0.45,325.51,1,-79.00,-6.00,36.00,15.00,44.00,16.00,13022465,205
485.13,1565844209,11463.51,51.47511838,7.39500925,166.61,20.63,0.40,326.63,1,-78.00,-5.00,25.00,15.00,49.00,16.00,13022465,205
486.13,1565844210,11484.16,51.47528145,7.39485709,167.03,20.94,0.32,329.77,1,-78.00,-5.00,25.00,15.00,49.00,16.00,13022465,205
487.13,1565844211,11505.08,51.47544826,7.39470442,167.40,21.57,0.63,329.12,1,-75.00,-4.00,19.00,15.00,40.00,16.00,13022465,205
488.13,1565844212,11526.67,51.47561867,7.39454844,167.76,22.00,0.43,329.80,1,-75.00,-4.00,19.00,15.00,40.00,16.00,13022465,205
489.14,1565844213,11548.82,51.47579495,7.39439089,168.02,22.30,0.30,330.82,1,-78.00,-3.00,27.00,15.00,45.00,16.00,13022465,205
490.13,1565844214,11570.96,51.47597375,7.39422833,168.32,23.02,0.72,330.98,1,-78.00,-3.00,27.00,15.00,45.00,16.00,13022465,205
491.13,1565844215,11593.98,51.47615711,7.39406838,168.60,23.30,0.28,331.94,1,-78.00,-3.00,27.00,15.00,45.00,16.00,13022465,205
492.13,1565844216,11617.28,51.47634364,7.39390480,168.92,23.69,0.39,332.45,1,-72.00,-3.00,39.00,15.00,52.00,16.00,13022465,205
493.13,1565844217,11640.95,51.47653147,7.39375056,169.23,23.40,-0.29,333.04,1,-72.00,-3.00,39.00,15.00,52.00,16.00,13022465,205
494.13,1565844218,11664.35,51.47671848,7.39360575,169.57,22.85,-0.55,334.43,1,-65.00,-3.00,29.00,2.00,63.00,16.00,13022465,205
495.13,1565844219,11687.20,51.47690293,7.39347145,169.96,22.35,-0.50,335.86,1,-65.00,-3.00,29.00,2.00,63.00,16.00,13022465,205
496.13,1565844220,11709.60,51.47708493,7.39334417,170.35,21.80,-0.55,337.05,1,-107.00,-5.00,16.00,2.00,16.00,16.00,13067529,354
497.13,1565844221,11731.38,51.47726621,7.39323246,170.74,21.32,-0.48,339.76,1,-107.00,-5.00,16.00,2.00,16.00,16.00,13067529,354
498.13,1565844222,11752.72,51.47744614,7.39314082,171.11,20.69,-0.63,343.46,1,-105.00,-4.00,19.00,2.00,18.00,16.00,13067529,354
499.13,1565844223,11773.42,51.47761932,7.39308318,171.40,19.59,-1.10,348.38,1,-105.00,-4.00,19.00,2.00,18.00,16.00,13067529,354
500.13,1565844224,11793.01,51.47779731,7.39305212,171.60,19.22,-0.37,353.97,1,-105.00,-4.00,11.00,2.00,19.00,16.00,13067529,354
501.13,1565844225,11812.21,51.47797227,7.39303036,171.97,18.73,-0.49,357.34,1,-105.00,-4.00,11.00,2.00,19.00,16.00,13067529,354
502.19,1565844226,11831.93,51.47813838,7.39303442,172.40,18.25,-0.45,1.21,1,-104.00,-5.00,17.00,2.00,20.00,16.00,13067529,354
503.13,1565844227,11849.23,51.47829961,7.39310536,173.02,18.70,0.47,16.26,1,-104.00,-5.00,17.00,2.00,20.00,16.00,13067529,354
504.13,1565844228,11867.88,51.47846787,7.39319097,173.81,18.69,-0.01,18.13,1,-104.00,-5.00,16.00,14.00,20.00,8.00,13067529,354
505.13,1565844229,11886.58,51.47862799,7.39329884,175.15,17.85,-0.83,21.88,1,-104.00,-5.00,16.00,14.00,20.00,8.00,13067529,354
506.13,1565844230,11904.43,51.47877672,7.39342301,176.58,17.83,-0.02,25.71,1,-93.00,-3.00,22.00,15.00,30.00,8.00,13067529,354
507.13,1565844231,11922.21,51.47891432,7.39355672,177.52,17.56,-0.27,28.22,1,-93.00,-3.00,22.00,15.00,30.00,8.00,13067529,354
508.13,1565844232,11939.81,51.47904455,7.39368361,177.95,15.88,-1.68,27.86,1,-76.00,-3.00,-2.00,10.00,44.00,8.00,13067529,354
509.13,1565844233,11955.70,51.47917108,7.39379377,178.33,14.80,-1.08,24.41,1,-76.00,-3.00,-2.00,10.00,44.00,8.00,13067529,354
510.14,1565844234,11970.60,51.47930259,7.39381946,178.72,14.42,-0.37,2.99,1,-81.00,-3.00,-8.00,10.00,43.00,8.00,13067529,354
511.13,1565844235,11984.91,51.47941918,7.39383023,179.10,14.42,0.00,359.61,1,-81.00,-3.00,-8.00,10.00,43.00,8.00,13067529,354
512.13,1565844236,11999.34,51.47952145,7.39377113,179.60,14.34,-0.08,338.51,1,-81.00,-3.00,-8.00,10.00,43.00,8.00,13067529,354
513.13,1565844237,12013.68,51.47962908,7.39369390,180.11,14.50,0.15,337.04,1,-82.00,-4.00,-8.00,10.00,42.00,8.00,13067529,354
514.13,1565844238,12028.18,51.47974161,7.39361126,180.70,14.69,0.20,335.94,1,-82.00,-4.00,-8.00,10.00,42.00,8.00,13067529,354
515.13,1565844239,12042.89,51.47985676,7.39351938,181.27,14.60,-0.10,335.86,1,-81.00,-3.00,-9.00,10.00,42.00,8.00,13067529,354
516.13,1565844240,12057.47,51.47996545,7.39345024,181.61,12.25,-2.35,338.26,1,-81.00,-3.00,-9.00,10.00,42.00,8.00,13067529,354
517.13,1565844241,12069.71,51.48007468,7.39341640,181.81,10.87,-1.38,354.94,1,-72.00,-4.00,-9.00,10.00,54.00,8.00,13067529,354
518.13,1565844242,12080.58,51.48017166,7.39344009,181.85,10.62,-0.25,12.26,1,-72.00,-4.00,-9.00,10.00,54.00,8.00,13067529,354
519.13,1565844243,12091.21,51.48025920,7.39351020,182.03,10.97,0.35,34.65,1,-66.00,-4.00,-7.00,9.00,60.00,8.00,13067529,354
520.13,1565844244,12102.19,51.48031978,7.39362969,182.29,11.66,0.68,55.89,1,-66.00,-4.00,-7.00,9.00,60.00,8.00,13067529,354
521.13,1565844245,12113.85,51.48038228,7.39377401,182.47,12.71,1.05,57.20,1,-65.00,-3.00,-4.00,6.00,63.00,4.00,13067529,354
522.13,1565844246,12126.52,51.48044846,7.39394034,182.78,13.67,0.96,58.22,1,-65.00,-3.00,-4.00,6.00,63.00,4.00,13067529,354
523.13,1565844247,12140.18,51.48051708,7.39411573,183.09,14.85,1.18,58.70,1,-81.00,-3.00,-6.00,6.00,47.00,4.00,13067529,354
524.13,1565844248,12155.07,51.48058617,7.39429860,183.22,15.76,0.91,59.11,1,-81.00,-3.00,-6.00,6.00,47.00,4.00,13067529,354
525.13,1565844249,12170.81,51.48065809,7.39450140,183.26,16.74,0.98,59.62,1,-80.00,-5.00,-5.00,6.00,56.00,4.00,13067529,354
526.13,1565844250,12187.56,51.48073783,7.39471332,183.23,17.28,0.54,60.04,1,-80.00,-5.00,-5.00,6.00,56.00,4.00,13067529,354
527.13,1565844251,12204.86,51.48082087,7.39493873,183.04,17.18,-0.10,60.39,1,-87.00,-4.00,13.00,15.00,34.00,4.00,13067529,354
528.13,1565844252,12222.06,51.48090245,7.39515781,182.87,17.10,-0.08,59.50,1,-87.00,-4.00,13.00,15.00,34.00,4.00,13067529,354
529.13,1565844253,12239.13,51.48098372,7.39537713,182.25,17.27,0.17,59.93,1,-79.00,-6.00,6.00,15.00,43.00,4.00,13067529,354
530.13,1565844254,12256.42,51.48105986,7.39558803,181.75,17.33,0.06,59.39,1,-79.00,-6.00,6.00,15.00,43.00,4.00,13067529,354
531.14,1565844255,12273.83,51.48113083,7.39578636,181.77,17.18,-0.14,58.40,1,-76.00,-5.00,4.00,6.00,53.00,4.00,13067528,356
532.13,1565844256,12290.89,51.48121180,7.39600851,181.72,17.24,0.06,58.97,1,-76.00,-5.00,4.00,6.00,53.00,4.00,13067528,356
533.13,1565844257,12308.14,51.48128376,7.39621063,181.96,17.20,-0.04,59.15,1,-76.00,-5.00,4.00,6.00,53.00,4.00,13067528,356
534.13,1565844258,12325.34,51.48136112,7.39641975,182.31,17.00,-0.20,59.18,1,-83.00,-5.00,25.00,15.00,37.00,4.00,13067528,356
535.13,1565844259,12342.34,51.48143949,7.39664210,182.69,16.49,-0.51,59.67,1,-83.00,-5.00,25.00,15.00,37.00,4.00,13067528,356
536.13,1565844260,12358.81,51.48151698,7.39685056,182.96,16.09,-0.40,59.20,1,-77.00,-4.00,20.00,15.00,38.00,4.00,13067528,356
537.13,1565844261,12374.90,51.48159157,7.39704505,183.38,15.69,-0.40,58.42,1,-77.00,-4.00,20.00,15.00,38.00,4.00,13067528,356
538.13,1565844262,12390.60,51.48166060,7.39722526,183.75,15.20,-0.49,57.66,1,-73.00,-4.00,19.00,15.00,48.00,4.00,13067528,356
539.13,1565844263,12405.80,51.48173415,7.39740471,183.55,14.81,-0.40,56.83,1,-73.00,-4.00,19.00,15.00,48.00,4.00,13067528,356
540.13,1565844264,12420.61,51.48181377,7.39758941,183.19,14.64,-0.16,56.29,1,-76.00,-4.00,35.00,15.00,43.00,4.00,13067528,356
541.13,1565844265,12435.27,51.48189695,7.39776907,182.83,14.04,-0.60,54.45,1,-76.00,-4.00,35.00,15.00,43.00,4.00,13067528,356
542.13,1565844266,12449.29,51.48196920,7.39792027,182.52,13.28,-0.76,53.40,1,-75.00,-3.00,28.00,2.00,46.00,4.00,13067528,356
543.13,1565844267,12462.59,51.48204425,7.39806689,182.41,12.33,-0.96,52.16,1,-75.00,-3.00,28.00,2.00,46.00,4.00,13067528,356
544.13,1565844268,12474.90,51.48210314,7.39818196,182.66,10.74,-1.59,50.63,1,-110.00,-7.00,10.00,2.00,15.00,4.00,13532175,337
545.13,1565844269,12485.64,51.48215625,7.39828133,182.72,8.73,-2.01,49.80,1,-110.00,-7.00,10.00,2.00,15.00,4.00,13532175,337
546.13,1565844270,12494.38,51.48220659,7.39837042,182.86,7.82,-0.91,48.59,1,-109.00,-6.00,7.00,2.00,15.00,4.00,13532175,337
547.13,1565844271,12502.20,51.48224825,7.39844306,182.88,6.50,-1.32,47.60,1,-109.00,-6.00,7.00,2.00,15.00,4.00,13532175,337
548.13,1565844272,12508.70,51.48229248,7.39850509,182.90,4.52,-1.98,46.24,1,-110.00,-6.00,7.00,8.00,15.00,9.00,13532175,337
549.13,1565844273,12513.22,51.48232731,7.39855126,182.92,2.17,-2.35,45.30,1,-110.00,-6.00,7.00,8.00,15.00,9.00,13532175,337
550.13,1565844274,12515.40,51.48233237,7.39855069,182.98,0.53,-1.65,45.30,1,-112.00,-6.00,10.00,10.00,15.00,9.00,13532175,337
551.13,1565844275,12515.92,51.48233237,7.39855069,182.99,0.00,-0.53,45.30,1,-112.00,-6.00,10.00,10.00,15.00,9.00,13532175,337
552.14,1565844276,12515.92,51.48233237,7.39855069,183.00,0.00,0.00,45.30,1,-113.00,-7.00,5.00,10.00,12.00,9.00,13532175,337
553.13,1565844277,12515.92,51.48233237,7.39855069,183.02,0.00,0.00,45.30,1,-113.00,-7.00,5.00,10.00,12.00,9.00,13532175,337
554.13,1565844278,12515.92,51.48233237,7.39855069,183.04,0.00,0.00,45.30,1,-113.00,-7.00,5.00,10.00,12.00,9.00,13532175,337
555.13,1565844279,12515.92,51.48233237,7.39855069,183.06,0.00,0.00,45.30,1,-115.00,-8.00,5.00,9.00,12.00,9.00,13532175,337
556.13,1565844280,12515.92,51.48233237,7.39855069,183.08,0.00,0.00,45.30,1,-115.00,-8.00,5.00,9.00,12.00,9.00,13532175,337
557.13,1565844281,12515.92,51.48233237,7.39855069,183.11,0.00,0.00,45.30,1,-116.00,-8.00,1.00,6.00,11.00,9.00,13532175,337
558.13,1565844282,12515.92,51.48233237,7.39855069,183.13,0.00,0.00,45.30,1,-116.00,-8.00,1.00,6.00,11.00,9.00,13532175,337
559.13,1565844283,12515.92,51.48233237,7.39855069,183.15,0.00,0.00,45.30,1,-113.00,-7.00,7.00,8.00,12.00,9.00,13532175,337
560.13,1565844284,12515.92,51.48233237,7.39855069,183.17,0.00,0.00,45.30,1,-113.00,-7.00,7.00,8.00,12.00,9.00,13532175,337
561.13,1565844285,12515.92,51.48233237,7.39855069,183.19,0.00,0.00,45.30,1,-111.00,-6.00,4.00,2.00,13.00,9.00,13532175,337
562.13,1565844286,12515.92,51.48233237,7.39855069,183.21,0.00,0.00,45.30,1,-111.00,-6.00,4.00,2.00,13.00,9.00,13532175,337
563.13,1565844287,12515.92,51.48233237,7.39855069,183.24,0.00,0.00,45.30,1,-112.00,-6.00,5.00,8.00,12.00,9.00,13532175,337
564.13,1565844288,12515.92,51.48233237,7.39855069,183.26,0.00,0.00,45.30,1,-112.00,-6.00,5.00,8.00,12.00,9.00,13532175,337
565.13,1565844289,12515.92,51.48233237,7.39855069,183.29,0.00,0.00,45.30,1,-112.00,-6.00,8.00,8.00,13.00,9.00,13532175,337
566.13,1565844290,12515.92,51.48233237,7.39855069,183.31,0.00,0.00,45.30,1,-112.00,-6.00,8.00,8.00,13.00,9.00,13532175,337
567.13,1565844291,12515.92,51.48233237,7.39855069,183.33,0.00,0.00,45.30,1,-110.00,-7.00,7.00,8.00,15.00,9.00,13532175,337
568.13,1565844292,12515.92,51.48233237,7.39855069,183.35,0.00,0.00,45.30,1,-110.00,-7.00,7.00,8.00,15.00,9.00,13532175,337
569.13,1565844293,12515.92,51.48233237,7.39855069,183.37,0.00,0.00,45.30,1,-112.00,-6.00,6.00,8.00,12.00,9.00,13532175,337
570.13,1565844294,12515.92,51.48233237,7.39855069,183.39,0.00,0.00,45.30,1,-112.00,-6.00,6.00,8.00,12.00,9.00,13532175,337
571.13,1565844295,12515.92,51.48233237,7.39855069,183.40,0.00,0.00,45.30,1,-110.00,-6.00,10.00,9.00,15.00,9.00,13532175,337
572.13,1565844296,12515.92,51.48233237,7.39855069,183.42,0.00,0.00,45.30,1,-110.00,-6.00,10.00,9.00,15.00,9.00,13532175,337
573.13,1565844297,12515.92,51.48233237,7.39855069,183.43,0.00,0.00,45.30,1,-112.00,-7.00,8.00,9.00,16.00,9.00,13532175,337
574.13,1565844298,12515.92,51.48233237,7.39855069,183.44,0.00,0.00,45.30,1,-112.00,-7.00,8.00,9.00,16.00,9.00,13532175,337
575.14,1565844299,12515.92,51.48233237,7.39855069,183.46,0.00,0.00,45.30,1,-113.00,-6.00,5.00,8.00,11.00,9.00,13532175,337
576.13,1565844300,12515.92,51.48233237,7.39855069,183.47,0.00,0.00,45.30,1,-113.00,-6.00,5.00,8.00,11.00,9.00,13532175,337
577.13,1565844301,12515.92,51.48233237,7.39855069,183.59,0.00,0.00,51.20,1,-113.00,-6.00,5.00,8.00,11.00,9.00,13532175,337
578.13,1565844302,12515.92,51.48236183,7.39860439,184.41,0.00,0.00,48.71,1,-111.00,-6.00,-7.00,1.00,14.00,9.00,13532175,337
579.13,1565844303,12515.92,51.48240061,7.39866691,185.19,5.94,0.00,45.41,1,-111.00,-6.00,-7.00,1.00,14.00,9.00,13532175,337
580.13,1565844304,12521.87,51.48244707,7.39873286,185.92,7.16,1.21,42.98,1,-96.00,-6.00,6.00,2.00,38.00,10.00,13022465,205
581.13,1565844305,12529.00,51.48250275,7.39880296,186.57,8.66,1.51,41.10,1,-96.00,-6.00,6.00,2.00,38.00,10.00,13022465,205
582.13,1565844306,12537.69,51.48256870,7.39888243,187.15,9.77,1.10,39.74,1,-98.00,-6.00,5.00,2.00,37.00,11.00,13022465,205
583.13,1565844307,12547.45,51.48263104,7.39895242,187.21,10.43,0.67,38.19,1,-98.00,-6.00,5.00,2.00,37.00,11.00,13022465,205
584.13,1565844308,12557.89,51.48271371,7.39904395,187.29,10.68,0.24,37.01,1,-72.00,-3.00,30.00,15.00,45.00,6.00,13067528,356
585.13,1565844309,12568.56,51.48279992,7.39913934,187.34,11.51,0.84,36.11,1,-72.00,-3.00,30.00,15.00,45.00,6.00,13067528,356
586.13,1565844310,12580.04,51.48288830,7.39923169,187.55,12.01,0.50,34.32,1,-88.00,-3.00,20.00,15.00,33.00,6.00,13067528,356
587.13,1565844311,12592.10,51.48298502,7.39933052,187.55,12.70,0.69,33.68,1,-88.00,-3.00,20.00,15.00,33.00,6.00,13067528,356
588.13,1565844312,12604.80,51.48308838,7.39943128,187.33,13.65,0.95,34.02,1,-78.00,-4.00,4.00,6.00,50.00,6.00,13067528,356
589.13,1565844313,12618.41,51.48319675,7.39954136,186.99,14.43,0.78,33.66,1,-78.00,-4.00,4.00,6.00,50.00,6.00,13067528,356
590.13,1565844314,12632.84,51.48331160,7.39965546,186.59,15.26,0.83,33.55,1,-78.00,-4.00,-7.00,6.00,48.00,7.00,13067528,356
591.13,1565844315,12648.14,51.48342452,7.39977375,185.90,15.69,0.43,33.91,1,-78.00,-4.00,-7.00,6.00,48.00,7.00,13067528,356
592.13,1565844316,12663.83,51.48354125,7.39989736,185.00,15.83,0.14,33.86,1,-85.00,-3.00,29.00,15.00,39.00,7.00,13067528,356
593.13,1565844317,12679.66,51.48365954,7.40002364,184.00,15.94,0.11,34.79,1,-85.00,-3.00,29.00,15.00,39.00,7.00,13067528,356
594.13,1565844318,12695.61,51.48377169,7.40015140,183.25,16.08,0.14,35.63,1,-89.00,-3.00,22.00,15.00,31.00,7.00,13067528,356
595.13,1565844319,12711.67,51.48388647,7.40028381,182.66,16.33,0.25,36.03,1,-89.00,-3.00,22.00,15.00,31.00,7.00,13067528,356
596.14,1565844320,12728.13,51.48401528,7.40042746,182.52,16.60,0.27,36.44,1,-87.00,-4.00,24.00,15.00,32.00,7.00,13067528,356
597.13,1565844321,12744.60,51.48413480,7.40057287,183.01,16.79,0.19,37.19,1,-87.00,-4.00,24.00,15.00,32.00,7.00,13067528,356
598.13,1565844322,12761.40,51.48425589,7.40073092,183.51,16.71,-0.07,38.26,1,-87.00,-4.00,24.00,15.00,32.00,7.00,13067528,356
599.13,1565844323,12778.10,51.48437141,7.40088833,184.10,16.51,-0.20,39.34,1,-90.00,-3.00,16.00,15.00,29.00,7.00,13067528,356
600.13,1565844324,12794.59,51.48448275,7.40103741,184.42,16.34,-0.17,40.28,1,-90.00,-3.00,16.00,15.00,29.00,7.00,13067528,356
601.13,1565844325,12810.93,51.48459453,7.40120159,184.46,16.15,-0.19,41.21,1,-89.00,-3.00,-1.00,15.00,27.00,7.00,13067528,356
602.13,1565844326,12827.10,51.48469675,7.40135736,184.65,16.09,-0.06,42.23,1,-89.00,-3.00,-1.00,15.00,27.00,7.00,13067528,356
603.13,1565844327,12843.17,51.48480440,7.40152240,184.52,16.03,-0.06,43.08,1,-95.00,-3.00,-4.00,15.00,22.00,7.00,13067528,356
604.13,1565844328,12859.21,51.48490450,7.40168864,184.48,15.95,-0.07,43.69,1,-95.00,-3.00,-4.00,15.00,22.00,7.00,13067528,356
605.13,1565844329,12875.17,51.48500743,7.40185944,184.37,15.84,-0.11,44.47,1,-95.00,-3.00,-5.00,15.00,25.00,7.00,13067528,356
606.13,1565844330,12890.99,51.48510542,7.40202727,184.34,15.76,-0.08,45.20,1,-95.00,-3.00,-5.00,15.00,25.00,7.00,13067528,356
607.13,1565844331,12906.77,51.48520041,7.40219101,184.30,15.75,-0.01,46.09,1,-94.00,-3.00,-5.00,15.00,23.00,7.00,13067528,356
608.13,1565844332,12922.52,51.48530018,7.40236682,184.20,15.97,0.22,46.87,1,-94.00,-3.00,-5.00,15.00,23.00,7.00,13067528,356
609.13,1565844333,12938.47,51.48539414,7.40253578,184.00,16.02,0.05,47.79,1,-95.00,-3.00,-5.00,15.00,21.00,7.00,13067528,356
610.13,1565844334,12954.48,51.48548655,7.40271362,183.62,15.86,-0.16,48.74,1,-95.00,-3.00,-5.00,15.00,21.00,7.00,13067528,356
611.13,1565844335,12970.37,51.48558224,7.40289450,183.25,15.79,-0.07,49.52,1,-95.00,-3.00,-5.00,15.00,26.00,7.00,13067528,356
612.13,1565844336,12986.16,51.48565999,7.40305819,183.10,15.28,-0.50,50.59,1,-95.00,-3.00,-5.00,15.00,26.00,7.00,13067528,356
613.13,1565844337,13001.43,51.48574271,7.40323628,182.96,15.73,0.44,51.88,1,-87.00,-3.00,25.00,2.00,42.00,11.00,13067528,356
614.13,1565844338,13017.17,51.48583358,7.40342955,182.60,16.44,0.72,52.26,1,-87.00,-3.00,25.00,2.00,42.00,11.00,13067528,356
615.13,1565844339,13033.60,51.48592324,7.40362989,182.17,16.47,0.02,53.27,1,-91.00,-4.00,9.00,6.00,20.00,11.00,13067528,356
616.13,1565844340,13050.07,51.48599929,7.40381368,181.61,16.49,0.02,54.37,1,-91.00,-4.00,9.00,6.00,20.00,11.00,13067528,356
617.14,1565844341,13066.69,51.48607783,7.40401021,180.91,16.21,-0.27,55.40,1,-102.00,-4.00,11.00,13.00,19.00,11.00,13067528,356
618.13,1565844342,13082.77,51.48615529,7.40420322,180.12,16.41,0.20,55.00,1,-102.00,-4.00,11.00,13.00,19.00,11.00,13067528,356
619.13,1565844343,13099.19,51.48622944,7.40439409,179.04,16.03,-0.38,56.95,1,-102.00,-4.00,11.00,13.00,19.00,11.00,13067528,356
620.13,1565844344,13115.22,51.48630174,7.40458938,177.99,16.52,0.49,56.57,1,-96.00,-4.00,22.00,15.00,22.00,11.00,13067528,356
621.13,1565844345,13131.73,51.48637565,7.40479314,177.01,16.11,-0.41,57.71,1,-96.00,-4.00,22.00,15.00,22.00,11.00,13067528,356
622.13,1565844346,13147.83,51.48645118,7.40501236,176.13,16.29,0.18,59.26,1,-93.00,-3.00,18.00,15.00,25.00,11.00,13067528,356
623.13,1565844347,13164.13,51.48652655,7.40522805,175.69,16.78,0.50,59.62,1,-93.00,-3.00,18.00,15.00,25.00,11.00,13067528,356
624.13,1565844348,13180.95,51.48660060,7.40544721,175.74,16.92,0.14,60.54,1,-93.00,-3.00,19.00,15.00,26.00,11.00,13067528,356
625.13,1565844349,13197.87,51.48667537,7.40565995,176.17,17.08,0.16,61.09,1,-93.00,-3.00,19.00,15.00,26.00,11.00,13067528,356
626.13,1565844350,13214.94,51.48673926,7.40586262,176.51,16.83,-0.25,62.23,1,-95.00,-3.00,26.00,15.00,25.00,11.00,13067528,356
627.13,1565844351,13231.77,51.48680638,7.40608399,176.63,16.97,0.14,63.28,1,-95.00,-3.00,26.00,15.00,25.00,11.00,13067528,356
628.13,1565844352,13248.72,51.48687668,7.40631761,176.60,16.99,0.02,64.27,1,-108.00,-5.00,1.00,15.00,16.00,11.00,13067528,356
629.13,1565844353,13265.73,51.48693911,7.40654914,176.60,17.14,0.16,65.54,1,-108.00,-5.00,1.00,15.00,16.00,11.00,13067528,356
630.13,1565844354,13282.85,51.48699519,7.40678220,176.71,17.19,0.05,66.86,1,-93.00,-4.00,-5.00,15.00,16.00,11.00,13067528,356
631.13,1565844355,13300.06,51.48704786,7.40701850,176.79,17.16,-0.03,68.40,1,-93.00,-4.00,-5.00,15.00,16.00,11.00,13067528,356
632.13,1565844356,13317.21,51.48709668,7.40725178,176.98,17.12,-0.04,69.43,1,-99.00,-4.00,-6.00,15.00,19.00,11.00,13067528,356
633.13,1565844357,13334.35,51.48714253,7.40749365,176.55,17.02,-0.10,70.50,1,-99.00,-4.00,-6.00,15.00,19.00,11.00,13067528,356
634.13,1565844358,13351.33,51.48718557,7.40772655,176.20,17.12,0.10,71.93,1,-104.00,-5.00,-6.00,15.00,16.00,11.00,13067528,356
635.13,1565844359,13368.45,51.48722506,7.40795787,175.50,16.92,-0.20,73.04,1,-104.00,-5.00,-6.00,15.00,16.00,11.00,13067528,356
636.13,1565844360,13385.37,51.48726690,7.40821504,174.94,16.87,-0.05,73.77,1,-111.00,-6.00,-9.00,15.00,12.00,11.00,13067528,356
637.13,1565844361,13402.26,51.48730061,7.40846946,174.51,17.02,0.14,74.43,1,-111.00,-6.00,-9.00,15.00,12.00,11.00,13067528,356
638.14,1565844362,13419.40,51.48732450,7.40869283,173.86,16.74,-0.27,75.66,1,-105.00,-6.00,1.00,2.00,29.00,11.00,13532163,200
639.13,1565844363,13435.97,51.48735187,7.40892466,173.28,16.72,-0.02,76.85,1,-105.00,-6.00,1.00,2.00,29.00,11.00,13532163,200
640.13,1565844364,13452.76,51.48738013,7.40916290,172.57,16.65,-0.07,77.72,1,-105.00,-6.00,1.00,2.00,29.00,11.00,13532163,200
641.13,1565844365,13469.41,51.48740689,7.40939593,172.33,16.60,-0.06,78.33,1,-106.00,-7.00,-1.00,10.00,22.00,11.00,13532163,200
642.13,1565844366,13485.99,51.48743159,7.40963331,172.09,16.49,-0.10,78.74,1,-106.00,-7.00,-1.00,10.00,22.00,11.00,13532163,200
643.13,1565844367,13502.49,51.48745283,7.40985594,171.64,15.56,-0.93,79.48,1,-105.00,-8.00,6.00,10.00,24.00,11.00,13532163,200
644.13,1565844368,13518.05,51.48747444,7.41007189,171.16,14.30,-1.26,80.24,1,-105.00,-8.00,6.00,10.00,24.00,11.00,13532163,200
645.13,1565844369,13532.36,51.48749033,7.41027143,171.01,13.28,-1.01,81.35,1,-106.00,-8.00,0.00,7.00,23.00,11.00,13532163,200
646.13,1565844370,13545.64,51.48750101,7.41044764,170.81,12.02,-1.26,83.09,1,-106.00,-8.00,0.00,7.00,23.00,11.00,13532163,200
647.13,1565844371,13557.67,51.48750573,7.41059389,170.21,10.91,-1.11,83.99,1,-104.00,-8.00,-1.00,7.00,24.00,11.00,13532163,200
648.13,1565844372,13568.58,51.48750978,7.41073804,169.59,8.39,-2.51,84.68,1,-104.00,-8.00,-1.00,7.00,24.00,11.00,13532163,200
649.14,1565844373,13576.99,51.48753018,7.41085016,169.00,7.05,-1.33,70.28,1,-110.00,-10.00,-2.00,7.00,20.00,11.00,13532163,200
650.13,1565844374,13584.03,51.48757853,7.41092432,168.45,7.58,0.53,41.33,1,-110.00,-10.00,-2.00,7.00,20.00,11.00,13532163,200
651.13,1565844375,13591.61,51.48762464,7.41096574,168.21,7.02,-0.56,20.57,1,-109.00,-11.00,-1.00,6.00,22.00,11.00,13532163,200
652.13,1565844376,13598.63,51.48768068,7.41098953,168.15,7.43,0.41,4.46,1,-109.00,-11.00,-1.00,6.00,22.00,11.00,13532163,200
653.13,1565844377,13606.04,51.48773989,7.41099169,167.84,8.59,1.16,2.45,1,-110.00,-10.00,-3.00,8.00,19.00,11.00,13532163,200
654.13,1565844378,13614.63,51.48781564,7.41098689,167.52,9.54,0.95,359.78,1,-110.00,-10.00,-3.00,8.00,19.00,11.00,13532163,200
655.14,1565844379,13624.21,51.48790423,7.41097851,167.40,10.34,0.80,357.51,1,-106.00,-9.00,1.00,2.00,21.00,11.00,13532163,200
656.13,1565844380,13634.55,51.48801344,7.41096315,167.66,11.32,0.98,356.07,1,-106.00,-9.00,1.00,2.00,21.00,11.00,13532163,200
657.13,1565844381,13645.87,51.48812187,7.41094453,168.24,12.36,1.04,354.67,1,-110.00,-10.00,-2.00,2.00,20.00,11.00,13532163,200
658.13,1565844382,13658.23,51.48823593,7.41092216,168.86,13.33,0.97,353.25,1,-110.00,-10.00,-2.00,2.00,20.00,11.00,13532163,200
659.14,1565844383,13671.58,51.48836771,7.41089259,169.01,13.91,0.58,352.49,1,-111.00,-9.00,-6.00,2.00,17.00,11.00,13532163,200
660.14,1565844384,13685.50,51.48849350,7.41085873,168.98,14.53,0.62,351.88,1,-111.00,-9.00,-6.00,2.00,17.00,11.00,13532163,200
661.14,1565844385,13700.07,51.48862406,7.41081620,168.67,14.31,-0.22,351.37,1,-116.00,-8.00,2.00,2.00,10.00,11.00,13532175,337
662.14,1565844386,13714.32,51.48875384,7.41077303,167.90,13.89,-0.42,350.20,1,-116.00,-8.00,2.00,2.00,10.00,11.00,13532175,337
663.14,1565844387,13728.22,51.48888064,7.41071971,167.06,13.66,-0.24,349.08,1,-116.00,-8.00,2.00,2.00,10.00,11.00,13532175,337
664.14,1565844388,13741.87,51.48900720,7.41066791,166.32,13.73,0.07,348.23,1,-118.00,-8.00,3.00,2.00,9.00,11.00,13532175,337
665.14,1565844389,13755.60,51.48911847,7.41061672,165.98,14.16,0.43,348.65,1,-118.00,-8.00,3.00,2.00,9.00,11.00,13532175,337
666.14,1565844390,13769.76,51.48923103,7.41056900,165.36,13.73,-0.43,347.73,1,-119.00,-8.00,0.00,2.00,8.00,11.00,13532175,337
667.14,1565844391,13783.50,51.48934661,7.41052163,164.95,13.78,0.05,347.27,1,-119.00,-8.00,0.00,2.00,8.00,11.00,13532175,337
668.14,1565844392,13797.28,51.48947119,7.41046893,164.84,13.52,-0.26,347.74,1,-114.00,-13.00,-7.00,2.00,29.00,15.00,14264834,207
669.14,1565844393,13810.79,51.48959141,7.41042287,164.62,13.18,-0.34,347.70,1,-114.00,-13.00,-7.00,2.00,29.00,15.00,14264834,207
670.14,1565844394,13823.97,51.48970191,7.41037219,164.86,11.88,-1.31,347.34,1,-115.00,-12.00,-6.00,5.00,16.00,15.00,14264834,207
671.14,1565844395,13835.85,51.48980129,7.41033483,164.94,10.11,-1.76,347.61,1,-115.00,-12.00,-6.00,5.00,16.00,15.00,14264834,207
672.14,1565844396,13845.97,51.48988588,7.41030204,164.85,8.51,-1.61,348.32,1,-114.00,-12.00,-6.00,4.00,18.00,15.00,14264834,207
673.14,1565844397,13854.48,51.48993864,7.41028622,164.86,5.58,-2.92,347.98,1,-114.00,-12.00,-6.00,4.00,18.00,15.00,14264834,207
674.13,1565844398,13860.04,51.48998670,7.41028725,165.07,4.82,-0.77,8.27,1,-104.00,-6.00,7.00,8.00,22.00,19.00,13254913,38
675.13,1565844399,13864.86,51.49003096,7.41033270,165.87,5.11,0.28,42.32,1,-104.00,-6.00,7.00,8.00,22.00,19.00,13254913,38
676.13,1565844400,13869.97,51.49006565,7.41043089,166.42,7.50,2.38,64.33,1,-111.00,-10.00,-1.00,6.00,20.00,19.00,13254913,38
677.13,1565844401,13877.47,51.49007750,7.41052992,167.06,8.39,0.89,81.46,1,-111.00,-10.00,-1.00,6.00,20.00,19.00,13254913,38
678.13,1565844402,13885.86,51.49009436,7.41066868,167.48,10.59,2.20,79.03,1,-111.00,-10.00,-6.00,7.00,19.00,19.00,13254913,38
679.13,1565844403,13896.45,51.49011988,7.41081153,167.93,11.51,0.92,78.69,1,-111.00,-10.00,-6.00,7.00,19.00,19.00,13254913,38
680.13,1565844404,13907.95,51.49014654,7.41097138,168.41,11.55,0.04,79.02,1,-109.00,-8.00,-2.00,8.00,18.00,19.00,13254913,38
