0.01,1565930842,0.00,nan,nan,0.00,0.00,0.00,0.00,1,-101.00,-10.00,8.00,2.00,39.00,5.00,28371201,66
1.09,1565930843,0.00,nan,nan,0.00,0.00,0.00,0.00,1,-101.00,-10.00,5.00,2.00,40.00,5.00,28371201,66
1.98,1565930844,0.00,nan,nan,0.00,0.00,0.00,0.00,1,-101.00,-10.00,5.00,2.00,40.00,5.00,28371201,66
2.98,1565930845,0.00,nan,nan,0.00,0.00,0.00,0.00,1,-102.00,-10.00,9.00,2.00,40.00,5.00,28371201,66
3.98,1565930846,0.00,nan,nan,0.00,0.00,0.00,0.00,1,-102.00,-10.00,9.00,2.00,40.00,5.00,28371201,66
4.98,1565930847,0.00,nan,nan,0.00,0.00,0.00,0.00,1,-102.00,-10.00,5.00,2.00,40.00,5.00,28371201,66
5.98,1565930848,0.00,nan,nan,0.00,0.00,0.00,0.00,1,-102.00,-10.00,5.00,2.00,40.00,5.00,28371201,66
6.98,1565930849,0.00,nan,nan,0.00,0.00,0.00,0.00,1,-102.00,-10.00,8.00,2.00,39.00,5.00,28371201,66
7.98,1565930850,0.00,nan,nan,0.00,0.00,0.00,0.00,1,-102.00,-10.00,8.00,2.00,39.00,5.00,28371201,66
8.98,1565930851,0.00,nan,nan,0.00,0.00,0.00,0.00,1,-102.00,-10.00,1.00,2.00,39.00,5.00,28371201,66
9.98,1565930852,0.00,nan,nan,0.00,0.00,0.00,0.00,1,-102.00,-10.00,1.00,2.00,39.00,5.00,28371201,66
10.97,1565930853,0.00,nan,nan,0.00,0.00,0.00,0.00,1,-98.00,-8.00,13.00,2.00,41.00,5.00,27771909,125
11.98,1565930854,0.00,nan,nan,0.00,0.00,0.00,0.00,1,-98.00,-8.00,13.00,2.00,41.00,5.00,27771909,125
12.98,1565930855,0.00,nan,nan,0.00,0.00,0.00,0.00,1,-94.00,-7.00,10.00,2.00,43.00,5.00,27771909,125
13.98,1565930856,0.00,nan,nan,0.00,0.00,0.00,0.00,1,-94.00,-7.00,10.00,2.00,43.00,5.00,27771909,125
14.98,1565930857,0.00,nan,nan,0.00,0.00,0.00,0.00,1,-94.00,-7.00,17.00,2.00,43.00,5.00,27771909,125
15.98,1565930858,0.00,nan,nan,0.00,0.00,0.00,0.00,1,-94.00,-7.00,17.00,2.00,43.00,5.00,27771909,125
16.98,1565930859,0.00,nan,nan,0.00,0.00,0.00,0.00,1,-95.00,-6.00,14.00,2.00,42.00,5.00,27771909,125
17.98,1565930860,0.00,nan,nan,0.00,0.00,0.00,0.00,1,-95.00,-6.00,14.00,2.00,42.00,5.00,27771909,125
18.98,1565930861,0.00,nan,nan,0.00,0.00,0.00,0.00,1,-98.00,-7.00,16.00,2.00,39.00,5.00,27771909,125
19.98,1565930862,0.00,nan,nan,0.00,0.00,0.00,0.00,1,-98.00,-7.00,16.00,2.00,39.00,5.00,27771909,125
20.98,1565930863,0.00,nan,nan,0.00,0.00,0.00,0.00,1,-98.00,-7.00,16.00,2.00,39.00,5.00,27771909,125
21.98,1565930864,0.00,nan,nan,0.00,0.00,0.00,0.00,1,-98.00,-7.00,15.00,2.00,40.00,5.00,27771909,125
22.98,1565930865,0.00,nan,nan,0.00,0.00,0.00,0.00,1,-98.00,-7.00,15.00,2.00,40.00,5.00,27771909,125
23.98,1565930866,0.00,nan,nan,0.00,0.00,0.00,0.00,1,-98.00,-7.00,14.00,2.00,40.00,5.00,27771909,125
24.98,1565930867,0.00,nan,nan,0.00,0.00,0.00,0.00,1,-98.00,-7.00,14.00,2.00,40.00,5.00,27771909,125
25.98,1565930868,0.00,nan,nan,0.00,0.00,0.00,0.00,1,-97.00,-6.00,16.00,2.00,40.00,5.00,27771909,125
26.98,1565930869,0.00,nan,nan,0.00,0.00,0.00,0.00,1,-97.00,-6.00,16.00,2.00,40.00,5.00,27771909,125
27.98,1565930870,0.00,nan,nan,0.00,0.00,0.00,0.00,1,-99.00,-7.00,19.00,2.00,38.00,5.00,27771909,125
28.98,1565930871,0.00,nan,nan,0.00,0.00,0.00,0.00,1,-99.00,-7.00,19.00,2.00,38.00,5.00,27771909,125
29.98,1565930872,0.00,nan,nan,0.00,0.00,0.00,0.00,1,-100.00,-7.00,11.00,13.00,39.00,7.00,27771909,125
30.98,1565930873,0.00,nan,nan,0.00,0.00,0.00,0.00,1,-100.00,-7.00,11.00,13.00,39.00,7.00,27771909,125
31.98,1565930874,0.00,nan,nan,0.00,0.00,0.00,0.00,1,-93.00,-6.00,10.00,13.00,44.00,7.00,27771909,125
32.98,1565930875,0.00,nan,nan,0.00,0.00,0.00,0.00,1,-93.00,-6.00,10.00,13.00,44.00,7.00,27771909,125
33.98,1565930876,0.00,nan,nan,0.00,0.00,0.00,0.00,1,-95.00,-7.00,2.00,11.00,43.00,7.00,27771909,125
34.98,1565930877,0.00,nan,nan,0.00,0.00,0.00,0.00,1,-95.00,-7.00,2.00,11.00,43.00,7.00,27771909,125
35.98,1565930878,0.00,nan,nan,0.00,0.00,0.00,0.00,1,-97.00,-6.00,16.00,14.00,41.00,7.00,27771909,125
36.98,1565930879,0.00,nan,nan,0.00,0.00,0.00,0.00,1,-97.00,-6.00,16.00,14.00,41.00,7.00,27771909,125
37.98,1565930880,0.00,nan,nan,0.00,0.00,0.00,0.00,1,-101.00,-9.00,4.00,8.00,39.00,7.00,27771909,125
38.98,1565930881,0.00,nan,nan,0.00,0.00,0.00,0.00,1,-101.00,-9.00,4.00,8.00,39.00,7.00,27771909,125
39.99,1565930882,0.00,nan,nan,0.00,0.00,0.00,0.00,1,-102.00,-10.00,2.00,10.00,39.00,7.00,27771909,125
40.98,1565930883,0.00,nan,nan,0.00,0.00,0.00,0.00,1,-102.00,-10.00,2.00,10.00,39.00,7.00,27771909,125
41.98,1565930884,0.00,nan,nan,0.00,0.00,0.00,0.00,1,-102.00,-10.00,2.00,10.00,39.00,7.00,27771909,125
42.98,1565930885,0.00,nan,nan,0.00,0.00,0.00,0.00,1,-103.00,-11.00,4.00,10.00,39.00,7.00,27771909,125
43.98,1565930886,0.00,nan,nan,0.00,0.00,0.00,0.00,1,-103.00,-11.00,4.00,10.00,39.00,7.00,27771909,125
44.98,1565930887,0.00,nan,nan,0.00,0.00,0.00,0.00,1,-103.00,-9.00,-1.00,6.00,37.00,6.00,27771907,124
45.98,1565930888,0.00,nan,nan,0.00,0.00,0.00,0.00,1,-103.00,-9.00,-1.00,6.00,37.00,6.00,27771907,124
46.98,1565930889,0.00,nan,nan,0.00,0.00,0.00,0.00,1,-101.00,-7.00,4.00,11.00,36.00,6.00,27771907,124
47.98,1565930890,0.00,nan,nan,0.00,0.00,0.00,0.00,1,-101.00,-7.00,4.00,11.00,36.00,6.00,27771907,124
48.98,1565930891,0.00,nan,nan,0.00,0.00,0.00,0.00,1,-101.00,-7.00,5.00,12.00,37.00,6.00,27771907,124
49.98,1565930892,0.00,nan,nan,0.00,0.00,0.00,0.00,1,-101.00,-7.00,5.00,12.00,37.00,6.00,27771907,124
50.98,1565930893,0.00,nan,nan,0.00,0.00,0.00,0.00,1,-103.00,-8.00,10.00,7.00,36.00,6.00,27771907,124
51.98,1565930894,0.00,nan,nan,0.00,0.00,0.00,0.00,1,-103.00,-8.00,10.00,7.00,36.00,6.00,27771907,124
52.98,1565930895,0.00,nan,nan,0.00,0.00,0.00,0.00,1,-102.00,-7.00,11.00,12.00,36.00,6.00,27771907,124
53.98,1565930896,0.00,nan,nan,0.00,0.00,0.00,0.00,1,-102.00,-7.00,11.00,12.00,36.00,6.00,27771907,124
54.98,1565930897,0.00,nan,nan,0.00,0.00,0.00,0.00,1,-103.00,-7.00,14.00,12.00,34.00,6.00,27771907,124
55.98,1565930898,0.00,nan,nan,0.00,0.00,0.00,0.00,1,-103.00,-7.00,14.00,12.00,34.00,6.00,27771907,124
56.98,1565930899,0.00,nan,nan,0.00,0.00,0.00,0.00,1,-105.00,-7.00,11.00,11.00,34.00,6.00,27771907,124
57.98,1565930900,0.00,nan,nan,0.00,0.00,0.00,0.00,1,-105.00,-7.00,11.00,11.00,34.00,6.00,27771907,124
58.98,1565930901,0.00,nan,nan,0.00,0.00,0.00,0.00,1,-100.00,-6.00,12.00,2.00,37.00,6.00,27771907,124
59.98,1565930902,0.00,nan,nan,0.00,0.00,0.00,0.00,1,-100.00,-6.00,12.00,2.00,37.00,6.00,27771907,124
60.98,1565930903,0.00,nan,nan,0.00,0.00,0.00,0.00,1,-101.00,-6.00,15.00,2.00,36.00,6.00,27771907,124
61.98,1565930904,0.00,nan,nan,0.00,0.00,0.00,0.00,1,-101.00,-6.00,15.00,2.00,36.00,6.00,27771907,124
62.98,1565930905,0.00,nan,nan,0.00,0.00,0.00,0.00,1,-101.00,-6.00,15.00,2.00,36.00,6.00,27771907,124
63.98,1565930906,0.00,nan,nan,0.00,0.00,0.00,0.00,1,-98.00,-6.00,16.00,2.00,40.00,6.00,27771907,124
64.98,1565930907,0.00,nan,nan,0.00,0.00,0.00,0.00,1,-98.00,-6.00,16.00,2.00,40.00,6.00,27771907,124
65.98,1565930908,0.00,nan,nan,0.00,0.00,0.00,0.00,1,-94.00,-6.00,24.00,2.00,43.00,6.00,27771907,124
66.98,1565930909,0.00,nan,nan,0.00,0.00,0.00,0.00,1,-94.00,-6.00,24.00,2.00,43.00,6.00,27771907,124
67.98,1565930910,0.00,nan,nan,0.00,0.00,0.00,0.00,1,-90.00,-6.00,21.00,2.00,47.00,6.00,27771907,124
68.98,1565930911,0.00,nan,nan,0.00,0.00,0.00,0.00,1,-90.00,-6.00,21.00,2.00,47.00,6.00,27771907,124
69.98,1565930912,0.00,nan,nan,0.00,0.00,0.00,0.00,1,-87.00,-6.00,24.00,2.00,49.00,6.00,27771907,124
70.99,1565930913,0.00,nan,nan,0.00,0.00,0.00,0.00,1,-87.00,-6.00,24.00,2.00,49.00,6.00,27771907,124
71.97,1565930914,0.00,nan,nan,0.00,0.00,0.00,0.00,1,-71.00,-7.00,32.00,14.00,63.00,5.00,27771907,124
72.97,1565930915,0.00,nan,nan,0.00,0.00,0.00,0.00,1,-71.00,-7.00,32.00,14.00,63.00,5.00,27771907,124
73.98,1565930916,0.00,nan,nan,0.00,0.00,0.00,0.00,1,-70.00,-5.00,32.00,13.00,63.00,5.00,27771907,124
74.98,1565930917,0.00,nan,nan,0.00,0.00,0.00,0.00,1,-70.00,-5.00,32.00,13.00,63.00,5.00,27771907,124
75.98,1565930918,0.00,nan,nan,0.00,0.00,0.00,0.00,1,-76.00,-5.00,30.00,10.00,61.00,5.00,27771907,124
76.98,1565930919,0.00,nan,nan,0.00,0.00,0.00,0.00,1,-76.00,-5.00,30.00,10.00,61.00,5.00,27771907,124
77.98,1565930920,0.00,nan,nan,0.00,0.00,0.00,0.00,1,-86.00,-5.00,25.00,12.00,51.00,5.00,27771907,124
78.98,1565930921,0.00,nan,nan,0.00,0.00,0.00,0.00,1,-86.00,-5.00,25.00,12.00,51.00,5.00,27771907,124
79.98,1565930922,0.00,nan,nan,0.00,0.00,0.00,0.00,1,-87.00,-5.00,27.00,14.00,50.00,5.00,27771907,124
80.98,1565930923,0.00,nan,nan,0.00,0.00,0.00,0.00,1,-87.00,-5.00,27.00,14.00,50.00,5.00,27771907,124
81.98,1565930924,0.00,nan,nan,0.00,0.00,0.00,0.00,1,-80.00,-5.00,28.00,13.00,56.00,5.00,27771907,124
82.98,1565930925,0.00,nan,nan,0.00,0.00,0.00,0.00,1,-80.00,-5.00,28.00,13.00,56.00,5.00,27771907,124
83.98,1565930926,0.00,nan,nan,0.00,0.00,0.00,0.00,1,-80.00,-5.00,28.00,13.00,56.00,5.00,27771907,124
84.98,1565930927,0.00,nan,nan,0.00,0.00,0.00,0.00,1,-72.00,-5.00,33.00,15.00,63.00,5.00,27771907,124
85.98,1565930928,0.00,nan,nan,0.00,0.00,0.00,0.00,1,-72.00,-5.00,33.00,15.00,63.00,5.00,27771907,124
86.98,1565930929,0.00,nan,nan,0.00,0.00,0.00,0.00,1,-74.00,-5.00,28.00,15.00,62.00,5.00,27771907,124
87.98,1565930930,0.00,nan,nan,0.00,0.00,0.00,0.00,1,-74.00,-5.00,28.00,15.00,62.00,5.00,27771907,124
88.98,1565930931,0.00,nan,nan,0.00,0.00,0.00,0.00,1,-77.00,-5.00,32.00,2.00,59.00,5.00,27771907,124
89.98,1565930932,0.00,nan,nan,0.00,0.00,0.00,0.00,1,-77.00,-5.00,32.00,2.00,59.00,5.00,27771907,124
90.98,1565930933,0.00,nan,nan,0.00,0.00,0.00,0.00,1,-78.00,-5.00,30.00,2.00,57.00,5.00,27771907,124
91.98,1565930934,0.00,nan,nan,0.00,0.00,0.00,0.00,1,-78.00,-5.00,30.00,2.00,57.00,5.00,27771907,124
92.98,1565930935,0.00,nan,nan,0.00,0.00,0.00,0.00,1,-77.00,-5.00,22.00,2.00,59.00,5.00,27771907,124
93.98,1565930936,0.00,nan,nan,0.00,0.00,0.00,0.00,1,-77.00,-5.00,22.00,2.00,59.00,5.00,27771907,124
94.98,1565930937,0.00,nan,nan,0.00,0.00,0.00,0.00,1,-75.00,-5.00,29.00,2.00,61.00,5.00,27771907,124
95.98,1565930938,0.00,nan,nan,0.00,0.00,0.00,0.00,1,-75.00,-5.00,29.00,2.00,61.00,5.00,27771907,124
96.98,1565930939,0.00,nan,nan,0.00,0.00,0.00,0.00,1,-77.00,-6.00,19.00,2.00,60.00,5.00,27771907,124
97.98,1565930940,0.00,nan,nan,0.00,0.00,0.00,0.00,1,-77.00,-6.00,19.00,2.00,60.00,5.00,27771907,124
98.98,1565930941,0.00,nan,nan,0.00,0.00,0.00,0.00,1,-79.00,-6.00,22.00,2.00,58.00,5.00,27771907,124
99.98,1565930942,0.00,nan,nan,0.00,0.00,0.00,0.00,1,-79.00,-6.00,22.00,2.00,58.00,5.00,27771907,124
100.98,1565930943,0.00,nan,nan,0.00,0.00,0.00,0.00,1,-88.00,-7.00,13.00,13.00,50.00,1.00,27771907,124
101.98,1565930944,0.00,nan,nan,0.00,0.00,0.00,0.00,1,-88.00,-7.00,13.00,13.00,50.00,1.00,27771907,124
102.98,1565930945,0.00,nan,nan,0.00,0.00,0.00,0.00,1,-79.00,-5.00,13.00,6.00,54.00,1.00,27771908,123
103.98,1565930946,0.00,nan,nan,0.00,0.00,0.00,0.00,1,-79.00,-5.00,13.00,6.00,54.00,1.00,27771908,123
104.98,1565930947,0.00,nan,nan,0.00,0.00,0.00,0.00,1,-79.00,-5.00,13.00,6.00,54.00,1.00,27771908,123
105.98,1565930948,0.00,nan,nan,0.00,0.00,0.00,0.00,1,-85.00,-7.00,21.00,14.00,53.00,1.00,27771908,123
106.98,1565930949,0.00,nan,nan,0.00,0.00,0.00,0.00,1,-85.00,-7.00,21.00,14.00,53.00,1.00,27771908,123
107.98,1565930950,0.00,nan,nan,0.00,0.00,0.00,0.00,1,-84.00,-6.00,25.00,14.00,53.00,1.00,27771908,123
108.98,1565930951,0.00,nan,nan,0.00,0.00,0.00,0.00,1,-84.00,-6.00,25.00,14.00,53.00,1.00,27771908,123
109.98,1565930952,0.00,nan,nan,0.00,0.00,0.00,0.00,1,-80.00,-5.00,24.00,14.00,56.00,1.00,27771908,123
110.97,1565930953,0.00,nan,nan,0.00,0.00,0.00,0.00,1,-80.00,-5.00,24.00,14.00,56.00,1.00,27771908,123
111.98,1565930954,0.00,nan,nan,0.00,0.00,0.00,0.00,1,-81.00,-5.00,16.00,14.00,55.00,1.00,27771908,123
112.98,1565930955,0.00,nan,nan,0.00,0.00,0.00,0.00,1,-81.00,-5.00,16.00,14.00,55.00,1.00,27771908,123
113.98,1565930956,0.00,nan,nan,0.00,0.00,0.00,0.00,1,-79.00,-5.00,18.00,15.00,58.00,1.00,27771908,123
114.98,1565930957,0.00,nan,nan,0.00,0.00,0.00,0.00,1,-79.00,-5.00,18.00,15.00,58.00,1.00,27771908,123
115.98,1565930958,0.00,nan,nan,0.00,0.00,0.00,0.00,1,-73.00,-5.00,28.00,15.00,63.00,1.00,27771908,123
116.98,1565930959,0.00,nan,nan,0.00,0.00,0.00,0.00,1,-73.00,-5.00,28.00,15.00,63.00,1.00,27771908,123
117.98,1565930960,0.00,nan,nan,0.00,0.00,0.00,0.00,1,-72.00,-5.00,27.00,9.00,63.00,1.00,27771908,123
118.98,1565930961,0.00,nan,nan,0.00,0.00,0.00,0.00,1,-72.00,-5.00,27.00,9.00,63.00,1.00,27771908,123
119.98,1565930962,0.00,nan,nan,0.00,0.00,0.00,0.00,1,-75.00,-6.00,16.00,14.00,63.00,1.00,27771908,123
120.98,1565930963,0.00,nan,nan,0.00,0.00,0.00,0.00,1,-75.00,-6.00,16.00,14.00,63.00,1.00,27771908,123
121.98,1565930964,0.00,nan,nan,0.00,0.00,0.00,0.00,1,-75.00,-5.00,33.00,15.00,62.00,1.00,27771908,123
122.98,1565930965,0.00,nan,nan,0.00,0.00,0.00,0.00,1,-75.00,-5.00,33.00,15.00,62.00,1.00,27771908,123
123.99,1565930966,0.00,nan,nan,0.00,0.00,0.00,0.00,1,-77.00,-5.00,31.00,15.00,60.00,1.00,27771908,123
124.98,1565930967,0.00,nan,nan,0.00,0.00,0.00,0.00,1,-77.00,-5.00,31.00,15.00,60.00,1.00,27771908,123
125.98,1565930968,0.00,nan,nan,0.00,0.00,0.00,0.00,1,-77.00,-5.00,31.00,15.00,60.00,1.00,27771908,123
126.98,1565930969,0.00,nan,nan,0.00,0.00,0.00,0.00,1,-80.00,-5.00,28.00,15.00,56.00,1.00,27771908,123
127.98,1565930970,0.00,nan,nan,0.00,0.00,0.00,0.00,1,-80.00,-5.00,28.00,15.00,56.00,1.00,27771908,123
128.98,1565930971,0.00,nan,nan,0.00,0.00,0.00,0.00,1,-83.00,-5.00,32.00,11.00,52.00,1.00,27771908,123
129.98,1565930972,0.00,nan,nan,0.00,0.00,0.00,0.00,1,-83.00,-5.00,32.00,11.00,52.00,1.00,27771908,123
130.98,1565930973,0.00,nan,nan,0.00,0.00,0.00,0.00,1,-84.00,-5.00,28.00,15.00,52.00,1.00,27771908,123
131.98,1565930974,0.00,nan,nan,0.00,0.00,0.00,0.00,1,-84.00,-5.00,28.00,15.00,52.00,1.00,27771908,123
132.98,1565930975,0.00,nan,nan,0.00,0.00,0.00,0.00,1,-88.00,-5.00,26.00,13.00,47.00,1.00,27771908,123
133.98,1565930976,0.00,nan,nan,0.00,0.00,0.00,0.00,1,-88.00,-5.00,26.00,13.00,47.00,1.00,27771908,123
134.98,1565930977,0.00,nan,nan,0.00,0.00,0.00,0.00,1,-93.00,-5.00,18.00,14.00,43.00,1.00,27771908,123
135.98,1565930978,0.00,nan,nan,0.00,0.00,0.00,0.00,1,-93.00,-5.00,18.00,14.00,43.00,1.00,27771908,123
136.98,1565930979,0.00,nan,nan,0.00,0.00,0.00,0.00,1,-98.00,-6.00,21.00,12.00,38.00,1.00,27771908,123
137.98,1565930980,0.00,nan,nan,0.00,0.00,0.00,0.00,1,-98.00,-6.00,21.00,12.00,38.00,1.00,27771908,123
138.98,1565930981,0.00,nan,nan,0.00,0.00,0.00,0.00,1,-99.00,-6.00,21.00,2.00,37.00,1.00,27771908,123
139.98,1565930982,0.00,nan,nan,0.00,0.00,0.00,0.00,1,-99.00,-6.00,21.00,2.00,37.00,1.00,27771908,123
140.98,1565930983,0.00,nan,nan,0.00,0.00,0.00,0.00,1,-100.00,-5.00,18.00,2.00,35.00,1.00,27771908,123
141.98,1565930984,0.00,nan,nan,0.00,0.00,0.00,0.00,1,-100.00,-5.00,18.00,2.00,35.00,1.00,27771908,123
142.98,1565930985,0.00,nan,nan,0.00,0.00,0.00,0.00,1,-100.00,-5.00,14.00,2.00,34.00,1.00,27771908,123
143.98,1565930986,0.00,nan,nan,0.00,0.00,0.00,0.00,1,-100.00,-5.00,14.00,2.00,34.00,1.00,27771908,123
144.99,1565930987,0.00,nan,nan,0.00,0.00,0.00,0.00,1,-102.00,-6.00,11.00,2.00,32.00,1.00,27771908,123
145.98,1565930988,0.00,nan,nan,0.00,0.00,0.00,0.00,1,-102.00,-6.00,11.00,2.00,32.00,1.00,27771908,123
146.98,1565930989,0.00,nan,nan,0.00,0.00,0.00,0.00,1,-102.00,-6.00,11.00,2.00,32.00,1.00,27771908,123
147.98,1565930990,0.00,nan,nan,0.00,0.00,0.00,0.00,1,-106.00,-7.00,8.00,2.00,31.00,1.00,27771908,123
148.98,1565930991,0.00,nan,nan,0.00,0.00,0.00,0.00,1,-106.00,-7.00,8.00,2.00,31.00,1.00,27771908,123
149.98,1565930992,0.00,nan,nan,0.00,0.00,0.00,0.00,1,-107.00,-7.00,8.00,2.00,30.00,1.00,27771908,123
150.98,1565930993,0.00,nan,nan,0.00,0.00,0.00,0.00,1,-107.00,-7.00,8.00,2.00,30.00,1.00,27771908,123
151.98,1565930994,0.00,nan,nan,0.00,0.00,0.00,0.00,1,-108.00,-8.00,5.00,2.00,30.00,1.00,27771908,123
152.98,1565930995,0.00,nan,nan,0.00,0.00,0.00,0.00,1,-108.00,-8.00,5.00,2.00,30.00,1.00,27771908,123
153.98,1565930996,0.00,nan,nan,0.00,0.00,0.00,0.00,1,-108.00,-8.00,4.00,2.00,30.00,1.00,27771908,123
154.98,1565930997,0.00,nan,nan,0.00,0.00,0.00,0.00,1,-108.00,-8.00,4.00,2.00,30.00,1.00,27771908,123
155.98,1565930998,0.00,nan,nan,0.00,0.00,0.00,0.00,1,-111.00,-9.00,4.00,2.00,29.00,1.00,27771908,123
156.98,1565930999,0.00,nan,nan,0.00,0.00,0.00,0.00,1,-111.00,-9.00,4.00,2.00,29.00,1.00,27771908,123
157.98,1565931000,0.00,nan,nan,0.00,0.00,0.00,0.00,1,-114.00,-10.00,-2.00,2.00,27.00,1.00,27771908,123
158.98,1565931001,0.00,nan,nan,0.00,0.00,0.00,0.00,1,-114.00,-10.00,-2.00,2.00,27.00,1.00,27771908,123
159.98,1565931002,0.00,nan,nan,0.00,0.00,0.00,0.00,1,-116.00,-12.00,1.00,6.00,28.00,10.00,27771908,123
160.98,1565931003,0.00,nan,nan,0.00,0.00,0.00,0.00,1,-116.00,-12.00,1.00,6.00,28.00,10.00,27771908,123
161.98,1565931004,0.00,nan,nan,0.00,0.00,0.00,0.00,1,-100.00,-8.00,11.00,14.00,37.00,10.00,35484416,88
162.98,1565931005,0.00,nan,nan,0.00,0.00,0.00,0.00,1,-100.00,-8.00,11.00,14.00,37.00,10.00,35484416,88
163.98,1565931006,0.00,nan,nan,0.00,0.00,0.00,0.00,1,-100.00,-9.00,4.00,7.00,38.00,10.00,35484416,88
164.98,1565931007,0.00,nan,nan,0.00,0.00,0.00,0.00,1,-100.00,-9.00,4.00,7.00,38.00,10.00,35484416,88
165.98,1565931008,0.00,nan,nan,0.00,0.00,0.00,0.00,1,-102.00,-10.00,1.00,8.00,36.00,10.00,35484416,88
166.98,1565931009,0.00,nan,nan,0.00,0.00,0.00,0.00,1,-102.00,-10.00,1.00,8.00,36.00,10.00,35484416,88
167.98,1565931010,0.00,nan,nan,0.00,0.00,0.00,0.00,1,-102.00,-10.00,1.00,8.00,36.00,10.00,35484416,88
168.98,1565931011,0.00,nan,nan,0.00,0.00,0.00,0.00,1,-94.00,-6.00,7.00,6.00,41.00,11.00,27771905,488
169.98,1565931012,0.00,nan,nan,0.00,0.00,0.00,0.00,1,-94.00,-6.00,7.00,6.00,41.00,11.00,27771905,488
170.98,1565931013,0.00,nan,nan,0.00,0.00,0.00,0.00,1,-86.00,-5.00,17.00,14.00,47.00,11.00,27771905,488
171.98,1565931014,0.00,nan,nan,0.00,0.00,0.00,0.00,1,-86.00,-5.00,17.00,14.00,47.00,11.00,27771905,488
172.98,1565931015,0.00,nan,nan,0.00,0.00,0.00,0.00,1,-78.00,-5.00,23.00,15.00,56.00,11.00,27771905,488
173.98,1565931016,0.00,nan,nan,0.00,0.00,0.00,0.00,1,-78.00,-5.00,23.00,15.00,56.00,11.00,27771905,488
174.98,1565931017,0.00,nan,nan,0.00,0.00,0.00,0.00,1,-78.00,-5.00,19.00,15.00,56.00,11.00,27771905,488
175.98,1565931018,0.00,nan,nan,0.00,0.00,0.00,0.00,1,-78.00,-5.00,19.00,15.00,56.00,11.00,27771905,488
176.98,1565931019,0.00,nan,nan,0.00,0.00,0.00,0.00,1,-81.00,-4.00,22.00,14.00,54.00,11.00,27771905,488
177.98,1565931020,0.00,nan,nan,0.00,0.00,0.00,0.00,1,-81.00,-4.00,22.00,14.00,54.00,11.00,27771905,488
178.98,1565931021,0.00,nan,nan,0.00,0.00,0.00,0.00,1,-78.00,-4.00,22.00,14.00,55.00,11.00,27771905,488
179.98,1565931022,0.00,nan,nan,0.00,0.00,0.00,0.00,1,-78.00,-4.00,22.00,14.00,55.00,11.00,27771905,488
180.98,1565931023,0.00,nan,nan,0.00,0.00,0.00,0.00,1,-76.00,-4.00,21.00,15.00,57.00,11.00,27771905,488
181.98,1565931024,0.00,nan,nan,0.00,0.00,0.00,0.00,1,-76.00,-4.00,21.00,15.00,57.00,11.00,27771905,488
182.98,1565931025,0.00,nan,nan,0.00,0.00,0.00,0.00,1,-77.00,-5.00,25.00,15.00,58.00,11.00,27771905,488
183.97,1565931026,0.00,nan,nan,0.00,0.00,0.00,0.00,1,-77.00,-5.00,25.00,15.00,58.00,11.00,27771905,488
184.98,1565931027,0.00,nan,nan,0.00,0.00,0.00,0.00,1,-80.00,-5.00,22.00,15.00,54.00,11.00,27771905,488
185.98,1565931028,0.00,nan,nan,0.00,0.00,0.00,0.00,1,-80.00,-5.00,22.00,15.00,54.00,11.00,27771905,488
186.99,1565931029,0.00,nan,nan,0.00,0.00,0.00,0.00,1,-80.00,-5.00,21.00,14.00,55.00,11.00,27771905,488
187.98,1565931030,0.00,nan,nan,0.00,0.00,0.00,0.00,1,-80.00,-5.00,21.00,14.00,55.00,11.00,27771905,488
188.98,1565931031,0.00,nan,nan,0.00,0.00,0.00,0.00,1,-80.00,-5.00,21.00,14.00,55.00,11.00,27771905,488
189.98,1565931032,0.00,nan,nan,0.00,0.00,0.00,0.00,1,-83.00,-5.00,20.00,11.00,51.00,11.00,27771905,488
190.98,1565931033,0.00,nan,nan,0.00,0.00,0.00,0.00,1,-83.00,-5.00,20.00,11.00,51.00,11.00,27771905,488
191.97,1565931034,0.00,nan,nan,0.00,0.00,0.00,0.00,1,-82.00,-5.00,21.00,12.00,52.00,11.00,27771905,488
192.97,1565931035,0.00,nan,nan,0.00,0.00,0.00,0.00,1,-82.00,-5.00,21.00,12.00,52.00,11.00,27771905,488
193.97,1565931036,0.00,nan,nan,0.00,0.00,0.00,0.00,1,-82.00,-6.00,22.00,12.00,53.00,11.00,27771905,488
194.98,1565931037,0.00,nan,nan,0.00,0.00,0.00,0.00,1,-82.00,-6.00,22.00,12.00,53.00,11.00,27771905,488
195.98,1565931038,0.00,nan,nan,0.00,0.00,0.00,0.00,1,-78.00,-5.00,19.00,15.00,56.00,11.00,27771905,488
196.98,1565931039,0.00,nan,nan,0.00,0.00,0.00,0.00,1,-78.00,-5.00,19.00,15.00,56.00,11.00,27771905,488
197.98,1565931040,0.00,nan,nan,0.00,0.00,0.00,0.00,1,-77.00,-6.00,23.00,15.00,57.00,11.00,27771905,488
198.98,1565931041,0.00,nan,nan,0.00,0.00,0.00,0.00,1,-77.00,-6.00,23.00,15.00,57.00,11.00,27771905,488
199.98,1565931042,0.00,nan,nan,0.00,0.00,0.00,0.00,1,-76.00,-5.00,25.00,15.00,58.00,11.00,27771905,488
200.98,1565931043,0.00,nan,nan,0.00,0.00,0.00,0.00,1,-76.00,-5.00,25.00,15.00,58.00,11.00,27771905,488
201.98,1565931044,0.00,nan,nan,0.00,0.00,0.00,0.00,1,-71.00,-5.00,27.00,15.00,62.00,11.00,27771905,488
202.98,1565931045,0.00,nan,nan,0.00,0.00,0.00,0.00,1,-71.00,-5.00,27.00,15.00,62.00,11.00,27771905,488
203.98,1565931046,0.00,nan,nan,0.00,0.00,0.00,0.00,1,-66.00,-5.00,25.00,15.00,63.00,11.00,27771905,488
204.98,1565931047,0.00,nan,nan,0.00,0.00,0.00,0.00,1,-66.00,-5.00,25.00,15.00,63.00,11.00,27771905,488
205.98,1565931048,0.00,nan,nan,0.00,0.00,0.00,0.00,1,-69.00,-5.00,22.00,15.00,63.00,11.00,27771905,488
206.98,1565931049,0.00,nan,nan,0.00,0.00,0.00,0.00,1,-69.00,-5.00,22.00,15.00,63.00,11.00,27771905,488
207.98,1565931050,0.00,nan,nan,0.00,0.00,0.00,0.00,1,-69.00,-5.00,6.00,6.00,63.00,1.00,27771906,488
208.98,1565931051,0.00,nan,nan,0.00,0.00,0.00,0.00,1,-69.00,-5.00,6.00,6.00,63.00,1.00,27771906,488
209.98,1565931052,0.00,nan,nan,0.00,0.00,0.00,0.00,1,-73.00,-7.00,8.00,15.00,61.00,1.00,27771906,486
210.98,1565931053,0.00,nan,nan,0.00,0.00,0.00,0.00,1,-73.00,-7.00,8.00,15.00,61.00,1.00,27771906,486
211.98,1565931054,0.00,nan,nan,0.00,0.00,0.00,0.00,1,-73.00,-7.00,8.00,15.00,61.00,1.00,27771906,486
212.98,1565931055,0.00,nan,nan,0.00,0.00,0.00,0.00,1,-70.00,-6.00,11.00,15.00,63.00,1.00,27771906,486
213.98,1565931056,0.00,nan,nan,0.00,0.00,0.00,0.00,1,-70.00,-6.00,11.00,15.00,63.00,1.00,27771906,486
214.98,1565931057,0.00,nan,nan,0.00,0.00,0.00,0.00,1,-71.00,-5.00,10.00,15.00,61.00,1.00,27771906,486
215.98,1565931058,0.00,nan,nan,0.00,0.00,0.00,0.00,1,-71.00,-5.00,10.00,15.00,61.00,1.00,27771906,486
216.98,1565931059,0.00,nan,nan,0.00,0.00,0.00,0.00,1,-68.00,-5.00,28.00,11.00,63.00,1.00,27771906,486
217.98,1565931060,0.00,nan,nan,0.00,0.00,0.00,0.00,1,-68.00,-5.00,28.00,11.00,63.00,1.00,27771906,486
218.98,1565931061,0.00,nan,nan,0.00,0.00,0.00,0.00,1,-63.00,-4.00,18.00,15.00,63.00,1.00,27771906,486
219.98,1565931062,0.00,nan,nan,0.00,0.00,0.00,0.00,1,-63.00,-4.00,18.00,15.00,63.00,1.00,27771906,486
220.98,1565931063,0.00,nan,nan,0.00,0.00,0.00,0.00,1,-71.00,-5.00,13.00,14.00,62.00,1.00,27771906,486
221.97,1565931064,0.00,nan,nan,0.00,0.00,0.00,0.00,1,-71.00,-5.00,13.00,14.00,62.00,1.00,27771906,486
222.98,1565931065,0.00,nan,nan,0.00,0.00,0.00,0.00,1,-69.00,-6.00,21.00,15.00,63.00,1.00,27771906,486
223.98,1565931066,0.00,nan,nan,0.00,0.00,0.00,0.00,1,-69.00,-6.00,21.00,15.00,63.00,1.00,27771906,486
224.98,1565931067,0.00,nan,nan,0.00,0.00,0.00,0.00,1,-73.00,-5.00,8.00,10.00,60.00,4.00,27771906,486
225.98,1565931068,0.00,nan,nan,0.00,0.00,0.00,0.00,1,-73.00,-5.00,8.00,10.00,60.00,4.00,27771906,486
226.98,1565931069,0.00,nan,nan,0.00,0.00,0.00,0.00,1,-75.00,-8.00,7.00,11.00,63.00,4.00,27771906,486
227.98,1565931070,0.00,nan,nan,0.00,0.00,0.00,0.00,1,-75.00,-8.00,7.00,11.00,63.00,4.00,27771906,486
228.98,1565931071,0.00,nan,nan,0.00,0.00,0.00,0.00,1,-63.00,-7.00,7.00,15.00,63.00,4.00,27771906,486
229.98,1565931072,0.00,nan,nan,0.00,0.00,0.00,0.00,1,-63.00,-7.00,7.00,15.00,63.00,4.00,27771906,486
230.99,1565931073,0.00,nan,nan,0.00,0.00,0.00,0.00,1,-65.00,-10.00,10.00,5.00,63.00,4.00,27771906,486
231.97,1565931074,0.00,nan,nan,0.00,0.00,0.00,0.00,1,-65.00,-10.00,10.00,5.00,63.00,4.00,27771906,486
232.98,1565931075,0.00,nan,nan,0.00,0.00,0.00,0.00,1,-65.00,-10.00,10.00,5.00,63.00,4.00,27771906,486
233.98,1565931076,0.00,nan,nan,0.00,0.00,0.00,0.00,1,-71.00,-11.00,5.00,7.00,63.00,4.00,27771906,486
234.98,1565931077,0.00,nan,nan,0.00,0.00,0.00,0.00,1,-71.00,-11.00,5.00,7.00,63.00,4.00,27771906,486
235.98,1565931078,0.00,nan,nan,0.00,0.00,0.00,0.00,1,-70.00,-7.00,4.00,9.00,63.00,4.00,27771906,486
236.98,1565931079,0.00,nan,nan,0.00,0.00,0.00,0.00,1,-70.00,-7.00,4.00,9.00,63.00,4.00,27771906,486
237.98,1565931080,0.00,nan,nan,0.00,0.00,0.00,0.00,1,-66.00,-4.00,13.00,7.00,63.00,4.00,27771906,486
238.98,1565931081,0.00,nan,nan,0.00,0.00,0.00,0.00,1,-66.00,-4.00,13.00,7.00,63.00,4.00,27771906,486
239.98,1565931082,0.00,nan,nan,0.00,0.00,0.00,0.00,1,-63.00,-5.00,14.00,12.00,63.00,4.00,27771906,486
240.98,1565931083,0.00,nan,nan,0.00,0.00,0.00,0.00,1,-63.00,-5.00,14.00,12.00,63.00,4.00,27771906,486
241.98,1565931084,0.00,nan,nan,0.00,0.00,0.00,0.00,1,-68.00,-6.00,18.00,15.00,63.00,4.00,27771906,486
242.98,1565931085,0.00,nan,nan,0.00,0.00,0.00,0.00,1,-68.00,-6.00,18.00,15.00,63.00,4.00,27771906,486
243.98,1565931086,0.00,nan,nan,0.00,0.00,0.00,0.00,1,-82.00,-7.00,17.00,11.00,52.00,4.00,27771906,486
244.98,1565931087,0.00,nan,nan,0.00,0.00,0.00,0.00,1,-82.00,-7.00,17.00,11.00,52.00,4.00,27771906,486
245.98,1565931088,0.00,nan,nan,0.00,0.00,0.00,0.00,1,-61.00,-5.00,22.00,15.00,63.00,4.00,27771906,486
246.98,1565931089,0.00,nan,nan,0.00,0.00,0.00,0.00,1,-61.00,-5.00,22.00,15.00,63.00,4.00,27771906,486
247.98,1565931090,0.00,nan,nan,0.00,0.00,0.00,0.00,1,-59.00,-5.00,27.00,11.00,63.00,4.00,27771906,486
248.98,1565931091,0.00,nan,nan,0.00,0.00,0.00,0.00,1,-59.00,-5.00,27.00,11.00,63.00,4.00,27771906,486
249.98,1565931092,0.00,nan,nan,0.00,0.00,0.00,0.00,1,-71.00,-6.00,15.00,9.00,63.00,4.00,27771906,486
250.98,1565931093,0.00,nan,nan,0.00,0.00,0.00,0.00,1,-71.00,-6.00,15.00,9.00,63.00,4.00,27771906,486
251.99,1565931094,0.00,nan,nan,0.00,0.00,0.00,0.00,1,-78.00,-6.00,19.00,11.00,57.00,4.00,27771906,486
252.98,1565931095,0.00,nan,nan,0.00,0.00,0.00,0.00,1,-78.00,-6.00,19.00,11.00,57.00,4.00,27771906,486
253.98,1565931096,0.00,nan,nan,0.00,0.00,0.00,0.00,1,-78.00,-6.00,19.00,11.00,57.00,4.00,27771906,486
254.98,1565931097,0.00,nan,nan,0.00,0.00,0.00,0.00,1,-94.00,-6.00,18.00,2.00,41.00,4.00,27771909,125
255.98,1565931098,0.00,nan,nan,0.00,0.00,0.00,0.00,1,-94.00,-6.00,18.00,2.00,41.00,4.00,27771909,125
256.98,1565931099,0.00,nan,nan,0.00,0.00,0.00,0.00,1,-94.00,-6.00,22.00,2.00,43.00,4.00,27771909,125
257.98,1565931100,0.00,nan,nan,0.00,0.00,0.00,0.00,1,-94.00,-6.00,22.00,2.00,43.00,4.00,27771909,125
258.98,1565931101,0.00,nan,nan,0.00,0.00,0.00,0.00,1,-92.00,-6.00,18.00,2.00,44.00,4.00,27771909,125
259.98,1565931102,0.00,nan,nan,0.00,0.00,0.00,0.00,1,-92.00,-6.00,18.00,2.00,44.00,4.00,27771909,125
260.98,1565931103,0.00,nan,nan,0.00,0.00,0.00,0.00,1,-92.00,-6.00,19.00,2.00,45.00,4.00,27771909,125
261.98,1565931104,0.00,nan,nan,0.00,0.00,0.00,0.00,1,-92.00,-6.00,19.00,2.00,45.00,4.00,27771909,125
262.98,1565931105,0.00,nan,nan,0.00,0.00,0.00,0.00,1,-92.00,-6.00,17.00,2.00,46.00,4.00,27771909,125
263.98,1565931106,0.00,nan,nan,0.00,0.00,0.00,0.00,1,-92.00,-6.00,17.00,2.00,46.00,4.00,27771909,125
264.98,1565931107,0.00,nan,nan,0.00,0.00,0.00,0.00,1,-91.00,-6.00,16.00,2.00,46.00,4.00,27771909,125
265.98,1565931108,0.00,nan,nan,0.00,0.00,0.00,0.00,1,-91.00,-6.00,16.00,2.00,46.00,4.00,27771909,125
266.98,1565931109,0.00,nan,nan,0.00,0.00,0.00,0.00,1,-88.00,-6.00,15.00,2.00,49.00,4.00,27771909,125
267.98,1565931110,0.00,nan,nan,0.00,0.00,0.00,0.00,1,-88.00,-6.00,15.00,2.00,49.00,4.00,27771909,125
268.98,1565931111,0.00,nan,nan,0.00,0.00,0.00,0.00,1,-88.00,-6.00,10.00,2.00,48.00,4.00,27771909,125
269.98,1565931112,0.00,nan,nan,0.00,0.00,0.00,0.00,1,-88.00,-6.00,10.00,2.00,48.00,4.00,27771909,125
270.98,1565931113,0.00,nan,nan,0.00,0.00,0.00,0.00,1,-97.00,-7.00,2.00,2.00,40.00,4.00,27771909,125
271.98,1565931114,0.00,nan,nan,0.00,0.00,0.00,0.00,1,-97.00,-7.00,2.00,2.00,40.00,4.00,27771909,125
272.98,1565931115,0.00,nan,nan,0.00,0.00,0.00,0.00,1,-98.00,-6.00,4.00,12.00,37.00,10.00,30422273,403
273.98,1565931116,0.00,nan,nan,0.00,0.00,0.00,0.00,1,-98.00,-6.00,4.00,12.00,37.00,10.00,30422273,403
274.98,1565931117,0.00,nan,nan,0.00,0.00,0.00,0.00,1,-98.00,-6.00,4.00,12.00,37.00,10.00,30422273,403
275.98,1565931118,0.00,nan,nan,0.00,0.00,0.00,0.00,1,-107.00,-7.00,5.00,13.00,32.00,10.00,30422273,403
276.98,1565931119,0.00,nan,nan,0.00,0.00,0.00,0.00,1,-107.00,-7.00,5.00,13.00,32.00,10.00,30422273,403
277.98,1565931120,0.00,nan,nan,0.00,0.00,0.00,0.00,1,-110.00,-7.00,4.00,7.00,29.00,10.00,30422273,403
278.98,1565931121,0.00,nan,nan,0.00,0.00,0.00,0.00,1,-110.00,-7.00,4.00,7.00,29.00,10.00,30422273,403
279.98,1565931122,0.00,nan,nan,0.00,0.00,0.00,0.00,1,-110.00,-7.00,5.00,11.00,28.00,10.00,30422273,403
280.98,1565931123,0.00,nan,nan,0.00,0.00,0.00,0.00,1,-110.00,-7.00,5.00,11.00,28.00,10.00,30422273,403
281.98,1565931124,0.00,nan,nan,0.00,0.00,0.00,0.00,1,-109.00,-7.00,3.00,11.00,29.00,10.00,30422273,403
282.98,1565931125,0.00,nan,nan,0.00,0.00,0.00,0.00,1,-109.00,-7.00,3.00,11.00,29.00,10.00,30422273,403
283.98,1565931126,0.00,nan,nan,0.00,0.00,0.00,0.00,1,-115.00,-11.00,4.00,9.00,28.00,10.00,30422273,403
284.98,1565931127,0.00,nan,nan,0.00,0.00,0.00,0.00,1,-115.00,-11.00,4.00,9.00,28.00,10.00,30422273,403
285.98,1565931128,0.00,nan,nan,0.00,0.00,0.00,0.00,1,-110.00,-7.00,4.00,11.00,29.00,10.00,30422273,403
286.98,1565931129,0.00,nan,nan,0.00,0.00,0.00,0.00,1,-110.00,-7.00,4.00,11.00,29.00,10.00,30422273,403
287.98,1565931130,0.00,nan,nan,0.00,0.00,0.00,0.00,1,-112.00,-9.00,-2.00,10.00,28.00,10.00,30422273,403
288.98,1565931131,0.00,nan,nan,0.00,0.00,0.00,0.00,1,-112.00,-9.00,-2.00,10.00,28.00,10.00,30422273,403
289.98,1565931132,0.00,nan,nan,0.00,0.00,0.00,0.00,1,-100.00,-9.00,4.00,9.00,33.00,27.00,33527559,198
290.98,1565931133,0.00,nan,nan,0.00,0.00,0.00,0.00,1,-100.00,-9.00,4.00,9.00,33.00,27.00,33527559,198
291.98,1565931134,0.00,nan,nan,0.00,0.00,0.00,0.00,1,-100.00,-10.00,3.00,8.00,33.00,27.00,33527559,198
292.98,1565931135,0.00,nan,nan,0.00,0.00,0.00,0.00,1,-100.00,-10.00,3.00,8.00,33.00,27.00,33527559,198
293.99,1565931136,0.00,nan,nan,0.00,0.00,0.00,0.00,1,-103.00,-9.00,5.00,8.00,31.00,27.00,33527559,198
294.98,1565931137,0.00,nan,nan,0.00,0.00,0.00,0.00,1,-103.00,-9.00,5.00,8.00,31.00,27.00,33527559,198
295.98,1565931138,0.00,nan,nan,0.00,0.00,0.00,0.00,1,-103.00,-9.00,5.00,8.00,31.00,27.00,33527559,198
296.98,1565931139,0.00,nan,nan,0.00,0.00,0.00,0.00,1,-103.00,-10.00,5.00,7.00,32.00,27.00,33527559,198
297.98,1565931140,0.00,nan,nan,0.00,0.00,0.00,0.00,1,-103.00,-10.00,5.00,7.00,32.00,27.00,33527559,198
298.98,1565931141,0.00,nan,nan,0.00,0.00,0.00,0.00,1,-98.00,-8.00,5.00,6.00,34.00,27.00,33527559,198
299.98,1565931142,0.00,nan,nan,0.00,0.00,0.00,0.00,1,-98.00,-8.00,5.00,6.00,34.00,27.00,33527559,198
300.98,1565931143,0.00,nan,nan,0.00,0.00,0.00,0.00,1,-95.00,-7.00,6.00,5.00,35.00,27.00,33527559,198
301.98,1565931144,0.00,nan,nan,0.00,0.00,0.00,0.00,1,-95.00,-7.00,6.00,5.00,35.00,27.00,33527559,198
302.98,1565931145,0.00,nan,nan,0.00,0.00,0.00,0.00,1,-98.00,-8.00,8.00,10.00,35.00,27.00,33527559,198
303.98,1565931146,0.00,nan,nan,0.00,0.00,0.00,0.00,1,-98.00,-8.00,8.00,10.00,35.00,27.00,33527559,198
304.98,1565931147,0.00,nan,nan,0.00,0.00,0.00,0.00,1,-106.00,-9.00,1.00,2.00,34.00,27.00,33527552,231
305.98,1565931148,0.00,nan,nan,0.00,0.00,0.00,0.00,1,-106.00,-9.00,1.00,2.00,34.00,27.00,33527552,231
306.98,1565931149,0.00,nan,nan,0.00,0.00,0.00,0.00,1,-104.00,-9.00,-3.00,2.00,35.00,27.00,27771908,123
307.98,1565931150,0.00,nan,nan,0.00,0.00,0.00,0.00,1,-104.00,-9.00,-3.00,2.00,35.00,27.00,27771908,123
308.98,1565931151,0.00,nan,nan,0.00,0.00,0.00,0.00,1,-101.00,-8.00,5.00,2.00,37.00,27.00,27771908,123
309.98,1565931152,0.00,nan,nan,0.00,0.00,0.00,0.00,1,-101.00,-8.00,5.00,2.00,37.00,27.00,27771908,123
310.98,1565931153,0.00,nan,nan,0.00,0.00,0.00,0.00,1,-100.00,-8.00,-6.00,2.00,39.00,27.00,27771908,123
311.98,1565931154,0.00,nan,nan,0.00,0.00,0.00,0.00,1,-100.00,-8.00,-6.00,2.00,39.00,27.00,27771908,123
312.98,1565931155,0.00,nan,nan,0.00,0.00,0.00,0.00,1,-93.00,-7.00,13.00,2.00,46.00,27.00,33527552,231
313.98,1565931156,0.00,nan,nan,0.00,0.00,0.00,0.00,1,-93.00,-7.00,13.00,2.00,46.00,27.00,33527552,231
314.99,1565931157,0.00,nan,nan,0.00,0.00,0.00,0.00,1,-89.00,-6.00,19.00,2.00,49.00,27.00,33527552,231
315.98,1565931158,0.00,nan,nan,0.00,0.00,0.00,0.00,1,-89.00,-6.00,19.00,2.00,49.00,27.00,33527552,231
316.98,1565931159,0.00,nan,nan,0.00,0.00,0.00,0.00,1,-89.00,-6.00,19.00,2.00,49.00,27.00,33527552,231
317.98,1565931160,0.00,nan,nan,0.00,0.00,0.00,0.00,1,-87.00,-6.00,18.00,2.00,51.00,27.00,33527552,231
318.98,1565931161,0.00,nan,nan,0.00,0.00,0.00,0.00,1,-87.00,-6.00,18.00,2.00,51.00,27.00,33527552,231
319.98,1565931162,0.00,nan,nan,0.00,0.00,0.00,0.00,1,-85.00,-6.00,24.00,2.00,52.00,27.00,33527552,231
320.98,1565931163,0.00,nan,nan,0.00,0.00,0.00,0.00,1,-85.00,-6.00,24.00,2.00,52.00,27.00,33527552,231
321.98,1565931164,0.00,nan,nan,0.00,0.00,0.00,0.00,1,-85.00,-6.00,22.00,2.00,52.00,27.00,33527552,231
322.98,1565931165,0.00,nan,nan,0.00,0.00,0.00,0.00,1,-85.00,-6.00,22.00,2.00,52.00,27.00,33527552,231
323.98,1565931166,0.00,nan,nan,0.00,0.00,0.00,0.00,1,-86.00,-6.00,27.00,2.00,52.00,27.00,33527552,231
324.98,1565931167,0.00,nan,nan,0.00,0.00,0.00,0.00,1,-86.00,-6.00,27.00,2.00,52.00,27.00,33527552,231
325.98,1565931168,0.00,nan,nan,0.00,0.00,0.00,0.00,1,-84.00,-6.00,29.00,2.00,53.00,27.00,33527552,231
326.98,1565931169,0.00,nan,nan,0.00,0.00,0.00,0.00,1,-84.00,-6.00,29.00,2.00,53.00,27.00,33527552,231
327.98,1565931170,0.00,nan,nan,0.00,0.00,0.00,0.00,1,-79.00,-6.00,22.00,2.00,58.00,27.00,33527552,231
328.98,1565931171,0.00,nan,nan,0.00,0.00,0.00,0.00,1,-79.00,-6.00,22.00,2.00,58.00,27.00,33527552,231
329.98,1565931172,0.00,nan,nan,0.00,0.00,0.00,0.00,1,-76.00,-6.00,29.00,2.00,60.00,27.00,33527552,231
330.98,1565931173,0.00,nan,nan,0.00,0.00,0.00,0.00,1,-76.00,-6.00,29.00,2.00,60.00,27.00,33527552,231
331.98,1565931174,0.00,nan,nan,0.00,0.00,0.00,0.00,1,-73.00,-5.00,29.00,2.00,63.00,27.00,33527552,231
332.98,1565931175,0.00,nan,nan,0.00,0.00,0.00,0.00,1,-73.00,-5.00,29.00,2.00,63.00,27.00,33527552,231
333.98,1565931176,0.00,nan,nan,0.00,0.00,0.00,0.00,1,-69.00,-5.00,29.00,2.00,63.00,27.00,33527552,231
334.98,1565931177,0.00,nan,nan,0.00,0.00,0.00,0.00,1,-69.00,-5.00,29.00,2.00,63.00,27.00,33527552,231
335.99,1565931178,0.00,nan,nan,0.00,0.00,0.00,0.00,1,-67.00,-5.00,31.00,2.00,63.00,27.00,33527552,231
336.98,1565931179,0.00,nan,nan,0.00,0.00,0.00,0.00,1,-67.00,-5.00,31.00,2.00,63.00,27.00,33527552,231
337.98,1565931180,0.00,nan,nan,0.00,0.00,0.00,0.00,1,-67.00,-5.00,31.00,2.00,63.00,27.00,33527552,231
338.98,1565931181,0.00,nan,nan,0.00,0.00,0.00,0.00,1,-67.00,-5.00,30.00,2.00,63.00,27.00,33527552,231
339.98,1565931182,0.00,nan,nan,0.00,0.00,0.00,0.00,1,-67.00,-5.00,30.00,2.00,63.00,27.00,33527552,231
340.98,1565931183,0.00,nan,nan,0.00,0.00,0.00,0.00,1,-71.00,-5.00,31.00,2.00,63.00,27.00,33527552,231
341.98,1565931184,0.00,nan,nan,0.00,0.00,0.00,0.00,1,-71.00,-5.00,31.00,2.00,63.00,27.00,33527552,231
342.98,1565931185,0.00,nan,nan,0.00,0.00,0.00,0.00,1,-76.00,-5.00,19.00,2.00,60.00,27.00,33527552,231
343.98,1565931186,0.00,nan,nan,0.00,0.00,0.00,0.00,1,-76.00,-5.00,19.00,2.00,60.00,27.00,33527552,231
344.98,1565931187,0.00,nan,nan,0.00,0.00,0.00,0.00,1,-79.00,-6.00,20.00,2.00,57.00,27.00,33527552,231
345.98,1565931188,0.00,nan,nan,0.00,0.00,0.00,0.00,1,-79.00,-6.00,20.00,2.00,57.00,27.00,33527552,231
346.98,1565931189,0.00,nan,nan,0.00,0.00,0.00,0.00,1,-84.00,-6.00,24.00,2.00,54.00,27.00,33527552,231
347.98,1565931190,0.00,nan,nan,0.00,0.00,0.00,0.00,1,-84.00,-6.00,24.00,2.00,54.00,27.00,33527552,231
348.98,1565931191,0.00,nan,nan,0.00,0.00,0.00,0.00,1,-83.00,-9.00,4.00,2.00,57.00,27.00,33527552,231
349.98,1565931192,0.00,nan,nan,0.00,0.00,0.00,0.00,1,-83.00,-9.00,4.00,2.00,57.00,27.00,33527552,231
350.98,1565931193,0.00,nan,nan,0.00,0.00,0.00,0.00,1,-92.00,-21.00,-8.00,14.00,58.00,1.00,33527552,231
351.98,1565931194,0.00,nan,nan,0.00,0.00,0.00,0.00,1,-92.00,-21.00,-8.00,14.00,58.00,1.00,33527552,231
352.98,1565931195,0.00,nan,nan,0.00,0.00,0.00,0.00,1,-79.00,-8.00,10.00,15.00,61.00,1.00,33527554,233
353.98,1565931196,0.00,nan,nan,0.00,0.00,0.00,0.00,1,-79.00,-8.00,10.00,15.00,61.00,1.00,33527554,233
354.97,1565931197,0.00,nan,nan,0.00,0.00,0.00,0.00,1,-93.00,-8.00,16.00,11.00,43.00,1.00,33527554,233
355.97,1565931198,0.00,nan,nan,0.00,0.00,0.00,0.00,1,-93.00,-8.00,16.00,11.00,43.00,1.00,33527554,233
356.98,1565931199,0.00,nan,nan,0.00,0.00,0.00,0.00,1,-87.00,-5.00,15.00,13.00,44.00,1.00,33527554,233
357.98,1565931200,0.00,nan,nan,0.00,0.00,0.00,0.00,1,-87.00,-5.00,15.00,13.00,44.00,1.00,33527554,233
358.99,1565931201,0.00,nan,nan,0.00,0.00,0.00,0.00,1,-86.00,-5.00,25.00,12.00,51.00,1.00,33527554,233
359.98,1565931202,0.00,nan,nan,0.00,0.00,0.00,0.00,1,-86.00,-5.00,25.00,12.00,51.00,1.00,33527554,233
360.98,1565931203,0.00,nan,nan,0.00,0.00,0.00,0.00,1,-86.00,-5.00,25.00,12.00,51.00,1.00,33527554,233
361.98,1565931204,0.00,nan,nan,0.00,0.00,0.00,0.00,1,-87.00,-6.00,8.00,1.00,49.00,1.00,33527554,233
362.98,1565931205,0.00,nan,nan,0.00,0.00,0.00,0.00,1,-87.00,-6.00,8.00,1.00,49.00,1.00,33527554,233
363.98,1565931206,0.00,nan,nan,0.00,0.00,0.00,0.00,1,-80.00,-5.00,29.00,1.00,54.00,1.00,33527554,233
364.98,1565931207,0.00,nan,nan,0.00,0.00,0.00,0.00,1,-80.00,-5.00,29.00,1.00,54.00,1.00,33527554,233
365.98,1565931208,0.00,nan,nan,0.00,0.00,0.00,0.00,1,-72.00,-5.00,11.00,15.00,63.00,1.00,33527554,233
366.98,1565931209,0.00,nan,nan,0.00,0.00,0.00,0.00,1,-72.00,-5.00,11.00,15.00,63.00,1.00,33527554,233
367.98,1565931210,0.00,nan,nan,0.00,0.00,0.00,0.00,1,-77.00,-5.00,26.00,15.00,56.00,1.00,33527554,233
368.98,1565931211,0.00,nan,nan,0.00,0.00,0.00,0.00,1,-77.00,-5.00,26.00,15.00,56.00,1.00,33527554,233
369.98,1565931212,0.00,nan,nan,0.00,0.00,0.00,0.00,1,-86.00,-5.00,15.00,14.00,48.00,1.00,33527554,233
370.98,1565931213,0.00,nan,nan,0.00,0.00,0.00,0.00,1,-86.00,-5.00,15.00,14.00,48.00,1.00,33527554,233
371.98,1565931214,0.00,nan,nan,0.00,0.00,0.00,0.00,1,-92.00,-6.00,15.00,2.00,45.00,1.00,33527554,233
372.98,1565931215,0.00,nan,nan,0.00,0.00,0.00,0.00,1,-92.00,-6.00,15.00,2.00,45.00,1.00,33527554,233
373.98,1565931216,0.00,nan,nan,0.00,0.00,0.00,0.00,1,-92.00,-6.00,17.00,2.00,46.00,1.00,33527554,233
374.98,1565931217,0.00,nan,nan,0.00,0.00,0.00,0.00,1,-92.00,-6.00,17.00,2.00,46.00,1.00,33527554,233
375.98,1565931218,0.00,nan,nan,0.00,0.00,0.00,0.00,1,-93.00,-5.00,16.00,2.00,44.00,1.00,33527554,233
376.98,1565931219,0.00,nan,nan,0.00,0.00,0.00,0.00,1,-93.00,-5.00,16.00,2.00,44.00,1.00,33527554,233
377.98,1565931220,0.00,nan,nan,0.00,0.00,0.00,0.00,1,-93.00,-5.00,11.00,2.00,44.00,1.00,33527554,233
378.98,1565931221,0.00,nan,nan,0.00,0.00,0.00,0.00,1,-93.00,-5.00,11.00,2.00,44.00,1.00,33527554,233
379.99,1565931222,0.00,nan,nan,0.00,0.00,0.00,0.00,1,-94.00,-5.00,18.00,2.00,42.00,1.00,33527554,233
380.98,1565931223,0.00,nan,nan,0.00,0.00,0.00,0.00,1,-94.00,-5.00,18.00,2.00,42.00,1.00,33527554,233
381.98,1565931224,0.00,nan,nan,0.00,0.00,0.00,0.00,1,-94.00,-5.00,18.00,2.00,42.00,1.00,33527554,233
382.98,1565931225,0.00,nan,nan,0.00,0.00,0.00,0.00,1,-95.00,-6.00,10.00,2.00,42.00,1.00,33527554,233
383.98,1565931226,0.00,nan,nan,0.00,0.00,0.00,0.00,1,-95.00,-6.00,10.00,2.00,42.00,1.00,33527554,233
384.98,1565931227,0.00,nan,nan,0.00,0.00,0.00,0.00,1,-97.00,-6.00,3.00,2.00,40.00,1.00,33527554,233
385.98,1565931228,0.00,nan,nan,0.00,0.00,0.00,0.00,1,-97.00,-6.00,3.00,2.00,40.00,1.00,33527554,233
386.98,1565931229,0.00,nan,nan,0.00,0.00,0.00,0.00,1,-106.00,-11.00,-7.00,2.00,36.00,1.00,29568770,414
387.98,1565931230,0.00,nan,nan,0.00,0.00,0.00,0.00,1,-106.00,-11.00,-7.00,2.00,36.00,1.00,29568770,414
388.98,1565931231,0.00,nan,nan,0.00,0.00,0.00,0.00,1,-107.00,-11.00,4.00,2.00,36.00,1.00,29568770,414
389.98,1565931232,0.00,nan,nan,0.00,0.00,0.00,0.00,1,-107.00,-11.00,4.00,2.00,36.00,1.00,29568770,414
390.98,1565931233,0.00,nan,nan,0.00,0.00,0.00,0.00,1,-107.00,-11.00,-3.00,2.00,36.00,1.00,29568770,414
391.98,1565931234,0.00,nan,nan,0.00,0.00,0.00,0.00,1,-107.00,-11.00,-3.00,2.00,36.00,1.00,29568770,414
392.98,1565931235,0.00,nan,nan,0.00,0.00,0.00,0.00,1,-103.00,-10.00,2.00,2.00,39.00,1.00,27770883,375
393.98,1565931236,0.00,nan,nan,0.00,0.00,0.00,0.00,1,-103.00,-10.00,2.00,2.00,39.00,1.00,27770883,375
394.98,1565931237,0.00,nan,nan,0.00,0.00,0.00,0.00,1,-99.00,-9.00,-5.00,2.00,41.00,1.00,27770883,375
395.98,1565931238,0.00,nan,nan,0.00,0.00,0.00,0.00,1,-99.00,-9.00,-5.00,2.00,41.00,1.00,27770883,375
396.98,1565931239,0.00,nan,nan,0.00,0.00,0.00,0.00,1,-102.00,-11.00,2.00,2.00,40.00,1.00,27770883,375
397.98,1565931240,0.00,nan,nan,0.00,0.00,0.00,0.00,1,-102.00,-11.00,2.00,2.00,40.00,1.00,27770883,375
398.98,1565931241,0.00,nan,nan,0.00,0.00,0.00,0.00,1,-101.00,-12.00,-5.00,2.00,42.00,1.00,29568770,414
399.98,1565931242,0.00,nan,nan,0.00,0.00,0.00,0.00,1,-101.00,-12.00,-5.00,2.00,42.00,1.00,29568770,414
400.99,1565931243,0.00,nan,nan,0.00,0.00,0.00,0.00,1,-100.00,-11.00,3.00,2.00,43.00,1.00,27770883,375
401.98,1565931244,0.00,nan,nan,0.00,0.00,0.00,0.00,1,-100.00,-11.00,3.00,2.00,43.00,1.00,27770883,375
402.98,1565931245,0.00,nan,nan,0.00,0.00,0.00,0.00,1,-100.00,-11.00,3.00,2.00,43.00,1.00,27770883,375
403.98,1565931246,0.00,nan,nan,0.00,0.00,0.00,0.00,1,-96.00,-9.00,1.00,2.00,46.00,1.00,33837570,348
404.98,1565931247,0.00,nan,nan,0.00,0.00,0.00,0.00,1,-96.00,-9.00,1.00,2.00,46.00,1.00,33837570,348
405.98,1565931248,0.00,nan,nan,0.00,0.00,0.00,0.00,1,-97.00,-9.00,2.00,2.00,45.00,1.00,33837570,348
406.98,1565931249,0.00,nan,nan,0.00,0.00,0.00,0.00,1,-97.00,-9.00,2.00,2.00,45.00,1.00,33837570,348
407.97,1565931250,0.00,nan,nan,0.00,0.00,0.00,0.00,1,-92.00,-10.00,0.00,9.00,50.00,8.00,33837570,348
408.98,1565931251,0.00,nan,nan,0.00,0.00,0.00,0.00,1,-92.00,-10.00,0.00,9.00,50.00,8.00,33837570,348
409.98,1565931252,0.00,nan,nan,0.00,0.00,0.00,0.00,1,-84.00,-6.00,2.00,6.00,53.00,10.00,27770883,375
410.98,1565931253,0.00,nan,nan,0.00,0.00,0.00,0.00,1,-84.00,-6.00,2.00,6.00,53.00,10.00,27770883,375
411.98,1565931254,0.00,nan,nan,0.00,0.00,0.00,0.00,1,-85.00,-8.00,8.00,14.00,53.00,10.00,27770883,375
412.98,1565931255,0.00,nan,nan,0.00,0.00,0.00,0.00,1,-85.00,-8.00,8.00,14.00,53.00,10.00,27770883,375
413.98,1565931256,0.00,nan,nan,0.00,0.00,0.00,0.00,1,-85.00,-9.00,5.00,6.00,55.00,7.00,33837570,348
414.98,1565931257,0.00,nan,nan,0.00,0.00,0.00,0.00,1,-85.00,-9.00,5.00,6.00,55.00,7.00,33837570,348
415.98,1565931258,0.00,nan,nan,0.00,0.00,0.00,0.00,1,-85.00,-6.00,6.00,6.00,53.00,8.00,27770883,375
416.98,1565931259,0.00,nan,nan,0.00,0.00,0.00,0.00,1,-85.00,-6.00,6.00,6.00,53.00,8.00,27770883,375
417.98,1565931260,0.00,nan,nan,0.00,0.00,0.00,0.00,1,-80.00,-6.00,14.00,10.00,58.00,8.00,27770883,375
418.98,1565931261,0.00,nan,nan,0.00,0.00,0.00,0.00,1,-80.00,-6.00,14.00,10.00,58.00,8.00,27770883,375
419.98,1565931262,0.00,nan,nan,0.00,0.00,0.00,0.00,1,-78.00,-6.00,30.00,14.00,60.00,8.00,27770883,375
420.98,1565931263,0.00,nan,nan,0.00,0.00,0.00,0.00,1,-78.00,-6.00,30.00,14.00,60.00,8.00,27770883,375
421.99,1565931264,0.00,nan,nan,0.00,0.00,0.00,0.00,1,-78.00,-6.00,30.00,13.00,60.00,8.00,27770883,375
422.98,1565931265,0.00,nan,nan,0.00,0.00,0.00,0.00,1,-78.00,-6.00,30.00,13.00,60.00,8.00,27770883,375
423.98,1565931266,0.00,nan,nan,0.00,0.00,0.00,0.00,1,-78.00,-6.00,30.00,13.00,60.00,8.00,27770883,375
424.98,1565931267,0.00,nan,nan,0.00,0.00,0.00,0.00,1,-87.00,-7.00,19.00,12.00,51.00,8.00,27770883,375
425.97,1565931268,0.00,nan,nan,0.00,0.00,0.00,0.00,1,-87.00,-7.00,19.00,12.00,51.00,8.00,27770883,375
426.98,1565931269,0.00,nan,nan,0.00,0.00,0.00,0.00,1,-75.00,-6.00,19.00,15.00,63.00,8.00,27770883,375
427.97,1565931270,0.00,nan,nan,0.00,0.00,0.00,0.00,1,-75.00,-6.00,19.00,15.00,63.00,8.00,27770883,375
428.98,1565931271,0.00,nan,nan,0.00,0.00,0.00,0.00,1,-88.00,-7.00,3.00,6.00,50.00,15.00,29563905,97
429.98,1565931272,0.00,nan,nan,0.00,0.00,0.00,0.00,1,-88.00,-7.00,3.00,6.00,50.00,15.00,29563905,97
430.98,1565931273,0.00,nan,nan,0.00,0.00,0.00,0.00,1,-85.00,-9.00,7.00,11.00,55.00,4.00,27770883,375
431.98,1565931274,0.00,nan,nan,0.00,0.00,0.00,0.00,1,-85.00,-9.00,7.00,11.00,55.00,4.00,27770883,375
432.98,1565931275,0.00,nan,nan,0.00,0.00,0.00,0.00,1,-94.00,-10.00,5.00,9.00,44.00,4.00,27770883,375
433.98,1565931276,0.00,nan,nan,0.00,0.00,0.00,0.00,1,-94.00,-10.00,5.00,9.00,44.00,4.00,27770883,375
434.98,1565931277,0.00,nan,nan,0.00,0.00,0.00,0.00,1,-97.00,-8.00,3.00,6.00,39.00,4.00,27770885,376
435.98,1565931278,0.00,nan,nan,0.00,0.00,0.00,0.00,1,-97.00,-8.00,3.00,6.00,39.00,4.00,27770885,376
436.98,1565931279,0.00,nan,nan,0.00,0.00,0.00,0.00,1,-88.00,-6.00,18.00,15.00,45.00,4.00,27770885,376
437.98,1565931280,0.00,nan,nan,0.00,0.00,0.00,0.00,1,-88.00,-6.00,18.00,15.00,45.00,4.00,27770885,376
438.98,1565931281,0.00,nan,nan,0.00,0.00,0.00,0.00,1,-93.00,-6.00,9.00,14.00,43.00,4.00,27770885,376
439.98,1565931282,0.00,nan,nan,0.00,0.00,0.00,0.00,1,-93.00,-6.00,9.00,14.00,43.00,4.00,27770885,376
440.98,1565931283,0.00,nan,nan,0.00,0.00,0.00,0.00,1,-86.00,-5.00,9.00,12.00,49.00,4.00,27770885,376
441.98,1565931284,0.00,nan,nan,0.00,0.00,0.00,0.00,1,-86.00,-5.00,9.00,12.00,49.00,4.00,27770885,376
442.98,1565931285,0.00,nan,nan,0.00,0.00,0.00,0.00,1,-75.00,-6.00,15.00,12.00,57.00,4.00,27770885,376
443.98,1565931286,0.00,nan,nan,0.00,0.00,0.00,0.00,1,-75.00,-6.00,15.00,12.00,57.00,4.00,27770885,376
444.98,1565931287,0.00,nan,nan,0.00,0.00,0.00,0.00,1,-75.00,-6.00,15.00,12.00,57.00,4.00,27770885,376
445.98,1565931288,0.00,nan,nan,0.00,0.00,0.00,0.00,1,-78.00,-7.00,25.00,15.00,60.00,4.00,27770885,376
446.98,1565931289,0.00,nan,nan,0.00,0.00,0.00,0.00,1,-78.00,-7.00,25.00,15.00,60.00,4.00,27770885,376
447.98,1565931290,0.00,nan,nan,0.00,0.00,0.00,0.00,1,-84.00,-7.00,11.00,14.00,49.00,4.00,27770885,376
448.98,1565931291,0.00,nan,nan,0.00,0.00,0.00,0.00,1,-84.00,-7.00,11.00,14.00,49.00,4.00,27770885,376
449.98,1565931292,0.00,nan,nan,0.00,0.00,0.00,0.00,1,-87.00,-7.00,16.00,2.00,49.00,4.00,27770885,376
450.98,1565931293,0.00,nan,nan,0.00,0.00,0.00,0.00,1,-87.00,-7.00,16.00,2.00,49.00,4.00,27770885,376
451.98,1565931294,0.00,nan,nan,0.00,0.00,0.00,0.00,1,-83.00,-7.00,14.00,2.00,55.00,4.00,27770885,376
452.98,1565931295,0.00,nan,nan,0.00,0.00,0.00,0.00,1,-83.00,-7.00,14.00,2.00,55.00,4.00,27770885,376
453.98,1565931296,0.00,nan,nan,0.00,0.00,0.00,0.00,1,-86.00,-8.00,-4.00,2.00,53.00,4.00,27770885,376
454.98,1565931297,0.00,nan,nan,0.00,0.00,0.00,0.00,1,-86.00,-8.00,-4.00,2.00,53.00,4.00,27770885,376
455.98,1565931298,0.00,nan,nan,0.00,0.00,0.00,0.00,1,-89.00,-8.00,10.00,2.00,51.00,4.00,27771140,49
456.98,1565931299,0.00,nan,nan,0.00,0.00,0.00,0.00,1,-89.00,-8.00,10.00,2.00,51.00,4.00,27771140,49
457.98,1565931300,0.00,nan,nan,0.00,0.00,0.00,0.00,1,-85.00,-6.00,19.00,2.00,52.00,4.00,27771140,49
458.98,1565931301,0.00,nan,nan,0.00,0.00,0.00,0.00,1,-85.00,-6.00,19.00,2.00,52.00,4.00,27771140,49
459.98,1565931302,0.00,nan,nan,0.00,0.00,0.00,0.00,1,-85.00,-6.00,20.00,2.00,53.00,4.00,27771140,49
460.98,1565931303,0.00,nan,nan,0.00,0.00,0.00,0.00,1,-85.00,-6.00,20.00,2.00,53.00,4.00,27771140,49
461.98,1565931304,0.00,nan,nan,0.00,0.00,0.00,0.00,1,-84.00,-6.00,22.00,2.00,54.00,4.00,27771140,49
462.98,1565931305,0.00,nan,nan,0.00,0.00,0.00,0.00,1,-84.00,-6.00,22.00,2.00,54.00,4.00,27771140,49
463.98,1565931306,0.00,nan,nan,0.00,0.00,0.00,0.00,1,-83.00,-6.00,23.00,13.00,55.00,15.00,27771140,49
464.97,1565931307,0.00,nan,nan,0.00,0.00,0.00,0.00,1,-83.00,-6.00,23.00,13.00,55.00,15.00,27771140,49
465.98,1565931308,0.00,nan,nan,0.00,0.00,0.00,0.00,1,-83.00,-6.00,23.00,13.00,55.00,15.00,27771140,49
466.98,1565931309,0.00,nan,nan,0.00,0.00,0.00,0.00,1,-84.00,-6.00,24.00,12.00,56.00,15.00,27771140,49
467.98,1565931310,0.00,nan,nan,0.00,0.00,0.00,0.00,1,-84.00,-6.00,24.00,12.00,56.00,15.00,27771140,49
468.98,1565931311,0.00,nan,nan,0.00,0.00,0.00,0.00,1,-85.00,-7.00,34.00,11.00,55.00,15.00,27771140,49
469.98,1565931312,0.00,nan,nan,0.00,0.00,0.00,0.00,1,-85.00,-7.00,34.00,11.00,55.00,15.00,27771140,49
470.98,1565931313,0.00,nan,nan,0.00,0.00,0.00,0.00,1,-85.00,-6.00,16.00,11.00,54.00,15.00,27771140,49
471.98,1565931314,0.00,nan,nan,0.00,0.00,0.00,0.00,1,-85.00,-6.00,16.00,11.00,54.00,15.00,27771140,49
472.97,1565931315,0.00,nan,nan,0.00,0.00,0.00,0.00,1,-85.00,-6.00,24.00,15.00,55.00,15.00,27771140,49
473.98,1565931316,0.00,nan,nan,0.00,0.00,0.00,0.00,1,-85.00,-6.00,24.00,15.00,55.00,15.00,27771140,49
474.98,1565931317,0.00,nan,nan,0.00,0.00,0.00,0.00,1,-93.00,-7.00,18.00,12.00,45.00,15.00,27771140,49
475.98,1565931318,0.00,nan,nan,0.00,0.00,0.00,0.00,1,-93.00,-7.00,18.00,12.00,45.00,15.00,27771140,49
476.98,1565931319,0.00,nan,nan,0.00,0.00,0.00,0.00,1,-87.00,-6.00,11.00,6.00,50.00,55.00,33527554,233
477.98,1565931320,0.00,nan,nan,0.00,0.00,0.00,0.00,1,-87.00,-6.00,11.00,6.00,50.00,55.00,33527554,233
478.97,1565931321,0.00,nan,nan,0.00,0.00,0.00,0.00,1,-87.00,-6.00,17.00,11.00,51.00,55.00,33527554,233
479.98,1565931322,0.00,nan,nan,0.00,0.00,0.00,0.00,1,-87.00,-6.00,17.00,11.00,51.00,55.00,33527554,233
480.98,1565931323,0.00,nan,nan,0.00,0.00,0.00,0.00,1,-84.00,-5.00,13.00,10.00,51.00,55.00,33527554,233
481.98,1565931324,0.00,nan,nan,0.00,0.00,0.00,0.00,1,-84.00,-5.00,13.00,10.00,51.00,55.00,33527554,233
482.98,1565931325,0.00,nan,nan,0.00,0.00,0.00,0.00,1,-90.00,-6.00,1.00,5.00,47.00,7.00,27771140,49
483.98,1565931326,0.00,nan,nan,0.00,0.00,0.00,0.00,1,-90.00,-6.00,1.00,5.00,47.00,7.00,27771140,49
484.99,1565931327,0.00,nan,nan,0.00,0.00,0.00,0.00,1,-80.00,-6.00,19.00,15.00,59.00,7.00,27771140,49
485.98,1565931328,0.00,nan,nan,0.00,0.00,0.00,0.00,1,-80.00,-6.00,19.00,15.00,59.00,7.00,27771140,49
486.98,1565931329,0.00,nan,nan,0.00,0.00,0.00,0.00,1,-80.00,-6.00,19.00,15.00,59.00,7.00,27771140,49
487.98,1565931330,0.00,nan,nan,0.00,0.00,0.00,0.00,1,-79.00,-6.00,25.00,10.00,59.00,7.00,27771140,49
488.98,1565931331,0.00,nan,nan,0.00,0.00,0.00,0.00,1,-79.00,-6.00,25.00,10.00,59.00,7.00,27771140,49
489.98,1565931332,0.00,nan,nan,0.00,0.00,0.00,0.00,1,-75.00,-6.00,18.00,15.00,63.00,7.00,27771140,49
490.98,1565931333,0.00,nan,nan,0.00,0.00,0.00,0.00,1,-75.00,-6.00,18.00,15.00,63.00,7.00,27771140,49
491.98,1565931334,0.00,nan,nan,0.00,0.00,0.00,0.00,1,-79.00,-6.00,16.00,10.00,60.00,7.00,27771140,49
492.98,1565931335,0.00,nan,nan,0.00,0.00,0.00,0.00,1,-79.00,-6.00,16.00,10.00,60.00,7.00,27771140,49
493.98,1565931336,0.00,nan,nan,0.00,0.00,0.00,0.00,1,-84.00,-7.00,21.00,10.00,56.00,7.00,27771140,49
494.98,1565931337,0.00,nan,nan,0.00,0.00,0.00,0.00,1,-84.00,-7.00,21.00,10.00,56.00,7.00,27771140,49
495.98,1565931338,0.00,nan,nan,0.00,0.00,0.00,0.00,1,-84.00,-7.00,19.00,15.00,56.00,7.00,27771140,49
496.98,1565931339,0.00,nan,nan,0.00,0.00,0.00,0.00,1,-84.00,-7.00,19.00,15.00,56.00,7.00,27771140,49
497.98,1565931340,0.00,nan,nan,0.00,0.00,0.00,0.00,1,-72.00,-7.00,10.00,6.00,63.00,4.00,27771139,48
498.98,1565931341,0.00,nan,nan,0.00,0.00,0.00,0.00,1,-72.00,-7.00,10.00,6.00,63.00,4.00,27771139,48
499.98,1565931342,0.00,nan,nan,0.00,0.00,0.00,0.00,1,-87.00,-7.00,16.00,11.00,49.00,4.00,27771139,48
500.98,1565931343,0.00,nan,nan,0.00,0.00,0.00,0.00,1,-87.00,-7.00,16.00,11.00,49.00,4.00,27771139,48
501.98,1565931344,0.00,nan,nan,0.00,0.00,0.00,0.00,1,-83.00,-5.00,25.00,15.00,54.00,4.00,27771139,48
502.98,1565931345,0.00,nan,nan,0.00,0.00,0.00,0.00,1,-83.00,-5.00,25.00,15.00,54.00,4.00,27771139,48
503.98,1565931346,0.00,nan,nan,0.00,0.00,0.00,0.00,1,-90.00,-5.00,11.00,12.00,46.00,4.00,27771139,48
504.98,1565931347,0.00,nan,nan,0.00,0.00,0.00,0.00,1,-90.00,-5.00,11.00,12.00,46.00,4.00,27771139,48
505.98,1565931348,0.00,nan,nan,0.00,0.00,0.00,0.00,1,-84.00,-6.00,19.00,15.00,53.00,4.00,27771139,48
506.98,1565931349,0.00,nan,nan,0.00,0.00,0.00,0.00,1,-84.00,-6.00,19.00,15.00,53.00,4.00,27771139,48
507.98,1565931350,0.00,nan,nan,0.00,0.00,0.00,0.00,1,-84.00,-6.00,19.00,15.00,53.00,4.00,27771139,48
508.98,1565931351,0.00,nan,nan,0.00,0.00,0.00,0.00,1,-92.00,-7.00,13.00,10.00,45.00,4.00,27771139,48
509.98,1565931352,0.00,nan,nan,0.00,0.00,0.00,0.00,1,-92.00,-7.00,13.00,10.00,45.00,4.00,27771139,48
510.98,1565931353,0.00,nan,nan,0.00,0.00,0.00,0.00,1,-94.00,-6.00,22.00,12.00,44.00,4.00,27771139,48
511.98,1565931354,0.00,nan,nan,0.00,0.00,0.00,0.00,1,-94.00,-6.00,22.00,12.00,44.00,4.00,27771139,48
512.98,1565931355,0.00,nan,nan,0.00,0.00,0.00,0.00,1,-87.00,-5.00,22.00,2.00,51.00,4.00,27771139,48
513.98,1565931356,0.00,nan,nan,0.00,0.00,0.00,0.00,1,-87.00,-5.00,22.00,2.00,51.00,4.00,27771139,48
514.98,1565931357,0.00,nan,nan,0.00,0.00,0.00,0.00,1,-90.00,-6.00,8.00,2.00,47.00,4.00,27771139,48
515.98,1565931358,0.00,nan,nan,0.00,0.00,0.00,0.00,1,-90.00,-6.00,8.00,2.00,47.00,4.00,27771139,48
516.97,1565931359,0.00,nan,nan,0.00,0.00,0.00,0.00,1,-89.00,-6.00,25.00,2.00,47.00,4.00,27771139,48
517.98,1565931360,0.00,nan,nan,0.00,0.00,0.00,0.00,1,-89.00,-6.00,25.00,2.00,47.00,4.00,27771139,48
518.98,1565931361,0.00,nan,nan,0.00,0.00,0.00,0.00,1,-87.00,-5.00,28.00,2.00,49.00,4.00,27771139,48
519.98,1565931362,0.00,nan,nan,0.00,0.00,0.00,0.00,1,-87.00,-5.00,28.00,2.00,49.00,4.00,27771139,48
520.98,1565931363,0.00,nan,nan,0.00,0.00,0.00,0.00,1,-86.00,-5.00,19.00,2.00,50.00,4.00,27771139,48
521.98,1565931364,0.00,nan,nan,0.00,0.00,0.00,0.00,1,-86.00,-5.00,19.00,2.00,50.00,4.00,27771139,48
522.98,1565931365,0.00,nan,nan,0.00,0.00,0.00,0.00,1,-86.00,-5.00,24.00,2.00,50.00,4.00,27771139,48
523.98,1565931366,0.00,nan,nan,0.00,0.00,0.00,0.00,1,-86.00,-5.00,24.00,2.00,50.00,4.00,27771139,48
524.98,1565931367,0.00,nan,nan,0.00,0.00,0.00,0.00,1,-85.00,-5.00,22.00,2.00,51.00,4.00,27771139,48
525.98,1565931368,0.00,nan,nan,0.00,0.00,0.00,0.00,1,-85.00,-5.00,22.00,2.00,51.00,4.00,27771139,48
526.99,1565931369,0.00,nan,nan,0.00,0.00,0.00,0.00,1,-87.00,-6.00,17.00,2.00,50.00,4.00,27771139,48
527.98,1565931370,0.00,nan,nan,0.00,0.00,0.00,0.00,1,-87.00,-6.00,17.00,2.00,50.00,4.00,27771139,48
528.98,1565931371,0.00,nan,nan,0.00,0.00,0.00,0.00,1,-87.00,-6.00,17.00,2.00,50.00,4.00,27771139,48
529.98,1565931372,0.00,nan,nan,0.00,0.00,0.00,0.00,1,-89.00,-6.00,20.00,2.00,49.00,4.00,27771139,48
530.98,1565931373,0.00,nan,nan,0.00,0.00,0.00,0.00,1,-89.00,-6.00,20.00,2.00,49.00,4.00,27771139,48
531.98,1565931374,0.00,nan,nan,0.00,0.00,0.00,0.00,1,-90.00,-7.00,16.00,2.00,48.00,4.00,27771139,48
532.98,1565931375,0.00,nan,nan,0.00,0.00,0.00,0.00,1,-90.00,-7.00,16.00,2.00,48.00,4.00,27771139,48
533.98,1565931376,0.00,nan,nan,0.00,0.00,0.00,0.00,1,-89.00,-6.00,21.00,2.00,48.00,4.00,27771139,48
534.98,1565931377,0.00,nan,nan,0.00,0.00,0.00,0.00,1,-89.00,-6.00,21.00,2.00,48.00,4.00,27771139,48
535.98,1565931378,0.00,nan,nan,0.00,0.00,0.00,0.00,1,-90.00,-6.00,22.00,2.00,47.00,4.00,27771139,48
536.98,1565931379,0.00,nan,nan,0.00,0.00,0.00,0.00,1,-90.00,-6.00,22.00,2.00,47.00,4.00,27771139,48
537.98,1565931380,0.00,nan,nan,0.00,0.00,0.00,0.00,1,-91.00,-6.00,19.00,2.00,45.00,4.00,27771139,48
538.98,1565931381,0.00,nan,nan,0.00,0.00,0.00,0.00,1,-91.00,-6.00,19.00,2.00,45.00,4.00,27771139,48
539.98,1565931382,0.00,nan,nan,0.00,0.00,0.00,0.00,1,-92.00,-6.00,20.00,2.00,44.00,4.00,27771139,48
540.98,1565931383,0.00,nan,nan,0.00,0.00,0.00,0.00,1,-92.00,-6.00,20.00,2.00,44.00,4.00,27771139,48
541.98,1565931384,0.00,nan,nan,0.00,0.00,0.00,0.00,1,-91.00,-6.00,24.00,2.00,45.00,4.00,27771139,48
542.98,1565931385,0.00,nan,nan,0.00,0.00,0.00,0.00,1,-91.00,-6.00,24.00,2.00,45.00,4.00,27771139,48
543.98,1565931386,0.00,nan,nan,0.00,0.00,0.00,0.00,1,-89.00,-5.00,25.00,2.00,47.00,4.00,27771139,48
544.98,1565931387,0.00,nan,nan,0.00,0.00,0.00,0.00,1,-89.00,-5.00,25.00,2.00,47.00,4.00,27771139,48
545.98,1565931388,0.00,nan,nan,0.00,0.00,0.00,0.00,1,-85.00,-5.00,26.00,2.00,51.00,4.00,27771139,48
546.98,1565931389,0.00,nan,nan,0.00,0.00,0.00,0.00,1,-85.00,-5.00,26.00,2.00,51.00,4.00,27771139,48
547.99,1565931390,0.00,nan,nan,0.00,0.00,0.00,0.00,1,-83.00,-6.00,27.00,2.00,54.00,4.00,27771139,48
548.98,1565931391,0.00,nan,nan,0.00,0.00,0.00,0.00,1,-83.00,-6.00,27.00,2.00,54.00,4.00,27771139,48
549.98,1565931392,0.00,nan,nan,0.00,0.00,0.00,0.00,1,-83.00,-6.00,27.00,2.00,54.00,4.00,27771139,48
550.98,1565931393,0.00,nan,nan,0.00,0.00,0.00,0.00,1,-82.00,-6.00,26.00,2.00,55.00,4.00,27771139,48
551.98,1565931394,0.00,nan,nan,0.00,0.00,0.00,0.00,1,-82.00,-6.00,26.00,2.00,55.00,4.00,27771139,48
552.98,1565931395,0.00,nan,nan,0.00,0.00,0.00,0.00,1,-83.00,-7.00,27.00,2.00,55.00,4.00,27771139,48
553.98,1565931396,0.00,nan,nan,0.00,0.00,0.00,0.00,1,-83.00,-7.00,27.00,2.00,55.00,4.00,27771139,48
554.98,1565931397,0.00,nan,nan,0.00,0.00,0.00,0.00,1,-83.00,-7.00,27.00,2.00,55.00,4.00,27771139,48
555.98,1565931398,0.00,nan,nan,0.00,0.00,0.00,0.00,1,-83.00,-7.00,27.00,2.00,55.00,4.00,27771139,48
556.97,1565931399,0.00,nan,nan,0.00,0.00,0.00,0.00,1,-82.00,-8.00,26.00,2.00,57.00,4.00,27771139,48
557.98,1565931400,0.00,nan,nan,0.00,0.00,0.00,0.00,1,-82.00,-8.00,26.00,2.00,57.00,4.00,27771139,48
558.98,1565931401,0.00,nan,nan,0.00,0.00,0.00,0.00,1,-82.00,-7.00,28.00,2.00,56.00,4.00,27771139,48
559.98,1565931402,0.00,nan,nan,0.00,0.00,0.00,0.00,1,-82.00,-7.00,28.00,2.00,56.00,4.00,27771139,48
560.98,1565931403,0.00,nan,nan,0.00,0.00,0.00,0.00,1,-82.00,-7.00,25.00,2.00,56.00,4.00,27771139,48
561.98,1565931404,0.00,nan,nan,0.00,0.00,0.00,0.00,1,-82.00,-7.00,25.00,2.00,56.00,4.00,27771139,48
562.98,1565931405,0.00,nan,nan,0.00,0.00,0.00,0.00,1,-83.00,-6.00,26.00,2.00,55.00,4.00,27771139,48
563.98,1565931406,0.00,nan,nan,0.00,0.00,0.00,0.00,1,-83.00,-6.00,26.00,2.00,55.00,4.00,27771139,48
564.98,1565931407,0.00,nan,nan,0.00,0.00,0.00,0.00,1,-83.00,-6.00,22.00,14.00,54.00,10.00,27771139,48
565.97,1565931408,0.00,nan,nan,0.00,0.00,0.00,0.00,1,-83.00,-6.00,22.00,14.00,54.00,10.00,27771139,48
566.98,1565931409,0.00,nan,nan,0.00,0.00,0.00,0.00,1,-84.00,-9.00,25.00,14.00,56.00,10.00,27771139,48
567.98,1565931410,0.00,nan,nan,0.00,0.00,0.00,0.00,1,-84.00,-9.00,25.00,14.00,56.00,10.00,27771139,48
568.98,1565931411,0.00,nan,nan,0.00,0.00,0.00,0.00,1,-83.00,-5.00,26.00,13.00,53.00,10.00,27771139,48
569.98,1565931412,0.00,nan,nan,0.00,0.00,0.00,0.00,1,-83.00,-5.00,26.00,13.00,53.00,10.00,27771139,48
570.98,1565931413,0.00,nan,nan,0.00,0.00,0.00,0.00,1,-83.00,-5.00,26.00,13.00,53.00,10.00,27771139,48
571.98,1565931414,0.00,nan,nan,0.00,0.00,0.00,0.00,1,-82.00,-6.00,28.00,14.00,56.00,10.00,27771139,48
572.98,1565931415,0.00,nan,nan,0.00,0.00,0.00,0.00,1,-82.00,-6.00,28.00,14.00,56.00,10.00,27771139,48
573.98,1565931416,0.00,nan,nan,0.00,0.00,0.00,0.00,1,-83.00,-5.00,27.00,14.00,54.00,10.00,27771139,48
574.98,1565931417,0.00,nan,nan,0.00,0.00,0.00,0.00,1,-83.00,-5.00,27.00,14.00,54.00,10.00,27771139,48
575.98,1565931418,0.00,nan,nan,0.00,0.00,0.00,0.00,1,-82.00,-5.00,23.00,15.00,55.00,10.00,27771139,48
576.98,1565931419,0.00,nan,nan,0.00,0.00,0.00,0.00,1,-82.00,-5.00,23.00,15.00,55.00,10.00,27771139,48
577.98,1565931420,0.00,nan,nan,0.00,0.00,0.00,0.00,1,-83.00,-7.00,25.00,15.00,57.00,10.00,27771139,48
578.98,1565931421,0.00,nan,nan,0.00,0.00,0.00,0.00,1,-83.00,-7.00,25.00,15.00,57.00,10.00,27771139,48
579.98,1565931422,0.00,nan,nan,0.00,0.00,0.00,0.00,1,-83.00,-5.00,26.00,12.00,54.00,10.00,27771139,48
580.98,1565931423,0.00,nan,nan,0.00,0.00,0.00,0.00,1,-83.00,-5.00,26.00,12.00,54.00,10.00,27771139,48
581.98,1565931424,0.00,nan,nan,0.00,0.00,0.00,0.00,1,-86.00,-4.00,22.00,2.00,51.00,10.00,27771139,48
582.98,1565931425,0.00,nan,nan,0.00,0.00,0.00,0.00,1,-86.00,-4.00,22.00,2.00,51.00,10.00,27771139,48
583.98,1565931426,0.00,nan,nan,0.00,0.00,0.00,0.00,1,-86.00,-5.00,13.00,2.00,50.00,10.00,27771139,48
584.98,1565931427,0.00,nan,nan,0.00,0.00,0.00,0.00,1,-86.00,-5.00,13.00,2.00,50.00,10.00,27771139,48
585.98,1565931428,0.00,nan,nan,0.00,0.00,0.00,0.00,1,-89.00,-6.00,15.00,2.00,48.00,10.00,27771139,48
586.98,1565931429,0.00,nan,nan,0.00,0.00,0.00,0.00,1,-89.00,-6.00,15.00,2.00,48.00,10.00,27771139,48
587.98,1565931430,0.00,nan,nan,0.00,0.00,0.00,0.00,1,-89.00,-6.00,19.00,2.00,48.00,10.00,27771139,48
588.98,1565931431,0.00,nan,nan,0.00,0.00,0.00,0.00,1,-89.00,-6.00,19.00,2.00,48.00,10.00,27771139,48
589.99,1565931432,0.00,nan,nan,0.00,0.00,0.00,0.00,1,-90.00,-5.00,19.00,2.00,46.00,10.00,27771139,48
590.98,1565931433,0.00,nan,nan,0.00,0.00,0.00,0.00,1,-90.00,-5.00,19.00,2.00,46.00,10.00,27771139,48
591.98,1565931434,0.00,nan,nan,0.00,0.00,0.00,0.00,1,-90.00,-5.00,19.00,2.00,46.00,10.00,27771139,48
592.97,1565931435,0.00,nan,nan,0.00,0.00,0.00,0.00,1,-93.00,-5.00,16.00,12.00,42.00,12.00,27771139,48
593.97,1565931436,0.00,nan,nan,0.00,0.00,0.00,0.00,1,-93.00,-5.00,16.00,12.00,42.00,12.00,27771139,48
594.98,1565931437,0.00,nan,nan,0.00,0.00,0.00,0.00,1,-100.00,-9.00,10.00,7.00,39.00,12.00,27771139,48
595.98,1565931438,0.00,nan,nan,0.00,0.00,0.00,0.00,1,-100.00,-9.00,10.00,7.00,39.00,12.00,27771139,48
596.98,1565931439,0.00,nan,nan,0.00,0.00,0.00,0.00,1,-100.00,-7.00,5.00,6.00,39.00,9.00,28365058,357
597.98,1565931440,0.00,nan,nan,0.00,0.00,0.00,0.00,1,-100.00,-7.00,5.00,6.00,39.00,9.00,28365058,357
598.98,1565931441,0.00,nan,nan,0.00,0.00,0.00,0.00,1,-99.00,-8.00,7.00,8.00,41.00,9.00,28365058,357
599.98,1565931442,0.00,nan,nan,0.00,0.00,0.00,0.00,1,-99.00,-8.00,7.00,8.00,41.00,9.00,28365058,357
600.98,1565931443,0.00,nan,nan,0.00,0.00,0.00,0.00,1,-99.00,-7.00,7.00,10.00,38.00,9.00,28365058,357
601.98,1565931444,0.00,nan,nan,0.00,0.00,0.00,0.00,1,-99.00,-7.00,7.00,10.00,38.00,9.00,28365058,357
602.98,1565931445,0.00,nan,nan,0.00,0.00,0.00,0.00,1,-101.00,-8.00,4.00,10.00,38.00,9.00,28365058,357
603.98,1565931446,0.00,nan,nan,0.00,0.00,0.00,0.00,1,-101.00,-8.00,4.00,10.00,38.00,9.00,28365058,357
604.98,1565931447,0.00,nan,nan,0.00,0.00,0.00,0.00,1,-105.00,-10.00,2.00,8.00,35.00,9.00,28365058,357
605.98,1565931448,0.00,nan,nan,0.00,0.00,0.00,0.00,1,-105.00,-10.00,2.00,8.00,35.00,9.00,28365058,357
606.98,1565931449,0.00,nan,nan,0.00,0.00,0.00,0.00,1,-105.00,-9.00,3.00,8.00,35.00,9.00,28365058,357
607.98,1565931450,0.00,nan,nan,0.00,0.00,0.00,0.00,1,-105.00,-9.00,3.00,8.00,35.00,9.00,28365058,357
608.98,1565931451,0.00,nan,nan,0.00,0.00,0.00,0.00,1,-101.00,-9.00,1.00,9.00,39.00,9.00,28365058,357
609.98,1565931452,0.00,nan,nan,0.00,0.00,0.00,0.00,1,-101.00,-9.00,1.00,9.00,39.00,9.00,28365058,357
610.99,1565931453,0.00,nan,nan,0.00,0.00,0.00,0.00,1,-105.00,-10.00,4.00,2.00,33.00,9.00,28365058,357
611.98,1565931454,0.00,nan,nan,0.00,0.00,0.00,0.00,1,-105.00,-10.00,4.00,2.00,33.00,9.00,28365058,357
612.98,1565931455,0.00,nan,nan,0.00,0.00,0.00,0.00,1,-105.00,-10.00,4.00,2.00,33.00,9.00,28365058,357
613.98,1565931456,0.00,nan,nan,0.00,0.00,0.00,0.00,1,-104.00,-9.00,2.00,2.00,36.00,9.00,29391105,167
614.98,1565931457,0.00,nan,nan,0.00,0.00,0.00,0.00,1,-104.00,-9.00,2.00,2.00,36.00,9.00,29391105,167
615.98,1565931458,0.00,nan,nan,0.00,0.00,0.00,0.00,1,-105.00,-9.00,1.00,2.00,36.00,9.00,29391105,167
616.98,1565931459,0.00,nan,nan,0.00,0.00,0.00,0.00,1,-105.00,-9.00,1.00,2.00,36.00,9.00,29391105,167
617.98,1565931460,0.00,nan,nan,0.00,0.00,0.00,0.00,1,-104.00,-8.00,5.00,2.00,35.00,9.00,28365058,357
618.98,1565931461,0.00,nan,nan,0.00,0.00,0.00,0.00,1,-104.00,-8.00,5.00,2.00,35.00,9.00,28365058,357
619.98,1565931462,0.00,nan,nan,0.00,0.00,0.00,0.00,1,-104.00,-8.00,10.00,2.00,35.00,9.00,29391105,167
620.98,1565931463,0.00,nan,nan,0.00,0.00,0.00,0.00,1,-104.00,-8.00,10.00,2.00,35.00,9.00,29391105,167
621.98,1565931464,0.00,nan,nan,0.00,0.00,0.00,0.00,1,-103.00,-7.00,8.00,2.00,36.00,9.00,29391105,167
622.98,1565931465,0.00,nan,nan,0.00,0.00,0.00,0.00,1,-103.00,-7.00,8.00,2.00,36.00,9.00,29391105,167
623.98,1565931466,0.00,nan,nan,0.00,0.00,0.00,0.00,1,-101.00,-7.00,6.00,2.00,38.00,9.00,29391105,167
624.98,1565931467,0.00,nan,nan,0.00,0.00,0.00,0.00,1,-101.00,-7.00,6.00,2.00,38.00,9.00,29391105,167
625.98,1565931468,0.00,nan,nan,0.00,0.00,0.00,0.00,1,-98.00,-7.00,4.00,2.00,41.00,9.00,29391105,167
626.98,1565931469,0.00,nan,nan,0.00,0.00,0.00,0.00,1,-98.00,-7.00,4.00,2.00,41.00,9.00,29391105,167
627.98,1565931470,0.00,nan,nan,0.00,0.00,0.00,0.00,1,-99.00,-9.00,8.00,2.00,41.00,9.00,29391105,167
628.98,1565931471,0.00,nan,nan,0.00,0.00,0.00,0.00,1,-99.00,-9.00,8.00,2.00,41.00,9.00,29391105,167
629.98,1565931472,0.00,nan,nan,0.00,0.00,0.00,0.00,1,-99.00,-10.00,11.00,2.00,42.00,9.00,29391105,167
630.98,1565931473,0.00,nan,nan,0.00,0.00,0.00,0.00,1,-99.00,-10.00,11.00,2.00,42.00,9.00,29391105,167
631.99,1565931474,0.00,nan,nan,0.00,0.00,0.00,0.00,1,-98.00,-10.00,8.00,2.00,42.00,9.00,29391105,167
632.98,1565931475,0.00,nan,nan,0.00,0.00,0.00,0.00,1,-98.00,-10.00,8.00,2.00,42.00,9.00,29391105,167
633.98,1565931476,0.00,nan,nan,0.00,0.00,0.00,0.00,1,-98.00,-10.00,8.00,2.00,42.00,9.00,29391105,167
634.98,1565931477,0.00,nan,nan,0.00,0.00,0.00,0.00,1,-98.00,-9.00,8.00,2.00,42.00,9.00,29391105,167
635.98,1565931478,0.00,nan,nan,0.00,0.00,0.00,0.00,1,-98.00,-9.00,8.00,2.00,42.00,9.00,29391105,167
636.98,1565931479,0.00,nan,nan,0.00,0.00,0.00,0.00,1,-97.00,-8.00,-6.00,2.00,43.00,9.00,29391105,167
637.98,1565931480,0.00,nan,nan,0.00,0.00,0.00,0.00,1,-97.00,-8.00,-6.00,2.00,43.00,9.00,29391105,167
638.98,1565931481,0.00,nan,nan,0.00,0.00,0.00,0.00,1,-92.00,-7.00,10.00,2.00,42.00,9.00,26385408,95
639.98,1565931482,0.00,nan,nan,0.00,0.00,0.00,0.00,1,-92.00,-7.00,10.00,2.00,42.00,9.00,26385408,95
640.98,1565931483,0.00,nan,nan,0.00,0.00,0.00,0.00,1,-89.00,-6.00,7.00,2.00,44.00,9.00,26385408,95
641.98,1565931484,0.00,nan,nan,0.00,0.00,0.00,0.00,1,-89.00,-6.00,7.00,2.00,44.00,9.00,26385408,95
642.98,1565931485,0.00,nan,nan,0.00,0.00,0.00,0.00,1,-90.00,-6.00,10.00,2.00,46.00,9.00,26385408,95
643.98,1565931486,0.00,nan,nan,0.00,0.00,0.00,0.00,1,-90.00,-6.00,10.00,2.00,46.00,9.00,26385408,95
644.98,1565931487,0.00,nan,nan,0.00,0.00,0.00,0.00,1,-91.00,-5.00,13.00,10.00,45.00,5.00,26385408,95
645.97,1565931488,0.00,nan,nan,0.00,0.00,0.00,0.00,1,-91.00,-5.00,13.00,10.00,45.00,5.00,26385408,95
646.98,1565931489,0.00,nan,nan,0.00,0.00,0.00,0.00,1,-93.00,-5.00,12.00,10.00,42.00,5.00,26385408,95
647.98,1565931490,0.00,nan,nan,0.00,0.00,0.00,0.00,1,-93.00,-5.00,12.00,10.00,42.00,5.00,26385408,95
648.98,1565931491,0.00,nan,nan,0.00,0.00,0.00,0.00,1,-91.00,-6.00,6.00,6.00,45.00,7.00,28365056,359
649.98,1565931492,0.00,nan,nan,0.00,0.00,0.00,0.00,1,-91.00,-6.00,6.00,6.00,45.00,7.00,28365056,359
650.98,1565931493,0.00,nan,nan,0.00,0.00,0.00,0.00,1,-88.00,-6.00,16.00,13.00,49.00,7.00,28365056,359
651.98,1565931494,0.00,nan,nan,0.00,0.00,0.00,0.00,1,-88.00,-6.00,16.00,13.00,49.00,7.00,28365056,359
652.98,1565931495,0.00,nan,nan,0.00,0.00,0.00,0.00,1,-84.00,-5.00,20.00,15.00,53.00,7.00,28365056,359
653.98,1565931496,0.00,nan,nan,0.00,0.00,0.00,0.00,1,-84.00,-5.00,20.00,15.00,53.00,7.00,28365056,359
654.98,1565931497,0.00,nan,nan,0.00,0.00,0.00,0.00,1,-84.00,-5.00,20.00,15.00,53.00,7.00,28365056,359
655.98,1565931498,0.00,nan,nan,0.00,0.00,0.00,0.00,1,-90.00,-6.00,16.00,13.00,46.00,7.00,28365056,359
656.98,1565931499,0.00,nan,nan,0.00,0.00,0.00,0.00,1,-90.00,-6.00,16.00,13.00,46.00,7.00,28365056,359
657.98,1565931500,0.00,nan,nan,0.00,0.00,0.00,0.00,1,-90.00,-6.00,10.00,10.00,46.00,7.00,28365056,359
658.98,1565931501,0.00,nan,nan,0.00,0.00,0.00,0.00,1,-90.00,-6.00,10.00,10.00,46.00,7.00,28365056,359
659.98,1565931502,0.00,nan,nan,0.00,0.00,0.00,0.00,1,-90.00,-7.00,12.00,12.00,45.00,7.00,28365056,359
660.98,1565931503,0.00,nan,nan,0.00,0.00,0.00,0.00,1,-90.00,-7.00,12.00,12.00,45.00,7.00,28365056,359
661.98,1565931504,0.00,nan,nan,0.00,0.00,0.00,0.00,1,-93.00,-6.00,10.00,12.00,44.00,7.00,28365056,359
662.98,1565931505,0.00,nan,nan,0.00,0.00,0.00,0.00,1,-93.00,-6.00,10.00,12.00,44.00,7.00,28365056,359
663.98,1565931506,0.00,nan,nan,0.00,0.00,0.00,0.00,1,-92.00,-7.00,3.00,2.00,45.00,7.00,28365056,359
664.98,1565931507,0.00,nan,nan,0.00,0.00,0.00,0.00,1,-92.00,-7.00,3.00,2.00,45.00,7.00,28365056,359
665.98,1565931508,0.00,nan,nan,0.00,0.00,0.00,0.00,1,-91.00,-6.00,14.00,2.00,47.00,7.00,26385408,95
666.98,1565931509,0.00,nan,nan,0.00,0.00,0.00,0.00,1,-91.00,-6.00,14.00,2.00,47.00,7.00,26385408,95
667.98,1565931510,0.00,nan,nan,0.00,0.00,0.00,0.00,1,-91.00,-6.00,7.00,2.00,46.00,7.00,26385408,95
668.98,1565931511,0.00,nan,nan,0.00,0.00,0.00,0.00,1,-91.00,-6.00,7.00,2.00,46.00,7.00,26385408,95
669.98,1565931512,0.00,nan,nan,0.00,0.00,0.00,0.00,1,-93.00,-6.00,1.00,2.00,44.00,7.00,26385408,95
670.97,1565931513,0.00,nan,nan,0.00,0.00,0.00,0.00,1,-93.00,-6.00,1.00,2.00,44.00,7.00,26385408,95
671.98,1565931514,0.00,nan,nan,0.00,0.00,0.00,0.00,1,-99.00,-8.00,-3.00,2.00,39.00,7.00,26385408,95
672.98,1565931515,0.00,nan,nan,0.00,0.00,0.00,0.00,1,-99.00,-8.00,-3.00,2.00,39.00,7.00,26385408,95
673.99,1565931516,0.00,nan,nan,0.00,0.00,0.00,0.00,1,-97.00,-9.00,15.00,2.00,43.00,7.00,29391106,166
674.98,1565931517,0.00,nan,nan,0.00,0.00,0.00,0.00,1,-97.00,-9.00,15.00,2.00,43.00,7.00,29391106,166
675.98,1565931518,0.00,nan,nan,0.00,0.00,0.00,0.00,1,-97.00,-9.00,15.00,2.00,43.00,7.00,29391106,166
676.98,1565931519,0.00,nan,nan,0.00,0.00,0.00,0.00,1,-96.00,-7.00,6.00,2.00,43.00,7.00,29391106,166
677.98,1565931520,0.00,nan,nan,0.00,0.00,0.00,0.00,1,-96.00,-7.00,6.00,2.00,43.00,7.00,29391106,166
678.98,1565931521,0.00,nan,nan,0.00,0.00,0.00,0.00,1,-94.00,-5.00,15.00,2.00,43.00,7.00,26385408,95
679.98,1565931522,0.00,nan,nan,0.00,0.00,0.00,0.00,1,-94.00,-5.00,15.00,2.00,43.00,7.00,26385408,95
680.98,1565931523,0.00,nan,nan,0.00,0.00,0.00,0.00,1,-90.00,-5.00,15.00,2.00,46.00,7.00,26385408,95
681.98,1565931524,0.00,nan,nan,0.00,0.00,0.00,0.00,1,-90.00,-5.00,15.00,2.00,46.00,7.00,26385408,95
682.98,1565931525,0.00,nan,nan,0.00,0.00,0.00,0.00,1,-90.00,-6.00,13.00,2.00,47.00,7.00,26385408,95
