0.01,1565930843,0.00,51.44991547,7.48832546,248.34,9.78,0.00,169.25,1,-91.00,-10.00,5.00,13.00,38.00,7.00,13415170,315
1.10,1565930844,10.67,51.44982699,7.48835346,248.77,10.28,0.46,170.28,1,-91.00,-10.00,5.00,13.00,38.00,7.00,13415170,315
2.00,1565930845,19.98,51.44973464,7.48838108,249.16,10.90,0.69,171.29,1,-91.00,-10.00,5.00,13.00,38.00,7.00,13415170,315
3.00,1565930846,30.89,51.44963110,7.48840520,249.52,11.90,0.99,172.69,1,-99.00,-10.00,8.00,12.00,32.00,7.00,13415170,315
4.01,1565930847,42.81,51.44952020,7.48842790,249.99,12.00,0.11,173.95,1,-99.00,-10.00,8.00,12.00,32.00,7.00,13415170,315
5.01,1565930848,54.80,51.44940049,7.48844774,250.72,12.32,0.32,175.16,1,-101.00,-10.00,11.00,11.00,31.00,7.00,13415170,315
6.01,1565930849,67.13,51.44928443,7.48845997,251.28,12.71,0.39,177.04,1,-101.00,-10.00,11.00,11.00,31.00,7.00,13415170,315
7.00,1565930850,79.81,51.44916916,7.48846339,251.47,12.95,0.24,178.60,1,-101.00,-8.00,10.00,11.00,25.00,7.00,13415170,315
8.01,1565930851,92.77,51.44903612,7.48845800,251.89,13.43,0.47,180.32,1,-101.00,-8.00,10.00,11.00,25.00,7.00,13415170,315
9.01,1565930852,106.19,51.44891686,7.48844051,252.47,13.85,0.42,182.98,1,-104.00,-8.00,6.00,11.00,23.00,7.00,13415170,315
10.01,1565930853,120.06,51.44879196,7.48841053,253.25,14.20,0.34,185.96,1,-104.00,-8.00,6.00,11.00,23.00,7.00,13415170,315
11.01,1565930854,134.27,51.44866730,7.48837624,253.15,14.51,0.31,187.84,1,-105.00,-7.00,7.00,11.00,22.00,7.00,13415170,315
12.01,1565930855,148.76,51.44853050,7.48833100,253.06,14.46,-0.05,189.76,1,-105.00,-7.00,7.00,11.00,22.00,7.00,13415170,315
13.01,1565930856,163.21,51.44840336,7.48827843,253.69,14.84,0.38,191.55,1,-106.00,-9.00,-4.00,7.00,22.00,7.00,13415170,315
14.01,1565930857,178.07,51.44828021,7.48822521,254.29,14.85,0.00,192.01,1,-106.00,-9.00,-4.00,7.00,22.00,7.00,13415170,315
15.01,1565930858,192.90,51.44815074,7.48816383,255.03,15.08,0.24,192.85,1,-109.00,-9.00,-2.00,2.00,30.00,7.00,13415170,315
16.00,1565930859,207.98,51.44802154,7.48810653,255.58,15.27,0.19,193.48,1,-109.00,-9.00,-2.00,2.00,30.00,7.00,13415170,315
17.01,1565930860,223.33,51.44789509,7.48804690,256.09,15.14,-0.13,193.84,1,-113.00,-11.00,-4.00,2.00,18.00,7.00,13415170,315
18.01,1565930861,238.47,51.44777549,7.48799434,256.89,14.61,-0.53,191.66,1,-113.00,-11.00,-4.00,2.00,18.00,7.00,13415170,315
19.01,1565930862,253.06,51.44765305,7.48795114,257.17,14.00,-0.61,189.90,1,-114.00,-12.00,-6.00,2.00,17.00,7.00,13415170,315
20.01,1565930863,267.07,51.44752626,7.48792142,257.58,13.95,-0.04,186.89,1,-114.00,-12.00,-6.00,2.00,17.00,7.00,13415170,315
21.01,1565930864,281.08,51.44740273,7.48790960,257.86,14.09,0.13,183.98,1,-115.00,-12.00,-4.00,2.00,17.00,7.00,13415170,315
22.01,1565930865,295.12,51.44727911,7.48790968,258.24,13.82,-0.27,181.46,1,-115.00,-12.00,-4.00,2.00,17.00,7.00,13415170,315
23.01,1565930866,308.93,51.44715777,7.48792184,258.48,14.16,0.34,178.24,1,-115.00,-12.00,-4.00,2.00,17.00,7.00,13415170,315
24.01,1565930867,323.07,51.44703052,7.48794683,259.22,13.48,-0.68,175.34,1,-113.00,-12.00,-1.00,2.00,19.00,7.00,12973570,334
25.01,1565930868,336.55,51.44690898,7.48798824,260.05,13.75,0.27,172.02,1,-113.00,-12.00,-1.00,2.00,19.00,7.00,12973570,334
26.01,1565930869,350.29,51.44679281,7.48803651,260.61,14.18,0.43,168.67,1,-114.00,-12.00,2.00,2.00,18.00,7.00,12973570,334
27.01,1565930870,364.47,51.44667813,7.48809463,260.88,14.06,-0.13,165.66,1,-114.00,-12.00,2.00,2.00,18.00,7.00,12973570,334
28.01,1565930871,378.62,51.44656401,7.48816053,261.10,13.80,-0.26,162.92,1,-115.00,-13.00,-3.00,2.00,17.00,7.00,12973570,334
29.01,1565930872,392.41,51.44644525,7.48824208,261.47,13.84,0.05,159.85,1,-115.00,-13.00,-3.00,2.00,17.00,7.00,12973570,334
30.01,1565930873,406.24,51.44632657,7.48833514,261.90,14.18,0.33,156.80,1,-112.00,-10.00,-1.00,2.00,18.00,7.00,13415170,315
31.00,1565930874,420.29,51.44621273,7.48844238,262.25,14.76,0.59,153.51,1,-112.00,-10.00,-1.00,2.00,18.00,7.00,13415170,315
32.01,1565930875,435.11,51.44609366,7.48856642,262.71,14.41,-0.35,149.90,1,-104.00,-7.00,6.00,9.00,22.00,12.00,13415170,315
33.01,1565930876,449.56,51.44598335,7.48870552,263.42,14.86,0.45,146.63,1,-104.00,-7.00,6.00,9.00,22.00,12.00,13415170,315
34.01,1565930877,464.35,51.44587380,7.48885974,264.21,15.35,0.49,143.45,1,-107.00,-7.00,8.00,9.00,21.00,12.00,13415170,315
35.01,1565930878,479.70,51.44578087,7.48901711,265.01,15.41,0.06,139.97,1,-107.00,-7.00,8.00,9.00,21.00,12.00,13415170,315
36.01,1565930879,495.11,51.44568552,7.48918060,265.95,15.40,-0.01,136.92,1,-107.00,-7.00,-1.00,7.00,21.00,12.00,13415170,315
37.00,1565930880,510.49,51.44558929,7.48935230,266.52,15.53,0.13,134.90,1,-107.00,-7.00,-1.00,7.00,21.00,12.00,13415170,315
38.01,1565930881,526.04,51.44550103,7.48952576,266.81,15.75,0.22,132.66,1,-104.00,-7.00,0.00,7.00,23.00,12.00,13415170,315
39.01,1565930882,541.78,51.44541458,7.48970517,266.96,15.84,0.09,130.95,1,-104.00,-7.00,0.00,7.00,23.00,12.00,13415170,315
40.01,1565930883,557.62,51.44532247,7.48989531,267.33,15.95,0.11,129.83,1,-105.00,-7.00,-1.00,9.00,22.00,12.00,13415170,315
41.01,1565930884,573.57,51.44523757,7.49008659,267.93,15.44,-0.51,129.12,1,-105.00,-7.00,-1.00,9.00,22.00,12.00,13415170,315
42.01,1565930885,589.15,51.44515897,7.49026989,268.83,14.65,-0.78,128.43,1,-110.00,-9.00,-3.00,6.00,20.00,12.00,13415170,315
43.01,1565930886,603.67,51.44508378,7.49044456,269.75,14.04,-0.62,128.39,1,-110.00,-9.00,-3.00,6.00,20.00,12.00,13415170,315
44.01,1565930887,617.71,51.44501329,7.49059942,270.59,13.14,-0.89,127.41,1,-110.00,-9.00,-3.00,6.00,20.00,12.00,13415170,315
45.01,1565930888,630.88,51.44496128,7.49073253,270.78,11.43,-1.71,126.74,1,-107.00,-6.00,4.00,2.00,18.00,80.00,13067273,288
46.01,1565930889,642.32,51.44490710,7.49085587,270.75,8.71,-2.73,126.69,1,-107.00,-6.00,4.00,2.00,18.00,80.00,13067273,288
47.01,1565930890,651.03,51.44487728,7.49094437,270.48,6.78,-1.92,127.07,1,-113.00,-9.00,4.00,2.00,14.00,80.00,13067273,288
48.01,1565930891,657.82,51.44484347,7.49103341,270.48,5.92,-0.86,126.69,1,-113.00,-9.00,4.00,2.00,14.00,80.00,13067273,288
49.01,1565930892,663.73,51.44482686,7.49109292,270.36,4.51,-1.41,127.31,1,-111.00,-9.00,8.00,2.00,17.00,80.00,13067273,288
50.01,1565930893,668.24,51.44480228,7.49114817,270.37,2.94,-1.57,127.16,1,-111.00,-9.00,8.00,2.00,17.00,80.00,13067273,288
51.01,1565930894,671.18,51.44479773,7.49117320,270.38,1.76,-1.18,127.76,1,-112.00,-9.00,5.00,2.00,15.00,80.00,13067273,288
52.01,1565930895,672.94,51.44478981,7.49120513,270.40,3.03,1.26,127.12,1,-112.00,-9.00,5.00,2.00,15.00,80.00,13067273,288
53.01,1565930896,675.97,51.44477089,7.49125220,270.76,4.48,1.45,126.71,1,-117.00,-9.00,5.00,8.00,9.00,80.00,13067273,288
54.01,1565930897,680.45,51.44475140,7.49130380,271.11,4.56,0.08,126.03,1,-117.00,-9.00,5.00,8.00,9.00,80.00,13067273,288
55.01,1565930898,685.02,51.44473242,7.49135897,271.38,4.54,-0.02,125.57,1,-121.00,-11.00,0.00,6.00,8.00,80.00,13067273,288
56.01,1565930899,689.56,51.44470690,7.49142472,271.60,5.27,0.74,125.35,1,-121.00,-11.00,0.00,6.00,8.00,80.00,13067273,288
57.01,1565930900,694.83,51.44467592,7.49150131,271.95,6.05,0.78,125.80,1,-119.00,-10.00,2.00,7.00,8.00,80.00,13067273,288
58.01,1565930901,700.88,51.44464451,7.49157554,272.36,6.24,0.19,126.13,1,-119.00,-10.00,2.00,7.00,8.00,80.00,13067273,288
59.01,1565930902,707.12,51.44460881,7.49165636,272.85,6.54,0.30,126.64,1,-121.00,-11.00,2.00,7.00,9.00,80.00,13067273,288
60.01,1565930903,713.66,51.44458197,7.49170994,273.07,6.04,-0.50,129.96,1,-121.00,-11.00,2.00,7.00,9.00,80.00,13067273,288
61.01,1565930904,719.68,51.44452273,7.49173715,273.42,6.63,0.60,168.16,1,-117.00,-11.00,0.00,8.00,13.00,80.00,13067273,288
62.01,1565930905,726.31,51.44446090,7.49172030,273.62,7.62,0.99,195.91,1,-117.00,-11.00,0.00,8.00,13.00,80.00,13067273,288
63.02,1565930906,733.99,51.44438896,7.49165583,273.54,8.61,0.98,213.54,1,-117.00,-10.00,3.00,2.00,22.00,80.00,13067273,288
64.00,1565930907,742.52,51.44430163,7.49157450,273.53,9.46,0.86,214.65,1,-117.00,-10.00,3.00,2.00,22.00,80.00,13067273,288
65.01,1565930908,751.98,51.44422901,7.49149773,273.20,10.16,0.69,215.08,1,-117.00,-10.00,3.00,2.00,22.00,80.00,13067273,288
66.01,1565930909,762.14,51.44415279,7.49140796,272.66,10.76,0.61,215.78,1,-118.00,-11.00,4.00,2.00,9.00,80.00,13067273,288
67.00,1565930910,772.89,51.44407620,7.49131594,272.23,11.09,0.33,214.79,1,-118.00,-11.00,4.00,2.00,9.00,80.00,13067273,288
68.01,1565930911,783.99,51.44398978,7.49122329,271.96,11.65,0.56,214.38,1,-118.00,-11.00,1.00,2.00,9.00,80.00,13067273,288
69.01,1565930912,795.65,51.44389886,7.49112579,271.80,11.99,0.33,214.72,1,-118.00,-11.00,1.00,2.00,9.00,80.00,13067273,288
70.00,1565930913,807.62,51.44380728,7.49102120,271.91,12.67,0.68,214.72,1,-118.00,-11.00,1.00,2.00,9.00,80.00,13067273,288
71.00,1565930914,820.29,51.44371121,7.49091840,272.04,13.39,0.72,215.23,1,-118.00,-11.00,1.00,2.00,9.00,80.00,13067273,288
72.01,1565930915,833.71,51.44361095,7.49080116,272.03,13.77,0.38,215.76,1,-126.00,-17.00,-9.00,2.00,8.00,82.00,13067273,288
73.01,1565930916,847.48,51.44351720,7.49069328,272.29,13.77,0.00,216.14,1,-126.00,-17.00,-9.00,2.00,8.00,82.00,13067273,288
74.00,1565930917,861.22,51.44341426,7.49057291,272.67,14.03,0.26,216.48,1,-111.00,-10.00,-9.00,4.00,18.00,22.00,13417219,440
75.01,1565930918,875.27,51.44330791,7.49045052,273.27,14.31,0.28,216.72,1,-111.00,-10.00,-9.00,4.00,18.00,22.00,13417219,440
76.01,1565930919,889.59,51.44320278,7.49032055,273.73,14.63,0.31,216.59,1,-111.00,-10.00,-13.00,6.00,19.00,22.00,13417219,440
77.01,1565930920,904.21,51.44309716,7.49019057,274.33,14.61,-0.02,216.32,1,-111.00,-10.00,-13.00,6.00,19.00,22.00,13417219,440
78.00,1565930921,918.80,51.44299527,7.49006487,274.75,14.55,-0.06,216.10,1,-114.00,-13.00,-1.00,6.00,17.00,22.00,13417219,440
79.01,1565930922,933.38,51.44289452,7.48993937,275.15,14.54,-0.01,215.83,1,-114.00,-13.00,-1.00,6.00,17.00,22.00,13417219,440
80.00,1565930923,947.89,51.44278947,7.48981253,275.91,14.35,-0.19,216.38,1,-111.00,-11.00,-5.00,5.00,19.00,22.00,13417219,440
81.01,1565930924,962.33,51.44269229,7.48969492,276.32,13.88,-0.48,217.19,1,-111.00,-11.00,-5.00,5.00,19.00,22.00,13417219,440
82.01,1565930925,976.14,51.44258797,7.48957080,276.67,13.64,-0.24,216.42,1,-104.00,-10.00,-10.00,8.00,24.00,22.00,13417219,440
83.00,1565930926,989.76,51.44248862,7.48944995,276.97,13.23,-0.41,217.17,1,-104.00,-10.00,-10.00,8.00,24.00,22.00,13417219,440
84.01,1565930927,1003.10,51.44239184,7.48933460,277.20,13.08,-0.16,216.41,1,-98.00,-5.00,-2.00,9.00,30.00,22.00,13417219,440
85.01,1565930928,1016.08,51.44229673,7.48922284,277.31,13.07,-0.00,216.99,1,-98.00,-5.00,-2.00,9.00,30.00,22.00,13417219,440
86.01,1565930929,1029.16,51.44219768,7.48910720,277.12,13.24,0.17,217.78,1,-98.00,-5.00,-2.00,9.00,30.00,22.00,13417219,440
87.00,1565930930,1042.38,51.44209611,7.48898577,276.72,14.17,0.93,218.15,1,-105.00,-8.00,-8.00,6.00,24.00,22.00,13417219,440
88.01,1565930931,1056.56,51.44199491,7.48885816,276.01,13.74,-0.42,219.15,1,-105.00,-8.00,-8.00,6.00,24.00,22.00,13417219,440
89.00,1565930932,1070.29,51.44189372,7.48872550,274.98,14.30,0.55,220.41,1,-102.00,-12.00,-6.00,6.00,31.00,22.00,13417219,440
90.01,1565930933,1084.60,51.44179105,7.48858437,274.47,14.58,0.29,221.58,1,-102.00,-12.00,-6.00,6.00,31.00,22.00,13417219,440
91.01,1565930934,1099.20,51.44169950,7.48844484,273.88,13.95,-0.63,222.63,1,-103.00,-13.00,-9.00,4.00,33.00,22.00,13417219,440
92.01,1565930935,1113.15,51.44160946,7.48830067,273.90,14.06,0.11,224.40,1,-103.00,-13.00,-9.00,4.00,33.00,22.00,13417219,440
93.00,1565930936,1127.19,51.44151954,7.48813673,273.78,14.32,0.26,226.98,1,-101.00,-12.00,-6.00,5.00,32.00,22.00,13417219,440
94.00,1565930937,1141.51,51.44142890,7.48795853,273.20,14.65,0.32,228.59,1,-101.00,-12.00,-6.00,5.00,32.00,22.00,13417219,440
95.01,1565930938,1156.17,51.44133684,7.48777450,273.18,15.60,0.96,229.63,1,-99.00,-6.00,-3.00,10.00,28.00,22.00,13417219,440
96.01,1565930939,1171.78,51.44125264,7.48759321,273.57,15.37,-0.23,230.52,1,-99.00,-6.00,-3.00,10.00,28.00,22.00,13417219,440
97.00,1565930940,1187.12,51.44116592,7.48740290,273.28,14.92,-0.45,231.34,1,-97.00,-6.00,7.00,15.00,29.00,22.00,13417219,440
98.00,1565930941,1202.05,51.44108822,7.48722502,273.06,14.68,-0.24,231.35,1,-97.00,-6.00,7.00,15.00,29.00,22.00,13417219,440
99.00,1565930942,1216.72,51.44101664,7.48706799,273.08,14.29,-0.39,231.79,1,-99.00,-6.00,14.00,11.00,29.00,22.00,13417219,440
100.01,1565930943,1231.03,51.44094469,7.48689995,273.04,13.99,-0.30,232.29,1,-99.00,-6.00,14.00,11.00,29.00,22.00,13417219,440
101.00,1565930944,1245.00,51.44087000,7.48673677,273.06,13.84,-0.16,232.36,1,-93.00,-5.00,13.00,11.00,31.00,22.00,13417219,440
102.01,1565930945,1258.86,51.44079781,7.48657637,273.63,13.75,-0.08,233.03,1,-93.00,-5.00,13.00,11.00,31.00,22.00,13417219,440
103.00,1565930946,1272.59,51.44072914,7.48641933,274.09,13.81,0.06,233.91,1,-97.00,-6.00,-1.00,2.00,37.00,22.00,13417219,440
104.00,1565930947,1286.41,51.44065915,7.48625541,274.60,13.35,-0.46,234.83,1,-97.00,-6.00,-1.00,2.00,37.00,22.00,13417219,440
105.02,1565930948,1299.96,51.44058614,7.48608300,275.56,14.06,0.70,235.47,1,-97.00,-4.00,1.00,2.00,28.00,22.00,13417219,440
106.01,1565930949,1313.86,51.44051057,7.48590601,276.05,14.37,0.31,234.98,1,-97.00,-4.00,1.00,2.00,28.00,22.00,13417219,440
107.01,1565930950,1328.24,51.44044243,7.48575215,276.35,14.70,0.33,234.41,1,-97.00,-4.00,1.00,2.00,28.00,22.00,13417219,440
108.01,1565930951,1342.94,51.44036183,7.48557575,276.62,14.89,0.18,233.95,1,-100.00,-7.00,3.00,2.00,28.00,22.00,13417219,440
109.01,1565930952,1357.82,51.44028163,7.48540720,276.71,14.65,-0.24,233.78,1,-100.00,-7.00,3.00,2.00,28.00,22.00,13417219,440
110.01,1565930953,1372.47,51.44020261,7.48523807,276.32,13.99,-0.66,233.35,1,-102.00,-7.00,3.00,2.00,26.00,22.00,13417219,440
111.02,1565930954,1386.59,51.44012639,7.48507391,276.72,13.19,-0.80,232.91,1,-102.00,-7.00,3.00,2.00,26.00,22.00,13417219,440
112.01,1565930955,1399.66,51.44005243,7.48492045,276.65,13.96,0.78,233.54,1,-101.00,-7.00,18.00,2.00,27.00,22.00,13417219,440
113.01,1565930956,1413.62,51.43997474,7.48475480,276.97,13.99,0.03,234.02,1,-101.00,-7.00,18.00,2.00,27.00,22.00,13417219,440
114.01,1565930957,1427.61,51.43989693,7.48458990,277.26,13.65,-0.34,233.32,1,-100.00,-6.00,12.00,2.00,26.00,22.00,13417219,440
115.01,1565930958,1441.24,51.43981705,7.48441386,277.81,13.78,0.13,232.80,1,-100.00,-6.00,12.00,2.00,26.00,22.00,13417219,440
116.01,1565930959,1455.03,51.43974029,7.48424982,278.24,13.31,-0.47,232.01,1,-98.00,-5.00,2.00,2.00,28.00,22.00,13417219,440
117.01,1565930960,1468.34,51.43966279,7.48408358,278.60,13.61,0.31,231.88,1,-98.00,-5.00,2.00,2.00,28.00,22.00,13417219,440
118.01,1565930961,1481.94,51.43959693,7.48394786,279.34,13.20,-0.42,232.72,1,-100.00,-5.00,-4.00,2.00,26.00,22.00,13417219,440
119.01,1565930962,1495.14,51.43953633,7.48380970,280.00,13.09,-0.11,233.99,1,-100.00,-5.00,-4.00,2.00,26.00,22.00,13417219,440
120.01,1565930963,1508.22,51.43947113,7.48365137,280.40,12.95,-0.14,235.03,1,-102.00,-6.00,-3.00,2.00,24.00,22.00,13417219,440
121.02,1565930964,1521.31,51.43940830,7.48348955,280.93,11.87,-1.07,236.27,1,-102.00,-6.00,-3.00,2.00,24.00,22.00,13417219,440
122.01,1565930965,1533.05,51.43933444,7.48330883,280.91,11.87,0.00,237.36,1,-103.00,-8.00,1.00,9.00,24.00,20.00,13417219,440
123.01,1565930966,1544.92,51.43927495,7.48315237,280.64,10.75,-1.12,238.46,1,-103.00,-8.00,1.00,9.00,24.00,20.00,13417219,440
124.01,1565930967,1555.68,51.43923138,7.48303187,280.77,9.85,-0.90,239.05,1,-103.00,-12.00,3.00,8.00,28.00,20.00,13417219,440
125.01,1565930968,1565.54,51.43919463,7.48292253,280.78,8.12,-1.73,239.72,1,-103.00,-12.00,3.00,8.00,28.00,20.00,13417219,440
126.00,1565930969,1573.63,51.43915575,7.48279788,280.08,7.55,-0.57,240.65,1,-103.00,-12.00,5.00,8.00,27.00,20.00,13417219,440
127.00,1565930970,1581.18,51.43912733,7.48271780,280.14,6.93,-0.62,239.33,1,-103.00,-12.00,5.00,8.00,27.00,20.00,13417219,440
128.01,1565930971,1588.18,51.43908970,7.48262248,279.61,7.72,0.78,238.59,1,-97.00,-8.00,8.00,14.00,30.00,20.00,13417219,440
129.00,1565930972,1595.83,51.43905177,7.48253205,279.43,8.38,0.67,237.85,1,-97.00,-8.00,8.00,14.00,30.00,20.00,13417219,440
130.01,1565930973,1604.22,51.43900224,7.48241903,280.04,9.42,1.04,237.37,1,-97.00,-8.00,8.00,14.00,30.00,20.00,13417219,440
131.00,1565930974,1613.64,51.43895485,7.48228818,281.01,10.21,0.79,238.22,1,-97.00,-4.00,14.00,12.00,26.00,20.00,13417219,440
132.00,1565930975,1623.85,51.43890302,7.48213429,281.50,11.28,1.07,238.77,1,-97.00,-4.00,14.00,12.00,26.00,20.00,13417219,440
133.00,1565930976,1635.13,51.43885900,7.48199844,281.82,11.62,0.33,239.25,1,-100.00,-5.00,13.00,11.00,26.00,20.00,13417219,440
134.00,1565930977,1646.75,51.43880320,7.48181848,281.68,12.48,0.86,240.10,1,-100.00,-5.00,13.00,11.00,26.00,20.00,13417219,440
135.01,1565930978,1659.24,51.43874908,7.48164246,281.59,13.98,1.50,241.23,1,-99.00,-4.00,13.00,12.00,24.00,20.00,13417219,440
136.00,1565930979,1673.20,51.43869609,7.48148143,281.79,13.96,-0.02,239.96,1,-99.00,-4.00,13.00,12.00,24.00,20.00,13417219,440
137.00,1565930980,1687.16,51.43862145,7.48127476,281.62,15.08,1.12,240.81,1,-98.00,-4.00,13.00,15.00,26.00,20.00,13417219,440
138.00,1565930981,1702.24,51.43855804,7.48108642,281.12,15.52,0.45,240.43,1,-98.00,-4.00,13.00,15.00,26.00,20.00,13417219,440
139.00,1565930982,1717.76,51.43848699,7.48087841,280.83,15.18,-0.34,239.64,1,-100.00,-5.00,8.00,10.00,25.00,20.00,13417219,440
140.00,1565930983,1732.94,51.43842104,7.48069318,280.45,15.19,0.01,239.25,1,-100.00,-5.00,8.00,10.00,25.00,20.00,13417219,440
141.02,1565930984,1748.39,51.43835507,7.48049812,280.57,15.44,0.24,239.74,1,-100.00,-6.00,10.00,12.00,26.00,20.00,13417219,440
142.00,1565930985,1763.57,51.43829074,7.48030443,279.82,15.61,0.18,240.17,1,-100.00,-6.00,10.00,12.00,26.00,20.00,13417219,440
143.01,1565930986,1779.21,51.43822738,7.48010927,279.50,15.46,-0.15,240.96,1,-104.00,-6.00,4.00,11.00,25.00,20.00,13417219,440
144.01,1565930987,1794.68,51.43817027,7.47993392,279.36,14.17,-1.29,241.38,1,-104.00,-6.00,4.00,11.00,25.00,20.00,13417219,440
145.00,1565930988,1808.78,51.43810409,7.47973839,279.62,14.70,0.53,241.86,1,-100.00,-7.00,-1.00,11.00,28.00,20.00,13417219,440
146.00,1565930989,1823.53,51.43803807,7.47951693,279.83,14.99,0.29,243.41,1,-100.00,-7.00,-1.00,11.00,28.00,20.00,13417219,440
147.01,1565930990,1838.53,51.43798084,7.47932352,279.93,14.95,-0.04,243.07,1,-98.00,-7.00,11.00,11.00,29.00,20.00,13417219,440
148.01,1565930991,1853.48,51.43792470,7.47914250,279.57,14.65,-0.30,242.52,1,-98.00,-7.00,11.00,11.00,29.00,20.00,13417219,440
149.01,1565930992,1868.27,51.43786969,7.47896319,279.92,13.84,-0.81,242.38,1,-91.00,-6.00,7.00,15.00,35.00,20.00,13417219,440
150.01,1565930993,1881.98,51.43780435,7.47876034,280.40,13.79,-0.05,241.60,1,-91.00,-6.00,7.00,15.00,35.00,20.00,13417219,440
151.01,1565930994,1895.78,51.43773824,7.47856002,281.06,14.85,1.06,242.04,1,-91.00,-6.00,7.00,15.00,35.00,20.00,13417219,440
152.01,1565930995,1910.62,51.43768094,7.47838633,281.12,13.74,-1.11,241.93,1,-96.00,-6.00,11.00,12.00,30.00,20.00,13417219,440
153.01,1565930996,1924.36,51.43761696,7.47819923,281.33,14.05,0.31,241.20,1,-96.00,-6.00,11.00,12.00,30.00,20.00,13417219,440
154.01,1565930997,1938.41,51.43754974,7.47800820,281.95,13.97,-0.08,242.02,1,-94.00,-5.00,-2.00,12.00,30.00,20.00,13417219,440
155.01,1565930998,1952.38,51.43748958,7.47783829,282.21,14.18,0.21,241.51,1,-94.00,-5.00,-2.00,12.00,30.00,20.00,13417219,440
156.00,1565930999,1966.54,51.43743018,7.47767163,282.93,13.34,-0.84,240.83,1,-94.00,-10.00,5.00,2.00,45.00,20.00,13417219,440
157.00,1565931000,1979.87,51.43736451,7.47748223,283.21,12.90,-0.44,241.40,1,-94.00,-10.00,5.00,2.00,45.00,20.00,13417219,440
158.00,1565931001,1992.78,51.43730462,7.47731048,283.51,12.88,-0.02,241.95,1,-82.00,-7.00,10.00,2.00,53.00,18.00,13523715,6
159.01,1565931002,2005.67,51.43724255,7.47712952,283.46,12.65,-0.23,243.03,1,-82.00,-7.00,10.00,2.00,53.00,18.00,13523715,6
160.01,1565931003,2018.35,51.43719746,7.47696496,283.25,11.78,-0.86,245.76,1,-91.00,-7.00,3.00,2.00,35.00,18.00,13523715,6
161.01,1565931004,2030.12,51.43716299,7.47680054,282.80,11.49,-0.29,248.24,1,-91.00,-7.00,3.00,2.00,35.00,18.00,13523715,6
162.01,1565931005,2041.62,51.43715522,7.47664941,282.30,11.14,-0.35,262.65,1,-94.00,-7.00,5.00,2.00,31.00,18.00,13523715,6
163.01,1565931006,2052.77,51.43715118,7.47649185,282.18,10.30,-0.84,265.39,1,-94.00,-7.00,5.00,2.00,31.00,18.00,13523715,6
164.01,1565931007,2063.07,51.43717756,7.47634793,282.40,9.54,-0.76,285.53,1,-98.00,-6.00,11.00,2.00,27.00,18.00,13523715,6
165.01,1565931008,2072.61,51.43723335,7.47622563,282.82,8.23,-1.32,312.05,1,-98.00,-6.00,11.00,2.00,27.00,18.00,13523715,6
166.01,1565931009,2080.84,51.43730409,7.47615177,282.56,8.28,0.05,334.48,1,-98.00,-5.00,5.00,2.00,27.00,18.00,13523715,6
167.01,1565931010,2089.13,51.43738421,7.47613024,282.49,8.30,0.02,358.43,1,-98.00,-5.00,5.00,2.00,27.00,18.00,13523715,6
168.00,1565931011,2097.40,51.43746115,7.47612798,281.90,9.12,0.82,0.13,1,-99.00,-10.00,7.00,2.00,31.00,18.00,13523715,6
169.01,1565931012,2106.53,51.43753135,7.47620251,281.85,9.43,0.31,41.15,1,-99.00,-10.00,7.00,2.00,31.00,18.00,13523715,6
170.01,1565931013,2116.03,51.43762001,7.47632901,282.69,10.54,1.09,43.71,1,-99.00,-10.00,5.00,2.00,30.00,18.00,13523715,6
171.01,1565931014,2126.50,51.43770299,7.47646748,283.98,11.48,0.95,46.30,1,-99.00,-10.00,5.00,2.00,30.00,18.00,13523715,6
172.01,1565931015,2137.97,51.43776596,7.47658846,285.37,12.19,0.72,48.94,1,-99.00,-10.00,5.00,2.00,30.00,18.00,13523715,6
173.01,1565931016,2150.16,51.43782966,7.47673122,286.75,12.71,0.52,51.62,1,-101.00,-11.00,13.00,2.00,30.00,18.00,13523715,6
174.01,1565931017,2162.88,51.43790807,7.47690165,287.34,14.23,1.52,52.85,1,-101.00,-11.00,13.00,2.00,30.00,18.00,13523715,6
175.01,1565931018,2177.10,51.43798836,7.47708633,287.91,14.87,0.64,53.92,1,-103.00,-7.00,4.00,2.00,25.00,18.00,13523715,6
176.01,1565931019,2191.97,51.43807159,7.47727585,288.09,15.82,0.95,54.99,1,-103.00,-7.00,4.00,2.00,25.00,18.00,13523715,6
177.01,1565931020,2207.79,51.43816868,7.47749181,288.15,16.61,0.79,55.40,1,-100.00,-5.00,-1.00,2.00,25.00,18.00,13523715,6
178.01,1565931021,2224.40,51.43826094,7.47770107,288.40,17.68,1.07,55.75,1,-100.00,-5.00,-1.00,2.00,25.00,18.00,13523715,6
179.01,1565931022,2242.07,51.43835409,7.47792648,288.77,18.71,1.04,56.10,1,-101.00,-6.00,6.00,2.00,25.00,18.00,13523715,6
180.00,1565931023,2260.77,51.43845450,7.47816751,288.77,19.47,0.76,56.67,1,-101.00,-6.00,6.00,2.00,25.00,18.00,13523715,6
181.01,1565931024,2280.26,51.43855489,7.47842022,288.75,20.13,0.66,57.19,1,-103.00,-7.00,1.00,2.00,24.00,18.00,13523715,6
182.01,1565931025,2300.39,51.43865599,7.47867414,288.51,20.44,0.31,57.01,1,-103.00,-7.00,1.00,2.00,24.00,18.00,13523715,6
183.01,1565931026,2320.86,51.43875712,7.47890998,287.35,20.97,0.53,55.78,1,-106.00,-9.00,-8.00,7.00,24.00,20.00,13523715,6
184.01,1565931027,2341.81,51.43886183,7.47918115,286.75,21.75,0.78,57.29,1,-106.00,-9.00,-8.00,7.00,24.00,20.00,13523715,6
185.01,1565931028,2363.57,51.43896333,7.47944424,285.75,21.90,0.15,58.07,1,-112.00,-11.00,-4.00,5.00,19.00,22.00,13417219,6
186.01,1565931029,2385.47,51.43908407,7.47972478,284.79,23.74,1.84,55.31,1,-112.00,-11.00,-4.00,5.00,19.00,22.00,13417219,6
187.00,1565931030,2409.16,51.43921843,7.48001859,283.70,24.44,0.70,53.45,1,-106.00,-6.00,0.00,9.00,21.00,22.00,13417219,440
188.00,1565931031,2433.60,51.43935738,7.48030375,282.43,25.10,0.66,52.03,1,-106.00,-6.00,0.00,9.00,21.00,22.00,13417219,440
189.00,1565931032,2458.70,51.43949842,7.48058448,281.15,25.61,0.52,52.50,1,-107.00,-6.00,22.00,6.00,19.00,22.00,13417219,440
190.00,1565931033,2484.31,51.43964536,7.48087149,279.96,25.30,-0.31,50.87,1,-107.00,-6.00,22.00,6.00,19.00,22.00,13417219,440
191.01,1565931034,2509.81,51.43979019,7.48115255,278.54,24.77,-0.53,50.41,1,-108.00,-7.00,15.00,9.00,20.00,22.00,13417219,440
192.00,1565931035,2534.39,51.43994627,7.48143217,277.61,25.09,0.33,48.46,1,-108.00,-7.00,15.00,9.00,20.00,22.00,13417219,440
193.01,1565931036,2559.51,51.44010928,7.48171303,277.57,25.53,0.43,46.60,1,-108.00,-7.00,15.00,9.00,20.00,22.00,13417219,440
194.00,1565931037,2585.01,51.44025994,7.48197537,277.37,25.58,0.06,45.45,1,-107.00,-8.00,7.00,6.00,21.00,22.00,13417219,440
195.00,1565931038,2610.59,51.44040477,7.48223951,277.75,25.68,0.10,44.63,1,-107.00,-8.00,7.00,6.00,21.00,22.00,13417219,440
196.01,1565931039,2636.30,51.44055582,7.48248652,278.27,25.67,-0.02,43.26,1,-110.00,-10.00,-1.00,4.00,20.00,22.00,13417219,440
197.00,1565931040,2661.94,51.44072274,7.48273219,278.89,25.90,0.23,40.75,1,-110.00,-10.00,-1.00,4.00,20.00,22.00,13417219,440
198.01,1565931041,2687.89,51.44089769,7.48297487,279.65,26.14,0.24,39.48,1,-113.00,-14.00,-5.00,3.00,22.00,22.00,13417219,440
199.01,1565931042,2714.03,51.44107348,7.48320977,280.30,26.14,0.00,37.81,1,-113.00,-14.00,-5.00,3.00,22.00,22.00,13417219,440
200.00,1565931043,2740.13,51.44126104,7.48344646,280.41,25.95,-0.19,37.03,1,-109.00,-13.00,-2.00,8.00,23.00,21.00,13415426,265
201.00,1565931044,2766.08,51.44144979,7.48366212,280.56,25.50,-0.45,34.47,1,-109.00,-13.00,-2.00,8.00,23.00,21.00,13415426,265
202.01,1565931045,2791.66,51.44163572,7.48385662,280.45,25.06,-0.44,32.20,1,-108.00,-13.00,-7.00,4.00,24.00,21.00,13415426,265
203.01,1565931046,2816.70,51.44182109,7.48404409,280.46,24.71,-0.36,29.74,1,-108.00,-13.00,-7.00,4.00,24.00,21.00,13415426,265
204.01,1565931047,2841.38,51.44200596,7.48421767,280.17,24.44,-0.26,28.19,1,-112.00,-13.00,-5.00,3.00,22.00,21.00,13415426,265
205.00,1565931048,2865.80,51.44218940,7.48437712,279.54,24.18,-0.26,27.04,1,-112.00,-13.00,-5.00,3.00,22.00,21.00,13415426,265
206.01,1565931049,2890.03,51.44237747,7.48453607,278.76,23.92,-0.26,26.09,1,-112.00,-15.00,-6.00,3.00,22.00,21.00,13415426,265
207.01,1565931050,2913.92,51.44256659,7.48468477,277.93,23.73,-0.19,25.34,1,-112.00,-15.00,-6.00,3.00,22.00,21.00,13415426,265
208.01,1565931051,2937.67,51.44275534,7.48483202,277.08,23.62,-0.11,24.62,1,-116.00,-16.00,-8.00,3.00,20.00,21.00,13415426,265
209.01,1565931052,2961.32,51.44294640,7.48497204,276.20,23.49,-0.13,24.02,1,-116.00,-16.00,-8.00,3.00,20.00,21.00,13415426,265
210.01,1565931053,2984.78,51.44313645,7.48510959,275.41,23.35,-0.14,23.63,1,-116.00,-16.00,-8.00,4.00,20.00,21.00,13415426,265
211.01,1565931054,3008.13,51.44332581,7.48524471,274.70,23.41,0.06,23.18,1,-116.00,-16.00,-8.00,4.00,20.00,21.00,13415426,265
212.01,1565931055,3031.73,51.44351861,7.48537575,274.24,22.65,-0.75,22.82,1,-118.00,-15.00,-7.00,2.00,19.00,21.00,13415426,265
213.01,1565931056,3054.22,51.44370198,7.48549987,273.97,21.53,-1.13,22.34,1,-118.00,-15.00,-7.00,2.00,19.00,21.00,13415426,265
214.01,1565931057,3075.75,51.44386505,7.48560866,273.44,20.14,-1.39,21.88,1,-118.00,-15.00,-7.00,2.00,19.00,21.00,13415426,265
215.01,1565931058,3095.85,51.44402671,7.48570707,272.71,18.86,-1.29,21.18,1,-111.00,-15.00,-10.00,6.00,20.00,21.00,13415426,265
216.01,1565931059,3114.72,51.44417034,7.48579564,272.18,17.54,-1.31,21.65,1,-111.00,-15.00,-10.00,6.00,20.00,21.00,13415426,265
217.00,1565931060,3132.18,51.44431637,7.48589272,271.39,16.32,-1.23,23.03,1,-112.00,-11.00,-7.00,2.00,20.00,21.00,13415170,315
218.01,1565931061,3148.59,51.44444763,7.48599458,270.74,14.88,-1.43,25.93,1,-112.00,-11.00,-7.00,2.00,20.00,21.00,13415170,315
219.01,1565931062,3163.49,51.44454849,7.48612213,270.31,13.76,-1.12,39.55,1,-111.00,-10.00,0.00,2.00,20.00,21.00,13415170,315
220.01,1565931063,3177.25,51.44463322,7.48624789,269.99,13.13,-0.63,43.23,1,-111.00,-10.00,0.00,2.00,20.00,21.00,13415170,315
221.01,1565931064,3190.38,51.44468812,7.48641897,269.80,13.25,0.11,63.25,1,-112.00,-11.00,-8.00,2.00,19.00,21.00,13415170,315
222.01,1565931065,3203.63,51.44471884,7.48660309,269.59,12.84,-0.41,78.24,1,-112.00,-11.00,-8.00,2.00,19.00,21.00,13415170,315
223.02,1565931066,3216.56,51.44471915,7.48681554,269.61,13.18,0.34,93.30,1,-119.00,-15.00,-12.00,2.00,16.00,21.00,13415170,315
224.01,1565931067,3229.72,51.44468785,7.48699408,269.25,14.10,0.92,108.18,1,-119.00,-15.00,-12.00,2.00,16.00,21.00,13415170,315
225.01,1565931068,3243.82,51.44462999,7.48718004,268.98,13.59,-0.51,121.86,1,-116.00,-11.00,-8.00,2.00,12.00,80.00,13067273,288
226.01,1565931069,3257.41,51.44453676,7.48735214,268.43,13.49,-0.10,138.06,1,-116.00,-11.00,-8.00,2.00,12.00,80.00,13067273,288
227.01,1565931070,3270.80,51.44443139,7.48745727,268.11,13.74,0.24,154.07,1,-123.00,-14.00,-13.00,2.00,9.00,80.00,13067273,288
228.01,1565931071,3284.55,51.44431530,7.48751285,267.94,13.94,0.21,167.77,1,-123.00,-14.00,-13.00,2.00,9.00,80.00,13067273,288
229.01,1565931072,3298.49,51.44418739,7.48755406,267.76,13.86,-0.08,171.56,1,-122.00,-17.00,-11.00,2.00,13.00,80.00,13067273,288
230.01,1565931073,3312.36,51.44406896,7.48748935,267.59,14.53,0.66,199.15,1,-122.00,-17.00,-11.00,2.00,13.00,80.00,13067273,288
231.01,1565931074,3326.88,51.44395775,7.48737203,267.00,14.71,0.18,215.15,1,-122.00,-20.00,-3.00,2.00,16.00,80.00,13067273,288
232.01,1565931075,3341.57,51.44386578,7.48722557,266.68,14.04,-0.66,230.47,1,-122.00,-20.00,-3.00,2.00,16.00,80.00,13067273,288
233.01,1565931076,3355.71,51.44380547,7.48704702,265.86,13.80,-0.25,246.47,1,-124.00,-19.00,-13.00,4.00,10.00,81.00,13067273,288
234.01,1565931077,3369.40,51.44377273,7.48683842,264.76,13.96,0.16,260.74,1,-124.00,-19.00,-13.00,4.00,10.00,81.00,13067273,288
235.01,1565931078,3383.35,51.44375426,7.48663249,263.69,14.75,0.79,263.51,1,-124.00,-19.00,-13.00,4.00,10.00,81.00,13067273,288
236.01,1565931079,3398.13,51.44374202,7.48641041,262.84,15.63,0.88,265.16,1,-123.00,-16.00,-9.00,4.00,11.00,81.00,13067273,288
237.01,1565931080,3413.75,51.44372894,7.48617086,262.21,16.65,1.02,266.07,1,-123.00,-16.00,-9.00,4.00,11.00,81.00,13067273,288
238.01,1565931081,3430.38,51.44372001,7.48591546,261.77,17.41,0.76,266.71,1,-119.00,-12.00,-5.00,5.00,8.00,81.00,13067273,288
239.01,1565931082,3447.80,51.44371229,7.48565351,261.67,18.45,1.04,267.15,1,-119.00,-12.00,-5.00,5.00,8.00,81.00,13067273,288
240.01,1565931083,3466.27,51.44370673,7.48539089,261.12,17.73,-0.72,268.45,1,-117.00,-21.00,-12.00,2.00,31.00,23.00,13417219,440
241.01,1565931084,3484.11,51.44370068,7.48510992,261.10,19.50,1.75,268.10,1,-117.00,-21.00,-12.00,2.00,31.00,23.00,13417219,440
242.01,1565931085,3503.47,51.44369611,7.48480829,261.15,20.74,1.25,267.72,1,-116.00,-12.00,-5.00,2.00,24.00,21.00,13415426,265
243.01,1565931086,3524.19,51.44369272,7.48452288,261.26,22.10,1.36,268.53,1,-116.00,-12.00,-5.00,2.00,24.00,21.00,13415426,265
244.01,1565931087,3546.35,51.44369046,7.48420418,261.88,22.83,0.73,268.02,1,-118.00,-12.00,-7.00,3.00,16.00,21.00,13415426,265
245.01,1565931088,3569.16,51.44368854,7.48386976,262.61,23.63,0.80,268.16,1,-118.00,-12.00,-7.00,3.00,16.00,21.00,13415426,265
246.01,1565931089,3592.81,51.44368581,7.48352917,263.31,24.03,0.40,268.33,1,-113.00,-15.00,-6.00,2.00,23.00,21.00,13415426,265
247.01,1565931090,3616.84,51.44368490,7.48317114,263.65,24.77,0.74,267.51,1,-113.00,-15.00,-6.00,2.00,23.00,21.00,13415426,265
248.01,1565931091,3641.56,51.44367634,7.48280259,263.88,25.49,0.71,267.06,1,-116.00,-14.00,-6.00,4.00,19.00,21.00,13415426,265
249.01,1565931092,3667.07,51.44366559,7.48242732,264.16,26.40,0.92,267.08,1,-116.00,-14.00,-6.00,4.00,19.00,21.00,13415426,265
250.01,1565931093,3693.48,51.44365233,7.48204215,263.93,27.16,0.76,267.60,1,-114.00,-14.00,-5.00,3.00,20.00,21.00,13415426,265
251.01,1565931094,3720.64,51.44363992,7.48164997,263.32,28.24,1.08,266.32,1,-114.00,-14.00,-5.00,3.00,20.00,21.00,13415426,265
252.01,1565931095,3748.88,51.44362003,7.48124356,262.68,29.24,1.00,265.65,1,-112.00,-13.00,-4.00,4.00,22.00,21.00,13415426,265
253.01,1565931096,3778.12,51.44359751,7.48081956,262.03,29.78,0.54,265.59,1,-112.00,-13.00,-4.00,4.00,22.00,21.00,13415426,265
254.02,1565931097,3808.26,51.44357238,7.48038555,261.28,30.73,0.94,264.54,1,-116.00,-15.00,-6.00,3.00,19.00,21.00,13415426,265
255.01,1565931098,3838.71,51.44354748,7.47994103,260.84,31.27,0.54,264.24,1,-116.00,-15.00,-6.00,3.00,19.00,21.00,13415426,265
256.01,1565931099,3869.95,51.44351453,7.47949456,260.32,31.73,0.47,263.00,1,-116.00,-15.00,-6.00,3.00,19.00,21.00,13415426,265
257.01,1565931100,3901.58,51.44347369,7.47903862,259.77,31.60,-0.13,261.92,1,-112.00,-14.00,-4.00,4.00,22.00,21.00,13415426,265
258.01,1565931101,3933.16,51.44343563,7.47859551,259.45,31.18,-0.42,262.53,1,-112.00,-14.00,-4.00,4.00,22.00,21.00,13415426,265
259.01,1565931102,3964.34,51.44339918,7.47815846,259.20,30.72,-0.46,262.88,1,-110.00,-14.00,-1.00,5.00,23.00,21.00,13415426,265
260.01,1565931103,3995.12,51.44336487,7.47773210,258.58,30.04,-0.67,262.52,1,-110.00,-14.00,-1.00,5.00,23.00,21.00,13415426,265
261.01,1565931104,4025.13,51.44332933,7.47730536,257.43,29.66,-0.39,262.42,1,-107.00,-13.00,0.00,7.00,25.00,21.00,13415426,265
262.01,1565931105,4054.79,51.44329494,7.47689059,256.11,29.25,-0.41,261.62,1,-107.00,-13.00,0.00,7.00,25.00,21.00,13415426,265
263.01,1565931106,4084.07,51.44326065,7.47647701,254.88,29.07,-0.18,261.44,1,-106.00,-11.00,1.00,6.00,25.00,21.00,13415426,265
264.01,1565931107,4113.11,51.44321848,7.47606690,254.00,28.79,-0.28,260.81,1,-106.00,-11.00,1.00,6.00,25.00,21.00,13415426,265
265.01,1565931108,4141.90,51.44317795,7.47566919,253.10,28.27,-0.52,260.28,1,-109.00,-8.00,-2.00,6.00,20.00,21.00,13415426,265
266.00,1565931109,4170.11,51.44312865,7.47527010,252.58,27.88,-0.38,258.85,1,-109.00,-8.00,-2.00,6.00,20.00,21.00,13415426,265
267.01,1565931110,4198.02,51.44307735,7.47488061,251.53,27.69,-0.20,258.32,1,-109.00,-9.00,1.00,7.00,19.00,21.00,13415426,265
268.00,1565931111,4225.68,51.44302824,7.47449015,250.55,27.70,0.01,258.65,1,-109.00,-9.00,1.00,7.00,19.00,21.00,13415426,265
269.01,1565931112,4253.40,51.44298181,7.47410355,249.75,27.43,-0.27,258.63,1,-109.00,-8.00,6.00,7.00,19.00,21.00,13415426,265
270.01,1565931113,4280.86,51.44293406,7.47372539,248.87,27.10,-0.33,258.94,1,-109.00,-8.00,6.00,7.00,19.00,21.00,13415426,265
271.00,1565931114,4307.91,51.44288695,7.47334701,248.09,26.86,-0.24,259.31,1,-108.00,-12.00,7.00,10.00,24.00,21.00,13415426,265
272.00,1565931115,4334.77,51.44284002,7.47296131,247.54,27.01,0.15,259.23,1,-108.00,-12.00,7.00,10.00,24.00,21.00,13415426,265
273.01,1565931116,4361.80,51.44279281,7.47257581,246.90,27.68,0.67,258.86,1,-110.00,-11.00,-4.00,6.00,21.00,21.00,13415426,265
274.01,1565931117,4389.49,51.44274422,7.47218320,246.18,27.96,0.28,258.38,1,-110.00,-11.00,-4.00,6.00,21.00,21.00,13415426,265
275.01,1565931118,4417.67,51.44268797,7.47178558,245.42,28.41,0.45,257.66,1,-109.00,-9.00,5.00,2.00,28.00,21.00,13415426,265
276.00,1565931119,4445.82,51.44263130,7.47137977,244.62,28.92,0.51,257.42,1,-109.00,-9.00,5.00,2.00,28.00,21.00,13415426,265
277.01,1565931120,4474.77,51.44257418,7.47096844,243.78,29.58,0.65,257.62,1,-109.00,-9.00,5.00,2.00,28.00,21.00,13415426,265
278.01,1565931121,4504.41,51.44251714,7.47054945,242.87,30.14,0.56,258.04,1,-106.00,-5.00,2.00,2.00,20.00,21.00,13415426,265
279.01,1565931122,4534.52,51.44245965,7.47012271,241.83,30.70,0.57,258.32,1,-106.00,-5.00,2.00,2.00,20.00,21.00,13415426,265
280.01,1565931123,4565.22,51.44239917,7.46967472,241.10,31.39,0.68,258.37,1,-109.00,-7.00,3.00,2.00,19.00,21.00,13415426,265
281.01,1565931124,4596.61,51.44234034,7.46922652,240.11,32.18,0.79,258.01,1,-109.00,-7.00,3.00,2.00,19.00,21.00,13415426,265
282.01,1565931125,4628.82,51.44228210,7.46877662,239.01,32.58,0.40,258.40,1,-109.00,-7.00,1.00,2.00,19.00,21.00,13415426,265
283.01,1565931126,4661.40,51.44222324,7.46831361,237.96,32.72,0.14,258.22,1,-109.00,-7.00,1.00,2.00,19.00,21.00,13415426,265
284.01,1565931127,4694.05,51.44216331,7.46784848,236.81,33.31,0.59,258.36,1,-110.00,-9.00,1.00,2.00,19.00,21.00,13415426,265
285.01,1565931128,4727.40,51.44211070,7.46736704,235.80,34.05,0.74,259.39,1,-110.00,-9.00,1.00,2.00,19.00,21.00,13415426,265
286.01,1565931129,4761.48,51.44205797,7.46688435,234.71,34.41,0.36,259.27,1,-113.00,-11.00,-3.00,2.00,18.00,21.00,13415426,265
287.01,1565931130,4795.89,51.44200247,7.46640022,233.46,34.80,0.39,259.83,1,-113.00,-11.00,-3.00,2.00,18.00,21.00,13415426,265
288.01,1565931131,4830.62,51.44194935,7.46591572,232.07,34.60,-0.20,260.44,1,-116.00,-13.00,-5.00,4.00,16.00,12.00,13415426,265
289.01,1565931132,4865.23,51.44189917,7.46543045,230.59,34.26,-0.34,260.95,1,-116.00,-13.00,-5.00,4.00,16.00,12.00,13415426,265
290.01,1565931133,4899.56,51.44185011,7.46494522,229.29,34.02,-0.24,261.35,1,-118.00,-13.00,-5.00,4.00,14.00,12.00,13415427,265
291.01,1565931134,4933.55,51.44180707,7.46445991,228.13,33.98,-0.04,261.93,1,-118.00,-13.00,-5.00,4.00,14.00,12.00,13415427,265
292.01,1565931135,4967.49,51.44176643,7.46397156,227.18,33.89,-0.10,262.30,1,-114.00,-10.00,1.00,6.00,15.00,12.00,13415427,264
293.01,1565931136,5001.41,51.44173165,7.46348401,226.38,34.05,0.17,263.08,1,-114.00,-10.00,1.00,6.00,15.00,12.00,13415427,264
294.01,1565931137,5035.43,51.44169640,7.46299370,225.75,34.22,0.16,263.94,1,-113.00,-9.00,1.00,7.00,15.00,12.00,13415427,264
295.01,1565931138,5069.65,51.44166560,7.46250527,225.33,34.25,0.04,264.36,1,-113.00,-9.00,1.00,7.00,15.00,12.00,13415427,264
296.01,1565931139,5104.18,51.44163451,7.46201216,225.10,34.38,0.13,264.52,1,-109.00,-7.00,8.00,9.00,18.00,12.00,13415427,264
297.01,1565931140,5138.28,51.44160929,7.46151342,225.07,34.56,0.19,265.49,1,-109.00,-7.00,8.00,9.00,18.00,12.00,13415427,264
298.00,1565931141,5172.81,51.44158570,7.46101436,225.21,34.72,0.16,265.99,1,-109.00,-7.00,8.00,9.00,18.00,12.00,13415427,264
299.00,1565931142,5207.53,51.44157038,7.46052319,225.14,34.71,-0.01,266.79,1,-107.00,-6.00,8.00,9.00,19.00,12.00,13415427,264
300.00,1565931143,5242.24,51.44155390,7.46003026,224.99,34.85,0.14,267.49,1,-107.00,-6.00,8.00,9.00,19.00,12.00,13415427,264
301.01,1565931144,5277.13,51.44154292,7.45952659,224.80,35.01,0.16,267.90,1,-104.00,-5.00,14.00,11.00,22.00,12.00,13415427,264
302.00,1565931145,5312.10,51.44153334,7.45902665,224.58,34.88,-0.13,268.51,1,-104.00,-5.00,14.00,11.00,22.00,12.00,13415427,264
303.01,1565931146,5347.02,51.44152960,7.45852655,224.37,34.79,-0.09,268.96,1,-101.00,-5.00,14.00,14.00,22.00,12.00,13415427,264
304.00,1565931147,5381.78,51.44152527,7.45801868,224.31,34.21,-0.58,269.40,1,-101.00,-5.00,14.00,14.00,22.00,12.00,13415427,264
305.00,1565931148,5415.96,51.44152520,7.45751909,224.61,33.64,-0.58,269.97,1,-102.00,-5.00,12.00,12.00,24.00,12.00,13415427,264
306.00,1565931149,5449.63,51.44152501,7.45702246,225.22,33.28,-0.36,270.27,1,-102.00,-5.00,12.00,12.00,24.00,12.00,13415427,264
307.00,1565931150,5482.91,51.44152547,7.45653451,226.03,33.23,-0.05,270.63,1,-108.00,-6.00,7.00,9.00,17.00,12.00,13415427,264
308.00,1565931151,5516.14,51.44152690,7.45605066,226.82,33.34,0.11,270.82,1,-108.00,-6.00,7.00,9.00,17.00,12.00,13415427,264
309.00,1565931152,5549.47,51.44153513,7.45557314,227.49,33.18,-0.15,271.28,1,-104.00,-6.00,11.00,11.00,24.00,12.00,13415427,264
310.00,1565931153,5582.66,51.44154358,7.45509849,228.01,33.22,0.04,271.81,1,-104.00,-6.00,11.00,11.00,24.00,12.00,13415427,264
311.00,1565931154,5615.88,51.44155658,7.45461838,228.50,33.43,0.21,272.48,1,-102.00,-5.00,8.00,12.00,24.00,12.00,13415427,264
312.01,1565931155,5649.34,51.44157470,7.45413826,228.91,33.45,0.02,273.55,1,-102.00,-5.00,8.00,12.00,24.00,12.00,13415427,264
313.00,1565931156,5682.76,51.44159439,7.45366132,229.13,33.65,0.20,274.22,1,-105.00,-6.00,10.00,10.00,23.00,12.00,13415427,264
314.00,1565931157,5716.41,51.44162154,7.45317434,229.20,33.79,0.14,274.69,1,-105.00,-6.00,10.00,10.00,23.00,12.00,13415427,264
315.01,1565931158,5750.30,51.44164966,7.45269122,229.15,33.98,0.19,275.40,1,-106.00,-7.00,2.00,2.00,21.00,12.00,13415427,264
316.01,1565931159,5784.28,51.44168242,7.45220852,229.12,34.19,0.21,275.85,1,-106.00,-7.00,2.00,2.00,21.00,12.00,13415427,264
317.02,1565931160,5818.85,51.44171607,7.45171850,229.45,34.36,0.17,276.58,1,-110.00,-9.00,1.00,2.00,19.00,12.00,13415427,264
318.01,1565931161,5852.87,51.44175005,7.45122976,229.83,34.37,0.01,276.74,1,-110.00,-9.00,1.00,2.00,19.00,12.00,13415427,264
319.01,1565931162,5887.25,51.44179247,7.45073119,230.24,34.70,0.33,277.40,1,-110.00,-9.00,1.00,2.00,19.00,12.00,13415427,264
320.01,1565931163,5921.92,51.44183485,7.45023730,230.74,34.73,0.03,277.83,1,-112.00,-10.00,5.00,2.00,18.00,12.00,13415427,264
321.01,1565931164,5956.65,51.44187696,7.44974852,231.15,34.21,-0.52,277.83,1,-112.00,-10.00,5.00,2.00,18.00,12.00,13415427,264
322.01,1565931165,5990.82,51.44191850,7.44926340,231.18,33.76,-0.45,278.21,1,-109.00,-7.00,10.00,2.00,18.00,12.00,13415427,264
323.01,1565931166,6024.61,51.44196585,7.44878050,231.08,33.67,-0.08,278.63,1,-109.00,-7.00,10.00,2.00,18.00,12.00,13415427,264
324.01,1565931167,6058.25,51.44201260,7.44830290,230.94,33.61,-0.06,279.34,1,-107.00,-6.00,10.00,2.00,19.00,12.00,13415427,264
325.01,1565931168,6091.86,51.44206669,7.44783284,230.72,33.54,-0.07,280.20,1,-107.00,-6.00,10.00,2.00,19.00,12.00,13415427,264
326.01,1565931169,6125.44,51.44212232,7.44735515,230.52,33.56,0.01,280.76,1,-104.00,-6.00,13.00,2.00,22.00,12.00,13415427,264
327.01,1565931170,6159.00,51.44218199,7.44688246,230.27,33.61,0.05,281.23,1,-104.00,-6.00,13.00,2.00,22.00,12.00,13415427,264
328.01,1565931171,6192.57,51.44224215,7.44641039,230.01,33.73,0.12,281.96,1,-105.00,-7.00,9.00,2.00,22.00,12.00,13415427,264
329.01,1565931172,6226.33,51.44230363,7.44593636,229.75,33.89,0.16,282.18,1,-105.00,-7.00,9.00,2.00,22.00,12.00,13415427,264
330.01,1565931173,6260.16,51.44237611,7.44545969,229.55,34.15,0.26,283.10,1,-103.00,-6.00,0.00,2.00,23.00,12.00,13415427,264
331.01,1565931174,6294.30,51.44244908,7.44498037,229.31,34.51,0.37,283.51,1,-103.00,-6.00,0.00,2.00,23.00,12.00,13415427,264
332.00,1565931175,6328.78,51.44252125,7.44450134,228.92,34.70,0.19,283.71,1,-111.00,-7.00,-3.00,8.00,18.00,21.00,13415427,264
333.01,1565931176,6363.52,51.44259988,7.44401550,228.46,34.92,0.22,284.22,1,-111.00,-7.00,-3.00,8.00,18.00,21.00,13415427,264
334.01,1565931177,6398.47,51.44267938,7.44351876,228.21,35.19,0.27,284.69,1,-111.00,-9.00,-2.00,6.00,19.00,21.00,13415427,264
335.01,1565931178,6433.66,51.44275961,7.44302749,227.85,35.39,0.20,284.94,1,-111.00,-9.00,-2.00,6.00,19.00,21.00,13415427,264
336.01,1565931179,6469.06,51.44284607,7.44253360,227.43,35.50,0.11,285.25,1,-111.00,-10.00,-8.00,6.00,18.00,21.00,13415427,264
337.01,1565931180,6504.59,51.44293427,7.44203045,227.43,36.03,0.53,286.05,1,-111.00,-10.00,-8.00,6.00,18.00,21.00,13415427,264
338.02,1565931181,6540.99,51.44302868,7.44153004,227.15,36.28,0.25,286.54,1,-114.00,-12.00,-6.00,4.00,19.00,21.00,13415427,264
339.01,1565931182,6576.98,51.44312369,7.44103000,226.72,36.54,0.25,287.16,1,-114.00,-12.00,-6.00,4.00,19.00,21.00,13415427,264
340.01,1565931183,6613.59,51.44322654,7.44052515,226.17,36.82,0.28,287.76,1,-114.00,-12.00,-6.00,4.00,19.00,21.00,13415427,264
341.00,1565931184,6650.15,51.44332972,7.44002169,225.84,37.06,0.25,288.29,1,-110.00,-9.00,-8.00,6.00,19.00,28.00,13246978,157
342.00,1565931185,6687.21,51.44343922,7.43951613,225.17,37.02,-0.05,288.89,1,-110.00,-9.00,-8.00,6.00,19.00,28.00,13246978,157
343.01,1565931186,6724.26,51.44354686,7.43901987,224.70,36.56,-0.46,289.45,1,-113.00,-10.00,6.00,9.00,17.00,28.00,13246978,157
344.01,1565931187,6760.82,51.44365440,7.43852783,224.25,36.35,-0.20,289.84,1,-113.00,-10.00,6.00,9.00,17.00,28.00,13246978,157
345.01,1565931188,6797.21,51.44376846,7.43804095,223.75,36.37,0.02,290.16,1,-110.00,-8.00,6.00,8.00,17.00,28.00,13246978,157
346.01,1565931189,6833.54,51.44388287,7.43755675,223.12,36.41,0.04,290.65,1,-110.00,-8.00,6.00,8.00,17.00,28.00,13246978,157
347.01,1565931190,6869.95,51.44400282,7.43707485,221.96,36.40,-0.01,291.48,1,-107.00,-7.00,4.00,2.00,28.00,28.00,13246978,157
348.00,1565931191,6906.31,51.44412324,7.43659779,220.78,36.23,-0.17,291.83,1,-107.00,-7.00,4.00,2.00,28.00,28.00,13246978,157
349.01,1565931192,6942.58,51.44424653,7.43612159,218.99,36.02,-0.20,292.65,1,-111.00,-8.00,-3.00,2.00,18.00,28.00,13246978,157
350.01,1565931193,6978.64,51.44437072,7.43564723,217.60,36.05,0.02,292.77,1,-111.00,-8.00,-3.00,2.00,18.00,28.00,13246978,157
351.00,1565931194,7014.61,51.44450402,7.43518173,215.85,35.93,-0.12,294.51,1,-111.00,-8.00,2.00,2.00,17.00,28.00,13415427,264
352.00,1565931195,7050.54,51.44463710,7.43472123,213.70,35.80,-0.13,294.89,1,-111.00,-8.00,2.00,2.00,17.00,28.00,13415427,264
353.01,1565931196,7086.45,51.44477704,7.43426702,211.58,35.75,-0.05,295.61,1,-110.00,-7.00,-4.00,2.00,17.00,28.00,13415427,264
354.01,1565931197,7122.23,51.44492380,7.43380675,209.23,35.90,0.15,296.86,1,-110.00,-7.00,-4.00,2.00,17.00,28.00,13415427,264
355.00,1565931198,7157.99,51.44506901,7.43334807,206.87,36.06,0.16,297.84,1,-109.00,-13.00,-4.00,2.00,32.00,65.00,13081345,210
356.00,1565931199,7194.05,51.44522545,7.43290219,204.63,35.83,-0.23,299.48,1,-109.00,-13.00,-4.00,2.00,32.00,65.00,13081345,210
357.00,1565931200,7229.88,51.44538700,7.43246783,202.51,35.53,-0.30,300.84,1,-108.00,-12.00,-5.00,2.00,32.00,33.00,13395457,111
358.00,1565931201,7265.41,51.44555362,7.43204437,200.59,35.35,-0.18,302.11,1,-108.00,-12.00,-5.00,2.00,32.00,33.00,13395457,111
359.01,1565931202,7301.11,51.44573009,7.43160982,199.00,34.89,-0.45,303.70,1,-110.00,-11.00,8.00,2.00,22.00,33.00,13395457,111
360.01,1565931203,7335.69,51.44590875,7.43119354,197.72,34.57,-0.32,305.21,1,-110.00,-11.00,8.00,2.00,22.00,33.00,13395457,111
361.01,1565931204,7370.29,51.44608793,7.43079734,196.56,34.37,-0.20,306.36,1,-110.00,-11.00,8.00,2.00,22.00,33.00,13395457,111
362.01,1565931205,7404.80,51.44627133,7.43041739,195.31,34.03,-0.33,308.20,1,-109.00,-11.00,10.00,2.00,22.00,33.00,13395457,111
363.01,1565931206,7438.83,51.44646371,7.43003786,194.03,34.30,0.27,309.47,1,-109.00,-11.00,10.00,2.00,22.00,33.00,13395457,111
364.00,1565931207,7472.79,51.44667167,7.42967973,192.72,34.53,0.23,313.16,1,-106.00,-5.00,9.00,10.00,19.00,30.00,13395457,111
365.00,1565931208,7507.35,51.44687649,7.42933754,191.26,33.43,-1.09,314.31,1,-106.00,-5.00,9.00,10.00,19.00,30.00,13395457,111
366.00,1565931209,7540.89,51.44707835,7.42900477,190.38,32.02,-1.40,314.45,1,-102.00,-10.00,10.00,10.00,26.00,30.00,13395457,111
367.00,1565931210,7572.91,51.44728266,7.42868299,189.37,31.80,-0.22,315.32,1,-102.00,-10.00,10.00,10.00,26.00,30.00,13395457,111
368.00,1565931211,7604.72,51.44748147,7.42837512,188.26,31.60,-0.20,316.00,1,-103.00,-6.00,11.00,12.00,23.00,30.00,13395457,111
369.00,1565931212,7636.32,51.44769032,7.42806899,187.30,31.37,-0.23,317.51,1,-103.00,-6.00,11.00,12.00,23.00,30.00,13395457,111
370.00,1565931213,7667.69,51.44789640,7.42777322,186.01,31.15,-0.22,318.07,1,-100.00,-6.00,11.00,13.00,26.00,30.00,13395457,111
371.01,1565931214,7698.87,51.44809685,7.42749548,184.29,31.11,-0.04,318.52,1,-100.00,-6.00,11.00,13.00,26.00,30.00,13395457,111
372.00,1565931215,7729.95,51.44831092,7.42720840,182.67,31.61,0.50,319.62,1,-106.00,-6.00,7.00,10.00,19.00,30.00,13395457,111
373.00,1565931216,7761.56,51.44853393,7.42692578,181.16,32.34,0.73,321.49,1,-106.00,-6.00,7.00,10.00,19.00,30.00,13395457,111
374.01,1565931217,7793.93,51.44876691,7.42664589,179.48,33.05,0.71,323.25,1,-108.00,-7.00,14.00,12.00,19.00,30.00,13395457,111
375.01,1565931218,7827.01,51.44902084,7.42636741,177.53,33.83,0.78,325.28,1,-108.00,-7.00,14.00,12.00,19.00,30.00,13395457,111
376.00,1565931219,7860.78,51.44928426,7.42609707,175.67,34.64,0.81,326.79,1,-101.00,-5.00,20.00,13.00,24.00,30.00,13395457,111
377.00,1565931220,7895.42,51.44955858,7.42583418,173.90,35.59,0.95,328.51,1,-101.00,-5.00,20.00,13.00,24.00,30.00,13395457,111
378.00,1565931221,7931.01,51.44984499,7.42557452,172.55,36.22,0.63,329.83,1,-105.00,-6.00,11.00,2.00,29.00,30.00,13395457,111
379.00,1565931222,7967.23,51.45013509,7.42533066,171.05,36.93,0.71,331.85,1,-105.00,-6.00,11.00,2.00,29.00,30.00,13395457,111
380.01,1565931223,8004.49,51.45044740,7.42509455,169.78,37.75,0.81,334.52,1,-114.00,-7.00,8.00,2.00,12.00,30.00,13395469,221
381.01,1565931224,8042.01,51.45075465,7.42485534,168.56,38.06,0.32,334.87,1,-114.00,-7.00,8.00,2.00,12.00,30.00,13395469,221
382.01,1565931225,8080.03,51.45106548,7.42462906,167.74,38.31,0.25,336.42,1,-114.00,-7.00,8.00,2.00,12.00,30.00,13395469,221
383.00,1565931226,8118.27,51.45137536,7.42442267,166.99,38.39,0.08,338.33,1,-112.00,-6.00,8.00,2.00,13.00,30.00,13395469,221
384.00,1565931227,8156.66,51.45169062,7.42422979,166.28,38.08,-0.32,339.71,1,-112.00,-6.00,8.00,2.00,13.00,30.00,13395469,221
385.01,1565931228,8194.78,51.45200513,7.42404848,165.46,37.60,-0.48,340.91,1,-111.00,-6.00,9.00,2.00,13.00,30.00,13395469,221
386.01,1565931229,8232.38,51.45231636,7.42386923,164.54,36.66,-0.94,341.52,1,-111.00,-6.00,9.00,2.00,13.00,30.00,13395469,221
387.01,1565931230,8269.03,51.45262551,7.42369787,163.72,36.85,0.19,341.86,1,-112.00,-8.00,11.00,2.00,15.00,30.00,13395469,221
388.01,1565931231,8305.92,51.45294612,7.42353911,162.75,37.04,0.19,342.63,1,-112.00,-8.00,11.00,2.00,15.00,30.00,13395469,221
389.01,1565931232,8342.92,51.45326347,7.42338302,161.80,37.12,0.08,343.25,1,-112.00,-8.00,14.00,2.00,15.00,30.00,13395469,221
390.01,1565931233,8380.04,51.45358487,7.42322830,160.87,37.21,0.09,343.53,1,-112.00,-8.00,14.00,2.00,15.00,30.00,13395469,221
391.00,1565931234,8417.22,51.45390904,7.42308536,159.94,37.39,0.18,343.94,1,-106.00,-5.00,10.00,2.00,18.00,30.00,13395469,221
392.01,1565931235,8454.64,51.45423062,7.42294278,159.00,37.31,-0.08,344.04,1,-106.00,-5.00,10.00,2.00,18.00,30.00,13395469,221
393.01,1565931236,8491.99,51.45455245,7.42279863,158.07,37.39,0.07,343.59,1,-114.00,-6.00,11.00,9.00,10.00,18.00,13395469,221
394.01,1565931237,8529.38,51.45487305,7.42265432,157.24,37.37,-0.02,343.15,1,-114.00,-6.00,11.00,9.00,10.00,18.00,13395469,221
395.01,1565931238,8566.75,51.45518999,7.42250026,156.45,37.30,-0.06,342.82,1,-110.00,-6.00,11.00,11.00,13.00,18.00,13395469,221
396.01,1565931239,8604.09,51.45550891,7.42234512,155.72,37.20,-0.11,342.33,1,-110.00,-6.00,11.00,11.00,13.00,18.00,13395469,221
397.00,1565931240,8641.10,51.45582394,7.42217784,155.08,37.18,-0.02,341.43,1,-111.00,-5.00,7.00,9.00,13.00,18.00,13395469,221
398.01,1565931241,8678.47,51.45613724,7.42200164,154.59,37.10,-0.08,340.37,1,-111.00,-5.00,7.00,9.00,13.00,18.00,13395469,221
399.01,1565931242,8715.53,51.45645004,7.42181675,154.15,36.98,-0.12,339.35,1,-107.00,-5.00,6.00,11.00,12.00,18.00,13395469,221
400.01,1565931243,8752.55,51.45675846,7.42162486,153.73,36.90,-0.08,338.32,1,-107.00,-5.00,6.00,11.00,12.00,18.00,13395469,221
401.02,1565931244,8789.77,51.45706346,7.42142161,153.33,36.60,-0.30,337.16,1,-105.00,-4.00,6.00,11.00,17.00,18.00,13395469,221
402.01,1565931245,8826.04,51.45736707,7.42121523,153.01,36.48,-0.11,336.29,1,-105.00,-4.00,6.00,11.00,17.00,18.00,13395469,221
403.01,1565931246,8862.49,51.45766459,7.42099506,152.75,36.40,-0.08,335.07,1,-105.00,-4.00,6.00,11.00,17.00,18.00,13395469,221
404.01,1565931247,8898.89,51.45795778,7.42077028,152.49,36.20,-0.20,333.99,1,-108.00,-4.00,6.00,11.00,15.00,18.00,13395469,221
405.01,1565931248,8935.09,51.45824738,7.42053961,152.30,36.14,-0.06,332.94,1,-108.00,-4.00,6.00,11.00,15.00,18.00,13395469,221
406.01,1565931249,8971.23,51.45853790,7.42030570,152.12,36.08,-0.06,332.19,1,-104.00,-5.00,6.00,11.00,17.00,18.00,13395469,221
407.01,1565931250,9007.31,51.45882308,7.42006149,151.97,36.12,0.04,331.27,1,-104.00,-5.00,6.00,11.00,17.00,18.00,13395469,221
408.01,1565931251,9043.47,51.45911459,7.41980962,151.65,36.18,0.07,330.39,1,-99.00,-5.00,6.00,11.00,26.00,18.00,13395469,221
409.01,1565931252,9079.65,51.45939917,7.41954423,151.28,36.35,0.17,329.19,1,-99.00,-5.00,6.00,11.00,26.00,18.00,13395469,221
410.01,1565931253,9115.97,51.45967870,7.41926813,150.95,36.47,0.12,327.96,1,-97.00,-4.00,16.00,11.00,38.00,10.00,13395469,221
411.01,1565931254,9152.44,51.45995328,7.41898358,150.70,36.53,0.05,326.67,1,-97.00,-4.00,16.00,11.00,38.00,10.00,13395469,221
412.01,1565931255,9189.00,51.46022565,7.41868977,150.49,36.66,0.14,325.55,1,-109.00,-6.00,7.00,2.00,17.00,10.00,13395469,221
413.01,1565931256,9225.66,51.46049740,7.41839453,150.47,36.77,0.10,324.80,1,-109.00,-6.00,7.00,2.00,17.00,10.00,13395469,221
414.00,1565931257,9262.32,51.46076974,7.41808347,150.37,36.95,0.18,324.17,1,-105.00,-5.00,18.00,2.00,21.00,10.00,13395469,221
415.01,1565931258,9299.38,51.46103688,7.41776610,150.45,37.07,0.12,322.61,1,-105.00,-5.00,18.00,2.00,21.00,10.00,13395469,221
416.01,1565931259,9336.38,51.46130142,7.41743211,150.40,37.25,0.17,321.56,1,-101.00,-5.00,16.00,2.00,24.00,10.00,13395469,221
417.01,1565931260,9373.63,51.46156323,7.41709080,150.49,37.39,0.14,320.51,1,-101.00,-5.00,16.00,2.00,24.00,10.00,13395469,221
418.01,1565931261,9411.02,51.46182309,7.41675204,150.53,37.45,0.06,320.23,1,-101.00,-4.00,17.00,2.00,22.00,10.00,13395469,221
419.01,1565931262,9448.51,51.46207685,7.41639916,150.70,37.62,0.17,319.04,1,-101.00,-4.00,17.00,2.00,22.00,10.00,13395469,221
420.01,1565931263,9486.09,51.46233108,7.41604499,150.79,37.81,0.18,318.10,1,-101.00,-3.00,10.00,2.00,21.00,10.00,13395469,221
421.01,1565931264,9523.90,51.46257528,7.41567511,150.89,37.81,0.01,316.37,1,-101.00,-3.00,10.00,2.00,21.00,10.00,13395469,221
422.01,1565931265,9562.05,51.46281495,7.41529790,150.85,37.80,-0.02,315.26,1,-104.00,-4.00,7.00,2.00,18.00,10.00,13395469,221
423.01,1565931266,9599.51,51.46305953,7.41490961,150.89,37.95,0.15,314.39,1,-104.00,-4.00,7.00,2.00,18.00,10.00,13395469,221
424.00,1565931267,9637.42,51.46329775,7.41450633,150.95,37.97,0.02,313.17,1,-104.00,-4.00,7.00,2.00,18.00,10.00,13395469,221
425.00,1565931268,9675.39,51.46352464,7.41410566,151.17,37.94,-0.03,312.07,1,-105.00,-4.00,21.00,2.00,19.00,10.00,13395469,221
426.00,1565931269,9713.33,51.46375275,7.41369858,151.51,38.14,0.20,311.30,1,-105.00,-4.00,21.00,2.00,19.00,10.00,13395469,221
427.00,1565931270,9751.47,51.46397511,7.41328221,151.75,38.16,0.02,310.34,1,-106.00,-5.00,9.00,2.00,17.00,10.00,13395469,221
428.01,1565931271,9789.67,51.46419890,7.41286103,152.09,38.34,0.18,309.79,1,-106.00,-5.00,9.00,2.00,17.00,10.00,13395469,221
429.01,1565931272,9828.01,51.46441683,7.41242752,152.60,38.38,0.04,309.20,1,-107.00,-5.00,13.00,2.00,17.00,10.00,13395469,221
430.01,1565931273,9866.39,51.46463554,7.41199167,153.07,38.48,0.10,308.64,1,-107.00,-5.00,13.00,2.00,17.00,10.00,13395469,221
431.00,1565931274,9904.83,51.46485194,7.41155852,153.59,38.51,0.04,308.29,1,-111.00,-6.00,0.00,2.00,13.00,10.00,13395469,221
432.00,1565931275,9943.19,51.46506403,7.41112193,154.04,38.50,-0.01,308.12,1,-111.00,-6.00,0.00,2.00,13.00,10.00,13395469,221
433.01,1565931276,9981.92,51.46527575,7.41068557,154.41,37.67,-0.83,308.05,1,-114.00,-8.00,-1.00,2.00,13.00,10.00,13395469,221
434.01,1565931277,10019.59,51.46548260,7.41025993,154.90,36.93,-0.74,308.08,1,-114.00,-8.00,-1.00,2.00,13.00,10.00,13395469,221
435.01,1565931278,10056.48,51.46568662,7.40984988,155.06,36.93,-0.00,308.09,1,-89.00,-5.00,21.00,2.00,32.00,10.00,13395458,112
436.00,1565931279,10093.37,51.46588844,7.40943679,155.20,36.84,-0.08,308.27,1,-89.00,-5.00,21.00,2.00,32.00,10.00,13395458,112
437.00,1565931280,10130.22,51.46609053,7.40902459,155.28,36.81,-0.04,308.13,1,-112.00,-7.00,-5.00,2.00,14.00,10.00,13532430,433
438.01,1565931281,10167.06,51.46629432,7.40860949,155.46,36.35,-0.46,307.76,1,-112.00,-7.00,-5.00,2.00,14.00,10.00,13532430,433
439.01,1565931282,10203.55,51.46649636,7.40819882,155.72,35.80,-0.54,308.89,1,-124.00,-12.00,-14.00,2.00,7.00,10.00,13395469,221
440.01,1565931283,10239.39,51.46669785,7.40780611,156.07,34.69,-1.11,309.13,1,-124.00,-12.00,-14.00,2.00,7.00,10.00,13395469,221
441.01,1565931284,10274.09,51.46689315,7.40741959,156.43,33.91,-0.79,310.11,1,-93.00,-8.00,10.00,2.00,33.00,10.00,13395458,112
442.01,1565931285,10308.03,51.46709124,7.40705656,156.83,33.02,-0.88,311.35,1,-93.00,-8.00,10.00,2.00,33.00,10.00,13395458,112
443.01,1565931286,10341.12,51.46728630,7.40670314,157.22,32.40,-0.63,312.06,1,-90.00,-6.00,19.00,2.00,35.00,10.00,13395458,112
444.00,1565931287,10373.22,51.46747749,7.40635695,157.62,31.68,-0.72,311.02,1,-90.00,-6.00,19.00,2.00,35.00,10.00,13395458,112
445.00,1565931288,10404.91,51.46766056,7.40602231,157.79,31.00,-0.69,310.55,1,-90.00,-6.00,19.00,2.00,35.00,10.00,13395458,112
446.01,1565931289,10436.00,51.46784419,7.40568549,157.93,30.78,-0.21,310.92,1,-85.00,-4.00,2.00,2.00,36.00,10.00,13395458,112
447.01,1565931290,10466.75,51.46802406,7.40535672,158.04,30.43,-0.35,311.02,1,-85.00,-4.00,2.00,2.00,36.00,10.00,13395458,112
448.01,1565931291,10497.16,51.46820313,7.40503247,158.22,30.25,-0.19,311.41,1,-110.00,-8.00,7.00,2.00,16.00,10.00,13532430,433
449.01,1565931292,10527.41,51.46838421,7.40470402,158.46,30.08,-0.17,311.97,1,-110.00,-8.00,7.00,2.00,16.00,10.00,13532430,433
450.01,1565931293,10557.49,51.46856499,7.40438742,158.72,29.97,-0.11,312.40,1,-110.00,-7.00,-3.00,2.00,16.00,10.00,13532430,433
451.01,1565931294,10587.46,51.46874630,7.40407198,158.97,29.94,-0.04,312.67,1,-110.00,-7.00,-3.00,2.00,16.00,10.00,13532430,433
452.01,1565931295,10617.55,51.46892854,7.40375582,159.20,29.94,-0.00,312.69,1,-117.00,-10.00,-7.00,2.00,12.00,10.00,13532430,433
453.01,1565931296,10647.48,51.46911114,7.40343865,159.50,30.07,0.13,312.89,1,-117.00,-10.00,-7.00,2.00,12.00,10.00,13532430,433
454.01,1565931297,10677.43,51.46928816,7.40312813,159.88,29.97,-0.10,313.19,1,-122.00,-10.00,-5.00,4.00,7.00,12.00,13395469,221
455.01,1565931298,10707.43,51.46946815,7.40282615,160.17,30.14,0.17,313.77,1,-122.00,-10.00,-5.00,4.00,7.00,12.00,13395469,221
456.01,1565931299,10737.57,51.46964948,7.40251598,160.34,30.23,0.09,314.33,1,-95.00,-6.00,10.00,2.00,32.00,12.00,13022465,205
457.00,1565931300,10767.62,51.46984049,7.40218912,160.50,30.45,0.22,314.62,1,-95.00,-6.00,10.00,2.00,32.00,12.00,13022465,205
458.01,1565931301,10798.22,51.47004061,7.40187152,160.85,30.61,0.16,315.28,1,-96.00,-6.00,7.00,2.00,31.00,12.00,13022465,205
459.01,1565931302,10828.87,51.47023963,7.40155665,161.37,30.68,0.07,315.50,1,-96.00,-6.00,7.00,2.00,31.00,12.00,13022465,205
460.01,1565931303,10859.58,51.47044277,7.40123791,161.80,30.92,0.24,316.11,1,-99.00,-7.00,7.00,2.00,29.00,12.00,13022465,205
461.01,1565931304,10890.51,51.47064828,7.40092853,162.16,31.06,0.13,316.39,1,-99.00,-7.00,7.00,2.00,29.00,12.00,13022465,205
462.01,1565931305,10921.57,51.47085294,7.40062244,162.30,31.16,0.10,316.46,1,-103.00,-9.00,2.00,2.00,26.00,12.00,13022465,205
463.01,1565931306,10952.73,51.47105738,7.40031514,162.22,31.29,0.13,316.78,1,-103.00,-9.00,2.00,2.00,26.00,12.00,13022465,205
464.02,1565931307,10984.27,51.47126938,7.40000465,162.37,31.42,0.13,317.40,1,-103.00,-9.00,10.00,2.00,26.00,12.00,13022465,205
465.01,1565931308,11015.41,51.47147625,7.39970261,162.29,31.52,0.10,317.67,1,-103.00,-9.00,10.00,2.00,26.00,12.00,13022465,205
466.01,1565931309,11046.93,51.47168262,7.39940634,162.09,31.05,-0.47,318.08,1,-103.00,-9.00,10.00,2.00,26.00,12.00,13022465,205
467.01,1565931310,11077.92,51.47189104,7.39910638,162.01,30.83,-0.22,318.19,1,-100.00,-7.00,10.00,2.00,27.00,12.00,13022465,205
468.00,1565931311,11108.71,51.47209977,7.39881583,161.90,30.80,-0.03,318.72,1,-100.00,-7.00,10.00,2.00,27.00,12.00,13022465,205
469.00,1565931312,11139.51,51.47230958,7.39852638,161.92,30.86,0.06,319.13,1,-110.00,-6.00,8.00,2.00,13.00,12.00,13067529,354
470.01,1565931313,11170.40,51.47252081,7.39823219,162.10,30.88,0.02,319.15,1,-110.00,-6.00,8.00,2.00,13.00,12.00,13067529,354
471.01,1565931314,11201.28,51.47273514,7.39793719,162.57,30.90,0.02,319.39,1,-108.00,-5.00,8.00,2.00,14.00,12.00,13067529,354
472.01,1565931315,11232.18,51.47630020,7.39528300,163.11,30.97,0.07,319.76,1,-108.00,-5.00,8.00,2.00,14.00,12.00,13067529,354
473.01,1565931316,11263.18,51.47316706,7.39735632,163.74,31.07,0.11,320.43,1,-110.00,-5.00,11.00,12.00,14.00,16.00,13067529,354
474.01,1565931317,11294.22,51.47338424,7.39707246,164.36,31.17,0.10,320.88,1,-110.00,-5.00,11.00,12.00,14.00,16.00,13067529,354
475.01,1565931318,11325.39,51.47360247,7.39679140,164.97,31.21,0.04,321.11,1,-116.00,-6.00,-9.00,10.00,8.00,16.00,13067529,354
476.00,1565931319,11356.57,51.47382445,7.39651956,165.51,31.16,-0.05,322.08,1,-116.00,-6.00,-9.00,10.00,8.00,16.00,13067529,354
477.00,1565931320,11387.72,51.47404799,7.39624573,166.05,31.12,-0.04,322.52,1,-84.00,-4.00,21.00,2.00,48.00,9.00,13022465,205
478.01,1565931321,11418.97,51.47427068,7.39598574,166.42,30.90,-0.22,323.45,1,-84.00,-4.00,21.00,2.00,48.00,9.00,13022465,205
479.00,1565931322,11449.59,51.47449313,7.39572608,166.83,30.37,-0.54,324.24,1,-87.00,-4.00,13.00,15.00,38.00,9.00,13022465,205
480.00,1565931323,11480.11,51.47471732,7.39547913,167.36,29.95,-0.42,325.44,1,-87.00,-4.00,13.00,15.00,38.00,9.00,13022465,205
481.00,1565931324,11510.03,51.47494138,7.39524330,167.80,29.76,-0.19,326.99,1,-89.00,-10.00,17.00,15.00,41.00,9.00,13022465,205
482.00,1565931325,11539.80,51.47517285,7.39501261,168.46,29.76,0.00,328.13,1,-89.00,-10.00,17.00,15.00,41.00,9.00,13022465,205
483.00,1565931326,11569.59,51.47540431,7.39478543,169.20,29.65,-0.12,329.14,1,-74.00,-6.00,21.00,15.00,52.00,9.00,13022465,205
484.01,1565931327,11599.27,51.47563168,7.39456018,169.88,29.64,-0.01,329.85,1,-74.00,-6.00,21.00,15.00,52.00,9.00,13022465,205
485.01,1565931328,11629.14,51.47585907,7.39434333,170.48,29.46,-0.17,330.24,1,-81.00,-3.00,28.00,15.00,43.00,9.00,13022465,205
486.01,1565931329,11658.40,51.47608242,7.39413765,171.02,28.76,-0.70,330.86,1,-81.00,-3.00,28.00,15.00,43.00,9.00,13022465,205
487.00,1565931330,11687.11,51.47630731,7.39394630,171.47,28.07,-0.70,332.55,1,-81.00,-3.00,28.00,15.00,43.00,9.00,13022465,205
488.00,1565931331,11715.17,51.47653005,7.39376975,171.91,27.44,-0.63,333.94,1,-64.00,-3.00,27.00,15.00,59.00,9.00,13022465,205
489.00,1565931332,11742.62,51.47674242,7.39361116,172.20,25.76,-1.68,335.55,1,-64.00,-3.00,27.00,15.00,59.00,9.00,13022465,205
490.00,1565931333,11768.38,51.47694650,7.39346327,172.56,24.54,-1.22,336.37,1,-65.00,-3.00,32.00,15.00,61.00,9.00,13022465,205
491.00,1565931334,11792.91,51.47714162,7.39333135,172.96,22.96,-1.58,336.88,1,-65.00,-3.00,32.00,15.00,61.00,9.00,13022465,205
492.00,1565931335,11815.85,51.47732299,7.39322377,173.38,20.80,-2.16,339.57,1,-78.00,-4.00,23.00,15.00,44.00,9.00,13022465,205
493.00,1565931336,11836.68,51.47749816,7.39314162,173.83,19.61,-1.19,344.42,1,-78.00,-4.00,23.00,15.00,44.00,9.00,13022465,205
494.00,1565931337,11856.29,51.47767100,7.39308497,174.49,18.71,-0.90,350.35,1,-78.00,-3.00,9.00,15.00,47.00,9.00,13022465,205
495.01,1565931338,11875.03,51.47784911,7.39304178,174.99,18.99,0.28,352.75,1,-78.00,-3.00,9.00,15.00,47.00,9.00,13022465,205
496.01,1565931339,11894.00,51.47802865,7.39305555,175.10,18.75,-0.24,5.30,1,-67.00,-3.00,22.00,15.00,59.00,9.00,13022465,205
497.00,1565931340,11912.73,51.47818135,7.39307825,175.29,17.01,-1.74,7.67,1,-67.00,-3.00,22.00,15.00,59.00,9.00,13022465,205
498.00,1565931341,11929.74,51.47833441,7.39312418,175.45,15.91,-1.10,11.04,1,-81.00,-5.00,30.00,15.00,49.00,9.00,13022465,205
499.01,1565931342,11945.67,51.47847866,7.39322701,175.34,17.33,1.42,24.94,1,-81.00,-5.00,30.00,15.00,49.00,9.00,13022465,205
500.00,1565931343,11962.98,51.47862024,7.39334067,176.20,17.00,-0.33,27.01,1,-80.00,-4.00,25.00,15.00,44.00,9.00,13022465,205
501.00,1565931344,11979.98,51.47876099,7.39346459,177.12,17.19,0.19,29.18,1,-80.00,-4.00,25.00,15.00,44.00,9.00,13022465,205
502.00,1565931345,11997.17,51.47889466,7.39359906,178.38,17.08,-0.11,30.78,1,-89.00,-4.00,25.00,14.00,36.00,9.00,13022465,205
503.00,1565931346,12014.25,51.47902308,7.39372909,179.43,16.46,-0.62,29.81,1,-89.00,-4.00,25.00,14.00,36.00,9.00,13022465,205
504.00,1565931347,12030.71,51.47915376,7.39380189,179.77,14.77,-1.69,14.23,1,-91.00,-6.00,11.00,8.00,34.00,9.00,13022465,205
505.00,1565931348,12045.48,51.47927505,7.39384405,180.47,14.51,-0.26,10.42,1,-91.00,-6.00,11.00,8.00,34.00,9.00,13022465,205
506.01,1565931349,12060.10,51.47940443,7.39381344,180.74,14.49,-0.02,349.16,1,-93.00,-4.00,-13.00,10.00,31.00,9.00,13022465,205
507.00,1565931350,12074.47,51.47952730,7.39376565,181.76,14.79,0.31,345.70,1,-93.00,-4.00,-13.00,10.00,31.00,9.00,13022465,205
508.00,1565931351,12089.26,51.47964242,7.39369674,182.75,14.87,0.07,341.77,1,-93.00,-4.00,-13.00,10.00,31.00,9.00,13022465,205
509.00,1565931352,12104.13,51.47976920,7.39361245,183.88,15.09,0.23,339.14,1,-100.00,-7.00,-16.00,9.00,28.00,9.00,13022465,205
510.00,1565931353,12119.22,51.47989030,7.39352441,185.02,14.78,-0.31,337.99,1,-100.00,-7.00,-16.00,9.00,28.00,9.00,13022465,205
511.01,1565931354,12134.05,51.48000277,7.39344164,185.97,13.36,-1.41,338.74,1,-72.00,-3.00,25.00,2.00,59.00,5.00,13067529,354
512.01,1565931355,12147.44,51.48010198,7.39342581,186.25,10.48,-2.88,0.40,1,-72.00,-3.00,25.00,2.00,59.00,5.00,13067529,354
513.00,1565931356,12157.83,51.48020610,7.39346315,186.56,9.84,-0.65,19.54,1,-68.00,-4.00,23.00,15.00,53.00,5.00,13067529,354
514.00,1565931357,12167.67,51.48027857,7.39353512,186.88,10.54,0.70,38.93,1,-68.00,-4.00,23.00,15.00,53.00,5.00,13067529,354
515.00,1565931358,12178.19,51.48033445,7.39364466,187.26,11.48,0.95,56.18,1,-70.00,-4.00,25.00,14.00,50.00,5.00,13067529,354
516.01,1565931359,12189.74,51.48038234,7.39375993,187.72,12.40,0.91,57.36,1,-70.00,-4.00,25.00,14.00,50.00,5.00,13067529,354
517.00,1565931360,12202.09,51.48045045,7.39391965,188.17,13.25,0.86,58.26,1,-87.00,-3.00,13.00,14.00,33.00,4.00,13067529,354
518.01,1565931361,12215.41,51.48051683,7.39409350,188.73,14.14,0.89,58.66,1,-87.00,-3.00,13.00,14.00,33.00,4.00,13067529,354
519.00,1565931362,12229.44,51.48058711,7.39427512,189.21,14.97,0.83,59.03,1,-82.00,-3.00,-5.00,6.00,47.00,4.00,13067529,354
520.00,1565931363,12244.50,51.48065571,7.39447157,189.35,15.85,0.87,59.81,1,-82.00,-3.00,-5.00,6.00,47.00,4.00,13067529,354
521.00,1565931364,12260.35,51.48072535,7.39467262,189.18,16.48,0.63,60.55,1,-81.00,-4.00,15.00,14.00,35.00,4.00,13067529,354
522.01,1565931365,12276.85,51.48080709,7.39488971,189.55,17.30,0.82,60.28,1,-81.00,-4.00,15.00,14.00,35.00,4.00,13067529,354
523.01,1565931366,12294.18,51.48088975,7.39512170,189.97,17.33,0.03,60.48,1,-90.00,-5.00,6.00,10.00,32.00,4.00,13067529,354
524.01,1565931367,12311.49,51.48096244,7.39533130,189.74,17.56,0.23,60.20,1,-90.00,-5.00,6.00,10.00,32.00,4.00,13067529,354
525.00,1565931368,12329.01,51.48103473,7.39553871,189.41,17.73,0.17,60.06,1,-77.00,-5.00,14.00,6.00,54.00,4.00,13067529,354
526.00,1565931369,12346.74,51.48111084,7.39575503,189.07,17.10,-0.63,60.87,1,-77.00,-5.00,14.00,6.00,54.00,4.00,13067529,354
527.01,1565931370,12364.01,51.48118271,7.39596974,188.69,16.91,-0.19,60.25,1,-79.00,-7.00,13.00,14.00,44.00,4.00,13067529,354
528.01,1565931371,12380.80,51.48125696,7.39618407,188.65,16.73,-0.18,60.10,1,-79.00,-7.00,13.00,14.00,44.00,4.00,13067529,354
529.01,1565931372,12397.52,51.48133479,7.39639676,188.64,16.55,-0.18,59.92,1,-79.00,-7.00,13.00,14.00,44.00,4.00,13067529,354
530.01,1565931373,12414.05,51.48141984,7.39660978,189.45,16.72,0.17,59.77,1,-87.00,-8.00,12.00,14.00,40.00,5.00,13067528,354
531.00,1565931374,12430.76,51.48149617,7.39681526,189.62,16.65,-0.08,59.12,1,-87.00,-8.00,12.00,14.00,40.00,5.00,13067528,354
532.01,1565931375,12447.44,51.48157119,7.39701051,189.63,16.27,-0.37,58.49,1,-82.00,-4.00,7.00,14.00,39.00,5.00,13067528,356
533.00,1565931376,12463.63,51.48170250,7.39617640,189.57,16.08,-0.19,57.65,1,-82.00,-4.00,7.00,14.00,39.00,5.00,13067528,356
534.01,1565931377,12479.78,51.48173158,7.39739347,189.36,15.79,-0.29,56.62,1,-69.00,-3.00,6.00,6.00,61.00,5.00,13067528,356
535.00,1565931378,12495.56,51.48181102,7.39757436,189.38,15.47,-0.33,55.71,1,-69.00,-3.00,6.00,6.00,61.00,5.00,13067528,356
536.01,1565931379,12511.04,51.48189544,7.39775571,189.55,15.00,-0.46,54.64,1,-78.00,-3.00,12.00,14.00,44.00,5.00,13067528,356
537.01,1565931380,12526.04,51.48198337,7.39793534,189.94,14.77,-0.23,53.38,1,-78.00,-3.00,12.00,14.00,44.00,5.00,13067528,356
538.01,1565931381,12540.82,51.48206349,7.39808789,190.44,13.81,-0.96,51.98,1,-80.00,-3.00,-2.00,14.00,40.00,5.00,13067528,356
539.01,1565931382,12554.62,51.48214469,7.39823710,191.09,12.21,-1.60,50.42,1,-80.00,-3.00,-2.00,14.00,40.00,5.00,13067528,356
540.00,1565931383,12566.75,51.48221826,7.39836597,191.69,10.50,-1.72,48.79,1,-78.00,-3.00,-5.00,14.00,41.00,5.00,13067528,356
541.01,1565931384,12577.32,51.48227395,7.39845372,192.16,8.51,-1.99,47.21,1,-78.00,-3.00,-5.00,14.00,41.00,5.00,13067528,356
542.01,1565931385,12585.88,51.48232401,7.39852832,192.50,6.35,-2.14,45.38,1,-79.00,-4.00,-6.00,14.00,43.00,5.00,13067528,356
543.00,1565931386,12592.17,51.48235860,7.39857222,192.54,3.77,-2.60,44.74,1,-79.00,-4.00,-6.00,14.00,43.00,5.00,13067528,356
544.00,1565931387,12595.95,51.48238777,7.39859540,192.60,2.58,-1.19,29.30,1,-71.00,-3.00,6.00,6.00,46.00,6.00,13067528,356
545.01,1565931388,12598.53,51.48239460,7.39859127,192.63,0.31,-2.27,29.30,1,-71.00,-3.00,6.00,6.00,46.00,6.00,13067528,356
546.01,1565931389,12598.84,51.48239460,7.39859127,192.63,0.00,-0.31,29.30,1,-71.00,-3.00,24.00,14.00,43.00,6.00,13067528,356
547.00,1565931390,12598.84,51.48239460,7.39859127,192.63,0.00,0.00,29.30,1,-71.00,-3.00,24.00,14.00,43.00,6.00,13067528,356
548.01,1565931391,12598.84,51.48239460,7.39859127,192.63,0.00,0.00,29.30,1,-75.00,-4.00,18.00,10.00,43.00,6.00,13067528,356
549.01,1565931392,12598.84,51.48239460,7.39859127,192.63,0.00,0.00,29.30,1,-75.00,-4.00,18.00,10.00,43.00,6.00,13067528,356
550.01,1565931393,12598.84,51.48239460,7.39859127,192.62,0.00,0.00,29.30,1,-75.00,-4.00,18.00,10.00,43.00,6.00,13067528,356
551.01,1565931394,12598.84,51.48239460,7.39859127,192.62,0.00,0.00,29.30,1,-71.00,-3.00,-4.00,10.00,41.00,6.00,13067528,356
552.01,1565931395,12598.84,51.48239460,7.39859127,192.61,0.00,0.00,29.30,1,-71.00,-3.00,-4.00,10.00,41.00,6.00,13067528,356
553.01,1565931396,12598.84,51.48239460,7.39859127,192.61,0.00,0.00,29.30,1,-71.00,-3.00,-10.00,10.00,41.00,6.00,13067528,356
554.01,1565931397,12598.84,51.48239460,7.39859127,192.60,0.00,0.00,29.30,1,-71.00,-3.00,-10.00,10.00,41.00,6.00,13067528,356
555.01,1565931398,12598.84,51.48239460,7.39859127,192.59,0.00,0.00,29.30,1,-70.00,-3.00,19.00,15.00,41.00,6.00,13067528,356
556.01,1565931399,12598.84,51.48239460,7.39859127,192.58,0.00,0.00,29.30,1,-70.00,-3.00,19.00,15.00,41.00,6.00,13067528,356
557.01,1565931400,12598.84,51.48239460,7.39859127,192.56,0.00,0.00,29.30,1,-70.00,-3.00,27.00,15.00,41.00,6.00,13067528,356
558.01,1565931401,12598.84,51.48239460,7.39859127,192.56,0.00,0.00,29.30,1,-70.00,-3.00,27.00,15.00,41.00,6.00,13067528,356
559.01,1565931402,12598.84,51.48239460,7.39859127,192.55,0.00,0.00,29.30,1,-72.00,-3.00,3.00,9.00,41.00,6.00,13067528,356
560.01,1565931403,12598.84,51.48239460,7.39859127,192.54,0.00,0.00,29.30,1,-72.00,-3.00,3.00,9.00,41.00,6.00,13067528,356
561.01,1565931404,12598.84,51.48239460,7.39859127,192.53,0.00,0.00,29.30,1,-71.00,-3.00,-7.00,9.00,41.00,6.00,13067528,356
562.01,1565931405,12598.84,51.48239460,7.39859127,192.53,0.00,0.00,29.30,1,-71.00,-3.00,-7.00,9.00,41.00,6.00,13067528,356
563.01,1565931406,12598.84,51.48239460,7.39859127,192.52,0.00,0.00,29.30,1,-75.00,-3.00,-8.00,10.00,41.00,6.00,13067528,356
564.00,1565931407,12598.84,51.48239460,7.39859127,192.52,0.00,0.00,29.30,1,-75.00,-3.00,-8.00,10.00,41.00,6.00,13067528,356
565.01,1565931408,12598.84,51.48239460,7.39859127,192.51,0.00,0.00,29.30,1,-71.00,-3.00,25.00,2.00,52.00,6.00,13067528,356
566.01,1565931409,12598.84,51.48239460,7.39859127,192.51,0.00,0.00,29.30,1,-71.00,-3.00,25.00,2.00,52.00,6.00,13067528,356
567.01,1565931410,12598.84,51.48239460,7.39859127,192.50,0.00,0.00,29.30,1,-76.00,-4.00,10.00,15.00,44.00,6.00,13067528,356
568.01,1565931411,12598.84,51.48239460,7.39859127,192.50,0.00,0.00,29.30,1,-76.00,-4.00,10.00,15.00,44.00,6.00,13067528,356
569.01,1565931412,12598.84,51.48239460,7.39859127,192.50,0.00,0.00,29.30,1,-75.00,-3.00,4.00,15.00,44.00,6.00,13067528,356
570.01,1565931413,12598.84,51.48239460,7.39859127,192.49,0.00,0.00,29.30,1,-75.00,-3.00,4.00,15.00,44.00,6.00,13067528,356
571.01,1565931414,12598.84,51.48239460,7.39859127,192.48,0.00,0.00,29.30,1,-75.00,-3.00,4.00,15.00,44.00,6.00,13067528,356
572.01,1565931415,12598.84,51.48239460,7.39859127,192.48,0.00,0.00,29.30,1,-70.00,-3.00,4.00,6.00,55.00,6.00,13067528,356
573.01,1565931416,12598.84,51.48239460,7.39859127,192.48,0.00,0.00,29.30,1,-70.00,-3.00,4.00,6.00,55.00,6.00,13067528,356
574.00,1565931417,12598.84,51.48239460,7.39859127,192.48,0.00,0.00,29.30,1,-71.00,-3.00,6.00,6.00,55.00,6.00,13067528,356
575.00,1565931418,12598.84,51.48239460,7.39859127,192.48,0.00,0.00,29.30,1,-71.00,-3.00,6.00,6.00,55.00,6.00,13067528,356
576.01,1565931419,12598.84,51.48239460,7.39859127,192.49,0.00,0.00,29.30,1,-75.00,-4.00,29.00,15.00,42.00,6.00,13067528,356
577.00,1565931420,12598.84,51.48239460,7.39859127,192.49,0.00,0.00,29.30,1,-75.00,-4.00,29.00,15.00,42.00,6.00,13067528,356
578.01,1565931421,12598.84,51.48239460,7.39859127,192.51,0.00,0.00,29.30,1,-76.00,-8.00,23.00,8.00,49.00,6.00,13067528,356
579.01,1565931422,12598.84,51.48239460,7.39859127,192.52,0.00,0.00,46.90,1,-76.00,-8.00,23.00,8.00,49.00,6.00,13067528,356
580.01,1565931423,12598.84,51.48244564,7.39865869,192.69,0.00,0.00,44.31,1,-78.00,-4.00,22.00,15.00,43.00,6.00,13067528,356
581.01,1565931424,12598.84,51.48250915,7.39874485,192.91,9.04,0.00,42.10,1,-78.00,-4.00,22.00,15.00,43.00,6.00,13067528,356
582.01,1565931425,12607.88,51.48258182,7.39883621,193.17,10.11,1.07,40.16,1,-84.00,-4.00,27.00,15.00,36.00,6.00,13067528,356
583.01,1565931426,12617.99,51.48265689,7.39892749,193.26,10.63,0.52,38.43,1,-84.00,-4.00,27.00,15.00,36.00,6.00,13067528,356
584.01,1565931427,12628.62,51.48272710,7.39900427,193.22,10.20,-0.43,37.24,1,-82.00,-3.00,5.00,15.00,37.00,6.00,13067528,356
585.01,1565931428,12638.83,51.48280857,7.39909514,192.92,10.01,-0.19,37.76,1,-82.00,-3.00,5.00,15.00,37.00,6.00,13067528,356
586.01,1565931429,12648.83,51.48289933,7.39919761,192.56,11.53,1.52,36.20,1,-87.00,-5.00,-4.00,15.00,37.00,6.00,13067528,356
587.00,1565931430,12660.36,51.48298718,7.39929084,192.07,12.33,0.79,35.05,1,-87.00,-5.00,-4.00,15.00,37.00,6.00,13067528,356
588.00,1565931431,12672.68,51.48307398,7.39938622,191.60,12.97,0.65,34.60,1,-83.00,-3.00,6.00,6.00,46.00,6.00,13067528,356
589.01,1565931432,12685.67,51.48317157,7.39949318,191.46,13.53,0.56,34.22,1,-83.00,-3.00,6.00,6.00,46.00,6.00,13067528,356
590.01,1565931433,12699.28,51.48327725,7.39960892,190.84,14.08,0.54,34.32,1,-89.00,-3.00,4.00,6.00,45.00,7.00,13067528,356
591.00,1565931434,12713.26,51.48338035,7.39971753,190.31,14.25,0.18,34.34,1,-89.00,-3.00,4.00,6.00,45.00,7.00,13067528,356
592.00,1565931435,12727.51,51.48349147,7.39983840,189.58,14.70,0.45,34.41,1,-89.00,-3.00,4.00,6.00,45.00,7.00,13067528,356
593.01,1565931436,12742.22,51.48360253,7.39995485,188.77,15.09,0.39,34.59,1,-85.00,-3.00,18.00,15.00,35.00,7.00,13067528,356
594.01,1565931437,12757.31,51.48371198,7.40007324,188.16,15.02,-0.07,35.10,1,-85.00,-3.00,18.00,15.00,35.00,7.00,13067528,356
595.00,1565931438,12772.32,51.48381968,7.40019877,187.72,15.06,0.04,36.92,1,-89.00,-3.00,1.00,15.00,32.00,7.00,13067528,356
596.00,1565931439,12787.38,51.48393248,7.40032768,187.74,15.30,0.24,37.32,1,-89.00,-3.00,1.00,15.00,32.00,7.00,13067528,356
597.01,1565931440,12802.69,51.48403948,7.40045705,187.40,15.11,-0.18,37.62,1,-92.00,-3.00,-5.00,15.00,30.00,7.00,13067528,356
598.01,1565931441,12817.81,51.48415808,7.40060518,187.08,14.81,-0.30,38.82,1,-92.00,-3.00,-5.00,15.00,30.00,7.00,13067528,356
599.01,1565931442,12832.62,51.48426814,7.40074510,186.74,15.63,0.82,39.18,1,-92.00,-3.00,-5.00,15.00,31.00,7.00,13067528,356
600.01,1565931443,12848.26,51.48437984,7.40089684,186.57,15.06,-0.57,40.02,1,-92.00,-3.00,-5.00,15.00,31.00,7.00,13067528,356
601.00,1565931444,12863.30,51.48448351,7.40103776,186.44,15.40,0.34,40.74,1,-95.00,-3.00,-5.00,15.00,27.00,7.00,13067528,356
602.00,1565931445,12878.70,51.48458638,7.40118350,186.34,16.18,0.77,41.48,1,-95.00,-3.00,-5.00,15.00,27.00,7.00,13067528,356
603.01,1565931446,12894.89,51.48470374,7.40135134,186.58,16.12,-0.05,42.36,1,-95.00,-4.00,-6.00,15.00,25.00,7.00,13067528,356
604.01,1565931447,12911.02,51.48481424,7.40152050,186.81,15.99,-0.13,43.18,1,-95.00,-4.00,-6.00,15.00,25.00,7.00,13067528,356
605.01,1565931448,12927.02,51.48492684,7.40169698,186.94,16.12,0.13,43.96,1,-98.00,-3.00,-6.00,15.00,24.00,7.00,13067528,356
606.01,1565931449,12943.14,51.48502866,7.40186329,186.83,16.26,0.14,44.43,1,-98.00,-3.00,-6.00,15.00,24.00,7.00,13067528,356
607.01,1565931450,12959.38,51.48512931,7.40202858,186.63,16.45,0.19,45.38,1,-96.00,-4.00,-6.00,15.00,24.00,7.00,13067528,356
608.01,1565931451,12975.84,51.48522949,7.40220411,186.56,16.51,0.06,46.22,1,-96.00,-4.00,-6.00,15.00,24.00,7.00,13067528,356
609.01,1565931452,12992.35,51.48532533,7.40237856,186.38,16.28,-0.24,47.28,1,-96.00,-4.00,-6.00,15.00,25.00,7.00,13067528,356
610.01,1565931453,13008.63,51.48542206,7.40255577,185.98,16.07,-0.21,48.27,1,-96.00,-4.00,-6.00,15.00,25.00,7.00,13067528,356
611.01,1565931454,13024.82,51.48550808,7.40272796,185.59,15.92,-0.15,48.98,1,-93.00,-4.00,-6.00,15.00,24.00,7.00,13067528,356
612.01,1565931455,13040.63,51.48506510,7.40365880,185.14,15.87,-0.05,49.77,1,-93.00,-4.00,-6.00,15.00,24.00,7.00,13067528,356
613.01,1565931456,13056.50,51.48567976,7.40307973,184.82,15.92,0.05,50.49,1,-93.00,-4.00,-6.00,15.00,24.00,7.00,13067528,356
614.01,1565931457,13072.42,51.48576855,7.40326509,184.68,15.88,-0.04,51.29,1,-82.00,-6.00,-7.00,15.00,33.00,7.00,13067528,356
615.01,1565931458,13088.30,51.48585213,7.40344977,184.47,15.89,0.01,52.27,1,-82.00,-6.00,-7.00,15.00,33.00,7.00,13067528,356
616.00,1565931459,13104.16,51.48593836,7.40364226,183.99,15.79,-0.11,53.12,1,-90.00,-6.00,-7.00,15.00,25.00,7.00,13067528,356
617.00,1565931460,13119.96,51.48602358,7.40384252,183.14,15.68,-0.10,54.28,1,-90.00,-6.00,-7.00,15.00,25.00,7.00,13067528,356
618.00,1565931461,13135.65,51.48610354,7.40403998,182.43,15.52,-0.16,55.34,1,-99.00,-4.00,-6.00,15.00,19.00,7.00,13067528,356
619.00,1565931462,13151.17,51.48617461,7.40422089,181.76,15.09,-0.43,56.20,1,-99.00,-4.00,-6.00,15.00,19.00,7.00,13067528,356
620.00,1565931463,13166.26,51.48624470,7.40441501,181.24,15.46,0.37,57.30,1,-99.00,-4.00,-6.00,15.00,18.00,7.00,13067528,356
621.00,1565931464,13181.72,51.48631039,7.40460023,180.51,15.65,0.19,57.89,1,-99.00,-4.00,-6.00,15.00,18.00,7.00,13067528,356
622.00,1565931465,13197.38,51.48637678,7.40479649,179.74,15.53,-0.13,58.43,1,-89.00,-4.00,-6.00,15.00,20.00,7.00,13067528,356
623.01,1565931466,13212.95,51.48644782,7.40500027,179.03,15.71,0.19,58.85,1,-89.00,-4.00,-6.00,15.00,20.00,7.00,13067528,356
624.00,1565931467,13228.61,51.48651559,7.40520098,178.38,15.79,0.08,59.45,1,-89.00,-3.00,-5.00,15.00,19.00,7.00,13067528,356
625.01,1565931468,13244.42,51.48658440,7.40540320,177.48,16.19,0.39,60.21,1,-89.00,-3.00,-5.00,15.00,19.00,7.00,13067528,356
626.00,1565931469,13260.59,51.48665278,7.40561405,176.72,16.63,0.45,60.99,1,-90.00,-3.00,18.00,6.00,20.00,13.00,13067528,356
627.01,1565931470,13277.25,51.48671743,7.40583113,175.93,16.62,-0.01,62.21,1,-90.00,-3.00,18.00,6.00,20.00,13.00,13067528,356
628.01,1565931471,13293.87,51.48678333,7.40604302,175.12,16.73,0.11,61.77,1,-93.00,-4.00,10.00,6.00,30.00,13.00,13067528,356
629.01,1565931472,13310.60,51.48685176,7.40627044,174.02,16.95,0.22,62.69,1,-93.00,-4.00,10.00,6.00,30.00,13.00,13067528,356
630.01,1565931473,13327.55,51.48691456,7.40649674,173.67,16.97,0.01,64.14,1,-104.00,-7.00,-6.00,11.00,17.00,13.00,13067528,356
631.01,1565931474,13344.52,51.48697394,7.40672948,173.47,16.92,-0.05,65.93,1,-104.00,-7.00,-6.00,11.00,17.00,13.00,13067528,356
632.01,1565931475,13361.57,51.48702619,7.40695161,173.21,16.87,-0.04,67.64,1,-99.00,-5.00,2.00,11.00,13.00,13.00,13067528,356
633.00,1565931476,13378.29,51.48707977,7.40719105,173.19,16.06,-0.82,68.00,1,-99.00,-5.00,2.00,11.00,13.00,13.00,13067528,356
634.00,1565931477,13394.35,51.48712996,7.40742912,173.15,16.26,0.20,69.42,1,-99.00,-5.00,2.00,11.00,13.00,13.00,13067528,356
635.00,1565931478,13410.61,51.48717457,7.40766780,172.86,16.78,0.52,70.98,1,-96.00,-4.00,24.00,13.00,19.00,13.00,13067528,356
636.00,1565931479,13427.39,51.48721201,7.40789383,172.37,16.57,-0.20,72.02,1,-96.00,-4.00,24.00,13.00,19.00,13.00,13067528,356
637.01,1565931480,13443.98,51.48724904,7.40812643,171.95,15.99,-0.59,71.58,1,-106.00,-5.00,-1.00,7.00,12.00,13.00,13067528,356
638.00,1565931481,13459.93,51.48728778,7.40835732,171.81,16.29,0.30,72.89,1,-106.00,-5.00,-1.00,7.00,12.00,13.00,13067528,356
639.01,1565931482,13476.25,51.48731867,7.40858342,171.45,16.24,-0.04,74.49,1,-118.00,-9.00,-1.00,6.00,8.00,13.00,13067528,356
640.01,1565931483,13492.49,51.48734657,7.40880528,170.93,16.29,0.04,75.90,1,-118.00,-9.00,-1.00,6.00,8.00,13.00,13067528,356
641.00,1565931484,13508.76,51.48737389,7.40902701,170.57,16.10,-0.19,76.85,1,-118.00,-8.00,-7.00,2.00,18.00,13.00,13067528,356
642.00,1565931485,13524.86,51.48740121,7.40926206,170.37,16.11,0.02,77.81,1,-118.00,-8.00,-7.00,2.00,18.00,13.00,13067528,356
643.01,1565931486,13541.02,51.48742513,7.40949778,170.07,15.85,-0.26,78.30,1,-110.00,-5.00,11.00,2.00,15.00,13.00,13532175,337
644.01,1565931487,13556.86,51.48744832,7.40971698,169.66,15.59,-0.25,77.86,1,-110.00,-5.00,11.00,2.00,15.00,13.00,13532175,337
645.00,1565931488,13572.41,51.48747156,7.40993185,169.00,15.13,-0.47,78.30,1,-111.00,-5.00,11.00,2.00,14.00,13.00,13532175,337
646.01,1565931489,13587.55,51.48748994,7.41015022,168.36,14.82,-0.30,79.87,1,-111.00,-5.00,11.00,2.00,14.00,13.00,13532175,337
647.00,1565931490,13602.36,51.48750275,7.41034238,167.55,13.76,-1.07,81.35,1,-112.00,-5.00,13.00,2.00,13.00,13.00,13532175,337
648.00,1565931491,13616.12,51.48751129,7.41051914,166.66,11.71,-2.04,82.92,1,-112.00,-5.00,13.00,2.00,13.00,13.00,13532175,337
649.00,1565931492,13627.83,51.48751891,7.41066960,165.75,9.63,-2.08,83.35,1,-114.00,-7.00,7.00,2.00,13.00,13.00,13532175,337
650.00,1565931493,13637.46,51.48752352,7.41078197,164.89,7.48,-2.15,82.26,1,-114.00,-7.00,7.00,2.00,13.00,13.00,13532175,337
651.01,1565931494,13644.97,51.48754925,7.41088950,164.22,6.61,-0.87,62.30,1,-116.00,-7.00,4.00,2.00,12.00,13.00,13532175,337
652.01,1565931495,13651.57,51.48760436,7.41096644,163.71,7.49,0.88,34.98,1,-116.00,-7.00,4.00,2.00,12.00,13.00,13532175,337
653.02,1565931496,13659.15,51.48766034,7.41100030,163.40,7.59,0.10,12.50,1,-118.00,-8.00,8.00,2.00,10.00,13.00,13532175,337
654.01,1565931497,13666.66,51.48772374,7.41101098,163.26,8.17,0.58,359.04,1,-118.00,-8.00,8.00,2.00,10.00,13.00,13532175,337
655.01,1565931498,13674.82,51.48778956,7.41100181,163.70,8.80,0.64,355.76,1,-118.00,-8.00,8.00,2.00,10.00,13.00,13532175,337
656.01,1565931499,13683.61,51.48786939,7.41098660,163.81,9.77,0.97,354.36,1,-119.00,-8.00,1.00,8.00,9.00,10.00,13532175,337
657.00,1565931500,13693.36,51.48796699,7.41096675,163.60,11.11,1.34,353.76,1,-119.00,-8.00,1.00,8.00,9.00,10.00,13532175,337
658.00,1565931501,13704.47,51.48808056,7.41093897,162.96,12.66,1.55,353.02,1,-104.00,-7.00,8.00,12.00,24.00,10.00,13532163,200
659.01,1565931502,13717.15,51.48818579,7.41091378,162.90,12.83,0.17,352.65,1,-104.00,-7.00,8.00,12.00,24.00,10.00,13532163,200
660.00,1565931503,13729.89,51.48829626,7.41087912,162.48,12.09,-0.74,351.33,1,-111.00,-9.00,2.00,10.00,18.00,10.00,13532163,200
661.00,1565931504,13742.05,51.48841540,7.41084694,162.60,12.94,0.85,350.57,1,-111.00,-9.00,2.00,10.00,18.00,10.00,13532163,200
662.01,1565931505,13755.02,51.48852151,7.41081159,163.38,12.43,-0.52,350.19,1,-111.00,-11.00,1.00,8.00,19.00,10.00,13532163,200
663.01,1565931506,13767.45,51.48863368,7.41077496,164.50,11.91,-0.51,349.07,1,-111.00,-11.00,1.00,8.00,19.00,10.00,13532163,200
664.01,1565931507,13779.38,51.48874680,7.41073939,165.74,12.65,0.73,348.73,1,-109.00,-10.00,2.00,9.00,21.00,10.00,13532163,200
665.01,1565931508,13792.02,51.48886552,7.41069949,166.96,13.89,1.24,349.13,1,-109.00,-10.00,2.00,9.00,21.00,10.00,13532163,200
666.01,1565931509,13805.90,51.48897959,7.41065679,167.31,13.19,-0.70,348.40,1,-112.00,-12.00,2.00,9.00,21.00,10.00,13532163,200
667.01,1565931510,13819.08,51.48909537,7.41061181,167.18,13.17,-0.03,347.90,1,-112.00,-12.00,2.00,9.00,21.00,10.00,13532163,200
668.01,1565931511,13832.30,51.48921058,7.41056311,167.44,13.37,0.21,347.45,1,-111.00,-10.00,-1.00,2.00,19.00,10.00,13532163,200
669.01,1565931512,13845.66,51.48933162,7.41051496,167.83,13.75,0.37,347.00,1,-111.00,-10.00,-1.00,2.00,19.00,10.00,13532163,200
670.02,1565931513,13859.51,51.48945440,7.41046191,167.88,13.77,0.02,346.59,1,-114.00,-14.00,1.00,2.00,20.00,10.00,13532163,200
671.02,1565931514,13873.27,51.48957542,7.41041511,168.14,13.35,-0.42,346.77,1,-114.00,-14.00,1.00,2.00,20.00,10.00,13532163,200
672.02,1565931515,13886.61,51.48968773,7.41036640,169.08,12.37,-0.98,346.82,1,-114.00,-13.00,1.00,2.00,19.00,10.00,13532163,200
673.02,1565931516,13898.98,51.48979298,7.41032548,169.71,11.01,-1.36,346.26,1,-114.00,-13.00,1.00,2.00,19.00,10.00,13532163,200
674.01,1565931517,13909.96,51.48988237,7.41028837,170.36,8.77,-2.25,347.18,1,-115.00,-11.00,-2.00,5.00,17.00,13.00,13532163,200
675.00,1565931518,13918.66,51.48994934,7.41025922,170.94,6.44,-2.35,348.64,1,-115.00,-11.00,-2.00,5.00,17.00,13.00,13532163,200
676.00,1565931519,13925.09,51.48999777,7.41026504,170.94,3.93,-2.51,7.76,1,-115.00,-11.00,-2.00,5.00,17.00,13.00,13532163,200
677.01,1565931520,13929.03,51.49002853,7.41029564,170.99,4.41,0.48,40.28,1,-110.00,-12.00,-4.00,5.00,22.00,18.00,13254913,200
678.01,1565931521,13933.44,51.49006169,7.41038214,171.55,5.55,1.14,63.24,1,-110.00,-12.00,-4.00,5.00,22.00,18.00,13254913,200
679.01,1565931522,13938.99,51.49008163,7.41048913,172.47,7.09,1.54,79.65,1,-112.00,-9.00,-6.00,7.00,18.00,15.00,13532163,38
680.01,1565931523,13946.08,51.49009972,7.41060441,173.27,7.88,0.79,77.13,1,-112.00,-9.00,-6.00,7.00,18.00,15.00,13532163,38
681.01,1565931524,13953.96,51.49011683,7.41074111,173.93,9.29,1.41,76.39,1,-111.00,-12.00,4.00,9.00,21.00,15.00,13532163,200
682.01,1565931525,13963.25,51.49013678,7.41087216,174.26,10.19,0.90,77.01,1,-111.00,-12.00,4.00,9.00,21.00,15.00,13532163,200
683.01,1565931526,13973.47,51.49015441,7.41101391,174.50,10.34,0.15,77.39,1,-111.00,-9.00,5.00,7.00,17.00,15.00,13532163,200
