0.01,1565268736,0.00,nan,nan,0.00,0.00,0.00,0.00,0,-96.00,-8.00,0.00,0.00,44.00,0.00,0,167
0.99,1565268737,0.00,nan,nan,0.00,0.00,0.00,0.00,0,-94.00,-8.00,0.00,0.00,45.00,0.00,0,167
1.99,1565268738,0.00,nan,nan,0.00,0.00,0.00,0.00,0,-94.00,-8.00,0.00,0.00,45.00,0.00,0,167
2.99,1565268739,0.00,nan,nan,0.00,0.00,0.00,0.00,0,-92.00,-8.00,0.00,0.00,47.00,0.00,0,167
3.99,1565268740,0.00,nan,nan,0.00,0.00,0.00,0.00,0,-92.00,-8.00,0.00,0.00,47.00,0.00,0,167
71.99,1565268808,0.00,nan,nan,0.00,0.00,0.00,0.00,0,-98.00,-9.00,0.00,0.00,40.00,0.00,0,45
73.00,1565268809,0.00,nan,nan,0.00,0.00,0.00,0.00,0,-98.00,-9.00,0.00,0.00,40.00,0.00,0,45
80.00,1565268816,0.00,nan,nan,0.00,0.00,0.00,0.00,0,-98.00,-7.00,0.00,0.00,41.00,0.00,0,359
80.00,1565268816,0.00,nan,nan,0.00,0.00,0.00,0.00,0,-105.00,-13.00,0.00,0.00,40.00,0.00,0,239
80.00,1565268816,0.00,nan,nan,0.00,0.00,0.00,0.00,0,-96.00,-7.00,0.00,0.00,41.00,0.00,0,45
80.99,1565268817,0.00,nan,nan,0.00,0.00,0.00,0.00,0,-98.00,-7.00,0.00,0.00,41.00,0.00,0,359
81.00,1565268817,0.00,nan,nan,0.00,0.00,0.00,0.00,0,-105.00,-13.00,0.00,0.00,40.00,0.00,0,239
81.00,1565268817,0.00,nan,nan,0.00,0.00,0.00,0.00,0,-96.00,-7.00,0.00,0.00,41.00,0.00,0,45
81.99,1565268818,0.00,nan,nan,0.00,0.00,0.00,0.00,0,-98.00,-7.00,0.00,0.00,41.00,0.00,0,359
82.00,1565268818,0.00,nan,nan,0.00,0.00,0.00,0.00,0,-105.00,-13.00,0.00,0.00,40.00,0.00,0,239
82.00,1565268818,0.00,nan,nan,0.00,0.00,0.00,0.00,0,-96.00,-7.00,0.00,0.00,41.00,0.00,0,45
86.99,1565268823,0.00,nan,nan,0.00,0.00,0.00,0.00,0,-103.00,-11.00,0.00,0.00,36.00,0.00,0,349
87.99,1565268824,0.00,nan,nan,0.00,0.00,0.00,0.00,0,-103.00,-11.00,0.00,0.00,36.00,0.00,0,349
92.99,1565268829,0.00,nan,nan,0.00,0.00,0.00,0.00,0,-110.00,-12.00,0.00,0.00,36.00,0.00,0,167
93.99,1565268830,0.00,nan,nan,0.00,0.00,0.00,0.00,0,-110.00,-12.00,0.00,0.00,36.00,0.00,0,167
109.99,1565268846,0.00,nan,nan,0.00,0.00,0.00,0.00,0,-98.00,-7.00,0.00,0.00,41.00,0.00,0,167
110.99,1565268847,0.00,nan,nan,0.00,0.00,0.00,0.00,0,-98.00,-7.00,0.00,0.00,41.00,0.00,0,167
111.99,1565268848,0.00,nan,nan,0.00,0.00,0.00,0.00,0,-105.00,-12.00,0.00,0.00,37.00,0.00,0,359
112.99,1565268849,0.00,nan,nan,0.00,0.00,0.00,0.00,0,-105.00,-12.00,0.00,0.00,37.00,0.00,0,359
116.00,1565268852,0.00,nan,nan,0.00,0.00,0.00,0.00,0,-105.00,-11.00,0.00,0.00,38.00,0.00,0,359
116.00,1565268852,0.00,nan,nan,0.00,0.00,0.00,0.00,0,-112.00,-14.00,0.00,0.00,33.00,0.00,0,213
116.00,1565268852,0.00,nan,nan,0.00,0.00,0.00,0.00,0,-112.00,-17.00,0.00,0.00,36.00,0.00,0,486
117.00,1565268853,0.00,nan,nan,0.00,0.00,0.00,0.00,0,-105.00,-11.00,0.00,0.00,38.00,0.00,0,359
117.00,1565268853,0.00,nan,nan,0.00,0.00,0.00,0.00,0,-112.00,-14.00,0.00,0.00,33.00,0.00,0,213
117.00,1565268853,0.00,nan,nan,0.00,0.00,0.00,0.00,0,-112.00,-17.00,0.00,0.00,36.00,0.00,0,486
118.00,1565268854,0.00,nan,nan,0.00,0.00,0.00,0.00,0,-108.00,-11.00,0.00,0.00,35.00,0.00,0,213
118.00,1565268854,0.00,nan,nan,0.00,0.00,0.00,0.00,0,-107.00,-14.00,0.00,0.00,38.00,0.00,0,167
118.00,1565268854,0.00,nan,nan,0.00,0.00,0.00,0.00,0,-111.00,-15.00,0.00,0.00,36.00,0.00,0,486
119.00,1565268855,0.00,nan,nan,0.00,0.00,0.00,0.00,0,-108.00,-11.00,0.00,0.00,35.00,0.00,0,213
119.00,1565268855,0.00,nan,nan,0.00,0.00,0.00,0.00,0,-107.00,-14.00,0.00,0.00,38.00,0.00,0,167
119.00,1565268855,0.00,nan,nan,0.00,0.00,0.00,0.00,0,-111.00,-15.00,0.00,0.00,36.00,0.00,0,486
119.99,1565268856,0.00,nan,nan,0.00,0.00,0.00,0.00,0,-108.00,-12.00,0.00,0.00,35.00,0.00,0,213
120.00,1565268856,0.00,nan,nan,0.00,0.00,0.00,0.00,0,-107.00,-12.00,0.00,0.00,36.00,0.00,0,167
120.99,1565268857,0.00,nan,nan,0.00,0.00,0.00,0.00,0,-108.00,-12.00,0.00,0.00,35.00,0.00,0,213
121.00,1565268857,0.00,nan,nan,0.00,0.00,0.00,0.00,0,-107.00,-12.00,0.00,0.00,36.00,0.00,0,167
127.00,1565268863,0.00,nan,nan,0.00,0.00,0.00,0.00,0,-109.00,-12.00,0.00,0.00,34.00,0.00,0,486
127.00,1565268863,0.00,nan,nan,0.00,0.00,0.00,0.00,0,-108.00,-11.00,0.00,0.00,32.00,0.00,0,399
127.99,1565268864,0.00,nan,nan,0.00,0.00,0.00,0.00,0,-109.00,-12.00,0.00,0.00,34.00,0.00,0,486
128.00,1565268864,0.00,nan,nan,0.00,0.00,0.00,0.00,0,-108.00,-11.00,0.00,0.00,32.00,0.00,0,399
128.99,1565268865,0.00,nan,nan,0.00,0.00,0.00,0.00,0,-112.00,-11.00,0.00,0.00,28.00,0.00,0,399
129.00,1565268865,0.00,nan,nan,0.00,0.00,0.00,0.00,0,-114.00,-14.00,0.00,0.00,29.00,0.00,0,47
130.00,1565268866,0.00,nan,nan,0.00,0.00,0.00,0.00,0,-112.00,-11.00,0.00,0.00,28.00,0.00,0,399
130.00,1565268866,0.00,nan,nan,0.00,0.00,0.00,0.00,0,-114.00,-14.00,0.00,0.00,29.00,0.00,0,47
130.99,1565268867,0.00,nan,nan,0.00,0.00,0.00,0.00,0,-107.00,-12.00,0.00,0.00,34.00,0.00,0,47
131.00,1565268867,0.00,nan,nan,0.00,0.00,0.00,0.00,0,-110.00,-13.00,0.00,0.00,32.00,0.00,0,399
131.99,1565268868,0.00,nan,nan,0.00,0.00,0.00,0.00,0,-107.00,-12.00,0.00,0.00,34.00,0.00,0,47
132.00,1565268868,0.00,nan,nan,0.00,0.00,0.00,0.00,0,-110.00,-13.00,0.00,0.00,32.00,0.00,0,399
133.00,1565268869,0.00,nan,nan,0.00,0.00,0.00,0.00,0,-110.00,-12.00,0.00,0.00,33.00,0.00,0,358
133.00,1565268869,0.00,nan,nan,0.00,0.00,0.00,0.00,0,-114.00,-14.00,0.00,0.00,32.00,0.00,0,86
133.00,1565268869,0.00,nan,nan,0.00,0.00,0.00,0.00,0,-114.00,-14.00,0.00,0.00,32.00,0.00,0,486
133.00,1565268869,0.00,nan,nan,0.00,0.00,0.00,0.00,0,-108.00,-10.00,0.00,0.00,31.00,0.00,0,47
133.00,1565268869,0.00,nan,nan,0.00,0.00,0.00,0.00,0,-111.00,-13.00,0.00,0.00,31.00,0.00,0,399
134.00,1565268870,0.00,nan,nan,0.00,0.00,0.00,0.00,0,-110.00,-12.00,0.00,0.00,33.00,0.00,0,358
134.00,1565268870,0.00,nan,nan,0.00,0.00,0.00,0.00,0,-114.00,-14.00,0.00,0.00,32.00,0.00,0,86
134.00,1565268870,0.00,nan,nan,0.00,0.00,0.00,0.00,0,-114.00,-14.00,0.00,0.00,32.00,0.00,0,486
134.00,1565268870,0.00,nan,nan,0.00,0.00,0.00,0.00,0,-108.00,-10.00,0.00,0.00,31.00,0.00,0,47
134.00,1565268870,0.00,nan,nan,0.00,0.00,0.00,0.00,0,-111.00,-13.00,0.00,0.00,31.00,0.00,0,399
135.00,1565268871,0.00,nan,nan,0.00,0.00,0.00,0.00,0,-113.00,-14.00,0.00,0.00,33.00,0.00,0,358
135.00,1565268871,0.00,nan,nan,0.00,0.00,0.00,0.00,0,-106.00,-10.00,0.00,0.00,33.00,0.00,0,47
135.00,1565268871,0.00,nan,nan,0.00,0.00,0.00,0.00,0,-111.00,-14.00,0.00,0.00,31.00,0.00,0,256
136.00,1565268872,0.00,nan,nan,0.00,0.00,0.00,0.00,0,-113.00,-14.00,0.00,0.00,33.00,0.00,0,358
136.00,1565268872,0.00,nan,nan,0.00,0.00,0.00,0.00,0,-106.00,-10.00,0.00,0.00,33.00,0.00,0,47
136.00,1565268872,0.00,nan,nan,0.00,0.00,0.00,0.00,0,-111.00,-14.00,0.00,0.00,31.00,0.00,0,256
137.00,1565268873,0.00,nan,nan,0.00,0.00,0.00,0.00,0,-112.00,-13.00,0.00,0.00,33.00,0.00,0,358
137.00,1565268873,0.00,nan,nan,0.00,0.00,0.00,0.00,0,-112.00,-13.00,0.00,0.00,32.00,0.00,0,86
137.00,1565268873,0.00,nan,nan,0.00,0.00,0.00,0.00,0,-112.00,-13.00,0.00,0.00,32.00,0.00,0,486
137.00,1565268873,0.00,nan,nan,0.00,0.00,0.00,0.00,0,-108.00,-11.00,0.00,0.00,31.00,0.00,0,47
137.00,1565268873,0.00,nan,nan,0.00,0.00,0.00,0.00,0,-111.00,-12.00,0.00,0.00,30.00,0.00,0,256
138.00,1565268874,0.00,nan,nan,0.00,0.00,0.00,0.00,0,-112.00,-13.00,0.00,0.00,33.00,0.00,0,358
138.00,1565268874,0.00,nan,nan,0.00,0.00,0.00,0.00,0,-112.00,-13.00,0.00,0.00,32.00,0.00,0,86
138.00,1565268874,0.00,nan,nan,0.00,0.00,0.00,0.00,0,-112.00,-13.00,0.00,0.00,32.00,0.00,0,486
138.00,1565268874,0.00,nan,nan,0.00,0.00,0.00,0.00,0,-108.00,-11.00,0.00,0.00,31.00,0.00,0,47
138.00,1565268874,0.00,nan,nan,0.00,0.00,0.00,0.00,0,-111.00,-12.00,0.00,0.00,30.00,0.00,0,256
139.00,1565268875,0.00,nan,nan,0.00,0.00,0.00,0.00,0,-106.00,-11.00,0.00,0.00,36.00,0.00,0,358
139.00,1565268875,0.00,nan,nan,0.00,0.00,0.00,0.00,0,-110.00,-13.00,0.00,0.00,35.00,0.00,0,486
139.00,1565268875,0.00,nan,nan,0.00,0.00,0.00,0.00,0,-110.00,-12.00,0.00,0.00,34.00,0.00,0,213
139.00,1565268875,0.00,nan,nan,0.00,0.00,0.00,0.00,0,-106.00,-11.00,0.00,0.00,33.00,0.00,0,47
139.00,1565268875,0.00,nan,nan,0.00,0.00,0.00,0.00,0,-109.00,-13.00,0.00,0.00,32.00,0.00,0,256
140.00,1565268876,0.00,nan,nan,0.00,0.00,0.00,0.00,0,-106.00,-11.00,0.00,0.00,36.00,0.00,0,358
140.00,1565268876,0.00,nan,nan,0.00,0.00,0.00,0.00,0,-110.00,-13.00,0.00,0.00,35.00,0.00,0,486
140.00,1565268876,0.00,nan,nan,0.00,0.00,0.00,0.00,0,-110.00,-12.00,0.00,0.00,34.00,0.00,0,213
140.00,1565268876,0.00,nan,nan,0.00,0.00,0.00,0.00,0,-106.00,-11.00,0.00,0.00,33.00,0.00,0,47
140.00,1565268876,0.00,nan,nan,0.00,0.00,0.00,0.00,0,-109.00,-13.00,0.00,0.00,32.00,0.00,0,256
143.00,1565268879,0.00,nan,nan,0.00,0.00,0.00,0.00,0,-100.00,-9.00,0.00,0.00,40.00,0.00,0,358
143.99,1565268880,0.00,nan,nan,0.00,0.00,0.00,0.00,0,-100.00,-9.00,0.00,0.00,40.00,0.00,0,358
144.99,1565268881,0.00,nan,nan,0.00,0.00,0.00,0.00,0,-100.00,-9.00,0.00,0.00,40.00,0.00,0,358
145.99,1565268882,0.00,nan,nan,0.00,0.00,0.00,0.00,0,-92.00,-9.00,0.00,0.00,49.00,0.00,0,358
146.99,1565268883,0.00,nan,nan,0.00,0.00,0.00,0.00,0,-92.00,-9.00,0.00,0.00,49.00,0.00,0,358
147.99,1565268884,0.00,nan,nan,0.00,0.00,0.00,0.00,0,-88.00,-9.00,0.00,0.00,53.00,0.00,0,358
148.99,1565268885,0.00,nan,nan,0.00,0.00,0.00,0.00,0,-88.00,-9.00,0.00,0.00,53.00,0.00,0,358
151.99,1565268888,0.00,nan,nan,0.00,0.00,0.00,0.00,0,-91.00,-8.00,0.00,0.00,49.00,0.00,0,358
151.99,1565268888,0.00,nan,nan,0.00,0.00,0.00,0.00,0,-92.00,-8.00,0.00,0.00,44.00,0.00,0,47
152.99,1565268889,0.00,nan,nan,0.00,0.00,0.00,0.00,0,-91.00,-8.00,0.00,0.00,49.00,0.00,0,358
153.00,1565268889,0.00,nan,nan,0.00,0.00,0.00,0.00,0,-92.00,-8.00,0.00,0.00,44.00,0.00,0,47
153.99,1565268890,0.00,nan,nan,0.00,0.00,0.00,0.00,0,-91.00,-8.00,0.00,0.00,49.00,0.00,0,358
154.00,1565268890,0.00,nan,nan,0.00,0.00,0.00,0.00,0,-90.00,-8.00,0.00,0.00,47.00,0.00,0,47
154.99,1565268891,0.00,nan,nan,0.00,0.00,0.00,0.00,0,-91.00,-8.00,0.00,0.00,49.00,0.00,0,358
154.99,1565268891,0.00,nan,nan,0.00,0.00,0.00,0.00,0,-90.00,-8.00,0.00,0.00,47.00,0.00,0,47
156.00,1565268892,0.00,nan,nan,0.00,0.00,0.00,0.00,0,-92.00,-10.00,0.00,0.00,49.00,0.00,0,358
156.00,1565268892,0.00,nan,nan,0.00,0.00,0.00,0.00,0,-89.00,-7.00,0.00,0.00,47.00,0.00,0,47
156.99,1565268893,0.00,nan,nan,0.00,0.00,0.00,0.00,0,-92.00,-10.00,0.00,0.00,49.00,0.00,0,358
157.00,1565268893,0.00,nan,nan,0.00,0.00,0.00,0.00,0,-89.00,-7.00,0.00,0.00,47.00,0.00,0,47
157.99,1565268894,0.00,nan,nan,0.00,0.00,0.00,0.00,0,-91.00,-8.00,0.00,0.00,48.00,0.00,0,358
158.00,1565268894,0.00,nan,nan,0.00,0.00,0.00,0.00,0,-90.00,-7.00,0.00,0.00,45.00,0.00,0,47
158.99,1565268895,0.00,nan,nan,0.00,0.00,0.00,0.00,0,-91.00,-8.00,0.00,0.00,48.00,0.00,0,358
159.00,1565268895,0.00,nan,nan,0.00,0.00,0.00,0.00,0,-90.00,-7.00,0.00,0.00,45.00,0.00,0,47
159.99,1565268896,0.00,nan,nan,0.00,0.00,0.00,0.00,0,-91.00,-9.00,0.00,0.00,49.00,0.00,0,358
160.00,1565268896,0.00,nan,nan,0.00,0.00,0.00,0.00,0,-90.00,-8.00,0.00,0.00,46.00,0.00,0,47
160.99,1565268897,0.00,nan,nan,0.00,0.00,0.00,0.00,0,-91.00,-9.00,0.00,0.00,49.00,0.00,0,358
161.00,1565268897,0.00,nan,nan,0.00,0.00,0.00,0.00,0,-90.00,-8.00,0.00,0.00,46.00,0.00,0,47
161.99,1565268898,0.00,nan,nan,0.00,0.00,0.00,0.00,0,-91.00,-7.00,0.00,0.00,48.00,0.00,0,358
162.00,1565268898,0.00,nan,nan,0.00,0.00,0.00,0.00,0,-91.00,-9.00,0.00,0.00,46.00,0.00,0,47
163.00,1565268899,0.00,nan,nan,0.00,0.00,0.00,0.00,0,-91.00,-7.00,0.00,0.00,48.00,0.00,0,358
163.00,1565268899,0.00,nan,nan,0.00,0.00,0.00,0.00,0,-91.00,-9.00,0.00,0.00,46.00,0.00,0,47
164.00,1565268900,0.00,nan,nan,0.00,0.00,0.00,0.00,0,-92.00,-8.00,0.00,0.00,48.00,0.00,0,358
164.00,1565268900,0.00,nan,nan,0.00,0.00,0.00,0.00,0,-91.00,-9.00,0.00,0.00,47.00,0.00,0,47
164.99,1565268901,0.00,nan,nan,0.00,0.00,0.00,0.00,0,-92.00,-8.00,0.00,0.00,48.00,0.00,0,358
165.00,1565268901,0.00,nan,nan,0.00,0.00,0.00,0.00,0,-91.00,-9.00,0.00,0.00,47.00,0.00,0,47
165.99,1565268902,0.00,nan,nan,0.00,0.00,0.00,0.00,0,-92.00,-8.00,0.00,0.00,48.00,0.00,0,358
166.00,1565268902,0.00,nan,nan,0.00,0.00,0.00,0.00,0,-91.00,-9.00,0.00,0.00,47.00,0.00,0,47
166.99,1565268903,0.00,nan,nan,0.00,0.00,0.00,0.00,0,-93.00,-9.00,0.00,0.00,47.00,0.00,0,358
167.00,1565268903,0.00,nan,nan,0.00,0.00,0.00,0.00,0,-91.00,-8.00,0.00,0.00,45.00,0.00,0,47
167.99,1565268904,0.00,nan,nan,0.00,0.00,0.00,0.00,0,-93.00,-9.00,0.00,0.00,47.00,0.00,0,358
168.00,1565268904,0.00,nan,nan,0.00,0.00,0.00,0.00,0,-91.00,-8.00,0.00,0.00,45.00,0.00,0,47
168.99,1565268905,0.00,nan,nan,0.00,0.00,0.00,0.00,0,-90.00,-8.00,0.00,0.00,49.00,0.00,0,358
169.00,1565268905,0.00,nan,nan,0.00,0.00,0.00,0.00,0,-99.00,-14.00,0.00,0.00,46.00,0.00,0,98
169.99,1565268906,0.00,nan,nan,0.00,0.00,0.00,0.00,0,-90.00,-8.00,0.00,0.00,49.00,0.00,0,358
170.00,1565268906,0.00,nan,nan,0.00,0.00,0.00,0.00,0,-99.00,-14.00,0.00,0.00,46.00,0.00,0,98
170.99,1565268907,0.00,nan,nan,0.00,0.00,0.00,0.00,0,-91.00,-8.00,0.00,0.00,49.00,0.00,0,358
170.99,1565268907,0.00,nan,nan,0.00,0.00,0.00,0.00,0,-97.00,-10.00,0.00,0.00,45.00,0.00,0,98
171.99,1565268908,0.00,nan,nan,0.00,0.00,0.00,0.00,0,-91.00,-8.00,0.00,0.00,49.00,0.00,0,358
172.00,1565268908,0.00,nan,nan,0.00,0.00,0.00,0.00,0,-97.00,-10.00,0.00,0.00,45.00,0.00,0,98
173.00,1565268909,0.00,nan,nan,0.00,0.00,0.00,0.00,0,-90.00,-8.00,0.00,0.00,49.00,0.00,0,358
173.00,1565268909,0.00,nan,nan,0.00,0.00,0.00,0.00,0,-97.00,-11.00,0.00,0.00,44.00,0.00,0,98
174.00,1565268910,0.00,nan,nan,0.00,0.00,0.00,0.00,0,-90.00,-8.00,0.00,0.00,49.00,0.00,0,358
174.00,1565268910,0.00,nan,nan,0.00,0.00,0.00,0.00,0,-97.00,-11.00,0.00,0.00,44.00,0.00,0,98
176.99,1565268913,0.00,nan,nan,0.00,0.00,0.00,0.00,0,-88.00,-10.00,0.00,0.00,54.00,0.00,0,359
177.99,1565268914,0.00,nan,nan,0.00,0.00,0.00,0.00,0,-88.00,-10.00,0.00,0.00,54.00,0.00,0,359
178.99,1565268915,0.00,nan,nan,0.00,0.00,0.00,0.00,0,-89.00,-10.00,0.00,0.00,53.00,0.00,0,359
179.99,1565268916,0.00,nan,nan,0.00,0.00,0.00,0.00,0,-89.00,-10.00,0.00,0.00,53.00,0.00,0,359
180.99,1565268917,0.00,nan,nan,0.00,0.00,0.00,0.00,0,-89.00,-10.00,0.00,0.00,52.00,0.00,0,359
181.99,1565268918,0.00,nan,nan,0.00,0.00,0.00,0.00,0,-89.00,-10.00,0.00,0.00,52.00,0.00,0,359
182.99,1565268919,0.00,nan,nan,0.00,0.00,0.00,0.00,0,-90.00,-10.00,0.00,0.00,51.00,0.00,0,359
182.99,1565268919,0.00,nan,nan,0.00,0.00,0.00,0.00,0,-97.00,-10.00,0.00,0.00,44.00,0.00,0,98
183.99,1565268920,0.00,nan,nan,0.00,0.00,0.00,0.00,0,-90.00,-10.00,0.00,0.00,51.00,0.00,0,359
183.99,1565268920,0.00,nan,nan,0.00,0.00,0.00,0.00,0,-97.00,-10.00,0.00,0.00,44.00,0.00,0,98
185.00,1565268921,0.00,nan,nan,0.00,0.00,0.00,0.00,0,-91.00,-10.00,0.00,0.00,51.00,0.00,0,359
185.99,1565268922,0.00,nan,nan,0.00,0.00,0.00,0.00,0,-91.00,-10.00,0.00,0.00,51.00,0.00,0,359
186.99,1565268923,0.00,nan,nan,0.00,0.00,0.00,0.00,0,-91.00,-10.00,0.00,0.00,51.00,0.00,0,359
188.00,1565268924,0.00,nan,nan,0.00,0.00,0.00,0.00,0,-86.00,-9.00,0.00,0.00,54.00,0.00,0,359
188.00,1565268924,0.00,nan,nan,0.00,0.00,0.00,0.00,0,-89.00,-8.00,0.00,0.00,51.00,0.00,0,98
188.00,1565268924,0.00,nan,nan,0.00,0.00,0.00,0.00,0,-92.00,-11.00,0.00,0.00,51.00,0.00,0,96
188.00,1565268924,0.00,nan,nan,0.00,0.00,0.00,0.00,0,-87.00,-7.00,0.00,0.00,50.00,0.00,0,45
189.00,1565268925,0.00,nan,nan,0.00,0.00,0.00,0.00,0,-86.00,-9.00,0.00,0.00,54.00,0.00,0,359
189.00,1565268925,0.00,nan,nan,0.00,0.00,0.00,0.00,0,-89.00,-8.00,0.00,0.00,51.00,0.00,0,98
189.00,1565268925,0.00,nan,nan,0.00,0.00,0.00,0.00,0,-92.00,-11.00,0.00,0.00,51.00,0.00,0,96
189.00,1565268925,0.00,nan,nan,0.00,0.00,0.00,0.00,0,-87.00,-7.00,0.00,0.00,50.00,0.00,0,45
189.99,1565268926,0.00,nan,nan,0.00,0.00,0.00,0.00,0,-88.00,-8.00,0.00,0.00,52.00,0.00,0,98
189.99,1565268926,0.00,nan,nan,0.00,0.00,0.00,0.00,0,-89.00,-9.00,0.00,0.00,52.00,0.00,0,359
189.99,1565268926,0.00,nan,nan,0.00,0.00,0.00,0.00,0,-93.00,-12.00,0.00,0.00,52.00,0.00,0,96
189.99,1565268926,0.00,nan,nan,0.00,0.00,0.00,0.00,0,-87.00,-8.00,0.00,0.00,50.00,0.00,0,45
191.00,1565268927,0.00,nan,nan,0.00,0.00,0.00,0.00,0,-88.00,-8.00,0.00,0.00,52.00,0.00,0,98
191.00,1565268927,0.00,nan,nan,0.00,0.00,0.00,0.00,0,-89.00,-9.00,0.00,0.00,52.00,0.00,0,359
191.00,1565268927,0.00,nan,nan,0.00,0.00,0.00,0.00,0,-93.00,-12.00,0.00,0.00,52.00,0.00,0,96
191.00,1565268927,0.00,nan,nan,0.00,0.00,0.00,0.00,0,-87.00,-8.00,0.00,0.00,50.00,0.00,0,45
192.00,1565268928,0.00,nan,nan,0.00,0.00,0.00,0.00,0,-89.00,-9.00,0.00,0.00,52.00,0.00,0,359
192.00,1565268928,0.00,nan,nan,0.00,0.00,0.00,0.00,0,-93.00,-9.00,0.00,0.00,48.00,0.00,0,98
192.00,1565268928,0.00,nan,nan,0.00,0.00,0.00,0.00,0,-95.00,-11.00,0.00,0.00,47.00,0.00,0,96
192.00,1565268928,0.00,nan,nan,0.00,0.00,0.00,0.00,0,-86.00,-8.00,0.00,0.00,51.00,0.00,0,45
193.00,1565268929,0.00,nan,nan,0.00,0.00,0.00,0.00,0,-89.00,-9.00,0.00,0.00,52.00,0.00,0,359
193.00,1565268929,0.00,nan,nan,0.00,0.00,0.00,0.00,0,-93.00,-9.00,0.00,0.00,48.00,0.00,0,98
193.00,1565268929,0.00,nan,nan,0.00,0.00,0.00,0.00,0,-95.00,-11.00,0.00,0.00,47.00,0.00,0,96
193.00,1565268929,0.00,nan,nan,0.00,0.00,0.00,0.00,0,-86.00,-8.00,0.00,0.00,51.00,0.00,0,45
194.00,1565268930,0.00,nan,nan,0.00,0.00,0.00,0.00,0,-91.00,-8.00,0.00,0.00,48.00,0.00,0,96
194.00,1565268930,0.00,nan,nan,0.00,0.00,0.00,0.00,0,-92.00,-9.00,0.00,0.00,50.00,0.00,0,359
194.00,1565268930,0.00,nan,nan,0.00,0.00,0.00,0.00,0,-95.00,-12.00,0.00,0.00,50.00,0.00,0,98
194.00,1565268930,0.00,nan,nan,0.00,0.00,0.00,0.00,0,-91.00,-7.00,0.00,0.00,45.00,0.00,0,45
195.00,1565268931,0.00,nan,nan,0.00,0.00,0.00,0.00,0,-91.00,-8.00,0.00,0.00,48.00,0.00,0,96
195.00,1565268931,0.00,nan,nan,0.00,0.00,0.00,0.00,0,-92.00,-9.00,0.00,0.00,50.00,0.00,0,359
195.00,1565268931,0.00,nan,nan,0.00,0.00,0.00,0.00,0,-95.00,-12.00,0.00,0.00,50.00,0.00,0,98
195.00,1565268931,0.00,nan,nan,0.00,0.00,0.00,0.00,0,-91.00,-7.00,0.00,0.00,45.00,0.00,0,45
198.00,1565268934,0.00,nan,nan,0.00,0.00,0.00,0.00,0,-94.00,-10.00,0.00,0.00,47.00,0.00,0,98
198.00,1565268934,0.00,nan,nan,0.00,0.00,0.00,0.00,0,-96.00,-8.00,0.00,0.00,44.00,0.00,0,359
198.00,1565268934,0.00,nan,nan,0.00,0.00,0.00,0.00,0,-98.00,-10.00,0.00,0.00,45.00,0.00,0,358
199.00,1565268935,0.00,nan,nan,0.00,0.00,0.00,0.00,0,-94.00,-10.00,0.00,0.00,47.00,0.00,0,98
199.00,1565268935,0.00,nan,nan,0.00,0.00,0.00,0.00,0,-96.00,-8.00,0.00,0.00,44.00,0.00,0,359
199.00,1565268935,0.00,nan,nan,0.00,0.00,0.00,0.00,0,-98.00,-10.00,0.00,0.00,45.00,0.00,0,358
199.99,1565268936,0.00,nan,nan,0.00,0.00,0.00,0.00,0,-97.00,-7.00,0.00,0.00,42.00,0.00,0,359
200.00,1565268936,0.00,nan,nan,0.00,0.00,0.00,0.00,0,-100.00,-11.00,0.00,0.00,43.00,0.00,0,358
200.99,1565268937,0.00,nan,nan,0.00,0.00,0.00,0.00,0,-97.00,-7.00,0.00,0.00,42.00,0.00,0,359
201.00,1565268937,0.00,nan,nan,0.00,0.00,0.00,0.00,0,-100.00,-11.00,0.00,0.00,43.00,0.00,0,358
202.00,1565268938,0.00,nan,nan,0.00,0.00,0.00,0.00,0,-102.00,-10.00,0.00,0.00,39.00,0.00,0,358
202.00,1565268938,0.00,nan,nan,0.00,0.00,0.00,0.00,0,-107.00,-11.00,0.00,0.00,36.00,0.00,0,96
202.00,1565268938,0.00,nan,nan,0.00,0.00,0.00,0.00,0,-108.00,-12.00,0.00,0.00,36.00,0.00,0,213
202.00,1565268938,0.00,nan,nan,0.00,0.00,0.00,0.00,0,-102.00,-10.00,0.00,0.00,36.00,0.00,0,47
203.00,1565268939,0.00,nan,nan,0.00,0.00,0.00,0.00,0,-102.00,-10.00,0.00,0.00,39.00,0.00,0,358
203.00,1565268939,0.00,nan,nan,0.00,0.00,0.00,0.00,0,-107.00,-11.00,0.00,0.00,36.00,0.00,0,96
203.00,1565268939,0.00,nan,nan,0.00,0.00,0.00,0.00,0,-108.00,-12.00,0.00,0.00,36.00,0.00,0,213
203.00,1565268939,0.00,nan,nan,0.00,0.00,0.00,0.00,0,-102.00,-10.00,0.00,0.00,36.00,0.00,0,47
204.00,1565268940,0.00,nan,nan,0.00,0.00,0.00,0.00,0,-100.00,-9.00,0.00,0.00,40.00,0.00,0,213
204.00,1565268940,0.00,nan,nan,0.00,0.00,0.00,0.00,0,-104.00,-12.00,0.00,0.00,41.00,0.00,0,358
204.00,1565268940,0.00,nan,nan,0.00,0.00,0.00,0.00,0,-100.00,-8.00,0.00,0.00,36.00,0.00,0,104
204.00,1565268940,0.00,nan,nan,0.00,0.00,0.00,0.00,0,-102.00,-11.00,0.00,0.00,37.00,0.00,0,47
205.00,1565268941,0.00,nan,nan,0.00,0.00,0.00,0.00,0,-100.00,-9.00,0.00,0.00,40.00,0.00,0,213
205.00,1565268941,0.00,nan,nan,0.00,0.00,0.00,0.00,0,-104.00,-12.00,0.00,0.00,41.00,0.00,0,358
205.00,1565268941,0.00,nan,nan,0.00,0.00,0.00,0.00,0,-100.00,-8.00,0.00,0.00,36.00,0.00,0,104
205.00,1565268941,0.00,nan,nan,0.00,0.00,0.00,0.00,0,-102.00,-11.00,0.00,0.00,37.00,0.00,0,47
206.00,1565268942,0.00,nan,nan,0.00,0.00,0.00,0.00,0,-103.00,-8.00,0.00,0.00,37.00,0.00,0,359
206.00,1565268942,0.00,nan,nan,0.00,0.00,0.00,0.00,0,-106.00,-12.00,0.00,0.00,37.00,0.00,0,358
206.99,1565268943,0.00,nan,nan,0.00,0.00,0.00,0.00,0,-103.00,-8.00,0.00,0.00,37.00,0.00,0,359
206.99,1565268943,0.00,nan,nan,0.00,0.00,0.00,0.00,0,-106.00,-12.00,0.00,0.00,37.00,0.00,0,358
207.99,1565268944,0.00,nan,nan,0.00,0.00,0.00,0.00,0,-103.00,-8.00,0.00,0.00,37.00,0.00,0,359
208.00,1565268944,0.00,nan,nan,0.00,0.00,0.00,0.00,0,-106.00,-12.00,0.00,0.00,37.00,0.00,0,358
208.99,1565268945,0.00,nan,nan,0.00,0.00,0.00,0.00,0,-108.00,-11.00,0.00,0.00,36.00,0.00,0,359
209.99,1565268946,0.00,nan,nan,0.00,0.00,0.00,0.00,0,-108.00,-11.00,0.00,0.00,36.00,0.00,0,359
212.99,1565268949,0.00,nan,nan,0.00,0.00,0.00,0.00,0,-107.00,-11.00,0.00,0.00,36.00,0.00,0,359
213.99,1565268950,0.00,nan,nan,0.00,0.00,0.00,0.00,0,-107.00,-11.00,0.00,0.00,36.00,0.00,0,359
217.00,1565268953,0.00,nan,nan,0.00,0.00,0.00,0.00,0,-102.00,-11.00,0.00,0.00,40.00,0.00,0,359
217.00,1565268953,0.00,nan,nan,0.00,0.00,0.00,0.00,0,-105.00,-12.00,0.00,0.00,38.00,0.00,0,96
217.00,1565268953,0.00,nan,nan,0.00,0.00,0.00,0.00,0,-107.00,-14.00,0.00,0.00,39.00,0.00,0,197
218.00,1565268954,0.00,nan,nan,0.00,0.00,0.00,0.00,0,-102.00,-11.00,0.00,0.00,40.00,0.00,0,359
218.00,1565268954,0.00,nan,nan,0.00,0.00,0.00,0.00,0,-105.00,-12.00,0.00,0.00,38.00,0.00,0,96
218.00,1565268954,0.00,nan,nan,0.00,0.00,0.00,0.00,0,-107.00,-14.00,0.00,0.00,39.00,0.00,0,197
219.00,1565268955,0.00,nan,nan,0.00,0.00,0.00,0.00,0,-103.00,-9.00,0.00,0.00,38.00,0.00,0,359
219.00,1565268955,0.00,nan,nan,0.00,0.00,0.00,0.00,0,-104.00,-10.00,0.00,0.00,37.00,0.00,0,96
219.00,1565268955,0.00,nan,nan,0.00,0.00,0.00,0.00,0,-106.00,-12.00,0.00,0.00,37.00,0.00,0,197
220.00,1565268956,0.00,nan,nan,0.00,0.00,0.00,0.00,0,-103.00,-9.00,0.00,0.00,38.00,0.00,0,359
220.00,1565268956,0.00,nan,nan,0.00,0.00,0.00,0.00,0,-104.00,-10.00,0.00,0.00,37.00,0.00,0,96
220.00,1565268956,0.00,nan,nan,0.00,0.00,0.00,0.00,0,-106.00,-12.00,0.00,0.00,37.00,0.00,0,197
223.00,1565268959,0.00,nan,nan,0.00,0.00,0.00,0.00,0,-102.00,-8.00,0.00,0.00,37.00,0.00,0,96
223.00,1565268959,0.00,nan,nan,0.00,0.00,0.00,0.00,0,-104.00,-10.00,0.00,0.00,37.00,0.00,0,359
223.00,1565268959,0.00,nan,nan,0.00,0.00,0.00,0.00,0,-110.00,-13.00,0.00,0.00,36.00,0.00,0,197
224.00,1565268960,0.00,nan,nan,0.00,0.00,0.00,0.00,0,-102.00,-8.00,0.00,0.00,37.00,0.00,0,96
224.00,1565268960,0.00,nan,nan,0.00,0.00,0.00,0.00,0,-104.00,-10.00,0.00,0.00,37.00,0.00,0,359
224.00,1565268960,0.00,nan,nan,0.00,0.00,0.00,0.00,0,-110.00,-13.00,0.00,0.00,36.00,0.00,0,197
225.00,1565268961,0.00,nan,nan,0.00,0.00,0.00,0.00,0,-103.00,-9.00,0.00,0.00,38.00,0.00,0,96
225.00,1565268961,0.00,nan,nan,0.00,0.00,0.00,0.00,0,-104.00,-10.00,0.00,0.00,38.00,0.00,0,359
226.00,1565268962,0.00,nan,nan,0.00,0.00,0.00,0.00,0,-103.00,-9.00,0.00,0.00,38.00,0.00,0,96
226.00,1565268962,0.00,nan,nan,0.00,0.00,0.00,0.00,0,-104.00,-10.00,0.00,0.00,38.00,0.00,0,359
227.00,1565268963,0.00,nan,nan,0.00,0.00,0.00,0.00,0,-103.00,-10.00,0.00,0.00,39.00,0.00,0,359
227.00,1565268963,0.00,nan,nan,0.00,0.00,0.00,0.00,0,-102.00,-9.00,0.00,0.00,38.00,0.00,0,96
227.01,1565268963,0.00,nan,nan,0.00,0.00,0.00,0.00,0,-108.00,-13.00,0.00,0.00,37.00,0.00,0,197
228.00,1565268964,0.00,nan,nan,0.00,0.00,0.00,0.00,0,-103.00,-10.00,0.00,0.00,39.00,0.00,0,359
228.00,1565268964,0.00,nan,nan,0.00,0.00,0.00,0.00,0,-102.00,-9.00,0.00,0.00,38.00,0.00,0,96
228.00,1565268964,0.00,nan,nan,0.00,0.00,0.00,0.00,0,-108.00,-13.00,0.00,0.00,37.00,0.00,0,197
229.00,1565268965,0.00,nan,nan,0.00,0.00,0.00,0.00,0,-103.00,-10.00,0.00,0.00,39.00,0.00,0,359
229.00,1565268965,0.00,nan,nan,0.00,0.00,0.00,0.00,0,-102.00,-9.00,0.00,0.00,38.00,0.00,0,96
229.00,1565268965,0.00,nan,nan,0.00,0.00,0.00,0.00,0,-108.00,-13.00,0.00,0.00,37.00,0.00,0,197
229.99,1565268966,0.00,nan,nan,0.00,0.00,0.00,0.00,0,-102.00,-10.00,0.00,0.00,40.00,0.00,0,96
230.00,1565268966,0.00,nan,nan,0.00,0.00,0.00,0.00,0,-103.00,-11.00,0.00,0.00,40.00,0.00,0,359
230.99,1565268967,0.00,nan,nan,0.00,0.00,0.00,0.00,0,-102.00,-10.00,0.00,0.00,40.00,0.00,0,96
231.00,1565268967,0.00,nan,nan,0.00,0.00,0.00,0.00,0,-103.00,-11.00,0.00,0.00,40.00,0.00,0,359
232.00,1565268968,0.00,nan,nan,0.00,0.00,0.00,0.00,0,-102.00,-11.00,0.00,0.00,40.00,0.00,0,86
232.00,1565268968,0.00,nan,nan,0.00,0.00,0.00,0.00,0,-102.00,-11.00,0.00,0.00,40.00,0.00,0,167
232.00,1565268968,0.00,nan,nan,0.00,0.00,0.00,0.00,0,-101.00,-9.00,0.00,0.00,41.00,0.00,0,96
233.00,1565268969,0.00,nan,nan,0.00,0.00,0.00,0.00,0,-102.00,-11.00,0.00,0.00,40.00,0.00,0,86
233.00,1565268969,0.00,nan,nan,0.00,0.00,0.00,0.00,0,-102.00,-11.00,0.00,0.00,40.00,0.00,0,167
233.00,1565268969,0.00,nan,nan,0.00,0.00,0.00,0.00,0,-101.00,-9.00,0.00,0.00,41.00,0.00,0,96
233.99,1565268970,0.00,nan,nan,0.00,0.00,0.00,0.00,0,-98.00,-8.00,0.00,0.00,42.00,0.00,0,86
234.00,1565268970,0.00,nan,nan,0.00,0.00,0.00,0.00,0,-100.00,-9.00,0.00,0.00,41.00,0.00,0,96
235.00,1565268971,0.00,nan,nan,0.00,0.00,0.00,0.00,0,-98.00,-8.00,0.00,0.00,42.00,0.00,0,86
235.00,1565268971,0.00,nan,nan,0.00,0.00,0.00,0.00,0,-100.00,-9.00,0.00,0.00,41.00,0.00,0,96
236.00,1565268972,0.00,nan,nan,0.00,0.00,0.00,0.00,0,-99.00,-10.00,0.00,0.00,43.00,0.00,0,96
236.00,1565268972,0.00,nan,nan,0.00,0.00,0.00,0.00,0,-98.00,-8.00,0.00,0.00,42.00,0.00,0,86
236.99,1565268973,0.00,nan,nan,0.00,0.00,0.00,0.00,0,-99.00,-10.00,0.00,0.00,43.00,0.00,0,96
237.00,1565268973,0.00,nan,nan,0.00,0.00,0.00,0.00,0,-98.00,-8.00,0.00,0.00,42.00,0.00,0,86
237.99,1565268974,0.00,nan,nan,0.00,0.00,0.00,0.00,0,-106.00,-11.00,0.00,0.00,38.00,0.00,0,213
238.99,1565268975,0.00,nan,nan,0.00,0.00,0.00,0.00,0,-106.00,-11.00,0.00,0.00,38.00,0.00,0,213
239.99,1565268976,0.00,nan,nan,0.00,0.00,0.00,0.00,0,-103.00,-9.00,0.00,0.00,38.00,0.00,0,213
240.99,1565268977,0.00,nan,nan,0.00,0.00,0.00,0.00,0,-103.00,-9.00,0.00,0.00,38.00,0.00,0,213
241.99,1565268978,0.00,nan,nan,0.00,0.00,0.00,0.00,0,-104.00,-9.00,0.00,0.00,37.00,0.00,0,213
243.00,1565268979,0.00,nan,nan,0.00,0.00,0.00,0.00,0,-104.00,-9.00,0.00,0.00,37.00,0.00,0,213
245.99,1565268982,0.00,nan,nan,0.00,0.00,0.00,0.00,0,-101.00,-14.00,0.00,0.00,43.00,0.00,0,104
246.99,1565268983,0.00,nan,nan,0.00,0.00,0.00,0.00,0,-101.00,-14.00,0.00,0.00,43.00,0.00,0,104
248.00,1565268984,0.00,nan,nan,0.00,0.00,0.00,0.00,0,-97.00,-10.00,0.00,0.00,44.00,0.00,0,167
248.99,1565268985,0.00,nan,nan,0.00,0.00,0.00,0.00,0,-97.00,-10.00,0.00,0.00,44.00,0.00,0,167
249.99,1565268986,0.00,nan,nan,0.00,0.00,0.00,0.00,0,-97.00,-10.00,0.00,0.00,44.00,0.00,0,167
250.99,1565268987,0.00,nan,nan,0.00,0.00,0.00,0.00,0,-99.00,-9.00,0.00,0.00,41.00,0.00,0,167
251.00,1565268987,0.00,nan,nan,0.00,0.00,0.00,0.00,0,-100.00,-10.00,0.00,0.00,41.00,0.00,0,86
252.00,1565268988,0.00,nan,nan,0.00,0.00,0.00,0.00,0,-99.00,-9.00,0.00,0.00,41.00,0.00,0,167
252.00,1565268988,0.00,nan,nan,0.00,0.00,0.00,0.00,0,-100.00,-10.00,0.00,0.00,41.00,0.00,0,86
252.99,1565268989,0.00,nan,nan,0.00,0.00,0.00,0.00,0,-88.00,-6.00,0.00,0.00,51.00,0.00,0,86
253.99,1565268990,0.00,nan,nan,0.00,0.00,0.00,0.00,0,-88.00,-6.00,0.00,0.00,51.00,0.00,0,86
254.99,1565268991,0.00,nan,nan,0.00,0.00,0.00,0.00,0,-89.00,-7.00,0.00,0.00,51.00,0.00,0,86
255.00,1565268991,0.00,nan,nan,0.00,0.00,0.00,0.00,0,-95.00,-10.00,0.00,0.00,47.00,0.00,0,167
255.99,1565268992,0.00,nan,nan,0.00,0.00,0.00,0.00,0,-89.00,-7.00,0.00,0.00,51.00,0.00,0,86
255.99,1565268992,0.00,nan,nan,0.00,0.00,0.00,0.00,0,-95.00,-10.00,0.00,0.00,47.00,0.00,0,167
256.99,1565268993,0.00,nan,nan,0.00,0.00,0.00,0.00,0,-89.00,-6.00,0.00,0.00,49.00,0.00,0,86
257.99,1565268994,0.00,nan,nan,0.00,0.00,0.00,0.00,0,-89.00,-6.00,0.00,0.00,49.00,0.00,0,86
258.99,1565268995,0.00,nan,nan,0.00,0.00,0.00,0.00,0,-89.00,-7.00,0.00,0.00,49.00,0.00,0,86
259.99,1565268996,0.00,nan,nan,0.00,0.00,0.00,0.00,0,-89.00,-7.00,0.00,0.00,49.00,0.00,0,86
260.99,1565268997,0.00,nan,nan,0.00,0.00,0.00,0.00,0,-90.00,-7.00,0.00,0.00,48.00,0.00,0,86
261.99,1565268998,0.00,nan,nan,0.00,0.00,0.00,0.00,0,-90.00,-7.00,0.00,0.00,48.00,0.00,0,86
264.99,1565269001,0.00,nan,nan,0.00,0.00,0.00,0.00,0,-90.00,-7.00,0.00,0.00,49.00,0.00,0,86
265.00,1565269001,0.00,nan,nan,0.00,0.00,0.00,0.00,0,-98.00,-11.00,0.00,0.00,46.00,0.00,0,167
265.99,1565269002,0.00,nan,nan,0.00,0.00,0.00,0.00,0,-90.00,-7.00,0.00,0.00,49.00,0.00,0,86
266.00,1565269002,0.00,nan,nan,0.00,0.00,0.00,0.00,0,-98.00,-11.00,0.00,0.00,46.00,0.00,0,167
266.99,1565269003,0.00,nan,nan,0.00,0.00,0.00,0.00,0,-92.00,-7.00,0.00,0.00,46.00,0.00,0,213
267.99,1565269004,0.00,nan,nan,0.00,0.00,0.00,0.00,0,-92.00,-7.00,0.00,0.00,46.00,0.00,0,213
269.00,1565269005,0.00,nan,nan,0.00,0.00,0.00,0.00,0,-93.00,-8.00,0.00,0.00,47.00,0.00,0,213
269.99,1565269006,0.00,nan,nan,0.00,0.00,0.00,0.00,0,-93.00,-8.00,0.00,0.00,47.00,0.00,0,213
270.99,1565269007,0.00,nan,nan,0.00,0.00,0.00,0.00,0,-93.00,-8.00,0.00,0.00,47.00,0.00,0,213
271.99,1565269008,0.00,nan,nan,0.00,0.00,0.00,0.00,0,-93.00,-8.00,0.00,0.00,47.00,0.00,0,213
272.99,1565269009,0.00,nan,nan,0.00,0.00,0.00,0.00,0,-93.00,-8.00,0.00,0.00,47.00,0.00,0,213
273.99,1565269010,0.00,nan,nan,0.00,0.00,0.00,0.00,0,-93.00,-8.00,0.00,0.00,47.00,0.00,0,213
274.99,1565269011,0.00,nan,nan,0.00,0.00,0.00,0.00,0,-93.00,-8.00,0.00,0.00,47.00,0.00,0,213
275.99,1565269012,0.00,nan,nan,0.00,0.00,0.00,0.00,0,-92.00,-7.00,0.00,0.00,47.00,0.00,0,213
276.99,1565269013,0.00,nan,nan,0.00,0.00,0.00,0.00,0,-92.00,-7.00,0.00,0.00,47.00,0.00,0,213
277.99,1565269014,0.00,nan,nan,0.00,0.00,0.00,0.00,0,-92.00,-8.00,0.00,0.00,48.00,0.00,0,213
278.99,1565269015,0.00,nan,nan,0.00,0.00,0.00,0.00,0,-92.00,-8.00,0.00,0.00,48.00,0.00,0,213
279.99,1565269016,0.00,nan,nan,0.00,0.00,0.00,0.00,0,-92.00,-7.00,0.00,0.00,47.00,0.00,0,213
280.99,1565269017,0.00,nan,nan,0.00,0.00,0.00,0.00,0,-92.00,-7.00,0.00,0.00,47.00,0.00,0,213
281.99,1565269018,0.00,nan,nan,0.00,0.00,0.00,0.00,0,-92.00,-7.00,0.00,0.00,47.00,0.00,0,213
282.99,1565269019,0.00,nan,nan,0.00,0.00,0.00,0.00,0,-92.00,-7.00,0.00,0.00,47.00,0.00,0,213
283.99,1565269020,0.00,nan,nan,0.00,0.00,0.00,0.00,0,-92.00,-6.00,0.00,0.00,46.00,0.00,0,213
285.00,1565269021,0.00,nan,nan,0.00,0.00,0.00,0.00,0,-92.00,-6.00,0.00,0.00,46.00,0.00,0,213
285.99,1565269022,0.00,nan,nan,0.00,0.00,0.00,0.00,0,-92.00,-7.00,0.00,0.00,46.00,0.00,0,213
286.99,1565269023,0.00,nan,nan,0.00,0.00,0.00,0.00,0,-92.00,-7.00,0.00,0.00,46.00,0.00,0,213
287.99,1565269024,0.00,nan,nan,0.00,0.00,0.00,0.00,0,-93.00,-7.00,0.00,0.00,46.00,0.00,0,213
288.99,1565269025,0.00,nan,nan,0.00,0.00,0.00,0.00,0,-93.00,-7.00,0.00,0.00,46.00,0.00,0,213
290.00,1565269026,0.00,nan,nan,0.00,0.00,0.00,0.00,0,-93.00,-7.00,0.00,0.00,46.00,0.00,0,213
290.99,1565269027,0.00,nan,nan,0.00,0.00,0.00,0.00,0,-93.00,-7.00,0.00,0.00,46.00,0.00,0,213
291.99,1565269028,0.00,nan,nan,0.00,0.00,0.00,0.00,0,-93.00,-7.00,0.00,0.00,46.00,0.00,0,213
292.99,1565269029,0.00,nan,nan,0.00,0.00,0.00,0.00,0,-93.00,-7.00,0.00,0.00,45.00,0.00,0,213
293.99,1565269030,0.00,nan,nan,0.00,0.00,0.00,0.00,0,-93.00,-7.00,0.00,0.00,45.00,0.00,0,213
294.99,1565269031,0.00,nan,nan,0.00,0.00,0.00,0.00,0,-93.00,-8.00,0.00,0.00,46.00,0.00,0,213
295.99,1565269032,0.00,nan,nan,0.00,0.00,0.00,0.00,0,-93.00,-8.00,0.00,0.00,46.00,0.00,0,213
296.99,1565269033,0.00,nan,nan,0.00,0.00,0.00,0.00,0,-92.00,-8.00,0.00,0.00,48.00,0.00,0,213
297.99,1565269034,0.00,nan,nan,0.00,0.00,0.00,0.00,0,-92.00,-8.00,0.00,0.00,48.00,0.00,0,213
300.99,1565269037,0.00,nan,nan,0.00,0.00,0.00,0.00,0,-93.00,-9.00,0.00,0.00,48.00,0.00,0,86
301.99,1565269038,0.00,nan,nan,0.00,0.00,0.00,0.00,0,-93.00,-9.00,0.00,0.00,48.00,0.00,0,86
302.99,1565269039,0.00,nan,nan,0.00,0.00,0.00,0.00,0,-93.00,-8.00,0.00,0.00,47.00,0.00,0,86
303.99,1565269040,0.00,nan,nan,0.00,0.00,0.00,0.00,0,-93.00,-8.00,0.00,0.00,47.00,0.00,0,86
304.99,1565269041,0.00,nan,nan,0.00,0.00,0.00,0.00,0,-96.00,-10.00,0.00,0.00,45.00,0.00,0,86
305.00,1565269041,0.00,nan,nan,0.00,0.00,0.00,0.00,0,-100.00,-11.00,0.00,0.00,44.00,0.00,0,359
305.00,1565269041,0.00,nan,nan,0.00,0.00,0.00,0.00,0,-101.00,-13.00,0.00,0.00,43.00,0.00,0,96
306.00,1565269042,0.00,nan,nan,0.00,0.00,0.00,0.00,0,-96.00,-10.00,0.00,0.00,45.00,0.00,0,86
306.00,1565269042,0.00,nan,nan,0.00,0.00,0.00,0.00,0,-100.00,-11.00,0.00,0.00,44.00,0.00,0,359
306.00,1565269042,0.00,nan,nan,0.00,0.00,0.00,0.00,0,-101.00,-13.00,0.00,0.00,43.00,0.00,0,96
307.00,1565269043,0.00,nan,nan,0.00,0.00,0.00,0.00,0,-97.00,-10.00,0.00,0.00,44.00,0.00,0,86
307.00,1565269043,0.00,nan,nan,0.00,0.00,0.00,0.00,0,-100.00,-11.00,0.00,0.00,43.00,0.00,0,359
307.00,1565269043,0.00,nan,nan,0.00,0.00,0.00,0.00,0,-102.00,-12.00,0.00,0.00,42.00,0.00,0,96
307.99,1565269044,0.00,nan,nan,0.00,0.00,0.00,0.00,0,-97.00,-10.00,0.00,0.00,44.00,0.00,0,86
307.99,1565269044,0.00,nan,nan,0.00,0.00,0.00,0.00,0,-100.00,-11.00,0.00,0.00,43.00,0.00,0,359
308.00,1565269044,0.00,nan,nan,0.00,0.00,0.00,0.00,0,-102.00,-12.00,0.00,0.00,42.00,0.00,0,96
311.00,1565269047,0.00,nan,nan,0.00,0.00,0.00,0.00,0,-97.00,-8.00,0.00,0.00,44.00,0.00,0,85
311.99,1565269048,0.00,nan,nan,0.00,0.00,0.00,0.00,0,-97.00,-8.00,0.00,0.00,44.00,0.00,0,85
312.99,1565269049,0.00,nan,nan,0.00,0.00,0.00,0.00,0,-97.00,-8.00,0.00,0.00,44.00,0.00,0,85
313.99,1565269050,0.00,nan,nan,0.00,0.00,0.00,0.00,0,-94.00,-8.00,0.00,0.00,45.00,0.00,0,85
314.00,1565269050,0.00,nan,nan,0.00,0.00,0.00,0.00,0,-99.00,-13.00,0.00,0.00,45.00,0.00,0,86
314.99,1565269051,0.00,nan,nan,0.00,0.00,0.00,0.00,0,-94.00,-8.00,0.00,0.00,45.00,0.00,0,85
315.00,1565269051,0.00,nan,nan,0.00,0.00,0.00,0.00,0,-99.00,-13.00,0.00,0.00,45.00,0.00,0,86
317.99,1565269054,0.00,nan,nan,0.00,0.00,0.00,0.00,0,-92.00,-11.00,0.00,0.00,51.00,0.00,0,85
318.99,1565269055,0.00,nan,nan,0.00,0.00,0.00,0.00,0,-92.00,-11.00,0.00,0.00,51.00,0.00,0,85
327.99,1565269064,0.00,nan,nan,0.00,0.00,0.00,0.00,0,-94.00,-6.00,0.00,0.00,41.00,0.00,0,104
328.99,1565269065,0.00,nan,nan,0.00,0.00,0.00,0.00,0,-94.00,-6.00,0.00,0.00,41.00,0.00,0,104
329.99,1565269066,0.00,nan,nan,0.00,0.00,0.00,0.00,0,-93.00,-6.00,0.00,0.00,42.00,0.00,0,104
330.99,1565269067,0.00,nan,nan,0.00,0.00,0.00,0.00,0,-93.00,-6.00,0.00,0.00,42.00,0.00,0,104
332.00,1565269068,0.00,nan,nan,0.00,0.00,0.00,0.00,0,-95.00,-6.00,0.00,0.00,40.00,0.00,0,104
332.99,1565269069,0.00,nan,nan,0.00,0.00,0.00,0.00,0,-95.00,-6.00,0.00,0.00,40.00,0.00,0,104
333.99,1565269070,0.00,nan,nan,0.00,0.00,0.00,0.00,0,-95.00,-6.00,0.00,0.00,40.00,0.00,0,104
334.99,1565269071,0.00,nan,nan,0.00,0.00,0.00,0.00,0,-96.00,-7.00,0.00,0.00,39.00,0.00,0,104
335.99,1565269072,0.00,nan,nan,0.00,0.00,0.00,0.00,0,-96.00,-7.00,0.00,0.00,39.00,0.00,0,104
342.99,1565269079,0.00,nan,nan,0.00,0.00,0.00,0.00,0,-98.00,-7.00,0.00,0.00,41.00,0.00,0,213
343.99,1565269080,0.00,nan,nan,0.00,0.00,0.00,0.00,0,-98.00,-7.00,0.00,0.00,41.00,0.00,0,213
344.99,1565269081,0.00,nan,nan,0.00,0.00,0.00,0.00,0,-97.00,-7.00,0.00,0.00,41.00,0.00,0,213
345.99,1565269082,0.00,nan,nan,0.00,0.00,0.00,0.00,0,-97.00,-7.00,0.00,0.00,41.00,0.00,0,213
347.00,1565269083,0.00,nan,nan,0.00,0.00,0.00,0.00,0,-95.00,-7.00,0.00,0.00,43.00,0.00,0,213
347.99,1565269084,0.00,nan,nan,0.00,0.00,0.00,0.00,0,-95.00,-7.00,0.00,0.00,43.00,0.00,0,213
350.99,1565269087,0.00,nan,nan,0.00,0.00,0.00,0.00,0,-98.00,-9.00,0.00,0.00,43.00,0.00,0,85
351.99,1565269088,0.00,nan,nan,0.00,0.00,0.00,0.00,0,-98.00,-9.00,0.00,0.00,43.00,0.00,0,85
353.00,1565269089,0.00,nan,nan,0.00,0.00,0.00,0.00,0,-97.00,-8.00,0.00,0.00,44.00,0.00,0,85
353.99,1565269090,0.00,nan,nan,0.00,0.00,0.00,0.00,0,-97.00,-8.00,0.00,0.00,44.00,0.00,0,85
354.99,1565269091,0.00,nan,nan,0.00,0.00,0.00,0.00,0,-97.00,-8.00,0.00,0.00,44.00,0.00,0,85
355.99,1565269092,0.00,nan,nan,0.00,0.00,0.00,0.00,0,-97.00,-9.00,0.00,0.00,43.00,0.00,0,85
356.99,1565269093,0.00,nan,nan,0.00,0.00,0.00,0.00,0,-97.00,-9.00,0.00,0.00,43.00,0.00,0,85
357.99,1565269094,0.00,nan,nan,0.00,0.00,0.00,0.00,0,-98.00,-9.00,0.00,0.00,43.00,0.00,0,85
358.99,1565269095,0.00,nan,nan,0.00,0.00,0.00,0.00,0,-98.00,-9.00,0.00,0.00,43.00,0.00,0,85
359.99,1565269096,0.00,nan,nan,0.00,0.00,0.00,0.00,0,-98.00,-9.00,0.00,0.00,42.00,0.00,0,85
360.99,1565269097,0.00,nan,nan,0.00,0.00,0.00,0.00,0,-98.00,-9.00,0.00,0.00,42.00,0.00,0,85
361.99,1565269098,0.00,nan,nan,0.00,0.00,0.00,0.00,0,-98.00,-8.00,0.00,0.00,42.00,0.00,0,85
362.99,1565269099,0.00,nan,nan,0.00,0.00,0.00,0.00,0,-98.00,-8.00,0.00,0.00,42.00,0.00,0,85
364.00,1565269100,0.00,nan,nan,0.00,0.00,0.00,0.00,0,-98.00,-11.00,0.00,0.00,45.00,0.00,0,85
364.99,1565269101,0.00,nan,nan,0.00,0.00,0.00,0.00,0,-98.00,-11.00,0.00,0.00,45.00,0.00,0,85
367.99,1565269104,0.00,nan,nan,0.00,0.00,0.00,0.00,0,-97.00,-7.00,0.00,0.00,42.00,0.00,0,213
367.99,1565269104,0.00,nan,nan,0.00,0.00,0.00,0.00,0,-96.00,-6.00,0.00,0.00,39.00,0.00,0,104
368.99,1565269105,0.00,nan,nan,0.00,0.00,0.00,0.00,0,-97.00,-7.00,0.00,0.00,42.00,0.00,0,213
369.00,1565269105,0.00,nan,nan,0.00,0.00,0.00,0.00,0,-96.00,-6.00,0.00,0.00,39.00,0.00,0,104
380.99,1565269117,0.00,nan,nan,0.00,0.00,0.00,0.00,0,-105.00,-9.00,0.00,0.00,36.00,0.00,0,96
381.99,1565269118,0.00,nan,nan,0.00,0.00,0.00,0.00,0,-105.00,-9.00,0.00,0.00,36.00,0.00,0,96
383.00,1565269119,0.00,nan,nan,0.00,0.00,0.00,0.00,0,-104.00,-9.00,0.00,0.00,37.00,0.00,0,96
383.00,1565269119,0.00,nan,nan,0.00,0.00,0.00,0.00,0,-105.00,-10.00,0.00,0.00,37.00,0.00,0,213
383.00,1565269119,0.00,nan,nan,0.00,0.00,0.00,0.00,0,-102.00,-9.00,0.00,0.00,36.00,0.00,0,104
384.00,1565269120,0.00,nan,nan,0.00,0.00,0.00,0.00,0,-104.00,-9.00,0.00,0.00,37.00,0.00,0,96
384.00,1565269120,0.00,nan,nan,0.00,0.00,0.00,0.00,0,-105.00,-10.00,0.00,0.00,37.00,0.00,0,213
384.00,1565269120,0.00,nan,nan,0.00,0.00,0.00,0.00,0,-102.00,-9.00,0.00,0.00,36.00,0.00,0,104
384.99,1565269121,0.00,nan,nan,0.00,0.00,0.00,0.00,0,-101.00,-9.00,0.00,0.00,39.00,0.00,0,213
385.00,1565269121,0.00,nan,nan,0.00,0.00,0.00,0.00,0,-103.00,-9.00,0.00,0.00,35.00,0.00,0,104
385.99,1565269122,0.00,nan,nan,0.00,0.00,0.00,0.00,0,-101.00,-9.00,0.00,0.00,39.00,0.00,0,213
386.00,1565269122,0.00,nan,nan,0.00,0.00,0.00,0.00,0,-103.00,-9.00,0.00,0.00,35.00,0.00,0,104
387.00,1565269123,0.00,nan,nan,0.00,0.00,0.00,0.00,0,-103.00,-9.00,0.00,0.00,37.00,0.00,0,213
387.00,1565269123,0.00,nan,nan,0.00,0.00,0.00,0.00,0,-107.00,-13.00,0.00,0.00,37.00,0.00,0,359
387.00,1565269123,0.00,nan,nan,0.00,0.00,0.00,0.00,0,-108.00,-14.00,0.00,0.00,38.00,0.00,0,215
387.00,1565269123,0.00,nan,nan,0.00,0.00,0.00,0.00,0,-101.00,-8.00,0.00,0.00,35.00,0.00,0,104
387.00,1565269123,0.00,nan,nan,0.00,0.00,0.00,0.00,0,-104.00,-10.00,0.00,0.00,35.00,0.00,0,45
388.00,1565269124,0.00,nan,nan,0.00,0.00,0.00,0.00,0,-103.00,-9.00,0.00,0.00,37.00,0.00,0,213
388.00,1565269124,0.00,nan,nan,0.00,0.00,0.00,0.00,0,-107.00,-13.00,0.00,0.00,37.00,0.00,0,359
388.00,1565269124,0.00,nan,nan,0.00,0.00,0.00,0.00,0,-108.00,-14.00,0.00,0.00,38.00,0.00,0,215
388.00,1565269124,0.00,nan,nan,0.00,0.00,0.00,0.00,0,-101.00,-8.00,0.00,0.00,35.00,0.00,0,104
388.00,1565269124,0.00,nan,nan,0.00,0.00,0.00,0.00,0,-104.00,-10.00,0.00,0.00,35.00,0.00,0,45
389.00,1565269125,0.00,nan,nan,0.00,0.00,0.00,0.00,0,-103.00,-9.00,0.00,0.00,37.00,0.00,0,213
389.00,1565269125,0.00,nan,nan,0.00,0.00,0.00,0.00,0,-109.00,-14.00,0.00,0.00,37.00,0.00,0,215
389.00,1565269125,0.00,nan,nan,0.00,0.00,0.00,0.00,0,-102.00,-8.00,0.00,0.00,34.00,0.00,0,104
389.00,1565269125,0.00,nan,nan,0.00,0.00,0.00,0.00,0,-106.00,-12.00,0.00,0.00,34.00,0.00,0,103
390.00,1565269126,0.00,nan,nan,0.00,0.00,0.00,0.00,0,-103.00,-9.00,0.00,0.00,37.00,0.00,0,213
390.00,1565269126,0.00,nan,nan,0.00,0.00,0.00,0.00,0,-109.00,-14.00,0.00,0.00,37.00,0.00,0,215
390.00,1565269126,0.00,nan,nan,0.00,0.00,0.00,0.00,0,-102.00,-8.00,0.00,0.00,34.00,0.00,0,104
390.00,1565269126,0.00,nan,nan,0.00,0.00,0.00,0.00,0,-106.00,-12.00,0.00,0.00,34.00,0.00,0,103
391.00,1565269127,0.00,nan,nan,0.00,0.00,0.00,0.00,0,-102.00,-10.00,0.00,0.00,40.00,0.00,0,213
391.00,1565269127,0.00,nan,nan,0.00,0.00,0.00,0.00,0,-104.00,-13.00,0.00,0.00,40.00,0.00,0,215
391.00,1565269127,0.00,nan,nan,0.00,0.00,0.00,0.00,0,-108.00,-16.00,0.00,0.00,41.00,0.00,0,95
391.00,1565269127,0.00,nan,nan,0.00,0.00,0.00,0.00,0,-99.00,-7.00,0.00,0.00,36.00,0.00,0,104
391.00,1565269127,0.00,nan,nan,0.00,0.00,0.00,0.00,0,-103.00,-11.00,0.00,0.00,36.00,0.00,0,103
392.00,1565269128,0.00,nan,nan,0.00,0.00,0.00,0.00,0,-102.00,-10.00,0.00,0.00,40.00,0.00,0,213
392.00,1565269128,0.00,nan,nan,0.00,0.00,0.00,0.00,0,-104.00,-13.00,0.00,0.00,40.00,0.00,0,215
392.00,1565269128,0.00,nan,nan,0.00,0.00,0.00,0.00,0,-108.00,-16.00,0.00,0.00,41.00,0.00,0,95
392.00,1565269128,0.00,nan,nan,0.00,0.00,0.00,0.00,0,-99.00,-7.00,0.00,0.00,36.00,0.00,0,104
392.00,1565269128,0.00,nan,nan,0.00,0.00,0.00,0.00,0,-103.00,-11.00,0.00,0.00,36.00,0.00,0,103
393.00,1565269129,0.00,nan,nan,0.00,0.00,0.00,0.00,0,-103.00,-9.00,0.00,0.00,38.00,0.00,0,213
393.00,1565269129,0.00,nan,nan,0.00,0.00,0.00,0.00,0,-104.00,-10.00,0.00,0.00,38.00,0.00,0,215
393.00,1565269129,0.00,nan,nan,0.00,0.00,0.00,0.00,0,-100.00,-8.00,0.00,0.00,36.00,0.00,0,104
393.00,1565269129,0.00,nan,nan,0.00,0.00,0.00,0.00,0,-102.00,-9.00,0.00,0.00,36.00,0.00,0,103
394.00,1565269130,0.00,nan,nan,0.00,0.00,0.00,0.00,0,-103.00,-9.00,0.00,0.00,38.00,0.00,0,213
394.00,1565269130,0.00,nan,nan,0.00,0.00,0.00,0.00,0,-104.00,-10.00,0.00,0.00,38.00,0.00,0,215
394.00,1565269130,0.00,nan,nan,0.00,0.00,0.00,0.00,0,-100.00,-8.00,0.00,0.00,36.00,0.00,0,104
394.00,1565269130,0.00,nan,nan,0.00,0.00,0.00,0.00,0,-102.00,-9.00,0.00,0.00,36.00,0.00,0,103
395.00,1565269131,0.00,nan,nan,0.00,0.00,0.00,0.00,0,-100.00,-9.00,0.00,0.00,42.00,0.00,0,215
395.01,1565269131,0.00,nan,nan,0.00,0.00,0.00,0.00,0,-104.00,-13.00,0.00,0.00,40.00,0.00,0,415
395.01,1565269131,0.00,nan,nan,0.00,0.00,0.00,0.00,0,-112.00,-11.00,0.00,0.00,31.00,0.00,0,489
396.00,1565269132,0.00,nan,nan,0.00,0.00,0.00,0.00,0,-100.00,-9.00,0.00,0.00,42.00,0.00,0,215
396.00,1565269132,0.00,nan,nan,0.00,0.00,0.00,0.00,0,-104.00,-13.00,0.00,0.00,40.00,0.00,0,415
396.00,1565269132,0.00,nan,nan,0.00,0.00,0.00,0.00,0,-112.00,-11.00,0.00,0.00,31.00,0.00,0,489
397.00,1565269133,0.00,nan,nan,0.00,0.00,0.00,0.00,0,-100.00,-9.00,0.00,0.00,42.00,0.00,0,215
397.00,1565269133,0.00,nan,nan,0.00,0.00,0.00,0.00,0,-104.00,-13.00,0.00,0.00,40.00,0.00,0,415
397.00,1565269133,0.00,nan,nan,0.00,0.00,0.00,0.00,0,-112.00,-11.00,0.00,0.00,31.00,0.00,0,489
397.99,1565269134,0.00,nan,nan,0.00,0.00,0.00,0.00,0,-99.00,-9.00,0.00,0.00,42.00,0.00,0,215
397.99,1565269134,0.00,nan,nan,0.00,0.00,0.00,0.00,0,-107.00,-10.00,0.00,0.00,35.00,0.00,0,489
398.99,1565269135,0.00,nan,nan,0.00,0.00,0.00,0.00,0,-99.00,-9.00,0.00,0.00,42.00,0.00,0,215
399.00,1565269135,0.00,nan,nan,0.00,0.00,0.00,0.00,0,-107.00,-10.00,0.00,0.00,35.00,0.00,0,489
399.99,1565269136,0.00,nan,nan,0.00,0.00,0.00,0.00,0,-98.00,-10.00,0.00,0.00,44.00,0.00,0,215
400.00,1565269136,0.00,nan,nan,0.00,0.00,0.00,0.00,0,-108.00,-10.00,0.00,0.00,34.00,0.00,0,489
400.99,1565269137,0.00,nan,nan,0.00,0.00,0.00,0.00,0,-98.00,-10.00,0.00,0.00,44.00,0.00,0,215
400.99,1565269137,0.00,nan,nan,0.00,0.00,0.00,0.00,0,-108.00,-10.00,0.00,0.00,34.00,0.00,0,489
402.00,1565269138,0.00,nan,nan,0.00,0.00,0.00,0.00,0,-103.00,-9.00,0.00,0.00,37.00,0.00,0,215
402.00,1565269138,0.00,nan,nan,0.00,0.00,0.00,0.00,0,-107.00,-11.00,0.00,0.00,36.00,0.00,0,415
402.00,1565269138,0.00,nan,nan,0.00,0.00,0.00,0.00,0,-108.00,-9.00,0.00,0.00,33.00,0.00,0,85
402.00,1565269138,0.00,nan,nan,0.00,0.00,0.00,0.00,0,-110.00,-9.00,0.00,0.00,31.00,0.00,0,489
403.00,1565269139,0.00,nan,nan,0.00,0.00,0.00,0.00,0,-103.00,-9.00,0.00,0.00,37.00,0.00,0,215
403.00,1565269139,0.00,nan,nan,0.00,0.00,0.00,0.00,0,-107.00,-11.00,0.00,0.00,36.00,0.00,0,415
403.00,1565269139,0.00,nan,nan,0.00,0.00,0.00,0.00,0,-108.00,-9.00,0.00,0.00,33.00,0.00,0,85
403.00,1565269139,0.00,nan,nan,0.00,0.00,0.00,0.00,0,-110.00,-9.00,0.00,0.00,31.00,0.00,0,489
404.00,1565269140,0.00,nan,nan,0.00,0.00,0.00,0.00,0,-107.00,-10.00,0.00,0.00,34.00,0.00,0,215
404.00,1565269140,0.00,nan,nan,0.00,0.00,0.00,0.00,0,-110.00,-9.00,0.00,0.00,31.00,0.00,0,85
404.00,1565269140,0.00,nan,nan,0.00,0.00,0.00,0.00,0,-112.00,-9.00,0.00,0.00,29.00,0.00,0,489
405.00,1565269141,0.00,nan,nan,0.00,0.00,0.00,0.00,0,-107.00,-10.00,0.00,0.00,34.00,0.00,0,215
405.00,1565269141,0.00,nan,nan,0.00,0.00,0.00,0.00,0,-110.00,-9.00,0.00,0.00,31.00,0.00,0,85
405.00,1565269141,0.00,nan,nan,0.00,0.00,0.00,0.00,0,-112.00,-9.00,0.00,0.00,29.00,0.00,0,489
406.00,1565269142,0.00,nan,nan,0.00,0.00,0.00,0.00,0,-105.00,-8.00,0.00,0.00,35.00,0.00,0,215
406.00,1565269142,0.00,nan,nan,0.00,0.00,0.00,0.00,0,-110.00,-10.00,0.00,0.00,32.00,0.00,0,85
406.00,1565269142,0.00,nan,nan,0.00,0.00,0.00,0.00,0,-105.00,-10.00,0.00,0.00,34.00,0.00,0,103
406.00,1565269142,0.00,nan,nan,0.00,0.00,0.00,0.00,0,-106.00,-10.00,0.00,0.00,33.00,0.00,0,255
407.00,1565269143,0.00,nan,nan,0.00,0.00,0.00,0.00,0,-105.00,-8.00,0.00,0.00,35.00,0.00,0,215
407.00,1565269143,0.00,nan,nan,0.00,0.00,0.00,0.00,0,-110.00,-10.00,0.00,0.00,32.00,0.00,0,85
407.00,1565269143,0.00,nan,nan,0.00,0.00,0.00,0.00,0,-105.00,-10.00,0.00,0.00,34.00,0.00,0,103
407.00,1565269143,0.00,nan,nan,0.00,0.00,0.00,0.00,0,-106.00,-10.00,0.00,0.00,33.00,0.00,0,255
408.00,1565269144,0.00,nan,nan,0.00,0.00,0.00,0.00,0,-111.00,-11.00,0.00,0.00,32.00,0.00,0,415
408.00,1565269144,0.00,nan,nan,0.00,0.00,0.00,0.00,0,-111.00,-10.00,0.00,0.00,31.00,0.00,0,85
408.00,1565269144,0.00,nan,nan,0.00,0.00,0.00,0.00,0,-112.00,-14.00,0.00,0.00,33.00,0.00,0,213
409.00,1565269145,0.00,nan,nan,0.00,0.00,0.00,0.00,0,-111.00,-11.00,0.00,0.00,32.00,0.00,0,415
409.00,1565269145,0.00,nan,nan,0.00,0.00,0.00,0.00,0,-111.00,-10.00,0.00,0.00,31.00,0.00,0,85
409.00,1565269145,0.00,nan,nan,0.00,0.00,0.00,0.00,0,-112.00,-14.00,0.00,0.00,33.00,0.00,0,213
410.00,1565269146,0.00,nan,nan,0.00,0.00,0.00,0.00,0,-109.00,-12.00,0.00,0.00,35.00,0.00,0,415
410.00,1565269146,0.00,nan,nan,0.00,0.00,0.00,0.00,0,-109.00,-10.00,0.00,0.00,33.00,0.00,0,85
410.00,1565269146,0.00,nan,nan,0.00,0.00,0.00,0.00,0,-115.00,-11.00,0.00,0.00,27.00,0.00,0,72
410.00,1565269146,0.00,nan,nan,0.00,0.00,0.00,0.00,0,-115.00,-14.00,0.00,0.00,31.00,0.00,0,490
411.00,1565269147,0.00,nan,nan,0.00,0.00,0.00,0.00,0,-109.00,-12.00,0.00,0.00,35.00,0.00,0,415
411.00,1565269147,0.00,nan,nan,0.00,0.00,0.00,0.00,0,-109.00,-10.00,0.00,0.00,33.00,0.00,0,85
411.00,1565269147,0.00,nan,nan,0.00,0.00,0.00,0.00,0,-115.00,-11.00,0.00,0.00,27.00,0.00,0,72
411.00,1565269147,0.00,nan,nan,0.00,0.00,0.00,0.00,0,-115.00,-14.00,0.00,0.00,31.00,0.00,0,490
411.99,1565269148,0.00,nan,nan,0.00,0.00,0.00,0.00,0,-104.00,-10.00,0.00,0.00,37.00,0.00,0,415
412.99,1565269149,0.00,nan,nan,0.00,0.00,0.00,0.00,0,-104.00,-10.00,0.00,0.00,37.00,0.00,0,415
413.99,1565269150,0.00,nan,nan,0.00,0.00,0.00,0.00,0,-105.00,-10.00,0.00,0.00,37.00,0.00,0,415
414.99,1565269151,0.00,nan,nan,0.00,0.00,0.00,0.00,0,-105.00,-10.00,0.00,0.00,37.00,0.00,0,415
418.99,1565269155,0.00,nan,nan,0.00,0.00,0.00,0.00,0,-97.00,-7.00,0.00,0.00,41.00,0.00,0,415
419.99,1565269156,0.00,nan,nan,0.00,0.00,0.00,0.00,0,-97.00,-7.00,0.00,0.00,41.00,0.00,0,415
426.99,1565269163,0.00,nan,nan,0.00,0.00,0.00,0.00,0,-100.00,-8.00,0.00,0.00,40.00,0.00,0,215
427.99,1565269164,0.00,nan,nan,0.00,0.00,0.00,0.00,0,-100.00,-8.00,0.00,0.00,40.00,0.00,0,215
428.99,1565269165,0.00,nan,nan,0.00,0.00,0.00,0.00,0,-93.00,-8.00,0.00,0.00,47.00,0.00,0,215
428.99,1565269165,0.00,nan,nan,0.00,0.00,0.00,0.00,0,-92.00,-10.00,0.00,0.00,46.00,0.00,0,103
429.99,1565269166,0.00,nan,nan,0.00,0.00,0.00,0.00,0,-93.00,-8.00,0.00,0.00,47.00,0.00,0,215
430.00,1565269166,0.00,nan,nan,0.00,0.00,0.00,0.00,0,-92.00,-10.00,0.00,0.00,46.00,0.00,0,103
430.99,1565269167,0.00,nan,nan,0.00,0.00,0.00,0.00,0,-94.00,-9.00,0.00,0.00,46.00,0.00,0,215
431.00,1565269167,0.00,nan,nan,0.00,0.00,0.00,0.00,0,-92.00,-9.00,0.00,0.00,45.00,0.00,0,103
431.99,1565269168,0.00,nan,nan,0.00,0.00,0.00,0.00,0,-94.00,-9.00,0.00,0.00,46.00,0.00,0,215
432.00,1565269168,0.00,nan,nan,0.00,0.00,0.00,0.00,0,-92.00,-9.00,0.00,0.00,45.00,0.00,0,103
432.99,1565269169,0.00,nan,nan,0.00,0.00,0.00,0.00,0,-94.00,-7.00,0.00,0.00,45.00,0.00,0,215
432.99,1565269169,0.00,nan,nan,0.00,0.00,0.00,0.00,0,-94.00,-8.00,0.00,0.00,43.00,0.00,0,103
433.99,1565269170,0.00,nan,nan,0.00,0.00,0.00,0.00,0,-94.00,-7.00,0.00,0.00,45.00,0.00,0,215
434.00,1565269170,0.00,nan,nan,0.00,0.00,0.00,0.00,0,-94.00,-8.00,0.00,0.00,43.00,0.00,0,103
437.00,1565269173,0.00,nan,nan,0.00,0.00,0.00,0.00,0,-101.00,-9.00,0.00,0.00,40.00,0.00,0,415
437.99,1565269174,0.00,nan,nan,0.00,0.00,0.00,0.00,0,-101.00,-9.00,0.00,0.00,40.00,0.00,0,415
438.99,1565269175,0.00,nan,nan,0.00,0.00,0.00,0.00,0,-101.00,-9.00,0.00,0.00,40.00,0.00,0,415
439.99,1565269176,0.00,nan,nan,0.00,0.00,0.00,0.00,0,-103.00,-10.00,0.00,0.00,40.00,0.00,0,215
440.00,1565269176,0.00,nan,nan,0.00,0.00,0.00,0.00,0,-100.00,-9.00,0.00,0.00,39.00,0.00,0,103
441.00,1565269177,0.00,nan,nan,0.00,0.00,0.00,0.00,0,-103.00,-10.00,0.00,0.00,40.00,0.00,0,215
441.00,1565269177,0.00,nan,nan,0.00,0.00,0.00,0.00,0,-100.00,-9.00,0.00,0.00,39.00,0.00,0,103
441.99,1565269178,0.00,nan,nan,0.00,0.00,0.00,0.00,0,-102.00,-8.00,0.00,0.00,38.00,0.00,0,215
442.00,1565269178,0.00,nan,nan,0.00,0.00,0.00,0.00,0,-102.00,-9.00,0.00,0.00,37.00,0.00,0,103
442.99,1565269179,0.00,nan,nan,0.00,0.00,0.00,0.00,0,-102.00,-8.00,0.00,0.00,38.00,0.00,0,215
443.00,1565269179,0.00,nan,nan,0.00,0.00,0.00,0.00,0,-102.00,-9.00,0.00,0.00,37.00,0.00,0,103
443.99,1565269180,0.00,nan,nan,0.00,0.00,0.00,0.00,0,-101.00,-8.00,0.00,0.00,38.00,0.00,0,215
444.00,1565269180,0.00,nan,nan,0.00,0.00,0.00,0.00,0,-99.00,-8.00,0.00,0.00,37.00,0.00,0,103
444.99,1565269181,0.00,nan,nan,0.00,0.00,0.00,0.00,0,-101.00,-8.00,0.00,0.00,38.00,0.00,0,215
444.99,1565269181,0.00,nan,nan,0.00,0.00,0.00,0.00,0,-99.00,-8.00,0.00,0.00,37.00,0.00,0,103
445.99,1565269182,0.00,nan,nan,0.00,0.00,0.00,0.00,0,-100.00,-8.00,0.00,0.00,39.00,0.00,0,215
446.00,1565269182,0.00,nan,nan,0.00,0.00,0.00,0.00,0,-100.00,-8.00,0.00,0.00,37.00,0.00,0,103
446.99,1565269183,0.00,nan,nan,0.00,0.00,0.00,0.00,0,-100.00,-8.00,0.00,0.00,39.00,0.00,0,215
447.00,1565269183,0.00,nan,nan,0.00,0.00,0.00,0.00,0,-100.00,-8.00,0.00,0.00,37.00,0.00,0,103
447.99,1565269184,0.00,nan,nan,0.00,0.00,0.00,0.00,0,-102.00,-8.00,0.00,0.00,38.00,0.00,0,215
448.00,1565269184,0.00,nan,nan,0.00,0.00,0.00,0.00,0,-99.00,-7.00,0.00,0.00,36.00,0.00,0,103
448.99,1565269185,0.00,nan,nan,0.00,0.00,0.00,0.00,0,-102.00,-8.00,0.00,0.00,38.00,0.00,0,215
449.00,1565269185,0.00,nan,nan,0.00,0.00,0.00,0.00,0,-99.00,-7.00,0.00,0.00,36.00,0.00,0,103
449.99,1565269186,0.00,nan,nan,0.00,0.00,0.00,0.00,0,-102.00,-8.00,0.00,0.00,38.00,0.00,0,215
450.00,1565269186,0.00,nan,nan,0.00,0.00,0.00,0.00,0,-98.00,-6.00,0.00,0.00,38.00,0.00,0,103
450.99,1565269187,0.00,nan,nan,0.00,0.00,0.00,0.00,0,-102.00,-8.00,0.00,0.00,38.00,0.00,0,215
451.00,1565269187,0.00,nan,nan,0.00,0.00,0.00,0.00,0,-98.00,-6.00,0.00,0.00,38.00,0.00,0,103
451.99,1565269188,0.00,nan,nan,0.00,0.00,0.00,0.00,0,-102.00,-8.00,0.00,0.00,38.00,0.00,0,215
452.00,1565269188,0.00,nan,nan,0.00,0.00,0.00,0.00,0,-99.00,-7.00,0.00,0.00,37.00,0.00,0,103
452.99,1565269189,0.00,nan,nan,0.00,0.00,0.00,0.00,0,-102.00,-8.00,0.00,0.00,38.00,0.00,0,215
453.00,1565269189,0.00,nan,nan,0.00,0.00,0.00,0.00,0,-99.00,-7.00,0.00,0.00,37.00,0.00,0,103
453.99,1565269190,0.00,nan,nan,0.00,0.00,0.00,0.00,0,-100.00,-7.00,0.00,0.00,39.00,0.00,0,215
454.99,1565269191,0.00,nan,nan,0.00,0.00,0.00,0.00,0,-100.00,-7.00,0.00,0.00,39.00,0.00,0,215
455.99,1565269192,0.00,nan,nan,0.00,0.00,0.00,0.00,0,-104.00,-10.00,0.00,0.00,38.00,0.00,0,415
456.99,1565269193,0.00,nan,nan,0.00,0.00,0.00,0.00,0,-104.00,-10.00,0.00,0.00,38.00,0.00,0,415
458.00,1565269194,0.00,nan,nan,0.00,0.00,0.00,0.00,0,-104.00,-10.00,0.00,0.00,38.00,0.00,0,415
458.99,1565269195,0.00,nan,nan,0.00,0.00,0.00,0.00,0,-104.00,-10.00,0.00,0.00,38.00,0.00,0,415
459.99,1565269196,0.00,nan,nan,0.00,0.00,0.00,0.00,0,-104.00,-10.00,0.00,0.00,38.00,0.00,0,415
460.99,1565269197,0.00,nan,nan,0.00,0.00,0.00,0.00,0,-104.00,-10.00,0.00,0.00,38.00,0.00,0,415
461.99,1565269198,0.00,nan,nan,0.00,0.00,0.00,0.00,0,-104.00,-10.00,0.00,0.00,38.00,0.00,0,415
462.99,1565269199,0.00,nan,nan,0.00,0.00,0.00,0.00,0,-103.00,-9.00,0.00,0.00,38.00,0.00,0,415
463.99,1565269200,0.00,nan,nan,0.00,0.00,0.00,0.00,0,-103.00,-9.00,0.00,0.00,38.00,0.00,0,415
464.99,1565269201,0.00,nan,nan,0.00,0.00,0.00,0.00,0,-103.00,-9.00,0.00,0.00,38.00,0.00,0,415
465.99,1565269202,0.00,nan,nan,0.00,0.00,0.00,0.00,0,-103.00,-9.00,0.00,0.00,38.00,0.00,0,415
466.99,1565269203,0.00,nan,nan,0.00,0.00,0.00,0.00,0,-102.00,-8.00,0.00,0.00,38.00,0.00,0,415
467.99,1565269204,0.00,nan,nan,0.00,0.00,0.00,0.00,0,-102.00,-8.00,0.00,0.00,38.00,0.00,0,415
468.99,1565269205,0.00,nan,nan,0.00,0.00,0.00,0.00,0,-101.00,-8.00,0.00,0.00,38.00,0.00,0,415
469.99,1565269206,0.00,nan,nan,0.00,0.00,0.00,0.00,0,-101.00,-8.00,0.00,0.00,38.00,0.00,0,415
470.99,1565269207,0.00,nan,nan,0.00,0.00,0.00,0.00,0,-102.00,-8.00,0.00,0.00,37.00,0.00,0,415
471.99,1565269208,0.00,nan,nan,0.00,0.00,0.00,0.00,0,-102.00,-8.00,0.00,0.00,37.00,0.00,0,415
472.99,1565269209,0.00,nan,nan,0.00,0.00,0.00,0.00,0,-103.00,-10.00,0.00,0.00,38.00,0.00,0,415
473.99,1565269210,0.00,nan,nan,0.00,0.00,0.00,0.00,0,-103.00,-10.00,0.00,0.00,38.00,0.00,0,415
474.99,1565269211,0.00,nan,nan,0.00,0.00,0.00,0.00,0,-103.00,-10.00,0.00,0.00,38.00,0.00,0,415
475.99,1565269212,0.00,nan,nan,0.00,0.00,0.00,0.00,0,-103.00,-10.00,0.00,0.00,38.00,0.00,0,415
476.99,1565269213,0.00,nan,nan,0.00,0.00,0.00,0.00,0,-103.00,-9.00,0.00,0.00,37.00,0.00,0,415
477.99,1565269214,0.00,nan,nan,0.00,0.00,0.00,0.00,0,-103.00,-9.00,0.00,0.00,37.00,0.00,0,415
479.00,1565269215,0.00,nan,nan,0.00,0.00,0.00,0.00,0,-103.00,-8.00,0.00,0.00,37.00,0.00,0,415
479.99,1565269216,0.00,nan,nan,0.00,0.00,0.00,0.00,0,-103.00,-8.00,0.00,0.00,37.00,0.00,0,415
480.99,1565269217,0.00,nan,nan,0.00,0.00,0.00,0.00,0,-103.00,-8.00,0.00,0.00,37.00,0.00,0,415
481.99,1565269218,0.00,nan,nan,0.00,0.00,0.00,0.00,0,-102.00,-8.00,0.00,0.00,37.00,0.00,0,415
483.00,1565269219,0.00,nan,nan,0.00,0.00,0.00,0.00,0,-102.00,-8.00,0.00,0.00,37.00,0.00,0,415
483.99,1565269220,0.00,nan,nan,0.00,0.00,0.00,0.00,0,-103.00,-8.00,0.00,0.00,36.00,0.00,0,415
484.99,1565269221,0.00,nan,nan,0.00,0.00,0.00,0.00,0,-103.00,-8.00,0.00,0.00,36.00,0.00,0,415
485.99,1565269222,0.00,nan,nan,0.00,0.00,0.00,0.00,0,-104.00,-9.00,0.00,0.00,36.00,0.00,0,415
486.99,1565269223,0.00,nan,nan,0.00,0.00,0.00,0.00,0,-104.00,-9.00,0.00,0.00,36.00,0.00,0,415
487.99,1565269224,0.00,nan,nan,0.00,0.00,0.00,0.00,0,-105.00,-10.00,0.00,0.00,36.00,0.00,0,415
488.99,1565269225,0.00,nan,nan,0.00,0.00,0.00,0.00,0,-105.00,-10.00,0.00,0.00,36.00,0.00,0,415
489.99,1565269226,0.00,nan,nan,0.00,0.00,0.00,0.00,0,-104.00,-10.00,0.00,0.00,37.00,0.00,0,415
490.99,1565269227,0.00,nan,nan,0.00,0.00,0.00,0.00,0,-104.00,-10.00,0.00,0.00,37.00,0.00,0,415
491.99,1565269228,0.00,nan,nan,0.00,0.00,0.00,0.00,0,-106.00,-12.00,0.00,0.00,37.00,0.00,0,415
492.99,1565269229,0.00,nan,nan,0.00,0.00,0.00,0.00,0,-106.00,-12.00,0.00,0.00,37.00,0.00,0,415
493.99,1565269230,0.00,nan,nan,0.00,0.00,0.00,0.00,0,-105.00,-9.00,0.00,0.00,36.00,0.00,0,415
494.99,1565269231,0.00,nan,nan,0.00,0.00,0.00,0.00,0,-105.00,-9.00,0.00,0.00,36.00,0.00,0,415
495.99,1565269232,0.00,nan,nan,0.00,0.00,0.00,0.00,0,-105.00,-10.00,0.00,0.00,36.00,0.00,0,415
496.99,1565269233,0.00,nan,nan,0.00,0.00,0.00,0.00,0,-105.00,-10.00,0.00,0.00,36.00,0.00,0,415
497.99,1565269234,0.00,nan,nan,0.00,0.00,0.00,0.00,0,-104.00,-10.00,0.00,0.00,38.00,0.00,0,415
498.99,1565269235,0.00,nan,nan,0.00,0.00,0.00,0.00,0,-104.00,-10.00,0.00,0.00,38.00,0.00,0,415
500.00,1565269236,0.00,nan,nan,0.00,0.00,0.00,0.00,0,-103.00,-9.00,0.00,0.00,38.00,0.00,0,415
500.99,1565269237,0.00,nan,nan,0.00,0.00,0.00,0.00,0,-103.00,-9.00,0.00,0.00,38.00,0.00,0,415
501.99,1565269238,0.00,nan,nan,0.00,0.00,0.00,0.00,0,-103.00,-9.00,0.00,0.00,38.00,0.00,0,415
502.99,1565269239,0.00,nan,nan,0.00,0.00,0.00,0.00,0,-102.00,-8.00,0.00,0.00,38.00,0.00,0,415
503.99,1565269240,0.00,nan,nan,0.00,0.00,0.00,0.00,0,-102.00,-8.00,0.00,0.00,38.00,0.00,0,415
504.99,1565269241,0.00,nan,nan,0.00,0.00,0.00,0.00,0,-101.00,-9.00,0.00,0.00,39.00,0.00,0,415
505.99,1565269242,0.00,nan,nan,0.00,0.00,0.00,0.00,0,-101.00,-9.00,0.00,0.00,39.00,0.00,0,415
508.99,1565269245,0.00,nan,nan,0.00,0.00,0.00,0.00,0,-99.00,-11.00,0.00,0.00,43.00,0.00,0,415
509.99,1565269246,0.00,nan,nan,0.00,0.00,0.00,0.00,0,-99.00,-11.00,0.00,0.00,43.00,0.00,0,415
510.99,1565269247,0.00,nan,nan,0.00,0.00,0.00,0.00,0,-95.00,-9.00,0.00,0.00,46.00,0.00,0,415
511.99,1565269248,0.00,nan,nan,0.00,0.00,0.00,0.00,0,-95.00,-9.00,0.00,0.00,46.00,0.00,0,415
565.99,1565269302,0.00,nan,nan,0.00,0.00,0.00,0.00,0,-92.00,-8.00,0.00,0.00,49.00,0.00,0,416
566.99,1565269303,0.00,nan,nan,0.00,0.00,0.00,0.00,0,-92.00,-8.00,0.00,0.00,49.00,0.00,0,416
567.99,1565269304,0.00,nan,nan,0.00,0.00,0.00,0.00,0,-94.00,-9.00,0.00,0.00,47.00,0.00,0,416
568.99,1565269305,0.00,nan,nan,0.00,0.00,0.00,0.00,0,-94.00,-9.00,0.00,0.00,47.00,0.00,0,416
569.99,1565269306,0.00,nan,nan,0.00,0.00,0.00,0.00,0,-92.00,-9.00,0.00,0.00,49.00,0.00,0,416
570.99,1565269307,0.00,nan,nan,0.00,0.00,0.00,0.00,0,-92.00,-9.00,0.00,0.00,49.00,0.00,0,416
571.99,1565269308,0.00,nan,nan,0.00,0.00,0.00,0.00,0,-91.00,-9.00,0.00,0.00,49.00,0.00,0,416
572.99,1565269309,0.00,nan,nan,0.00,0.00,0.00,0.00,0,-91.00,-9.00,0.00,0.00,49.00,0.00,0,416
573.99,1565269310,0.00,nan,nan,0.00,0.00,0.00,0.00,0,-90.00,-8.00,0.00,0.00,50.00,0.00,0,416
574.99,1565269311,0.00,nan,nan,0.00,0.00,0.00,0.00,0,-90.00,-8.00,0.00,0.00,50.00,0.00,0,416
575.99,1565269312,0.00,nan,nan,0.00,0.00,0.00,0.00,0,-93.00,-9.00,0.00,0.00,48.00,0.00,0,416
576.99,1565269313,0.00,nan,nan,0.00,0.00,0.00,0.00,0,-93.00,-9.00,0.00,0.00,48.00,0.00,0,416
579.99,1565269316,0.00,nan,nan,0.00,0.00,0.00,0.00,0,-97.00,-9.00,0.00,0.00,44.00,0.00,0,415
580.99,1565269317,0.00,nan,nan,0.00,0.00,0.00,0.00,0,-97.00,-9.00,0.00,0.00,44.00,0.00,0,415
581.99,1565269318,0.00,nan,nan,0.00,0.00,0.00,0.00,0,-97.00,-11.00,0.00,0.00,46.00,0.00,0,415
582.99,1565269319,0.00,nan,nan,0.00,0.00,0.00,0.00,0,-97.00,-11.00,0.00,0.00,46.00,0.00,0,415
584.00,1565269320,0.00,nan,nan,0.00,0.00,0.00,0.00,0,-99.00,-12.00,0.00,0.00,45.00,0.00,0,415
584.00,1565269320,0.00,nan,nan,0.00,0.00,0.00,0.00,0,-103.00,-14.00,0.00,0.00,42.00,0.00,0,197
584.99,1565269321,0.00,nan,nan,0.00,0.00,0.00,0.00,0,-99.00,-12.00,0.00,0.00,45.00,0.00,0,415
584.99,1565269321,0.00,nan,nan,0.00,0.00,0.00,0.00,0,-103.00,-14.00,0.00,0.00,42.00,0.00,0,197
585.99,1565269322,0.00,nan,nan,0.00,0.00,0.00,0.00,0,-99.00,-12.00,0.00,0.00,45.00,0.00,0,415
586.00,1565269322,0.00,nan,nan,0.00,0.00,0.00,0.00,0,-103.00,-14.00,0.00,0.00,42.00,0.00,0,197
586.99,1565269323,0.00,nan,nan,0.00,0.00,0.00,0.00,0,-100.00,-12.00,0.00,0.00,44.00,0.00,0,415
587.00,1565269323,0.00,nan,nan,0.00,0.00,0.00,0.00,0,-104.00,-16.00,0.00,0.00,44.00,0.00,0,215
587.99,1565269324,0.00,nan,nan,0.00,0.00,0.00,0.00,0,-100.00,-12.00,0.00,0.00,44.00,0.00,0,415
588.00,1565269324,0.00,nan,nan,0.00,0.00,0.00,0.00,0,-104.00,-16.00,0.00,0.00,44.00,0.00,0,215
588.99,1565269325,0.00,nan,nan,0.00,0.00,0.00,0.00,0,-99.00,-12.00,0.00,0.00,46.00,0.00,0,415
589.99,1565269326,0.00,nan,nan,0.00,0.00,0.00,0.00,0,-99.00,-12.00,0.00,0.00,46.00,0.00,0,415
590.99,1565269327,0.00,nan,nan,0.00,0.00,0.00,0.00,0,-101.00,-13.00,0.00,0.00,45.00,0.00,0,415
591.99,1565269328,0.00,nan,nan,0.00,0.00,0.00,0.00,0,-101.00,-13.00,0.00,0.00,45.00,0.00,0,415
592.99,1565269329,0.00,nan,nan,0.00,0.00,0.00,0.00,0,-106.00,-13.00,0.00,0.00,39.00,0.00,0,215
593.00,1565269329,0.00,nan,nan,0.00,0.00,0.00,0.00,0,-104.00,-12.00,0.00,0.00,39.00,0.00,0,495
593.00,1565269329,0.00,nan,nan,0.00,0.00,0.00,0.00,0,-107.00,-15.00,0.00,0.00,39.00,0.00,0,379
593.99,1565269330,0.00,nan,nan,0.00,0.00,0.00,0.00,0,-106.00,-13.00,0.00,0.00,39.00,0.00,0,215
594.00,1565269330,0.00,nan,nan,0.00,0.00,0.00,0.00,0,-104.00,-12.00,0.00,0.00,39.00,0.00,0,495
594.00,1565269330,0.00,nan,nan,0.00,0.00,0.00,0.00,0,-107.00,-15.00,0.00,0.00,39.00,0.00,0,379
595.00,1565269331,0.00,nan,nan,0.00,0.00,0.00,0.00,0,-103.00,-12.00,0.00,0.00,40.00,0.00,0,495
595.00,1565269331,0.00,nan,nan,0.00,0.00,0.00,0.00,0,-107.00,-15.00,0.00,0.00,40.00,0.00,0,339
595.00,1565269331,0.00,nan,nan,0.00,0.00,0.00,0.00,0,-108.00,-16.00,0.00,0.00,40.00,0.00,0,379
596.00,1565269332,0.00,nan,nan,0.00,0.00,0.00,0.00,0,-103.00,-12.00,0.00,0.00,40.00,0.00,0,495
596.00,1565269332,0.00,nan,nan,0.00,0.00,0.00,0.00,0,-107.00,-15.00,0.00,0.00,40.00,0.00,0,339
596.00,1565269332,0.00,nan,nan,0.00,0.00,0.00,0.00,0,-108.00,-16.00,0.00,0.00,40.00,0.00,0,379
597.00,1565269333,0.00,nan,nan,0.00,0.00,0.00,0.00,0,-107.00,-13.00,0.00,0.00,38.00,0.00,0,339
597.00,1565269333,0.00,nan,nan,0.00,0.00,0.00,0.00,0,-112.00,-18.00,0.00,0.00,38.00,0.00,0,435
597.00,1565269333,0.00,nan,nan,0.00,0.00,0.00,0.00,0,-109.00,-14.00,0.00,0.00,37.00,0.00,0,416
598.00,1565269334,0.00,nan,nan,0.00,0.00,0.00,0.00,0,-107.00,-13.00,0.00,0.00,38.00,0.00,0,339
598.00,1565269334,0.00,nan,nan,0.00,0.00,0.00,0.00,0,-112.00,-18.00,0.00,0.00,38.00,0.00,0,435
598.00,1565269334,0.00,nan,nan,0.00,0.00,0.00,0.00,0,-109.00,-14.00,0.00,0.00,37.00,0.00,0,416
601.00,1565269337,0.00,nan,nan,0.00,0.00,0.00,0.00,0,-107.00,-13.00,0.00,0.00,37.00,0.00,0,379
601.00,1565269337,0.00,nan,nan,0.00,0.00,0.00,0.00,0,-107.00,-10.00,0.00,0.00,35.00,0.00,0,68
602.00,1565269338,0.00,nan,nan,0.00,0.00,0.00,0.00,0,-107.00,-13.00,0.00,0.00,37.00,0.00,0,379
602.00,1565269338,0.00,nan,nan,0.00,0.00,0.00,0.00,0,-107.00,-10.00,0.00,0.00,35.00,0.00,0,68
605.00,1565269341,0.00,nan,nan,0.00,0.00,0.00,0.00,0,-108.00,-15.00,0.00,0.00,39.00,0.00,0,379
605.00,1565269341,0.00,nan,nan,0.00,0.00,0.00,0.00,0,-109.00,-17.00,0.00,0.00,40.00,0.00,0,68
605.99,1565269342,0.00,nan,nan,0.00,0.00,0.00,0.00,0,-108.00,-15.00,0.00,0.00,39.00,0.00,0,379
606.00,1565269342,0.00,nan,nan,0.00,0.00,0.00,0.00,0,-109.00,-17.00,0.00,0.00,40.00,0.00,0,68
606.99,1565269343,0.00,nan,nan,0.00,0.00,0.00,0.00,0,-108.00,-15.00,0.00,0.00,39.00,0.00,0,379
606.99,1565269343,0.00,nan,nan,0.00,0.00,0.00,0.00,0,-109.00,-17.00,0.00,0.00,40.00,0.00,0,68
607.99,1565269344,0.00,nan,nan,0.00,0.00,0.00,0.00,0,-105.00,-13.00,0.00,0.00,40.00,0.00,0,379
608.00,1565269344,0.00,nan,nan,0.00,0.00,0.00,0.00,0,-106.00,-14.00,0.00,0.00,41.00,0.00,0,68
608.99,1565269345,0.00,nan,nan,0.00,0.00,0.00,0.00,0,-105.00,-13.00,0.00,0.00,40.00,0.00,0,379
609.00,1565269345,0.00,nan,nan,0.00,0.00,0.00,0.00,0,-106.00,-14.00,0.00,0.00,41.00,0.00,0,68
609.99,1565269346,0.00,nan,nan,0.00,0.00,0.00,0.00,0,-104.00,-8.00,0.00,0.00,36.00,0.00,0,68
610.00,1565269346,0.00,nan,nan,0.00,0.00,0.00,0.00,0,-107.00,-12.00,0.00,0.00,37.00,0.00,0,379
610.99,1565269347,0.00,nan,nan,0.00,0.00,0.00,0.00,0,-104.00,-8.00,0.00,0.00,36.00,0.00,0,68
611.00,1565269347,0.00,nan,nan,0.00,0.00,0.00,0.00,0,-107.00,-12.00,0.00,0.00,37.00,0.00,0,379
611.99,1565269348,0.00,nan,nan,0.00,0.00,0.00,0.00,0,-102.00,-11.00,0.00,0.00,40.00,0.00,0,379
611.99,1565269348,0.00,nan,nan,0.00,0.00,0.00,0.00,0,-108.00,-15.00,0.00,0.00,39.00,0.00,0,68
612.99,1565269349,0.00,nan,nan,0.00,0.00,0.00,0.00,0,-102.00,-11.00,0.00,0.00,40.00,0.00,0,379
613.00,1565269349,0.00,nan,nan,0.00,0.00,0.00,0.00,0,-108.00,-15.00,0.00,0.00,39.00,0.00,0,68
613.99,1565269350,0.00,nan,nan,0.00,0.00,0.00,0.00,0,-103.00,-11.00,0.00,0.00,40.00,0.00,0,495
614.99,1565269351,0.00,nan,nan,0.00,0.00,0.00,0.00,0,-103.00,-11.00,0.00,0.00,40.00,0.00,0,495
620.00,1565269356,0.00,nan,nan,0.00,0.00,0.00,0.00,0,-107.00,-14.00,0.00,0.00,39.00,0.00,0,68
620.00,1565269356,0.00,nan,nan,0.00,0.00,0.00,0.00,0,-108.00,-16.00,0.00,0.00,39.00,0.00,0,339
620.00,1565269356,0.00,nan,nan,0.00,0.00,0.00,0.00,0,-109.00,-17.00,0.00,0.00,39.00,0.00,0,215
621.00,1565269357,0.00,nan,nan,0.00,0.00,0.00,0.00,0,-107.00,-14.00,0.00,0.00,39.00,0.00,0,68
621.00,1565269357,0.00,nan,nan,0.00,0.00,0.00,0.00,0,-108.00,-16.00,0.00,0.00,39.00,0.00,0,339
621.00,1565269357,0.00,nan,nan,0.00,0.00,0.00,0.00,0,-109.00,-17.00,0.00,0.00,39.00,0.00,0,215
622.00,1565269358,0.00,nan,nan,0.00,0.00,0.00,0.00,0,-103.00,-12.00,0.00,0.00,41.00,0.00,0,339
622.00,1565269358,0.00,nan,nan,0.00,0.00,0.00,0.00,0,-106.00,-15.00,0.00,0.00,41.00,0.00,0,68
622.00,1565269358,0.00,nan,nan,0.00,0.00,0.00,0.00,0,-107.00,-17.00,0.00,0.00,41.00,0.00,0,495
622.00,1565269358,0.00,nan,nan,0.00,0.00,0.00,0.00,0,-102.00,-9.00,0.00,0.00,36.00,0.00,0,318
622.00,1565269358,0.00,nan,nan,0.00,0.00,0.00,0.00,0,-104.00,-11.00,0.00,0.00,36.00,0.00,0,483
623.00,1565269359,0.00,nan,nan,0.00,0.00,0.00,0.00,0,-103.00,-12.00,0.00,0.00,41.00,0.00,0,339
623.00,1565269359,0.00,nan,nan,0.00,0.00,0.00,0.00,0,-106.00,-15.00,0.00,0.00,41.00,0.00,0,68
623.00,1565269359,0.00,nan,nan,0.00,0.00,0.00,0.00,0,-107.00,-17.00,0.00,0.00,41.00,0.00,0,495
623.00,1565269359,0.00,nan,nan,0.00,0.00,0.00,0.00,0,-102.00,-9.00,0.00,0.00,36.00,0.00,0,318
623.00,1565269359,0.00,nan,nan,0.00,0.00,0.00,0.00,0,-104.00,-11.00,0.00,0.00,36.00,0.00,0,483
623.99,1565269360,0.00,nan,nan,0.00,0.00,0.00,0.00,0,-104.00,-12.00,0.00,0.00,40.00,0.00,0,339
624.00,1565269360,0.00,nan,nan,0.00,0.00,0.00,0.00,0,-101.00,-8.00,0.00,0.00,35.00,0.00,0,483
624.00,1565269360,0.00,nan,nan,0.00,0.00,0.00,0.00,0,-106.00,-12.00,0.00,0.00,34.00,0.00,0,318
624.99,1565269361,0.00,nan,nan,0.00,0.00,0.00,0.00,0,-104.00,-12.00,0.00,0.00,40.00,0.00,0,339
625.00,1565269361,0.00,nan,nan,0.00,0.00,0.00,0.00,0,-101.00,-8.00,0.00,0.00,35.00,0.00,0,483
625.00,1565269361,0.00,nan,nan,0.00,0.00,0.00,0.00,0,-106.00,-12.00,0.00,0.00,34.00,0.00,0,318
626.00,1565269362,0.00,nan,nan,0.00,0.00,0.00,0.00,0,-112.00,-14.00,0.00,0.00,35.00,0.00,0,68
626.01,1565269362,0.00,nan,nan,0.00,0.00,0.00,0.00,0,-112.00,-16.00,0.00,0.00,35.00,0.00,0,495
626.01,1565269362,0.00,nan,nan,0.00,0.00,0.00,0.00,0,-112.00,-16.00,0.00,0.00,35.00,0.00,0,496
626.01,1565269362,0.00,nan,nan,0.00,0.00,0.00,0.00,0,-106.00,-10.00,0.00,0.00,32.00,0.00,0,483
626.01,1565269362,0.00,nan,nan,0.00,0.00,0.00,0.00,0,-108.00,-11.00,0.00,0.00,30.00,0.00,0,103
627.00,1565269363,0.00,nan,nan,0.00,0.00,0.00,0.00,0,-112.00,-14.00,0.00,0.00,35.00,0.00,0,68
627.00,1565269363,0.00,nan,nan,0.00,0.00,0.00,0.00,0,-112.00,-16.00,0.00,0.00,35.00,0.00,0,495
627.00,1565269363,0.00,nan,nan,0.00,0.00,0.00,0.00,0,-112.00,-16.00,0.00,0.00,35.00,0.00,0,496
627.00,1565269363,0.00,nan,nan,0.00,0.00,0.00,0.00,0,-106.00,-10.00,0.00,0.00,32.00,0.00,0,483
627.00,1565269363,0.00,nan,nan,0.00,0.00,0.00,0.00,0,-108.00,-11.00,0.00,0.00,30.00,0.00,0,103
628.00,1565269364,0.00,nan,nan,0.00,0.00,0.00,0.00,0,-112.00,-14.00,0.00,0.00,35.00,0.00,0,68
628.00,1565269364,0.00,nan,nan,0.00,0.00,0.00,0.00,0,-112.00,-16.00,0.00,0.00,35.00,0.00,0,495
628.00,1565269364,0.00,nan,nan,0.00,0.00,0.00,0.00,0,-112.00,-16.00,0.00,0.00,35.00,0.00,0,496
628.00,1565269364,0.00,nan,nan,0.00,0.00,0.00,0.00,0,-106.00,-10.00,0.00,0.00,32.00,0.00,0,483
628.00,1565269364,0.00,nan,nan,0.00,0.00,0.00,0.00,0,-108.00,-11.00,0.00,0.00,30.00,0.00,0,103
629.00,1565269365,0.00,nan,nan,0.00,0.00,0.00,0.00,0,-105.00,-10.00,0.00,0.00,37.00,0.00,0,339
629.00,1565269365,0.00,nan,nan,0.00,0.00,0.00,0.00,0,-109.00,-13.00,0.00,0.00,36.00,0.00,0,402
629.00,1565269365,0.00,nan,nan,0.00,0.00,0.00,0.00,0,-104.00,-8.00,0.00,0.00,32.00,0.00,0,483
629.00,1565269365,0.00,nan,nan,0.00,0.00,0.00,0.00,0,-109.00,-12.00,0.00,0.00,31.00,0.00,0,76
630.00,1565269366,0.00,nan,nan,0.00,0.00,0.00,0.00,0,-105.00,-10.00,0.00,0.00,37.00,0.00,0,339
630.00,1565269366,0.00,nan,nan,0.00,0.00,0.00,0.00,0,-109.00,-13.00,0.00,0.00,36.00,0.00,0,402
630.00,1565269366,0.00,nan,nan,0.00,0.00,0.00,0.00,0,-104.00,-8.00,0.00,0.00,32.00,0.00,0,483
630.00,1565269366,0.00,nan,nan,0.00,0.00,0.00,0.00,0,-109.00,-12.00,0.00,0.00,31.00,0.00,0,76
631.00,1565269367,0.00,nan,nan,0.00,0.00,0.00,0.00,0,-106.00,-13.00,0.00,0.00,39.00,0.00,0,339
631.00,1565269367,0.00,nan,nan,0.00,0.00,0.00,0.00,0,-107.00,-12.00,0.00,0.00,38.00,0.00,0,402
631.00,1565269367,0.00,nan,nan,0.00,0.00,0.00,0.00,0,-109.00,-15.00,0.00,0.00,39.00,0.00,0,496
631.00,1565269367,0.00,nan,nan,0.00,0.00,0.00,0.00,0,-106.00,-8.00,0.00,0.00,31.00,0.00,0,483
631.00,1565269367,0.00,nan,nan,0.00,0.00,0.00,0.00,0,-109.00,-11.00,0.00,0.00,30.00,0.00,0,318
632.00,1565269368,0.00,nan,nan,0.00,0.00,0.00,0.00,0,-106.00,-13.00,0.00,0.00,39.00,0.00,0,339
632.00,1565269368,0.00,nan,nan,0.00,0.00,0.00,0.00,0,-107.00,-12.00,0.00,0.00,38.00,0.00,0,402
632.00,1565269368,0.00,nan,nan,0.00,0.00,0.00,0.00,0,-109.00,-15.00,0.00,0.00,39.00,0.00,0,496
632.00,1565269368,0.00,nan,nan,0.00,0.00,0.00,0.00,0,-106.00,-8.00,0.00,0.00,31.00,0.00,0,483
632.00,1565269368,0.00,nan,nan,0.00,0.00,0.00,0.00,0,-109.00,-11.00,0.00,0.00,30.00,0.00,0,318
632.99,1565269369,0.00,nan,nan,0.00,0.00,0.00,0.00,0,-99.00,-9.00,0.00,0.00,41.00,0.00,0,339
633.00,1565269369,0.00,nan,nan,0.00,0.00,0.00,0.00,0,-100.00,-7.00,0.00,0.00,36.00,0.00,0,483
633.99,1565269370,0.00,nan,nan,0.00,0.00,0.00,0.00,0,-99.00,-9.00,0.00,0.00,41.00,0.00,0,339
633.99,1565269370,0.00,nan,nan,0.00,0.00,0.00,0.00,0,-100.00,-7.00,0.00,0.00,36.00,0.00,0,483
635.00,1565269371,0.00,nan,nan,0.00,0.00,0.00,0.00,0,-100.00,-9.00,0.00,0.00,41.00,0.00,0,339
635.00,1565269371,0.00,nan,nan,0.00,0.00,0.00,0.00,0,-106.00,-14.00,0.00,0.00,42.00,0.00,0,496
635.00,1565269371,0.00,nan,nan,0.00,0.00,0.00,0.00,0,-107.00,-15.00,0.00,0.00,40.00,0.00,0,402
635.00,1565269371,0.00,nan,nan,0.00,0.00,0.00,0.00,0,-100.00,-7.00,0.00,0.00,36.00,0.00,0,483
636.00,1565269372,0.00,nan,nan,0.00,0.00,0.00,0.00,0,-100.00,-9.00,0.00,0.00,41.00,0.00,0,339
636.00,1565269372,0.00,nan,nan,0.00,0.00,0.00,0.00,0,-106.00,-14.00,0.00,0.00,42.00,0.00,0,496
636.00,1565269372,0.00,nan,nan,0.00,0.00,0.00,0.00,0,-107.00,-15.00,0.00,0.00,40.00,0.00,0,402
636.00,1565269372,0.00,nan,nan,0.00,0.00,0.00,0.00,0,-100.00,-7.00,0.00,0.00,36.00,0.00,0,483
637.00,1565269373,0.00,nan,nan,0.00,0.00,0.00,0.00,0,-100.00,-8.00,0.00,0.00,40.00,0.00,0,339
637.00,1565269373,0.00,nan,nan,0.00,0.00,0.00,0.00,0,-104.00,-11.00,0.00,0.00,39.00,0.00,0,402
637.00,1565269373,0.00,nan,nan,0.00,0.00,0.00,0.00,0,-99.00,-6.00,0.00,0.00,37.00,0.00,0,483
638.00,1565269374,0.00,nan,nan,0.00,0.00,0.00,0.00,0,-100.00,-8.00,0.00,0.00,40.00,0.00,0,339
638.00,1565269374,0.00,nan,nan,0.00,0.00,0.00,0.00,0,-104.00,-11.00,0.00,0.00,39.00,0.00,0,402
638.00,1565269374,0.00,nan,nan,0.00,0.00,0.00,0.00,0,-99.00,-6.00,0.00,0.00,37.00,0.00,0,483
639.00,1565269375,0.00,nan,nan,0.00,0.00,0.00,0.00,0,-100.00,-12.00,0.00,0.00,43.00,0.00,0,339
639.00,1565269375,0.00,nan,nan,0.00,0.00,0.00,0.00,0,-105.00,-16.00,0.00,0.00,42.00,0.00,0,402
639.00,1565269375,0.00,nan,nan,0.00,0.00,0.00,0.00,0,-108.00,-18.00,0.00,0.00,42.00,0.00,0,340
640.00,1565269376,0.00,nan,nan,0.00,0.00,0.00,0.00,0,-100.00,-12.00,0.00,0.00,43.00,0.00,0,339
640.00,1565269376,0.00,nan,nan,0.00,0.00,0.00,0.00,0,-105.00,-16.00,0.00,0.00,42.00,0.00,0,402
640.00,1565269376,0.00,nan,nan,0.00,0.00,0.00,0.00,0,-108.00,-18.00,0.00,0.00,42.00,0.00,0,340
644.99,1565269381,0.00,nan,nan,0.00,0.00,0.00,0.00,0,-104.00,-13.00,0.00,0.00,41.00,0.00,0,402
645.00,1565269381,0.00,nan,nan,0.00,0.00,0.00,0.00,0,-108.00,-17.00,0.00,0.00,42.00,0.00,0,68
645.99,1565269382,0.00,nan,nan,0.00,0.00,0.00,0.00,0,-104.00,-13.00,0.00,0.00,41.00,0.00,0,402
646.00,1565269382,0.00,nan,nan,0.00,0.00,0.00,0.00,0,-108.00,-17.00,0.00,0.00,42.00,0.00,0,68
647.00,1565269383,0.00,nan,nan,0.00,0.00,0.00,0.00,0,-100.00,-13.00,0.00,0.00,44.00,0.00,0,219
647.01,1565269383,0.00,nan,nan,0.00,0.00,0.00,0.00,0,-105.00,-16.00,0.00,0.00,43.00,0.00,0,68
647.01,1565269383,0.00,nan,nan,0.00,0.00,0.00,0.00,0,-105.00,-14.00,0.00,0.00,42.00,0.00,0,402
648.00,1565269384,0.00,nan,nan,0.00,0.00,0.00,0.00,0,-100.00,-13.00,0.00,0.00,44.00,0.00,0,219
648.00,1565269384,0.00,nan,nan,0.00,0.00,0.00,0.00,0,-105.00,-16.00,0.00,0.00,43.00,0.00,0,68
648.00,1565269384,0.00,nan,nan,0.00,0.00,0.00,0.00,0,-105.00,-14.00,0.00,0.00,42.00,0.00,0,402
649.00,1565269385,0.00,nan,nan,0.00,0.00,0.00,0.00,0,-100.00,-13.00,0.00,0.00,44.00,0.00,0,219
649.00,1565269385,0.00,nan,nan,0.00,0.00,0.00,0.00,0,-105.00,-16.00,0.00,0.00,43.00,0.00,0,68
649.00,1565269385,0.00,nan,nan,0.00,0.00,0.00,0.00,0,-105.00,-14.00,0.00,0.00,42.00,0.00,0,402
650.00,1565269386,0.00,nan,nan,0.00,0.00,0.00,0.00,0,-105.00,-14.00,0.00,0.00,41.00,0.00,0,68
650.00,1565269386,0.00,nan,nan,0.00,0.00,0.00,0.00,0,-105.00,-14.00,0.00,0.00,41.00,0.00,0,402
650.00,1565269386,0.00,nan,nan,0.00,0.00,0.00,0.00,0,-105.00,-13.00,0.00,0.00,41.00,0.00,0,496
650.99,1565269387,0.00,nan,nan,0.00,0.00,0.00,0.00,0,-105.00,-14.00,0.00,0.00,41.00,0.00,0,68
650.99,1565269387,0.00,nan,nan,0.00,0.00,0.00,0.00,0,-105.00,-14.00,0.00,0.00,41.00,0.00,0,402
650.99,1565269387,0.00,nan,nan,0.00,0.00,0.00,0.00,0,-105.00,-13.00,0.00,0.00,41.00,0.00,0,496
651.99,1565269388,0.00,nan,nan,0.00,0.00,0.00,0.00,0,-105.00,-13.00,0.00,0.00,40.00,0.00,0,219
651.99,1565269388,0.00,nan,nan,0.00,0.00,0.00,0.00,0,-107.00,-17.00,0.00,0.00,41.00,0.00,0,340
652.99,1565269389,0.00,nan,nan,0.00,0.00,0.00,0.00,0,-105.00,-13.00,0.00,0.00,40.00,0.00,0,219
653.00,1565269389,0.00,nan,nan,0.00,0.00,0.00,0.00,0,-107.00,-17.00,0.00,0.00,41.00,0.00,0,340
654.00,1565269390,0.00,nan,nan,0.00,0.00,0.00,0.00,0,-105.00,-12.00,0.00,0.00,39.00,0.00,0,219
654.00,1565269390,0.00,nan,nan,0.00,0.00,0.00,0.00,0,-107.00,-14.00,0.00,0.00,38.00,0.00,0,68
654.00,1565269390,0.00,nan,nan,0.00,0.00,0.00,0.00,0,-108.00,-11.00,0.00,0.00,35.00,0.00,0,249
655.00,1565269391,0.00,nan,nan,0.00,0.00,0.00,0.00,0,-105.00,-12.00,0.00,0.00,39.00,0.00,0,219
655.00,1565269391,0.00,nan,nan,0.00,0.00,0.00,0.00,0,-107.00,-14.00,0.00,0.00,38.00,0.00,0,68
655.00,1565269391,0.00,nan,nan,0.00,0.00,0.00,0.00,0,-108.00,-11.00,0.00,0.00,35.00,0.00,0,249
658.00,1565269394,0.00,nan,nan,0.00,0.00,0.00,0.00,0,-103.00,-11.00,0.00,0.00,40.00,0.00,0,68
658.00,1565269394,0.00,nan,nan,0.00,0.00,0.00,0.00,0,-103.00,-11.00,0.00,0.00,40.00,0.00,0,496
658.00,1565269394,0.00,nan,nan,0.00,0.00,0.00,0.00,0,-107.00,-15.00,0.00,0.00,40.00,0.00,0,432
659.00,1565269395,0.00,nan,nan,0.00,0.00,0.00,0.00,0,-103.00,-11.00,0.00,0.00,40.00,0.00,0,68
659.00,1565269395,0.00,nan,nan,0.00,0.00,0.00,0.00,0,-103.00,-11.00,0.00,0.00,40.00,0.00,0,496
659.00,1565269395,0.00,nan,nan,0.00,0.00,0.00,0.00,0,-107.00,-15.00,0.00,0.00,40.00,0.00,0,432
660.00,1565269396,0.00,nan,nan,0.00,0.00,0.00,0.00,0,-103.00,-10.00,0.00,0.00,40.00,0.00,0,68
660.00,1565269396,0.00,nan,nan,0.00,0.00,0.00,0.00,0,-103.00,-10.00,0.00,0.00,39.00,0.00,0,496
660.00,1565269396,0.00,nan,nan,0.00,0.00,0.00,0.00,0,-106.00,-14.00,0.00,0.00,39.00,0.00,0,432
661.00,1565269397,0.00,nan,nan,0.00,0.00,0.00,0.00,0,-103.00,-10.00,0.00,0.00,40.00,0.00,0,68
661.00,1565269397,0.00,nan,nan,0.00,0.00,0.00,0.00,0,-103.00,-10.00,0.00,0.00,39.00,0.00,0,496
661.00,1565269397,0.00,nan,nan,0.00,0.00,0.00,0.00,0,-106.00,-14.00,0.00,0.00,39.00,0.00,0,432
662.00,1565269398,0.00,nan,nan,0.00,0.00,0.00,0.00,0,-105.00,-14.00,0.00,0.00,41.00,0.00,0,200
662.00,1565269398,0.00,nan,nan,0.00,0.00,0.00,0.00,0,-102.00,-10.00,0.00,0.00,40.00,0.00,0,68
662.00,1565269398,0.00,nan,nan,0.00,0.00,0.00,0.00,0,-105.00,-14.00,0.00,0.00,41.00,0.00,0,432
663.00,1565269399,0.00,nan,nan,0.00,0.00,0.00,0.00,0,-105.00,-14.00,0.00,0.00,41.00,0.00,0,200
663.00,1565269399,0.00,nan,nan,0.00,0.00,0.00,0.00,0,-102.00,-10.00,0.00,0.00,40.00,0.00,0,68
663.00,1565269399,0.00,nan,nan,0.00,0.00,0.00,0.00,0,-105.00,-14.00,0.00,0.00,41.00,0.00,0,432
666.00,1565269402,0.00,nan,nan,0.00,0.00,0.00,0.00,0,-97.00,-8.00,0.00,0.00,43.00,0.00,0,68
666.00,1565269402,0.00,nan,nan,0.00,0.00,0.00,0.00,0,-102.00,-13.00,0.00,0.00,43.00,0.00,0,496
666.00,1565269402,0.00,nan,nan,0.00,0.00,0.00,0.00,0,-102.00,-15.00,0.00,0.00,45.00,0.00,0,219
667.00,1565269403,0.00,nan,nan,0.00,0.00,0.00,0.00,0,-97.00,-8.00,0.00,0.00,43.00,0.00,0,68
667.00,1565269403,0.00,nan,nan,0.00,0.00,0.00,0.00,0,-102.00,-13.00,0.00,0.00,43.00,0.00,0,496
667.00,1565269403,0.00,nan,nan,0.00,0.00,0.00,0.00,0,-102.00,-15.00,0.00,0.00,45.00,0.00,0,219
668.00,1565269404,0.00,nan,nan,0.00,0.00,0.00,0.00,0,-97.00,-9.00,0.00,0.00,43.00,0.00,0,68
668.00,1565269404,0.00,nan,nan,0.00,0.00,0.00,0.00,0,-101.00,-12.00,0.00,0.00,43.00,0.00,0,496
668.99,1565269405,0.00,nan,nan,0.00,0.00,0.00,0.00,0,-97.00,-9.00,0.00,0.00,43.00,0.00,0,68
669.00,1565269405,0.00,nan,nan,0.00,0.00,0.00,0.00,0,-101.00,-12.00,0.00,0.00,43.00,0.00,0,496
669.99,1565269406,0.00,nan,nan,0.00,0.00,0.00,0.00,0,-97.00,-9.00,0.00,0.00,43.00,0.00,0,68
670.00,1565269406,0.00,nan,nan,0.00,0.00,0.00,0.00,0,-101.00,-12.00,0.00,0.00,43.00,0.00,0,496
670.99,1565269407,0.00,nan,nan,0.00,0.00,0.00,0.00,0,-96.00,-9.00,0.00,0.00,45.00,0.00,0,496
671.00,1565269407,0.00,nan,nan,0.00,0.00,0.00,0.00,0,-101.00,-15.00,0.00,0.00,46.00,0.00,0,200
672.00,1565269408,0.00,nan,nan,0.00,0.00,0.00,0.00,0,-96.00,-9.00,0.00,0.00,45.00,0.00,0,496
672.00,1565269408,0.00,nan,nan,0.00,0.00,0.00,0.00,0,-101.00,-15.00,0.00,0.00,46.00,0.00,0,200
673.00,1565269409,0.00,nan,nan,0.00,0.00,0.00,0.00,0,-92.00,-9.00,0.00,0.00,48.00,0.00,0,496
673.00,1565269409,0.00,nan,nan,0.00,0.00,0.00,0.00,0,-102.00,-17.00,0.00,0.00,47.00,0.00,0,200
673.00,1565269409,0.00,nan,nan,0.00,0.00,0.00,0.00,0,-112.00,-10.00,0.00,0.00,31.00,0.00,0,113
673.00,1565269409,0.00,nan,nan,0.00,0.00,0.00,0.00,0,-113.00,-9.00,0.00,0.00,27.00,0.00,0,274
673.00,1565269409,0.00,nan,nan,0.00,0.00,0.00,0.00,0,0.00,0.00,0.00,0.00,63.00,0.00,0,339
673.00,1565269409,0.00,nan,nan,0.00,0.00,0.00,0.00,0,0.00,0.00,0.00,0.00,63.00,0.00,0,4
673.00,1565269409,0.00,nan,nan,0.00,0.00,0.00,0.00,0,0.00,0.00,0.00,0.00,63.00,0.00,0,9
674.00,1565269410,0.00,nan,nan,0.00,0.00,0.00,0.00,0,-92.00,-9.00,0.00,0.00,48.00,0.00,0,496
674.00,1565269410,0.00,nan,nan,0.00,0.00,0.00,0.00,0,-102.00,-17.00,0.00,0.00,47.00,0.00,0,200
674.00,1565269410,0.00,nan,nan,0.00,0.00,0.00,0.00,0,-112.00,-10.00,0.00,0.00,31.00,0.00,0,113
674.00,1565269410,0.00,nan,nan,0.00,0.00,0.00,0.00,0,-113.00,-9.00,0.00,0.00,27.00,0.00,0,274
674.00,1565269410,0.00,nan,nan,0.00,0.00,0.00,0.00,0,0.00,0.00,0.00,0.00,63.00,0.00,0,339
674.00,1565269410,0.00,nan,nan,0.00,0.00,0.00,0.00,0,0.00,0.00,0.00,0.00,63.00,0.00,0,4
674.00,1565269410,0.00,nan,nan,0.00,0.00,0.00,0.00,0,0.00,0.00,0.00,0.00,63.00,0.00,0,9
684.99,1565269421,0.00,nan,nan,0.00,0.00,0.00,0.00,0,-97.00,-15.00,0.00,0.00,50.00,0.00,0,432
685.99,1565269422,0.00,nan,nan,0.00,0.00,0.00,0.00,0,-97.00,-15.00,0.00,0.00,50.00,0.00,0,432
741.99,1565269478,0.00,nan,nan,0.00,0.00,0.00,0.00,0,-92.00,-12.00,0.00,0.00,52.00,0.00,0,68
742.99,1565269479,0.00,nan,nan,0.00,0.00,0.00,0.00,0,-92.00,-12.00,0.00,0.00,52.00,0.00,0,68
743.99,1565269480,0.00,nan,nan,0.00,0.00,0.00,0.00,0,-95.00,-10.00,0.00,0.00,48.00,0.00,0,68
744.00,1565269480,0.00,nan,nan,0.00,0.00,0.00,0.00,0,-98.00,-14.00,0.00,0.00,50.00,0.00,0,432
744.99,1565269481,0.00,nan,nan,0.00,0.00,0.00,0.00,0,-95.00,-10.00,0.00,0.00,48.00,0.00,0,68
744.99,1565269481,0.00,nan,nan,0.00,0.00,0.00,0.00,0,-98.00,-14.00,0.00,0.00,50.00,0.00,0,432
745.99,1565269482,0.00,nan,nan,0.00,0.00,0.00,0.00,0,-95.00,-12.00,0.00,0.00,50.00,0.00,0,432
746.99,1565269483,0.00,nan,nan,0.00,0.00,0.00,0.00,0,-95.00,-12.00,0.00,0.00,50.00,0.00,0,432
760.99,1565269497,0.00,nan,nan,0.00,0.00,0.00,0.00,0,-95.00,-11.00,0.00,0.00,48.00,0.00,0,68
761.00,1565269497,0.00,nan,nan,0.00,0.00,0.00,0.00,0,-100.00,-15.00,0.00,0.00,49.00,0.00,0,432
761.99,1565269498,0.00,nan,nan,0.00,0.00,0.00,0.00,0,-95.00,-11.00,0.00,0.00,48.00,0.00,0,68
762.00,1565269498,0.00,nan,nan,0.00,0.00,0.00,0.00,0,-100.00,-15.00,0.00,0.00,49.00,0.00,0,432
762.99,1565269499,0.00,nan,nan,0.00,0.00,0.00,0.00,0,-95.00,-8.00,0.00,0.00,45.00,0.00,0,496
762.99,1565269499,0.00,nan,nan,0.00,0.00,0.00,0.00,0,-98.00,-13.00,0.00,0.00,48.00,0.00,0,432
763.99,1565269500,0.00,nan,nan,0.00,0.00,0.00,0.00,0,-95.00,-8.00,0.00,0.00,45.00,0.00,0,496
763.99,1565269500,0.00,nan,nan,0.00,0.00,0.00,0.00,0,-98.00,-13.00,0.00,0.00,48.00,0.00,0,432
764.99,1565269501,0.00,nan,nan,0.00,0.00,0.00,0.00,0,-94.00,-8.00,0.00,0.00,46.00,0.00,0,496
765.00,1565269501,0.00,nan,nan,0.00,0.00,0.00,0.00,0,-95.00,-10.00,0.00,0.00,47.00,0.00,0,432
765.99,1565269502,0.00,nan,nan,0.00,0.00,0.00,0.00,0,-94.00,-8.00,0.00,0.00,46.00,0.00,0,496
766.00,1565269502,0.00,nan,nan,0.00,0.00,0.00,0.00,0,-95.00,-10.00,0.00,0.00,47.00,0.00,0,432
766.99,1565269503,0.00,nan,nan,0.00,0.00,0.00,0.00,0,-95.00,-9.00,0.00,0.00,46.00,0.00,0,432
766.99,1565269503,0.00,nan,nan,0.00,0.00,0.00,0.00,0,-94.00,-8.00,0.00,0.00,46.00,0.00,0,496
767.99,1565269504,0.00,nan,nan,0.00,0.00,0.00,0.00,0,-95.00,-9.00,0.00,0.00,46.00,0.00,0,432
767.99,1565269504,0.00,nan,nan,0.00,0.00,0.00,0.00,0,-94.00,-8.00,0.00,0.00,46.00,0.00,0,496
768.99,1565269505,0.00,nan,nan,0.00,0.00,0.00,0.00,0,-96.00,-11.00,0.00,0.00,47.00,0.00,0,432
769.00,1565269505,0.00,nan,nan,0.00,0.00,0.00,0.00,0,-95.00,-9.00,0.00,0.00,46.00,0.00,0,496
769.99,1565269506,0.00,nan,nan,0.00,0.00,0.00,0.00,0,-96.00,-11.00,0.00,0.00,47.00,0.00,0,432
770.00,1565269506,0.00,nan,nan,0.00,0.00,0.00,0.00,0,-95.00,-9.00,0.00,0.00,46.00,0.00,0,496
770.99,1565269507,0.00,nan,nan,0.00,0.00,0.00,0.00,0,-94.00,-10.00,0.00,0.00,47.00,0.00,0,432
770.99,1565269507,0.00,nan,nan,0.00,0.00,0.00,0.00,0,-97.00,-11.00,0.00,0.00,47.00,0.00,0,496
771.99,1565269508,0.00,nan,nan,0.00,0.00,0.00,0.00,0,-94.00,-10.00,0.00,0.00,47.00,0.00,0,432
771.99,1565269508,0.00,nan,nan,0.00,0.00,0.00,0.00,0,-97.00,-11.00,0.00,0.00,47.00,0.00,0,496
773.00,1565269509,0.00,nan,nan,0.00,0.00,0.00,0.00,0,-94.00,-7.00,0.00,0.00,46.00,0.00,0,432
773.00,1565269509,0.00,nan,nan,0.00,0.00,0.00,0.00,0,-97.00,-10.00,0.00,0.00,45.00,0.00,0,496
773.99,1565269510,0.00,nan,nan,0.00,0.00,0.00,0.00,0,-94.00,-7.00,0.00,0.00,46.00,0.00,0,432
773.99,1565269510,0.00,nan,nan,0.00,0.00,0.00,0.00,0,-97.00,-10.00,0.00,0.00,45.00,0.00,0,496
774.99,1565269511,0.00,nan,nan,0.00,0.00,0.00,0.00,0,-94.00,-7.00,0.00,0.00,46.00,0.00,0,432
775.00,1565269511,0.00,nan,nan,0.00,0.00,0.00,0.00,0,-97.00,-10.00,0.00,0.00,45.00,0.00,0,496
775.99,1565269512,0.00,nan,nan,0.00,0.00,0.00,0.00,0,-94.00,-7.00,0.00,0.00,44.00,0.00,0,432
776.00,1565269512,0.00,nan,nan,0.00,0.00,0.00,0.00,0,-99.00,-10.00,0.00,0.00,42.00,0.00,0,496
776.99,1565269513,0.00,nan,nan,0.00,0.00,0.00,0.00,0,-94.00,-7.00,0.00,0.00,44.00,0.00,0,432
777.00,1565269513,0.00,nan,nan,0.00,0.00,0.00,0.00,0,-99.00,-10.00,0.00,0.00,42.00,0.00,0,496
777.99,1565269514,0.00,nan,nan,0.00,0.00,0.00,0.00,0,-95.00,-7.00,0.00,0.00,44.00,0.00,0,432
778.00,1565269514,0.00,nan,nan,0.00,0.00,0.00,0.00,0,-101.00,-10.00,0.00,0.00,41.00,0.00,0,496
778.99,1565269515,0.00,nan,nan,0.00,0.00,0.00,0.00,0,-95.00,-7.00,0.00,0.00,44.00,0.00,0,432
779.00,1565269515,0.00,nan,nan,0.00,0.00,0.00,0.00,0,-101.00,-10.00,0.00,0.00,41.00,0.00,0,496
779.99,1565269516,0.00,nan,nan,0.00,0.00,0.00,0.00,0,-95.00,-7.00,0.00,0.00,44.00,0.00,0,432
780.99,1565269517,0.00,nan,nan,0.00,0.00,0.00,0.00,0,-95.00,-7.00,0.00,0.00,44.00,0.00,0,432
783.99,1565269520,0.00,nan,nan,0.00,0.00,0.00,0.00,0,-99.00,-8.00,0.00,0.00,41.00,0.00,0,68
784.99,1565269521,0.00,nan,nan,0.00,0.00,0.00,0.00,0,-99.00,-8.00,0.00,0.00,41.00,0.00,0,68
796.99,1565269533,0.00,nan,nan,0.00,0.00,0.00,0.00,0,-95.00,-6.00,0.00,0.00,41.00,0.00,0,318
797.99,1565269534,0.00,nan,nan,0.00,0.00,0.00,0.00,0,-95.00,-6.00,0.00,0.00,41.00,0.00,0,318
810.99,1565269547,0.00,nan,nan,0.00,0.00,0.00,0.00,0,-94.00,-12.00,0.00,0.00,50.00,0.00,0,433
811.99,1565269548,0.00,nan,nan,0.00,0.00,0.00,0.00,0,-94.00,-12.00,0.00,0.00,50.00,0.00,0,433
812.99,1565269549,0.00,nan,nan,0.00,0.00,0.00,0.00,0,-90.00,-10.00,0.00,0.00,52.00,0.00,0,433
813.99,1565269550,0.00,nan,nan,0.00,0.00,0.00,0.00,0,-90.00,-10.00,0.00,0.00,52.00,0.00,0,433
817.99,1565269554,0.00,nan,nan,0.00,0.00,0.00,0.00,0,-88.00,-13.00,0.00,0.00,57.00,0.00,0,432
818.99,1565269555,0.00,nan,nan,0.00,0.00,0.00,0.00,0,-88.00,-13.00,0.00,0.00,57.00,0.00,0,432
846.99,1565269583,0.00,nan,nan,0.00,0.00,0.00,0.00,0,-83.00,-11.00,0.00,0.00,60.00,0.00,0,434
846.99,1565269583,0.00,nan,nan,0.00,0.00,0.00,0.00,0,-81.00,-9.00,0.00,0.00,57.00,0.00,0,128
848.00,1565269584,0.00,nan,nan,0.00,0.00,0.00,0.00,0,-83.00,-11.00,0.00,0.00,60.00,0.00,0,434
848.00,1565269584,0.00,nan,nan,0.00,0.00,0.00,0.00,0,-81.00,-9.00,0.00,0.00,57.00,0.00,0,128
848.99,1565269585,0.00,nan,nan,0.00,0.00,0.00,0.00,0,-81.00,-10.00,0.00,0.00,61.00,0.00,0,433
848.99,1565269585,0.00,nan,nan,0.00,0.00,0.00,0.00,0,-80.00,-10.00,0.00,0.00,59.00,0.00,0,127
849.99,1565269586,0.00,nan,nan,0.00,0.00,0.00,0.00,0,-81.00,-10.00,0.00,0.00,61.00,0.00,0,433
850.00,1565269586,0.00,nan,nan,0.00,0.00,0.00,0.00,0,-80.00,-10.00,0.00,0.00,59.00,0.00,0,127
873.99,1565269610,0.00,nan,nan,0.00,0.00,0.00,0.00,0,-96.00,-12.00,0.00,0.00,49.00,0.00,0,68
874.00,1565269610,0.00,nan,nan,0.00,0.00,0.00,0.00,0,-95.00,-7.00,0.00,0.00,41.00,0.00,0,318
874.99,1565269611,0.00,nan,nan,0.00,0.00,0.00,0.00,0,-96.00,-12.00,0.00,0.00,49.00,0.00,0,68
874.99,1565269611,0.00,nan,nan,0.00,0.00,0.00,0.00,0,-95.00,-7.00,0.00,0.00,41.00,0.00,0,318
880.00,1565269616,0.00,nan,nan,0.00,0.00,0.00,0.00,0,-102.00,-11.00,0.00,0.00,41.00,0.00,0,220
880.00,1565269616,0.00,nan,nan,0.00,0.00,0.00,0.00,0,-102.00,-10.00,0.00,0.00,39.00,0.00,0,68
880.00,1565269616,0.00,nan,nan,0.00,0.00,0.00,0.00,0,-108.00,-19.00,0.00,0.00,43.00,0.00,0,340
881.00,1565269617,0.00,nan,nan,0.00,0.00,0.00,0.00,0,-102.00,-11.00,0.00,0.00,41.00,0.00,0,220
881.00,1565269617,0.00,nan,nan,0.00,0.00,0.00,0.00,0,-102.00,-10.00,0.00,0.00,39.00,0.00,0,68
881.00,1565269617,0.00,nan,nan,0.00,0.00,0.00,0.00,0,-108.00,-19.00,0.00,0.00,43.00,0.00,0,340
882.00,1565269618,0.00,nan,nan,0.00,0.00,0.00,0.00,0,-102.00,-11.00,0.00,0.00,41.00,0.00,0,220
882.00,1565269618,0.00,nan,nan,0.00,0.00,0.00,0.00,0,-102.00,-10.00,0.00,0.00,39.00,0.00,0,68
882.00,1565269618,0.00,nan,nan,0.00,0.00,0.00,0.00,0,-108.00,-19.00,0.00,0.00,43.00,0.00,0,340
882.99,1565269619,0.00,nan,nan,0.00,0.00,0.00,0.00,0,-103.00,-13.00,0.00,0.00,41.00,0.00,0,68
883.00,1565269619,0.00,nan,nan,0.00,0.00,0.00,0.00,0,-104.00,-14.00,0.00,0.00,42.00,0.00,0,220
884.00,1565269620,0.00,nan,nan,0.00,0.00,0.00,0.00,0,-103.00,-13.00,0.00,0.00,41.00,0.00,0,68
884.00,1565269620,0.00,nan,nan,0.00,0.00,0.00,0.00,0,-104.00,-14.00,0.00,0.00,42.00,0.00,0,220
888.99,1565269625,0.00,nan,nan,0.00,0.00,0.00,0.00,0,-110.00,-17.00,0.00,0.00,39.00,0.00,0,220
889.99,1565269626,0.00,nan,nan,0.00,0.00,0.00,0.00,0,-110.00,-17.00,0.00,0.00,39.00,0.00,0,220
890.99,1565269627,0.00,nan,nan,0.00,0.00,0.00,0.00,0,-109.00,-16.00,0.00,0.00,38.00,0.00,0,220
891.99,1565269628,0.00,nan,nan,0.00,0.00,0.00,0.00,0,-109.00,-16.00,0.00,0.00,38.00,0.00,0,220
893.00,1565269629,0.00,nan,nan,0.00,0.00,0.00,0.00,0,-108.00,-14.00,0.00,0.00,38.00,0.00,0,220
893.00,1565269629,0.00,nan,nan,0.00,0.00,0.00,0.00,0,-107.00,-12.00,0.00,0.00,37.00,0.00,0,68
893.00,1565269629,0.00,nan,nan,0.00,0.00,0.00,0.00,0,-110.00,-15.00,0.00,0.00,37.00,0.00,0,227
894.00,1565269630,0.00,nan,nan,0.00,0.00,0.00,0.00,0,-108.00,-14.00,0.00,0.00,38.00,0.00,0,220
894.00,1565269630,0.00,nan,nan,0.00,0.00,0.00,0.00,0,-107.00,-12.00,0.00,0.00,37.00,0.00,0,68
894.00,1565269630,0.00,nan,nan,0.00,0.00,0.00,0.00,0,-110.00,-15.00,0.00,0.00,37.00,0.00,0,227
895.00,1565269631,0.00,nan,nan,0.00,0.00,0.00,0.00,0,-107.00,-13.00,0.00,0.00,38.00,0.00,0,220
895.00,1565269631,0.00,nan,nan,0.00,0.00,0.00,0.00,0,-107.00,-12.00,0.00,0.00,37.00,0.00,0,68
895.00,1565269631,0.00,nan,nan,0.00,0.00,0.00,0.00,0,-111.00,-16.00,0.00,0.00,37.00,0.00,0,227
896.00,1565269632,0.00,nan,nan,0.00,0.00,0.00,0.00,0,-107.00,-13.00,0.00,0.00,38.00,0.00,0,220
896.00,1565269632,0.00,nan,nan,0.00,0.00,0.00,0.00,0,-107.00,-12.00,0.00,0.00,37.00,0.00,0,68
896.00,1565269632,0.00,nan,nan,0.00,0.00,0.00,0.00,0,-111.00,-16.00,0.00,0.00,37.00,0.00,0,227
897.00,1565269633,0.00,nan,nan,0.00,0.00,0.00,0.00,0,-106.00,-11.00,0.00,0.00,36.00,0.00,0,68
897.00,1565269633,0.00,nan,nan,0.00,0.00,0.00,0.00,0,-110.00,-16.00,0.00,0.00,37.00,0.00,0,167
897.00,1565269633,0.00,nan,nan,0.00,0.00,0.00,0.00,0,-110.00,-14.00,0.00,0.00,37.00,0.00,0,220
897.99,1565269634,0.00,nan,nan,0.00,0.00,0.00,0.00,0,-106.00,-11.00,0.00,0.00,36.00,0.00,0,68
898.00,1565269634,0.00,nan,nan,0.00,0.00,0.00,0.00,0,-110.00,-16.00,0.00,0.00,37.00,0.00,0,167
898.00,1565269634,0.00,nan,nan,0.00,0.00,0.00,0.00,0,-110.00,-14.00,0.00,0.00,37.00,0.00,0,220
898.99,1565269635,0.00,nan,nan,0.00,0.00,0.00,0.00,0,-99.00,-12.00,0.00,0.00,44.00,0.00,0,434
899.00,1565269635,0.00,nan,nan,0.00,0.00,0.00,0.00,0,-107.00,-18.00,0.00,0.00,42.00,0.00,0,167
899.99,1565269636,0.00,nan,nan,0.00,0.00,0.00,0.00,0,-99.00,-12.00,0.00,0.00,44.00,0.00,0,434
900.00,1565269636,0.00,nan,nan,0.00,0.00,0.00,0.00,0,-107.00,-18.00,0.00,0.00,42.00,0.00,0,167
901.00,1565269637,0.00,nan,nan,0.00,0.00,0.00,0.00,0,-102.00,-14.00,0.00,0.00,44.00,0.00,0,434
901.99,1565269638,0.00,nan,nan,0.00,0.00,0.00,0.00,0,-102.00,-14.00,0.00,0.00,44.00,0.00,0,434
902.99,1565269639,0.00,nan,nan,0.00,0.00,0.00,0.00,0,-102.00,-14.00,0.00,0.00,44.00,0.00,0,434
903.99,1565269640,0.00,nan,nan,0.00,0.00,0.00,0.00,0,-101.00,-13.00,0.00,0.00,43.00,0.00,0,434
904.00,1565269640,0.00,nan,nan,0.00,0.00,0.00,0.00,0,-105.00,-16.00,0.00,0.00,43.00,0.00,0,67
904.99,1565269641,0.00,nan,nan,0.00,0.00,0.00,0.00,0,-101.00,-13.00,0.00,0.00,43.00,0.00,0,434
905.00,1565269641,0.00,nan,nan,0.00,0.00,0.00,0.00,0,-105.00,-16.00,0.00,0.00,43.00,0.00,0,67
905.99,1565269642,0.00,nan,nan,0.00,0.00,0.00,0.00,0,-102.00,-15.00,0.00,0.00,44.00,0.00,0,67
906.99,1565269643,0.00,nan,nan,0.00,0.00,0.00,0.00,0,-102.00,-15.00,0.00,0.00,44.00,0.00,0,67
907.99,1565269644,0.00,nan,nan,0.00,0.00,0.00,0.00,0,-101.00,-15.00,0.00,0.00,45.00,0.00,0,67
908.99,1565269645,0.00,nan,nan,0.00,0.00,0.00,0.00,0,-101.00,-15.00,0.00,0.00,45.00,0.00,0,67
909.99,1565269646,0.00,nan,nan,0.00,0.00,0.00,0.00,0,-101.00,-15.00,0.00,0.00,45.00,0.00,0,67
910.99,1565269647,0.00,nan,nan,0.00,0.00,0.00,0.00,0,-101.00,-15.00,0.00,0.00,45.00,0.00,0,67
911.99,1565269648,0.00,nan,nan,0.00,0.00,0.00,0.00,0,-99.00,-12.00,0.00,0.00,44.00,0.00,0,67
912.99,1565269649,0.00,nan,nan,0.00,0.00,0.00,0.00,0,-99.00,-12.00,0.00,0.00,44.00,0.00,0,67
913.99,1565269650,0.00,nan,nan,0.00,0.00,0.00,0.00,0,-96.00,-11.00,0.00,0.00,47.00,0.00,0,67
914.99,1565269651,0.00,nan,nan,0.00,0.00,0.00,0.00,0,-96.00,-11.00,0.00,0.00,47.00,0.00,0,67
915.99,1565269652,0.00,nan,nan,0.00,0.00,0.00,0.00,0,-96.00,-11.00,0.00,0.00,47.00,0.00,0,67
916.99,1565269653,0.00,nan,nan,0.00,0.00,0.00,0.00,0,-96.00,-11.00,0.00,0.00,47.00,0.00,0,67
917.99,1565269654,0.00,nan,nan,0.00,0.00,0.00,0.00,0,-96.00,-11.00,0.00,0.00,47.00,0.00,0,67
918.99,1565269655,0.00,nan,nan,0.00,0.00,0.00,0.00,0,-96.00,-11.00,0.00,0.00,47.00,0.00,0,67
919.99,1565269656,0.00,nan,nan,0.00,0.00,0.00,0.00,0,-91.00,-11.00,0.00,0.00,53.00,0.00,0,68
920.99,1565269657,0.00,nan,nan,0.00,0.00,0.00,0.00,0,-91.00,-11.00,0.00,0.00,53.00,0.00,0,68
922.00,1565269658,0.00,nan,nan,0.00,0.00,0.00,0.00,0,-91.00,-12.00,0.00,0.00,54.00,0.00,0,68
922.99,1565269659,0.00,nan,nan,0.00,0.00,0.00,0.00,0,-91.00,-12.00,0.00,0.00,54.00,0.00,0,68
923.99,1565269660,0.00,nan,nan,0.00,0.00,0.00,0.00,0,-91.00,-12.00,0.00,0.00,54.00,0.00,0,68
924.99,1565269661,0.00,nan,nan,0.00,0.00,0.00,0.00,0,-99.00,-15.00,0.00,0.00,48.00,0.00,0,68
925.99,1565269662,0.00,nan,nan,0.00,0.00,0.00,0.00,0,-99.00,-15.00,0.00,0.00,48.00,0.00,0,68
926.99,1565269663,0.00,nan,nan,0.00,0.00,0.00,0.00,0,-98.00,-15.00,0.00,0.00,48.00,0.00,0,68
927.99,1565269664,0.00,nan,nan,0.00,0.00,0.00,0.00,0,-98.00,-15.00,0.00,0.00,48.00,0.00,0,68
928.99,1565269665,0.00,nan,nan,0.00,0.00,0.00,0.00,0,-98.00,-13.00,0.00,0.00,47.00,0.00,0,68
929.99,1565269666,0.00,nan,nan,0.00,0.00,0.00,0.00,0,-98.00,-13.00,0.00,0.00,47.00,0.00,0,68
967.00,1565269703,0.00,nan,nan,0.00,0.00,0.00,0.00,0,-94.00,-13.00,0.00,0.00,48.00,0.00,0,319
967.99,1565269704,0.00,nan,nan,0.00,0.00,0.00,0.00,0,-94.00,-13.00,0.00,0.00,48.00,0.00,0,319
968.99,1565269705,0.00,nan,nan,0.00,0.00,0.00,0.00,0,-98.00,-13.00,0.00,0.00,47.00,0.00,0,66
968.99,1565269705,0.00,nan,nan,0.00,0.00,0.00,0.00,0,-96.00,-11.00,0.00,0.00,44.00,0.00,0,319
969.99,1565269706,0.00,nan,nan,0.00,0.00,0.00,0.00,0,-98.00,-13.00,0.00,0.00,47.00,0.00,0,66
970.00,1565269706,0.00,nan,nan,0.00,0.00,0.00,0.00,0,-96.00,-11.00,0.00,0.00,44.00,0.00,0,319
