0.01,1565614215,0.00,nan,nan,0.00,0.00,0.00,0.00,1,-96.00,-7.00,-2.00,2.00,42.00,5.00,26385408,95
1.08,1565614216,0.00,nan,nan,0.00,0.00,0.00,0.00,1,-96.00,-7.00,-2.00,2.00,42.00,5.00,26385408,95
1.99,1565614217,0.00,nan,nan,0.00,0.00,0.00,0.00,1,-96.00,-7.00,-2.00,2.00,42.00,5.00,26385408,95
2.99,1565614218,0.00,nan,nan,0.00,0.00,0.00,0.00,1,-97.00,-8.00,10.00,2.00,41.00,5.00,26385408,95
3.99,1565614219,0.00,nan,nan,0.00,0.00,0.00,0.00,1,-97.00,-8.00,10.00,2.00,41.00,5.00,26385408,95
4.99,1565614220,0.00,nan,nan,0.00,0.00,0.00,0.00,1,-96.00,-7.00,5.00,2.00,42.00,5.00,26385408,95
5.99,1565614221,0.00,nan,nan,0.00,0.00,0.00,0.00,1,-96.00,-7.00,5.00,2.00,42.00,5.00,26385408,95
6.98,1565614222,0.00,nan,nan,0.00,0.00,0.00,0.00,1,-96.00,-8.00,8.00,2.00,44.00,5.00,29391105,167
7.99,1565614223,0.00,nan,nan,0.00,0.00,0.00,0.00,1,-96.00,-8.00,8.00,2.00,44.00,5.00,29391105,167
8.98,1565614224,0.00,nan,nan,0.00,0.00,0.00,0.00,1,-94.00,-8.00,7.00,2.00,46.00,5.00,29391105,167
9.99,1565614225,0.00,nan,nan,0.00,0.00,0.00,0.00,1,-94.00,-8.00,7.00,2.00,46.00,5.00,29391105,167
10.99,1565614226,0.00,nan,nan,0.00,0.00,0.00,0.00,1,-94.00,-9.00,13.00,2.00,46.00,5.00,29391105,167
11.99,1565614227,0.00,nan,nan,0.00,0.00,0.00,0.00,1,-94.00,-9.00,13.00,2.00,46.00,5.00,29391105,167
12.98,1565614228,0.00,nan,nan,0.00,0.00,0.00,0.00,1,-93.00,-9.00,23.00,2.00,48.00,5.00,29391105,167
13.99,1565614229,0.00,nan,nan,0.00,0.00,0.00,0.00,1,-93.00,-9.00,23.00,2.00,48.00,5.00,29391105,167
14.98,1565614230,0.00,nan,nan,0.00,0.00,0.00,0.00,1,-88.00,-7.00,22.00,2.00,51.00,5.00,29391105,167
15.99,1565614231,0.00,nan,nan,0.00,0.00,0.00,0.00,1,-88.00,-7.00,22.00,2.00,51.00,5.00,29391105,167
16.98,1565614232,0.00,nan,nan,0.00,0.00,0.00,0.00,1,-84.00,-7.00,12.00,2.00,53.00,5.00,29391105,167
17.98,1565614233,0.00,nan,nan,0.00,0.00,0.00,0.00,1,-84.00,-7.00,12.00,2.00,53.00,5.00,29391105,167
18.98,1565614234,0.00,nan,nan,0.00,0.00,0.00,0.00,1,-85.00,-7.00,19.00,2.00,52.00,5.00,29391105,167
19.98,1565614235,0.00,nan,nan,0.00,0.00,0.00,0.00,1,-85.00,-7.00,19.00,2.00,52.00,5.00,29391105,167
20.99,1565614236,0.00,nan,nan,0.00,0.00,0.00,0.00,1,-86.00,-7.00,19.00,2.00,52.00,5.00,29391105,167
21.98,1565614237,0.00,nan,nan,0.00,0.00,0.00,0.00,1,-86.00,-7.00,19.00,2.00,52.00,5.00,29391105,167
22.98,1565614238,0.00,nan,nan,0.00,0.00,0.00,0.00,1,-86.00,-7.00,19.00,2.00,52.00,5.00,29391105,167
23.98,1565614239,0.00,nan,nan,0.00,0.00,0.00,0.00,1,-86.00,-7.00,21.00,2.00,52.00,5.00,29391105,167
24.98,1565614240,0.00,nan,nan,0.00,0.00,0.00,0.00,1,-86.00,-7.00,21.00,2.00,52.00,5.00,29391105,167
25.98,1565614241,0.00,nan,nan,0.00,0.00,0.00,0.00,1,-85.00,-7.00,26.00,2.00,53.00,5.00,29391105,167
26.98,1565614242,0.00,nan,nan,0.00,0.00,0.00,0.00,1,-85.00,-7.00,26.00,2.00,53.00,5.00,29391105,167
27.98,1565614243,0.00,nan,nan,0.00,0.00,0.00,0.00,1,-84.00,-7.00,25.00,2.00,54.00,5.00,29391105,167
28.99,1565614244,0.00,nan,nan,0.00,0.00,0.00,0.00,1,-84.00,-7.00,25.00,2.00,54.00,5.00,29391105,167
29.98,1565614245,0.00,nan,nan,0.00,0.00,0.00,0.00,1,-81.00,-8.00,24.00,2.00,58.00,5.00,29391105,167
30.98,1565614246,0.00,nan,nan,0.00,0.00,0.00,0.00,1,-81.00,-8.00,24.00,2.00,58.00,5.00,29391105,167
31.98,1565614247,0.00,nan,nan,0.00,0.00,0.00,0.00,1,-81.00,-8.00,25.00,2.00,58.00,5.00,29391105,167
32.98,1565614248,0.00,nan,nan,0.00,0.00,0.00,0.00,1,-81.00,-8.00,25.00,2.00,58.00,5.00,29391105,167
33.98,1565614249,0.00,nan,nan,0.00,0.00,0.00,0.00,1,-81.00,-7.00,27.00,2.00,57.00,5.00,29391105,167
34.98,1565614250,0.00,nan,nan,0.00,0.00,0.00,0.00,1,-81.00,-7.00,27.00,2.00,57.00,5.00,29391105,167
35.98,1565614251,0.00,nan,nan,0.00,0.00,0.00,0.00,1,-81.00,-7.00,25.00,2.00,57.00,5.00,29391105,167
36.98,1565614252,0.00,nan,nan,0.00,0.00,0.00,0.00,1,-81.00,-7.00,25.00,2.00,57.00,5.00,29391105,167
37.98,1565614253,0.00,nan,nan,0.00,0.00,0.00,0.00,1,-81.00,-8.00,25.00,2.00,57.00,5.00,29391105,167
38.98,1565614254,0.00,nan,nan,0.00,0.00,0.00,0.00,1,-81.00,-8.00,25.00,2.00,57.00,5.00,29391105,167
39.98,1565614255,0.00,nan,nan,0.00,0.00,0.00,0.00,1,-82.00,-7.00,25.00,2.00,57.00,5.00,29391105,167
40.98,1565614256,0.00,nan,nan,0.00,0.00,0.00,0.00,1,-82.00,-7.00,25.00,2.00,57.00,5.00,29391105,167
41.99,1565614257,0.00,nan,nan,0.00,0.00,0.00,0.00,1,-82.00,-7.00,23.00,12.00,56.00,4.00,29391105,167
42.98,1565614258,0.00,nan,nan,0.00,0.00,0.00,0.00,1,-82.00,-7.00,23.00,12.00,56.00,4.00,29391105,167
43.98,1565614259,0.00,nan,nan,0.00,0.00,0.00,0.00,1,-82.00,-7.00,23.00,12.00,56.00,4.00,29391105,167
44.98,1565614260,0.00,nan,nan,0.00,0.00,0.00,0.00,1,-82.00,-7.00,25.00,12.00,57.00,4.00,29391105,167
45.98,1565614261,0.00,nan,nan,0.00,0.00,0.00,0.00,1,-82.00,-7.00,25.00,12.00,57.00,4.00,29391105,167
46.98,1565614262,0.00,nan,nan,0.00,0.00,0.00,0.00,1,-82.00,-7.00,23.00,12.00,56.00,4.00,29391105,167
47.98,1565614263,0.00,nan,nan,0.00,0.00,0.00,0.00,1,-82.00,-7.00,23.00,12.00,56.00,4.00,29391105,167
48.98,1565614264,0.00,nan,nan,0.00,0.00,0.00,0.00,1,-82.00,-7.00,27.00,13.00,57.00,4.00,29391105,167
49.98,1565614265,0.00,nan,nan,0.00,0.00,0.00,0.00,1,-82.00,-7.00,27.00,13.00,57.00,4.00,29391105,167
50.98,1565614266,0.00,nan,nan,0.00,0.00,0.00,0.00,1,-81.00,-6.00,25.00,12.00,56.00,4.00,29391105,167
51.99,1565614267,0.00,nan,nan,0.00,0.00,0.00,0.00,1,-81.00,-6.00,25.00,12.00,56.00,4.00,29391105,167
52.98,1565614268,0.00,nan,nan,0.00,0.00,0.00,0.00,1,-81.00,-6.00,24.00,12.00,56.00,4.00,29391105,167
53.98,1565614269,0.00,nan,nan,0.00,0.00,0.00,0.00,1,-81.00,-6.00,24.00,12.00,56.00,4.00,29391105,167
54.98,1565614270,0.00,nan,nan,0.00,0.00,0.00,0.00,1,-83.00,-6.00,22.00,11.00,55.00,4.00,29391105,167
55.98,1565614271,0.00,nan,nan,0.00,0.00,0.00,0.00,1,-83.00,-6.00,22.00,11.00,55.00,4.00,29391105,167
56.98,1565614272,0.00,nan,nan,0.00,0.00,0.00,0.00,1,-83.00,-6.00,21.00,12.00,55.00,4.00,29391105,167
57.98,1565614273,0.00,nan,nan,0.00,0.00,0.00,0.00,1,-83.00,-6.00,21.00,12.00,55.00,4.00,29391105,167
58.98,1565614274,0.00,nan,nan,0.00,0.00,0.00,0.00,1,-76.00,-6.00,29.00,15.00,62.00,4.00,29391105,167
59.98,1565614275,0.00,nan,nan,0.00,0.00,0.00,0.00,1,-76.00,-6.00,29.00,15.00,62.00,4.00,29391105,167
60.98,1565614276,0.00,nan,nan,0.00,0.00,0.00,0.00,1,-79.00,-5.00,25.00,15.00,56.00,4.00,29391105,167
61.98,1565614277,0.00,nan,nan,0.00,0.00,0.00,0.00,1,-79.00,-5.00,25.00,15.00,56.00,4.00,29391105,167
62.99,1565614278,0.00,nan,nan,0.00,0.00,0.00,0.00,1,-80.00,-7.00,23.00,15.00,56.00,4.00,29391105,167
63.98,1565614279,0.00,nan,nan,0.00,0.00,0.00,0.00,1,-80.00,-7.00,23.00,15.00,56.00,4.00,29391105,167
64.98,1565614280,0.00,nan,nan,0.00,0.00,0.00,0.00,1,-80.00,-7.00,23.00,15.00,56.00,4.00,29391105,167
65.98,1565614281,0.00,nan,nan,0.00,0.00,0.00,0.00,1,-81.00,-6.00,18.00,15.00,58.00,4.00,29391105,167
66.98,1565614282,0.00,nan,nan,0.00,0.00,0.00,0.00,1,-81.00,-6.00,18.00,15.00,58.00,4.00,29391105,167
67.98,1565614283,0.00,nan,nan,0.00,0.00,0.00,0.00,1,-87.00,-5.00,25.00,14.00,49.00,4.00,29391105,167
68.99,1565614284,0.00,nan,nan,0.00,0.00,0.00,0.00,1,-87.00,-5.00,25.00,14.00,49.00,4.00,29391105,167
69.98,1565614285,0.00,nan,nan,0.00,0.00,0.00,0.00,1,-84.00,-5.00,21.00,15.00,53.00,4.00,29391105,167
71.00,1565614286,0.00,nan,nan,0.00,0.00,0.00,0.00,1,-84.00,-5.00,21.00,15.00,53.00,4.00,29391105,167
71.98,1565614287,0.00,nan,nan,0.00,0.00,0.00,0.00,1,-87.00,-6.00,19.00,12.00,50.00,6.00,29391105,167
72.98,1565614288,0.00,nan,nan,0.00,0.00,0.00,0.00,1,-87.00,-6.00,19.00,12.00,50.00,6.00,29391105,167
73.98,1565614289,0.00,nan,nan,0.00,0.00,0.00,0.00,1,-86.00,-6.00,18.00,12.00,52.00,6.00,29391105,167
74.98,1565614290,0.00,nan,nan,0.00,0.00,0.00,0.00,1,-86.00,-6.00,18.00,12.00,52.00,6.00,29391105,167
75.98,1565614291,0.00,nan,nan,0.00,0.00,0.00,0.00,1,-85.00,-6.00,20.00,12.00,54.00,6.00,29391105,167
76.98,1565614292,0.00,nan,nan,0.00,0.00,0.00,0.00,1,-85.00,-6.00,20.00,12.00,54.00,6.00,29391105,167
77.98,1565614293,0.00,nan,nan,0.00,0.00,0.00,0.00,1,-91.00,-6.00,11.00,14.00,45.00,6.00,29391105,167
78.99,1565614294,0.00,nan,nan,0.00,0.00,0.00,0.00,1,-91.00,-6.00,11.00,14.00,45.00,6.00,29391105,167
79.98,1565614295,0.00,nan,nan,0.00,0.00,0.00,0.00,1,-93.00,-7.00,7.00,13.00,44.00,6.00,29391105,167
80.99,1565614296,0.00,nan,nan,0.00,0.00,0.00,0.00,1,-93.00,-7.00,7.00,13.00,44.00,6.00,29391105,167
81.98,1565614297,0.00,nan,nan,0.00,0.00,0.00,0.00,1,-93.00,-10.00,11.00,8.00,48.00,6.00,29391105,167
82.98,1565614298,0.00,nan,nan,0.00,0.00,0.00,0.00,1,-93.00,-10.00,11.00,8.00,48.00,6.00,29391105,167
83.99,1565614299,0.00,nan,nan,0.00,0.00,0.00,0.00,1,-92.00,-8.00,9.00,13.00,48.00,6.00,29391105,167
84.98,1565614300,0.00,nan,nan,0.00,0.00,0.00,0.00,1,-92.00,-8.00,9.00,13.00,48.00,6.00,29391105,167
85.98,1565614301,0.00,nan,nan,0.00,0.00,0.00,0.00,1,-92.00,-8.00,9.00,13.00,48.00,6.00,29391105,167
86.98,1565614302,0.00,nan,nan,0.00,0.00,0.00,0.00,1,-94.00,-9.00,13.00,14.00,47.00,6.00,29391105,167
87.98,1565614303,0.00,nan,nan,0.00,0.00,0.00,0.00,1,-94.00,-9.00,13.00,14.00,47.00,6.00,29391105,167
88.98,1565614304,0.00,nan,nan,0.00,0.00,0.00,0.00,1,-92.00,-9.00,10.00,2.00,48.00,6.00,29391105,167
89.98,1565614305,0.00,nan,nan,0.00,0.00,0.00,0.00,1,-92.00,-9.00,10.00,2.00,48.00,6.00,29391105,167
90.98,1565614306,0.00,nan,nan,0.00,0.00,0.00,0.00,1,-95.00,-9.00,7.00,2.00,47.00,6.00,29391105,167
91.98,1565614307,0.00,nan,nan,0.00,0.00,0.00,0.00,1,-95.00,-9.00,7.00,2.00,47.00,6.00,29391105,167
92.98,1565614308,0.00,nan,nan,0.00,0.00,0.00,0.00,1,-101.00,-12.00,-1.00,6.00,43.00,8.00,29391105,167
93.98,1565614309,0.00,nan,nan,0.00,0.00,0.00,0.00,1,-101.00,-12.00,-1.00,6.00,43.00,8.00,29391105,167
94.98,1565614310,0.00,nan,nan,0.00,0.00,0.00,0.00,1,-98.00,-7.00,0.00,6.00,39.00,10.00,28365056,359
95.98,1565614311,0.00,nan,nan,0.00,0.00,0.00,0.00,1,-98.00,-7.00,0.00,6.00,39.00,10.00,28365056,359
96.98,1565614312,0.00,nan,nan,0.00,0.00,0.00,0.00,1,-98.00,-9.00,6.00,11.00,42.00,10.00,28365056,359
97.99,1565614313,0.00,nan,nan,0.00,0.00,0.00,0.00,1,-98.00,-9.00,6.00,11.00,42.00,10.00,28365056,359
98.98,1565614314,0.00,nan,nan,0.00,0.00,0.00,0.00,1,-99.00,-6.00,9.00,9.00,39.00,10.00,28365056,359
99.98,1565614315,0.00,nan,nan,0.00,0.00,0.00,0.00,1,-99.00,-6.00,9.00,9.00,39.00,10.00,28365056,359
100.98,1565614316,0.00,nan,nan,0.00,0.00,0.00,0.00,1,-101.00,-7.00,4.00,7.00,35.00,10.00,28365056,359
101.98,1565614317,0.00,nan,nan,0.00,0.00,0.00,0.00,1,-101.00,-7.00,4.00,7.00,35.00,10.00,28365056,359
102.98,1565614318,0.00,nan,nan,0.00,0.00,0.00,0.00,1,-104.00,-8.00,6.00,11.00,33.00,10.00,28365056,359
103.98,1565614319,0.00,nan,nan,0.00,0.00,0.00,0.00,1,-104.00,-8.00,6.00,11.00,33.00,10.00,28365056,359
104.99,1565614320,0.00,nan,nan,0.00,0.00,0.00,0.00,1,-105.00,-9.00,6.00,11.00,35.00,10.00,28365056,359
105.99,1565614321,0.00,nan,nan,0.00,0.00,0.00,0.00,1,-105.00,-9.00,6.00,11.00,35.00,10.00,28365056,359
106.99,1565614322,0.00,nan,nan,0.00,0.00,0.00,0.00,1,-105.00,-9.00,6.00,11.00,35.00,10.00,28365056,359
107.98,1565614323,0.00,nan,nan,0.00,0.00,0.00,0.00,1,-99.00,-6.00,10.00,9.00,37.00,10.00,28365056,359
108.98,1565614324,0.00,nan,nan,0.00,0.00,0.00,0.00,1,-99.00,-6.00,10.00,9.00,37.00,10.00,28365056,359
109.98,1565614325,0.00,nan,nan,0.00,0.00,0.00,0.00,1,-99.00,-6.00,14.00,12.00,37.00,10.00,28365056,359
110.98,1565614326,0.00,nan,nan,0.00,0.00,0.00,0.00,1,-99.00,-6.00,14.00,12.00,37.00,10.00,28365056,359
111.98,1565614327,0.00,nan,nan,0.00,0.00,0.00,0.00,1,-96.00,-6.00,8.00,13.00,42.00,10.00,28365056,359
112.98,1565614328,0.00,nan,nan,0.00,0.00,0.00,0.00,1,-96.00,-6.00,8.00,13.00,42.00,10.00,28365056,359
113.98,1565614329,0.00,nan,nan,0.00,0.00,0.00,0.00,1,-95.00,-5.00,9.00,13.00,42.00,10.00,28365056,359
114.98,1565614330,0.00,nan,nan,0.00,0.00,0.00,0.00,1,-95.00,-5.00,9.00,13.00,42.00,10.00,28365056,359
115.98,1565614331,0.00,nan,nan,0.00,0.00,0.00,0.00,1,-99.00,-7.00,13.00,10.00,40.00,10.00,28365056,359
116.98,1565614332,0.00,nan,nan,0.00,0.00,0.00,0.00,1,-99.00,-7.00,13.00,10.00,40.00,10.00,28365056,359
117.98,1565614333,0.00,nan,nan,0.00,0.00,0.00,0.00,1,-98.00,-7.00,6.00,12.00,40.00,10.00,28365056,359
118.98,1565614334,0.00,nan,nan,0.00,0.00,0.00,0.00,1,-98.00,-7.00,6.00,12.00,40.00,10.00,28365056,359
119.99,1565614335,0.00,nan,nan,0.00,0.00,0.00,0.00,1,-97.00,-8.00,-2.00,6.00,42.00,11.00,29391105,167
120.98,1565614336,0.00,nan,nan,0.00,0.00,0.00,0.00,1,-97.00,-8.00,-2.00,6.00,42.00,11.00,29391105,167
121.99,1565614337,0.00,nan,nan,0.00,0.00,0.00,0.00,1,-102.00,-9.00,2.00,8.00,38.00,11.00,29391105,167
122.99,1565614338,0.00,nan,nan,0.00,0.00,0.00,0.00,1,-102.00,-9.00,2.00,8.00,38.00,11.00,29391105,167
123.99,1565614339,0.00,nan,nan,0.00,0.00,0.00,0.00,1,-96.00,-8.00,4.00,10.00,39.00,11.00,29391105,167
124.98,1565614340,0.00,nan,nan,0.00,0.00,0.00,0.00,1,-96.00,-8.00,4.00,10.00,39.00,11.00,29391105,167
126.00,1565614341,0.00,nan,nan,0.00,0.00,0.00,0.00,1,-105.00,-12.00,1.00,8.00,37.00,11.00,29391105,167
126.98,1565614342,0.00,nan,nan,0.00,0.00,0.00,0.00,1,-105.00,-12.00,1.00,8.00,37.00,11.00,29391105,167
127.99,1565614343,0.00,nan,nan,0.00,0.00,0.00,0.00,1,-105.00,-12.00,1.00,8.00,37.00,11.00,29391105,167
128.99,1565614344,0.00,nan,nan,0.00,0.00,0.00,0.00,1,-110.00,-12.00,-4.00,4.00,33.00,11.00,29391105,167
129.98,1565614345,0.00,nan,nan,0.00,0.00,0.00,0.00,1,-110.00,-12.00,-4.00,4.00,33.00,11.00,29391105,167
130.99,1565614346,0.00,nan,nan,0.00,0.00,0.00,0.00,1,-99.00,-7.00,5.00,7.00,39.00,8.00,28365056,359
131.99,1565614347,0.00,nan,nan,0.00,0.00,0.00,0.00,1,-99.00,-7.00,5.00,7.00,39.00,8.00,28365056,359
132.99,1565614348,0.00,nan,nan,0.00,0.00,0.00,0.00,1,-100.00,-7.00,8.00,7.00,37.00,8.00,28365056,359
133.98,1565614349,0.00,nan,nan,0.00,0.00,0.00,0.00,1,-100.00,-7.00,8.00,7.00,37.00,8.00,28365056,359
134.99,1565614350,0.00,nan,nan,0.00,0.00,0.00,0.00,1,-98.00,-7.00,12.00,9.00,40.00,8.00,28365056,359
135.98,1565614351,0.00,nan,nan,0.00,0.00,0.00,0.00,1,-98.00,-7.00,12.00,9.00,40.00,8.00,28365056,359
136.98,1565614352,0.00,nan,nan,0.00,0.00,0.00,0.00,1,-101.00,-8.00,4.00,9.00,38.00,8.00,28365056,359
137.99,1565614353,0.00,nan,nan,0.00,0.00,0.00,0.00,1,-101.00,-8.00,4.00,9.00,38.00,8.00,28365056,359
138.99,1565614354,0.00,nan,nan,0.00,0.00,0.00,0.00,1,-106.00,-10.00,3.00,5.00,36.00,8.00,28365056,359
139.99,1565614355,0.00,nan,nan,0.00,0.00,0.00,0.00,1,-106.00,-10.00,3.00,5.00,36.00,8.00,28365056,359
140.99,1565614356,0.00,nan,nan,0.00,0.00,0.00,0.00,1,-105.00,-9.00,2.00,5.00,35.00,8.00,28365056,359
141.98,1565614357,0.00,nan,nan,0.00,0.00,0.00,0.00,1,-105.00,-9.00,2.00,5.00,35.00,8.00,28365056,359
142.98,1565614358,0.00,nan,nan,0.00,0.00,0.00,0.00,1,-107.00,-10.00,4.00,5.00,35.00,8.00,28365056,359
143.99,1565614359,0.00,nan,nan,0.00,0.00,0.00,0.00,1,-107.00,-10.00,4.00,5.00,35.00,8.00,28365056,359
144.99,1565614360,0.00,nan,nan,0.00,0.00,0.00,0.00,1,-108.00,-10.00,5.00,2.00,34.00,8.00,28365056,359
145.99,1565614361,0.00,nan,nan,0.00,0.00,0.00,0.00,1,-108.00,-10.00,5.00,2.00,34.00,8.00,28365056,359
147.00,1565614362,0.00,nan,nan,0.00,0.00,0.00,0.00,1,-107.00,-10.00,0.00,2.00,35.00,8.00,28365056,359
147.99,1565614363,0.00,nan,nan,0.00,0.00,0.00,0.00,1,-107.00,-10.00,0.00,2.00,35.00,8.00,28365056,359
148.99,1565614364,0.00,nan,nan,0.00,0.00,0.00,0.00,1,-107.00,-10.00,0.00,2.00,35.00,8.00,28365056,359
149.99,1565614365,0.00,nan,nan,0.00,0.00,0.00,0.00,1,-108.00,-11.00,4.00,2.00,34.00,8.00,28365056,359
150.99,1565614366,0.00,nan,nan,0.00,0.00,0.00,0.00,1,-108.00,-11.00,4.00,2.00,34.00,8.00,28365056,359
151.99,1565614367,0.00,nan,nan,0.00,0.00,0.00,0.00,1,-108.00,-11.00,5.00,2.00,34.00,8.00,28365056,359
152.99,1565614368,0.00,nan,nan,0.00,0.00,0.00,0.00,1,-108.00,-11.00,5.00,2.00,34.00,8.00,28365056,359
153.99,1565614369,0.00,nan,nan,0.00,0.00,0.00,0.00,1,-105.00,-11.00,9.00,2.00,37.00,8.00,28365056,359
154.99,1565614370,0.00,nan,nan,0.00,0.00,0.00,0.00,1,-105.00,-11.00,9.00,2.00,37.00,8.00,28365056,359
155.99,1565614371,0.00,nan,nan,0.00,0.00,0.00,0.00,1,-100.00,-10.00,12.00,2.00,42.00,8.00,28365056,359
156.99,1565614372,0.00,nan,nan,0.00,0.00,0.00,0.00,1,-100.00,-10.00,12.00,2.00,42.00,8.00,28365056,359
157.99,1565614373,0.00,nan,nan,0.00,0.00,0.00,0.00,1,-92.00,-9.00,9.00,2.00,48.00,8.00,28365056,359
158.99,1565614374,0.00,nan,nan,0.00,0.00,0.00,0.00,1,-92.00,-9.00,9.00,2.00,48.00,8.00,28365056,359
159.99,1565614375,0.00,nan,nan,0.00,0.00,0.00,0.00,1,-90.00,-9.00,6.00,2.00,49.00,8.00,28365056,359
160.99,1565614376,0.00,nan,nan,0.00,0.00,0.00,0.00,1,-90.00,-9.00,6.00,2.00,49.00,8.00,28365056,359
161.99,1565614377,0.00,nan,nan,0.00,0.00,0.00,0.00,1,-89.00,-8.00,12.00,2.00,51.00,8.00,28365057,358
162.99,1565614378,0.00,nan,nan,0.00,0.00,0.00,0.00,1,-89.00,-8.00,12.00,2.00,51.00,8.00,28365057,358
163.98,1565614379,0.00,nan,nan,0.00,0.00,0.00,0.00,1,-88.00,-8.00,7.00,13.00,49.00,6.00,28365057,358
164.98,1565614380,0.00,nan,nan,0.00,0.00,0.00,0.00,1,-88.00,-8.00,7.00,13.00,49.00,6.00,28365057,358
165.99,1565614381,0.00,nan,nan,0.00,0.00,0.00,0.00,1,-88.00,-9.00,8.00,13.00,50.00,6.00,28365057,358
166.99,1565614382,0.00,nan,nan,0.00,0.00,0.00,0.00,1,-88.00,-9.00,8.00,13.00,50.00,6.00,28365057,358
167.99,1565614383,0.00,nan,nan,0.00,0.00,0.00,0.00,1,-89.00,-10.00,5.00,9.00,52.00,6.00,28365057,358
168.99,1565614384,0.00,nan,nan,0.00,0.00,0.00,0.00,1,-89.00,-10.00,5.00,9.00,52.00,6.00,28365057,358
169.99,1565614385,0.00,nan,nan,0.00,0.00,0.00,0.00,1,-89.00,-10.00,5.00,9.00,52.00,6.00,28365057,358
170.99,1565614386,0.00,nan,nan,0.00,0.00,0.00,0.00,1,-90.00,-9.00,5.00,9.00,49.00,6.00,28365057,358
171.99,1565614387,0.00,nan,nan,0.00,0.00,0.00,0.00,1,-90.00,-9.00,5.00,9.00,49.00,6.00,28365057,358
172.99,1565614388,0.00,nan,nan,0.00,0.00,0.00,0.00,1,-89.00,-9.00,-1.00,9.00,51.00,6.00,28365057,358
173.99,1565614389,0.00,nan,nan,0.00,0.00,0.00,0.00,1,-89.00,-9.00,-1.00,9.00,51.00,6.00,28365057,358
174.99,1565614390,0.00,nan,nan,0.00,0.00,0.00,0.00,1,-85.00,-8.00,11.00,15.00,52.00,6.00,28365057,358
175.99,1565614391,0.00,nan,nan,0.00,0.00,0.00,0.00,1,-85.00,-8.00,11.00,15.00,52.00,6.00,28365057,358
176.99,1565614392,0.00,nan,nan,0.00,0.00,0.00,0.00,1,-90.00,-10.00,4.00,15.00,49.00,6.00,28365057,358
177.99,1565614393,0.00,nan,nan,0.00,0.00,0.00,0.00,1,-90.00,-10.00,4.00,15.00,49.00,6.00,28365057,358
178.99,1565614394,0.00,nan,nan,0.00,0.00,0.00,0.00,1,-90.00,-9.00,10.00,11.00,48.00,6.00,28365057,358
179.99,1565614395,0.00,nan,nan,0.00,0.00,0.00,0.00,1,-90.00,-9.00,10.00,11.00,48.00,6.00,28365057,358
180.99,1565614396,0.00,nan,nan,0.00,0.00,0.00,0.00,1,-95.00,-11.00,2.00,11.00,45.00,9.00,28365057,358
181.98,1565614397,0.00,nan,nan,0.00,0.00,0.00,0.00,1,-95.00,-11.00,2.00,11.00,45.00,9.00,28365057,358
182.99,1565614398,0.00,nan,nan,0.00,0.00,0.00,0.00,1,-98.00,-11.00,-2.00,8.00,43.00,9.00,28365057,358
183.99,1565614399,0.00,nan,nan,0.00,0.00,0.00,0.00,1,-98.00,-11.00,-2.00,8.00,43.00,9.00,28365057,358
184.99,1565614400,0.00,nan,nan,0.00,0.00,0.00,0.00,1,-94.00,-7.00,4.00,6.00,44.00,11.00,29563904,96
185.99,1565614401,0.00,nan,nan,0.00,0.00,0.00,0.00,1,-94.00,-7.00,4.00,6.00,44.00,11.00,29563904,96
186.98,1565614402,0.00,nan,nan,0.00,0.00,0.00,0.00,1,-96.00,-8.00,4.00,14.00,43.00,11.00,29563904,96
187.99,1565614403,0.00,nan,nan,0.00,0.00,0.00,0.00,1,-96.00,-8.00,4.00,14.00,43.00,11.00,29563904,96
189.00,1565614404,0.00,nan,nan,0.00,0.00,0.00,0.00,1,-103.00,-9.00,3.00,11.00,37.00,10.00,28365056,359
189.99,1565614405,0.00,nan,nan,0.00,0.00,0.00,0.00,1,-103.00,-9.00,3.00,11.00,37.00,10.00,28365056,359
190.99,1565614406,0.00,nan,nan,0.00,0.00,0.00,0.00,1,-103.00,-9.00,3.00,11.00,37.00,10.00,28365056,359
191.99,1565614407,0.00,nan,nan,0.00,0.00,0.00,0.00,1,-101.00,-8.00,5.00,11.00,38.00,10.00,28365056,359
192.99,1565614408,0.00,nan,nan,0.00,0.00,0.00,0.00,1,-101.00,-8.00,5.00,11.00,38.00,10.00,28365056,359
193.99,1565614409,0.00,nan,nan,0.00,0.00,0.00,0.00,1,-105.00,-10.00,4.00,7.00,36.00,10.00,28365056,359
194.99,1565614410,0.00,nan,nan,0.00,0.00,0.00,0.00,1,-105.00,-10.00,4.00,7.00,36.00,10.00,28365056,359
195.99,1565614411,0.00,nan,nan,0.00,0.00,0.00,0.00,1,-106.00,-13.00,-3.00,7.00,37.00,10.00,28365056,359
196.98,1565614412,0.00,nan,nan,0.00,0.00,0.00,0.00,1,-106.00,-13.00,-3.00,7.00,37.00,10.00,28365056,359
197.99,1565614413,0.00,nan,nan,0.00,0.00,0.00,0.00,1,-101.00,-7.00,6.00,11.00,36.00,16.00,28368386,213
198.99,1565614414,0.00,nan,nan,0.00,0.00,0.00,0.00,1,-101.00,-7.00,6.00,11.00,36.00,16.00,28368386,213
199.98,1565614415,0.00,nan,nan,0.00,0.00,0.00,0.00,1,-102.00,-7.00,1.00,10.00,36.00,16.00,28368386,213
200.99,1565614416,0.00,nan,nan,0.00,0.00,0.00,0.00,1,-102.00,-7.00,1.00,10.00,36.00,16.00,28368386,213
201.98,1565614417,0.00,nan,nan,0.00,0.00,0.00,0.00,1,-98.00,-8.00,21.00,10.00,41.00,16.00,28368386,213
202.99,1565614418,0.00,nan,nan,0.00,0.00,0.00,0.00,1,-98.00,-8.00,21.00,10.00,41.00,16.00,28368386,213
203.99,1565614419,0.00,nan,nan,0.00,0.00,0.00,0.00,1,-103.00,-9.00,8.00,9.00,36.00,16.00,28368386,213
204.99,1565614420,0.00,nan,nan,0.00,0.00,0.00,0.00,1,-103.00,-9.00,8.00,9.00,36.00,16.00,28368386,213
205.99,1565614421,0.00,nan,nan,0.00,0.00,0.00,0.00,1,-102.00,-10.00,-1.00,7.00,40.00,16.00,28368386,213
206.99,1565614422,0.00,nan,nan,0.00,0.00,0.00,0.00,1,-102.00,-10.00,-1.00,7.00,40.00,16.00,28368386,213
207.99,1565614423,0.00,nan,nan,0.00,0.00,0.00,0.00,1,-104.00,-11.00,1.00,7.00,39.00,16.00,28368386,213
208.99,1565614424,0.00,nan,nan,0.00,0.00,0.00,0.00,1,-104.00,-11.00,1.00,7.00,39.00,16.00,28368386,213
209.99,1565614425,0.00,nan,nan,0.00,0.00,0.00,0.00,1,-102.00,-11.00,-1.00,7.00,41.00,16.00,28368386,213
210.98,1565614426,0.00,nan,nan,0.00,0.00,0.00,0.00,1,-102.00,-11.00,-1.00,7.00,41.00,16.00,28368386,213
211.99,1565614427,0.00,nan,nan,0.00,0.00,0.00,0.00,1,-102.00,-11.00,-1.00,7.00,41.00,16.00,28368386,213
212.99,1565614428,0.00,nan,nan,0.00,0.00,0.00,0.00,1,-102.00,-10.00,2.00,2.00,39.00,16.00,28368386,213
213.98,1565614429,0.00,nan,nan,0.00,0.00,0.00,0.00,1,-102.00,-10.00,2.00,2.00,39.00,16.00,28368386,213
214.99,1565614430,0.00,nan,nan,0.00,0.00,0.00,0.00,1,-101.00,-9.00,4.00,2.00,39.00,16.00,28368386,213
215.99,1565614431,0.00,nan,nan,0.00,0.00,0.00,0.00,1,-101.00,-9.00,4.00,2.00,39.00,16.00,28368386,213
216.99,1565614432,0.00,nan,nan,0.00,0.00,0.00,0.00,1,-101.00,-9.00,10.00,2.00,40.00,16.00,28368386,213
217.99,1565614433,0.00,nan,nan,0.00,0.00,0.00,0.00,1,-101.00,-9.00,10.00,2.00,40.00,16.00,28368386,213
218.98,1565614434,0.00,nan,nan,0.00,0.00,0.00,0.00,1,-100.00,-8.00,4.00,2.00,40.00,16.00,28368386,213
219.99,1565614435,0.00,nan,nan,0.00,0.00,0.00,0.00,1,-100.00,-8.00,4.00,2.00,40.00,16.00,28368386,213
220.99,1565614436,0.00,nan,nan,0.00,0.00,0.00,0.00,1,-99.00,-8.00,1.00,2.00,40.00,16.00,28368386,213
221.99,1565614437,0.00,nan,nan,0.00,0.00,0.00,0.00,1,-99.00,-8.00,1.00,2.00,40.00,16.00,28368386,213
222.99,1565614438,0.00,nan,nan,0.00,0.00,0.00,0.00,1,-100.00,-9.00,5.00,2.00,40.00,16.00,28368386,213
223.99,1565614439,0.00,nan,nan,0.00,0.00,0.00,0.00,1,-100.00,-9.00,5.00,2.00,40.00,16.00,28368386,213
224.99,1565614440,0.00,nan,nan,0.00,0.00,0.00,0.00,1,-96.00,-8.00,7.00,2.00,42.00,16.00,28367106,86
225.99,1565614441,0.00,nan,nan,0.00,0.00,0.00,0.00,1,-96.00,-8.00,7.00,2.00,42.00,16.00,28367106,86
226.99,1565614442,0.00,nan,nan,0.00,0.00,0.00,0.00,1,-97.00,-7.00,-1.00,2.00,41.00,16.00,28367106,86
227.99,1565614443,0.00,nan,nan,0.00,0.00,0.00,0.00,1,-97.00,-7.00,-1.00,2.00,41.00,16.00,28367106,86
228.99,1565614444,0.00,nan,nan,0.00,0.00,0.00,0.00,1,-103.00,-10.00,-3.00,2.00,38.00,16.00,28368386,213
229.99,1565614445,0.00,nan,nan,0.00,0.00,0.00,0.00,1,-103.00,-10.00,-3.00,2.00,38.00,16.00,28368386,213
230.99,1565614446,0.00,nan,nan,0.00,0.00,0.00,0.00,1,-104.00,-10.00,1.00,2.00,37.00,16.00,28368386,213
231.99,1565614447,0.00,nan,nan,0.00,0.00,0.00,0.00,1,-104.00,-10.00,1.00,2.00,37.00,16.00,28368386,213
232.99,1565614448,0.00,nan,nan,0.00,0.00,0.00,0.00,1,-104.00,-10.00,1.00,2.00,37.00,16.00,28368386,213
233.99,1565614449,0.00,nan,nan,0.00,0.00,0.00,0.00,1,-102.00,-10.00,3.00,2.00,39.00,16.00,28367106,86
234.99,1565614450,0.00,nan,nan,0.00,0.00,0.00,0.00,1,-102.00,-10.00,3.00,2.00,39.00,16.00,28367106,86
235.98,1565614451,0.00,nan,nan,0.00,0.00,0.00,0.00,1,-97.00,-9.00,5.00,2.00,44.00,16.00,28367106,86
236.99,1565614452,0.00,nan,nan,0.00,0.00,0.00,0.00,1,-97.00,-9.00,5.00,2.00,44.00,16.00,28367106,86
237.99,1565614453,0.00,nan,nan,0.00,0.00,0.00,0.00,1,-94.00,-8.00,12.00,2.00,46.00,16.00,28367106,86
238.99,1565614454,0.00,nan,nan,0.00,0.00,0.00,0.00,1,-94.00,-8.00,12.00,2.00,46.00,16.00,28367106,86
239.99,1565614455,0.00,nan,nan,0.00,0.00,0.00,0.00,1,-92.00,-7.00,6.00,2.00,46.00,16.00,28367106,86
240.99,1565614456,0.00,nan,nan,0.00,0.00,0.00,0.00,1,-92.00,-7.00,6.00,2.00,46.00,16.00,28367106,86
241.99,1565614457,0.00,nan,nan,0.00,0.00,0.00,0.00,1,-91.00,-6.00,2.00,2.00,44.00,16.00,28367106,86
242.99,1565614458,0.00,nan,nan,0.00,0.00,0.00,0.00,1,-91.00,-6.00,2.00,2.00,44.00,16.00,28367106,86
243.98,1565614459,0.00,nan,nan,0.00,0.00,0.00,0.00,1,-91.00,-10.00,3.00,11.00,42.00,6.00,28367106,86
244.98,1565614460,0.00,nan,nan,0.00,0.00,0.00,0.00,1,-91.00,-10.00,3.00,11.00,42.00,6.00,28367106,86
245.98,1565614461,0.00,nan,nan,0.00,0.00,0.00,0.00,1,-95.00,-7.00,7.00,13.00,38.00,6.00,28367106,86
246.98,1565614462,0.00,nan,nan,0.00,0.00,0.00,0.00,1,-95.00,-7.00,7.00,13.00,38.00,6.00,28367106,86
247.98,1565614463,0.00,nan,nan,0.00,0.00,0.00,0.00,1,-94.00,-7.00,5.00,13.00,39.00,6.00,28367106,86
248.99,1565614464,0.00,nan,nan,0.00,0.00,0.00,0.00,1,-94.00,-7.00,5.00,13.00,39.00,6.00,28367106,86
249.98,1565614465,0.00,nan,nan,0.00,0.00,0.00,0.00,1,-93.00,-6.00,5.00,11.00,41.00,6.00,28367106,86
250.99,1565614466,0.00,nan,nan,0.00,0.00,0.00,0.00,1,-93.00,-6.00,5.00,11.00,41.00,6.00,28367106,86
251.99,1565614467,0.00,nan,nan,0.00,0.00,0.00,0.00,1,-92.00,-6.00,6.00,12.00,42.00,6.00,28367106,86
252.98,1565614468,0.00,nan,nan,0.00,0.00,0.00,0.00,1,-92.00,-6.00,6.00,12.00,42.00,6.00,28367106,86
253.99,1565614469,0.00,nan,nan,0.00,0.00,0.00,0.00,1,-92.00,-6.00,6.00,12.00,42.00,6.00,28367106,86
254.98,1565614470,0.00,nan,nan,0.00,0.00,0.00,0.00,1,-92.00,-6.00,6.00,11.00,42.00,6.00,28367106,86
255.99,1565614471,0.00,nan,nan,0.00,0.00,0.00,0.00,1,-92.00,-6.00,6.00,11.00,42.00,6.00,28367106,86
256.99,1565614472,0.00,nan,nan,0.00,0.00,0.00,0.00,1,-91.00,-6.00,5.00,13.00,42.00,6.00,28367106,86
257.99,1565614473,0.00,nan,nan,0.00,0.00,0.00,0.00,1,-91.00,-6.00,5.00,13.00,42.00,6.00,28367106,86
258.98,1565614474,0.00,nan,nan,0.00,0.00,0.00,0.00,1,-92.00,-6.00,7.00,13.00,42.00,6.00,28367106,86
259.98,1565614475,0.00,nan,nan,0.00,0.00,0.00,0.00,1,-92.00,-6.00,7.00,13.00,42.00,6.00,28367106,86
260.98,1565614476,0.00,nan,nan,0.00,0.00,0.00,0.00,1,-92.00,-6.00,3.00,12.00,43.00,6.00,28367106,86
261.98,1565614477,0.00,nan,nan,0.00,0.00,0.00,0.00,1,-92.00,-6.00,3.00,12.00,43.00,6.00,28367106,86
262.98,1565614478,0.00,nan,nan,0.00,0.00,0.00,0.00,1,-91.00,-6.00,7.00,15.00,43.00,6.00,28367106,86
263.98,1565614479,0.00,nan,nan,0.00,0.00,0.00,0.00,1,-91.00,-6.00,7.00,15.00,43.00,6.00,28367106,86
264.99,1565614480,0.00,nan,nan,0.00,0.00,0.00,0.00,1,-92.00,-6.00,10.00,14.00,42.00,6.00,28367106,86
265.98,1565614481,0.00,nan,nan,0.00,0.00,0.00,0.00,1,-92.00,-6.00,10.00,14.00,42.00,6.00,28367106,86
266.99,1565614482,0.00,nan,nan,0.00,0.00,0.00,0.00,1,-94.00,-7.00,7.00,11.00,41.00,6.00,28367106,86
267.99,1565614483,0.00,nan,nan,0.00,0.00,0.00,0.00,1,-94.00,-7.00,7.00,11.00,41.00,6.00,28367106,86
268.99,1565614484,0.00,nan,nan,0.00,0.00,0.00,0.00,1,-88.00,-7.00,8.00,12.00,47.00,6.00,28367106,86
269.99,1565614485,0.00,nan,nan,0.00,0.00,0.00,0.00,1,-88.00,-7.00,8.00,12.00,47.00,6.00,28367106,86
270.98,1565614486,0.00,nan,nan,0.00,0.00,0.00,0.00,1,-96.00,-9.00,0.00,6.00,44.00,12.00,28368386,213
271.98,1565614487,0.00,nan,nan,0.00,0.00,0.00,0.00,1,-96.00,-9.00,0.00,6.00,44.00,12.00,28368386,213
273.00,1565614488,0.00,nan,nan,0.00,0.00,0.00,0.00,1,-100.00,-10.00,2.00,9.00,41.00,12.00,28368386,213
273.99,1565614489,0.00,nan,nan,0.00,0.00,0.00,0.00,1,-100.00,-10.00,2.00,9.00,41.00,12.00,28368386,213
274.99,1565614490,0.00,nan,nan,0.00,0.00,0.00,0.00,1,-100.00,-10.00,2.00,9.00,41.00,12.00,28368386,213
275.99,1565614491,0.00,nan,nan,0.00,0.00,0.00,0.00,1,-96.00,-9.00,-1.00,10.00,45.00,12.00,28368386,213
277.00,1565614492,0.00,nan,nan,0.00,0.00,0.00,0.00,1,-96.00,-9.00,-1.00,10.00,45.00,12.00,28368386,213
277.99,1565614493,0.00,nan,nan,0.00,0.00,0.00,0.00,1,-93.00,-8.00,16.00,9.00,47.00,12.00,28368386,213
278.99,1565614494,0.00,nan,nan,0.00,0.00,0.00,0.00,1,-93.00,-8.00,16.00,9.00,47.00,12.00,28368386,213
279.99,1565614495,0.00,nan,nan,0.00,0.00,0.00,0.00,1,-88.00,-6.00,11.00,12.00,50.00,12.00,28368386,213
280.99,1565614496,0.00,nan,nan,0.00,0.00,0.00,0.00,1,-88.00,-6.00,11.00,12.00,50.00,12.00,28368386,213
281.99,1565614497,0.00,nan,nan,0.00,0.00,0.00,0.00,1,-93.00,-7.00,14.00,12.00,46.00,4.00,28367106,213
282.99,1565614498,0.00,nan,nan,0.00,0.00,0.00,0.00,1,-93.00,-7.00,14.00,12.00,46.00,4.00,28367106,213
283.99,1565614499,0.00,nan,nan,0.00,0.00,0.00,0.00,1,-96.00,-8.00,7.00,9.00,41.00,4.00,28367106,86
284.99,1565614500,0.00,nan,nan,0.00,0.00,0.00,0.00,1,-96.00,-8.00,7.00,9.00,41.00,4.00,28367106,86
285.99,1565614501,0.00,nan,nan,0.00,0.00,0.00,0.00,1,-101.00,-10.00,4.00,5.00,39.00,4.00,28367106,86
286.99,1565614502,0.00,nan,nan,0.00,0.00,0.00,0.00,1,-101.00,-10.00,4.00,5.00,39.00,4.00,28367106,86
287.99,1565614503,0.00,nan,nan,0.00,0.00,0.00,0.00,1,-98.00,-10.00,6.00,10.00,42.00,4.00,28367106,86
288.99,1565614504,0.00,nan,nan,0.00,0.00,0.00,0.00,1,-98.00,-10.00,6.00,10.00,42.00,4.00,28367106,86
289.99,1565614505,0.00,nan,nan,0.00,0.00,0.00,0.00,1,-94.00,-9.00,5.00,12.00,46.00,4.00,28367106,86
290.99,1565614506,0.00,nan,nan,0.00,0.00,0.00,0.00,1,-94.00,-9.00,5.00,12.00,46.00,4.00,28367106,86
291.99,1565614507,0.00,nan,nan,0.00,0.00,0.00,0.00,1,-90.00,-8.00,5.00,7.00,46.00,4.00,28367106,86
292.99,1565614508,0.00,nan,nan,0.00,0.00,0.00,0.00,1,-90.00,-8.00,5.00,7.00,46.00,4.00,28367106,86
293.99,1565614509,0.00,nan,nan,0.00,0.00,0.00,0.00,1,-98.00,-12.00,-1.00,6.00,45.00,4.00,28367106,86
294.99,1565614510,0.00,nan,nan,0.00,0.00,0.00,0.00,1,-98.00,-12.00,-1.00,6.00,45.00,4.00,28367106,86
295.99,1565614511,0.00,nan,nan,0.00,0.00,0.00,0.00,1,-98.00,-12.00,-1.00,6.00,45.00,4.00,28367106,86
296.99,1565614512,0.00,nan,nan,0.00,0.00,0.00,0.00,1,-94.00,-8.00,5.00,12.00,44.00,10.00,28368386,213
297.99,1565614513,0.00,nan,nan,0.00,0.00,0.00,0.00,1,-94.00,-8.00,5.00,12.00,44.00,10.00,28368386,213
298.98,1565614514,0.00,nan,nan,0.00,0.00,0.00,0.00,1,-98.00,-8.00,9.00,12.00,40.00,4.00,28367105,85
299.98,1565614515,0.00,nan,nan,0.00,0.00,0.00,0.00,1,-98.00,-8.00,9.00,12.00,40.00,4.00,28367105,85
300.99,1565614516,0.00,nan,nan,0.00,0.00,0.00,0.00,1,-80.00,-8.00,19.00,12.00,58.00,4.00,28367105,85
301.99,1565614517,0.00,nan,nan,0.00,0.00,0.00,0.00,1,-80.00,-8.00,19.00,12.00,58.00,4.00,28367105,85
302.99,1565614518,0.00,nan,nan,0.00,0.00,0.00,0.00,1,-94.00,-8.00,9.00,15.00,45.00,4.00,28367105,85
304.00,1565614519,0.00,nan,nan,0.00,0.00,0.00,0.00,1,-94.00,-8.00,9.00,15.00,45.00,4.00,28367105,85
304.98,1565614520,0.00,nan,nan,0.00,0.00,0.00,0.00,1,-88.00,-6.00,11.00,6.00,51.00,10.00,28368386,213
305.99,1565614521,0.00,nan,nan,0.00,0.00,0.00,0.00,1,-88.00,-6.00,11.00,6.00,51.00,10.00,28368386,213
307.00,1565614522,0.00,nan,nan,0.00,0.00,0.00,0.00,1,-89.00,-7.00,10.00,6.00,46.00,4.00,28367105,85
307.99,1565614523,0.00,nan,nan,0.00,0.00,0.00,0.00,1,-89.00,-7.00,10.00,6.00,46.00,4.00,28367105,85
308.98,1565614524,0.00,nan,nan,0.00,0.00,0.00,0.00,1,-88.00,-6.00,12.00,11.00,49.00,4.00,28367105,85
309.99,1565614525,0.00,nan,nan,0.00,0.00,0.00,0.00,1,-88.00,-6.00,12.00,11.00,49.00,4.00,28367105,85
310.99,1565614526,0.00,nan,nan,0.00,0.00,0.00,0.00,1,-88.00,-6.00,18.00,9.00,48.00,4.00,28367105,85
311.99,1565614527,0.00,nan,nan,0.00,0.00,0.00,0.00,1,-88.00,-6.00,18.00,9.00,48.00,4.00,28367105,85
312.99,1565614528,0.00,nan,nan,0.00,0.00,0.00,0.00,1,-85.00,-6.00,20.00,4.00,51.00,4.00,28367105,85
313.98,1565614529,0.00,nan,nan,0.00,0.00,0.00,0.00,1,-85.00,-6.00,20.00,4.00,51.00,4.00,28367105,85
314.99,1565614530,0.00,nan,nan,0.00,0.00,0.00,0.00,1,-82.00,-6.00,25.00,15.00,55.00,4.00,28367105,85
315.99,1565614531,0.00,nan,nan,0.00,0.00,0.00,0.00,1,-82.00,-6.00,25.00,15.00,55.00,4.00,28367105,85
316.99,1565614532,0.00,nan,nan,0.00,0.00,0.00,0.00,1,-82.00,-6.00,25.00,15.00,55.00,4.00,28367105,85
317.99,1565614533,0.00,nan,nan,0.00,0.00,0.00,0.00,1,-85.00,-6.00,25.00,11.00,53.00,4.00,28367105,85
318.99,1565614534,0.00,nan,nan,0.00,0.00,0.00,0.00,1,-85.00,-6.00,25.00,11.00,53.00,4.00,28367105,85
319.99,1565614535,0.00,nan,nan,0.00,0.00,0.00,0.00,1,-86.00,-5.00,16.00,13.00,50.00,4.00,28367105,85
320.99,1565614536,0.00,nan,nan,0.00,0.00,0.00,0.00,1,-86.00,-5.00,16.00,13.00,50.00,4.00,28367105,85
321.99,1565614537,0.00,nan,nan,0.00,0.00,0.00,0.00,1,-83.00,-6.00,24.00,2.00,52.00,4.00,28367105,85
322.99,1565614538,0.00,nan,nan,0.00,0.00,0.00,0.00,1,-83.00,-6.00,24.00,2.00,52.00,4.00,28367105,85
323.99,1565614539,0.00,nan,nan,0.00,0.00,0.00,0.00,1,-84.00,-7.00,19.00,2.00,52.00,4.00,28367105,85
324.99,1565614540,0.00,nan,nan,0.00,0.00,0.00,0.00,1,-84.00,-7.00,19.00,2.00,52.00,4.00,28367105,85
325.98,1565614541,0.00,nan,nan,0.00,0.00,0.00,0.00,1,-86.00,-6.00,16.00,2.00,51.00,4.00,28367105,85
326.99,1565614542,0.00,nan,nan,0.00,0.00,0.00,0.00,1,-86.00,-6.00,16.00,2.00,51.00,4.00,28367105,85
327.99,1565614543,0.00,nan,nan,0.00,0.00,0.00,0.00,1,-91.00,-7.00,15.00,2.00,46.00,4.00,28367105,85
328.99,1565614544,0.00,nan,nan,0.00,0.00,0.00,0.00,1,-91.00,-7.00,15.00,2.00,46.00,4.00,28367105,85
329.99,1565614545,0.00,nan,nan,0.00,0.00,0.00,0.00,1,-95.00,-7.00,16.00,2.00,43.00,4.00,28367105,85
330.99,1565614546,0.00,nan,nan,0.00,0.00,0.00,0.00,1,-95.00,-7.00,16.00,2.00,43.00,4.00,28367105,85
331.99,1565614547,0.00,nan,nan,0.00,0.00,0.00,0.00,1,-94.00,-7.00,14.00,2.00,43.00,4.00,28368386,213
332.99,1565614548,0.00,nan,nan,0.00,0.00,0.00,0.00,1,-94.00,-7.00,14.00,2.00,43.00,4.00,28368386,213
333.99,1565614549,0.00,nan,nan,0.00,0.00,0.00,0.00,1,-92.00,-6.00,13.00,2.00,44.00,4.00,28368386,213
334.99,1565614550,0.00,nan,nan,0.00,0.00,0.00,0.00,1,-92.00,-6.00,13.00,2.00,44.00,4.00,28368386,213
335.99,1565614551,0.00,nan,nan,0.00,0.00,0.00,0.00,1,-92.00,-7.00,0.00,2.00,45.00,4.00,28368386,213
336.99,1565614552,0.00,nan,nan,0.00,0.00,0.00,0.00,1,-92.00,-7.00,0.00,2.00,45.00,4.00,28368386,213
337.99,1565614553,0.00,nan,nan,0.00,0.00,0.00,0.00,1,-92.00,-7.00,0.00,2.00,45.00,4.00,28368386,213
338.99,1565614554,0.00,nan,nan,0.00,0.00,0.00,0.00,1,-93.00,-8.00,8.00,2.00,45.00,4.00,28368386,213
339.99,1565614555,0.00,nan,nan,0.00,0.00,0.00,0.00,1,-93.00,-8.00,8.00,2.00,45.00,4.00,28368386,213
340.99,1565614556,0.00,nan,nan,0.00,0.00,0.00,0.00,1,-96.00,-8.00,11.00,2.00,43.00,4.00,28368386,213
341.99,1565614557,0.00,nan,nan,0.00,0.00,0.00,0.00,1,-96.00,-8.00,11.00,2.00,43.00,4.00,28368386,213
342.99,1565614558,0.00,nan,nan,0.00,0.00,0.00,0.00,1,-95.00,-8.00,13.00,2.00,43.00,4.00,28368386,213
343.99,1565614559,0.00,nan,nan,0.00,0.00,0.00,0.00,1,-95.00,-8.00,13.00,2.00,43.00,4.00,28368386,213
344.99,1565614560,0.00,nan,nan,0.00,0.00,0.00,0.00,1,-95.00,-8.00,1.00,2.00,43.00,4.00,28368386,213
345.99,1565614561,0.00,nan,nan,0.00,0.00,0.00,0.00,1,-95.00,-8.00,1.00,2.00,43.00,4.00,28368386,213
346.99,1565614562,0.00,nan,nan,0.00,0.00,0.00,0.00,1,-97.00,-9.00,12.00,2.00,42.00,4.00,28368386,213
347.99,1565614563,0.00,nan,nan,0.00,0.00,0.00,0.00,1,-97.00,-9.00,12.00,2.00,42.00,4.00,28368386,213
348.99,1565614564,0.00,nan,nan,0.00,0.00,0.00,0.00,1,-97.00,-8.00,13.00,2.00,42.00,4.00,28368386,213
349.99,1565614565,0.00,nan,nan,0.00,0.00,0.00,0.00,1,-97.00,-8.00,13.00,2.00,42.00,4.00,28368386,213
350.99,1565614566,0.00,nan,nan,0.00,0.00,0.00,0.00,1,-97.00,-7.00,5.00,2.00,42.00,4.00,28368386,213
351.99,1565614567,0.00,nan,nan,0.00,0.00,0.00,0.00,1,-97.00,-7.00,5.00,2.00,42.00,4.00,28368386,213
352.98,1565614568,0.00,nan,nan,0.00,0.00,0.00,0.00,1,-95.00,-7.00,14.00,2.00,42.00,4.00,28367105,85
353.99,1565614569,0.00,nan,nan,0.00,0.00,0.00,0.00,1,-95.00,-7.00,14.00,2.00,42.00,4.00,28367105,85
354.98,1565614570,0.00,nan,nan,0.00,0.00,0.00,0.00,1,-87.00,-5.00,16.00,12.00,48.00,7.00,28367105,85
355.98,1565614571,0.00,nan,nan,0.00,0.00,0.00,0.00,1,-87.00,-5.00,16.00,12.00,48.00,7.00,28367105,85
356.99,1565614572,0.00,nan,nan,0.00,0.00,0.00,0.00,1,-90.00,-6.00,19.00,12.00,48.00,7.00,28367105,85
357.98,1565614573,0.00,nan,nan,0.00,0.00,0.00,0.00,1,-90.00,-6.00,19.00,12.00,48.00,7.00,28367105,85
358.98,1565614574,0.00,nan,nan,0.00,0.00,0.00,0.00,1,-90.00,-6.00,19.00,12.00,48.00,7.00,28367105,85
359.99,1565614575,0.00,nan,nan,0.00,0.00,0.00,0.00,1,-96.00,-7.00,16.00,14.00,41.00,7.00,28367105,85
360.98,1565614576,0.00,nan,nan,0.00,0.00,0.00,0.00,1,-96.00,-7.00,16.00,14.00,41.00,7.00,28367105,85
361.99,1565614577,0.00,nan,nan,0.00,0.00,0.00,0.00,1,-98.00,-7.00,15.00,11.00,40.00,7.00,28367105,85
362.99,1565614578,0.00,nan,nan,0.00,0.00,0.00,0.00,1,-98.00,-7.00,15.00,11.00,40.00,7.00,28367105,85
363.99,1565614579,0.00,nan,nan,0.00,0.00,0.00,0.00,1,-99.00,-8.00,4.00,9.00,41.00,7.00,28367105,85
364.99,1565614580,0.00,nan,nan,0.00,0.00,0.00,0.00,1,-99.00,-8.00,4.00,9.00,41.00,7.00,28367105,85
365.99,1565614581,0.00,nan,nan,0.00,0.00,0.00,0.00,1,-102.00,-12.00,1.00,8.00,39.00,7.00,28367105,85
366.98,1565614582,0.00,nan,nan,0.00,0.00,0.00,0.00,1,-102.00,-12.00,1.00,8.00,39.00,7.00,28367105,85
367.99,1565614583,0.00,nan,nan,0.00,0.00,0.00,0.00,1,-103.00,-10.00,0.00,4.00,36.00,7.00,28367105,85
368.99,1565614584,0.00,nan,nan,0.00,0.00,0.00,0.00,1,-103.00,-10.00,0.00,4.00,36.00,7.00,28367105,85
369.99,1565614585,0.00,nan,nan,0.00,0.00,0.00,0.00,1,-107.00,-10.00,-2.00,4.00,33.00,7.00,28367105,85
370.99,1565614586,0.00,nan,nan,0.00,0.00,0.00,0.00,1,-107.00,-10.00,-2.00,4.00,33.00,7.00,28367105,85
371.99,1565614587,0.00,nan,nan,0.00,0.00,0.00,0.00,1,-104.00,-10.00,0.00,6.00,37.00,7.00,28367105,85
372.99,1565614588,0.00,nan,nan,0.00,0.00,0.00,0.00,1,-104.00,-10.00,0.00,6.00,37.00,7.00,28367105,85
373.99,1565614589,0.00,nan,nan,0.00,0.00,0.00,0.00,1,-101.00,-12.00,-1.00,9.00,42.00,7.00,28368386,213
374.99,1565614590,0.00,nan,nan,0.00,0.00,0.00,0.00,1,-101.00,-12.00,-1.00,9.00,42.00,7.00,28368386,213
375.99,1565614591,0.00,nan,nan,0.00,0.00,0.00,0.00,1,-101.00,-11.00,-1.00,5.00,42.00,7.00,28368386,213
376.99,1565614592,0.00,nan,nan,0.00,0.00,0.00,0.00,1,-101.00,-11.00,-1.00,5.00,42.00,7.00,28368386,213
377.99,1565614593,0.00,nan,nan,0.00,0.00,0.00,0.00,1,-104.00,-11.00,2.00,2.00,39.00,15.00,29568768,415
378.98,1565614594,0.00,nan,nan,0.00,0.00,0.00,0.00,1,-104.00,-11.00,2.00,2.00,39.00,15.00,29568768,415
379.98,1565614595,0.00,nan,nan,0.00,0.00,0.00,0.00,1,-104.00,-11.00,2.00,2.00,39.00,15.00,29568768,415
380.99,1565614596,0.00,nan,nan,0.00,0.00,0.00,0.00,1,-107.00,-10.00,-1.00,6.00,34.00,7.00,28368384,215
381.99,1565614597,0.00,nan,nan,0.00,0.00,0.00,0.00,1,-107.00,-10.00,-1.00,6.00,34.00,7.00,28368384,215
382.99,1565614598,0.00,nan,nan,0.00,0.00,0.00,0.00,1,-105.00,-11.00,-3.00,7.00,39.00,7.00,28368384,215
383.99,1565614599,0.00,nan,nan,0.00,0.00,0.00,0.00,1,-105.00,-11.00,-3.00,7.00,39.00,7.00,28368384,215
384.99,1565614600,0.00,nan,nan,0.00,0.00,0.00,0.00,1,-105.00,-10.00,18.00,8.00,37.00,7.00,28368384,215
385.99,1565614601,0.00,nan,nan,0.00,0.00,0.00,0.00,1,-105.00,-10.00,18.00,8.00,37.00,7.00,28368384,215
386.99,1565614602,0.00,nan,nan,0.00,0.00,0.00,0.00,1,-103.00,-9.00,1.00,9.00,39.00,7.00,28368384,215
387.99,1565614603,0.00,nan,nan,0.00,0.00,0.00,0.00,1,-103.00,-9.00,1.00,9.00,39.00,7.00,28368384,215
388.98,1565614604,0.00,nan,nan,0.00,0.00,0.00,0.00,1,-102.00,-10.00,6.00,10.00,41.00,7.00,28368384,215
389.99,1565614605,0.00,nan,nan,0.00,0.00,0.00,0.00,1,-102.00,-10.00,6.00,10.00,41.00,7.00,28368384,215
390.99,1565614606,0.00,nan,nan,0.00,0.00,0.00,0.00,1,-92.00,-9.00,13.00,14.00,48.00,7.00,28368384,215
391.99,1565614607,0.00,nan,nan,0.00,0.00,0.00,0.00,1,-92.00,-9.00,13.00,14.00,48.00,7.00,28368384,215
392.99,1565614608,0.00,nan,nan,0.00,0.00,0.00,0.00,1,-96.00,-9.00,5.00,11.00,44.00,7.00,28368384,215
393.99,1565614609,0.00,nan,nan,0.00,0.00,0.00,0.00,1,-96.00,-9.00,5.00,11.00,44.00,7.00,28368384,215
394.99,1565614610,0.00,nan,nan,0.00,0.00,0.00,0.00,1,-102.00,-12.00,3.00,2.00,42.00,7.00,28368384,215
395.98,1565614611,0.00,nan,nan,0.00,0.00,0.00,0.00,1,-102.00,-12.00,3.00,2.00,42.00,7.00,28368384,215
396.99,1565614612,0.00,nan,nan,0.00,0.00,0.00,0.00,1,-98.00,-10.00,-3.00,2.00,45.00,7.00,29568768,415
397.99,1565614613,0.00,nan,nan,0.00,0.00,0.00,0.00,1,-98.00,-10.00,-3.00,2.00,45.00,7.00,29568768,415
398.99,1565614614,0.00,nan,nan,0.00,0.00,0.00,0.00,1,-98.00,-10.00,3.00,2.00,45.00,7.00,29568768,415
399.99,1565614615,0.00,nan,nan,0.00,0.00,0.00,0.00,1,-98.00,-10.00,3.00,2.00,45.00,7.00,29568768,415
400.99,1565614616,0.00,nan,nan,0.00,0.00,0.00,0.00,1,-98.00,-10.00,3.00,2.00,45.00,7.00,29568768,415
401.99,1565614617,0.00,nan,nan,0.00,0.00,0.00,0.00,1,-94.00,-10.00,2.00,2.00,49.00,7.00,29568768,415
402.99,1565614618,0.00,nan,nan,0.00,0.00,0.00,0.00,1,-94.00,-10.00,2.00,2.00,49.00,7.00,29568768,415
403.99,1565614619,0.00,nan,nan,0.00,0.00,0.00,0.00,1,-92.00,-10.00,4.00,2.00,50.00,7.00,29568768,415
404.99,1565614620,0.00,nan,nan,0.00,0.00,0.00,0.00,1,-92.00,-10.00,4.00,2.00,50.00,7.00,29568768,415
405.99,1565614621,0.00,nan,nan,0.00,0.00,0.00,0.00,1,-93.00,-10.00,5.00,2.00,49.00,7.00,29568768,415
406.99,1565614622,0.00,nan,nan,0.00,0.00,0.00,0.00,1,-93.00,-10.00,5.00,2.00,49.00,7.00,29568768,415
407.99,1565614623,0.00,nan,nan,0.00,0.00,0.00,0.00,1,-96.00,-10.00,7.00,2.00,45.00,7.00,29568768,415
408.99,1565614624,0.00,nan,nan,0.00,0.00,0.00,0.00,1,-96.00,-10.00,7.00,2.00,45.00,7.00,29568768,415
409.99,1565614625,0.00,nan,nan,0.00,0.00,0.00,0.00,1,-96.00,-8.00,8.00,2.00,43.00,7.00,29568768,415
410.99,1565614626,0.00,nan,nan,0.00,0.00,0.00,0.00,1,-96.00,-8.00,8.00,2.00,43.00,7.00,29568768,415
411.99,1565614627,0.00,nan,nan,0.00,0.00,0.00,0.00,1,-96.00,-8.00,14.00,2.00,43.00,7.00,29568768,415
412.99,1565614628,0.00,nan,nan,0.00,0.00,0.00,0.00,1,-96.00,-8.00,14.00,2.00,43.00,7.00,29568768,415
413.99,1565614629,0.00,nan,nan,0.00,0.00,0.00,0.00,1,-96.00,-8.00,7.00,2.00,43.00,7.00,29568768,415
414.99,1565614630,0.00,nan,nan,0.00,0.00,0.00,0.00,1,-96.00,-8.00,7.00,2.00,43.00,7.00,29568768,415
415.99,1565614631,0.00,nan,nan,0.00,0.00,0.00,0.00,1,-97.00,-9.00,5.00,2.00,44.00,7.00,29568768,415
416.99,1565614632,0.00,nan,nan,0.00,0.00,0.00,0.00,1,-97.00,-9.00,5.00,2.00,44.00,7.00,29568768,415
417.99,1565614633,0.00,nan,nan,0.00,0.00,0.00,0.00,1,-96.00,-9.00,7.00,2.00,44.00,7.00,29568768,415
418.99,1565614634,0.00,nan,nan,0.00,0.00,0.00,0.00,1,-96.00,-9.00,7.00,2.00,44.00,7.00,29568768,415
419.99,1565614635,0.00,nan,nan,0.00,0.00,0.00,0.00,1,-95.00,-8.00,10.00,2.00,45.00,7.00,29568768,415
420.99,1565614636,0.00,nan,nan,0.00,0.00,0.00,0.00,1,-95.00,-8.00,10.00,2.00,45.00,7.00,29568768,415
421.99,1565614637,0.00,nan,nan,0.00,0.00,0.00,0.00,1,-95.00,-8.00,10.00,2.00,45.00,7.00,29568768,415
422.99,1565614638,0.00,nan,nan,0.00,0.00,0.00,0.00,1,-92.00,-8.00,7.00,2.00,48.00,7.00,29568768,415
423.99,1565614639,0.00,nan,nan,0.00,0.00,0.00,0.00,1,-92.00,-8.00,7.00,2.00,48.00,7.00,29568768,415
424.99,1565614640,0.00,nan,nan,0.00,0.00,0.00,0.00,1,-92.00,-9.00,5.00,2.00,50.00,7.00,29568768,415
425.99,1565614641,0.00,nan,nan,0.00,0.00,0.00,0.00,1,-92.00,-9.00,5.00,2.00,50.00,7.00,29568768,415
426.99,1565614642,0.00,nan,nan,0.00,0.00,0.00,0.00,1,-94.00,-10.00,7.00,2.00,47.00,7.00,29568768,415
427.99,1565614643,0.00,nan,nan,0.00,0.00,0.00,0.00,1,-94.00,-10.00,7.00,2.00,47.00,7.00,29568768,415
428.99,1565614644,0.00,nan,nan,0.00,0.00,0.00,0.00,1,-95.00,-10.00,9.00,2.00,46.00,7.00,29568768,415
429.99,1565614645,0.00,nan,nan,0.00,0.00,0.00,0.00,1,-95.00,-10.00,9.00,2.00,46.00,7.00,29568768,415
430.98,1565614646,0.00,nan,nan,0.00,0.00,0.00,0.00,1,-92.00,-8.00,6.00,2.00,45.00,7.00,28368384,215
431.99,1565614647,0.00,nan,nan,0.00,0.00,0.00,0.00,1,-92.00,-8.00,6.00,2.00,45.00,7.00,28368384,215
432.98,1565614648,0.00,nan,nan,0.00,0.00,0.00,0.00,1,-94.00,-8.00,10.00,2.00,43.00,7.00,28368384,215
433.99,1565614649,0.00,nan,nan,0.00,0.00,0.00,0.00,1,-94.00,-8.00,10.00,2.00,43.00,7.00,28368384,215
434.99,1565614650,0.00,nan,nan,0.00,0.00,0.00,0.00,1,-96.00,-9.00,5.00,2.00,42.00,7.00,28368384,215
435.99,1565614651,0.00,nan,nan,0.00,0.00,0.00,0.00,1,-96.00,-9.00,5.00,2.00,42.00,7.00,28368384,215
436.99,1565614652,0.00,nan,nan,0.00,0.00,0.00,0.00,1,-99.00,-9.00,7.00,2.00,41.00,7.00,28368384,215
437.99,1565614653,0.00,nan,nan,0.00,0.00,0.00,0.00,1,-99.00,-9.00,7.00,2.00,41.00,7.00,28368384,215
438.99,1565614654,0.00,nan,nan,0.00,0.00,0.00,0.00,1,-100.00,-9.00,0.00,2.00,40.00,7.00,28368384,215
439.99,1565614655,0.00,nan,nan,0.00,0.00,0.00,0.00,1,-100.00,-9.00,0.00,2.00,40.00,7.00,28368384,215
440.99,1565614656,0.00,nan,nan,0.00,0.00,0.00,0.00,1,-101.00,-11.00,8.00,2.00,41.00,7.00,28368384,215
441.99,1565614657,0.00,nan,nan,0.00,0.00,0.00,0.00,1,-101.00,-11.00,8.00,2.00,41.00,7.00,28368384,215
442.99,1565614658,0.00,nan,nan,0.00,0.00,0.00,0.00,1,-101.00,-11.00,8.00,2.00,41.00,7.00,28368384,215
443.99,1565614659,0.00,nan,nan,0.00,0.00,0.00,0.00,1,-100.00,-11.00,-2.00,2.00,42.00,7.00,28368384,215
444.99,1565614660,0.00,nan,nan,0.00,0.00,0.00,0.00,1,-100.00,-11.00,-2.00,2.00,42.00,7.00,28368384,215
445.99,1565614661,0.00,nan,nan,0.00,0.00,0.00,0.00,1,-101.00,-11.00,5.00,2.00,41.00,7.00,28368384,215
446.99,1565614662,0.00,nan,nan,0.00,0.00,0.00,0.00,1,-101.00,-11.00,5.00,2.00,41.00,7.00,28368384,215
447.99,1565614663,0.00,nan,nan,0.00,0.00,0.00,0.00,1,-100.00,-9.00,7.00,2.00,40.00,7.00,28368384,215
448.99,1565614664,0.00,nan,nan,0.00,0.00,0.00,0.00,1,-100.00,-9.00,7.00,2.00,40.00,7.00,28368384,215
449.99,1565614665,0.00,nan,nan,0.00,0.00,0.00,0.00,1,-98.00,-9.00,7.00,2.00,42.00,7.00,28368384,215
450.99,1565614666,0.00,nan,nan,0.00,0.00,0.00,0.00,1,-98.00,-9.00,7.00,2.00,42.00,7.00,28368384,215
451.99,1565614667,0.00,nan,nan,0.00,0.00,0.00,0.00,1,-94.00,-9.00,2.00,2.00,47.00,7.00,28368384,215
452.99,1565614668,0.00,nan,nan,0.00,0.00,0.00,0.00,1,-94.00,-9.00,2.00,2.00,47.00,7.00,28368384,215
453.99,1565614669,0.00,nan,nan,0.00,0.00,0.00,0.00,1,-92.00,-11.00,7.00,2.00,51.00,7.00,29568768,415
454.99,1565614670,0.00,nan,nan,0.00,0.00,0.00,0.00,1,-92.00,-11.00,7.00,2.00,51.00,7.00,29568768,415
455.98,1565614671,0.00,nan,nan,0.00,0.00,0.00,0.00,1,-88.00,-9.00,18.00,2.00,52.00,7.00,29568768,415
456.99,1565614672,0.00,nan,nan,0.00,0.00,0.00,0.00,1,-88.00,-9.00,18.00,2.00,52.00,7.00,29568768,415
457.99,1565614673,0.00,nan,nan,0.00,0.00,0.00,0.00,1,-87.00,-6.00,16.00,9.00,51.00,6.00,29568768,415
458.98,1565614674,0.00,nan,nan,0.00,0.00,0.00,0.00,1,-87.00,-6.00,16.00,9.00,51.00,6.00,29568768,415
459.99,1565614675,0.00,nan,nan,0.00,0.00,0.00,0.00,1,-91.00,-7.00,10.00,13.00,48.00,6.00,29568768,415
460.99,1565614676,0.00,nan,nan,0.00,0.00,0.00,0.00,1,-91.00,-7.00,10.00,13.00,48.00,6.00,29568768,415
461.99,1565614677,0.00,nan,nan,0.00,0.00,0.00,0.00,1,-89.00,-6.00,20.00,15.00,49.00,6.00,29568768,415
462.99,1565614678,0.00,nan,nan,0.00,0.00,0.00,0.00,1,-89.00,-6.00,20.00,15.00,49.00,6.00,29568768,415
463.99,1565614679,0.00,nan,nan,0.00,0.00,0.00,0.00,1,-89.00,-6.00,20.00,15.00,49.00,6.00,29568768,415
464.99,1565614680,0.00,nan,nan,0.00,0.00,0.00,0.00,1,-91.00,-6.00,14.00,10.00,47.00,6.00,29568768,415
465.99,1565614681,0.00,nan,nan,0.00,0.00,0.00,0.00,1,-91.00,-6.00,14.00,10.00,47.00,6.00,29568768,415
466.99,1565614682,0.00,nan,nan,0.00,0.00,0.00,0.00,1,-89.00,-6.00,16.00,11.00,49.00,6.00,29568768,415
467.99,1565614683,0.00,nan,nan,0.00,0.00,0.00,0.00,1,-89.00,-6.00,16.00,11.00,49.00,6.00,29568768,415
468.99,1565614684,0.00,nan,nan,0.00,0.00,0.00,0.00,1,-80.00,-6.00,22.00,13.00,60.00,6.00,29568768,415
469.98,1565614685,0.00,nan,nan,0.00,0.00,0.00,0.00,1,-80.00,-6.00,22.00,13.00,60.00,6.00,29568768,415
470.99,1565614686,0.00,nan,nan,0.00,0.00,0.00,0.00,1,-83.00,-5.00,21.00,15.00,54.00,6.00,29568768,415
471.98,1565614687,0.00,nan,nan,0.00,0.00,0.00,0.00,1,-83.00,-5.00,21.00,15.00,54.00,6.00,29568768,415
472.99,1565614688,0.00,nan,nan,0.00,0.00,0.00,0.00,1,-83.00,-5.00,22.00,9.00,53.00,6.00,29568768,415
473.99,1565614689,0.00,nan,nan,0.00,0.00,0.00,0.00,1,-83.00,-5.00,22.00,9.00,53.00,6.00,29568768,415
474.98,1565614690,0.00,nan,nan,0.00,0.00,0.00,0.00,1,-88.00,-8.00,18.00,10.00,50.00,6.00,29568768,415
475.99,1565614691,0.00,nan,nan,0.00,0.00,0.00,0.00,1,-88.00,-8.00,18.00,10.00,50.00,6.00,29568768,415
476.99,1565614692,0.00,nan,nan,0.00,0.00,0.00,0.00,1,-81.00,-5.00,27.00,15.00,56.00,6.00,29568768,415
477.99,1565614693,0.00,nan,nan,0.00,0.00,0.00,0.00,1,-81.00,-5.00,27.00,15.00,56.00,6.00,29568768,415
478.99,1565614694,0.00,nan,nan,0.00,0.00,0.00,0.00,1,-85.00,-5.00,21.00,12.00,51.00,6.00,29568768,415
479.99,1565614695,0.00,nan,nan,0.00,0.00,0.00,0.00,1,-85.00,-5.00,21.00,12.00,51.00,6.00,29568768,415
480.99,1565614696,0.00,nan,nan,0.00,0.00,0.00,0.00,1,-76.00,-5.00,25.00,11.00,62.00,6.00,29568768,415
481.99,1565614697,0.00,nan,nan,0.00,0.00,0.00,0.00,1,-76.00,-5.00,25.00,11.00,62.00,6.00,29568768,415
482.99,1565614698,0.00,nan,nan,0.00,0.00,0.00,0.00,1,-85.00,-5.00,10.00,15.00,51.00,6.00,29568768,415
483.99,1565614699,0.00,nan,nan,0.00,0.00,0.00,0.00,1,-85.00,-5.00,10.00,15.00,51.00,6.00,29568768,415
484.98,1565614700,0.00,nan,nan,0.00,0.00,0.00,0.00,1,-85.00,-5.00,10.00,15.00,51.00,6.00,29568768,415
485.99,1565614701,0.00,nan,nan,0.00,0.00,0.00,0.00,1,-87.00,-5.00,19.00,15.00,50.00,6.00,29568768,415
486.99,1565614702,0.00,nan,nan,0.00,0.00,0.00,0.00,1,-87.00,-5.00,19.00,15.00,50.00,6.00,29568768,415
487.99,1565614703,0.00,nan,nan,0.00,0.00,0.00,0.00,1,-83.00,-5.00,21.00,15.00,53.00,6.00,29568768,415
488.99,1565614704,0.00,nan,nan,0.00,0.00,0.00,0.00,1,-83.00,-5.00,21.00,15.00,53.00,6.00,29568768,415
489.99,1565614705,0.00,nan,nan,0.00,0.00,0.00,0.00,1,-81.00,-5.00,11.00,11.00,55.00,6.00,29568768,415
490.98,1565614706,0.00,nan,nan,0.00,0.00,0.00,0.00,1,-81.00,-5.00,11.00,11.00,55.00,6.00,29568768,415
491.99,1565614707,0.00,nan,nan,0.00,0.00,0.00,0.00,1,-81.00,-5.00,23.00,14.00,56.00,6.00,29568768,415
492.99,1565614708,0.00,nan,nan,0.00,0.00,0.00,0.00,1,-81.00,-5.00,23.00,14.00,56.00,6.00,29568768,415
493.98,1565614709,0.00,nan,nan,0.00,0.00,0.00,0.00,1,-83.00,-5.00,13.00,15.00,53.00,6.00,29568768,415
494.98,1565614710,0.00,nan,nan,0.00,0.00,0.00,0.00,1,-83.00,-5.00,13.00,15.00,53.00,6.00,29568768,415
495.99,1565614711,0.00,nan,nan,0.00,0.00,0.00,0.00,1,-90.00,-7.00,15.00,10.00,48.00,6.00,29568768,415
496.98,1565614712,0.00,nan,nan,0.00,0.00,0.00,0.00,1,-90.00,-7.00,15.00,10.00,48.00,6.00,29568768,415
497.99,1565614713,0.00,nan,nan,0.00,0.00,0.00,0.00,1,-88.00,-6.00,10.00,11.00,49.00,6.00,29568768,415
498.99,1565614714,0.00,nan,nan,0.00,0.00,0.00,0.00,1,-88.00,-6.00,10.00,11.00,49.00,6.00,29568768,415
499.99,1565614715,0.00,nan,nan,0.00,0.00,0.00,0.00,1,-85.00,-6.00,17.00,10.00,53.00,6.00,29568768,415
500.98,1565614716,0.00,nan,nan,0.00,0.00,0.00,0.00,1,-85.00,-6.00,17.00,10.00,53.00,6.00,29568768,415
501.99,1565614717,0.00,nan,nan,0.00,0.00,0.00,0.00,1,-87.00,-5.00,15.00,2.00,49.00,6.00,29568768,415
502.99,1565614718,0.00,nan,nan,0.00,0.00,0.00,0.00,1,-87.00,-5.00,15.00,2.00,49.00,6.00,29568768,415
503.99,1565614719,0.00,nan,nan,0.00,0.00,0.00,0.00,1,-90.00,-6.00,11.00,2.00,47.00,6.00,29568768,415
504.98,1565614720,0.00,nan,nan,0.00,0.00,0.00,0.00,1,-90.00,-6.00,11.00,2.00,47.00,6.00,29568768,415
505.99,1565614721,0.00,nan,nan,0.00,0.00,0.00,0.00,1,-90.00,-6.00,11.00,2.00,47.00,6.00,29568768,415
506.99,1565614722,0.00,nan,nan,0.00,0.00,0.00,0.00,1,-90.00,-6.00,13.00,2.00,47.00,6.00,29568768,415
507.99,1565614723,0.00,nan,nan,0.00,0.00,0.00,0.00,1,-90.00,-6.00,13.00,2.00,47.00,6.00,29568768,415
508.99,1565614724,0.00,nan,nan,0.00,0.00,0.00,0.00,1,-91.00,-7.00,16.00,2.00,45.00,6.00,29568768,415
509.99,1565614725,0.00,nan,nan,0.00,0.00,0.00,0.00,1,-91.00,-7.00,16.00,2.00,45.00,6.00,29568768,415
510.99,1565614726,0.00,nan,nan,0.00,0.00,0.00,0.00,1,-92.00,-7.00,12.00,2.00,45.00,6.00,29568768,415
511.99,1565614727,0.00,nan,nan,0.00,0.00,0.00,0.00,1,-92.00,-7.00,12.00,2.00,45.00,6.00,29568768,415
512.99,1565614728,0.00,nan,nan,0.00,0.00,0.00,0.00,1,-92.00,-8.00,10.00,2.00,46.00,6.00,29568768,415
513.99,1565614729,0.00,nan,nan,0.00,0.00,0.00,0.00,1,-92.00,-8.00,10.00,2.00,46.00,6.00,29568768,415
514.99,1565614730,0.00,nan,nan,0.00,0.00,0.00,0.00,1,-94.00,-8.00,10.00,2.00,45.00,6.00,29568768,415
515.99,1565614731,0.00,nan,nan,0.00,0.00,0.00,0.00,1,-94.00,-8.00,10.00,2.00,45.00,6.00,29568768,415
516.99,1565614732,0.00,nan,nan,0.00,0.00,0.00,0.00,1,-94.00,-8.00,10.00,2.00,46.00,6.00,29568768,415
517.99,1565614733,0.00,nan,nan,0.00,0.00,0.00,0.00,1,-94.00,-8.00,10.00,2.00,46.00,6.00,29568768,415
518.99,1565614734,0.00,nan,nan,0.00,0.00,0.00,0.00,1,-96.00,-9.00,10.00,2.00,44.00,6.00,29568768,415
519.99,1565614735,0.00,nan,nan,0.00,0.00,0.00,0.00,1,-96.00,-9.00,10.00,2.00,44.00,6.00,29568768,415
520.99,1565614736,0.00,nan,nan,0.00,0.00,0.00,0.00,1,-97.00,-9.00,8.00,2.00,43.00,6.00,29568768,415
521.99,1565614737,0.00,nan,nan,0.00,0.00,0.00,0.00,1,-97.00,-9.00,8.00,2.00,43.00,6.00,29568768,415
522.99,1565614738,0.00,nan,nan,0.00,0.00,0.00,0.00,1,-97.00,-9.00,7.00,2.00,43.00,6.00,29568768,415
523.99,1565614739,0.00,nan,nan,0.00,0.00,0.00,0.00,1,-97.00,-9.00,7.00,2.00,43.00,6.00,29568768,415
524.99,1565614740,0.00,nan,nan,0.00,0.00,0.00,0.00,1,-98.00,-9.00,10.00,2.00,42.00,6.00,29568768,415
525.99,1565614741,0.00,nan,nan,0.00,0.00,0.00,0.00,1,-98.00,-9.00,10.00,2.00,42.00,6.00,29568768,415
526.99,1565614742,0.00,nan,nan,0.00,0.00,0.00,0.00,1,-98.00,-9.00,10.00,2.00,42.00,6.00,29568768,415
527.99,1565614743,0.00,nan,nan,0.00,0.00,0.00,0.00,1,-97.00,-9.00,10.00,2.00,42.00,6.00,29568768,415
528.99,1565614744,0.00,nan,nan,0.00,0.00,0.00,0.00,1,-97.00,-9.00,10.00,2.00,42.00,6.00,29568768,415
529.99,1565614745,0.00,nan,nan,0.00,0.00,0.00,0.00,1,-97.00,-9.00,11.00,2.00,43.00,6.00,29568768,415
530.99,1565614746,0.00,nan,nan,0.00,0.00,0.00,0.00,1,-97.00,-9.00,11.00,2.00,43.00,6.00,29568768,415
531.99,1565614747,0.00,nan,nan,0.00,0.00,0.00,0.00,1,-97.00,-9.00,10.00,2.00,43.00,6.00,29568768,415
532.99,1565614748,0.00,nan,nan,0.00,0.00,0.00,0.00,1,-97.00,-9.00,10.00,2.00,43.00,6.00,29568768,415
533.99,1565614749,0.00,nan,nan,0.00,0.00,0.00,0.00,1,-96.00,-9.00,10.00,2.00,42.00,6.00,29568768,415
534.99,1565614750,0.00,nan,nan,0.00,0.00,0.00,0.00,1,-96.00,-9.00,10.00,2.00,42.00,6.00,29568768,415
535.99,1565614751,0.00,nan,nan,0.00,0.00,0.00,0.00,1,-97.00,-9.00,10.00,2.00,43.00,6.00,29568768,415
536.99,1565614752,0.00,nan,nan,0.00,0.00,0.00,0.00,1,-97.00,-9.00,10.00,2.00,43.00,6.00,29568768,415
537.99,1565614753,0.00,nan,nan,0.00,0.00,0.00,0.00,1,-97.00,-9.00,11.00,2.00,43.00,6.00,29568768,415
538.99,1565614754,0.00,nan,nan,0.00,0.00,0.00,0.00,1,-97.00,-9.00,11.00,2.00,43.00,6.00,29568768,415
539.99,1565614755,0.00,nan,nan,0.00,0.00,0.00,0.00,1,-96.00,-9.00,10.00,2.00,44.00,6.00,29568768,415
540.99,1565614756,0.00,nan,nan,0.00,0.00,0.00,0.00,1,-96.00,-9.00,10.00,2.00,44.00,6.00,29568768,415
541.99,1565614757,0.00,nan,nan,0.00,0.00,0.00,0.00,1,-95.00,-9.00,9.00,2.00,45.00,6.00,29568768,415
542.99,1565614758,0.00,nan,nan,0.00,0.00,0.00,0.00,1,-95.00,-9.00,9.00,2.00,45.00,6.00,29568768,415
543.99,1565614759,0.00,nan,nan,0.00,0.00,0.00,0.00,1,-95.00,-8.00,12.00,2.00,45.00,6.00,29568768,415
544.99,1565614760,0.00,nan,nan,0.00,0.00,0.00,0.00,1,-95.00,-8.00,12.00,2.00,45.00,6.00,29568768,415
545.99,1565614761,0.00,nan,nan,0.00,0.00,0.00,0.00,1,-92.00,-9.00,7.00,10.00,49.00,5.00,29568768,415
546.99,1565614762,0.00,nan,nan,0.00,0.00,0.00,0.00,1,-92.00,-9.00,7.00,10.00,49.00,5.00,29568768,415
547.99,1565614763,0.00,nan,nan,0.00,0.00,0.00,0.00,1,-92.00,-9.00,7.00,10.00,49.00,5.00,29568768,415
548.98,1565614764,0.00,nan,nan,0.00,0.00,0.00,0.00,1,-95.00,-9.00,9.00,8.00,45.00,5.00,29568768,415
549.99,1565614765,0.00,nan,nan,0.00,0.00,0.00,0.00,1,-95.00,-9.00,9.00,8.00,45.00,5.00,29568768,415
550.99,1565614766,0.00,nan,nan,0.00,0.00,0.00,0.00,1,-96.00,-10.00,12.00,8.00,44.00,5.00,29568768,415
551.99,1565614767,0.00,nan,nan,0.00,0.00,0.00,0.00,1,-96.00,-10.00,12.00,8.00,44.00,5.00,29568768,415
552.99,1565614768,0.00,nan,nan,0.00,0.00,0.00,0.00,1,-98.00,-11.00,2.00,9.00,43.00,5.00,29568768,415
553.98,1565614769,0.00,nan,nan,0.00,0.00,0.00,0.00,1,-98.00,-11.00,2.00,9.00,43.00,5.00,29568768,415
554.99,1565614770,0.00,nan,nan,0.00,0.00,0.00,0.00,1,-99.00,-12.00,-3.00,6.00,43.00,5.00,29568768,415
555.99,1565614771,0.00,nan,nan,0.00,0.00,0.00,0.00,1,-99.00,-12.00,-3.00,6.00,43.00,5.00,29568768,415
556.99,1565614772,0.00,nan,nan,0.00,0.00,0.00,0.00,1,-103.00,-14.00,-2.00,7.00,42.00,5.00,29568768,415
557.99,1565614773,0.00,nan,nan,0.00,0.00,0.00,0.00,1,-103.00,-14.00,-2.00,7.00,42.00,5.00,29568768,415
558.99,1565614774,0.00,nan,nan,0.00,0.00,0.00,0.00,1,-102.00,-13.00,-1.00,7.00,43.00,5.00,29568768,415
559.99,1565614775,0.00,nan,nan,0.00,0.00,0.00,0.00,1,-102.00,-13.00,-1.00,7.00,43.00,5.00,29568768,415
560.99,1565614776,0.00,nan,nan,0.00,0.00,0.00,0.00,1,-103.00,-13.00,0.00,7.00,42.00,5.00,29568768,415
561.99,1565614777,0.00,nan,nan,0.00,0.00,0.00,0.00,1,-103.00,-13.00,0.00,7.00,42.00,5.00,29568768,415
562.99,1565614778,0.00,nan,nan,0.00,0.00,0.00,0.00,1,-95.00,-8.00,0.00,6.00,45.00,6.00,29568769,416
563.99,1565614779,0.00,nan,nan,0.00,0.00,0.00,0.00,1,-95.00,-8.00,0.00,6.00,45.00,6.00,29568769,416
564.99,1565614780,0.00,nan,nan,0.00,0.00,0.00,0.00,1,-100.00,-11.00,-3.00,6.00,43.00,6.00,29568769,416
565.99,1565614781,0.00,nan,nan,0.00,0.00,0.00,0.00,1,-100.00,-11.00,-3.00,6.00,43.00,6.00,29568769,416
567.00,1565614782,0.00,nan,nan,0.00,0.00,0.00,0.00,1,-101.00,-12.00,-1.00,7.00,41.00,6.00,29568769,416
567.99,1565614783,0.00,nan,nan,0.00,0.00,0.00,0.00,1,-101.00,-12.00,-1.00,7.00,41.00,6.00,29568769,416
568.99,1565614784,0.00,nan,nan,0.00,0.00,0.00,0.00,1,-101.00,-12.00,-1.00,7.00,41.00,6.00,29568769,416
569.99,1565614785,0.00,nan,nan,0.00,0.00,0.00,0.00,1,-101.00,-9.00,-3.00,6.00,40.00,13.00,26378498,495
570.98,1565614786,0.00,nan,nan,0.00,0.00,0.00,0.00,1,-101.00,-9.00,-3.00,6.00,40.00,13.00,26378498,495
571.99,1565614787,0.00,nan,nan,0.00,0.00,0.00,0.00,1,-102.00,-10.00,2.00,8.00,40.00,13.00,26378498,495
572.99,1565614788,0.00,nan,nan,0.00,0.00,0.00,0.00,1,-102.00,-10.00,2.00,8.00,40.00,13.00,26378498,495
573.98,1565614789,0.00,nan,nan,0.00,0.00,0.00,0.00,1,-99.00,-9.00,4.00,8.00,42.00,13.00,26378498,495
574.98,1565614790,0.00,nan,nan,0.00,0.00,0.00,0.00,1,-99.00,-9.00,4.00,8.00,42.00,13.00,26378498,495
575.99,1565614791,0.00,nan,nan,0.00,0.00,0.00,0.00,1,-103.00,-13.00,2.00,8.00,40.00,13.00,26378498,495
576.99,1565614792,0.00,nan,nan,0.00,0.00,0.00,0.00,1,-103.00,-13.00,2.00,8.00,40.00,13.00,26378498,495
577.99,1565614793,0.00,nan,nan,0.00,0.00,0.00,0.00,1,-103.00,-12.00,0.00,7.00,40.00,13.00,26378498,495
578.99,1565614794,0.00,nan,nan,0.00,0.00,0.00,0.00,1,-103.00,-12.00,0.00,7.00,40.00,13.00,26378498,495
579.99,1565614795,0.00,nan,nan,0.00,0.00,0.00,0.00,1,-102.00,-11.00,3.00,11.00,41.00,13.00,26378498,495
580.99,1565614796,0.00,nan,nan,0.00,0.00,0.00,0.00,1,-102.00,-11.00,3.00,11.00,41.00,13.00,26378498,495
581.99,1565614797,0.00,nan,nan,0.00,0.00,0.00,0.00,1,-101.00,-11.00,4.00,10.00,41.00,13.00,26378498,495
582.99,1565614798,0.00,nan,nan,0.00,0.00,0.00,0.00,1,-101.00,-11.00,4.00,10.00,41.00,13.00,26378498,495
583.99,1565614799,0.00,nan,nan,0.00,0.00,0.00,0.00,1,-101.00,-10.00,2.00,9.00,40.00,13.00,26378498,495
584.99,1565614800,0.00,nan,nan,0.00,0.00,0.00,0.00,1,-101.00,-10.00,2.00,9.00,40.00,13.00,26378498,495
585.99,1565614801,0.00,nan,nan,0.00,0.00,0.00,0.00,1,-104.00,-12.00,-3.00,2.00,39.00,13.00,26378498,495
586.99,1565614802,0.00,nan,nan,0.00,0.00,0.00,0.00,1,-104.00,-12.00,-3.00,2.00,39.00,13.00,26378498,495
587.99,1565614803,0.00,nan,nan,0.00,0.00,0.00,0.00,1,-105.00,-14.00,-7.00,2.00,41.00,13.00,26378498,495
588.99,1565614804,0.00,nan,nan,0.00,0.00,0.00,0.00,1,-105.00,-14.00,-7.00,2.00,41.00,13.00,26378498,495
589.99,1565614805,0.00,nan,nan,0.00,0.00,0.00,0.00,1,-105.00,-14.00,-7.00,2.00,41.00,13.00,26378498,495
590.99,1565614806,0.00,nan,nan,0.00,0.00,0.00,0.00,1,-101.00,-11.00,1.00,2.00,42.00,13.00,29401601,379
591.98,1565614807,0.00,nan,nan,0.00,0.00,0.00,0.00,1,-101.00,-11.00,1.00,2.00,42.00,13.00,29401601,379
592.99,1565614808,0.00,nan,nan,0.00,0.00,0.00,0.00,1,-99.00,-10.00,1.00,2.00,42.00,13.00,27771909,125
593.99,1565614809,0.00,nan,nan,0.00,0.00,0.00,0.00,1,-99.00,-10.00,1.00,2.00,42.00,13.00,27771909,125
594.99,1565614810,0.00,nan,nan,0.00,0.00,0.00,0.00,1,-95.00,-9.00,1.00,6.00,43.00,15.00,29401601,379
595.99,1565614811,0.00,nan,nan,0.00,0.00,0.00,0.00,1,-95.00,-9.00,1.00,6.00,43.00,15.00,29401601,379
596.99,1565614812,0.00,nan,nan,0.00,0.00,0.00,0.00,1,-101.00,-16.00,-2.00,8.00,42.00,15.00,29401601,379
597.99,1565614813,0.00,nan,nan,0.00,0.00,0.00,0.00,1,-101.00,-16.00,-2.00,8.00,42.00,15.00,29401601,379
598.99,1565614814,0.00,nan,nan,0.00,0.00,0.00,0.00,1,-100.00,-12.00,-6.00,7.00,39.00,15.00,29401601,379
599.99,1565614815,0.00,nan,nan,0.00,0.00,0.00,0.00,1,-100.00,-12.00,-6.00,7.00,39.00,15.00,29401601,379
600.99,1565614816,0.00,nan,nan,0.00,0.00,0.00,0.00,1,-99.00,-10.00,7.00,12.00,41.00,42.00,27771909,125
601.99,1565614817,0.00,nan,nan,0.00,0.00,0.00,0.00,1,-99.00,-10.00,7.00,12.00,41.00,42.00,27771909,125
602.99,1565614818,0.00,nan,nan,0.00,0.00,0.00,0.00,1,-102.00,-11.00,4.00,8.00,40.00,42.00,27771909,125
603.99,1565614819,0.00,nan,nan,0.00,0.00,0.00,0.00,1,-102.00,-11.00,4.00,8.00,40.00,42.00,27771909,125
604.99,1565614820,0.00,nan,nan,0.00,0.00,0.00,0.00,1,-104.00,-13.00,-4.00,5.00,40.00,42.00,27771909,125
605.99,1565614821,0.00,nan,nan,0.00,0.00,0.00,0.00,1,-104.00,-13.00,-4.00,5.00,40.00,42.00,27771909,125
606.99,1565614822,0.00,nan,nan,0.00,0.00,0.00,0.00,1,-99.00,-10.00,-2.00,6.00,42.00,20.00,31263232,339
607.99,1565614823,0.00,nan,nan,0.00,0.00,0.00,0.00,1,-99.00,-10.00,-2.00,6.00,42.00,20.00,31263232,339
609.00,1565614824,0.00,nan,nan,0.00,0.00,0.00,0.00,1,-101.00,-9.00,8.00,9.00,40.00,20.00,31263232,339
609.99,1565614825,0.00,nan,nan,0.00,0.00,0.00,0.00,1,-101.00,-9.00,8.00,9.00,40.00,20.00,31263232,339
610.99,1565614826,0.00,nan,nan,0.00,0.00,0.00,0.00,1,-101.00,-9.00,8.00,9.00,40.00,20.00,31263232,339
611.99,1565614827,0.00,nan,nan,0.00,0.00,0.00,0.00,1,-102.00,-9.00,4.00,10.00,39.00,20.00,31263232,339
612.99,1565614828,0.00,nan,nan,0.00,0.00,0.00,0.00,1,-102.00,-9.00,4.00,10.00,39.00,20.00,31263232,339
613.99,1565614829,0.00,nan,nan,0.00,0.00,0.00,0.00,1,-101.00,-9.00,1.00,10.00,39.00,20.00,31263232,339
614.99,1565614830,0.00,nan,nan,0.00,0.00,0.00,0.00,1,-101.00,-9.00,1.00,10.00,39.00,20.00,31263232,339
615.99,1565614831,0.00,nan,nan,0.00,0.00,0.00,0.00,1,-102.00,-10.00,0.00,6.00,39.00,20.00,31263232,339
616.99,1565614832,0.00,nan,nan,0.00,0.00,0.00,0.00,1,-102.00,-10.00,0.00,6.00,39.00,20.00,31263232,339
617.99,1565614833,0.00,nan,nan,0.00,0.00,0.00,0.00,1,-102.00,-11.00,-3.00,5.00,40.00,20.00,31263232,339
618.99,1565614834,0.00,nan,nan,0.00,0.00,0.00,0.00,1,-102.00,-11.00,-3.00,5.00,40.00,20.00,31263232,339
619.99,1565614835,0.00,nan,nan,0.00,0.00,0.00,0.00,1,-101.00,-12.00,-2.00,5.00,43.00,20.00,31263232,339
620.99,1565614836,0.00,nan,nan,0.00,0.00,0.00,0.00,1,-101.00,-12.00,-2.00,5.00,43.00,20.00,31263232,339
621.98,1565614837,0.00,nan,nan,0.00,0.00,0.00,0.00,1,-106.00,-14.00,-2.00,2.00,40.00,20.00,31263232,339
622.98,1565614838,0.00,nan,nan,0.00,0.00,0.00,0.00,1,-106.00,-14.00,-2.00,2.00,40.00,20.00,31263232,339
623.99,1565614839,0.00,nan,nan,0.00,0.00,0.00,0.00,1,-103.00,-14.00,-2.00,2.00,43.00,20.00,31263232,339
624.99,1565614840,0.00,nan,nan,0.00,0.00,0.00,0.00,1,-103.00,-14.00,-2.00,2.00,43.00,20.00,31263232,339
625.99,1565614841,0.00,nan,nan,0.00,0.00,0.00,0.00,1,-105.00,-14.00,-3.00,2.00,40.00,20.00,31263232,339
626.99,1565614842,0.00,nan,nan,0.00,0.00,0.00,0.00,1,-105.00,-14.00,-3.00,2.00,40.00,20.00,31263232,339
627.99,1565614843,0.00,nan,nan,0.00,0.00,0.00,0.00,1,-107.00,-15.00,-9.00,2.00,39.00,20.00,31263232,339
628.99,1565614844,0.00,nan,nan,0.00,0.00,0.00,0.00,1,-107.00,-15.00,-9.00,2.00,39.00,20.00,31263232,339
630.00,1565614845,0.00,nan,nan,0.00,0.00,0.00,0.00,1,-105.00,-14.00,0.00,2.00,40.00,20.00,28371200,68
630.99,1565614846,0.00,nan,nan,0.00,0.00,0.00,0.00,1,-105.00,-14.00,0.00,2.00,40.00,20.00,28371200,68
631.99,1565614847,0.00,nan,nan,0.00,0.00,0.00,0.00,1,-105.00,-14.00,0.00,2.00,40.00,20.00,28371200,68
632.99,1565614848,0.00,nan,nan,0.00,0.00,0.00,0.00,1,-104.00,-14.00,-4.00,2.00,41.00,20.00,28371200,68
633.99,1565614849,0.00,nan,nan,0.00,0.00,0.00,0.00,1,-104.00,-14.00,-4.00,2.00,41.00,20.00,28371200,68
634.99,1565614850,0.00,nan,nan,0.00,0.00,0.00,0.00,1,-104.00,-14.00,-1.00,2.00,42.00,20.00,28371200,68
635.99,1565614851,0.00,nan,nan,0.00,0.00,0.00,0.00,1,-104.00,-14.00,-1.00,2.00,42.00,20.00,28371200,68
636.99,1565614852,0.00,nan,nan,0.00,0.00,0.00,0.00,1,-101.00,-13.00,-3.00,2.00,43.00,20.00,28371200,68
637.99,1565614853,0.00,nan,nan,0.00,0.00,0.00,0.00,1,-101.00,-13.00,-3.00,2.00,43.00,20.00,28371200,68
638.99,1565614854,0.00,nan,nan,0.00,0.00,0.00,0.00,1,-100.00,-14.00,-2.00,2.00,44.00,20.00,28371200,68
639.98,1565614855,0.00,nan,nan,0.00,0.00,0.00,0.00,1,-100.00,-14.00,-2.00,2.00,44.00,20.00,28371200,68
640.99,1565614856,0.00,nan,nan,0.00,0.00,0.00,0.00,1,-97.00,-14.00,7.00,2.00,47.00,20.00,26378497,496
641.99,1565614857,0.00,nan,nan,0.00,0.00,0.00,0.00,1,-97.00,-14.00,7.00,2.00,47.00,20.00,26378497,496
642.99,1565614858,0.00,nan,nan,0.00,0.00,0.00,0.00,1,-95.00,-12.00,8.00,2.00,48.00,20.00,26378497,496
643.99,1565614859,0.00,nan,nan,0.00,0.00,0.00,0.00,1,-95.00,-12.00,8.00,2.00,48.00,20.00,26378497,496
644.99,1565614860,0.00,nan,nan,0.00,0.00,0.00,0.00,1,-90.00,-9.00,22.00,2.00,50.00,20.00,26378497,496
645.99,1565614861,0.00,nan,nan,0.00,0.00,0.00,0.00,1,-90.00,-9.00,22.00,2.00,50.00,20.00,26378497,496
646.99,1565614862,0.00,nan,nan,0.00,0.00,0.00,0.00,1,-81.00,-6.00,18.00,13.00,55.00,8.00,26378497,496
647.98,1565614863,0.00,nan,nan,0.00,0.00,0.00,0.00,1,-81.00,-6.00,18.00,13.00,55.00,8.00,26378497,496
648.98,1565614864,0.00,nan,nan,0.00,0.00,0.00,0.00,1,-82.00,-5.00,18.00,15.00,53.00,8.00,26378497,496
649.98,1565614865,0.00,nan,nan,0.00,0.00,0.00,0.00,1,-82.00,-5.00,18.00,15.00,53.00,8.00,26378497,496
650.99,1565614866,0.00,nan,nan,0.00,0.00,0.00,0.00,1,-92.00,-8.00,8.00,7.00,48.00,8.00,26378497,496
651.99,1565614867,0.00,nan,nan,0.00,0.00,0.00,0.00,1,-92.00,-8.00,8.00,7.00,48.00,8.00,26378497,496
652.99,1565614868,0.00,nan,nan,0.00,0.00,0.00,0.00,1,-92.00,-8.00,8.00,7.00,48.00,8.00,26378497,496
653.98,1565614869,0.00,nan,nan,0.00,0.00,0.00,0.00,1,-84.00,-8.00,14.00,13.00,50.00,8.00,26378497,496
654.98,1565614870,0.00,nan,nan,0.00,0.00,0.00,0.00,1,-84.00,-8.00,14.00,13.00,50.00,8.00,26378497,496
655.98,1565614871,0.00,nan,nan,0.00,0.00,0.00,0.00,1,-92.00,-8.00,8.00,11.00,47.00,8.00,26378497,496
656.98,1565614872,0.00,nan,nan,0.00,0.00,0.00,0.00,1,-92.00,-8.00,8.00,11.00,47.00,8.00,26378497,496
657.98,1565614873,0.00,nan,nan,0.00,0.00,0.00,0.00,1,-93.00,-9.00,3.00,11.00,47.00,8.00,26378497,496
658.99,1565614874,0.00,nan,nan,0.00,0.00,0.00,0.00,1,-93.00,-9.00,3.00,11.00,47.00,8.00,26378497,496
659.99,1565614875,0.00,nan,nan,0.00,0.00,0.00,0.00,1,-95.00,-11.00,-2.00,7.00,47.00,8.00,26378497,496
660.99,1565614876,0.00,nan,nan,0.00,0.00,0.00,0.00,1,-95.00,-11.00,-2.00,7.00,47.00,8.00,26378497,496
661.99,1565614877,0.00,nan,nan,0.00,0.00,0.00,0.00,1,-93.00,-10.00,-2.00,9.00,48.00,8.00,26378497,496
662.99,1565614878,0.00,nan,nan,0.00,0.00,0.00,0.00,1,-93.00,-10.00,-2.00,9.00,48.00,8.00,26378497,496
663.99,1565614879,0.00,nan,nan,0.00,0.00,0.00,0.00,1,-94.00,-10.00,-2.00,8.00,47.00,8.00,26378497,496
664.99,1565614880,0.00,nan,nan,0.00,0.00,0.00,0.00,1,-94.00,-10.00,-2.00,8.00,47.00,8.00,26378497,496
665.98,1565614881,0.00,nan,nan,0.00,0.00,0.00,0.00,1,-95.00,-11.00,4.00,2.00,50.00,8.00,26378497,496
666.98,1565614882,0.00,nan,nan,0.00,0.00,0.00,0.00,1,-95.00,-11.00,4.00,2.00,50.00,8.00,26378497,496
667.99,1565614883,0.00,nan,nan,0.00,0.00,0.00,0.00,1,-96.00,-12.00,-2.00,2.00,48.00,8.00,26378497,496
668.99,1565614884,0.00,nan,nan,0.00,0.00,0.00,0.00,1,-96.00,-12.00,-2.00,2.00,48.00,8.00,26378497,496
669.99,1565614885,0.00,nan,nan,0.00,0.00,0.00,0.00,1,-95.00,-11.00,-5.00,2.00,48.00,8.00,29913344,432
670.99,1565614886,0.00,nan,nan,0.00,0.00,0.00,0.00,1,-95.00,-11.00,-5.00,2.00,48.00,8.00,29913344,432
672.00,1565614887,0.00,nan,nan,0.00,0.00,0.00,0.00,1,-95.00,-11.00,-4.00,2.00,48.00,8.00,29913344,432
672.99,1565614888,0.00,nan,nan,0.00,0.00,0.00,0.00,1,-95.00,-11.00,-4.00,2.00,48.00,8.00,29913344,432
673.99,1565614889,0.00,nan,nan,0.00,0.00,0.00,0.00,1,-95.00,-11.00,-4.00,2.00,48.00,8.00,29913344,432
674.99,1565614890,0.00,nan,nan,0.00,0.00,0.00,0.00,1,-95.00,-10.00,-1.00,2.00,47.00,8.00,29913344,432
675.99,1565614891,0.00,nan,nan,0.00,0.00,0.00,0.00,1,-95.00,-10.00,-1.00,2.00,47.00,8.00,29913344,432
676.99,1565614892,0.00,nan,nan,0.00,0.00,0.00,0.00,1,-95.00,-9.00,3.00,2.00,45.00,8.00,29913344,432
677.99,1565614893,0.00,nan,nan,0.00,0.00,0.00,0.00,1,-95.00,-9.00,3.00,2.00,45.00,8.00,29913344,432
678.99,1565614894,0.00,nan,nan,0.00,0.00,0.00,0.00,1,-95.00,-9.00,0.00,2.00,45.00,8.00,29913344,432
679.99,1565614895,0.00,nan,nan,0.00,0.00,0.00,0.00,1,-95.00,-9.00,0.00,2.00,45.00,8.00,29913344,432
680.99,1565614896,0.00,nan,nan,0.00,0.00,0.00,0.00,1,-96.00,-10.00,4.00,2.00,45.00,8.00,29913344,432
681.99,1565614897,0.00,nan,nan,0.00,0.00,0.00,0.00,1,-96.00,-10.00,4.00,2.00,45.00,8.00,29913344,432
682.99,1565614898,0.00,nan,nan,0.00,0.00,0.00,0.00,1,-98.00,-11.00,0.00,2.00,44.00,8.00,29913344,432
683.99,1565614899,0.00,nan,nan,0.00,0.00,0.00,0.00,1,-98.00,-11.00,0.00,2.00,44.00,8.00,29913344,432
684.99,1565614900,0.00,nan,nan,0.00,0.00,0.00,0.00,1,-98.00,-11.00,3.00,2.00,43.00,8.00,29913344,432
685.99,1565614901,0.00,nan,nan,0.00,0.00,0.00,0.00,1,-98.00,-11.00,3.00,2.00,43.00,8.00,29913344,432
686.99,1565614902,0.00,nan,nan,0.00,0.00,0.00,0.00,1,-97.00,-8.00,7.00,2.00,42.00,8.00,29913344,432
687.99,1565614903,0.00,nan,nan,0.00,0.00,0.00,0.00,1,-97.00,-8.00,7.00,2.00,42.00,8.00,29913344,432
688.98,1565614904,0.00,nan,nan,0.00,0.00,0.00,0.00,1,-96.00,-7.00,3.00,2.00,42.00,8.00,29913344,432
689.99,1565614905,0.00,nan,nan,0.00,0.00,0.00,0.00,1,-96.00,-7.00,3.00,2.00,42.00,8.00,29913344,432
690.99,1565614906,0.00,nan,nan,0.00,0.00,0.00,0.00,1,-96.00,-8.00,5.00,2.00,43.00,8.00,29913344,432
691.99,1565614907,0.00,nan,nan,0.00,0.00,0.00,0.00,1,-96.00,-8.00,5.00,2.00,43.00,8.00,29913344,432
692.99,1565614908,0.00,nan,nan,0.00,0.00,0.00,0.00,1,-96.00,-9.00,8.00,2.00,44.00,8.00,29913344,432
693.98,1565614909,0.00,nan,nan,0.00,0.00,0.00,0.00,1,-96.00,-9.00,8.00,2.00,44.00,8.00,29913344,432
694.99,1565614910,0.00,nan,nan,0.00,0.00,0.00,0.00,1,-96.00,-9.00,8.00,2.00,44.00,8.00,29913344,432
695.99,1565614911,0.00,nan,nan,0.00,0.00,0.00,0.00,1,-94.00,-9.00,4.00,2.00,45.00,8.00,29913344,432
696.98,1565614912,0.00,nan,nan,0.00,0.00,0.00,0.00,1,-94.00,-9.00,4.00,2.00,45.00,8.00,29913344,432
697.99,1565614913,0.00,nan,nan,0.00,0.00,0.00,0.00,1,-91.00,-7.00,10.00,2.00,47.00,8.00,29913344,432
698.99,1565614914,0.00,nan,nan,0.00,0.00,0.00,0.00,1,-91.00,-7.00,10.00,2.00,47.00,8.00,29913344,432
699.98,1565614915,0.00,nan,nan,0.00,0.00,0.00,0.00,1,-92.00,-7.00,13.00,2.00,46.00,8.00,29913344,432
700.99,1565614916,0.00,nan,nan,0.00,0.00,0.00,0.00,1,-92.00,-7.00,13.00,2.00,46.00,8.00,29913344,432
701.99,1565614917,0.00,nan,nan,0.00,0.00,0.00,0.00,1,-93.00,-7.00,12.00,2.00,45.00,8.00,29913344,432
702.99,1565614918,0.00,nan,nan,0.00,0.00,0.00,0.00,1,-93.00,-7.00,12.00,2.00,45.00,8.00,29913344,432
703.98,1565614919,0.00,nan,nan,0.00,0.00,0.00,0.00,1,-92.00,-6.00,13.00,2.00,45.00,8.00,29913344,432
704.99,1565614920,0.00,nan,nan,0.00,0.00,0.00,0.00,1,-92.00,-6.00,13.00,2.00,45.00,8.00,29913344,432
705.99,1565614921,0.00,nan,nan,0.00,0.00,0.00,0.00,1,-87.00,-6.00,13.00,2.00,51.00,8.00,29913344,432
706.99,1565614922,0.00,nan,nan,0.00,0.00,0.00,0.00,1,-87.00,-6.00,13.00,2.00,51.00,8.00,29913344,432
707.99,1565614923,0.00,nan,nan,0.00,0.00,0.00,0.00,1,-86.00,-7.00,14.00,2.00,52.00,8.00,29913344,432
708.99,1565614924,0.00,nan,nan,0.00,0.00,0.00,0.00,1,-86.00,-7.00,14.00,2.00,52.00,8.00,29913344,432
709.99,1565614925,0.00,nan,nan,0.00,0.00,0.00,0.00,1,-87.00,-7.00,10.00,2.00,52.00,8.00,29913344,432
710.99,1565614926,0.00,nan,nan,0.00,0.00,0.00,0.00,1,-87.00,-7.00,10.00,2.00,52.00,8.00,29913344,432
711.99,1565614927,0.00,nan,nan,0.00,0.00,0.00,0.00,1,-87.00,-7.00,14.00,2.00,52.00,8.00,29913344,432
712.99,1565614928,0.00,nan,nan,0.00,0.00,0.00,0.00,1,-87.00,-7.00,14.00,2.00,52.00,8.00,29913344,432
713.99,1565614929,0.00,nan,nan,0.00,0.00,0.00,0.00,1,-85.00,-9.00,8.00,10.00,55.00,2.00,29913344,432
714.99,1565614930,0.00,nan,nan,0.00,0.00,0.00,0.00,1,-85.00,-9.00,8.00,10.00,55.00,2.00,29913344,432
715.98,1565614931,0.00,nan,nan,0.00,0.00,0.00,0.00,1,-85.00,-9.00,8.00,10.00,55.00,2.00,29913344,432
716.98,1565614932,0.00,nan,nan,0.00,0.00,0.00,0.00,1,-82.00,-8.00,14.00,14.00,57.00,1.00,29913346,433
717.99,1565614933,0.00,nan,nan,0.00,0.00,0.00,0.00,1,-82.00,-8.00,14.00,14.00,57.00,1.00,29913346,433
718.98,1565614934,0.00,nan,nan,0.00,0.00,0.00,0.00,1,-84.00,-6.00,14.00,12.00,51.00,1.00,29913346,433
719.99,1565614935,0.00,nan,nan,0.00,0.00,0.00,0.00,1,-84.00,-6.00,14.00,12.00,51.00,1.00,29913346,433
720.99,1565614936,0.00,nan,nan,0.00,0.00,0.00,0.00,1,-81.00,-6.00,25.00,15.00,55.00,1.00,29913346,433
721.99,1565614937,0.00,nan,nan,0.00,0.00,0.00,0.00,1,-81.00,-6.00,25.00,15.00,55.00,1.00,29913346,433
722.99,1565614938,0.00,nan,nan,0.00,0.00,0.00,0.00,1,-79.00,-5.00,27.00,13.00,58.00,1.00,29913346,433
723.99,1565614939,0.00,nan,nan,0.00,0.00,0.00,0.00,1,-79.00,-5.00,27.00,13.00,58.00,1.00,29913346,433
724.98,1565614940,0.00,nan,nan,0.00,0.00,0.00,0.00,1,-75.00,-5.00,28.00,15.00,61.00,1.00,29913346,433
725.99,1565614941,0.00,nan,nan,0.00,0.00,0.00,0.00,1,-75.00,-5.00,28.00,15.00,61.00,1.00,29913346,433
726.99,1565614942,0.00,nan,nan,0.00,0.00,0.00,0.00,1,-76.00,-6.00,23.00,13.00,61.00,1.00,29913346,433
727.98,1565614943,0.00,nan,nan,0.00,0.00,0.00,0.00,1,-76.00,-6.00,23.00,13.00,61.00,1.00,29913346,433
728.99,1565614944,0.00,nan,nan,0.00,0.00,0.00,0.00,1,-70.00,-6.00,31.00,15.00,63.00,1.00,29913346,433
729.99,1565614945,0.00,nan,nan,0.00,0.00,0.00,0.00,1,-70.00,-6.00,31.00,15.00,63.00,1.00,29913346,433
730.98,1565614946,0.00,nan,nan,0.00,0.00,0.00,0.00,1,-70.00,-6.00,32.00,15.00,63.00,1.00,29913346,433
731.99,1565614947,0.00,nan,nan,0.00,0.00,0.00,0.00,1,-70.00,-6.00,32.00,15.00,63.00,1.00,29913346,433
732.98,1565614948,0.00,nan,nan,0.00,0.00,0.00,0.00,1,-78.00,-5.00,20.00,11.00,58.00,1.00,29913346,433
733.99,1565614949,0.00,nan,nan,0.00,0.00,0.00,0.00,1,-78.00,-5.00,20.00,11.00,58.00,1.00,29913346,433
734.99,1565614950,0.00,nan,nan,0.00,0.00,0.00,0.00,1,-80.00,-6.00,26.00,2.00,57.00,1.00,29913346,433
735.99,1565614951,0.00,nan,nan,0.00,0.00,0.00,0.00,1,-80.00,-6.00,26.00,2.00,57.00,1.00,29913346,433
736.99,1565614952,0.00,nan,nan,0.00,0.00,0.00,0.00,1,-81.00,-5.00,15.00,2.00,56.00,1.00,29913346,433
737.98,1565614953,0.00,nan,nan,0.00,0.00,0.00,0.00,1,-81.00,-5.00,15.00,2.00,56.00,1.00,29913346,433
738.98,1565614954,0.00,nan,nan,0.00,0.00,0.00,0.00,1,-81.00,-5.00,15.00,2.00,56.00,1.00,29913346,433
739.99,1565614955,0.00,nan,nan,0.00,0.00,0.00,0.00,1,-82.00,-5.00,22.00,2.00,54.00,1.00,29913346,433
740.99,1565614956,0.00,nan,nan,0.00,0.00,0.00,0.00,1,-82.00,-5.00,22.00,2.00,54.00,1.00,29913346,433
741.99,1565614957,0.00,nan,nan,0.00,0.00,0.00,0.00,1,-84.00,-6.00,13.00,2.00,52.00,1.00,29913346,433
742.99,1565614958,0.00,nan,nan,0.00,0.00,0.00,0.00,1,-84.00,-6.00,13.00,2.00,52.00,1.00,29913346,433
743.99,1565614959,0.00,nan,nan,0.00,0.00,0.00,0.00,1,-85.00,-6.00,22.00,2.00,51.00,1.00,29913346,433
744.99,1565614960,0.00,nan,nan,0.00,0.00,0.00,0.00,1,-85.00,-6.00,22.00,2.00,51.00,1.00,29913346,433
745.99,1565614961,0.00,nan,nan,0.00,0.00,0.00,0.00,1,-86.00,-6.00,20.00,2.00,51.00,1.00,29913346,433
746.98,1565614962,0.00,nan,nan,0.00,0.00,0.00,0.00,1,-86.00,-6.00,20.00,2.00,51.00,1.00,29913346,433
747.99,1565614963,0.00,nan,nan,0.00,0.00,0.00,0.00,1,-87.00,-6.00,7.00,2.00,51.00,1.00,29913346,433
748.99,1565614964,0.00,nan,nan,0.00,0.00,0.00,0.00,1,-87.00,-6.00,7.00,2.00,51.00,1.00,29913346,433
749.98,1565614965,0.00,nan,nan,0.00,0.00,0.00,0.00,1,-86.00,-6.00,20.00,2.00,52.00,1.00,29913346,433
750.99,1565614966,0.00,nan,nan,0.00,0.00,0.00,0.00,1,-86.00,-6.00,20.00,2.00,52.00,1.00,29913346,433
751.99,1565614967,0.00,nan,nan,0.00,0.00,0.00,0.00,1,-85.00,-7.00,8.00,2.00,54.00,1.00,29913346,433
752.99,1565614968,0.00,nan,nan,0.00,0.00,0.00,0.00,1,-85.00,-7.00,8.00,2.00,54.00,1.00,29913346,433
753.99,1565614969,0.00,nan,nan,0.00,0.00,0.00,0.00,1,-82.00,-7.00,11.00,2.00,57.00,1.00,29913346,433
754.99,1565614970,0.00,nan,nan,0.00,0.00,0.00,0.00,1,-82.00,-7.00,11.00,2.00,57.00,1.00,29913346,433
755.99,1565614971,0.00,nan,nan,0.00,0.00,0.00,0.00,1,-82.00,-8.00,1.00,2.00,58.00,1.00,29913346,433
756.99,1565614972,0.00,nan,nan,0.00,0.00,0.00,0.00,1,-82.00,-8.00,1.00,2.00,58.00,1.00,29913346,433
757.99,1565614973,0.00,nan,nan,0.00,0.00,0.00,0.00,1,-83.00,-11.00,16.00,2.00,60.00,1.00,29913345,434
758.99,1565614974,0.00,nan,nan,0.00,0.00,0.00,0.00,1,-83.00,-11.00,16.00,2.00,60.00,1.00,29913345,434
759.98,1565614975,0.00,nan,nan,0.00,0.00,0.00,0.00,1,-83.00,-11.00,16.00,2.00,60.00,1.00,29913345,434
760.99,1565614976,0.00,nan,nan,0.00,0.00,0.00,0.00,1,-80.00,-8.00,23.00,2.00,59.00,1.00,29913345,434
761.99,1565614977,0.00,nan,nan,0.00,0.00,0.00,0.00,1,-80.00,-8.00,23.00,2.00,59.00,1.00,29913345,434
762.98,1565614978,0.00,nan,nan,0.00,0.00,0.00,0.00,1,-81.00,-7.00,21.00,2.00,57.00,1.00,29913345,434
763.99,1565614979,0.00,nan,nan,0.00,0.00,0.00,0.00,1,-81.00,-7.00,21.00,2.00,57.00,1.00,29913345,434
764.99,1565614980,0.00,nan,nan,0.00,0.00,0.00,0.00,1,-80.00,-7.00,16.00,2.00,57.00,1.00,29913345,434
765.99,1565614981,0.00,nan,nan,0.00,0.00,0.00,0.00,1,-80.00,-7.00,16.00,2.00,57.00,1.00,29913345,434
766.98,1565614982,0.00,nan,nan,0.00,0.00,0.00,0.00,1,-87.00,-6.00,20.00,2.00,50.00,1.00,29913345,434
767.99,1565614983,0.00,nan,nan,0.00,0.00,0.00,0.00,1,-87.00,-6.00,20.00,2.00,50.00,1.00,29913345,434
768.98,1565614984,0.00,nan,nan,0.00,0.00,0.00,0.00,1,-91.00,-7.00,22.00,2.00,47.00,1.00,29913345,434
769.98,1565614985,0.00,nan,nan,0.00,0.00,0.00,0.00,1,-91.00,-7.00,22.00,2.00,47.00,1.00,29913345,434
770.99,1565614986,0.00,nan,nan,0.00,0.00,0.00,0.00,1,-89.00,-7.00,20.00,2.00,49.00,1.00,29913345,434
771.99,1565614987,0.00,nan,nan,0.00,0.00,0.00,0.00,1,-89.00,-7.00,20.00,2.00,49.00,1.00,29913345,434
772.98,1565614988,0.00,nan,nan,0.00,0.00,0.00,0.00,1,-86.00,-8.00,18.00,2.00,52.00,1.00,29913345,434
773.99,1565614989,0.00,nan,nan,0.00,0.00,0.00,0.00,1,-86.00,-8.00,18.00,2.00,52.00,1.00,29913345,434
774.99,1565614990,0.00,nan,nan,0.00,0.00,0.00,0.00,1,-85.00,-8.00,11.00,2.00,54.00,1.00,29913345,434
775.99,1565614991,0.00,nan,nan,0.00,0.00,0.00,0.00,1,-85.00,-8.00,11.00,2.00,54.00,1.00,29913345,434
776.99,1565614992,0.00,nan,nan,0.00,0.00,0.00,0.00,1,-87.00,-7.00,11.00,2.00,51.00,1.00,29913345,434
777.99,1565614993,0.00,nan,nan,0.00,0.00,0.00,0.00,1,-87.00,-7.00,11.00,2.00,51.00,1.00,29913345,434
778.99,1565614994,0.00,nan,nan,0.00,0.00,0.00,0.00,1,-88.00,-8.00,12.00,2.00,51.00,1.00,29913345,434
779.99,1565614995,0.00,nan,nan,0.00,0.00,0.00,0.00,1,-88.00,-8.00,12.00,2.00,51.00,1.00,29913345,434
780.99,1565614996,0.00,nan,nan,0.00,0.00,0.00,0.00,1,-88.00,-8.00,12.00,2.00,51.00,1.00,29913345,434
781.98,1565614997,0.00,nan,nan,0.00,0.00,0.00,0.00,1,-90.00,-8.00,7.00,2.00,49.00,1.00,29913345,434
782.99,1565614998,0.00,nan,nan,0.00,0.00,0.00,0.00,1,-90.00,-8.00,7.00,2.00,49.00,1.00,29913345,434
783.98,1565614999,0.00,nan,nan,0.00,0.00,0.00,0.00,1,-90.00,-9.00,3.00,2.00,50.00,1.00,29913345,434
784.99,1565615000,0.00,nan,nan,0.00,0.00,0.00,0.00,1,-90.00,-9.00,3.00,2.00,50.00,1.00,29913345,434
785.99,1565615001,0.00,nan,nan,0.00,0.00,0.00,0.00,1,-90.00,-9.00,4.00,2.00,50.00,1.00,29913345,434
786.98,1565615002,0.00,nan,nan,0.00,0.00,0.00,0.00,1,-90.00,-9.00,4.00,2.00,50.00,1.00,29913345,434
787.99,1565615003,0.00,nan,nan,0.00,0.00,0.00,0.00,1,-93.00,-10.00,-2.00,2.00,48.00,1.00,29913345,434
788.99,1565615004,0.00,nan,nan,0.00,0.00,0.00,0.00,1,-93.00,-10.00,-2.00,2.00,48.00,1.00,29913345,434
789.99,1565615005,0.00,nan,nan,0.00,0.00,0.00,0.00,1,-100.00,-11.00,4.00,2.00,43.00,1.00,29913345,434
790.99,1565615006,0.00,nan,nan,0.00,0.00,0.00,0.00,1,-100.00,-11.00,4.00,2.00,43.00,1.00,29913345,434
791.98,1565615007,0.00,nan,nan,0.00,0.00,0.00,0.00,1,-103.00,-11.00,8.00,2.00,39.00,1.00,29913345,434
792.99,1565615008,0.00,nan,nan,0.00,0.00,0.00,0.00,1,-103.00,-11.00,8.00,2.00,39.00,1.00,29913345,434
793.99,1565615009,0.00,nan,nan,0.00,0.00,0.00,0.00,1,-103.00,-11.00,5.00,2.00,38.00,1.00,29913345,434
794.99,1565615010,0.00,nan,nan,0.00,0.00,0.00,0.00,1,-103.00,-11.00,5.00,2.00,38.00,1.00,29913345,434
795.99,1565615011,0.00,nan,nan,0.00,0.00,0.00,0.00,1,-104.00,-11.00,2.00,2.00,38.00,1.00,29913345,434
796.99,1565615012,0.00,nan,nan,0.00,0.00,0.00,0.00,1,-104.00,-11.00,2.00,2.00,38.00,1.00,29913345,434
797.99,1565615013,0.00,nan,nan,0.00,0.00,0.00,0.00,1,-105.00,-12.00,-2.00,2.00,38.00,1.00,29913345,434
798.99,1565615014,0.00,nan,nan,0.00,0.00,0.00,0.00,1,-105.00,-12.00,-2.00,2.00,38.00,1.00,29913345,434
800.00,1565615015,0.00,nan,nan,0.00,0.00,0.00,0.00,1,-105.00,-12.00,1.00,2.00,38.00,1.00,29913345,434
800.99,1565615016,0.00,nan,nan,0.00,0.00,0.00,0.00,1,-105.00,-12.00,1.00,2.00,38.00,1.00,29913345,434
801.99,1565615017,0.00,nan,nan,0.00,0.00,0.00,0.00,1,-105.00,-12.00,1.00,2.00,38.00,1.00,29913345,434
802.99,1565615018,0.00,nan,nan,0.00,0.00,0.00,0.00,1,-107.00,-14.00,-3.00,2.00,38.00,1.00,29913345,434
803.99,1565615019,0.00,nan,nan,0.00,0.00,0.00,0.00,1,-107.00,-14.00,-3.00,2.00,38.00,1.00,29913345,434
804.99,1565615020,0.00,nan,nan,0.00,0.00,0.00,0.00,1,-105.00,-13.00,7.00,2.00,39.00,1.00,28371200,68
805.99,1565615021,0.00,nan,nan,0.00,0.00,0.00,0.00,1,-105.00,-13.00,7.00,2.00,39.00,1.00,28371200,68
806.99,1565615022,0.00,nan,nan,0.00,0.00,0.00,0.00,1,-102.00,-12.00,3.00,2.00,42.00,1.00,28371200,68
807.99,1565615023,0.00,nan,nan,0.00,0.00,0.00,0.00,1,-102.00,-12.00,3.00,2.00,42.00,1.00,28371200,68
808.99,1565615024,0.00,nan,nan,0.00,0.00,0.00,0.00,1,-98.00,-11.00,7.00,2.00,44.00,1.00,28371200,68
809.99,1565615025,0.00,nan,nan,0.00,0.00,0.00,0.00,1,-98.00,-11.00,7.00,2.00,44.00,1.00,28371200,68
810.99,1565615026,0.00,nan,nan,0.00,0.00,0.00,0.00,1,-97.00,-11.00,7.00,2.00,45.00,1.00,28371200,68
811.99,1565615027,0.00,nan,nan,0.00,0.00,0.00,0.00,1,-97.00,-11.00,7.00,2.00,45.00,1.00,28371200,68
812.99,1565615028,0.00,nan,nan,0.00,0.00,0.00,0.00,1,-95.00,-11.00,10.00,2.00,47.00,1.00,28371200,68
813.99,1565615029,0.00,nan,nan,0.00,0.00,0.00,0.00,1,-95.00,-11.00,10.00,2.00,47.00,1.00,28371200,68
814.99,1565615030,0.00,nan,nan,0.00,0.00,0.00,0.00,1,-95.00,-10.00,9.00,2.00,47.00,1.00,28371200,68
815.99,1565615031,0.00,nan,nan,0.00,0.00,0.00,0.00,1,-95.00,-10.00,9.00,2.00,47.00,1.00,28371200,68
816.99,1565615032,0.00,nan,nan,0.00,0.00,0.00,0.00,1,-94.00,-9.00,13.00,2.00,48.00,1.00,28371200,68
817.99,1565615033,0.00,nan,nan,0.00,0.00,0.00,0.00,1,-94.00,-9.00,13.00,2.00,48.00,1.00,28371200,68
818.99,1565615034,0.00,nan,nan,0.00,0.00,0.00,0.00,1,-95.00,-10.00,8.00,2.00,48.00,1.00,28371200,68
819.99,1565615035,0.00,nan,nan,0.00,0.00,0.00,0.00,1,-95.00,-10.00,8.00,2.00,48.00,1.00,28371200,68
820.99,1565615036,0.00,nan,nan,0.00,0.00,0.00,0.00,1,-95.00,-11.00,7.00,2.00,48.00,1.00,28371200,68
821.99,1565615037,0.00,nan,nan,0.00,0.00,0.00,0.00,1,-95.00,-11.00,7.00,2.00,48.00,1.00,28371200,68
822.99,1565615038,0.00,nan,nan,0.00,0.00,0.00,0.00,1,-95.00,-11.00,7.00,2.00,48.00,1.00,28371200,68
823.99,1565615039,0.00,nan,nan,0.00,0.00,0.00,0.00,1,-95.00,-11.00,12.00,2.00,48.00,1.00,28371200,68
824.99,1565615040,0.00,nan,nan,0.00,0.00,0.00,0.00,1,-95.00,-11.00,12.00,2.00,48.00,1.00,28371200,68
825.99,1565615041,0.00,nan,nan,0.00,0.00,0.00,0.00,1,-92.00,-8.00,9.00,2.00,48.00,1.00,28371202,67
826.99,1565615042,0.00,nan,nan,0.00,0.00,0.00,0.00,1,-92.00,-8.00,9.00,2.00,48.00,1.00,28371202,67
827.99,1565615043,0.00,nan,nan,0.00,0.00,0.00,0.00,1,-90.00,-7.00,10.00,2.00,48.00,1.00,28371202,67
828.98,1565615044,0.00,nan,nan,0.00,0.00,0.00,0.00,1,-90.00,-7.00,10.00,2.00,48.00,1.00,28371202,67
829.98,1565615045,0.00,nan,nan,0.00,0.00,0.00,0.00,1,-89.00,-6.00,11.00,13.00,49.00,5.00,28371202,67
830.98,1565615046,0.00,nan,nan,0.00,0.00,0.00,0.00,1,-89.00,-6.00,11.00,13.00,49.00,5.00,28371202,67
831.98,1565615047,0.00,nan,nan,0.00,0.00,0.00,0.00,1,-90.00,-6.00,10.00,14.00,46.00,5.00,28371202,67
832.98,1565615048,0.00,nan,nan,0.00,0.00,0.00,0.00,1,-90.00,-6.00,10.00,14.00,46.00,5.00,28371202,67
833.99,1565615049,0.00,nan,nan,0.00,0.00,0.00,0.00,1,-99.00,-7.00,12.00,11.00,38.00,5.00,28371202,67
834.98,1565615050,0.00,nan,nan,0.00,0.00,0.00,0.00,1,-99.00,-7.00,12.00,11.00,38.00,5.00,28371202,67
835.98,1565615051,0.00,nan,nan,0.00,0.00,0.00,0.00,1,-98.00,-10.00,9.00,7.00,42.00,5.00,28371202,67
836.98,1565615052,0.00,nan,nan,0.00,0.00,0.00,0.00,1,-98.00,-10.00,9.00,7.00,42.00,5.00,28371202,67
837.98,1565615053,0.00,nan,nan,0.00,0.00,0.00,0.00,1,-97.00,-7.00,7.00,12.00,39.00,5.00,28371202,67
838.98,1565615054,0.00,nan,nan,0.00,0.00,0.00,0.00,1,-97.00,-7.00,7.00,12.00,39.00,5.00,28371202,67
839.98,1565615055,0.00,nan,nan,0.00,0.00,0.00,0.00,1,-93.00,-7.00,4.00,11.00,45.00,5.00,28371202,67
840.99,1565615056,0.00,nan,nan,0.00,0.00,0.00,0.00,1,-93.00,-7.00,4.00,11.00,45.00,5.00,28371202,67
841.99,1565615057,0.00,nan,nan,0.00,0.00,0.00,0.00,1,-88.00,-8.00,18.00,15.00,51.00,5.00,28371202,67
842.98,1565615058,0.00,nan,nan,0.00,0.00,0.00,0.00,1,-88.00,-8.00,18.00,15.00,51.00,5.00,28371202,67
843.99,1565615059,0.00,nan,nan,0.00,0.00,0.00,0.00,1,-88.00,-8.00,18.00,15.00,51.00,5.00,28371202,67
844.98,1565615060,0.00,nan,nan,0.00,0.00,0.00,0.00,1,-86.00,-5.00,19.00,12.00,51.00,5.00,28371202,67
845.98,1565615061,0.00,nan,nan,0.00,0.00,0.00,0.00,1,-86.00,-5.00,19.00,12.00,51.00,5.00,28371202,67
846.99,1565615062,0.00,nan,nan,0.00,0.00,0.00,0.00,1,-85.00,-6.00,15.00,15.00,51.00,5.00,28371202,67
847.98,1565615063,0.00,nan,nan,0.00,0.00,0.00,0.00,1,-85.00,-6.00,15.00,15.00,51.00,5.00,28371202,67
848.98,1565615064,0.00,nan,nan,0.00,0.00,0.00,0.00,1,-84.00,-6.00,10.00,13.00,52.00,5.00,28371202,67
849.98,1565615065,0.00,nan,nan,0.00,0.00,0.00,0.00,1,-84.00,-6.00,10.00,13.00,52.00,5.00,28371202,67
850.98,1565615066,0.00,nan,nan,0.00,0.00,0.00,0.00,1,-83.00,-6.00,14.00,12.00,54.00,5.00,28371202,67
851.98,1565615067,0.00,nan,nan,0.00,0.00,0.00,0.00,1,-83.00,-6.00,14.00,12.00,54.00,5.00,28371202,67
852.99,1565615068,0.00,nan,nan,0.00,0.00,0.00,0.00,1,-84.00,-6.00,15.00,10.00,52.00,5.00,28371202,67
853.99,1565615069,0.00,nan,nan,0.00,0.00,0.00,0.00,1,-84.00,-6.00,15.00,10.00,52.00,5.00,28371202,67
854.99,1565615070,0.00,nan,nan,0.00,0.00,0.00,0.00,1,-89.00,-6.00,11.00,15.00,48.00,5.00,28371202,67
855.99,1565615071,0.00,nan,nan,0.00,0.00,0.00,0.00,1,-89.00,-6.00,11.00,15.00,48.00,5.00,28371202,67
856.98,1565615072,0.00,nan,nan,0.00,0.00,0.00,0.00,1,-90.00,-6.00,17.00,12.00,47.00,5.00,28371202,67
857.99,1565615073,0.00,nan,nan,0.00,0.00,0.00,0.00,1,-90.00,-6.00,17.00,12.00,47.00,5.00,28371202,67
858.98,1565615074,0.00,nan,nan,0.00,0.00,0.00,0.00,1,-88.00,-8.00,13.00,2.00,52.00,5.00,28371202,67
859.99,1565615075,0.00,nan,nan,0.00,0.00,0.00,0.00,1,-88.00,-8.00,13.00,2.00,52.00,5.00,28371202,67
860.98,1565615076,0.00,nan,nan,0.00,0.00,0.00,0.00,1,-89.00,-7.00,12.00,2.00,49.00,5.00,28371202,67
861.99,1565615077,0.00,nan,nan,0.00,0.00,0.00,0.00,1,-89.00,-7.00,12.00,2.00,49.00,5.00,28371202,67
862.99,1565615078,0.00,nan,nan,0.00,0.00,0.00,0.00,1,-91.00,-8.00,8.00,2.00,48.00,5.00,28371202,67
