0.00,1565268736,0.00,nan,nan,0.00,0.00,0.00,0.00,1,-95.00,-7.00,-3.00,2.00,43.00,5.00,26385408,95
0.99,1565268737,0.00,nan,nan,0.00,0.00,0.00,0.00,1,-93.00,-7.00,4.00,2.00,45.00,5.00,26385408,95
1.99,1565268738,0.00,nan,nan,0.00,0.00,0.00,0.00,1,-93.00,-7.00,4.00,2.00,45.00,5.00,26385408,95
2.99,1565268739,0.00,nan,nan,0.00,0.00,0.00,0.00,1,-90.00,-7.00,18.00,2.00,49.00,5.00,29391105,167
3.99,1565268740,0.00,nan,nan,0.00,0.00,0.00,0.00,1,-90.00,-7.00,18.00,2.00,49.00,5.00,29391105,167
4.99,1565268741,0.00,nan,nan,0.00,0.00,0.00,0.00,1,-87.00,-7.00,18.00,2.00,51.00,5.00,29391105,167
5.99,1565268742,0.00,nan,nan,0.00,0.00,0.00,0.00,1,-87.00,-7.00,18.00,2.00,51.00,5.00,29391105,167
6.99,1565268743,0.00,nan,nan,0.00,0.00,0.00,0.00,1,-85.00,-6.00,21.00,2.00,53.00,5.00,29391105,167
7.99,1565268744,0.00,nan,nan,0.00,0.00,0.00,0.00,1,-85.00,-6.00,21.00,2.00,53.00,5.00,29391105,167
8.99,1565268745,0.00,nan,nan,0.00,0.00,0.00,0.00,1,-85.00,-6.00,24.00,2.00,53.00,5.00,29391105,167
9.99,1565268746,0.00,nan,nan,0.00,0.00,0.00,0.00,1,-85.00,-6.00,24.00,2.00,53.00,5.00,29391105,167
10.99,1565268747,0.00,nan,nan,0.00,0.00,0.00,0.00,1,-84.00,-6.00,21.00,2.00,53.00,5.00,29391105,167
11.99,1565268748,0.00,nan,nan,0.00,0.00,0.00,0.00,1,-84.00,-6.00,21.00,2.00,53.00,5.00,29391105,167
12.99,1565268749,0.00,nan,nan,0.00,0.00,0.00,0.00,1,-85.00,-6.00,23.00,2.00,52.00,5.00,29391105,167
13.99,1565268750,0.00,nan,nan,0.00,0.00,0.00,0.00,1,-85.00,-6.00,23.00,2.00,52.00,5.00,29391105,167
15.00,1565268751,0.00,nan,nan,0.00,0.00,0.00,0.00,1,-83.00,-5.00,22.00,13.00,53.00,4.00,29391105,167
15.99,1565268752,0.00,nan,nan,0.00,0.00,0.00,0.00,1,-83.00,-5.00,22.00,13.00,53.00,4.00,29391105,167
16.99,1565268753,0.00,nan,nan,0.00,0.00,0.00,0.00,1,-83.00,-5.00,22.00,13.00,53.00,4.00,29391105,167
17.99,1565268754,0.00,nan,nan,0.00,0.00,0.00,0.00,1,-82.00,-6.00,23.00,14.00,56.00,4.00,29391105,167
18.99,1565268755,0.00,nan,nan,0.00,0.00,0.00,0.00,1,-82.00,-6.00,23.00,14.00,56.00,4.00,29391105,167
19.99,1565268756,0.00,nan,nan,0.00,0.00,0.00,0.00,1,-82.00,-6.00,23.00,14.00,56.00,4.00,29391105,167
20.99,1565268757,0.00,nan,nan,0.00,0.00,0.00,0.00,1,-82.00,-6.00,23.00,14.00,56.00,4.00,29391105,167
21.99,1565268758,0.00,nan,nan,0.00,0.00,0.00,0.00,1,-82.00,-7.00,25.00,14.00,56.00,4.00,29391105,167
22.99,1565268759,0.00,nan,nan,0.00,0.00,0.00,0.00,1,-82.00,-7.00,25.00,14.00,56.00,4.00,29391105,167
23.99,1565268760,0.00,nan,nan,0.00,0.00,0.00,0.00,1,-83.00,-6.00,24.00,14.00,55.00,4.00,29391105,167
24.99,1565268761,0.00,nan,nan,0.00,0.00,0.00,0.00,1,-83.00,-6.00,24.00,14.00,55.00,4.00,29391105,167
25.99,1565268762,0.00,nan,nan,0.00,0.00,0.00,0.00,1,-82.00,-5.00,25.00,12.00,56.00,4.00,29391105,167
26.99,1565268763,0.00,nan,nan,0.00,0.00,0.00,0.00,1,-82.00,-5.00,25.00,12.00,56.00,4.00,29391105,167
27.99,1565268764,0.00,nan,nan,0.00,0.00,0.00,0.00,1,-83.00,-6.00,23.00,14.00,56.00,4.00,29391105,167
28.99,1565268765,0.00,nan,nan,0.00,0.00,0.00,0.00,1,-83.00,-6.00,23.00,14.00,56.00,4.00,29391105,167
29.99,1565268766,0.00,nan,nan,0.00,0.00,0.00,0.00,1,-83.00,-6.00,24.00,14.00,56.00,4.00,29391105,167
30.99,1565268767,0.00,nan,nan,0.00,0.00,0.00,0.00,1,-83.00,-6.00,24.00,14.00,56.00,4.00,29391105,167
31.99,1565268768,0.00,nan,nan,0.00,0.00,0.00,0.00,1,-82.00,-5.00,23.00,2.00,55.00,4.00,29391105,167
32.99,1565268769,0.00,nan,nan,0.00,0.00,0.00,0.00,1,-82.00,-5.00,23.00,2.00,55.00,4.00,29391105,167
33.99,1565268770,0.00,nan,nan,0.00,0.00,0.00,0.00,1,-82.00,-6.00,25.00,2.00,55.00,4.00,29391105,167
34.99,1565268771,0.00,nan,nan,0.00,0.00,0.00,0.00,1,-82.00,-6.00,25.00,2.00,55.00,4.00,29391105,167
36.00,1565268772,0.00,nan,nan,0.00,0.00,0.00,0.00,1,-82.00,-6.00,24.00,2.00,55.00,4.00,29391105,167
36.99,1565268773,0.00,nan,nan,0.00,0.00,0.00,0.00,1,-82.00,-6.00,24.00,2.00,55.00,4.00,29391105,167
37.99,1565268774,0.00,nan,nan,0.00,0.00,0.00,0.00,1,-82.00,-6.00,24.00,2.00,55.00,4.00,29391105,167
38.99,1565268775,0.00,nan,nan,0.00,0.00,0.00,0.00,1,-82.00,-6.00,24.00,2.00,55.00,4.00,29391105,167
39.99,1565268776,0.00,nan,nan,0.00,0.00,0.00,0.00,1,-82.00,-6.00,24.00,2.00,55.00,4.00,29391105,167
40.99,1565268777,0.00,nan,nan,0.00,0.00,0.00,0.00,1,-82.00,-7.00,24.00,2.00,55.00,4.00,29391105,167
41.99,1565268778,0.00,nan,nan,0.00,0.00,0.00,0.00,1,-82.00,-7.00,24.00,2.00,55.00,4.00,29391105,167
42.99,1565268779,0.00,nan,nan,0.00,0.00,0.00,0.00,1,-82.00,-7.00,23.00,2.00,56.00,4.00,29391105,167
43.99,1565268780,0.00,nan,nan,0.00,0.00,0.00,0.00,1,-82.00,-7.00,23.00,2.00,56.00,4.00,29391105,167
44.99,1565268781,0.00,nan,nan,0.00,0.00,0.00,0.00,1,-82.00,-8.00,25.00,2.00,57.00,4.00,29391105,167
45.99,1565268782,0.00,nan,nan,0.00,0.00,0.00,0.00,1,-82.00,-8.00,25.00,2.00,57.00,4.00,29391105,167
46.99,1565268783,0.00,nan,nan,0.00,0.00,0.00,0.00,1,-82.00,-8.00,23.00,2.00,57.00,4.00,29391105,167
47.99,1565268784,0.00,nan,nan,0.00,0.00,0.00,0.00,1,-82.00,-8.00,23.00,2.00,57.00,4.00,29391105,167
48.99,1565268785,0.00,nan,nan,0.00,0.00,0.00,0.00,1,-82.00,-7.00,23.00,2.00,56.00,4.00,29391105,167
49.99,1565268786,0.00,nan,nan,0.00,0.00,0.00,0.00,1,-82.00,-7.00,23.00,2.00,56.00,4.00,29391105,167
50.99,1565268787,0.00,nan,nan,0.00,0.00,0.00,0.00,1,-83.00,-7.00,22.00,2.00,56.00,4.00,29391105,167
51.99,1565268788,0.00,nan,nan,0.00,0.00,0.00,0.00,1,-83.00,-7.00,22.00,2.00,56.00,4.00,29391105,167
52.99,1565268789,0.00,nan,nan,0.00,0.00,0.00,0.00,1,-83.00,-7.00,23.00,2.00,55.00,4.00,29391105,167
53.99,1565268790,0.00,nan,nan,0.00,0.00,0.00,0.00,1,-83.00,-7.00,23.00,2.00,55.00,4.00,29391105,167
54.99,1565268791,0.00,nan,nan,0.00,0.00,0.00,0.00,1,-82.00,-7.00,29.00,2.00,57.00,4.00,29391105,167
55.99,1565268792,0.00,nan,nan,0.00,0.00,0.00,0.00,1,-82.00,-7.00,29.00,2.00,57.00,4.00,29391105,167
57.00,1565268793,0.00,nan,nan,0.00,0.00,0.00,0.00,1,-79.00,-7.00,30.00,2.00,59.00,4.00,29391105,167
57.99,1565268794,0.00,nan,nan,0.00,0.00,0.00,0.00,1,-79.00,-7.00,30.00,2.00,59.00,4.00,29391105,167
58.99,1565268795,0.00,nan,nan,0.00,0.00,0.00,0.00,1,-79.00,-7.00,30.00,2.00,59.00,4.00,29391105,167
59.99,1565268796,0.00,nan,nan,0.00,0.00,0.00,0.00,1,-77.00,-5.00,29.00,2.00,60.00,4.00,29391105,167
60.99,1565268797,0.00,nan,nan,0.00,0.00,0.00,0.00,1,-77.00,-5.00,29.00,2.00,60.00,4.00,29391105,167
61.99,1565268798,0.00,nan,nan,0.00,0.00,0.00,0.00,1,-77.00,-6.00,20.00,2.00,59.00,4.00,29391105,167
62.99,1565268799,0.00,nan,nan,0.00,0.00,0.00,0.00,1,-77.00,-6.00,20.00,2.00,59.00,4.00,29391105,167
63.99,1565268800,0.00,nan,nan,0.00,0.00,0.00,0.00,1,-81.00,-6.00,14.00,2.00,57.00,4.00,29391105,167
64.99,1565268801,0.00,nan,nan,0.00,0.00,0.00,0.00,1,-81.00,-6.00,14.00,2.00,57.00,4.00,29391105,167
65.99,1565268802,0.00,nan,nan,0.00,0.00,0.00,0.00,1,-82.00,-6.00,21.00,2.00,55.00,4.00,29391105,167
66.99,1565268803,0.00,nan,nan,0.00,0.00,0.00,0.00,1,-82.00,-6.00,21.00,2.00,55.00,4.00,29391105,167
67.99,1565268804,0.00,nan,nan,0.00,0.00,0.00,0.00,1,-81.00,-5.00,22.00,2.00,55.00,4.00,29391105,167
68.99,1565268805,0.00,nan,nan,0.00,0.00,0.00,0.00,1,-81.00,-5.00,22.00,2.00,55.00,4.00,29391105,167
69.99,1565268806,0.00,nan,nan,0.00,0.00,0.00,0.00,1,-91.00,-6.00,12.00,13.00,46.00,7.00,29391105,167
70.99,1565268807,0.00,nan,nan,0.00,0.00,0.00,0.00,1,-91.00,-6.00,12.00,13.00,46.00,7.00,29391105,167
71.99,1565268808,0.00,nan,nan,0.00,0.00,0.00,0.00,1,-93.00,-7.00,10.00,8.00,45.00,7.00,29391105,167
72.99,1565268809,0.00,nan,nan,0.00,0.00,0.00,0.00,1,-93.00,-7.00,10.00,8.00,45.00,7.00,29391105,167
73.99,1565268810,0.00,nan,nan,0.00,0.00,0.00,0.00,1,-91.00,-6.00,18.00,15.00,47.00,7.00,29391105,167
74.99,1565268811,0.00,nan,nan,0.00,0.00,0.00,0.00,1,-91.00,-6.00,18.00,15.00,47.00,7.00,29391105,167
75.99,1565268812,0.00,nan,nan,0.00,0.00,0.00,0.00,1,-92.00,-7.00,11.00,11.00,46.00,7.00,29391105,167
76.99,1565268813,0.00,nan,nan,0.00,0.00,0.00,0.00,1,-92.00,-7.00,11.00,11.00,46.00,7.00,29391105,167
77.99,1565268814,0.00,nan,nan,0.00,0.00,0.00,0.00,1,-96.00,-7.00,8.00,12.00,43.00,7.00,29391105,167
78.99,1565268815,0.00,nan,nan,0.00,0.00,0.00,0.00,1,-96.00,-7.00,8.00,12.00,43.00,7.00,29391105,167
80.00,1565268816,0.00,nan,nan,0.00,0.00,0.00,0.00,1,-97.00,-8.00,5.00,9.00,42.00,7.00,29391105,167
80.99,1565268817,0.00,nan,nan,0.00,0.00,0.00,0.00,1,-97.00,-8.00,5.00,9.00,42.00,7.00,29391105,167
81.99,1565268818,0.00,nan,nan,0.00,0.00,0.00,0.00,1,-97.00,-8.00,5.00,9.00,42.00,7.00,29391105,167
82.99,1565268819,0.00,nan,nan,0.00,0.00,0.00,0.00,1,-100.00,-7.00,-2.00,6.00,38.00,10.00,28365056,359
83.99,1565268820,0.00,nan,nan,0.00,0.00,0.00,0.00,1,-100.00,-7.00,-2.00,6.00,38.00,10.00,28365056,359
84.99,1565268821,0.00,nan,nan,0.00,0.00,0.00,0.00,1,-98.00,-7.00,6.00,11.00,40.00,10.00,28365056,359
85.99,1565268822,0.00,nan,nan,0.00,0.00,0.00,0.00,1,-98.00,-7.00,6.00,11.00,40.00,10.00,28365056,359
86.99,1565268823,0.00,nan,nan,0.00,0.00,0.00,0.00,1,-99.00,-7.00,10.00,11.00,38.00,10.00,28365056,359
87.99,1565268824,0.00,nan,nan,0.00,0.00,0.00,0.00,1,-99.00,-7.00,10.00,11.00,38.00,10.00,28365056,359
88.99,1565268825,0.00,nan,nan,0.00,0.00,0.00,0.00,1,-101.00,-7.00,8.00,14.00,38.00,10.00,28365056,359
89.99,1565268826,0.00,nan,nan,0.00,0.00,0.00,0.00,1,-101.00,-7.00,8.00,14.00,38.00,10.00,28365056,359
90.99,1565268827,0.00,nan,nan,0.00,0.00,0.00,0.00,1,-104.00,-7.00,9.00,11.00,35.00,10.00,28365056,359
91.99,1565268828,0.00,nan,nan,0.00,0.00,0.00,0.00,1,-104.00,-7.00,9.00,11.00,35.00,10.00,28365056,359
92.99,1565268829,0.00,nan,nan,0.00,0.00,0.00,0.00,1,-102.00,-6.00,10.00,8.00,37.00,10.00,28365056,359
93.99,1565268830,0.00,nan,nan,0.00,0.00,0.00,0.00,1,-102.00,-6.00,10.00,8.00,37.00,10.00,28365056,359
94.99,1565268831,0.00,nan,nan,0.00,0.00,0.00,0.00,1,-100.00,-6.00,6.00,9.00,36.00,10.00,28365056,359
95.99,1565268832,0.00,nan,nan,0.00,0.00,0.00,0.00,1,-100.00,-6.00,6.00,9.00,36.00,10.00,28365056,359
96.99,1565268833,0.00,nan,nan,0.00,0.00,0.00,0.00,1,-99.00,-6.00,11.00,9.00,38.00,10.00,28365056,359
97.99,1565268834,0.00,nan,nan,0.00,0.00,0.00,0.00,1,-99.00,-6.00,11.00,9.00,38.00,10.00,28365056,359
98.99,1565268835,0.00,nan,nan,0.00,0.00,0.00,0.00,1,-96.00,-6.00,11.00,2.00,38.00,10.00,28365056,359
99.99,1565268836,0.00,nan,nan,0.00,0.00,0.00,0.00,1,-96.00,-6.00,11.00,2.00,38.00,10.00,28365056,359
101.00,1565268837,0.00,nan,nan,0.00,0.00,0.00,0.00,1,-97.00,-7.00,13.00,2.00,41.00,10.00,28365056,359
101.99,1565268838,0.00,nan,nan,0.00,0.00,0.00,0.00,1,-97.00,-7.00,13.00,2.00,41.00,10.00,28365056,359
102.99,1565268839,0.00,nan,nan,0.00,0.00,0.00,0.00,1,-97.00,-7.00,13.00,2.00,41.00,10.00,28365056,359
103.99,1565268840,0.00,nan,nan,0.00,0.00,0.00,0.00,1,-99.00,-7.00,18.00,2.00,39.00,10.00,28365056,359
104.99,1565268841,0.00,nan,nan,0.00,0.00,0.00,0.00,1,-99.00,-7.00,18.00,2.00,39.00,10.00,28365056,359
105.99,1565268842,0.00,nan,nan,0.00,0.00,0.00,0.00,1,-99.00,-7.00,13.00,2.00,39.00,10.00,28365056,359
106.99,1565268843,0.00,nan,nan,0.00,0.00,0.00,0.00,1,-99.00,-7.00,13.00,2.00,39.00,10.00,28365056,359
107.99,1565268844,0.00,nan,nan,0.00,0.00,0.00,0.00,1,-100.00,-7.00,7.00,2.00,39.00,10.00,28365056,359
108.99,1565268845,0.00,nan,nan,0.00,0.00,0.00,0.00,1,-100.00,-7.00,7.00,2.00,39.00,10.00,28365056,359
109.99,1565268846,0.00,nan,nan,0.00,0.00,0.00,0.00,1,-98.00,-7.00,8.00,2.00,41.00,10.00,29391105,167
110.99,1565268847,0.00,nan,nan,0.00,0.00,0.00,0.00,1,-98.00,-7.00,8.00,2.00,41.00,10.00,29391105,167
111.99,1565268848,0.00,nan,nan,0.00,0.00,0.00,0.00,1,-98.00,-7.00,8.00,2.00,40.00,10.00,29391105,167
112.99,1565268849,0.00,nan,nan,0.00,0.00,0.00,0.00,1,-98.00,-7.00,8.00,2.00,40.00,10.00,29391105,167
113.99,1565268850,0.00,nan,nan,0.00,0.00,0.00,0.00,1,-98.00,-7.00,3.00,2.00,39.00,10.00,29391105,167
114.99,1565268851,0.00,nan,nan,0.00,0.00,0.00,0.00,1,-98.00,-7.00,3.00,2.00,39.00,10.00,29391105,167
115.99,1565268852,0.00,nan,nan,0.00,0.00,0.00,0.00,1,-105.00,-10.00,3.00,2.00,37.00,10.00,28365056,359
116.99,1565268853,0.00,nan,nan,0.00,0.00,0.00,0.00,1,-105.00,-10.00,3.00,2.00,37.00,10.00,28365056,359
117.99,1565268854,0.00,nan,nan,0.00,0.00,0.00,0.00,1,-103.00,-9.00,9.00,2.00,37.00,10.00,28365056,359
118.99,1565268855,0.00,nan,nan,0.00,0.00,0.00,0.00,1,-103.00,-9.00,9.00,2.00,37.00,10.00,28365056,359
119.99,1565268856,0.00,nan,nan,0.00,0.00,0.00,0.00,1,-103.00,-9.00,12.00,2.00,37.00,10.00,28365056,359
120.99,1565268857,0.00,nan,nan,0.00,0.00,0.00,0.00,1,-103.00,-9.00,12.00,2.00,37.00,10.00,28365056,359
122.00,1565268858,0.00,nan,nan,0.00,0.00,0.00,0.00,1,-98.00,-6.00,10.00,7.00,39.00,8.00,28365056,359
122.99,1565268859,0.00,nan,nan,0.00,0.00,0.00,0.00,1,-98.00,-6.00,10.00,7.00,39.00,8.00,28365056,359
123.99,1565268860,0.00,nan,nan,0.00,0.00,0.00,0.00,1,-98.00,-6.00,10.00,7.00,39.00,8.00,28365056,359
124.99,1565268861,0.00,nan,nan,0.00,0.00,0.00,0.00,1,-99.00,-9.00,8.00,7.00,41.00,8.00,28365056,359
125.99,1565268862,0.00,nan,nan,0.00,0.00,0.00,0.00,1,-99.00,-9.00,8.00,7.00,41.00,8.00,28365056,359
126.99,1565268863,0.00,nan,nan,0.00,0.00,0.00,0.00,1,-106.00,-8.00,4.00,9.00,33.00,8.00,28365056,359
127.99,1565268864,0.00,nan,nan,0.00,0.00,0.00,0.00,1,-106.00,-8.00,4.00,9.00,33.00,8.00,28365056,359
128.99,1565268865,0.00,nan,nan,0.00,0.00,0.00,0.00,1,-103.00,-8.00,22.00,6.00,36.00,8.00,28365056,359
129.99,1565268866,0.00,nan,nan,0.00,0.00,0.00,0.00,1,-103.00,-8.00,22.00,6.00,36.00,8.00,28365056,359
130.99,1565268867,0.00,nan,nan,0.00,0.00,0.00,0.00,1,-107.00,-10.00,4.00,8.00,35.00,8.00,28365056,359
131.99,1565268868,0.00,nan,nan,0.00,0.00,0.00,0.00,1,-107.00,-10.00,4.00,8.00,35.00,8.00,28365056,359
133.00,1565268869,0.00,nan,nan,0.00,0.00,0.00,0.00,1,-108.00,-10.00,5.00,9.00,33.00,8.00,28365056,359
134.00,1565268870,0.00,nan,nan,0.00,0.00,0.00,0.00,1,-108.00,-10.00,5.00,9.00,33.00,8.00,28365056,359
134.99,1565268871,0.00,nan,nan,0.00,0.00,0.00,0.00,1,-108.00,-9.00,2.00,9.00,32.00,8.00,28365056,359
135.99,1565268872,0.00,nan,nan,0.00,0.00,0.00,0.00,1,-108.00,-9.00,2.00,9.00,32.00,8.00,28365056,359
137.00,1565268873,0.00,nan,nan,0.00,0.00,0.00,0.00,1,-109.00,-11.00,-1.00,7.00,33.00,8.00,28365056,359
137.99,1565268874,0.00,nan,nan,0.00,0.00,0.00,0.00,1,-109.00,-11.00,-1.00,7.00,33.00,8.00,28365056,359
138.99,1565268875,0.00,nan,nan,0.00,0.00,0.00,0.00,1,-106.00,-10.00,7.00,12.00,35.00,8.00,28365056,359
140.00,1565268876,0.00,nan,nan,0.00,0.00,0.00,0.00,1,-106.00,-10.00,7.00,12.00,35.00,8.00,28365056,359
140.99,1565268877,0.00,nan,nan,0.00,0.00,0.00,0.00,1,-104.00,-10.00,7.00,2.00,37.00,8.00,28365056,359
141.99,1565268878,0.00,nan,nan,0.00,0.00,0.00,0.00,1,-104.00,-10.00,7.00,2.00,37.00,8.00,28365056,359
143.00,1565268879,0.00,nan,nan,0.00,0.00,0.00,0.00,1,-103.00,-11.00,12.00,2.00,38.00,8.00,28365056,359
143.99,1565268880,0.00,nan,nan,0.00,0.00,0.00,0.00,1,-103.00,-11.00,12.00,2.00,38.00,8.00,28365056,359
144.99,1565268881,0.00,nan,nan,0.00,0.00,0.00,0.00,1,-103.00,-11.00,12.00,2.00,38.00,8.00,28365056,359
145.99,1565268882,0.00,nan,nan,0.00,0.00,0.00,0.00,1,-93.00,-10.00,10.00,2.00,49.00,8.00,28365056,359
146.99,1565268883,0.00,nan,nan,0.00,0.00,0.00,0.00,1,-93.00,-10.00,10.00,2.00,49.00,8.00,28365056,359
147.99,1565268884,0.00,nan,nan,0.00,0.00,0.00,0.00,1,-88.00,-9.00,10.00,2.00,53.00,8.00,28365056,359
148.99,1565268885,0.00,nan,nan,0.00,0.00,0.00,0.00,1,-88.00,-9.00,10.00,2.00,53.00,8.00,28365056,359
150.00,1565268886,0.00,nan,nan,0.00,0.00,0.00,0.00,1,-92.00,-9.00,16.00,9.00,48.00,5.00,28365056,359
150.99,1565268887,0.00,nan,nan,0.00,0.00,0.00,0.00,1,-92.00,-9.00,16.00,9.00,48.00,5.00,28365056,359
151.99,1565268888,0.00,nan,nan,0.00,0.00,0.00,0.00,1,-93.00,-10.00,12.00,13.00,47.00,5.00,28365056,359
152.99,1565268889,0.00,nan,nan,0.00,0.00,0.00,0.00,1,-93.00,-10.00,12.00,13.00,47.00,5.00,28365056,359
153.99,1565268890,0.00,nan,nan,0.00,0.00,0.00,0.00,1,-92.00,-9.00,13.00,10.00,49.00,5.00,28365056,359
154.99,1565268891,0.00,nan,nan,0.00,0.00,0.00,0.00,1,-92.00,-9.00,13.00,10.00,49.00,5.00,28365056,359
155.99,1565268892,0.00,nan,nan,0.00,0.00,0.00,0.00,1,-91.00,-8.00,10.00,10.00,49.00,5.00,28365056,359
156.99,1565268893,0.00,nan,nan,0.00,0.00,0.00,0.00,1,-91.00,-8.00,10.00,10.00,49.00,5.00,28365056,359
157.99,1565268894,0.00,nan,nan,0.00,0.00,0.00,0.00,1,-93.00,-9.00,14.00,5.00,48.00,5.00,28365056,359
158.99,1565268895,0.00,nan,nan,0.00,0.00,0.00,0.00,1,-93.00,-9.00,14.00,5.00,48.00,5.00,28365056,359
159.99,1565268896,0.00,nan,nan,0.00,0.00,0.00,0.00,1,-93.00,-9.00,11.00,9.00,47.00,5.00,28365056,359
160.99,1565268897,0.00,nan,nan,0.00,0.00,0.00,0.00,1,-93.00,-9.00,11.00,9.00,47.00,5.00,28365056,359
161.99,1565268898,0.00,nan,nan,0.00,0.00,0.00,0.00,1,-93.00,-9.00,13.00,7.00,48.00,5.00,28365056,359
162.99,1565268899,0.00,nan,nan,0.00,0.00,0.00,0.00,1,-93.00,-9.00,13.00,7.00,48.00,5.00,28365056,359
164.00,1565268900,0.00,nan,nan,0.00,0.00,0.00,0.00,1,-94.00,-10.00,9.00,5.00,47.00,5.00,28365056,359
164.99,1565268901,0.00,nan,nan,0.00,0.00,0.00,0.00,1,-94.00,-10.00,9.00,5.00,47.00,5.00,28365056,359
165.99,1565268902,0.00,nan,nan,0.00,0.00,0.00,0.00,1,-94.00,-10.00,9.00,5.00,47.00,5.00,28365056,359
166.99,1565268903,0.00,nan,nan,0.00,0.00,0.00,0.00,1,-94.00,-9.00,9.00,9.00,46.00,5.00,28365056,359
167.99,1565268904,0.00,nan,nan,0.00,0.00,0.00,0.00,1,-94.00,-9.00,9.00,9.00,46.00,5.00,28365056,359
168.99,1565268905,0.00,nan,nan,0.00,0.00,0.00,0.00,1,-93.00,-10.00,9.00,2.00,48.00,5.00,28365056,359
169.99,1565268906,0.00,nan,nan,0.00,0.00,0.00,0.00,1,-93.00,-10.00,9.00,2.00,48.00,5.00,28365056,359
170.99,1565268907,0.00,nan,nan,0.00,0.00,0.00,0.00,1,-93.00,-10.00,6.00,2.00,49.00,5.00,28365056,359
171.99,1565268908,0.00,nan,nan,0.00,0.00,0.00,0.00,1,-93.00,-10.00,6.00,2.00,49.00,5.00,28365056,359
172.99,1565268909,0.00,nan,nan,0.00,0.00,0.00,0.00,1,-92.00,-10.00,7.00,2.00,49.00,5.00,28365056,359
173.99,1565268910,0.00,nan,nan,0.00,0.00,0.00,0.00,1,-92.00,-10.00,7.00,2.00,49.00,5.00,28365056,359
174.99,1565268911,0.00,nan,nan,0.00,0.00,0.00,0.00,1,-88.00,-8.00,10.00,2.00,52.00,5.00,28365057,358
175.99,1565268912,0.00,nan,nan,0.00,0.00,0.00,0.00,1,-88.00,-8.00,10.00,2.00,52.00,5.00,28365057,358
176.99,1565268913,0.00,nan,nan,0.00,0.00,0.00,0.00,1,-85.00,-8.00,8.00,2.00,54.00,5.00,28365057,358
177.99,1565268914,0.00,nan,nan,0.00,0.00,0.00,0.00,1,-85.00,-8.00,8.00,2.00,54.00,5.00,28365057,358
178.99,1565268915,0.00,nan,nan,0.00,0.00,0.00,0.00,1,-87.00,-9.00,7.00,2.00,53.00,5.00,28365057,358
179.99,1565268916,0.00,nan,nan,0.00,0.00,0.00,0.00,1,-87.00,-9.00,7.00,2.00,53.00,5.00,28365057,358
180.99,1565268917,0.00,nan,nan,0.00,0.00,0.00,0.00,1,-88.00,-8.00,8.00,2.00,52.00,5.00,28365057,358
181.99,1565268918,0.00,nan,nan,0.00,0.00,0.00,0.00,1,-88.00,-8.00,8.00,2.00,52.00,5.00,28365057,358
182.99,1565268919,0.00,nan,nan,0.00,0.00,0.00,0.00,1,-90.00,-9.00,10.00,2.00,51.00,5.00,28365057,358
183.99,1565268920,0.00,nan,nan,0.00,0.00,0.00,0.00,1,-90.00,-9.00,10.00,2.00,51.00,5.00,28365057,358
185.00,1565268921,0.00,nan,nan,0.00,0.00,0.00,0.00,1,-90.00,-9.00,8.00,2.00,50.00,5.00,28365057,358
185.99,1565268922,0.00,nan,nan,0.00,0.00,0.00,0.00,1,-90.00,-9.00,8.00,2.00,50.00,5.00,28365057,358
186.99,1565268923,0.00,nan,nan,0.00,0.00,0.00,0.00,1,-90.00,-9.00,8.00,2.00,50.00,5.00,28365057,358
187.99,1565268924,0.00,nan,nan,0.00,0.00,0.00,0.00,1,-87.00,-10.00,11.00,14.00,54.00,7.00,28365057,358
188.99,1565268925,0.00,nan,nan,0.00,0.00,0.00,0.00,1,-87.00,-10.00,11.00,14.00,54.00,7.00,28365057,358
189.99,1565268926,0.00,nan,nan,0.00,0.00,0.00,0.00,1,-87.00,-9.00,8.00,10.00,53.00,7.00,28365057,358
190.99,1565268927,0.00,nan,nan,0.00,0.00,0.00,0.00,1,-87.00,-9.00,8.00,10.00,53.00,7.00,28365057,358
191.99,1565268928,0.00,nan,nan,0.00,0.00,0.00,0.00,1,-89.00,-9.00,7.00,10.00,52.00,7.00,28365057,358
193.00,1565268929,0.00,nan,nan,0.00,0.00,0.00,0.00,1,-89.00,-9.00,7.00,10.00,52.00,7.00,28365057,358
193.99,1565268930,0.00,nan,nan,0.00,0.00,0.00,0.00,1,-93.00,-10.00,10.00,13.00,48.00,7.00,28365057,358
194.99,1565268931,0.00,nan,nan,0.00,0.00,0.00,0.00,1,-93.00,-10.00,10.00,13.00,48.00,7.00,28365057,358
195.99,1565268932,0.00,nan,nan,0.00,0.00,0.00,0.00,1,-92.00,-8.00,2.00,6.00,47.00,11.00,29563904,96
196.99,1565268933,0.00,nan,nan,0.00,0.00,0.00,0.00,1,-92.00,-8.00,2.00,6.00,47.00,11.00,29563904,96
197.99,1565268934,0.00,nan,nan,0.00,0.00,0.00,0.00,1,-94.00,-7.00,9.00,13.00,45.00,11.00,29563904,96
198.99,1565268935,0.00,nan,nan,0.00,0.00,0.00,0.00,1,-94.00,-7.00,9.00,13.00,45.00,11.00,29563904,96
199.99,1565268936,0.00,nan,nan,0.00,0.00,0.00,0.00,1,-97.00,-8.00,4.00,9.00,43.00,10.00,28365056,96
200.99,1565268937,0.00,nan,nan,0.00,0.00,0.00,0.00,1,-97.00,-8.00,4.00,9.00,43.00,10.00,28365056,96
201.99,1565268938,0.00,nan,nan,0.00,0.00,0.00,0.00,1,-101.00,-9.00,7.00,10.00,39.00,10.00,28365056,359
202.99,1565268939,0.00,nan,nan,0.00,0.00,0.00,0.00,1,-101.00,-9.00,7.00,10.00,39.00,10.00,28365056,359
203.99,1565268940,0.00,nan,nan,0.00,0.00,0.00,0.00,1,-100.00,-9.00,21.00,9.00,41.00,10.00,28365056,359
204.99,1565268941,0.00,nan,nan,0.00,0.00,0.00,0.00,1,-100.00,-9.00,21.00,9.00,41.00,10.00,28365056,359
206.00,1565268942,0.00,nan,nan,0.00,0.00,0.00,0.00,1,-98.00,-7.00,5.00,6.00,41.00,16.00,28368386,213
206.99,1565268943,0.00,nan,nan,0.00,0.00,0.00,0.00,1,-98.00,-7.00,5.00,6.00,41.00,16.00,28368386,213
207.99,1565268944,0.00,nan,nan,0.00,0.00,0.00,0.00,1,-98.00,-7.00,5.00,6.00,41.00,16.00,28368386,213
208.99,1565268945,0.00,nan,nan,0.00,0.00,0.00,0.00,1,-101.00,-7.00,13.00,12.00,37.00,16.00,28368386,213
209.99,1565268946,0.00,nan,nan,0.00,0.00,0.00,0.00,1,-101.00,-7.00,13.00,12.00,37.00,16.00,28368386,213
210.99,1565268947,0.00,nan,nan,0.00,0.00,0.00,0.00,1,-101.00,-7.00,10.00,14.00,38.00,16.00,28368386,213
211.99,1565268948,0.00,nan,nan,0.00,0.00,0.00,0.00,1,-101.00,-7.00,10.00,14.00,38.00,16.00,28368386,213
212.99,1565268949,0.00,nan,nan,0.00,0.00,0.00,0.00,1,-102.00,-7.00,8.00,9.00,37.00,16.00,28368386,213
213.99,1565268950,0.00,nan,nan,0.00,0.00,0.00,0.00,1,-102.00,-7.00,8.00,9.00,37.00,16.00,28368386,213
214.99,1565268951,0.00,nan,nan,0.00,0.00,0.00,0.00,1,-100.00,-7.00,9.00,11.00,40.00,16.00,28368386,213
215.99,1565268952,0.00,nan,nan,0.00,0.00,0.00,0.00,1,-100.00,-7.00,9.00,11.00,40.00,16.00,28368386,213
216.99,1565268953,0.00,nan,nan,0.00,0.00,0.00,0.00,1,-101.00,-11.00,-2.00,7.00,41.00,16.00,28368386,213
217.99,1565268954,0.00,nan,nan,0.00,0.00,0.00,0.00,1,-101.00,-11.00,-2.00,7.00,41.00,16.00,28368386,213
218.99,1565268955,0.00,nan,nan,0.00,0.00,0.00,0.00,1,-102.00,-9.00,2.00,5.00,38.00,16.00,28368386,213
219.99,1565268956,0.00,nan,nan,0.00,0.00,0.00,0.00,1,-102.00,-9.00,2.00,5.00,38.00,16.00,28368386,213
220.99,1565268957,0.00,nan,nan,0.00,0.00,0.00,0.00,1,-101.00,-8.00,4.00,2.00,39.00,16.00,28368386,213
221.99,1565268958,0.00,nan,nan,0.00,0.00,0.00,0.00,1,-101.00,-8.00,4.00,2.00,39.00,16.00,28368386,213
222.99,1565268959,0.00,nan,nan,0.00,0.00,0.00,0.00,1,-104.00,-9.00,7.00,2.00,36.00,16.00,28368386,213
223.99,1565268960,0.00,nan,nan,0.00,0.00,0.00,0.00,1,-104.00,-9.00,7.00,2.00,36.00,16.00,28368386,213
224.99,1565268961,0.00,nan,nan,0.00,0.00,0.00,0.00,1,-102.00,-8.00,-1.00,2.00,37.00,16.00,28368386,213
225.99,1565268962,0.00,nan,nan,0.00,0.00,0.00,0.00,1,-102.00,-8.00,-1.00,2.00,37.00,16.00,28368386,213
227.00,1565268963,0.00,nan,nan,0.00,0.00,0.00,0.00,1,-101.00,-9.00,7.00,2.00,38.00,16.00,28368386,213
227.99,1565268964,0.00,nan,nan,0.00,0.00,0.00,0.00,1,-101.00,-9.00,7.00,2.00,38.00,16.00,28368386,213
228.99,1565268965,0.00,nan,nan,0.00,0.00,0.00,0.00,1,-101.00,-9.00,7.00,2.00,38.00,16.00,28368386,213
229.99,1565268966,0.00,nan,nan,0.00,0.00,0.00,0.00,1,-99.00,-8.00,8.00,2.00,41.00,16.00,28368386,213
230.99,1565268967,0.00,nan,nan,0.00,0.00,0.00,0.00,1,-99.00,-8.00,8.00,2.00,41.00,16.00,28368386,213
231.99,1565268968,0.00,nan,nan,0.00,0.00,0.00,0.00,1,-99.00,-9.00,10.00,2.00,41.00,16.00,28368386,213
232.99,1565268969,0.00,nan,nan,0.00,0.00,0.00,0.00,1,-99.00,-9.00,10.00,2.00,41.00,16.00,28368386,213
233.99,1565268970,0.00,nan,nan,0.00,0.00,0.00,0.00,1,-98.00,-9.00,-1.00,2.00,42.00,16.00,28368386,213
234.99,1565268971,0.00,nan,nan,0.00,0.00,0.00,0.00,1,-98.00,-9.00,-1.00,2.00,42.00,16.00,28368386,213
235.99,1565268972,0.00,nan,nan,0.00,0.00,0.00,0.00,1,-98.00,-9.00,2.00,2.00,43.00,16.00,28368386,213
236.99,1565268973,0.00,nan,nan,0.00,0.00,0.00,0.00,1,-98.00,-9.00,2.00,2.00,43.00,16.00,28368386,213
237.99,1565268974,0.00,nan,nan,0.00,0.00,0.00,0.00,1,-100.00,-8.00,1.00,2.00,39.00,16.00,29563904,96
238.99,1565268975,0.00,nan,nan,0.00,0.00,0.00,0.00,1,-100.00,-8.00,1.00,2.00,39.00,16.00,29563904,96
239.99,1565268976,0.00,nan,nan,0.00,0.00,0.00,0.00,1,-101.00,-8.00,0.00,2.00,39.00,16.00,29563904,96
240.99,1565268977,0.00,nan,nan,0.00,0.00,0.00,0.00,1,-101.00,-8.00,0.00,2.00,39.00,16.00,29563904,96
241.99,1565268978,0.00,nan,nan,0.00,0.00,0.00,0.00,1,-102.00,-8.00,1.00,2.00,38.00,16.00,29563904,96
242.99,1565268979,0.00,nan,nan,0.00,0.00,0.00,0.00,1,-102.00,-8.00,1.00,2.00,38.00,16.00,29563904,96
244.00,1565268980,0.00,nan,nan,0.00,0.00,0.00,0.00,1,-95.00,-8.00,0.00,6.00,44.00,5.00,28367106,86
244.99,1565268981,0.00,nan,nan,0.00,0.00,0.00,0.00,1,-95.00,-8.00,0.00,6.00,44.00,5.00,28367106,86
245.99,1565268982,0.00,nan,nan,0.00,0.00,0.00,0.00,1,-95.00,-10.00,6.00,10.00,42.00,5.00,28367106,86
246.99,1565268983,0.00,nan,nan,0.00,0.00,0.00,0.00,1,-95.00,-10.00,6.00,10.00,42.00,5.00,28367106,86
248.00,1565268984,0.00,nan,nan,0.00,0.00,0.00,0.00,1,-96.00,-8.00,4.00,6.00,43.00,12.00,28368386,213
248.99,1565268985,0.00,nan,nan,0.00,0.00,0.00,0.00,1,-96.00,-8.00,4.00,6.00,43.00,12.00,28368386,213
249.99,1565268986,0.00,nan,nan,0.00,0.00,0.00,0.00,1,-96.00,-8.00,4.00,6.00,43.00,12.00,28368386,213
250.99,1565268987,0.00,nan,nan,0.00,0.00,0.00,0.00,1,-99.00,-9.00,8.00,10.00,41.00,12.00,28368386,213
251.99,1565268988,0.00,nan,nan,0.00,0.00,0.00,0.00,1,-99.00,-9.00,8.00,10.00,41.00,12.00,28368386,213
252.99,1565268989,0.00,nan,nan,0.00,0.00,0.00,0.00,1,-88.00,-6.00,16.00,13.00,49.00,12.00,28368386,213
253.99,1565268990,0.00,nan,nan,0.00,0.00,0.00,0.00,1,-88.00,-6.00,16.00,13.00,49.00,12.00,28368386,213
254.99,1565268991,0.00,nan,nan,0.00,0.00,0.00,0.00,1,-91.00,-6.00,27.00,11.00,47.00,12.00,28368386,213
255.99,1565268992,0.00,nan,nan,0.00,0.00,0.00,0.00,1,-91.00,-6.00,27.00,11.00,47.00,12.00,28368386,213
256.99,1565268993,0.00,nan,nan,0.00,0.00,0.00,0.00,1,-92.00,-7.00,8.00,11.00,47.00,12.00,28368386,213
257.99,1565268994,0.00,nan,nan,0.00,0.00,0.00,0.00,1,-92.00,-7.00,8.00,11.00,47.00,12.00,28368386,213
258.99,1565268995,0.00,nan,nan,0.00,0.00,0.00,0.00,1,-92.00,-6.00,-2.00,11.00,46.00,12.00,28368386,213
259.99,1565268996,0.00,nan,nan,0.00,0.00,0.00,0.00,1,-92.00,-6.00,-2.00,11.00,46.00,12.00,28368386,213
260.99,1565268997,0.00,nan,nan,0.00,0.00,0.00,0.00,1,-92.00,-7.00,26.00,12.00,46.00,12.00,28368386,213
261.99,1565268998,0.00,nan,nan,0.00,0.00,0.00,0.00,1,-92.00,-7.00,26.00,12.00,46.00,12.00,28368386,213
262.99,1565268999,0.00,nan,nan,0.00,0.00,0.00,0.00,1,-91.00,-6.00,8.00,2.00,46.00,12.00,28368386,213
263.99,1565269000,0.00,nan,nan,0.00,0.00,0.00,0.00,1,-91.00,-6.00,8.00,2.00,46.00,12.00,28368386,213
264.99,1565269001,0.00,nan,nan,0.00,0.00,0.00,0.00,1,-90.00,-8.00,13.00,2.00,50.00,12.00,28367106,86
265.99,1565269002,0.00,nan,nan,0.00,0.00,0.00,0.00,1,-90.00,-8.00,13.00,2.00,50.00,12.00,28367106,86
266.99,1565269003,0.00,nan,nan,0.00,0.00,0.00,0.00,1,-90.00,-8.00,10.00,2.00,49.00,12.00,28367106,86
267.99,1565269004,0.00,nan,nan,0.00,0.00,0.00,0.00,1,-90.00,-8.00,10.00,2.00,49.00,12.00,28367106,86
269.00,1565269005,0.00,nan,nan,0.00,0.00,0.00,0.00,1,-89.00,-8.00,10.00,2.00,51.00,12.00,28367106,86
269.99,1565269006,0.00,nan,nan,0.00,0.00,0.00,0.00,1,-89.00,-8.00,10.00,2.00,51.00,12.00,28367106,86
270.99,1565269007,0.00,nan,nan,0.00,0.00,0.00,0.00,1,-89.00,-8.00,10.00,2.00,51.00,12.00,28367106,86
271.99,1565269008,0.00,nan,nan,0.00,0.00,0.00,0.00,1,-89.00,-8.00,13.00,2.00,51.00,12.00,28367106,86
272.99,1565269009,0.00,nan,nan,0.00,0.00,0.00,0.00,1,-89.00,-8.00,13.00,2.00,51.00,12.00,28367106,86
273.99,1565269010,0.00,nan,nan,0.00,0.00,0.00,0.00,1,-89.00,-8.00,14.00,2.00,50.00,12.00,28367106,86
274.99,1565269011,0.00,nan,nan,0.00,0.00,0.00,0.00,1,-89.00,-8.00,14.00,2.00,50.00,12.00,28367106,86
275.99,1565269012,0.00,nan,nan,0.00,0.00,0.00,0.00,1,-90.00,-7.00,10.00,2.00,49.00,12.00,28367106,86
276.99,1565269013,0.00,nan,nan,0.00,0.00,0.00,0.00,1,-90.00,-7.00,10.00,2.00,49.00,12.00,28367106,86
277.99,1565269014,0.00,nan,nan,0.00,0.00,0.00,0.00,1,-90.00,-7.00,13.00,2.00,49.00,12.00,28367106,86
278.99,1565269015,0.00,nan,nan,0.00,0.00,0.00,0.00,1,-90.00,-7.00,13.00,2.00,49.00,12.00,28367106,86
279.99,1565269016,0.00,nan,nan,0.00,0.00,0.00,0.00,1,-89.00,-7.00,13.00,2.00,50.00,12.00,28367106,86
280.99,1565269017,0.00,nan,nan,0.00,0.00,0.00,0.00,1,-89.00,-7.00,13.00,2.00,50.00,12.00,28367106,86
281.99,1565269018,0.00,nan,nan,0.00,0.00,0.00,0.00,1,-90.00,-7.00,13.00,2.00,50.00,12.00,28367106,86
282.99,1565269019,0.00,nan,nan,0.00,0.00,0.00,0.00,1,-90.00,-7.00,13.00,2.00,50.00,12.00,28367106,86
283.99,1565269020,0.00,nan,nan,0.00,0.00,0.00,0.00,1,-90.00,-7.00,13.00,2.00,49.00,12.00,28367106,86
284.99,1565269021,0.00,nan,nan,0.00,0.00,0.00,0.00,1,-90.00,-7.00,13.00,2.00,49.00,12.00,28367106,86
285.99,1565269022,0.00,nan,nan,0.00,0.00,0.00,0.00,1,-90.00,-7.00,10.00,2.00,49.00,12.00,28367106,86
286.99,1565269023,0.00,nan,nan,0.00,0.00,0.00,0.00,1,-90.00,-7.00,10.00,2.00,49.00,12.00,28367106,86
287.99,1565269024,0.00,nan,nan,0.00,0.00,0.00,0.00,1,-90.00,-7.00,15.00,2.00,49.00,12.00,28367106,86
288.99,1565269025,0.00,nan,nan,0.00,0.00,0.00,0.00,1,-90.00,-7.00,15.00,2.00,49.00,12.00,28367106,86
290.00,1565269026,0.00,nan,nan,0.00,0.00,0.00,0.00,1,-89.00,-7.00,14.00,2.00,50.00,12.00,28367106,86
290.99,1565269027,0.00,nan,nan,0.00,0.00,0.00,0.00,1,-89.00,-7.00,14.00,2.00,50.00,12.00,28367106,86
291.99,1565269028,0.00,nan,nan,0.00,0.00,0.00,0.00,1,-89.00,-7.00,14.00,2.00,50.00,12.00,28367106,86
292.99,1565269029,0.00,nan,nan,0.00,0.00,0.00,0.00,1,-88.00,-7.00,16.00,2.00,50.00,12.00,28367106,86
293.99,1565269030,0.00,nan,nan,0.00,0.00,0.00,0.00,1,-88.00,-7.00,16.00,2.00,50.00,12.00,28367106,86
294.99,1565269031,0.00,nan,nan,0.00,0.00,0.00,0.00,1,-89.00,-7.00,10.00,2.00,50.00,12.00,28367106,86
295.99,1565269032,0.00,nan,nan,0.00,0.00,0.00,0.00,1,-89.00,-7.00,10.00,2.00,50.00,12.00,28367106,86
296.99,1565269033,0.00,nan,nan,0.00,0.00,0.00,0.00,1,-90.00,-8.00,-4.00,2.00,50.00,12.00,28367106,86
297.99,1565269034,0.00,nan,nan,0.00,0.00,0.00,0.00,1,-90.00,-8.00,-4.00,2.00,50.00,12.00,28367106,86
298.99,1565269035,0.00,nan,nan,0.00,0.00,0.00,0.00,1,-88.00,-7.00,13.00,2.00,50.00,12.00,28368386,213
299.99,1565269036,0.00,nan,nan,0.00,0.00,0.00,0.00,1,-88.00,-7.00,13.00,2.00,50.00,12.00,28368386,213
300.99,1565269037,0.00,nan,nan,0.00,0.00,0.00,0.00,1,-90.00,-8.00,7.00,2.00,49.00,12.00,28368386,213
301.99,1565269038,0.00,nan,nan,0.00,0.00,0.00,0.00,1,-90.00,-8.00,7.00,2.00,49.00,12.00,28368386,213
302.99,1565269039,0.00,nan,nan,0.00,0.00,0.00,0.00,1,-93.00,-8.00,7.00,2.00,45.00,12.00,28368386,213
303.99,1565269040,0.00,nan,nan,0.00,0.00,0.00,0.00,1,-93.00,-8.00,7.00,2.00,45.00,12.00,28368386,213
304.99,1565269041,0.00,nan,nan,0.00,0.00,0.00,0.00,1,-96.00,-8.00,5.00,2.00,44.00,12.00,28368386,213
305.99,1565269042,0.00,nan,nan,0.00,0.00,0.00,0.00,1,-96.00,-8.00,5.00,2.00,44.00,12.00,28368386,213
306.99,1565269043,0.00,nan,nan,0.00,0.00,0.00,0.00,1,-96.00,-7.00,-3.00,2.00,43.00,12.00,28368386,213
307.99,1565269044,0.00,nan,nan,0.00,0.00,0.00,0.00,1,-96.00,-7.00,-3.00,2.00,43.00,12.00,28368386,213
308.99,1565269045,0.00,nan,nan,0.00,0.00,0.00,0.00,1,-96.00,-11.00,0.00,2.00,47.00,12.00,28367105,85
309.99,1565269046,0.00,nan,nan,0.00,0.00,0.00,0.00,1,-96.00,-11.00,0.00,2.00,47.00,12.00,28367105,85
311.00,1565269047,0.00,nan,nan,0.00,0.00,0.00,0.00,1,-93.00,-8.00,1.00,2.00,47.00,12.00,28368386,213
311.99,1565269048,0.00,nan,nan,0.00,0.00,0.00,0.00,1,-93.00,-8.00,1.00,2.00,47.00,12.00,28368386,213
312.99,1565269049,0.00,nan,nan,0.00,0.00,0.00,0.00,1,-93.00,-8.00,1.00,2.00,47.00,12.00,28368386,213
313.99,1565269050,0.00,nan,nan,0.00,0.00,0.00,0.00,1,-94.00,-8.00,1.00,2.00,45.00,12.00,28368386,213
314.99,1565269051,0.00,nan,nan,0.00,0.00,0.00,0.00,1,-94.00,-8.00,1.00,2.00,45.00,12.00,28368386,213
315.99,1565269052,0.00,nan,nan,0.00,0.00,0.00,0.00,1,-90.00,-8.00,10.00,2.00,50.00,12.00,28367105,85
316.99,1565269053,0.00,nan,nan,0.00,0.00,0.00,0.00,1,-90.00,-8.00,10.00,2.00,50.00,12.00,28367105,85
317.99,1565269054,0.00,nan,nan,0.00,0.00,0.00,0.00,1,-89.00,-7.00,10.00,2.00,49.00,12.00,28368386,213
318.99,1565269055,0.00,nan,nan,0.00,0.00,0.00,0.00,1,-89.00,-7.00,10.00,2.00,49.00,12.00,28368386,213
319.99,1565269056,0.00,nan,nan,0.00,0.00,0.00,0.00,1,-101.00,-8.00,7.00,10.00,38.00,4.00,28367105,213
320.99,1565269057,0.00,nan,nan,0.00,0.00,0.00,0.00,1,-101.00,-8.00,7.00,10.00,38.00,4.00,28367105,213
321.99,1565269058,0.00,nan,nan,0.00,0.00,0.00,0.00,1,-86.00,-5.00,16.00,12.00,50.00,4.00,28367105,85
323.00,1565269059,0.00,nan,nan,0.00,0.00,0.00,0.00,1,-86.00,-5.00,16.00,12.00,50.00,4.00,28367105,85
323.99,1565269060,0.00,nan,nan,0.00,0.00,0.00,0.00,1,-84.00,-5.00,22.00,12.00,52.00,4.00,28367105,85
324.99,1565269061,0.00,nan,nan,0.00,0.00,0.00,0.00,1,-84.00,-5.00,22.00,12.00,52.00,4.00,28367105,85
325.99,1565269062,0.00,nan,nan,0.00,0.00,0.00,0.00,1,-86.00,-5.00,20.00,11.00,51.00,4.00,28367105,85
326.99,1565269063,0.00,nan,nan,0.00,0.00,0.00,0.00,1,-86.00,-5.00,20.00,11.00,51.00,4.00,28367105,85
327.99,1565269064,0.00,nan,nan,0.00,0.00,0.00,0.00,1,-91.00,-6.00,28.00,14.00,47.00,4.00,28367105,85
328.99,1565269065,0.00,nan,nan,0.00,0.00,0.00,0.00,1,-91.00,-6.00,28.00,14.00,47.00,4.00,28367105,85
329.99,1565269066,0.00,nan,nan,0.00,0.00,0.00,0.00,1,-90.00,-6.00,37.00,12.00,48.00,4.00,28367105,85
330.99,1565269067,0.00,nan,nan,0.00,0.00,0.00,0.00,1,-90.00,-6.00,37.00,12.00,48.00,4.00,28367105,85
332.00,1565269068,0.00,nan,nan,0.00,0.00,0.00,0.00,1,-91.00,-7.00,34.00,12.00,47.00,4.00,28367105,85
332.99,1565269069,0.00,nan,nan,0.00,0.00,0.00,0.00,1,-91.00,-7.00,34.00,12.00,47.00,4.00,28367105,85
333.99,1565269070,0.00,nan,nan,0.00,0.00,0.00,0.00,1,-91.00,-7.00,34.00,12.00,47.00,4.00,28367105,85
334.99,1565269071,0.00,nan,nan,0.00,0.00,0.00,0.00,1,-91.00,-6.00,33.00,12.00,46.00,4.00,28367105,85
335.99,1565269072,0.00,nan,nan,0.00,0.00,0.00,0.00,1,-91.00,-6.00,33.00,12.00,46.00,4.00,28367105,85
336.99,1565269073,0.00,nan,nan,0.00,0.00,0.00,0.00,1,-90.00,-6.00,33.00,15.00,48.00,4.00,28367105,85
337.99,1565269074,0.00,nan,nan,0.00,0.00,0.00,0.00,1,-90.00,-6.00,33.00,15.00,48.00,4.00,28367105,85
338.99,1565269075,0.00,nan,nan,0.00,0.00,0.00,0.00,1,-91.00,-7.00,33.00,11.00,47.00,4.00,28367105,85
339.99,1565269076,0.00,nan,nan,0.00,0.00,0.00,0.00,1,-91.00,-7.00,33.00,11.00,47.00,4.00,28367105,85
340.99,1565269077,0.00,nan,nan,0.00,0.00,0.00,0.00,1,-89.00,-5.00,21.00,2.00,47.00,4.00,28367105,85
341.99,1565269078,0.00,nan,nan,0.00,0.00,0.00,0.00,1,-89.00,-5.00,21.00,2.00,47.00,4.00,28367105,85
342.99,1565269079,0.00,nan,nan,0.00,0.00,0.00,0.00,1,-92.00,-6.00,19.00,2.00,46.00,4.00,28367105,85
343.99,1565269080,0.00,nan,nan,0.00,0.00,0.00,0.00,1,-92.00,-6.00,19.00,2.00,46.00,4.00,28367105,85
344.99,1565269081,0.00,nan,nan,0.00,0.00,0.00,0.00,1,-93.00,-6.00,21.00,2.00,45.00,4.00,28367105,85
345.99,1565269082,0.00,nan,nan,0.00,0.00,0.00,0.00,1,-93.00,-6.00,21.00,2.00,45.00,4.00,28367105,85
346.99,1565269083,0.00,nan,nan,0.00,0.00,0.00,0.00,1,-92.00,-6.00,10.00,2.00,45.00,4.00,28368386,213
347.99,1565269084,0.00,nan,nan,0.00,0.00,0.00,0.00,1,-92.00,-6.00,10.00,2.00,45.00,4.00,28368386,213
348.99,1565269085,0.00,nan,nan,0.00,0.00,0.00,0.00,1,-89.00,-5.00,14.00,2.00,47.00,4.00,28368386,213
349.99,1565269086,0.00,nan,nan,0.00,0.00,0.00,0.00,1,-89.00,-5.00,14.00,2.00,47.00,4.00,28368386,213
350.99,1565269087,0.00,nan,nan,0.00,0.00,0.00,0.00,1,-92.00,-7.00,14.00,2.00,46.00,4.00,28368386,213
351.99,1565269088,0.00,nan,nan,0.00,0.00,0.00,0.00,1,-92.00,-7.00,14.00,2.00,46.00,4.00,28368386,213
353.00,1565269089,0.00,nan,nan,0.00,0.00,0.00,0.00,1,-94.00,-7.00,14.00,2.00,44.00,4.00,28368386,213
353.99,1565269090,0.00,nan,nan,0.00,0.00,0.00,0.00,1,-94.00,-7.00,14.00,2.00,44.00,4.00,28368386,213
354.99,1565269091,0.00,nan,nan,0.00,0.00,0.00,0.00,1,-94.00,-7.00,14.00,2.00,44.00,4.00,28368386,213
355.99,1565269092,0.00,nan,nan,0.00,0.00,0.00,0.00,1,-96.00,-8.00,11.00,2.00,44.00,4.00,28368386,213
356.99,1565269093,0.00,nan,nan,0.00,0.00,0.00,0.00,1,-96.00,-8.00,11.00,2.00,44.00,4.00,28368386,213
357.99,1565269094,0.00,nan,nan,0.00,0.00,0.00,0.00,1,-96.00,-7.00,14.00,2.00,42.00,4.00,28368386,213
358.99,1565269095,0.00,nan,nan,0.00,0.00,0.00,0.00,1,-96.00,-7.00,14.00,2.00,42.00,4.00,28368386,213
359.99,1565269096,0.00,nan,nan,0.00,0.00,0.00,0.00,1,-96.00,-7.00,12.00,2.00,41.00,4.00,28368386,213
360.99,1565269097,0.00,nan,nan,0.00,0.00,0.00,0.00,1,-96.00,-7.00,12.00,2.00,41.00,4.00,28368386,213
361.99,1565269098,0.00,nan,nan,0.00,0.00,0.00,0.00,1,-97.00,-6.00,4.00,2.00,40.00,4.00,28368386,213
362.99,1565269099,0.00,nan,nan,0.00,0.00,0.00,0.00,1,-97.00,-6.00,4.00,2.00,40.00,4.00,28368386,213
363.99,1565269100,0.00,nan,nan,0.00,0.00,0.00,0.00,1,-92.00,-7.00,14.00,11.00,48.00,9.00,28368386,213
364.99,1565269101,0.00,nan,nan,0.00,0.00,0.00,0.00,1,-92.00,-7.00,14.00,11.00,48.00,9.00,28368386,213
365.99,1565269102,0.00,nan,nan,0.00,0.00,0.00,0.00,1,-95.00,-6.00,12.00,6.00,41.00,7.00,28367105,85
366.99,1565269103,0.00,nan,nan,0.00,0.00,0.00,0.00,1,-95.00,-6.00,12.00,6.00,41.00,7.00,28367105,85
367.99,1565269104,0.00,nan,nan,0.00,0.00,0.00,0.00,1,-97.00,-7.00,12.00,12.00,42.00,7.00,28367105,85
368.99,1565269105,0.00,nan,nan,0.00,0.00,0.00,0.00,1,-97.00,-7.00,12.00,12.00,42.00,7.00,28367105,85
369.99,1565269106,0.00,nan,nan,0.00,0.00,0.00,0.00,1,-92.00,-6.00,19.00,9.00,44.00,7.00,28367105,85
370.99,1565269107,0.00,nan,nan,0.00,0.00,0.00,0.00,1,-92.00,-6.00,19.00,9.00,44.00,7.00,28367105,85
371.99,1565269108,0.00,nan,nan,0.00,0.00,0.00,0.00,1,-90.00,-5.00,20.00,12.00,47.00,7.00,28367105,85
372.99,1565269109,0.00,nan,nan,0.00,0.00,0.00,0.00,1,-90.00,-5.00,20.00,12.00,47.00,7.00,28367105,85
374.00,1565269110,0.00,nan,nan,0.00,0.00,0.00,0.00,1,-90.00,-5.00,16.00,15.00,47.00,7.00,28367105,85
374.99,1565269111,0.00,nan,nan,0.00,0.00,0.00,0.00,1,-90.00,-5.00,16.00,15.00,47.00,7.00,28367105,85
375.99,1565269112,0.00,nan,nan,0.00,0.00,0.00,0.00,1,-90.00,-5.00,16.00,15.00,47.00,7.00,28367105,85
376.99,1565269113,0.00,nan,nan,0.00,0.00,0.00,0.00,1,-94.00,-6.00,15.00,12.00,42.00,7.00,28367105,85
377.99,1565269114,0.00,nan,nan,0.00,0.00,0.00,0.00,1,-94.00,-6.00,15.00,12.00,42.00,7.00,28367105,85
378.99,1565269115,0.00,nan,nan,0.00,0.00,0.00,0.00,1,-96.00,-6.00,11.00,11.00,41.00,7.00,28367105,85
379.99,1565269116,0.00,nan,nan,0.00,0.00,0.00,0.00,1,-96.00,-6.00,11.00,11.00,41.00,7.00,28367105,85
380.99,1565269117,0.00,nan,nan,0.00,0.00,0.00,0.00,1,-98.00,-7.00,10.00,12.00,39.00,7.00,28367105,85
381.99,1565269118,0.00,nan,nan,0.00,0.00,0.00,0.00,1,-98.00,-7.00,10.00,12.00,39.00,7.00,28367105,85
382.99,1565269119,0.00,nan,nan,0.00,0.00,0.00,0.00,1,-98.00,-6.00,8.00,12.00,40.00,7.00,28367105,85
383.99,1565269120,0.00,nan,nan,0.00,0.00,0.00,0.00,1,-98.00,-6.00,8.00,12.00,40.00,7.00,28367105,85
384.99,1565269121,0.00,nan,nan,0.00,0.00,0.00,0.00,1,-100.00,-7.00,10.00,11.00,39.00,7.00,28367105,85
385.99,1565269122,0.00,nan,nan,0.00,0.00,0.00,0.00,1,-100.00,-7.00,10.00,11.00,39.00,7.00,28367105,85
386.99,1565269123,0.00,nan,nan,0.00,0.00,0.00,0.00,1,-102.00,-8.00,5.00,10.00,38.00,7.00,28367105,85
387.99,1565269124,0.00,nan,nan,0.00,0.00,0.00,0.00,1,-102.00,-8.00,5.00,10.00,38.00,7.00,28367105,85
388.99,1565269125,0.00,nan,nan,0.00,0.00,0.00,0.00,1,-103.00,-8.00,2.00,9.00,37.00,7.00,28367105,85
389.99,1565269126,0.00,nan,nan,0.00,0.00,0.00,0.00,1,-103.00,-8.00,2.00,9.00,37.00,7.00,28367105,85
390.99,1565269127,0.00,nan,nan,0.00,0.00,0.00,0.00,1,-104.00,-12.00,-2.00,8.00,40.00,7.00,28367105,85
391.99,1565269128,0.00,nan,nan,0.00,0.00,0.00,0.00,1,-104.00,-12.00,-2.00,8.00,40.00,7.00,28367105,85
392.99,1565269129,0.00,nan,nan,0.00,0.00,0.00,0.00,1,-105.00,-8.00,1.00,9.00,34.00,7.00,28367105,85
393.99,1565269130,0.00,nan,nan,0.00,0.00,0.00,0.00,1,-105.00,-8.00,1.00,9.00,34.00,7.00,28367105,85
395.00,1565269131,0.00,nan,nan,0.00,0.00,0.00,0.00,1,-97.00,-8.00,-1.00,6.00,43.00,7.00,28368386,213
395.99,1565269132,0.00,nan,nan,0.00,0.00,0.00,0.00,1,-97.00,-8.00,-1.00,6.00,43.00,7.00,28368386,213
396.99,1565269133,0.00,nan,nan,0.00,0.00,0.00,0.00,1,-97.00,-8.00,-1.00,6.00,43.00,7.00,28368386,213
397.99,1565269134,0.00,nan,nan,0.00,0.00,0.00,0.00,1,-100.00,-10.00,7.00,13.00,41.00,7.00,28368386,213
398.99,1565269135,0.00,nan,nan,0.00,0.00,0.00,0.00,1,-100.00,-10.00,7.00,13.00,41.00,7.00,28368386,213
399.99,1565269136,0.00,nan,nan,0.00,0.00,0.00,0.00,1,-101.00,-12.00,6.00,11.00,42.00,7.00,28368386,213
400.99,1565269137,0.00,nan,nan,0.00,0.00,0.00,0.00,1,-101.00,-12.00,6.00,11.00,42.00,7.00,28368386,213
401.99,1565269138,0.00,nan,nan,0.00,0.00,0.00,0.00,1,-103.00,-11.00,2.00,10.00,38.00,7.00,28368386,213
402.99,1565269139,0.00,nan,nan,0.00,0.00,0.00,0.00,1,-103.00,-11.00,2.00,10.00,38.00,7.00,28368386,213
403.99,1565269140,0.00,nan,nan,0.00,0.00,0.00,0.00,1,-109.00,-11.00,1.00,9.00,33.00,7.00,28368386,213
404.99,1565269141,0.00,nan,nan,0.00,0.00,0.00,0.00,1,-109.00,-11.00,1.00,9.00,33.00,7.00,28368386,213
405.99,1565269142,0.00,nan,nan,0.00,0.00,0.00,0.00,1,-107.00,-10.00,4.00,9.00,34.00,14.00,29568768,415
406.99,1565269143,0.00,nan,nan,0.00,0.00,0.00,0.00,1,-107.00,-10.00,4.00,9.00,34.00,14.00,29568768,415
407.99,1565269144,0.00,nan,nan,0.00,0.00,0.00,0.00,1,-103.00,-8.00,1.00,6.00,34.00,7.00,28368384,215
408.99,1565269145,0.00,nan,nan,0.00,0.00,0.00,0.00,1,-103.00,-8.00,1.00,6.00,34.00,7.00,28368384,215
409.99,1565269146,0.00,nan,nan,0.00,0.00,0.00,0.00,1,-104.00,-8.00,7.00,11.00,35.00,7.00,28368384,215
410.99,1565269147,0.00,nan,nan,0.00,0.00,0.00,0.00,1,-104.00,-8.00,7.00,11.00,35.00,7.00,28368384,215
411.99,1565269148,0.00,nan,nan,0.00,0.00,0.00,0.00,1,-102.00,-8.00,7.00,15.00,38.00,7.00,28368384,215
412.99,1565269149,0.00,nan,nan,0.00,0.00,0.00,0.00,1,-102.00,-8.00,7.00,15.00,38.00,7.00,28368384,215
413.99,1565269150,0.00,nan,nan,0.00,0.00,0.00,0.00,1,-101.00,-8.00,8.00,11.00,38.00,7.00,28368384,215
414.99,1565269151,0.00,nan,nan,0.00,0.00,0.00,0.00,1,-101.00,-8.00,8.00,11.00,38.00,7.00,28368384,215
416.00,1565269152,0.00,nan,nan,0.00,0.00,0.00,0.00,1,-92.00,-6.00,14.00,12.00,45.00,7.00,28368384,215
416.99,1565269153,0.00,nan,nan,0.00,0.00,0.00,0.00,1,-92.00,-6.00,14.00,12.00,45.00,7.00,28368384,215
417.99,1565269154,0.00,nan,nan,0.00,0.00,0.00,0.00,1,-92.00,-6.00,14.00,12.00,45.00,7.00,28368384,215
418.99,1565269155,0.00,nan,nan,0.00,0.00,0.00,0.00,1,-99.00,-9.00,6.00,12.00,41.00,12.00,28368384,215
419.99,1565269156,0.00,nan,nan,0.00,0.00,0.00,0.00,1,-99.00,-9.00,6.00,12.00,41.00,12.00,28368384,215
420.99,1565269157,0.00,nan,nan,0.00,0.00,0.00,0.00,1,-94.00,-6.00,13.00,9.00,45.00,12.00,29568768,415
421.99,1565269158,0.00,nan,nan,0.00,0.00,0.00,0.00,1,-94.00,-6.00,13.00,9.00,45.00,12.00,29568768,415
422.99,1565269159,0.00,nan,nan,0.00,0.00,0.00,0.00,1,-96.00,-6.00,13.00,14.00,42.00,12.00,29568768,415
423.99,1565269160,0.00,nan,nan,0.00,0.00,0.00,0.00,1,-96.00,-6.00,13.00,14.00,42.00,12.00,29568768,415
424.99,1565269161,0.00,nan,nan,0.00,0.00,0.00,0.00,1,-91.00,-6.00,14.00,15.00,46.00,12.00,29568768,415
425.99,1565269162,0.00,nan,nan,0.00,0.00,0.00,0.00,1,-91.00,-6.00,14.00,15.00,46.00,12.00,29568768,415
426.99,1565269163,0.00,nan,nan,0.00,0.00,0.00,0.00,1,-94.00,-7.00,16.00,13.00,43.00,12.00,29568768,415
427.99,1565269164,0.00,nan,nan,0.00,0.00,0.00,0.00,1,-94.00,-7.00,16.00,13.00,43.00,12.00,29568768,415
428.99,1565269165,0.00,nan,nan,0.00,0.00,0.00,0.00,1,-94.00,-8.00,8.00,12.00,45.00,12.00,29568768,415
429.99,1565269166,0.00,nan,nan,0.00,0.00,0.00,0.00,1,-94.00,-8.00,8.00,12.00,45.00,12.00,29568768,415
430.99,1565269167,0.00,nan,nan,0.00,0.00,0.00,0.00,1,-90.00,-6.00,18.00,15.00,46.00,12.00,29568768,415
431.99,1565269168,0.00,nan,nan,0.00,0.00,0.00,0.00,1,-90.00,-6.00,18.00,15.00,46.00,12.00,29568768,415
432.99,1565269169,0.00,nan,nan,0.00,0.00,0.00,0.00,1,-95.00,-7.00,16.00,12.00,45.00,12.00,29568768,415
433.99,1565269170,0.00,nan,nan,0.00,0.00,0.00,0.00,1,-95.00,-7.00,16.00,12.00,45.00,12.00,29568768,415
434.99,1565269171,0.00,nan,nan,0.00,0.00,0.00,0.00,1,-96.00,-7.00,12.00,13.00,42.00,7.00,28368384,215
435.99,1565269172,0.00,nan,nan,0.00,0.00,0.00,0.00,1,-96.00,-7.00,12.00,13.00,42.00,7.00,28368384,215
437.00,1565269173,0.00,nan,nan,0.00,0.00,0.00,0.00,1,-98.00,-7.00,11.00,3.00,41.00,7.00,28368384,215
437.99,1565269174,0.00,nan,nan,0.00,0.00,0.00,0.00,1,-98.00,-7.00,11.00,3.00,41.00,7.00,28368384,215
438.99,1565269175,0.00,nan,nan,0.00,0.00,0.00,0.00,1,-98.00,-7.00,11.00,3.00,41.00,7.00,28368384,215
439.99,1565269176,0.00,nan,nan,0.00,0.00,0.00,0.00,1,-99.00,-7.00,12.00,9.00,40.00,8.00,29568768,415
440.99,1565269177,0.00,nan,nan,0.00,0.00,0.00,0.00,1,-99.00,-7.00,12.00,9.00,40.00,8.00,29568768,415
441.99,1565269178,0.00,nan,nan,0.00,0.00,0.00,0.00,1,-103.00,-8.00,7.00,11.00,37.00,8.00,29568768,415
442.99,1565269179,0.00,nan,nan,0.00,0.00,0.00,0.00,1,-103.00,-8.00,7.00,11.00,37.00,8.00,29568768,415
443.99,1565269180,0.00,nan,nan,0.00,0.00,0.00,0.00,1,-102.00,-8.00,5.00,12.00,37.00,8.00,29568768,415
444.99,1565269181,0.00,nan,nan,0.00,0.00,0.00,0.00,1,-102.00,-8.00,5.00,12.00,37.00,8.00,29568768,415
445.99,1565269182,0.00,nan,nan,0.00,0.00,0.00,0.00,1,-103.00,-9.00,13.00,11.00,37.00,8.00,29568768,415
446.99,1565269183,0.00,nan,nan,0.00,0.00,0.00,0.00,1,-103.00,-9.00,13.00,11.00,37.00,8.00,29568768,415
447.99,1565269184,0.00,nan,nan,0.00,0.00,0.00,0.00,1,-103.00,-8.00,8.00,11.00,37.00,8.00,29568768,415
448.99,1565269185,0.00,nan,nan,0.00,0.00,0.00,0.00,1,-103.00,-8.00,8.00,11.00,37.00,8.00,29568768,415
449.99,1565269186,0.00,nan,nan,0.00,0.00,0.00,0.00,1,-102.00,-8.00,26.00,7.00,38.00,8.00,29568768,415
450.99,1565269187,0.00,nan,nan,0.00,0.00,0.00,0.00,1,-102.00,-8.00,26.00,7.00,38.00,8.00,29568768,415
451.99,1565269188,0.00,nan,nan,0.00,0.00,0.00,0.00,1,-102.00,-8.00,9.00,8.00,37.00,8.00,29568768,415
452.99,1565269189,0.00,nan,nan,0.00,0.00,0.00,0.00,1,-102.00,-8.00,9.00,8.00,37.00,8.00,29568768,415
453.99,1565269190,0.00,nan,nan,0.00,0.00,0.00,0.00,1,-100.00,-7.00,10.00,2.00,39.00,8.00,28368384,215
454.99,1565269191,0.00,nan,nan,0.00,0.00,0.00,0.00,1,-100.00,-7.00,10.00,2.00,39.00,8.00,28368384,215
455.99,1565269192,0.00,nan,nan,0.00,0.00,0.00,0.00,1,-100.00,-7.00,13.00,2.00,39.00,8.00,28368384,215
456.99,1565269193,0.00,nan,nan,0.00,0.00,0.00,0.00,1,-100.00,-7.00,13.00,2.00,39.00,8.00,28368384,215
458.00,1565269194,0.00,nan,nan,0.00,0.00,0.00,0.00,1,-100.00,-7.00,10.00,2.00,39.00,8.00,28368384,215
458.99,1565269195,0.00,nan,nan,0.00,0.00,0.00,0.00,1,-100.00,-7.00,10.00,2.00,39.00,8.00,28368384,215
459.99,1565269196,0.00,nan,nan,0.00,0.00,0.00,0.00,1,-100.00,-7.00,10.00,2.00,39.00,8.00,28368384,215
460.99,1565269197,0.00,nan,nan,0.00,0.00,0.00,0.00,1,-100.00,-7.00,9.00,2.00,39.00,8.00,28368384,215
461.99,1565269198,0.00,nan,nan,0.00,0.00,0.00,0.00,1,-100.00,-7.00,9.00,2.00,39.00,8.00,28368384,215
462.99,1565269199,0.00,nan,nan,0.00,0.00,0.00,0.00,1,-100.00,-8.00,9.00,2.00,39.00,8.00,28368384,215
463.99,1565269200,0.00,nan,nan,0.00,0.00,0.00,0.00,1,-100.00,-8.00,9.00,2.00,39.00,8.00,28368384,215
464.99,1565269201,0.00,nan,nan,0.00,0.00,0.00,0.00,1,-101.00,-8.00,10.00,2.00,38.00,8.00,28368384,215
465.99,1565269202,0.00,nan,nan,0.00,0.00,0.00,0.00,1,-101.00,-8.00,10.00,2.00,38.00,8.00,28368384,215
466.99,1565269203,0.00,nan,nan,0.00,0.00,0.00,0.00,1,-101.00,-8.00,11.00,2.00,38.00,8.00,28368384,215
467.99,1565269204,0.00,nan,nan,0.00,0.00,0.00,0.00,1,-101.00,-8.00,11.00,2.00,38.00,8.00,28368384,215
468.99,1565269205,0.00,nan,nan,0.00,0.00,0.00,0.00,1,-101.00,-8.00,8.00,2.00,39.00,8.00,28368384,215
469.99,1565269206,0.00,nan,nan,0.00,0.00,0.00,0.00,1,-101.00,-8.00,8.00,2.00,39.00,8.00,28368384,215
470.99,1565269207,0.00,nan,nan,0.00,0.00,0.00,0.00,1,-101.00,-8.00,8.00,2.00,38.00,8.00,28368384,215
471.99,1565269208,0.00,nan,nan,0.00,0.00,0.00,0.00,1,-101.00,-8.00,8.00,2.00,38.00,8.00,28368384,215
472.99,1565269209,0.00,nan,nan,0.00,0.00,0.00,0.00,1,-100.00,-8.00,8.00,2.00,39.00,8.00,28368384,215
473.99,1565269210,0.00,nan,nan,0.00,0.00,0.00,0.00,1,-100.00,-8.00,8.00,2.00,39.00,8.00,28368384,215
474.99,1565269211,0.00,nan,nan,0.00,0.00,0.00,0.00,1,-100.00,-8.00,13.00,2.00,39.00,8.00,28368384,215
475.99,1565269212,0.00,nan,nan,0.00,0.00,0.00,0.00,1,-100.00,-8.00,13.00,2.00,39.00,8.00,28368384,215
476.99,1565269213,0.00,nan,nan,0.00,0.00,0.00,0.00,1,-101.00,-7.00,10.00,2.00,38.00,8.00,28368384,215
477.99,1565269214,0.00,nan,nan,0.00,0.00,0.00,0.00,1,-101.00,-7.00,10.00,2.00,38.00,8.00,28368384,215
479.00,1565269215,0.00,nan,nan,0.00,0.00,0.00,0.00,1,-101.00,-8.00,11.00,2.00,38.00,8.00,28368384,215
479.99,1565269216,0.00,nan,nan,0.00,0.00,0.00,0.00,1,-101.00,-8.00,11.00,2.00,38.00,8.00,28368384,215
480.99,1565269217,0.00,nan,nan,0.00,0.00,0.00,0.00,1,-101.00,-8.00,11.00,2.00,38.00,8.00,28368384,215
481.99,1565269218,0.00,nan,nan,0.00,0.00,0.00,0.00,1,-101.00,-8.00,8.00,2.00,38.00,8.00,28368384,215
482.99,1565269219,0.00,nan,nan,0.00,0.00,0.00,0.00,1,-101.00,-8.00,8.00,2.00,38.00,8.00,28368384,215
483.99,1565269220,0.00,nan,nan,0.00,0.00,0.00,0.00,1,-102.00,-7.00,11.00,9.00,37.00,9.00,28368384,215
484.99,1565269221,0.00,nan,nan,0.00,0.00,0.00,0.00,1,-102.00,-7.00,11.00,9.00,37.00,9.00,28368384,215
485.99,1565269222,0.00,nan,nan,0.00,0.00,0.00,0.00,1,-104.00,-8.00,10.00,7.00,36.00,9.00,28368384,215
486.99,1565269223,0.00,nan,nan,0.00,0.00,0.00,0.00,1,-104.00,-8.00,10.00,7.00,36.00,9.00,28368384,215
487.99,1565269224,0.00,nan,nan,0.00,0.00,0.00,0.00,1,-101.00,-7.00,13.00,8.00,38.00,9.00,28368384,215
488.99,1565269225,0.00,nan,nan,0.00,0.00,0.00,0.00,1,-101.00,-7.00,13.00,8.00,38.00,9.00,28368384,215
489.99,1565269226,0.00,nan,nan,0.00,0.00,0.00,0.00,1,-100.00,-7.00,8.00,11.00,38.00,9.00,28368384,215
490.99,1565269227,0.00,nan,nan,0.00,0.00,0.00,0.00,1,-100.00,-7.00,8.00,11.00,38.00,9.00,28368384,215
491.99,1565269228,0.00,nan,nan,0.00,0.00,0.00,0.00,1,-101.00,-7.00,11.00,11.00,38.00,9.00,28368384,215
492.99,1565269229,0.00,nan,nan,0.00,0.00,0.00,0.00,1,-101.00,-7.00,11.00,11.00,38.00,9.00,28368384,215
493.99,1565269230,0.00,nan,nan,0.00,0.00,0.00,0.00,1,-100.00,-7.00,13.00,9.00,39.00,9.00,28368384,215
494.99,1565269231,0.00,nan,nan,0.00,0.00,0.00,0.00,1,-100.00,-7.00,13.00,9.00,39.00,9.00,28368384,215
495.99,1565269232,0.00,nan,nan,0.00,0.00,0.00,0.00,1,-101.00,-7.00,12.00,8.00,38.00,9.00,28368384,215
496.99,1565269233,0.00,nan,nan,0.00,0.00,0.00,0.00,1,-101.00,-7.00,12.00,8.00,38.00,9.00,28368384,215
497.99,1565269234,0.00,nan,nan,0.00,0.00,0.00,0.00,1,-99.00,-6.00,14.00,12.00,39.00,9.00,28368384,215
498.99,1565269235,0.00,nan,nan,0.00,0.00,0.00,0.00,1,-99.00,-6.00,14.00,12.00,39.00,9.00,28368384,215
500.00,1565269236,0.00,nan,nan,0.00,0.00,0.00,0.00,1,-98.00,-6.00,13.00,2.00,39.00,9.00,28368384,215
500.99,1565269237,0.00,nan,nan,0.00,0.00,0.00,0.00,1,-98.00,-6.00,13.00,2.00,39.00,9.00,28368384,215
501.99,1565269238,0.00,nan,nan,0.00,0.00,0.00,0.00,1,-98.00,-6.00,13.00,2.00,39.00,9.00,28368384,215
502.99,1565269239,0.00,nan,nan,0.00,0.00,0.00,0.00,1,-100.00,-8.00,14.00,2.00,39.00,9.00,28368384,215
503.99,1565269240,0.00,nan,nan,0.00,0.00,0.00,0.00,1,-100.00,-8.00,14.00,2.00,39.00,9.00,28368384,215
504.99,1565269241,0.00,nan,nan,0.00,0.00,0.00,0.00,1,-98.00,-8.00,13.00,2.00,41.00,9.00,28368384,215
505.99,1565269242,0.00,nan,nan,0.00,0.00,0.00,0.00,1,-98.00,-8.00,13.00,2.00,41.00,9.00,28368384,215
506.99,1565269243,0.00,nan,nan,0.00,0.00,0.00,0.00,1,-95.00,-7.00,14.00,2.00,44.00,9.00,28368384,215
507.99,1565269244,0.00,nan,nan,0.00,0.00,0.00,0.00,1,-95.00,-7.00,14.00,2.00,44.00,9.00,28368384,215
508.99,1565269245,0.00,nan,nan,0.00,0.00,0.00,0.00,1,-93.00,-7.00,6.00,2.00,45.00,9.00,28368384,215
509.99,1565269246,0.00,nan,nan,0.00,0.00,0.00,0.00,1,-93.00,-7.00,6.00,2.00,45.00,9.00,28368384,215
510.99,1565269247,0.00,nan,nan,0.00,0.00,0.00,0.00,1,-92.00,-7.00,1.00,2.00,46.00,9.00,28368384,215
511.99,1565269248,0.00,nan,nan,0.00,0.00,0.00,0.00,1,-92.00,-7.00,1.00,2.00,46.00,9.00,28368384,215
512.99,1565269249,0.00,nan,nan,0.00,0.00,0.00,0.00,1,-90.00,-7.00,14.00,2.00,47.00,9.00,29568768,415
514.00,1565269250,0.00,nan,nan,0.00,0.00,0.00,0.00,1,-90.00,-7.00,14.00,2.00,47.00,9.00,29568768,415
514.99,1565269251,0.00,nan,nan,0.00,0.00,0.00,0.00,1,-82.00,-5.00,22.00,11.00,55.00,6.00,29568768,415
515.99,1565269252,0.00,nan,nan,0.00,0.00,0.00,0.00,1,-82.00,-5.00,22.00,11.00,55.00,6.00,29568768,415
516.99,1565269253,0.00,nan,nan,0.00,0.00,0.00,0.00,1,-90.00,-6.00,21.00,11.00,48.00,6.00,29568768,415
517.99,1565269254,0.00,nan,nan,0.00,0.00,0.00,0.00,1,-90.00,-6.00,21.00,11.00,48.00,6.00,29568768,415
518.99,1565269255,0.00,nan,nan,0.00,0.00,0.00,0.00,1,-91.00,-6.00,13.00,13.00,46.00,6.00,29568768,415
519.99,1565269256,0.00,nan,nan,0.00,0.00,0.00,0.00,1,-91.00,-6.00,13.00,13.00,46.00,6.00,29568768,415
521.00,1565269257,0.00,nan,nan,0.00,0.00,0.00,0.00,1,-89.00,-5.00,26.00,15.00,49.00,6.00,29568768,415
521.99,1565269258,0.00,nan,nan,0.00,0.00,0.00,0.00,1,-89.00,-5.00,26.00,15.00,49.00,6.00,29568768,415
522.99,1565269259,0.00,nan,nan,0.00,0.00,0.00,0.00,1,-89.00,-5.00,26.00,15.00,49.00,6.00,29568768,415
523.99,1565269260,0.00,nan,nan,0.00,0.00,0.00,0.00,1,-87.00,-6.00,22.00,14.00,51.00,6.00,29568768,415
524.99,1565269261,0.00,nan,nan,0.00,0.00,0.00,0.00,1,-87.00,-6.00,22.00,14.00,51.00,6.00,29568768,415
525.99,1565269262,0.00,nan,nan,0.00,0.00,0.00,0.00,1,-80.00,-5.00,22.00,13.00,58.00,6.00,29568768,415
526.99,1565269263,0.00,nan,nan,0.00,0.00,0.00,0.00,1,-80.00,-5.00,22.00,13.00,58.00,6.00,29568768,415
527.99,1565269264,0.00,nan,nan,0.00,0.00,0.00,0.00,1,-82.00,-6.00,18.00,14.00,56.00,6.00,29568768,415
528.99,1565269265,0.00,nan,nan,0.00,0.00,0.00,0.00,1,-82.00,-6.00,18.00,14.00,56.00,6.00,29568768,415
529.99,1565269266,0.00,nan,nan,0.00,0.00,0.00,0.00,1,-82.00,-5.00,23.00,15.00,54.00,6.00,29568768,415
530.99,1565269267,0.00,nan,nan,0.00,0.00,0.00,0.00,1,-82.00,-5.00,23.00,15.00,54.00,6.00,29568768,415
531.99,1565269268,0.00,nan,nan,0.00,0.00,0.00,0.00,1,-87.00,-6.00,27.00,2.00,50.00,6.00,29568768,415
532.99,1565269269,0.00,nan,nan,0.00,0.00,0.00,0.00,1,-87.00,-6.00,27.00,2.00,50.00,6.00,29568768,415
533.99,1565269270,0.00,nan,nan,0.00,0.00,0.00,0.00,1,-83.00,-6.00,26.00,2.00,54.00,6.00,29568768,415
534.99,1565269271,0.00,nan,nan,0.00,0.00,0.00,0.00,1,-83.00,-6.00,26.00,2.00,54.00,6.00,29568768,415
535.99,1565269272,0.00,nan,nan,0.00,0.00,0.00,0.00,1,-80.00,-6.00,24.00,2.00,57.00,6.00,29568768,415
536.99,1565269273,0.00,nan,nan,0.00,0.00,0.00,0.00,1,-80.00,-6.00,24.00,2.00,57.00,6.00,29568768,415
537.99,1565269274,0.00,nan,nan,0.00,0.00,0.00,0.00,1,-78.00,-6.00,23.00,2.00,59.00,6.00,29568768,415
538.99,1565269275,0.00,nan,nan,0.00,0.00,0.00,0.00,1,-78.00,-6.00,23.00,2.00,59.00,6.00,29568768,415
539.99,1565269276,0.00,nan,nan,0.00,0.00,0.00,0.00,1,-81.00,-6.00,23.00,2.00,57.00,6.00,29568768,415
540.99,1565269277,0.00,nan,nan,0.00,0.00,0.00,0.00,1,-81.00,-6.00,23.00,2.00,57.00,6.00,29568768,415
542.00,1565269278,0.00,nan,nan,0.00,0.00,0.00,0.00,1,-83.00,-6.00,23.00,2.00,55.00,6.00,29568768,415
542.99,1565269279,0.00,nan,nan,0.00,0.00,0.00,0.00,1,-83.00,-6.00,23.00,2.00,55.00,6.00,29568768,415
543.99,1565269280,0.00,nan,nan,0.00,0.00,0.00,0.00,1,-83.00,-6.00,23.00,2.00,55.00,6.00,29568768,415
544.99,1565269281,0.00,nan,nan,0.00,0.00,0.00,0.00,1,-84.00,-6.00,22.00,2.00,54.00,6.00,29568768,415
545.99,1565269282,0.00,nan,nan,0.00,0.00,0.00,0.00,1,-84.00,-6.00,22.00,2.00,54.00,6.00,29568768,415
546.99,1565269283,0.00,nan,nan,0.00,0.00,0.00,0.00,1,-80.00,-6.00,24.00,2.00,57.00,6.00,29568768,415
547.99,1565269284,0.00,nan,nan,0.00,0.00,0.00,0.00,1,-80.00,-6.00,24.00,2.00,57.00,6.00,29568768,415
548.99,1565269285,0.00,nan,nan,0.00,0.00,0.00,0.00,1,-79.00,-6.00,22.00,2.00,58.00,6.00,29568768,415
549.99,1565269286,0.00,nan,nan,0.00,0.00,0.00,0.00,1,-79.00,-6.00,22.00,2.00,58.00,6.00,29568768,415
550.99,1565269287,0.00,nan,nan,0.00,0.00,0.00,0.00,1,-83.00,-6.00,18.00,2.00,54.00,6.00,29568768,415
551.99,1565269288,0.00,nan,nan,0.00,0.00,0.00,0.00,1,-83.00,-6.00,18.00,2.00,54.00,6.00,29568768,415
552.99,1565269289,0.00,nan,nan,0.00,0.00,0.00,0.00,1,-89.00,-6.00,21.00,2.00,49.00,6.00,29568768,415
553.99,1565269290,0.00,nan,nan,0.00,0.00,0.00,0.00,1,-89.00,-6.00,21.00,2.00,49.00,6.00,29568768,415
554.99,1565269291,0.00,nan,nan,0.00,0.00,0.00,0.00,1,-89.00,-6.00,15.00,2.00,49.00,6.00,29568768,415
555.99,1565269292,0.00,nan,nan,0.00,0.00,0.00,0.00,1,-89.00,-6.00,15.00,2.00,49.00,6.00,29568768,415
556.99,1565269293,0.00,nan,nan,0.00,0.00,0.00,0.00,1,-87.00,-6.00,14.00,2.00,51.00,6.00,29568768,415
557.99,1565269294,0.00,nan,nan,0.00,0.00,0.00,0.00,1,-87.00,-6.00,14.00,2.00,51.00,6.00,29568768,415
558.99,1565269295,0.00,nan,nan,0.00,0.00,0.00,0.00,1,-90.00,-7.00,16.00,2.00,48.00,6.00,29568768,415
559.99,1565269296,0.00,nan,nan,0.00,0.00,0.00,0.00,1,-90.00,-7.00,16.00,2.00,48.00,6.00,29568768,415
560.99,1565269297,0.00,nan,nan,0.00,0.00,0.00,0.00,1,-93.00,-7.00,14.00,2.00,46.00,6.00,29568768,415
561.99,1565269298,0.00,nan,nan,0.00,0.00,0.00,0.00,1,-93.00,-7.00,14.00,2.00,46.00,6.00,29568768,415
563.00,1565269299,0.00,nan,nan,0.00,0.00,0.00,0.00,1,-92.00,-7.00,13.00,2.00,46.00,6.00,29568768,415
563.99,1565269300,0.00,nan,nan,0.00,0.00,0.00,0.00,1,-92.00,-7.00,13.00,2.00,46.00,6.00,29568768,415
564.99,1565269301,0.00,nan,nan,0.00,0.00,0.00,0.00,1,-92.00,-7.00,13.00,2.00,46.00,6.00,29568768,415
565.99,1565269302,0.00,nan,nan,0.00,0.00,0.00,0.00,1,-92.00,-8.00,9.00,2.00,47.00,6.00,29568768,415
566.99,1565269303,0.00,nan,nan,0.00,0.00,0.00,0.00,1,-92.00,-8.00,9.00,2.00,47.00,6.00,29568768,415
567.99,1565269304,0.00,nan,nan,0.00,0.00,0.00,0.00,1,-93.00,-8.00,10.00,2.00,46.00,6.00,29568768,415
568.99,1565269305,0.00,nan,nan,0.00,0.00,0.00,0.00,1,-93.00,-8.00,10.00,2.00,46.00,6.00,29568768,415
569.99,1565269306,0.00,nan,nan,0.00,0.00,0.00,0.00,1,-92.00,-9.00,10.00,2.00,48.00,6.00,29568768,415
570.99,1565269307,0.00,nan,nan,0.00,0.00,0.00,0.00,1,-92.00,-9.00,10.00,2.00,48.00,6.00,29568768,415
571.99,1565269308,0.00,nan,nan,0.00,0.00,0.00,0.00,1,-91.00,-9.00,12.00,2.00,49.00,6.00,29568768,415
572.99,1565269309,0.00,nan,nan,0.00,0.00,0.00,0.00,1,-91.00,-9.00,12.00,2.00,49.00,6.00,29568768,415
573.99,1565269310,0.00,nan,nan,0.00,0.00,0.00,0.00,1,-91.00,-9.00,10.00,2.00,50.00,6.00,29568768,415
574.99,1565269311,0.00,nan,nan,0.00,0.00,0.00,0.00,1,-91.00,-9.00,10.00,2.00,50.00,6.00,29568768,415
575.99,1565269312,0.00,nan,nan,0.00,0.00,0.00,0.00,1,-94.00,-10.00,10.00,2.00,48.00,6.00,29568768,415
576.99,1565269313,0.00,nan,nan,0.00,0.00,0.00,0.00,1,-94.00,-10.00,10.00,2.00,48.00,6.00,29568768,415
577.99,1565269314,0.00,nan,nan,0.00,0.00,0.00,0.00,1,-94.00,-9.00,10.00,2.00,46.00,6.00,29568769,416
578.99,1565269315,0.00,nan,nan,0.00,0.00,0.00,0.00,1,-94.00,-9.00,10.00,2.00,46.00,6.00,29568769,416
579.99,1565269316,0.00,nan,nan,0.00,0.00,0.00,0.00,1,-95.00,-9.00,7.00,2.00,46.00,6.00,29568769,416
580.99,1565269317,0.00,nan,nan,0.00,0.00,0.00,0.00,1,-95.00,-9.00,7.00,2.00,46.00,6.00,29568769,416
581.99,1565269318,0.00,nan,nan,0.00,0.00,0.00,0.00,1,-95.00,-8.00,4.00,2.00,45.00,6.00,29568769,416
582.99,1565269319,0.00,nan,nan,0.00,0.00,0.00,0.00,1,-95.00,-8.00,4.00,2.00,45.00,6.00,29568769,416
584.00,1565269320,0.00,nan,nan,0.00,0.00,0.00,0.00,1,-95.00,-9.00,3.00,2.00,45.00,6.00,29568769,416
584.99,1565269321,0.00,nan,nan,0.00,0.00,0.00,0.00,1,-95.00,-9.00,3.00,2.00,45.00,6.00,29568769,416
585.99,1565269322,0.00,nan,nan,0.00,0.00,0.00,0.00,1,-95.00,-9.00,3.00,2.00,45.00,6.00,29568769,416
586.99,1565269323,0.00,nan,nan,0.00,0.00,0.00,0.00,1,-97.00,-10.00,1.00,2.00,44.00,6.00,29568769,416
587.99,1565269324,0.00,nan,nan,0.00,0.00,0.00,0.00,1,-97.00,-10.00,1.00,2.00,44.00,6.00,29568769,416
588.99,1565269325,0.00,nan,nan,0.00,0.00,0.00,0.00,1,-96.00,-10.00,1.00,2.00,46.00,6.00,29568769,416
589.99,1565269326,0.00,nan,nan,0.00,0.00,0.00,0.00,1,-96.00,-10.00,1.00,2.00,46.00,6.00,29568769,416
590.99,1565269327,0.00,nan,nan,0.00,0.00,0.00,0.00,1,-97.00,-10.00,2.00,2.00,45.00,6.00,29568769,416
591.99,1565269328,0.00,nan,nan,0.00,0.00,0.00,0.00,1,-97.00,-10.00,2.00,2.00,45.00,6.00,29568769,416
592.99,1565269329,0.00,nan,nan,0.00,0.00,0.00,0.00,1,-100.00,-10.00,-6.00,2.00,42.00,6.00,29568769,416
593.99,1565269330,0.00,nan,nan,0.00,0.00,0.00,0.00,1,-100.00,-10.00,-6.00,2.00,42.00,6.00,29568769,416
594.99,1565269331,0.00,nan,nan,0.00,0.00,0.00,0.00,1,-103.00,-11.00,4.00,2.00,39.00,6.00,26378498,495
595.99,1565269332,0.00,nan,nan,0.00,0.00,0.00,0.00,1,-103.00,-11.00,4.00,2.00,39.00,6.00,26378498,495
596.99,1565269333,0.00,nan,nan,0.00,0.00,0.00,0.00,1,-103.00,-9.00,3.00,2.00,38.00,6.00,26378498,495
597.99,1565269334,0.00,nan,nan,0.00,0.00,0.00,0.00,1,-103.00,-9.00,3.00,2.00,38.00,6.00,26378498,495
598.99,1565269335,0.00,nan,nan,0.00,0.00,0.00,0.00,1,-101.00,-8.00,5.00,2.00,38.00,6.00,26378498,495
599.99,1565269336,0.00,nan,nan,0.00,0.00,0.00,0.00,1,-101.00,-8.00,5.00,2.00,38.00,6.00,26378498,495
600.99,1565269337,0.00,nan,nan,0.00,0.00,0.00,0.00,1,-101.00,-8.00,7.00,2.00,39.00,6.00,26378498,495
601.99,1565269338,0.00,nan,nan,0.00,0.00,0.00,0.00,1,-101.00,-8.00,7.00,2.00,39.00,6.00,26378498,495
602.99,1565269339,0.00,nan,nan,0.00,0.00,0.00,0.00,1,-102.00,-10.00,10.00,8.00,39.00,13.00,26378498,495
603.99,1565269340,0.00,nan,nan,0.00,0.00,0.00,0.00,1,-102.00,-10.00,10.00,8.00,39.00,13.00,26378498,495
605.00,1565269341,0.00,nan,nan,0.00,0.00,0.00,0.00,1,-101.00,-11.00,9.00,7.00,41.00,13.00,26378498,495
605.99,1565269342,0.00,nan,nan,0.00,0.00,0.00,0.00,1,-101.00,-11.00,9.00,7.00,41.00,13.00,26378498,495
606.99,1565269343,0.00,nan,nan,0.00,0.00,0.00,0.00,1,-101.00,-11.00,9.00,7.00,41.00,13.00,26378498,495
607.99,1565269344,0.00,nan,nan,0.00,0.00,0.00,0.00,1,-104.00,-11.00,6.00,10.00,39.00,13.00,26378498,495
608.99,1565269345,0.00,nan,nan,0.00,0.00,0.00,0.00,1,-104.00,-11.00,6.00,10.00,39.00,13.00,26378498,495
609.99,1565269346,0.00,nan,nan,0.00,0.00,0.00,0.00,1,-103.00,-8.00,9.00,7.00,37.00,13.00,26378498,495
610.99,1565269347,0.00,nan,nan,0.00,0.00,0.00,0.00,1,-103.00,-8.00,9.00,7.00,37.00,13.00,26378498,495
611.99,1565269348,0.00,nan,nan,0.00,0.00,0.00,0.00,1,-106.00,-14.00,-4.00,6.00,40.00,13.00,26378498,495
612.99,1565269349,0.00,nan,nan,0.00,0.00,0.00,0.00,1,-106.00,-14.00,-4.00,6.00,40.00,13.00,26378498,495
613.99,1565269350,0.00,nan,nan,0.00,0.00,0.00,0.00,1,-98.00,-10.00,10.00,12.00,42.00,14.00,29401601,379
614.99,1565269351,0.00,nan,nan,0.00,0.00,0.00,0.00,1,-98.00,-10.00,10.00,12.00,42.00,14.00,29401601,379
615.99,1565269352,0.00,nan,nan,0.00,0.00,0.00,0.00,1,-98.00,-8.00,12.00,14.00,40.00,14.00,29401601,379
616.99,1565269353,0.00,nan,nan,0.00,0.00,0.00,0.00,1,-98.00,-8.00,12.00,14.00,40.00,14.00,29401601,379
617.99,1565269354,0.00,nan,nan,0.00,0.00,0.00,0.00,1,-90.00,-7.00,28.00,15.00,48.00,14.00,29401601,379
618.99,1565269355,0.00,nan,nan,0.00,0.00,0.00,0.00,1,-90.00,-7.00,28.00,15.00,48.00,14.00,29401601,379
619.99,1565269356,0.00,nan,nan,0.00,0.00,0.00,0.00,1,-95.00,-8.00,7.00,12.00,43.00,14.00,29401601,379
620.99,1565269357,0.00,nan,nan,0.00,0.00,0.00,0.00,1,-95.00,-8.00,7.00,12.00,43.00,14.00,29401601,379
622.00,1565269358,0.00,nan,nan,0.00,0.00,0.00,0.00,1,-104.00,-11.00,1.00,6.00,39.00,14.00,29401601,379
623.00,1565269359,0.00,nan,nan,0.00,0.00,0.00,0.00,1,-104.00,-11.00,1.00,6.00,39.00,14.00,29401601,379
623.99,1565269360,0.00,nan,nan,0.00,0.00,0.00,0.00,1,-101.00,-11.00,4.00,8.00,42.00,14.00,29401601,379
624.99,1565269361,0.00,nan,nan,0.00,0.00,0.00,0.00,1,-101.00,-11.00,4.00,8.00,42.00,14.00,29401601,379
626.00,1565269362,0.00,nan,nan,0.00,0.00,0.00,0.00,1,-104.00,-9.00,4.00,12.00,36.00,14.00,29401601,379
627.00,1565269363,0.00,nan,nan,0.00,0.00,0.00,0.00,1,-104.00,-9.00,4.00,12.00,36.00,14.00,29401601,379
628.00,1565269364,0.00,nan,nan,0.00,0.00,0.00,0.00,1,-104.00,-9.00,4.00,12.00,36.00,14.00,29401601,379
628.99,1565269365,0.00,nan,nan,0.00,0.00,0.00,0.00,1,-107.00,-11.00,1.00,7.00,36.00,14.00,29401601,379
629.99,1565269366,0.00,nan,nan,0.00,0.00,0.00,0.00,1,-107.00,-11.00,1.00,7.00,36.00,14.00,29401601,379
630.99,1565269367,0.00,nan,nan,0.00,0.00,0.00,0.00,1,-108.00,-12.00,-1.00,7.00,35.00,14.00,29401601,379
631.99,1565269368,0.00,nan,nan,0.00,0.00,0.00,0.00,1,-108.00,-12.00,-1.00,7.00,35.00,14.00,29401601,379
632.99,1565269369,0.00,nan,nan,0.00,0.00,0.00,0.00,1,-102.00,-10.00,1.00,10.00,39.00,14.00,29401601,379
633.99,1565269370,0.00,nan,nan,0.00,0.00,0.00,0.00,1,-102.00,-10.00,1.00,10.00,39.00,14.00,29401601,379
634.99,1565269371,0.00,nan,nan,0.00,0.00,0.00,0.00,1,-102.00,-9.00,3.00,6.00,39.00,14.00,29401601,379
635.99,1565269372,0.00,nan,nan,0.00,0.00,0.00,0.00,1,-102.00,-9.00,3.00,6.00,39.00,14.00,29401601,379
636.99,1565269373,0.00,nan,nan,0.00,0.00,0.00,0.00,1,-100.00,-9.00,5.00,10.00,40.00,14.00,29401601,379
637.99,1565269374,0.00,nan,nan,0.00,0.00,0.00,0.00,1,-100.00,-9.00,5.00,10.00,40.00,14.00,29401601,379
638.99,1565269375,0.00,nan,nan,0.00,0.00,0.00,0.00,1,-100.00,-11.00,-1.00,2.00,42.00,14.00,31263232,339
639.99,1565269376,0.00,nan,nan,0.00,0.00,0.00,0.00,1,-100.00,-11.00,-1.00,2.00,42.00,14.00,31263232,339
641.03,1565269377,0.00,nan,nan,0.00,0.00,0.00,0.00,1,-99.00,-9.00,1.00,2.00,42.00,14.00,31263232,339
641.99,1565269378,0.00,nan,nan,0.00,0.00,0.00,0.00,1,-99.00,-9.00,1.00,2.00,42.00,14.00,31263232,339
642.99,1565269379,0.00,nan,nan,0.00,0.00,0.00,0.00,1,-99.00,-9.00,1.00,2.00,42.00,14.00,31263232,339
643.99,1565269380,0.00,nan,nan,0.00,0.00,0.00,0.00,1,-99.00,-9.00,1.00,2.00,42.00,14.00,31263232,339
644.99,1565269381,0.00,nan,nan,0.00,0.00,0.00,0.00,1,-100.00,-10.00,3.00,2.00,41.00,14.00,31263232,339
645.99,1565269382,0.00,nan,nan,0.00,0.00,0.00,0.00,1,-100.00,-10.00,3.00,2.00,41.00,14.00,31263232,339
647.00,1565269383,0.00,nan,nan,0.00,0.00,0.00,0.00,1,-101.00,-10.00,-3.00,2.00,41.00,14.00,31263232,339
647.99,1565269384,0.00,nan,nan,0.00,0.00,0.00,0.00,1,-101.00,-10.00,-3.00,2.00,41.00,14.00,31263232,339
648.99,1565269385,0.00,nan,nan,0.00,0.00,0.00,0.00,1,-101.00,-10.00,-3.00,2.00,41.00,14.00,31263232,339
649.99,1565269386,0.00,nan,nan,0.00,0.00,0.00,0.00,1,-101.00,-11.00,-1.00,2.00,42.00,14.00,31263232,339
650.99,1565269387,0.00,nan,nan,0.00,0.00,0.00,0.00,1,-101.00,-11.00,-1.00,2.00,42.00,14.00,31263232,339
651.99,1565269388,0.00,nan,nan,0.00,0.00,0.00,0.00,1,-102.00,-11.00,-2.00,2.00,41.00,14.00,31263232,339
652.99,1565269389,0.00,nan,nan,0.00,0.00,0.00,0.00,1,-102.00,-11.00,-2.00,2.00,41.00,14.00,31263232,339
653.99,1565269390,0.00,nan,nan,0.00,0.00,0.00,0.00,1,-103.00,-11.00,-1.00,2.00,40.00,14.00,31263232,339
654.99,1565269391,0.00,nan,nan,0.00,0.00,0.00,0.00,1,-103.00,-11.00,-1.00,2.00,40.00,14.00,31263232,339
655.99,1565269392,0.00,nan,nan,0.00,0.00,0.00,0.00,1,-102.00,-11.00,-1.00,2.00,40.00,14.00,30492930,219
656.99,1565269393,0.00,nan,nan,0.00,0.00,0.00,0.00,1,-102.00,-11.00,-1.00,2.00,40.00,14.00,30492930,219
657.99,1565269394,0.00,nan,nan,0.00,0.00,0.00,0.00,1,-102.00,-12.00,1.00,2.00,41.00,14.00,30492930,219
658.99,1565269395,0.00,nan,nan,0.00,0.00,0.00,0.00,1,-102.00,-12.00,1.00,2.00,41.00,14.00,30492930,219
659.99,1565269396,0.00,nan,nan,0.00,0.00,0.00,0.00,1,-103.00,-12.00,-2.00,2.00,40.00,14.00,30492930,219
660.99,1565269397,0.00,nan,nan,0.00,0.00,0.00,0.00,1,-103.00,-12.00,-2.00,2.00,40.00,14.00,30492930,219
661.99,1565269398,0.00,nan,nan,0.00,0.00,0.00,0.00,1,-103.00,-12.00,-3.00,2.00,40.00,14.00,28371200,219
662.99,1565269399,0.00,nan,nan,0.00,0.00,0.00,0.00,1,-103.00,-12.00,-3.00,2.00,40.00,14.00,28371200,219
663.99,1565269400,0.00,nan,nan,0.00,0.00,0.00,0.00,1,-100.00,-12.00,2.00,2.00,43.00,14.00,29913344,432
664.99,1565269401,0.00,nan,nan,0.00,0.00,0.00,0.00,1,-100.00,-12.00,2.00,2.00,43.00,14.00,29913344,432
665.99,1565269402,0.00,nan,nan,0.00,0.00,0.00,0.00,1,-96.00,-9.00,4.00,2.00,45.00,14.00,29913344,432
666.99,1565269403,0.00,nan,nan,0.00,0.00,0.00,0.00,1,-96.00,-9.00,4.00,2.00,45.00,14.00,29913344,432
668.00,1565269404,0.00,nan,nan,0.00,0.00,0.00,0.00,1,-96.00,-9.00,5.00,2.00,45.00,14.00,29913344,432
668.99,1565269405,0.00,nan,nan,0.00,0.00,0.00,0.00,1,-96.00,-9.00,5.00,2.00,45.00,14.00,29913344,432
669.99,1565269406,0.00,nan,nan,0.00,0.00,0.00,0.00,1,-96.00,-9.00,5.00,2.00,45.00,14.00,29913344,432
670.99,1565269407,0.00,nan,nan,0.00,0.00,0.00,0.00,1,-94.00,-9.00,6.00,2.00,46.00,14.00,29913344,432
671.99,1565269408,0.00,nan,nan,0.00,0.00,0.00,0.00,1,-94.00,-9.00,6.00,2.00,46.00,14.00,29913344,432
673.00,1565269409,0.00,nan,nan,0.00,0.00,0.00,0.00,1,-96.00,-13.00,4.00,2.00,48.00,14.00,29913344,432
674.00,1565269410,0.00,nan,nan,0.00,0.00,0.00,0.00,1,-96.00,-13.00,4.00,2.00,48.00,14.00,29913344,432
674.99,1565269411,0.00,nan,nan,0.00,0.00,0.00,0.00,1,-91.00,-9.00,6.00,2.00,49.00,14.00,26378497,496
675.99,1565269412,0.00,nan,nan,0.00,0.00,0.00,0.00,1,-91.00,-9.00,6.00,2.00,49.00,14.00,26378497,496
676.99,1565269413,0.00,nan,nan,0.00,0.00,0.00,0.00,1,-90.00,-9.00,4.00,2.00,50.00,14.00,26378497,496
677.99,1565269414,0.00,nan,nan,0.00,0.00,0.00,0.00,1,-90.00,-9.00,4.00,2.00,50.00,14.00,26378497,496
678.99,1565269415,0.00,nan,nan,0.00,0.00,0.00,0.00,1,-91.00,-8.00,4.00,2.00,49.00,14.00,26378497,496
679.99,1565269416,0.00,nan,nan,0.00,0.00,0.00,0.00,1,-91.00,-8.00,4.00,2.00,49.00,14.00,26378497,496
680.99,1565269417,0.00,nan,nan,0.00,0.00,0.00,0.00,1,-91.00,-8.00,8.00,2.00,48.00,14.00,26378497,496
681.99,1565269418,0.00,nan,nan,0.00,0.00,0.00,0.00,1,-91.00,-8.00,8.00,2.00,48.00,14.00,26378497,496
682.99,1565269419,0.00,nan,nan,0.00,0.00,0.00,0.00,1,-90.00,-9.00,10.00,13.00,50.00,7.00,26378497,496
683.99,1565269420,0.00,nan,nan,0.00,0.00,0.00,0.00,1,-90.00,-9.00,10.00,13.00,50.00,7.00,26378497,496
684.99,1565269421,0.00,nan,nan,0.00,0.00,0.00,0.00,1,-91.00,-7.00,7.00,12.00,49.00,7.00,26378497,496
685.99,1565269422,0.00,nan,nan,0.00,0.00,0.00,0.00,1,-91.00,-7.00,7.00,12.00,49.00,7.00,26378497,496
686.99,1565269423,0.00,nan,nan,0.00,0.00,0.00,0.00,1,-90.00,-7.00,12.00,10.00,48.00,7.00,26378497,496
687.99,1565269424,0.00,nan,nan,0.00,0.00,0.00,0.00,1,-90.00,-7.00,12.00,10.00,48.00,7.00,26378497,496
689.00,1565269425,0.00,nan,nan,0.00,0.00,0.00,0.00,1,-92.00,-7.00,11.00,13.00,47.00,7.00,26378497,496
689.99,1565269426,0.00,nan,nan,0.00,0.00,0.00,0.00,1,-92.00,-7.00,11.00,13.00,47.00,7.00,26378497,496
690.99,1565269427,0.00,nan,nan,0.00,0.00,0.00,0.00,1,-92.00,-7.00,11.00,13.00,47.00,7.00,26378497,496
691.99,1565269428,0.00,nan,nan,0.00,0.00,0.00,0.00,1,-91.00,-8.00,18.00,10.00,48.00,7.00,26378497,496
692.99,1565269429,0.00,nan,nan,0.00,0.00,0.00,0.00,1,-91.00,-8.00,18.00,10.00,48.00,7.00,26378497,496
693.99,1565269430,0.00,nan,nan,0.00,0.00,0.00,0.00,1,-91.00,-7.00,18.00,10.00,47.00,7.00,26378497,496
694.99,1565269431,0.00,nan,nan,0.00,0.00,0.00,0.00,1,-91.00,-7.00,18.00,10.00,47.00,7.00,26378497,496
695.99,1565269432,0.00,nan,nan,0.00,0.00,0.00,0.00,1,-90.00,-6.00,16.00,14.00,47.00,7.00,26378497,496
696.99,1565269433,0.00,nan,nan,0.00,0.00,0.00,0.00,1,-90.00,-6.00,16.00,14.00,47.00,7.00,26378497,496
697.99,1565269434,0.00,nan,nan,0.00,0.00,0.00,0.00,1,-90.00,-9.00,14.00,2.00,50.00,7.00,26378497,496
699.00,1565269435,0.00,nan,nan,0.00,0.00,0.00,0.00,1,-90.00,-9.00,14.00,2.00,50.00,7.00,26378497,496
699.99,1565269436,0.00,nan,nan,0.00,0.00,0.00,0.00,1,-90.00,-6.00,14.00,14.00,48.00,8.00,26378497,496
700.99,1565269437,0.00,nan,nan,0.00,0.00,0.00,0.00,1,-90.00,-6.00,14.00,14.00,48.00,8.00,26378497,496
701.99,1565269438,0.00,nan,nan,0.00,0.00,0.00,0.00,1,-91.00,-6.00,19.00,14.00,47.00,8.00,26378497,496
702.99,1565269439,0.00,nan,nan,0.00,0.00,0.00,0.00,1,-91.00,-6.00,19.00,14.00,47.00,8.00,26378497,496
703.99,1565269440,0.00,nan,nan,0.00,0.00,0.00,0.00,1,-92.00,-7.00,10.00,15.00,46.00,8.00,26378497,496
704.99,1565269441,0.00,nan,nan,0.00,0.00,0.00,0.00,1,-92.00,-7.00,10.00,15.00,46.00,8.00,26378497,496
705.99,1565269442,0.00,nan,nan,0.00,0.00,0.00,0.00,1,-91.00,-10.00,9.00,11.00,50.00,8.00,26378497,496
706.99,1565269443,0.00,nan,nan,0.00,0.00,0.00,0.00,1,-91.00,-10.00,9.00,11.00,50.00,8.00,26378497,496
707.99,1565269444,0.00,nan,nan,0.00,0.00,0.00,0.00,1,-92.00,-9.00,11.00,11.00,49.00,8.00,26378497,496
708.99,1565269445,0.00,nan,nan,0.00,0.00,0.00,0.00,1,-92.00,-9.00,11.00,11.00,49.00,8.00,26378497,496
710.00,1565269446,0.00,nan,nan,0.00,0.00,0.00,0.00,1,-92.00,-8.00,11.00,14.00,48.00,8.00,26378497,496
710.99,1565269447,0.00,nan,nan,0.00,0.00,0.00,0.00,1,-92.00,-8.00,11.00,14.00,48.00,8.00,26378497,496
711.99,1565269448,0.00,nan,nan,0.00,0.00,0.00,0.00,1,-92.00,-8.00,11.00,14.00,48.00,8.00,26378497,496
712.99,1565269449,0.00,nan,nan,0.00,0.00,0.00,0.00,1,-91.00,-7.00,15.00,11.00,48.00,8.00,26378497,496
713.99,1565269450,0.00,nan,nan,0.00,0.00,0.00,0.00,1,-91.00,-7.00,15.00,11.00,48.00,8.00,26378497,496
714.99,1565269451,0.00,nan,nan,0.00,0.00,0.00,0.00,1,-91.00,-6.00,18.00,11.00,47.00,8.00,26378497,496
715.99,1565269452,0.00,nan,nan,0.00,0.00,0.00,0.00,1,-91.00,-6.00,18.00,11.00,47.00,8.00,26378497,496
716.99,1565269453,0.00,nan,nan,0.00,0.00,0.00,0.00,1,-89.00,-8.00,16.00,2.00,49.00,8.00,26378497,496
717.99,1565269454,0.00,nan,nan,0.00,0.00,0.00,0.00,1,-89.00,-8.00,16.00,2.00,49.00,8.00,26378497,496
718.99,1565269455,0.00,nan,nan,0.00,0.00,0.00,0.00,1,-90.00,-8.00,13.00,2.00,50.00,8.00,26378497,496
719.99,1565269456,0.00,nan,nan,0.00,0.00,0.00,0.00,1,-90.00,-8.00,13.00,2.00,50.00,8.00,26378497,496
720.99,1565269457,0.00,nan,nan,0.00,0.00,0.00,0.00,1,-90.00,-7.00,13.00,2.00,48.00,8.00,26378497,496
721.99,1565269458,0.00,nan,nan,0.00,0.00,0.00,0.00,1,-90.00,-7.00,13.00,2.00,48.00,8.00,26378497,496
722.99,1565269459,0.00,nan,nan,0.00,0.00,0.00,0.00,1,-90.00,-7.00,18.00,2.00,48.00,8.00,26378497,496
723.99,1565269460,0.00,nan,nan,0.00,0.00,0.00,0.00,1,-90.00,-7.00,18.00,2.00,48.00,8.00,26378497,496
724.99,1565269461,0.00,nan,nan,0.00,0.00,0.00,0.00,1,-89.00,-7.00,18.00,10.00,49.00,8.00,26378497,496
725.99,1565269462,0.00,nan,nan,0.00,0.00,0.00,0.00,1,-89.00,-7.00,18.00,10.00,49.00,8.00,26378497,496
726.99,1565269463,0.00,nan,nan,0.00,0.00,0.00,0.00,1,-90.00,-9.00,13.00,9.00,50.00,8.00,26378497,496
727.99,1565269464,0.00,nan,nan,0.00,0.00,0.00,0.00,1,-90.00,-9.00,13.00,9.00,50.00,8.00,26378497,496
728.99,1565269465,0.00,nan,nan,0.00,0.00,0.00,0.00,1,-90.00,-8.00,13.00,9.00,50.00,8.00,26378497,496
729.99,1565269466,0.00,nan,nan,0.00,0.00,0.00,0.00,1,-90.00,-8.00,13.00,9.00,50.00,8.00,26378497,496
731.00,1565269467,0.00,nan,nan,0.00,0.00,0.00,0.00,1,-91.00,-8.00,10.00,9.00,50.00,8.00,26378497,496
731.99,1565269468,0.00,nan,nan,0.00,0.00,0.00,0.00,1,-91.00,-8.00,10.00,9.00,50.00,8.00,26378497,496
732.99,1565269469,0.00,nan,nan,0.00,0.00,0.00,0.00,1,-91.00,-8.00,10.00,9.00,50.00,8.00,26378497,496
733.99,1565269470,0.00,nan,nan,0.00,0.00,0.00,0.00,1,-87.00,-6.00,16.00,11.00,49.00,8.00,26378497,496
734.99,1565269471,0.00,nan,nan,0.00,0.00,0.00,0.00,1,-87.00,-6.00,16.00,11.00,49.00,8.00,26378497,496
735.99,1565269472,0.00,nan,nan,0.00,0.00,0.00,0.00,1,-88.00,-6.00,16.00,12.00,48.00,8.00,26378497,496
736.99,1565269473,0.00,nan,nan,0.00,0.00,0.00,0.00,1,-88.00,-6.00,16.00,12.00,48.00,8.00,26378497,496
737.99,1565269474,0.00,nan,nan,0.00,0.00,0.00,0.00,1,-84.00,-6.00,19.00,12.00,54.00,8.00,26378497,496
738.99,1565269475,0.00,nan,nan,0.00,0.00,0.00,0.00,1,-84.00,-6.00,19.00,12.00,54.00,8.00,26378497,496
739.99,1565269476,0.00,nan,nan,0.00,0.00,0.00,0.00,1,-82.00,-7.00,14.00,10.00,57.00,8.00,26378497,496
740.99,1565269477,0.00,nan,nan,0.00,0.00,0.00,0.00,1,-82.00,-7.00,14.00,10.00,57.00,8.00,26378497,496
741.99,1565269478,0.00,nan,nan,0.00,0.00,0.00,0.00,1,-93.00,-10.00,2.00,2.00,48.00,8.00,26378497,496
742.99,1565269479,0.00,nan,nan,0.00,0.00,0.00,0.00,1,-93.00,-10.00,2.00,2.00,48.00,8.00,26378497,496
743.99,1565269480,0.00,nan,nan,0.00,0.00,0.00,0.00,1,-90.00,-10.00,8.00,2.00,51.00,8.00,26378497,496
744.99,1565269481,0.00,nan,nan,0.00,0.00,0.00,0.00,1,-90.00,-10.00,8.00,2.00,51.00,8.00,26378497,496
745.99,1565269482,0.00,nan,nan,0.00,0.00,0.00,0.00,1,-91.00,-10.00,19.00,2.00,50.00,8.00,26378497,496
746.99,1565269483,0.00,nan,nan,0.00,0.00,0.00,0.00,1,-91.00,-10.00,19.00,2.00,50.00,8.00,26378497,496
747.99,1565269484,0.00,nan,nan,0.00,0.00,0.00,0.00,1,-88.00,-8.00,21.00,2.00,51.00,8.00,26378497,496
748.99,1565269485,0.00,nan,nan,0.00,0.00,0.00,0.00,1,-88.00,-8.00,21.00,2.00,51.00,8.00,26378497,496
749.99,1565269486,0.00,nan,nan,0.00,0.00,0.00,0.00,1,-86.00,-6.00,15.00,2.00,51.00,8.00,26378497,496
750.99,1565269487,0.00,nan,nan,0.00,0.00,0.00,0.00,1,-86.00,-6.00,15.00,2.00,51.00,8.00,26378497,496
752.00,1565269488,0.00,nan,nan,0.00,0.00,0.00,0.00,1,-87.00,-6.00,13.00,2.00,49.00,8.00,26378497,496
752.99,1565269489,0.00,nan,nan,0.00,0.00,0.00,0.00,1,-87.00,-6.00,13.00,2.00,49.00,8.00,26378497,496
753.99,1565269490,0.00,nan,nan,0.00,0.00,0.00,0.00,1,-87.00,-6.00,13.00,2.00,49.00,8.00,26378497,496
754.99,1565269491,0.00,nan,nan,0.00,0.00,0.00,0.00,1,-90.00,-6.00,11.00,2.00,48.00,8.00,26378497,496
755.99,1565269492,0.00,nan,nan,0.00,0.00,0.00,0.00,1,-90.00,-6.00,11.00,2.00,48.00,8.00,26378497,496
756.99,1565269493,0.00,nan,nan,0.00,0.00,0.00,0.00,1,-91.00,-6.00,13.00,2.00,47.00,8.00,26378497,496
757.99,1565269494,0.00,nan,nan,0.00,0.00,0.00,0.00,1,-91.00,-6.00,13.00,2.00,47.00,8.00,26378497,496
758.99,1565269495,0.00,nan,nan,0.00,0.00,0.00,0.00,1,-92.00,-7.00,6.00,2.00,46.00,8.00,26378497,496
759.99,1565269496,0.00,nan,nan,0.00,0.00,0.00,0.00,1,-92.00,-7.00,6.00,2.00,46.00,8.00,26378497,496
760.99,1565269497,0.00,nan,nan,0.00,0.00,0.00,0.00,1,-94.00,-11.00,8.00,2.00,49.00,8.00,28371200,68
761.99,1565269498,0.00,nan,nan,0.00,0.00,0.00,0.00,1,-94.00,-11.00,8.00,2.00,49.00,8.00,28371200,68
762.99,1565269499,0.00,nan,nan,0.00,0.00,0.00,0.00,1,-94.00,-10.00,4.00,2.00,48.00,8.00,28371200,68
763.99,1565269500,0.00,nan,nan,0.00,0.00,0.00,0.00,1,-94.00,-10.00,4.00,2.00,48.00,8.00,28371200,68
764.99,1565269501,0.00,nan,nan,0.00,0.00,0.00,0.00,1,-93.00,-9.00,8.00,2.00,47.00,8.00,28371200,68
765.99,1565269502,0.00,nan,nan,0.00,0.00,0.00,0.00,1,-93.00,-9.00,8.00,2.00,47.00,8.00,28371200,68
766.99,1565269503,0.00,nan,nan,0.00,0.00,0.00,0.00,1,-94.00,-9.00,8.00,2.00,46.00,8.00,28371200,68
767.99,1565269504,0.00,nan,nan,0.00,0.00,0.00,0.00,1,-94.00,-9.00,8.00,2.00,46.00,8.00,28371200,68
768.99,1565269505,0.00,nan,nan,0.00,0.00,0.00,0.00,1,-92.00,-9.00,16.00,2.00,48.00,8.00,28371200,68
769.99,1565269506,0.00,nan,nan,0.00,0.00,0.00,0.00,1,-92.00,-9.00,16.00,2.00,48.00,8.00,28371200,68
770.99,1565269507,0.00,nan,nan,0.00,0.00,0.00,0.00,1,-92.00,-9.00,14.00,2.00,48.00,8.00,28371200,68
771.99,1565269508,0.00,nan,nan,0.00,0.00,0.00,0.00,1,-92.00,-9.00,14.00,2.00,48.00,8.00,28371200,68
773.00,1565269509,0.00,nan,nan,0.00,0.00,0.00,0.00,1,-94.00,-8.00,6.00,2.00,46.00,8.00,28371200,68
773.99,1565269510,0.00,nan,nan,0.00,0.00,0.00,0.00,1,-94.00,-8.00,6.00,2.00,46.00,8.00,28371200,68
774.99,1565269511,0.00,nan,nan,0.00,0.00,0.00,0.00,1,-94.00,-8.00,6.00,2.00,46.00,8.00,28371200,68
775.99,1565269512,0.00,nan,nan,0.00,0.00,0.00,0.00,1,-95.00,-7.00,4.00,2.00,44.00,8.00,28371200,68
776.99,1565269513,0.00,nan,nan,0.00,0.00,0.00,0.00,1,-95.00,-7.00,4.00,2.00,44.00,8.00,28371200,68
777.99,1565269514,0.00,nan,nan,0.00,0.00,0.00,0.00,1,-96.00,-8.00,11.00,2.00,43.00,8.00,28371200,68
778.99,1565269515,0.00,nan,nan,0.00,0.00,0.00,0.00,1,-96.00,-8.00,11.00,2.00,43.00,8.00,28371200,68
779.99,1565269516,0.00,nan,nan,0.00,0.00,0.00,0.00,1,-97.00,-8.00,13.00,2.00,42.00,8.00,28371200,68
780.99,1565269517,0.00,nan,nan,0.00,0.00,0.00,0.00,1,-97.00,-8.00,13.00,2.00,42.00,8.00,28371200,68
781.99,1565269518,0.00,nan,nan,0.00,0.00,0.00,0.00,1,-95.00,-8.00,1.00,2.00,44.00,8.00,29913344,432
782.99,1565269519,0.00,nan,nan,0.00,0.00,0.00,0.00,1,-95.00,-8.00,1.00,2.00,44.00,8.00,29913344,432
783.99,1565269520,0.00,nan,nan,0.00,0.00,0.00,0.00,1,-96.00,-8.00,5.00,2.00,44.00,8.00,29913344,432
784.99,1565269521,0.00,nan,nan,0.00,0.00,0.00,0.00,1,-96.00,-8.00,5.00,2.00,44.00,8.00,29913344,432
785.99,1565269522,0.00,nan,nan,0.00,0.00,0.00,0.00,1,-97.00,-9.00,6.00,2.00,43.00,8.00,29913344,432
786.99,1565269523,0.00,nan,nan,0.00,0.00,0.00,0.00,1,-97.00,-9.00,6.00,2.00,43.00,8.00,29913344,432
787.99,1565269524,0.00,nan,nan,0.00,0.00,0.00,0.00,1,-95.00,-7.00,11.00,2.00,43.00,8.00,29913344,432
788.99,1565269525,0.00,nan,nan,0.00,0.00,0.00,0.00,1,-95.00,-7.00,11.00,2.00,43.00,8.00,29913344,432
789.99,1565269526,0.00,nan,nan,0.00,0.00,0.00,0.00,1,-95.00,-7.00,16.00,2.00,44.00,8.00,29913344,432
790.99,1565269527,0.00,nan,nan,0.00,0.00,0.00,0.00,1,-95.00,-7.00,16.00,2.00,44.00,8.00,29913344,432
791.99,1565269528,0.00,nan,nan,0.00,0.00,0.00,0.00,1,-92.00,-6.00,9.00,8.00,45.00,6.00,29913344,432
792.99,1565269529,0.00,nan,nan,0.00,0.00,0.00,0.00,1,-92.00,-6.00,9.00,8.00,45.00,6.00,29913344,432
794.00,1565269530,0.00,nan,nan,0.00,0.00,0.00,0.00,1,-93.00,-6.00,8.00,10.00,45.00,6.00,29913344,432
794.99,1565269531,0.00,nan,nan,0.00,0.00,0.00,0.00,1,-93.00,-6.00,8.00,10.00,45.00,6.00,29913344,432
795.99,1565269532,0.00,nan,nan,0.00,0.00,0.00,0.00,1,-93.00,-6.00,8.00,10.00,45.00,6.00,29913344,432
796.99,1565269533,0.00,nan,nan,0.00,0.00,0.00,0.00,1,-87.00,-6.00,12.00,4.00,49.00,6.00,29913344,432
797.99,1565269534,0.00,nan,nan,0.00,0.00,0.00,0.00,1,-87.00,-6.00,12.00,4.00,49.00,6.00,29913344,432
798.99,1565269535,0.00,nan,nan,0.00,0.00,0.00,0.00,1,-93.00,-7.00,10.00,10.00,45.00,6.00,29913344,432
799.99,1565269536,0.00,nan,nan,0.00,0.00,0.00,0.00,1,-93.00,-7.00,10.00,10.00,45.00,6.00,29913344,432
800.99,1565269537,0.00,nan,nan,0.00,0.00,0.00,0.00,1,-99.00,-7.00,19.00,10.00,40.00,6.00,29913344,432
801.99,1565269538,0.00,nan,nan,0.00,0.00,0.00,0.00,1,-99.00,-7.00,19.00,10.00,40.00,6.00,29913344,432
802.99,1565269539,0.00,nan,nan,0.00,0.00,0.00,0.00,1,-84.00,-5.00,16.00,15.00,53.00,6.00,29913344,432
803.99,1565269540,0.00,nan,nan,0.00,0.00,0.00,0.00,1,-84.00,-5.00,16.00,15.00,53.00,6.00,29913344,432
804.99,1565269541,0.00,nan,nan,0.00,0.00,0.00,0.00,1,-84.00,-6.00,14.00,10.00,54.00,6.00,29913344,432
805.99,1565269542,0.00,nan,nan,0.00,0.00,0.00,0.00,1,-84.00,-6.00,14.00,10.00,54.00,6.00,29913344,432
806.99,1565269543,0.00,nan,nan,0.00,0.00,0.00,0.00,1,-85.00,-7.00,16.00,10.00,51.00,6.00,29913344,432
807.99,1565269544,0.00,nan,nan,0.00,0.00,0.00,0.00,1,-85.00,-7.00,16.00,10.00,51.00,6.00,29913344,432
808.99,1565269545,0.00,nan,nan,0.00,0.00,0.00,0.00,1,-86.00,-6.00,10.00,2.00,50.00,6.00,29913344,432
809.99,1565269546,0.00,nan,nan,0.00,0.00,0.00,0.00,1,-86.00,-6.00,10.00,2.00,50.00,6.00,29913344,432
810.99,1565269547,0.00,nan,nan,0.00,0.00,0.00,0.00,1,-88.00,-7.00,12.00,2.00,51.00,6.00,29913344,432
811.99,1565269548,0.00,nan,nan,0.00,0.00,0.00,0.00,1,-88.00,-7.00,12.00,2.00,51.00,6.00,29913344,432
812.99,1565269549,0.00,nan,nan,0.00,0.00,0.00,0.00,1,-88.00,-9.00,10.00,2.00,52.00,6.00,29913344,432
813.99,1565269550,0.00,nan,nan,0.00,0.00,0.00,0.00,1,-88.00,-9.00,10.00,2.00,52.00,6.00,29913344,432
815.00,1565269551,0.00,nan,nan,0.00,0.00,0.00,0.00,1,-85.00,-8.00,20.00,2.00,54.00,6.00,29913346,433
815.99,1565269552,0.00,nan,nan,0.00,0.00,0.00,0.00,1,-85.00,-8.00,20.00,2.00,54.00,6.00,29913346,433
816.99,1565269553,0.00,nan,nan,0.00,0.00,0.00,0.00,1,-85.00,-8.00,20.00,2.00,54.00,6.00,29913346,433
817.99,1565269554,0.00,nan,nan,0.00,0.00,0.00,0.00,1,-84.00,-8.00,16.00,2.00,55.00,6.00,29913346,433
818.99,1565269555,0.00,nan,nan,0.00,0.00,0.00,0.00,1,-84.00,-8.00,16.00,2.00,55.00,6.00,29913346,433
819.99,1565269556,0.00,nan,nan,0.00,0.00,0.00,0.00,1,-83.00,-7.00,21.00,2.00,56.00,6.00,29913346,433
820.99,1565269557,0.00,nan,nan,0.00,0.00,0.00,0.00,1,-83.00,-7.00,21.00,2.00,56.00,6.00,29913346,433
821.99,1565269558,0.00,nan,nan,0.00,0.00,0.00,0.00,1,-80.00,-6.00,24.00,2.00,57.00,6.00,29913346,433
822.99,1565269559,0.00,nan,nan,0.00,0.00,0.00,0.00,1,-80.00,-6.00,24.00,2.00,57.00,6.00,29913346,433
823.99,1565269560,0.00,nan,nan,0.00,0.00,0.00,0.00,1,-76.00,-6.00,25.00,2.00,61.00,6.00,29913346,433
824.99,1565269561,0.00,nan,nan,0.00,0.00,0.00,0.00,1,-76.00,-6.00,25.00,2.00,61.00,6.00,29913346,433
825.99,1565269562,0.00,nan,nan,0.00,0.00,0.00,0.00,1,-74.00,-5.00,26.00,2.00,63.00,6.00,29913346,433
826.99,1565269563,0.00,nan,nan,0.00,0.00,0.00,0.00,1,-74.00,-5.00,26.00,2.00,63.00,6.00,29913346,433
827.99,1565269564,0.00,nan,nan,0.00,0.00,0.00,0.00,1,-74.00,-6.00,22.00,2.00,63.00,6.00,29913346,433
828.99,1565269565,0.00,nan,nan,0.00,0.00,0.00,0.00,1,-74.00,-6.00,22.00,2.00,63.00,6.00,29913346,433
829.99,1565269566,0.00,nan,nan,0.00,0.00,0.00,0.00,1,-77.00,-6.00,19.00,2.00,60.00,6.00,29913346,433
830.99,1565269567,0.00,nan,nan,0.00,0.00,0.00,0.00,1,-77.00,-6.00,19.00,2.00,60.00,6.00,29913346,433
831.99,1565269568,0.00,nan,nan,0.00,0.00,0.00,0.00,1,-80.00,-6.00,19.00,2.00,57.00,6.00,29913346,433
832.99,1565269569,0.00,nan,nan,0.00,0.00,0.00,0.00,1,-80.00,-6.00,19.00,2.00,57.00,6.00,29913346,433
833.99,1565269570,0.00,nan,nan,0.00,0.00,0.00,0.00,1,-85.00,-6.00,20.00,2.00,52.00,6.00,29913346,433
834.99,1565269571,0.00,nan,nan,0.00,0.00,0.00,0.00,1,-85.00,-6.00,20.00,2.00,52.00,6.00,29913346,433
836.00,1565269572,0.00,nan,nan,0.00,0.00,0.00,0.00,1,-86.00,-6.00,21.00,2.00,52.00,6.00,29913346,433
836.99,1565269573,0.00,nan,nan,0.00,0.00,0.00,0.00,1,-86.00,-6.00,21.00,2.00,52.00,6.00,29913346,433
837.99,1565269574,0.00,nan,nan,0.00,0.00,0.00,0.00,1,-86.00,-6.00,21.00,2.00,52.00,6.00,29913346,433
838.99,1565269575,0.00,nan,nan,0.00,0.00,0.00,0.00,1,-86.00,-6.00,21.00,2.00,52.00,6.00,29913346,433
839.99,1565269576,0.00,nan,nan,0.00,0.00,0.00,0.00,1,-86.00,-6.00,21.00,2.00,52.00,6.00,29913346,433
840.99,1565269577,0.00,nan,nan,0.00,0.00,0.00,0.00,1,-87.00,-6.00,7.00,2.00,51.00,6.00,29913346,433
841.99,1565269578,0.00,nan,nan,0.00,0.00,0.00,0.00,1,-87.00,-6.00,7.00,2.00,51.00,6.00,29913346,433
842.99,1565269579,0.00,nan,nan,0.00,0.00,0.00,0.00,1,-83.00,-6.00,17.00,2.00,54.00,6.00,29913346,433
843.99,1565269580,0.00,nan,nan,0.00,0.00,0.00,0.00,1,-83.00,-6.00,17.00,2.00,54.00,6.00,29913346,433
844.99,1565269581,0.00,nan,nan,0.00,0.00,0.00,0.00,1,-80.00,-7.00,7.00,11.00,59.00,2.00,29913346,433
845.99,1565269582,0.00,nan,nan,0.00,0.00,0.00,0.00,1,-80.00,-7.00,7.00,11.00,59.00,2.00,29913346,433
846.99,1565269583,0.00,nan,nan,0.00,0.00,0.00,0.00,1,-85.00,-10.00,8.00,12.00,55.00,2.00,29913346,433
847.99,1565269584,0.00,nan,nan,0.00,0.00,0.00,0.00,1,-85.00,-10.00,8.00,12.00,55.00,2.00,29913346,433
848.99,1565269585,0.00,nan,nan,0.00,0.00,0.00,0.00,1,-77.00,-7.00,3.00,6.00,57.00,2.00,29913345,434
849.99,1565269586,0.00,nan,nan,0.00,0.00,0.00,0.00,1,-77.00,-7.00,3.00,6.00,57.00,2.00,29913345,434
850.99,1565269587,0.00,nan,nan,0.00,0.00,0.00,0.00,1,-75.00,-6.00,25.00,15.00,62.00,2.00,29913345,434
851.99,1565269588,0.00,nan,nan,0.00,0.00,0.00,0.00,1,-75.00,-6.00,25.00,15.00,62.00,2.00,29913345,434
852.99,1565269589,0.00,nan,nan,0.00,0.00,0.00,0.00,1,-77.00,-6.00,25.00,15.00,60.00,2.00,29913345,434
853.99,1565269590,0.00,nan,nan,0.00,0.00,0.00,0.00,1,-77.00,-6.00,25.00,15.00,60.00,2.00,29913345,434
854.99,1565269591,0.00,nan,nan,0.00,0.00,0.00,0.00,1,-91.00,-6.00,25.00,15.00,47.00,2.00,29913345,434
855.99,1565269592,0.00,nan,nan,0.00,0.00,0.00,0.00,1,-91.00,-6.00,25.00,15.00,47.00,2.00,29913345,434
857.00,1565269593,0.00,nan,nan,0.00,0.00,0.00,0.00,1,-87.00,-6.00,20.00,14.00,50.00,2.00,29913345,434
857.99,1565269594,0.00,nan,nan,0.00,0.00,0.00,0.00,1,-87.00,-6.00,20.00,14.00,50.00,2.00,29913345,434
858.99,1565269595,0.00,nan,nan,0.00,0.00,0.00,0.00,1,-87.00,-6.00,20.00,14.00,50.00,2.00,29913345,434
859.99,1565269596,0.00,nan,nan,0.00,0.00,0.00,0.00,1,-85.00,-6.00,27.00,15.00,54.00,2.00,29913345,434
860.99,1565269597,0.00,nan,nan,0.00,0.00,0.00,0.00,1,-85.00,-6.00,27.00,15.00,54.00,2.00,29913345,434
861.99,1565269598,0.00,nan,nan,0.00,0.00,0.00,0.00,1,-83.00,-5.00,17.00,15.00,53.00,2.00,29913345,434
862.99,1565269599,0.00,nan,nan,0.00,0.00,0.00,0.00,1,-83.00,-5.00,17.00,15.00,53.00,2.00,29913345,434
863.99,1565269600,0.00,nan,nan,0.00,0.00,0.00,0.00,1,-84.00,-7.00,13.00,15.00,55.00,2.00,29913345,434
864.99,1565269601,0.00,nan,nan,0.00,0.00,0.00,0.00,1,-84.00,-7.00,13.00,15.00,55.00,2.00,29913345,434
865.99,1565269602,0.00,nan,nan,0.00,0.00,0.00,0.00,1,-88.00,-7.00,16.00,14.00,51.00,2.00,29913345,434
866.99,1565269603,0.00,nan,nan,0.00,0.00,0.00,0.00,1,-88.00,-7.00,16.00,14.00,51.00,2.00,29913345,434
867.99,1565269604,0.00,nan,nan,0.00,0.00,0.00,0.00,1,-88.00,-6.00,13.00,15.00,51.00,2.00,29913345,434
868.99,1565269605,0.00,nan,nan,0.00,0.00,0.00,0.00,1,-88.00,-6.00,13.00,15.00,51.00,2.00,29913345,434
869.99,1565269606,0.00,nan,nan,0.00,0.00,0.00,0.00,1,-89.00,-7.00,11.00,10.00,50.00,2.00,29913345,434
870.99,1565269607,0.00,nan,nan,0.00,0.00,0.00,0.00,1,-89.00,-7.00,11.00,10.00,50.00,2.00,29913345,434
871.99,1565269608,0.00,nan,nan,0.00,0.00,0.00,0.00,1,-91.00,-7.00,11.00,11.00,48.00,2.00,29913345,434
872.99,1565269609,0.00,nan,nan,0.00,0.00,0.00,0.00,1,-91.00,-7.00,11.00,11.00,48.00,2.00,29913345,434
873.99,1565269610,0.00,nan,nan,0.00,0.00,0.00,0.00,1,-90.00,-8.00,6.00,11.00,50.00,2.00,29913345,434
874.99,1565269611,0.00,nan,nan,0.00,0.00,0.00,0.00,1,-90.00,-8.00,6.00,11.00,50.00,2.00,29913345,434
875.99,1565269612,0.00,nan,nan,0.00,0.00,0.00,0.00,1,-92.00,-9.00,9.00,11.00,48.00,2.00,29913345,434
876.99,1565269613,0.00,nan,nan,0.00,0.00,0.00,0.00,1,-92.00,-9.00,9.00,11.00,48.00,2.00,29913345,434
877.99,1565269614,0.00,nan,nan,0.00,0.00,0.00,0.00,1,-99.00,-11.00,4.00,2.00,45.00,2.00,29913345,434
878.99,1565269615,0.00,nan,nan,0.00,0.00,0.00,0.00,1,-99.00,-11.00,4.00,2.00,45.00,2.00,29913345,434
880.00,1565269616,0.00,nan,nan,0.00,0.00,0.00,0.00,1,-101.00,-10.00,5.00,2.00,41.00,2.00,29913345,434
880.99,1565269617,0.00,nan,nan,0.00,0.00,0.00,0.00,1,-101.00,-10.00,5.00,2.00,41.00,2.00,29913345,434
881.99,1565269618,0.00,nan,nan,0.00,0.00,0.00,0.00,1,-101.00,-10.00,5.00,2.00,41.00,2.00,29913345,434
882.99,1565269619,0.00,nan,nan,0.00,0.00,0.00,0.00,1,-100.00,-11.00,10.00,2.00,42.00,2.00,29913345,434
883.99,1565269620,0.00,nan,nan,0.00,0.00,0.00,0.00,1,-100.00,-11.00,10.00,2.00,42.00,2.00,29913345,434
884.99,1565269621,0.00,nan,nan,0.00,0.00,0.00,0.00,1,-101.00,-10.00,8.00,2.00,41.00,2.00,29913345,434
885.99,1565269622,0.00,nan,nan,0.00,0.00,0.00,0.00,1,-101.00,-10.00,8.00,2.00,41.00,2.00,29913345,434
886.99,1565269623,0.00,nan,nan,0.00,0.00,0.00,0.00,1,-102.00,-9.00,7.00,2.00,40.00,2.00,29913345,434
887.99,1565269624,0.00,nan,nan,0.00,0.00,0.00,0.00,1,-102.00,-9.00,7.00,2.00,40.00,2.00,29913345,434
888.99,1565269625,0.00,nan,nan,0.00,0.00,0.00,0.00,1,-103.00,-10.00,5.00,2.00,39.00,2.00,29913345,434
889.99,1565269626,0.00,nan,nan,0.00,0.00,0.00,0.00,1,-103.00,-10.00,5.00,2.00,39.00,2.00,29913345,434
890.99,1565269627,0.00,nan,nan,0.00,0.00,0.00,0.00,1,-104.00,-10.00,7.00,2.00,38.00,2.00,29913345,434
891.99,1565269628,0.00,nan,nan,0.00,0.00,0.00,0.00,1,-104.00,-10.00,7.00,2.00,38.00,2.00,29913345,434
892.99,1565269629,0.00,nan,nan,0.00,0.00,0.00,0.00,1,-104.00,-10.00,1.00,2.00,39.00,2.00,29913345,434
893.99,1565269630,0.00,nan,nan,0.00,0.00,0.00,0.00,1,-104.00,-10.00,1.00,2.00,39.00,2.00,29913345,434
894.99,1565269631,0.00,nan,nan,0.00,0.00,0.00,0.00,1,-105.00,-11.00,6.00,2.00,38.00,2.00,29913345,434
895.99,1565269632,0.00,nan,nan,0.00,0.00,0.00,0.00,1,-105.00,-11.00,6.00,2.00,38.00,2.00,29913345,434
896.99,1565269633,0.00,nan,nan,0.00,0.00,0.00,0.00,1,-105.00,-10.00,-6.00,2.00,37.00,2.00,29913345,434
897.99,1565269634,0.00,nan,nan,0.00,0.00,0.00,0.00,1,-105.00,-10.00,-6.00,2.00,37.00,2.00,29913345,434
898.99,1565269635,0.00,nan,nan,0.00,0.00,0.00,0.00,1,-100.00,-10.00,7.00,2.00,41.00,2.00,28371200,68
899.99,1565269636,0.00,nan,nan,0.00,0.00,0.00,0.00,1,-100.00,-10.00,7.00,2.00,41.00,2.00,28371200,68
901.00,1565269637,0.00,nan,nan,0.00,0.00,0.00,0.00,1,-99.00,-10.00,4.00,2.00,42.00,2.00,28371200,68
901.99,1565269638,0.00,nan,nan,0.00,0.00,0.00,0.00,1,-99.00,-10.00,4.00,2.00,42.00,2.00,28371200,68
902.99,1565269639,0.00,nan,nan,0.00,0.00,0.00,0.00,1,-99.00,-10.00,4.00,2.00,42.00,2.00,28371200,68
903.99,1565269640,0.00,nan,nan,0.00,0.00,0.00,0.00,1,-98.00,-10.00,8.00,2.00,43.00,2.00,28371200,68
904.99,1565269641,0.00,nan,nan,0.00,0.00,0.00,0.00,1,-98.00,-10.00,8.00,2.00,43.00,2.00,28371200,68
905.99,1565269642,0.00,nan,nan,0.00,0.00,0.00,0.00,1,-96.00,-10.00,9.00,2.00,45.00,2.00,28371200,68
906.99,1565269643,0.00,nan,nan,0.00,0.00,0.00,0.00,1,-96.00,-10.00,9.00,2.00,45.00,2.00,28371200,68
907.99,1565269644,0.00,nan,nan,0.00,0.00,0.00,0.00,1,-95.00,-9.00,8.00,2.00,45.00,2.00,28371200,68
908.99,1565269645,0.00,nan,nan,0.00,0.00,0.00,0.00,1,-95.00,-9.00,8.00,2.00,45.00,2.00,28371200,68
909.99,1565269646,0.00,nan,nan,0.00,0.00,0.00,0.00,1,-96.00,-9.00,10.00,2.00,44.00,2.00,28371200,68
910.99,1565269647,0.00,nan,nan,0.00,0.00,0.00,0.00,1,-96.00,-9.00,10.00,2.00,44.00,2.00,28371200,68
911.99,1565269648,0.00,nan,nan,0.00,0.00,0.00,0.00,1,-96.00,-8.00,3.00,2.00,44.00,2.00,28371200,68
912.99,1565269649,0.00,nan,nan,0.00,0.00,0.00,0.00,1,-96.00,-8.00,3.00,2.00,44.00,2.00,28371200,68
913.99,1565269650,0.00,nan,nan,0.00,0.00,0.00,0.00,1,-94.00,-9.00,3.00,2.00,47.00,2.00,28371200,68
914.99,1565269651,0.00,nan,nan,0.00,0.00,0.00,0.00,1,-94.00,-9.00,3.00,2.00,47.00,2.00,28371200,68
915.99,1565269652,0.00,nan,nan,0.00,0.00,0.00,0.00,1,-95.00,-10.00,9.00,2.00,47.00,2.00,28371200,68
916.99,1565269653,0.00,nan,nan,0.00,0.00,0.00,0.00,1,-95.00,-10.00,9.00,2.00,47.00,2.00,28371200,68
917.99,1565269654,0.00,nan,nan,0.00,0.00,0.00,0.00,1,-96.00,-11.00,1.00,2.00,47.00,2.00,28371200,68
918.99,1565269655,0.00,nan,nan,0.00,0.00,0.00,0.00,1,-96.00,-11.00,1.00,2.00,47.00,2.00,28371200,68
919.99,1565269656,0.00,nan,nan,0.00,0.00,0.00,0.00,1,-92.00,-10.00,9.00,2.00,49.00,2.00,28371202,67
920.99,1565269657,0.00,nan,nan,0.00,0.00,0.00,0.00,1,-92.00,-10.00,9.00,2.00,49.00,2.00,28371202,67
922.00,1565269658,0.00,nan,nan,0.00,0.00,0.00,0.00,1,-90.00,-11.00,16.00,2.00,52.00,2.00,28371202,67
922.99,1565269659,0.00,nan,nan,0.00,0.00,0.00,0.00,1,-90.00,-11.00,16.00,2.00,52.00,2.00,28371202,67
923.99,1565269660,0.00,nan,nan,0.00,0.00,0.00,0.00,1,-90.00,-11.00,16.00,2.00,52.00,2.00,28371202,67
924.99,1565269661,0.00,nan,nan,0.00,0.00,0.00,0.00,1,-95.00,-10.00,11.00,13.00,47.00,6.00,28371202,67
925.99,1565269662,0.00,nan,nan,0.00,0.00,0.00,0.00,1,-95.00,-10.00,11.00,13.00,47.00,6.00,28371202,67
926.99,1565269663,0.00,nan,nan,0.00,0.00,0.00,0.00,1,-95.00,-8.00,5.00,10.00,44.00,6.00,28371202,67
927.99,1565269664,0.00,nan,nan,0.00,0.00,0.00,0.00,1,-95.00,-8.00,5.00,10.00,44.00,6.00,28371202,67
928.99,1565269665,0.00,nan,nan,0.00,0.00,0.00,0.00,1,-91.00,-8.00,10.00,14.00,49.00,6.00,28371202,67
929.99,1565269666,0.00,nan,nan,0.00,0.00,0.00,0.00,1,-91.00,-8.00,10.00,14.00,49.00,6.00,28371202,67
930.99,1565269667,0.00,nan,nan,0.00,0.00,0.00,0.00,1,-92.00,-6.00,13.00,9.00,46.00,6.00,28371202,67
931.99,1565269668,0.00,nan,nan,0.00,0.00,0.00,0.00,1,-92.00,-6.00,13.00,9.00,46.00,6.00,28371202,67
932.99,1565269669,0.00,nan,nan,0.00,0.00,0.00,0.00,1,-92.00,-6.00,7.00,8.00,46.00,6.00,28371202,67
933.99,1565269670,0.00,nan,nan,0.00,0.00,0.00,0.00,1,-92.00,-6.00,7.00,8.00,46.00,6.00,28371202,67
934.99,1565269671,0.00,nan,nan,0.00,0.00,0.00,0.00,1,-88.00,-9.00,20.00,14.00,52.00,6.00,28371202,67
935.99,1565269672,0.00,nan,nan,0.00,0.00,0.00,0.00,1,-88.00,-9.00,20.00,14.00,52.00,6.00,28371202,67
936.99,1565269673,0.00,nan,nan,0.00,0.00,0.00,0.00,1,-92.00,-8.00,18.00,10.00,48.00,6.00,28371202,67
937.99,1565269674,0.00,nan,nan,0.00,0.00,0.00,0.00,1,-92.00,-8.00,18.00,10.00,48.00,6.00,28371202,67
938.99,1565269675,0.00,nan,nan,0.00,0.00,0.00,0.00,1,-90.00,-5.00,14.00,2.00,45.00,6.00,28371202,67
939.99,1565269676,0.00,nan,nan,0.00,0.00,0.00,0.00,1,-90.00,-5.00,14.00,2.00,45.00,6.00,28371202,67
940.99,1565269677,0.00,nan,nan,0.00,0.00,0.00,0.00,1,-95.00,-7.00,10.00,2.00,44.00,6.00,28371202,67
941.99,1565269678,0.00,nan,nan,0.00,0.00,0.00,0.00,1,-95.00,-7.00,10.00,2.00,44.00,6.00,28371202,67
943.00,1565269679,0.00,nan,nan,0.00,0.00,0.00,0.00,1,-97.00,-7.00,11.00,2.00,42.00,6.00,28371202,67
943.99,1565269680,0.00,nan,nan,0.00,0.00,0.00,0.00,1,-97.00,-7.00,11.00,2.00,42.00,6.00,28371202,67
944.99,1565269681,0.00,nan,nan,0.00,0.00,0.00,0.00,1,-97.00,-7.00,11.00,2.00,42.00,6.00,28371202,67
945.99,1565269682,0.00,nan,nan,0.00,0.00,0.00,0.00,1,-97.00,-8.00,8.00,2.00,42.00,6.00,28371202,67
946.99,1565269683,0.00,nan,nan,0.00,0.00,0.00,0.00,1,-97.00,-8.00,8.00,2.00,42.00,6.00,28371202,67
947.99,1565269684,0.00,nan,nan,0.00,0.00,0.00,0.00,1,-96.00,-8.00,17.00,2.00,43.00,6.00,28371202,67
948.99,1565269685,0.00,nan,nan,0.00,0.00,0.00,0.00,1,-96.00,-8.00,17.00,2.00,43.00,6.00,28371202,67
949.99,1565269686,0.00,nan,nan,0.00,0.00,0.00,0.00,1,-91.00,-8.00,23.00,2.00,48.00,6.00,28371202,67
951.00,1565269687,0.00,nan,nan,0.00,0.00,0.00,0.00,1,-91.00,-8.00,23.00,2.00,48.00,6.00,28371202,67
951.99,1565269688,0.00,nan,nan,0.00,0.00,0.00,0.00,1,-85.00,-6.00,21.00,15.00,52.00,4.00,28371202,67
952.99,1565269689,0.00,nan,nan,0.00,0.00,0.00,0.00,1,-85.00,-6.00,21.00,15.00,52.00,4.00,28371202,67
953.99,1565269690,0.00,nan,nan,0.00,0.00,0.00,0.00,1,-85.00,-5.00,24.00,15.00,52.00,4.00,28371202,67
954.99,1565269691,0.00,nan,nan,0.00,0.00,0.00,0.00,1,-85.00,-5.00,24.00,15.00,52.00,4.00,28371202,67
955.99,1565269692,0.00,nan,nan,0.00,0.00,0.00,0.00,1,-84.00,-7.00,25.00,15.00,54.00,4.00,28371202,67
956.99,1565269693,0.00,nan,nan,0.00,0.00,0.00,0.00,1,-84.00,-7.00,25.00,15.00,54.00,4.00,28371202,67
957.99,1565269694,0.00,nan,nan,0.00,0.00,0.00,0.00,1,-85.00,-9.00,20.00,15.00,55.00,4.00,28371202,67
958.99,1565269695,0.00,nan,nan,0.00,0.00,0.00,0.00,1,-85.00,-9.00,20.00,15.00,55.00,4.00,28371202,67
959.99,1565269696,0.00,nan,nan,0.00,0.00,0.00,0.00,1,-88.00,-7.00,22.00,15.00,50.00,4.00,28371202,67
960.99,1565269697,0.00,nan,nan,0.00,0.00,0.00,0.00,1,-88.00,-7.00,22.00,15.00,50.00,4.00,28371202,67
961.99,1565269698,0.00,nan,nan,0.00,0.00,0.00,0.00,1,-89.00,-7.00,23.00,10.00,50.00,4.00,28371202,67
962.99,1565269699,0.00,nan,nan,0.00,0.00,0.00,0.00,1,-89.00,-7.00,23.00,10.00,50.00,4.00,28371202,67
964.00,1565269700,0.00,nan,nan,0.00,0.00,0.00,0.00,1,-89.00,-9.00,10.00,10.00,52.00,4.00,28371202,67
965.00,1565269701,0.00,nan,nan,0.00,0.00,0.00,0.00,1,-89.00,-9.00,10.00,10.00,52.00,4.00,28371202,67
965.99,1565269702,0.00,nan,nan,0.00,0.00,0.00,0.00,1,-89.00,-9.00,10.00,10.00,52.00,4.00,28371202,67
966.99,1565269703,0.00,nan,nan,0.00,0.00,0.00,0.00,1,-89.00,-9.00,14.00,11.00,51.00,4.00,28371202,67
967.99,1565269704,0.00,nan,nan,0.00,0.00,0.00,0.00,1,-89.00,-9.00,14.00,11.00,51.00,4.00,28371202,67
968.99,1565269705,0.00,nan,nan,0.00,0.00,0.00,0.00,1,-93.00,-7.00,8.00,14.00,45.00,4.00,28371202,67
969.99,1565269706,0.00,nan,nan,0.00,0.00,0.00,0.00,1,-93.00,-7.00,8.00,14.00,45.00,4.00,28371202,67
