0.01,1567140247,0.00,51.44950331,7.48841409,254.60,13.00,0.00,174.66,1,-96.00,-6.00,3.00,11.00,27.00,7.00,13415170,315
1.05,1567140248,13.58,51.44937937,7.48842796,254.29,13.14,0.14,176.76,1,-96.00,-6.00,3.00,11.00,27.00,7.00,13415170,315
2.06,1567140249,26.82,51.44977060,7.48865170,253.95,13.69,0.55,178.65,1,-103.00,-7.00,1.00,11.00,24.00,7.00,13415170,315
3.05,1567140250,40.40,51.44912656,7.48843172,253.65,14.04,0.35,181.15,1,-103.00,-7.00,1.00,11.00,24.00,7.00,13415170,315
4.05,1567140251,54.43,51.44899515,7.48841387,253.93,15.06,1.03,183.55,1,-103.00,-7.00,1.00,11.00,24.00,7.00,13415170,315
5.05,1567140252,69.50,51.44885023,7.48838877,254.09,16.66,1.59,185.03,1,-106.00,-7.00,5.00,7.00,21.00,7.00,13415170,315
6.05,1567140253,86.16,51.44872074,7.48835003,254.09,15.72,-0.93,187.20,1,-106.00,-7.00,5.00,7.00,21.00,7.00,13415170,315
7.05,1567140254,101.89,51.44860209,7.48830663,254.03,14.10,-1.62,189.67,1,-105.00,-8.00,0.00,6.00,22.00,7.00,13415170,315
8.05,1567140255,116.00,51.44848310,7.48825319,254.39,14.05,-0.05,192.00,1,-105.00,-8.00,0.00,6.00,22.00,7.00,13415170,315
9.05,1567140256,130.04,51.44835878,7.48819622,254.72,14.79,0.74,193.10,1,-110.00,-9.00,-1.00,6.00,19.00,7.00,13415170,315
10.05,1567140257,144.82,51.44823109,7.48814360,254.87,14.23,-0.56,192.48,1,-110.00,-9.00,-1.00,6.00,19.00,7.00,13415170,315
11.05,1567140258,159.06,51.44809531,7.48808363,255.19,15.42,1.19,192.60,1,-113.00,-13.00,-4.00,4.00,21.00,7.00,13415170,315
12.06,1567140259,174.50,51.44796039,7.48803148,255.70,15.13,-0.30,192.17,1,-113.00,-13.00,-4.00,4.00,21.00,7.00,13415170,315
13.06,1567140260,189.64,51.44784127,7.48798913,255.97,12.93,-2.19,191.28,1,-110.00,-14.00,-5.00,5.00,22.00,7.00,13415170,315
14.06,1567140261,202.56,51.44772776,7.48795839,256.45,11.77,-1.17,190.23,1,-110.00,-14.00,-5.00,5.00,22.00,7.00,13415170,315
15.06,1567140262,214.33,51.44762953,7.48792727,256.31,10.78,-0.99,189.26,1,-114.00,-13.00,-6.00,4.00,18.00,7.00,13415170,315
16.06,1567140263,225.12,51.44750613,7.48790678,256.62,12.64,1.86,186.56,1,-114.00,-13.00,-6.00,4.00,18.00,7.00,13415170,315
17.06,1567140264,237.75,51.44737659,7.48789243,256.76,13.06,0.42,184.10,1,-114.00,-12.00,-6.00,4.00,17.00,7.00,13415170,315
18.06,1567140265,250.81,51.44725333,7.48789078,256.66,12.68,-0.38,180.46,1,-114.00,-12.00,-6.00,4.00,17.00,7.00,13415170,315
19.06,1567140266,263.49,51.44711269,7.48793899,256.27,14.74,2.07,167.49,1,-114.00,-14.00,-6.00,4.00,19.00,7.00,13415170,315
20.06,1567140267,278.23,51.44698199,7.48798389,256.10,14.13,-0.61,166.96,1,-114.00,-14.00,-6.00,4.00,19.00,7.00,13415170,315
21.06,1567140268,292.39,51.44684975,7.48803864,256.28,14.15,0.02,165.57,1,-111.00,-12.00,-2.00,5.00,19.00,7.00,13415170,315
22.06,1567140269,306.53,51.44690310,7.48852610,266.60,13.77,-0.38,163.86,1,-111.00,-12.00,-2.00,5.00,19.00,7.00,13415170,315
23.07,1567140270,320.44,51.44659305,7.48817594,257.63,13.56,-0.21,161.69,1,-110.00,-10.00,-1.00,6.00,18.00,7.00,13415170,315
24.06,1567140271,333.86,51.44646835,7.48825790,258.51,13.77,0.22,158.71,1,-110.00,-10.00,-1.00,6.00,18.00,7.00,13415170,315
25.06,1567140272,347.62,51.44633730,7.48835950,259.15,14.79,1.02,155.67,1,-110.00,-10.00,-1.00,6.00,18.00,7.00,13415170,315
26.05,1567140273,362.38,51.44621695,7.48846844,260.04,14.86,0.07,152.86,1,-106.00,-6.00,5.00,7.00,20.00,7.00,13415170,315
27.05,1567140274,377.24,51.44609398,7.48859436,260.52,14.89,0.03,149.06,1,-106.00,-6.00,5.00,7.00,20.00,7.00,13415170,315
28.05,1567140275,392.15,51.44598223,7.48872466,261.00,15.06,0.17,145.79,1,-105.00,-6.00,2.00,8.00,20.00,7.00,13415170,315
29.05,1567140276,407.21,51.44587012,7.48887409,261.38,15.08,0.01,142.34,1,-105.00,-6.00,2.00,8.00,20.00,7.00,13415170,315
30.05,1567140277,422.29,51.44576277,7.48903428,261.78,15.26,0.18,139.42,1,-109.00,-8.00,-1.00,8.00,19.00,7.00,13415170,315
31.05,1567140278,437.55,51.44566421,7.48919771,262.23,15.29,0.03,136.50,1,-109.00,-8.00,-1.00,8.00,19.00,7.00,13415170,315
32.05,1567140279,452.84,51.44556969,7.48936901,262.77,15.45,0.16,134.04,1,-107.00,-8.00,7.00,10.00,19.00,7.00,13415170,315
33.05,1567140280,468.28,51.44547527,7.48954950,263.44,15.64,0.19,132.18,1,-107.00,-8.00,7.00,10.00,19.00,7.00,13415170,315
34.05,1567140281,483.90,51.44538914,7.48972962,264.44,15.69,0.05,130.39,1,-111.00,-8.00,5.00,2.00,15.00,79.00,13067273,288
35.06,1567140282,499.65,51.44530630,7.48991492,265.43,15.18,-0.51,129.22,1,-111.00,-8.00,5.00,2.00,15.00,79.00,13067273,288
36.05,1567140283,514.81,51.44522455,7.49010020,266.20,15.01,-0.17,128.75,1,-112.00,-10.00,7.00,2.00,12.00,79.00,13067273,288
37.05,1567140284,529.82,51.44514396,7.49028056,266.79,14.92,-0.09,129.11,1,-112.00,-10.00,7.00,2.00,12.00,79.00,13067273,288
38.05,1567140285,544.74,51.44506409,7.49045788,267.53,14.78,-0.14,128.43,1,-113.00,-9.00,5.00,2.00,11.00,79.00,13067273,288
39.06,1567140286,559.53,51.44499616,7.49061631,268.40,13.54,-1.24,127.82,1,-113.00,-9.00,5.00,2.00,11.00,79.00,13067273,288
40.06,1567140287,573.08,51.44493101,7.49077087,269.16,13.57,0.03,128.71,1,-114.00,-9.00,4.00,2.00,12.00,79.00,13067273,288
41.06,1567140288,586.65,51.44486430,7.49092376,270.08,13.34,-0.23,128.04,1,-114.00,-9.00,4.00,2.00,12.00,79.00,13067273,288
42.05,1567140289,599.97,51.44508390,7.49109260,270.74,12.02,-1.32,127.94,1,-115.00,-9.00,2.00,8.00,10.00,80.00,13067273,288
43.05,1567140290,611.99,51.44474677,7.49120236,271.54,10.35,-1.67,127.40,1,-115.00,-9.00,2.00,8.00,10.00,80.00,13067273,288
44.06,1567140291,622.38,51.44470198,7.49131518,272.09,8.55,-1.80,126.65,1,-122.00,-11.00,1.00,6.00,8.00,80.00,13067273,288
45.06,1567140292,630.93,51.44465991,7.49141531,272.55,6.85,-1.69,127.20,1,-122.00,-11.00,1.00,6.00,8.00,80.00,13067273,288
46.07,1567140293,637.84,51.44463868,7.49148629,272.93,5.12,-1.72,126.81,1,-123.00,-13.00,1.00,6.00,7.00,24.00,13417219,288
47.06,1567140294,642.92,51.44461926,7.49154352,272.94,3.41,-1.72,126.21,1,-123.00,-13.00,1.00,6.00,7.00,24.00,13417219,288
48.06,1567140295,646.33,51.44461053,7.49157761,272.96,1.63,-1.77,126.67,1,-123.00,-13.00,1.00,6.00,7.00,24.00,13417219,288
49.05,1567140296,647.95,51.44460741,7.49158587,273.00,0.45,-1.19,126.67,1,-108.00,-8.00,4.00,8.00,19.00,24.00,13417219,440
50.05,1567140297,648.40,51.44460741,7.49158587,273.00,0.00,-0.45,126.67,1,-108.00,-8.00,4.00,8.00,19.00,24.00,13417219,440
51.05,1567140298,648.40,51.44460741,7.49158587,273.00,0.00,0.00,126.67,1,-108.00,-9.00,5.00,7.00,20.00,24.00,13417219,440
52.05,1567140299,648.40,51.44460741,7.49158587,273.01,0.00,0.00,126.67,1,-108.00,-9.00,5.00,7.00,20.00,24.00,13417219,440
53.05,1567140300,648.40,51.44460741,7.49158587,273.01,0.00,0.00,126.67,1,-108.00,-8.00,2.00,7.00,19.00,24.00,13417219,440
54.05,1567140301,648.40,51.44460741,7.49158587,273.01,0.00,0.00,126.67,1,-108.00,-8.00,2.00,7.00,19.00,24.00,13417219,440
55.05,1567140302,648.40,51.44460741,7.49158587,273.01,0.00,0.00,126.67,1,-108.00,-11.00,4.00,7.00,23.00,24.00,13417219,440
56.05,1567140303,648.40,51.44460741,7.49158587,273.02,0.00,0.00,126.67,1,-108.00,-11.00,4.00,7.00,23.00,24.00,13417219,440
57.05,1567140304,648.40,51.44460741,7.49158587,273.02,0.00,0.00,126.67,1,-108.00,-11.00,4.00,7.00,23.00,24.00,13417219,440
58.05,1567140305,648.40,51.44460741,7.49158587,273.03,0.00,0.00,126.67,1,-108.00,-11.00,4.00,7.00,23.00,24.00,13417219,440
59.05,1567140306,648.40,51.44460741,7.49158587,273.04,0.00,0.00,126.67,1,-108.00,-11.00,3.00,7.00,23.00,24.00,13417219,440
60.05,1567140307,648.40,51.44460741,7.49158587,273.04,0.00,0.00,126.67,1,-108.00,-11.00,3.00,7.00,23.00,24.00,13417219,440
61.05,1567140308,648.40,51.44460741,7.49158587,273.04,0.00,0.00,126.67,1,-108.00,-11.00,4.00,7.00,21.00,24.00,13417219,440
62.05,1567140309,648.40,51.44463980,7.49158000,274.50,0.00,0.00,126.67,1,-108.00,-11.00,4.00,7.00,21.00,24.00,13417219,440
63.05,1567140310,648.40,51.44460741,7.49158587,273.03,0.00,0.00,126.67,1,-107.00,-11.00,2.00,7.00,23.00,24.00,13417219,440
64.05,1567140311,648.40,51.44460741,7.49158587,273.02,0.00,0.00,126.67,1,-107.00,-11.00,2.00,7.00,23.00,24.00,13417219,440
65.05,1567140312,648.40,51.44460741,7.49158587,273.01,0.00,0.00,126.67,1,-108.00,-8.00,5.00,6.00,21.00,24.00,13417219,440
66.06,1567140313,648.40,51.44460741,7.49158587,273.00,0.00,0.00,126.67,1,-108.00,-8.00,5.00,6.00,21.00,24.00,13417219,440
67.06,1567140314,648.40,51.44460741,7.49158587,272.99,0.00,0.00,126.67,1,-108.00,-8.00,3.00,7.00,19.00,24.00,13417219,440
68.06,1567140315,648.40,51.44460741,7.49158587,272.98,0.00,0.00,126.67,1,-108.00,-8.00,3.00,7.00,19.00,24.00,13417219,440
69.05,1567140316,648.40,51.44460741,7.49158587,272.97,0.00,0.00,126.67,1,-108.00,-8.00,3.00,7.00,19.00,24.00,13417219,440
70.05,1567140317,648.40,51.44460741,7.49158587,272.97,0.00,0.00,126.67,1,-108.00,-8.00,4.00,7.00,21.00,24.00,13417219,440
71.05,1567140318,648.40,51.44460741,7.49158587,272.96,0.00,0.00,126.67,1,-108.00,-8.00,4.00,7.00,21.00,24.00,13417219,440
72.05,1567140319,648.40,51.44460741,7.49158587,272.96,0.00,0.00,126.67,1,-108.00,-9.00,4.00,7.00,23.00,24.00,13417219,440
73.05,1567140320,648.40,51.44460741,7.49158587,272.96,0.00,0.00,126.67,1,-108.00,-9.00,4.00,7.00,23.00,24.00,13417219,440
74.05,1567140321,648.40,51.44460741,7.49158587,272.97,0.00,0.00,126.67,1,-107.00,-12.00,0.00,2.00,33.00,24.00,13417219,440
75.06,1567140322,648.40,51.44460741,7.49158587,272.97,0.00,0.00,126.67,1,-107.00,-12.00,0.00,2.00,33.00,24.00,13417219,440
76.06,1567140323,648.40,51.44460744,7.49158588,272.98,0.00,0.00,126.67,1,-108.00,-12.00,1.00,2.00,23.00,24.00,13417219,440
77.06,1567140324,648.40,51.44460878,7.49159169,272.98,0.00,0.00,126.67,1,-108.00,-12.00,1.00,2.00,23.00,24.00,13417219,440
78.06,1567140325,648.40,51.44461111,7.49160052,272.98,0.00,0.00,126.67,1,-108.00,-10.00,1.00,2.00,22.00,24.00,13417219,440
79.05,1567140326,648.40,51.44461483,7.49161479,272.98,0.00,0.00,126.67,1,-108.00,-10.00,1.00,2.00,22.00,24.00,13417219,440
80.05,1567140327,648.40,51.44462404,7.49162490,272.96,0.00,0.00,25.82,1,-108.00,-11.00,3.00,6.00,22.00,23.00,13417219,440
81.06,1567140328,648.40,51.44463105,7.49162978,272.89,0.00,0.00,2.91,1,-108.00,-11.00,3.00,6.00,22.00,23.00,13417219,440
82.06,1567140329,648.40,51.44469060,7.49156390,272.88,1.15,0.00,83.94,1,-109.00,-12.00,3.00,7.00,23.00,23.00,13417219,440
83.06,1567140330,649.55,51.44463096,7.49173140,272.92,2.30,1.15,105.05,1,-109.00,-12.00,3.00,7.00,23.00,23.00,13417219,440
84.06,1567140331,651.85,51.44459617,7.49173856,273.60,3.70,1.40,154.08,1,-107.00,-14.00,-1.00,5.00,26.00,23.00,13417219,440
85.06,1567140332,655.55,51.44452785,7.49175386,274.16,4.86,1.16,180.49,1,-107.00,-14.00,-1.00,5.00,26.00,23.00,13417219,440
86.05,1567140333,660.38,51.44446338,7.49171857,274.99,5.79,0.93,202.70,1,-104.00,-12.00,-5.00,7.00,29.00,23.00,13417219,440
87.05,1567140334,666.18,51.44439885,7.49165572,275.45,6.52,0.73,214.55,1,-104.00,-12.00,-5.00,7.00,29.00,23.00,13417219,440
88.06,1567140335,672.76,51.44434029,7.49158524,275.39,8.15,1.62,216.63,1,-107.00,-14.00,-4.00,3.00,27.00,23.00,13417219,440
89.06,1567140336,680.85,51.44426460,7.49149111,275.16,10.24,2.10,215.92,1,-107.00,-14.00,-4.00,3.00,27.00,23.00,13417219,440
90.05,1567140337,691.08,51.44418646,7.49139593,274.86,10.51,0.28,216.47,1,-107.00,-14.00,-4.00,3.00,27.00,23.00,13417219,440
91.05,1567140338,701.60,51.44409753,7.49128943,274.71,11.84,1.33,215.83,1,-110.00,-15.00,-2.00,5.00,26.00,23.00,13417219,440
92.05,1567140339,713.44,51.44399528,7.49116618,274.75,13.50,1.66,216.19,1,-110.00,-15.00,-2.00,5.00,26.00,23.00,13417219,440
93.06,1567140340,726.95,51.44388970,7.49103926,274.99,14.68,1.18,215.75,1,-104.00,-13.00,5.00,7.00,29.00,23.00,13417219,440
94.06,1567140341,741.63,51.44377653,7.49090119,275.41,15.46,0.78,216.42,1,-104.00,-13.00,5.00,7.00,29.00,23.00,13417219,440
95.05,1567140342,757.07,51.44366664,7.49078057,275.61,15.80,0.34,216.35,1,-108.00,-12.00,-6.00,6.00,25.00,23.00,13417219,440
96.05,1567140343,772.87,51.44355549,7.49065063,275.71,16.13,0.33,215.94,1,-108.00,-12.00,-6.00,6.00,25.00,23.00,13417219,440
97.06,1567140344,789.04,51.44344419,7.49052157,275.53,15.96,-0.17,216.27,1,-107.00,-12.00,4.00,6.00,25.00,23.00,13417219,440
98.06,1567140345,805.00,51.44333191,7.49038796,275.37,15.88,-0.09,216.58,1,-107.00,-12.00,4.00,6.00,25.00,23.00,13417219,440
99.06,1567140346,820.91,51.44321834,7.49025280,275.28,15.81,-0.06,216.51,1,-109.00,-13.00,-8.00,4.00,25.00,23.00,13417219,440
100.06,1567140347,836.73,51.44310561,7.49011694,275.29,15.78,-0.03,216.76,1,-109.00,-13.00,-8.00,4.00,25.00,23.00,13417219,440
101.06,1567140348,852.46,51.44299341,7.48998326,275.28,15.57,-0.22,216.27,1,-104.00,-14.00,0.00,7.00,29.00,23.00,13417219,440
102.05,1567140349,868.01,51.44265510,7.48905430,275.40,14.69,-0.88,216.53,1,-104.00,-14.00,0.00,7.00,29.00,23.00,13417219,440
103.06,1567140350,882.72,51.44276652,7.48971270,275.72,14.12,-0.57,217.04,1,-101.00,-12.00,-8.00,4.00,31.00,23.00,13417219,440
104.06,1567140351,896.83,51.44267349,7.48959497,275.97,12.82,-1.29,217.89,1,-101.00,-12.00,-8.00,4.00,31.00,23.00,13417219,440
105.05,1567140352,909.65,51.44258039,7.48947703,275.96,13.40,0.57,219.05,1,-93.00,-10.00,16.00,9.00,38.00,23.00,13417219,440
106.05,1567140353,923.04,51.44247382,7.48934546,276.34,13.99,0.59,218.67,1,-93.00,-10.00,16.00,9.00,38.00,23.00,13417219,440
107.05,1567140354,937.03,51.44237759,7.48922193,276.79,13.34,-0.65,218.28,1,-96.00,-10.00,19.00,8.00,36.00,23.00,13417219,440
108.05,1567140355,950.37,51.44227831,7.48909805,277.10,14.67,1.33,218.52,1,-96.00,-10.00,19.00,8.00,36.00,23.00,13417219,440
109.06,1567140356,965.17,51.44217469,7.48896738,277.39,13.99,-0.68,219.20,1,-100.00,-13.00,1.00,7.00,35.00,23.00,13417219,440
110.05,1567140357,979.04,51.44206730,7.48882797,277.70,14.71,0.73,220.42,1,-100.00,-13.00,1.00,7.00,35.00,23.00,13417219,440
111.05,1567140358,993.75,51.44197010,7.48869301,278.16,14.63,-0.09,222.18,1,-100.00,-13.00,1.00,7.00,35.00,23.00,13417219,440
112.05,1567140359,1008.38,51.44186559,7.48853978,278.13,14.96,0.34,222.94,1,-101.00,-13.00,-8.00,6.00,32.00,23.00,13417219,440
113.05,1567140360,1023.34,51.44176086,7.48837524,278.12,14.86,-0.10,224.97,1,-101.00,-13.00,-8.00,6.00,32.00,23.00,13417219,440
114.05,1567140361,1038.20,51.44167098,7.48821267,278.03,14.30,-0.56,227.42,1,-103.00,-9.00,-1.00,2.00,36.00,23.00,13417219,440
115.06,1567140362,1052.52,51.44157632,7.48803832,277.91,14.57,0.26,228.83,1,-103.00,-9.00,-1.00,2.00,36.00,23.00,13417219,440
116.06,1567140363,1067.12,51.44149266,7.48787694,277.73,13.90,-0.66,230.72,1,-97.00,-7.00,10.00,2.00,32.00,23.00,13417219,440
117.06,1567140364,1081.01,51.44141068,7.48770760,277.58,13.92,0.02,232.24,1,-97.00,-7.00,10.00,2.00,32.00,23.00,13417219,440
118.05,1567140365,1094.88,51.44133120,7.48754318,277.19,13.87,-0.05,233.10,1,-95.00,-5.00,7.00,2.00,31.00,23.00,13417219,440
119.06,1567140366,1108.83,51.44125495,7.48737700,277.19,14.14,0.27,233.47,1,-95.00,-5.00,7.00,2.00,31.00,23.00,13417219,440
120.06,1567140367,1122.97,51.44117192,7.48719643,277.08,14.18,0.04,233.97,1,-94.00,-4.00,10.00,2.00,31.00,23.00,13417219,440
121.06,1567140368,1137.14,51.44109159,7.48702001,277.32,14.18,0.00,233.39,1,-94.00,-4.00,10.00,2.00,31.00,23.00,13417219,440
122.05,1567140369,1151.28,51.44132990,7.48720560,277.22,14.84,0.66,232.25,1,-97.00,-5.00,16.00,2.00,29.00,23.00,13417219,440
123.06,1567140370,1166.17,51.44092702,7.48667676,277.43,14.65,-0.19,231.28,1,-97.00,-5.00,16.00,2.00,29.00,23.00,13417219,440
124.05,1567140371,1180.78,51.44085044,7.48652109,277.31,14.66,0.01,231.09,1,-97.00,-6.00,8.00,11.00,29.00,20.00,13417219,440
125.06,1567140372,1195.45,51.44077029,7.48636037,277.09,14.64,-0.02,231.84,1,-97.00,-6.00,8.00,11.00,29.00,20.00,13417219,440
126.06,1567140373,1210.11,51.44069902,7.48620377,277.60,13.45,-1.19,233.08,1,-96.00,-8.00,8.00,8.00,32.00,20.00,13417219,440
127.05,1567140374,1223.53,51.44062402,7.48604511,277.84,13.95,0.50,232.38,1,-96.00,-8.00,8.00,8.00,32.00,20.00,13417219,440
128.06,1567140375,1237.50,51.44054846,7.48588247,278.53,14.23,0.27,232.26,1,-91.00,-9.00,8.00,6.00,38.00,20.00,13417219,440
129.06,1567140376,1251.73,51.44047123,7.48572547,278.87,13.73,-0.50,231.70,1,-91.00,-9.00,8.00,6.00,38.00,20.00,13417219,440
130.06,1567140377,1265.56,51.44038641,7.48555439,279.27,14.74,1.00,231.02,1,-97.00,-7.00,13.00,10.00,29.00,20.00,13417219,440
131.05,1567140378,1280.18,51.44030415,7.48538500,279.97,14.33,-0.41,231.41,1,-97.00,-7.00,13.00,10.00,29.00,20.00,13417219,440
132.05,1567140379,1294.51,51.44022685,7.48523061,280.15,14.87,0.54,231.84,1,-97.00,-7.00,13.00,10.00,29.00,20.00,13417219,440
133.06,1567140380,1309.40,51.44014503,7.48506595,280.48,14.19,-0.69,232.25,1,-93.00,-11.00,7.00,8.00,40.00,20.00,13417219,440
134.05,1567140381,1323.57,51.44006429,7.48489341,280.72,14.30,0.12,233.01,1,-93.00,-11.00,7.00,8.00,40.00,20.00,13417219,440
135.05,1567140382,1337.87,51.43998774,7.48472425,281.73,14.26,-0.04,233.59,1,-100.00,-10.00,10.00,8.00,32.00,20.00,13417219,440
136.05,1567140383,1352.14,51.43992684,7.48457778,282.17,12.45,-1.81,234.80,1,-100.00,-10.00,10.00,8.00,32.00,20.00,13417219,440
137.05,1567140384,1364.59,51.43986106,7.48442848,282.33,11.99,-0.47,235.47,1,-96.00,-11.00,11.00,13.00,34.00,20.00,13417219,440
138.05,1567140385,1376.58,51.43978738,7.48425354,282.52,12.56,0.57,236.07,1,-96.00,-11.00,11.00,13.00,34.00,20.00,13417219,440
139.06,1567140386,1389.15,51.43971488,7.48408412,282.28,13.82,1.26,236.48,1,-100.00,-12.00,4.00,8.00,31.00,20.00,13417219,440
140.06,1567140387,1402.97,51.43964063,7.48390991,281.96,15.05,1.23,235.25,1,-100.00,-12.00,4.00,8.00,31.00,20.00,13417219,440
141.06,1567140388,1418.02,51.43956459,7.48372263,282.26,15.37,0.32,234.53,1,-101.00,-11.00,8.00,8.00,31.00,20.00,13417219,440
142.05,1567140389,1433.38,51.43998060,7.48420260,282.44,12.82,-2.56,236.88,1,-101.00,-11.00,8.00,8.00,31.00,20.00,13417219,440
143.06,1567140390,1446.21,51.43944924,7.48341686,282.61,12.69,-0.13,238.09,1,-100.00,-11.00,9.00,10.00,32.00,20.00,13417219,440
144.06,1567140391,1458.90,51.43938411,7.48324025,283.06,13.87,1.17,237.58,1,-100.00,-11.00,9.00,10.00,32.00,20.00,13417219,440
145.06,1567140392,1472.77,51.43931719,7.48306531,283.43,13.36,-0.51,238.43,1,-98.00,-10.00,13.00,9.00,33.00,20.00,13417219,440
146.06,1567140393,1486.12,51.43924856,7.48288673,283.29,13.33,-0.02,239.02,1,-98.00,-10.00,13.00,9.00,33.00,20.00,13417219,440
147.05,1567140394,1499.44,51.43919280,7.48271643,283.75,12.25,-1.09,241.19,1,-95.00,-6.00,9.00,12.00,34.00,20.00,13417219,440
148.05,1567140395,1511.69,51.43913557,7.48254192,283.66,13.31,1.07,240.43,1,-95.00,-6.00,9.00,12.00,34.00,20.00,13417219,440
149.06,1567140396,1525.02,51.43907571,7.48236388,283.80,14.31,0.99,240.03,1,-95.00,-5.00,11.00,11.00,29.00,20.00,13417219,440
150.05,1567140397,1539.31,51.43901820,7.48218774,283.96,13.15,-1.16,241.62,1,-95.00,-5.00,11.00,11.00,29.00,20.00,13417219,440
151.06,1567140398,1552.58,51.43895424,7.48199675,284.12,13.41,0.26,242.34,1,-96.00,-10.00,7.00,15.00,33.00,20.00,13417219,440
152.06,1567140399,1565.88,51.43889215,7.48181011,284.19,13.77,0.36,241.74,1,-96.00,-10.00,7.00,15.00,33.00,20.00,13417219,440
153.05,1567140400,1579.64,51.43882860,7.48162070,284.35,13.48,-0.29,241.86,1,-96.00,-10.00,7.00,15.00,33.00,20.00,13417219,440
154.05,1567140401,1593.12,51.43876972,7.48144140,284.56,13.29,-0.19,242.74,1,-97.00,-11.00,10.00,2.00,42.00,20.00,13417219,440
155.05,1567140402,1606.41,51.43871618,7.48127678,284.67,13.02,-0.27,243.09,1,-97.00,-11.00,10.00,2.00,42.00,20.00,13417219,440
156.06,1567140403,1619.44,51.43865934,7.48109816,284.96,13.93,0.91,242.35,1,-96.00,-10.00,8.00,2.00,34.00,20.00,13417219,440
157.06,1567140404,1633.37,51.43860043,7.48091892,284.73,14.07,0.14,241.95,1,-96.00,-10.00,8.00,2.00,34.00,20.00,13417219,440
158.06,1567140405,1647.44,51.43853549,7.48073962,284.35,13.96,-0.11,241.32,1,-99.00,-6.00,11.00,10.00,28.00,20.00,13417219,440
159.05,1567140406,1661.39,51.43846997,7.48054968,284.30,14.59,0.63,240.72,1,-99.00,-6.00,11.00,10.00,28.00,20.00,13417219,440
160.06,1567140407,1676.01,51.43840322,7.48036048,284.72,14.41,-0.17,241.61,1,-98.00,-9.00,7.00,8.00,33.00,20.00,13417219,440
161.06,1567140408,1690.42,51.43833269,7.48016750,284.96,15.18,0.76,239.75,1,-98.00,-9.00,7.00,8.00,33.00,20.00,13417219,440
162.06,1567140409,1705.58,51.43826942,7.47999495,284.93,13.55,-1.62,240.78,1,-102.00,-8.00,5.00,8.00,28.00,20.00,13417219,440
163.06,1567140410,1719.15,51.43820617,7.47981872,284.86,14.48,0.92,241.71,1,-102.00,-8.00,5.00,8.00,28.00,20.00,13417219,440
164.06,1567140411,1733.61,51.43814264,7.47964419,285.46,13.46,-1.02,241.10,1,-100.00,-8.00,1.00,8.00,28.00,20.00,13417219,440
165.06,1567140412,1747.08,51.43807852,7.47946074,286.40,13.94,0.48,240.67,1,-100.00,-8.00,1.00,8.00,28.00,20.00,13417219,440
166.06,1567140413,1761.01,51.43801526,7.47928644,287.43,13.25,-0.69,241.43,1,-93.00,-11.00,8.00,11.00,38.00,20.00,13417219,440
167.05,1567140414,1774.24,51.43795634,7.47910811,287.56,13.56,0.31,242.11,1,-93.00,-11.00,8.00,11.00,38.00,20.00,13417219,440
168.06,1567140415,1787.82,51.43789275,7.47891440,287.86,13.83,0.27,242.85,1,-89.00,-10.00,7.00,10.00,41.00,20.00,13417219,440
169.06,1567140416,1801.65,51.43784185,7.47874970,287.92,12.97,-0.86,243.30,1,-89.00,-10.00,7.00,10.00,41.00,20.00,13417219,440
170.06,1567140417,1814.62,51.43778542,7.47857683,287.85,13.22,0.24,244.24,1,-92.00,-10.00,8.00,9.00,38.00,20.00,13417219,440
171.05,1567140418,1827.79,51.43771753,7.47838776,287.98,14.94,1.73,241.16,1,-92.00,-10.00,8.00,9.00,38.00,20.00,13417219,440
172.06,1567140419,1842.88,51.43764703,7.47820274,288.01,15.37,0.43,238.77,1,-93.00,-11.00,7.00,9.00,38.00,20.00,13417219,440
173.06,1567140420,1858.16,51.43758320,7.47803148,287.46,14.28,-1.10,239.52,1,-93.00,-11.00,7.00,9.00,38.00,20.00,13417219,440
174.06,1567140421,1872.43,51.43751358,7.47784533,286.94,14.31,0.04,239.66,1,-93.00,-11.00,7.00,9.00,38.00,20.00,13417219,440
175.06,1567140422,1886.75,51.43745143,7.47766460,286.36,14.29,-0.03,240.35,1,-94.00,-10.00,8.00,4.00,35.00,20.00,13417219,440
176.05,1567140423,1901.02,51.43738787,7.47747783,286.41,14.01,-0.28,239.90,1,-94.00,-10.00,8.00,4.00,35.00,20.00,13417219,440
177.06,1567140424,1915.04,51.43733525,7.47732199,286.71,12.93,-1.08,240.61,1,-89.00,-4.00,13.00,12.00,35.00,19.00,13523715,6
178.06,1567140425,1927.97,51.43727726,7.47714680,287.28,13.00,0.07,241.42,1,-89.00,-4.00,13.00,12.00,35.00,19.00,13523715,6
179.06,1567140426,1940.97,51.43722542,7.47697070,287.49,12.75,-0.25,244.42,1,-86.00,-7.00,17.00,11.00,39.00,19.00,13523715,6
180.06,1567140427,1953.72,51.43718489,7.47681004,287.58,11.32,-1.43,247.32,1,-86.00,-7.00,17.00,11.00,39.00,19.00,13523715,6
181.06,1567140428,1965.04,51.43714875,7.47663970,287.76,11.50,0.18,251.11,1,-90.00,-5.00,5.00,8.00,36.00,19.00,13523715,6
182.06,1567140429,1976.54,51.43715483,7.47645753,287.98,9.98,-1.52,275.82,1,-90.00,-5.00,5.00,8.00,36.00,19.00,13523715,6
183.05,1567140430,1986.51,51.43719668,7.47633063,288.08,8.80,-1.17,298.15,1,-92.00,-4.00,16.00,10.00,32.00,19.00,13523715,6
184.06,1567140431,1995.32,51.43725091,7.47622598,288.18,8.03,-0.78,311.94,1,-92.00,-4.00,16.00,10.00,32.00,19.00,13523715,6
185.05,1567140432,2003.34,51.43732098,7.47616995,288.11,8.70,0.67,335.37,1,-97.00,-5.00,11.00,9.00,28.00,19.00,13523715,6
186.06,1567140433,2012.05,51.43739757,7.47615385,288.01,8.70,-0.00,357.91,1,-97.00,-5.00,11.00,9.00,28.00,19.00,13523715,6
187.05,1567140434,2020.74,51.43745757,7.47618339,287.74,7.72,-0.98,26.76,1,-97.00,-5.00,11.00,9.00,27.00,19.00,13523715,6
188.06,1567140435,2028.47,51.43752184,7.47626580,287.58,9.66,1.95,41.99,1,-97.00,-5.00,11.00,9.00,27.00,19.00,13523715,6
189.05,1567140436,2038.11,51.43758688,7.47636087,287.73,10.59,0.93,44.52,1,-102.00,-9.00,1.00,7.00,26.00,19.00,13523715,6
190.06,1567140437,2048.73,51.43766629,7.47649442,288.14,11.37,0.77,46.04,1,-102.00,-9.00,1.00,7.00,26.00,19.00,13523715,6
191.05,1567140438,2060.08,51.43774827,7.47663508,288.25,13.27,1.90,47.02,1,-100.00,-6.00,2.00,8.00,29.00,19.00,13523715,6
192.05,1567140439,2073.35,51.43783494,7.47679790,288.50,14.92,1.65,49.51,1,-100.00,-6.00,2.00,8.00,29.00,19.00,13523715,6
193.06,1567140440,2088.28,51.43791503,7.47696566,288.98,14.87,-0.05,51.72,1,-100.00,-5.00,9.00,7.00,25.00,19.00,13523715,6
194.06,1567140441,2103.15,51.43800325,7.47715877,289.43,17.07,2.20,52.79,1,-100.00,-5.00,9.00,7.00,25.00,19.00,13523715,6
195.06,1567140442,2120.37,51.43811219,7.47738283,289.58,18.19,1.11,53.23,1,-102.00,-6.00,1.00,7.00,24.00,19.00,13523715,6
196.06,1567140443,2138.39,51.43821510,7.47760251,289.82,18.45,0.27,53.61,1,-102.00,-6.00,1.00,7.00,24.00,19.00,13523715,6
197.06,1567140444,2156.84,51.43832500,7.47784513,289.99,19.50,1.05,54.12,1,-102.00,-6.00,1.00,7.00,24.00,19.00,13523715,6
198.06,1567140445,2176.34,51.43843056,7.47808592,289.83,19.33,-0.17,54.63,1,-103.00,-10.00,2.00,2.00,38.00,19.00,13523715,6
199.05,1567140446,2195.65,51.43853778,7.47834541,289.22,21.18,1.86,55.44,1,-103.00,-10.00,2.00,2.00,38.00,19.00,13523715,6
200.06,1567140447,2216.88,51.43865572,7.47863018,288.96,23.38,2.19,54.75,1,-107.00,-7.00,-4.00,2.00,20.00,19.00,13523715,6
201.06,1567140448,2240.26,51.43877224,7.47891586,288.69,23.56,0.18,55.22,1,-107.00,-7.00,-4.00,2.00,20.00,19.00,13523715,6
202.06,1567140449,2263.79,51.43888170,7.47919944,288.68,23.15,-0.40,55.68,1,-105.00,-7.00,1.00,2.00,31.00,23.00,13417219,440
203.05,1567140450,2286.92,51.43898225,7.47947036,288.54,22.92,-0.23,55.75,1,-105.00,-7.00,1.00,2.00,31.00,23.00,13417219,440
204.06,1567140451,2309.87,51.43908635,7.47974206,288.02,22.47,-0.45,55.13,1,-105.00,-7.00,5.00,2.00,21.00,23.00,13417219,440
205.06,1567140452,2332.33,51.43919139,7.48000804,287.17,22.07,-0.40,55.03,1,-105.00,-7.00,5.00,2.00,21.00,23.00,13417219,440
206.06,1567140453,2354.43,51.43930718,7.48027908,286.33,22.17,0.10,53.53,1,-106.00,-7.00,2.00,2.00,21.00,23.00,13417219,440
207.06,1567140454,2376.58,51.43942696,7.48054717,285.61,22.22,0.04,53.77,1,-106.00,-7.00,2.00,2.00,21.00,23.00,13417219,440
208.05,1567140455,2398.77,51.43955235,7.48082880,285.56,22.80,0.58,52.83,1,-104.00,-6.00,1.00,2.00,22.00,23.00,13417219,440
209.06,1567140456,2421.59,51.43968459,7.48111951,285.62,24.21,1.42,52.14,1,-104.00,-6.00,1.00,2.00,22.00,23.00,13417219,440
210.05,1567140457,2445.78,51.43980702,7.48139387,285.17,23.21,-1.01,51.46,1,-104.00,-7.00,1.00,2.00,24.00,23.00,13417219,440
211.05,1567140458,2468.99,51.43994425,7.48165983,285.28,23.56,0.35,48.92,1,-104.00,-7.00,1.00,2.00,24.00,23.00,13417219,440
212.05,1567140459,2492.55,51.44008275,7.48190891,285.34,23.31,-0.25,47.15,1,-106.00,-9.00,-4.00,2.00,23.00,23.00,13417219,440
213.06,1567140460,2515.90,51.44022680,7.48214487,285.30,23.29,-0.02,45.02,1,-106.00,-9.00,-4.00,2.00,23.00,23.00,13417219,440
214.06,1567140461,2539.17,51.44037836,7.48237487,285.28,23.18,-0.11,43.34,1,-110.00,-12.00,-2.00,3.00,23.00,22.00,13417219,440
215.06,1567140462,2562.35,51.44053746,7.48259857,285.20,23.06,-0.11,40.46,1,-110.00,-12.00,-2.00,3.00,23.00,22.00,13417219,440
216.07,1567140463,2585.73,51.44069842,7.48282034,285.02,23.00,-0.06,40.48,1,-108.00,-15.00,-11.00,3.00,25.00,20.00,13415426,440
217.06,1567140464,2608.53,51.44085643,7.48303312,285.00,22.84,-0.16,39.94,1,-108.00,-15.00,-11.00,3.00,25.00,20.00,13415426,440
218.06,1567140465,2631.37,51.44101024,7.48323838,284.39,23.09,0.24,39.62,1,-108.00,-15.00,-11.00,3.00,25.00,20.00,13415426,440
219.05,1567140466,2654.32,51.44117526,7.48344334,283.31,23.72,0.63,37.13,1,-103.00,-12.00,1.00,7.00,27.00,20.00,13415426,265
220.06,1567140467,2678.06,51.44134692,7.48363740,282.01,23.62,-0.09,34.80,1,-103.00,-12.00,1.00,7.00,27.00,20.00,13415426,265
221.06,1567140468,2701.73,51.44152949,7.48383048,280.84,23.98,0.36,32.57,1,-107.00,-13.00,-1.00,6.00,24.00,20.00,13415426,265
222.06,1567140469,2725.71,51.44171194,7.48402156,279.78,23.94,-0.04,32.12,1,-107.00,-13.00,-1.00,6.00,24.00,20.00,13415426,265
223.06,1567140470,2749.62,51.44190361,7.48419830,278.75,23.75,-0.19,29.22,1,-110.00,-12.00,-5.00,7.00,21.00,20.00,13415426,265
224.06,1567140471,2773.35,51.44209029,7.48435638,278.03,23.46,-0.29,27.62,1,-110.00,-12.00,-5.00,7.00,21.00,20.00,13415426,265
225.06,1567140472,2796.83,51.44227445,7.48451473,277.20,23.26,-0.20,27.06,1,-109.00,-12.00,-4.00,5.00,23.00,20.00,13415426,265
226.06,1567140473,2820.09,51.44246588,7.48466255,276.59,23.19,-0.07,25.95,1,-109.00,-12.00,-4.00,5.00,23.00,20.00,13415426,265
227.06,1567140474,2843.25,51.44265183,7.48480732,276.15,23.06,-0.13,25.29,1,-109.00,-13.00,-12.00,2.00,32.00,20.00,13415426,265
228.06,1567140475,2866.34,51.44284216,7.48494317,275.76,22.99,-0.07,24.02,1,-109.00,-13.00,-12.00,2.00,32.00,20.00,13415426,265
229.06,1567140476,2889.35,51.44302816,7.48507693,275.35,22.82,-0.17,23.29,1,-108.00,-12.00,-2.00,2.00,23.00,20.00,13415426,265
230.06,1567140477,2912.17,51.44321652,7.48520484,274.95,22.83,0.01,22.94,1,-108.00,-12.00,-2.00,2.00,23.00,20.00,13415426,265
231.06,1567140478,2935.01,51.44340362,7.48533098,274.46,22.71,-0.12,22.83,1,-108.00,-11.00,2.00,2.00,23.00,20.00,13415426,265
232.06,1567140479,2957.70,51.44358918,7.48545829,273.97,22.49,-0.22,23.22,1,-108.00,-11.00,2.00,2.00,23.00,20.00,13415426,265
233.06,1567140480,2980.23,51.44377337,7.48558610,273.58,22.22,-0.27,22.82,1,-108.00,-12.00,-4.00,2.00,24.00,20.00,13415426,265
234.06,1567140481,3002.45,51.44394762,7.48570418,273.09,21.13,-1.09,22.55,1,-108.00,-12.00,-4.00,2.00,24.00,20.00,13415426,265
235.06,1567140482,3023.60,51.44411695,7.48580918,272.77,19.76,-1.37,21.77,1,-112.00,-17.00,-6.00,2.00,25.00,20.00,13415426,265
236.06,1567140483,3043.37,51.44426928,7.48591120,272.26,18.04,-1.72,23.79,1,-112.00,-17.00,-6.00,2.00,25.00,20.00,13415426,265
237.07,1567140484,3061.55,51.44440972,7.48601706,271.34,16.96,-1.08,25.75,1,-109.00,-12.00,-5.00,2.00,24.00,20.00,13415170,315
238.06,1567140485,3078.36,51.44453171,7.48612530,270.10,15.40,-1.57,29.63,1,-109.00,-12.00,-5.00,2.00,24.00,20.00,13415170,315
239.06,1567140486,3093.74,51.44461264,7.48627681,268.91,14.51,-0.90,48.96,1,-109.00,-12.00,-5.00,2.00,24.00,20.00,13415170,315
240.06,1567140487,3108.22,51.44467033,7.48646079,268.00,14.15,-0.36,63.37,1,-119.00,-12.00,-6.00,2.00,25.00,80.00,13067273,288
241.06,1567140488,3122.37,51.44470153,7.48665823,267.24,14.42,0.27,76.91,1,-119.00,-12.00,-6.00,2.00,25.00,80.00,13067273,288
242.06,1567140489,3136.82,51.44470119,7.48687655,266.74,14.16,-0.26,93.85,1,-118.00,-13.00,-5.00,2.00,14.00,80.00,13067273,288
243.06,1567140490,3150.96,51.44466168,7.48704616,266.31,14.17,0.02,112.10,1,-118.00,-13.00,-5.00,2.00,14.00,80.00,13067273,288
244.06,1567140491,3165.13,51.44458751,7.48721381,265.91,14.10,-0.08,128.38,1,-119.00,-14.00,-8.00,2.00,13.00,80.00,13067273,288
245.06,1567140492,3179.25,51.44448930,7.48735541,265.49,14.35,0.25,143.35,1,-119.00,-14.00,-8.00,2.00,13.00,80.00,13067273,288
246.06,1567140493,3193.59,51.44439711,7.48747451,265.37,14.06,-0.29,145.75,1,-121.00,-15.00,-14.00,2.00,12.00,80.00,13067273,288
247.06,1567140494,3207.66,51.44428505,7.48750842,265.60,14.29,0.24,170.63,1,-121.00,-15.00,-14.00,2.00,12.00,80.00,13067273,288
248.05,1567140495,3221.90,51.44416216,7.48748779,265.50,14.40,0.11,188.40,nan,nan,nan,nan,nan,nan,nan,nan,nan
249.05,1567140496,3236.29,51.44405301,7.48742300,265.24,14.12,-0.29,206.20,nan,nan,nan,nan,nan,nan,nan,nan,nan
250.05,1567140497,3250.40,51.44396666,7.48732009,264.73,14.32,0.20,219.58,nan,nan,nan,nan,nan,nan,nan,nan,nan
251.05,1567140498,3264.72,51.44390629,7.48718236,264.47,15.15,0.83,233.88,nan,nan,nan,nan,nan,nan,nan,nan,nan
252.05,1567140499,3279.88,51.44386079,7.48700618,263.68,14.94,-0.21,250.68,nan,nan,nan,nan,nan,nan,nan,nan,nan
253.05,1567140500,3294.82,51.44383704,7.48679967,263.16,15.06,0.12,264.80,nan,nan,nan,nan,nan,nan,nan,nan,nan
254.05,1567140501,3309.88,51.44381724,7.48658042,262.70,15.79,0.73,266.38,nan,nan,nan,nan,nan,nan,nan,nan,nan
255.05,1567140502,3325.67,51.44380297,7.48635186,262.29,16.53,0.74,267.80,nan,nan,nan,nan,nan,nan,nan,nan,nan
256.05,1567140503,3342.21,51.44378904,7.48609871,262.10,17.68,1.15,267.77,nan,nan,nan,nan,nan,nan,nan,nan,nan
257.06,1567140504,3359.91,51.44378075,7.48581862,262.03,18.87,1.19,267.49,nan,nan,nan,nan,nan,nan,nan,nan,nan
258.06,1567140505,3378.93,51.44377082,7.48552038,262.05,19.96,1.08,266.56,nan,nan,nan,nan,nan,nan,nan,nan,nan
259.05,1567140506,3398.70,51.44376181,7.48523197,262.39,20.51,0.56,265.59,nan,nan,nan,nan,nan,nan,nan,nan,nan
260.05,1567140507,3419.21,51.44375977,7.48495723,262.73,20.60,0.09,268.44,nan,nan,nan,nan,nan,nan,nan,nan,nan
261.05,1567140508,3439.82,51.44376125,7.48464147,262.93,22.39,1.79,270.00,nan,nan,nan,nan,nan,nan,nan,nan,nan
262.05,1567140509,3462.21,51.44375474,7.48428732,262.91,23.23,0.83,268.99,nan,nan,nan,nan,nan,nan,nan,nan,nan
263.05,1567140510,3485.44,51.44374830,7.48395006,262.80,24.30,1.07,268.69,nan,nan,nan,nan,nan,nan,nan,nan,nan
264.06,1567140511,3509.76,51.44374000,7.48358756,262.87,24.82,0.51,268.07,nan,nan,nan,nan,nan,nan,nan,nan,nan
265.06,1567140512,3534.58,51.44373193,7.48321976,262.95,25.19,0.38,268.21,nan,nan,nan,nan,nan,nan,nan,nan,nan
266.05,1567140513,3559.75,51.44372049,7.48285351,262.96,25.57,0.38,267.75,nan,nan,nan,nan,nan,nan,nan,nan,nan
267.05,1567140514,3585.32,51.44370752,7.48248221,263.05,25.90,0.33,267.56,nan,nan,nan,nan,nan,nan,nan,nan,nan
268.05,1567140515,3611.22,51.44369154,7.48209875,263.06,26.25,0.36,266.71,nan,nan,nan,nan,nan,nan,nan,nan,nan
269.05,1567140516,3637.47,51.44367562,7.48171680,263.06,26.55,0.30,266.59,nan,nan,nan,nan,nan,nan,nan,nan,nan
270.05,1567140517,3664.03,51.44366103,7.48133479,262.96,26.96,0.40,265.90,nan,nan,nan,nan,nan,nan,nan,nan,nan
271.05,1567140518,3690.98,51.44363925,7.48094428,262.89,27.35,0.39,265.18,nan,nan,nan,nan,nan,nan,nan,nan,nan
272.06,1567140519,3718.36,51.44361997,7.48054991,262.71,27.57,0.22,265.22,nan,nan,nan,nan,nan,nan,nan,nan,nan
273.06,1567140520,3745.92,51.44359433,7.48014816,262.60,27.87,0.31,264.06,nan,nan,nan,nan,nan,nan,nan,nan,nan
274.06,1567140521,3773.80,51.44356720,7.47973867,262.65,28.14,0.26,263.68,nan,nan,nan,nan,nan,nan,nan,nan,nan
275.05,1567140522,3801.90,51.44353061,7.47932001,262.78,28.89,0.75,262.65,nan,nan,nan,nan,nan,nan,nan,nan,nan
276.05,1567140523,3830.79,51.44349791,7.47891107,262.53,29.29,0.40,262.67,nan,nan,nan,nan,nan,nan,nan,nan,nan
277.05,1567140524,3860.08,51.44346475,7.47849205,262.10,29.72,0.43,262.50,nan,nan,nan,nan,nan,nan,nan,nan,nan
278.05,1567140525,3889.81,51.44343039,7.47806321,261.67,30.07,0.35,262.18,nan,nan,nan,nan,nan,nan,nan,nan,nan
279.06,1567140526,3920.15,51.44339458,7.47762885,261.29,30.33,0.26,261.88,nan,nan,nan,nan,nan,nan,nan,nan,nan
280.06,1567140527,3950.23,51.44335686,7.47718744,260.88,30.65,0.33,261.95,nan,nan,nan,nan,nan,nan,nan,nan,nan
281.06,1567140528,3980.89,51.44331410,7.47674690,260.40,30.75,0.09,261.55,nan,nan,nan,nan,nan,nan,nan,nan,nan
282.05,1567140529,4011.61,51.44327258,7.47631309,259.79,30.72,-0.03,261.06,nan,nan,nan,nan,nan,nan,nan,nan,nan
283.05,1567140530,4042.33,51.44322592,7.47588831,259.06,30.54,-0.18,260.26,nan,nan,nan,nan,nan,nan,nan,nan,nan
284.05,1567140531,4072.87,51.44317741,7.47545888,258.33,30.58,0.04,259.94,nan,nan,nan,nan,nan,nan,nan,nan,nan
285.06,1567140532,4103.47,51.44312419,7.47502605,257.71,30.41,-0.16,259.04,nan,nan,nan,nan,nan,nan,nan,nan,nan
286.06,1567140533,4133.89,51.44307114,7.47460589,257.04,29.99,-0.42,258.33,nan,nan,nan,nan,nan,nan,nan,nan,nan
287.05,1567140534,4163.85,51.44301935,7.47418962,256.35,29.63,-0.36,258.46,nan,nan,nan,nan,nan,nan,nan,nan,nan
288.06,1567140535,4193.60,51.44296724,7.47378346,255.55,29.37,-0.26,258.74,1,-98.00,-6.00,7.00,2.00,36.00,13.00,13415426,265
289.06,1567140536,4222.97,51.44291596,7.47337353,254.69,29.26,-0.10,258.95,1,-98.00,-6.00,7.00,2.00,36.00,13.00,13415426,265
290.05,1567140537,4252.03,51.44286417,7.47296125,253.95,29.26,-0.01,259.32,1,-98.00,-7.00,4.00,8.00,29.00,13.00,13415426,265
291.06,1567140538,4281.40,51.44281425,7.47255309,253.18,29.09,-0.17,259.10,1,-98.00,-7.00,4.00,8.00,29.00,13.00,13415426,265
292.06,1567140539,4310.50,51.44275890,7.47214597,252.41,29.24,0.15,257.84,1,-105.00,-8.00,1.00,8.00,23.00,13.00,13415426,265
293.05,1567140540,4339.71,51.44270509,7.47174366,251.38,29.56,0.32,257.33,1,-105.00,-8.00,1.00,8.00,23.00,13.00,13415426,265
294.06,1567140541,4369.30,51.44265059,7.47133273,250.15,30.06,0.50,257.43,1,-106.00,-8.00,13.00,11.00,21.00,13.00,13415426,265
295.06,1567140542,4399.36,51.44259310,7.47090970,248.96,30.32,0.26,257.71,1,-106.00,-8.00,13.00,11.00,21.00,13.00,13415426,265
296.06,1567140543,4429.68,51.44253616,7.47048378,247.69,30.72,0.40,257.48,1,-109.00,-8.00,8.00,9.00,20.00,13.00,13415426,265
297.06,1567140544,4460.40,51.44247700,7.47005361,246.58,30.80,0.08,257.38,1,-109.00,-8.00,8.00,9.00,20.00,13.00,13415426,265
298.06,1567140545,4491.20,51.44241934,7.46961881,245.36,30.80,0.00,257.93,1,-102.00,-6.00,7.00,14.00,25.00,13.00,13415426,265
299.06,1567140546,4522.00,51.44236339,7.46918575,244.12,30.93,0.12,257.80,1,-102.00,-6.00,7.00,14.00,25.00,13.00,13415426,265
300.06,1567140547,4553.15,51.44230918,7.46874875,242.77,30.93,0.01,257.97,1,-107.00,-9.00,8.00,8.00,22.00,13.00,13415426,265
301.05,1567140548,4583.83,51.44225407,7.46831165,241.54,31.16,0.23,258.05,1,-107.00,-9.00,8.00,8.00,22.00,13.00,13415426,265
302.05,1567140549,4614.90,51.44219570,7.46786257,240.64,31.30,0.14,258.08,1,-107.00,-9.00,8.00,8.00,22.00,13.00,13415426,265
303.06,1567140550,4646.33,51.44213414,7.46740445,240.09,32.02,0.71,258.30,1,-111.00,-12.00,4.00,7.00,20.00,13.00,13415426,265
304.06,1567140551,4678.35,51.44208158,7.46694579,239.30,32.31,0.30,259.00,1,-111.00,-12.00,4.00,7.00,20.00,13.00,13415426,265
305.06,1567140552,4710.69,51.44202590,7.46647771,238.79,32.42,0.11,258.81,1,-113.00,-15.00,-3.00,5.00,21.00,13.00,13415426,265
306.06,1567140553,4743.18,51.44197324,7.46602013,238.08,32.66,0.24,259.80,1,-113.00,-15.00,-3.00,5.00,21.00,13.00,13415426,265
307.06,1567140554,4775.81,51.44192479,7.46555204,237.59,32.80,0.14,260.32,1,-110.00,-15.00,-3.00,4.00,24.00,13.00,13415426,265
308.05,1567140555,4808.51,51.44188180,7.46508375,236.89,32.90,0.11,260.62,1,-110.00,-15.00,-3.00,4.00,24.00,13.00,13415426,265
309.06,1567140556,4841.48,51.44184147,7.46461346,236.44,33.05,0.15,261.62,1,-113.00,-17.00,-7.00,4.00,23.00,13.00,13415426,265
310.06,1567140557,4874.50,51.44180056,7.46414296,236.12,32.76,-0.29,262.52,1,-113.00,-17.00,-7.00,4.00,23.00,13.00,13415426,265
311.06,1567140558,4907.32,51.44176573,7.46367237,235.97,32.47,-0.29,263.21,1,-116.00,-17.00,-7.00,4.00,21.00,12.00,13415427,265
312.06,1567140559,4939.76,51.44173237,7.46320727,235.75,32.14,-0.34,263.31,1,-116.00,-17.00,-7.00,4.00,21.00,12.00,13415427,265
313.06,1567140560,4971.87,51.44169990,7.46275676,235.45,32.17,0.03,263.93,1,-109.00,-10.00,1.00,7.00,22.00,12.00,13415427,264
314.06,1567140561,5004.04,51.44167306,7.46230413,235.16,32.12,-0.05,264.52,1,-109.00,-10.00,1.00,7.00,22.00,12.00,13415427,264
315.06,1567140562,5036.15,51.44164433,7.46185489,234.93,32.06,-0.06,264.95,1,-107.00,-12.00,1.00,5.00,26.00,12.00,13415427,264
316.06,1567140563,5068.24,51.44161694,7.46140277,234.72,32.15,0.10,265.51,1,-107.00,-12.00,1.00,5.00,26.00,12.00,13415427,264
317.06,1567140564,5100.40,51.44159561,7.46095015,234.53,32.21,0.05,265.93,1,-104.00,-11.00,3.00,9.00,28.00,12.00,13415427,264
318.06,1567140565,5132.60,51.44157653,7.46048583,234.14,31.95,-0.25,266.38,1,-104.00,-11.00,3.00,9.00,28.00,12.00,13415427,264
319.05,1567140566,5164.49,51.44156671,7.46002817,233.64,31.97,0.02,267.49,1,-101.00,-11.00,4.00,8.00,30.00,12.00,13415427,264
320.06,1567140567,5196.50,51.44155851,7.45957239,233.08,31.95,-0.03,267.71,1,-101.00,-11.00,4.00,8.00,30.00,12.00,13415427,264
321.06,1567140568,5228.70,51.44155192,7.45911606,232.47,31.94,-0.01,267.93,1,-99.00,-8.00,8.00,11.00,27.00,12.00,13415427,264
322.05,1567140569,5260.35,51.44154114,7.45865638,232.15,31.98,0.04,268.21,1,-99.00,-8.00,8.00,11.00,27.00,12.00,13415427,264
323.05,1567140570,5292.33,51.44153738,7.45819422,232.01,31.70,-0.28,269.36,1,-99.00,-8.00,8.00,11.00,27.00,12.00,13415427,264
324.05,1567140571,5324.03,51.44153356,7.45772695,232.05,31.82,0.12,268.95,1,-100.00,-8.00,2.00,10.00,25.00,12.00,13415427,264
325.05,1567140572,5355.85,51.44152931,7.45726784,232.20,31.54,-0.28,270.04,1,-100.00,-8.00,2.00,10.00,25.00,12.00,13415427,264
326.06,1567140573,5387.42,51.44152677,7.45682024,232.26,31.55,0.01,270.26,1,-107.00,-10.00,-1.00,5.00,25.00,12.00,13415427,264
327.05,1567140574,5418.93,51.44152654,7.45636948,232.18,31.49,-0.06,270.36,1,-107.00,-10.00,-1.00,5.00,25.00,12.00,13415427,264
328.05,1567140575,5450.42,51.44153645,7.45592828,231.92,31.37,-0.12,271.12,1,-104.00,-8.00,5.00,8.00,24.00,12.00,13415427,264
329.05,1567140576,5481.78,51.44154717,7.45548371,231.62,31.36,-0.01,271.30,1,-104.00,-8.00,5.00,8.00,24.00,12.00,13415427,264
330.05,1567140577,5513.14,51.44155660,7.45503399,231.35,31.15,-0.21,272.04,1,-99.00,-6.00,17.00,10.00,28.00,12.00,13415427,264
331.05,1567140578,5544.29,51.44156897,7.45458608,231.06,31.07,-0.08,272.34,1,-99.00,-6.00,17.00,10.00,28.00,12.00,13415427,264
332.05,1567140579,5575.36,51.44158594,7.45414406,230.70,30.98,-0.09,273.34,1,-98.00,-7.00,16.00,6.00,27.00,12.00,13415427,264
333.05,1567140580,5606.34,51.44161348,7.45369690,230.42,31.07,0.09,275.70,1,-98.00,-7.00,16.00,6.00,27.00,12.00,13415427,264
334.06,1567140581,5637.45,51.44163892,7.45325189,230.29,31.01,-0.06,275.90,1,-104.00,-9.00,0.00,2.00,26.00,12.00,13415427,264
335.06,1567140582,5668.46,51.44166502,7.45280345,230.15,31.47,0.45,274.87,1,-104.00,-9.00,0.00,2.00,26.00,12.00,13415427,264
336.06,1567140583,5699.96,51.44169198,7.45235920,229.94,31.48,0.01,275.04,1,-104.00,-9.00,-1.00,2.00,26.00,12.00,13415427,264
337.06,1567140584,5731.43,51.44172031,7.45191304,229.64,31.29,-0.18,275.77,1,-104.00,-9.00,-1.00,2.00,26.00,12.00,13415427,264
338.06,1567140585,5762.79,51.44175427,7.45147231,229.28,31.17,-0.12,276.74,1,-107.00,-11.00,1.00,2.00,24.00,12.00,13415427,264
339.06,1567140586,5793.93,51.44178895,7.45102539,228.89,31.26,0.09,276.92,1,-107.00,-11.00,1.00,2.00,24.00,12.00,13415427,264
340.06,1567140587,5825.12,51.44182404,7.45057932,228.51,31.25,-0.01,277.63,1,-110.00,-10.00,7.00,2.00,20.00,12.00,13415427,264
341.06,1567140588,5856.40,51.44186656,7.45013586,228.06,31.15,-0.10,277.89,1,-110.00,-10.00,7.00,2.00,20.00,12.00,13415427,264
342.06,1567140589,5887.74,51.44190733,7.44969713,227.67,30.76,-0.39,278.13,1,-105.00,-6.00,3.00,8.00,21.00,18.00,13415427,264
343.06,1567140590,5918.29,51.44194693,7.44925637,227.44,30.59,-0.17,278.31,1,-105.00,-6.00,3.00,8.00,21.00,18.00,13415427,264
344.05,1567140591,5948.86,51.44198716,7.44882100,227.20,30.60,0.01,278.60,1,-105.00,-6.00,3.00,8.00,21.00,18.00,13415427,264
345.06,1567140592,5979.49,51.44203436,7.44838578,226.95,30.66,0.05,279.08,1,-109.00,-11.00,7.00,10.00,22.00,18.00,13415427,264
346.05,1567140593,6010.11,51.44208073,7.44794991,226.72,30.84,0.19,279.72,1,-109.00,-11.00,7.00,10.00,22.00,18.00,13415427,264
347.05,1567140594,6040.96,51.44213231,7.44751783,226.36,31.01,0.16,280.37,1,-96.00,-6.00,8.00,14.00,29.00,18.00,13415427,264
348.05,1567140595,6071.97,51.44218319,7.44707634,226.13,31.09,0.08,281.10,1,-96.00,-6.00,8.00,14.00,29.00,18.00,13415427,264
349.05,1567140596,6103.06,51.44224010,7.44663249,226.03,31.28,0.19,281.70,1,-102.00,-8.00,-5.00,4.00,28.00,18.00,13415427,264
350.05,1567140597,6134.34,51.44229716,7.44619296,225.89,31.24,-0.04,282.12,1,-102.00,-8.00,-5.00,4.00,28.00,18.00,13415427,264
351.06,1567140598,6165.64,51.44235984,7.44575930,225.78,30.76,-0.48,283.17,1,-106.00,-9.00,-9.00,4.00,21.00,18.00,13415427,264
352.06,1567140599,6196.40,51.44242168,7.44532463,225.56,30.86,0.10,283.05,1,-106.00,-9.00,-9.00,4.00,21.00,18.00,13415427,264
353.06,1567140600,6227.27,51.44248501,7.44488974,225.39,30.64,-0.22,282.83,1,-107.00,-9.00,-4.00,7.00,20.00,18.00,13415427,264
354.06,1567140601,6257.91,51.44254730,7.44445222,225.18,30.86,0.22,283.06,1,-107.00,-9.00,-4.00,7.00,20.00,18.00,13415427,264
355.05,1567140602,6288.71,51.44261067,7.44400583,225.04,31.20,0.33,284.16,1,-102.00,-7.00,-6.00,2.00,33.00,18.00,13415427,264
356.06,1567140603,6319.94,51.44267752,7.44355380,224.99,31.47,0.27,283.92,1,-102.00,-7.00,-6.00,2.00,33.00,18.00,13415427,264
357.06,1567140604,6351.50,51.44274411,7.44312279,224.66,31.49,0.03,284.11,1,-107.00,-14.00,-6.00,2.00,26.00,18.00,13415427,264
358.06,1567140605,6382.96,51.44281808,7.44271296,224.16,31.46,-0.03,285.00,1,-107.00,-14.00,-6.00,2.00,26.00,18.00,13415427,264
359.06,1567140606,6414.39,51.44289306,7.44229156,223.49,31.61,0.15,285.80,1,-109.00,-13.00,-3.00,5.00,24.00,23.00,13415427,264
360.06,1567140607,6446.00,51.44296780,7.44186656,222.88,31.56,-0.05,285.95,1,-109.00,-13.00,-3.00,5.00,24.00,23.00,13415427,264
361.06,1567140608,6477.59,51.44305034,7.44142448,222.37,31.74,0.18,286.39,1,-112.00,-14.00,-6.00,3.00,22.00,23.00,13415427,264
362.06,1567140609,6509.33,51.44417250,7.45422440,221.81,31.67,-0.07,287.07,1,-112.00,-14.00,-6.00,3.00,22.00,23.00,13415427,264
363.06,1567140610,6541.23,51.44321575,7.44054805,221.27,31.80,0.13,287.35,1,-115.00,-18.00,-11.00,2.00,23.00,23.00,13415427,264
364.06,1567140611,6572.84,51.44330467,7.44012295,220.70,31.61,-0.19,287.79,1,-115.00,-18.00,-11.00,2.00,23.00,23.00,13415427,264
365.06,1567140612,6604.41,51.44339343,7.43969798,220.14,31.37,-0.24,287.65,1,-115.00,-18.00,-11.00,2.00,23.00,23.00,13415427,264
366.06,1567140613,6635.72,51.44348737,7.43926538,219.40,31.28,-0.09,287.77,1,-112.00,-14.00,-5.00,3.00,22.00,26.00,13246978,157
367.05,1567140614,6666.97,51.44358437,7.43883509,218.86,32.09,0.81,288.81,1,-112.00,-14.00,-5.00,3.00,22.00,26.00,13246978,157
368.06,1567140615,6699.09,51.44368013,7.43839794,218.27,32.53,0.44,288.06,1,-107.00,-9.00,-1.00,7.00,22.00,26.00,13246978,157
369.06,1567140616,6731.62,51.44378535,7.43794723,217.08,32.65,0.12,290.63,1,-107.00,-9.00,-1.00,7.00,22.00,26.00,13246978,157
370.05,1567140617,6764.17,51.44389357,7.43750097,216.09,33.06,0.42,290.36,1,-107.00,-10.00,-9.00,6.00,26.00,26.00,13246978,157
371.06,1567140618,6797.43,51.44401168,7.43705179,215.18,33.68,0.62,292.18,1,-107.00,-10.00,-9.00,6.00,26.00,26.00,13246978,157
372.06,1567140619,6831.02,51.44412944,7.43659199,214.02,34.33,0.64,292.54,1,-109.00,-13.00,-3.00,5.00,24.00,26.00,13246978,157
373.06,1567140620,6865.38,51.44425250,7.43613750,213.23,35.15,0.82,292.34,1,-109.00,-13.00,-3.00,5.00,24.00,26.00,13246978,157
374.06,1567140621,6900.56,51.44439099,7.43566758,212.61,35.47,0.32,293.93,1,-109.00,-13.00,-3.00,5.00,25.00,26.00,13246978,157
375.06,1567140622,6936.14,51.44452093,7.43520282,211.57,36.06,0.59,293.95,1,-109.00,-13.00,-3.00,5.00,25.00,26.00,13246978,157
376.06,1567140623,6972.06,51.44464915,7.43472474,209.99,36.47,0.41,294.38,1,-104.00,-13.00,-7.00,5.00,32.00,66.00,13081345,210
377.06,1567140624,7008.53,51.44480004,7.43424108,208.64,36.73,0.26,297.28,1,-104.00,-13.00,-7.00,5.00,32.00,66.00,13081345,210
378.06,1567140625,7045.25,51.44495165,7.43375316,207.65,37.39,0.67,297.03,1,-105.00,-13.00,-4.00,5.00,28.00,66.00,13081345,210
379.06,1567140626,7082.65,51.44510795,7.43325556,206.97,37.93,0.53,296.85,1,-105.00,-13.00,-4.00,5.00,28.00,66.00,13081345,210
380.06,1567140627,7120.57,51.44526668,7.43278117,206.26,37.54,-0.39,298.79,1,-107.00,-13.00,-3.00,5.00,25.00,66.00,13081345,210
381.06,1567140628,7158.11,51.44542845,7.43230233,205.63,37.42,-0.12,298.95,1,-107.00,-13.00,-3.00,5.00,25.00,66.00,13081345,210
382.06,1567140629,7195.53,51.44559766,7.43184531,204.78,37.69,0.27,300.76,1,-108.00,-12.00,-3.00,6.00,24.00,66.00,13081345,210
383.06,1567140630,7233.22,51.44578443,7.43140645,203.74,37.54,-0.16,304.41,1,-108.00,-12.00,-3.00,6.00,24.00,66.00,13081345,210
384.06,1567140631,7271.05,51.44597405,7.43096296,202.99,37.09,-0.44,305.30,1,-104.00,-10.00,3.00,7.00,26.00,33.00,13395457,111
385.06,1567140632,7307.88,51.44617025,7.43053266,201.99,37.08,-0.01,306.18,1,-104.00,-10.00,3.00,7.00,26.00,33.00,13395457,111
386.06,1567140633,7344.92,51.44637214,7.43011038,200.99,37.06,-0.02,307.66,1,-104.00,-10.00,3.00,7.00,26.00,33.00,13395457,111
387.06,1567140634,7381.94,51.44657547,7.42968806,200.12,36.97,-0.09,308.63,1,-103.00,-9.00,8.00,9.00,25.00,33.00,13395457,111
388.06,1567140635,7418.91,51.44680118,7.42928569,198.97,37.35,0.38,311.62,1,-103.00,-9.00,8.00,9.00,25.00,33.00,13395457,111
389.05,1567140636,7456.22,51.44701818,7.42890518,197.31,37.22,-0.14,312.59,1,-97.00,-7.00,4.00,9.00,28.00,33.00,13395457,111
390.05,1567140637,7493.44,51.44725642,7.42855529,195.08,37.60,0.38,315.86,1,-97.00,-7.00,4.00,9.00,28.00,33.00,13395457,111
391.06,1567140638,7531.08,51.44750145,7.42820352,192.67,37.55,-0.04,316.64,1,-96.00,-6.00,10.00,14.00,27.00,33.00,13395457,111
392.05,1567140639,7568.59,51.44776308,7.42786017,190.36,37.19,-0.36,318.25,1,-96.00,-6.00,10.00,14.00,27.00,33.00,13395457,111
393.06,1567140640,7605.82,51.44802505,7.42752992,188.22,36.71,-0.48,320.40,1,-97.00,-5.00,9.00,10.00,28.00,33.00,13395457,111
394.05,1567140641,7642.50,51.44828809,7.42720972,186.26,36.60,-0.11,321.80,1,-97.00,-5.00,9.00,10.00,28.00,33.00,13395457,111
395.05,1567140642,7679.10,51.44855630,7.42688731,184.64,36.63,0.02,323.04,1,-92.00,-10.00,14.00,2.00,46.00,33.00,13395457,111
396.06,1567140643,7715.76,51.44882822,7.42657466,183.29,36.54,-0.08,324.39,1,-92.00,-10.00,14.00,2.00,46.00,33.00,13395457,111
397.05,1567140644,7752.26,51.44910206,7.42627720,182.23,36.36,-0.19,326.08,1,-111.00,-5.00,-3.00,2.00,9.00,33.00,13395469,221
398.06,1567140645,7788.66,51.44937796,7.42600127,181.08,36.30,-0.06,328.29,1,-111.00,-5.00,-3.00,2.00,9.00,33.00,13395469,221
399.05,1567140646,7824.92,51.44965754,7.42572184,180.08,36.24,-0.06,329.27,1,-111.00,-5.00,-1.00,2.00,8.00,33.00,13395469,221
400.06,1567140647,7861.19,51.44994545,7.42546265,179.21,36.58,0.34,330.91,1,-111.00,-5.00,-1.00,2.00,8.00,33.00,13395469,221
401.06,1567140648,7897.88,51.45023473,7.42521401,178.24,36.65,0.07,331.98,1,-114.00,-6.00,4.00,2.00,6.00,33.00,13395469,221
402.05,1567140649,7934.35,51.45835300,7.41286390,177.98,36.74,0.09,332.67,1,-114.00,-6.00,4.00,2.00,6.00,33.00,13395469,221
403.06,1567140650,7971.27,51.45082077,7.42474367,177.06,36.97,0.24,335.28,1,-116.00,-7.00,-2.00,2.00,7.00,33.00,13395469,221
404.06,1567140651,8008.24,51.45112399,7.42453660,175.94,37.04,0.07,336.67,1,-116.00,-7.00,-2.00,2.00,7.00,33.00,13395469,221
405.07,1567140652,8045.69,51.45143543,7.42434299,174.83,37.12,0.08,338.51,1,-116.00,-7.00,2.00,2.00,9.00,33.00,13395469,221
406.06,1567140653,8082.44,51.45174953,7.42416475,173.66,37.40,0.28,340.11,1,-116.00,-7.00,2.00,2.00,9.00,33.00,13395469,221
407.06,1567140654,8119.85,51.45206741,7.42398388,172.02,37.44,0.04,340.76,1,-116.00,-7.00,2.00,2.00,9.00,33.00,13395469,221
408.06,1567140655,8157.14,51.45238430,7.42381259,170.26,37.56,0.12,341.04,1,-116.00,-8.00,6.00,7.00,10.00,20.00,13395469,221
409.06,1567140656,8194.69,51.45270968,7.42365916,168.49,37.92,0.37,342.19,1,-116.00,-8.00,6.00,7.00,10.00,20.00,13395469,221
410.06,1567140657,8232.69,51.45303799,7.42349934,166.89,38.33,0.41,342.99,1,-110.00,-7.00,5.00,10.00,13.00,20.00,13395469,221
411.06,1567140658,8271.02,51.45336630,7.42334413,165.62,38.26,-0.07,343.11,1,-110.00,-7.00,5.00,10.00,13.00,20.00,13395469,221
412.06,1567140659,8309.21,51.45369563,7.42320067,164.35,38.33,0.07,343.38,1,-95.00,-6.00,10.00,6.00,39.00,19.00,13395457,111
413.06,1567140660,8347.53,51.45402705,7.42305093,163.11,38.14,-0.18,343.84,1,-95.00,-6.00,10.00,6.00,39.00,19.00,13395457,111
414.06,1567140661,8385.75,51.45435627,7.42290486,161.76,38.18,0.04,343.89,1,-99.00,-8.00,0.00,8.00,29.00,19.00,13395457,111
415.06,1567140662,8423.97,51.45468533,7.42275398,160.61,38.21,0.03,343.72,1,-99.00,-8.00,0.00,8.00,29.00,19.00,13395457,111
416.06,1567140663,8462.15,51.45501614,7.42260237,159.56,38.26,0.05,343.47,1,-97.00,-12.00,-8.00,8.00,35.00,19.00,13395457,111
417.06,1567140664,8500.37,51.45534813,7.42245123,158.60,38.43,0.17,343.18,1,-97.00,-12.00,-8.00,8.00,35.00,19.00,13395457,111
418.05,1567140665,8538.72,51.45568115,7.42229323,157.85,38.68,0.25,342.60,1,-88.00,-6.00,-1.00,6.00,42.00,15.00,13523459,175
419.06,1567140666,8577.44,51.45601051,7.42211576,157.23,38.58,-0.10,341.30,1,-88.00,-6.00,-1.00,6.00,42.00,15.00,13523459,175
420.06,1567140667,8616.07,51.45633808,7.42193543,156.70,38.43,-0.16,340.47,1,-91.00,-6.00,2.00,9.00,35.00,15.00,13523459,175
421.05,1567140668,8654.34,51.45666342,7.42173491,156.35,38.49,0.07,339.37,1,-91.00,-6.00,2.00,9.00,35.00,15.00,13523459,175
422.06,1567140669,8692.99,51.45739650,7.42273620,155.93,38.44,-0.06,337.57,1,-90.00,-5.00,5.00,2.00,44.00,16.00,13523459,175
423.06,1567140670,8731.42,51.45729283,7.42129972,155.52,38.49,0.05,336.07,1,-90.00,-5.00,5.00,2.00,44.00,16.00,13523459,175
424.06,1567140671,8769.87,51.45760825,7.42107266,155.08,38.36,-0.13,335.13,1,-91.00,-6.00,0.00,10.00,34.00,16.00,13523459,175
425.06,1567140672,8808.23,51.45791349,7.42083708,154.64,37.61,-0.74,334.45,1,-91.00,-6.00,0.00,10.00,34.00,16.00,13523459,175
426.06,1567140673,8846.22,51.45821898,7.42060250,154.24,37.63,0.02,333.80,1,-88.00,-7.00,13.00,15.00,38.00,12.00,13395457,111
427.06,1567140674,8883.51,51.45851933,7.42035167,153.96,37.58,-0.05,332.28,1,-88.00,-7.00,13.00,15.00,38.00,12.00,13395457,111
428.06,1567140675,8921.10,51.45882177,7.42009162,153.93,37.69,0.11,331.28,1,-88.00,-7.00,13.00,15.00,38.00,12.00,13395457,111
429.06,1567140676,8958.75,51.45912304,7.41982945,153.97,37.85,0.17,330.33,1,-89.00,-6.00,12.00,15.00,39.00,12.00,13395457,111
430.06,1567140677,8996.60,51.45941680,7.41955347,154.00,38.17,0.32,329.12,1,-89.00,-6.00,12.00,15.00,39.00,12.00,13395457,111
431.05,1567140678,9034.74,51.45971086,7.41926406,154.03,38.30,0.12,327.89,1,-86.00,-6.00,13.00,11.00,43.00,12.00,13395457,111
432.05,1567140679,9072.88,51.46000347,7.41896252,154.07,38.55,0.26,326.55,1,-86.00,-6.00,13.00,11.00,43.00,12.00,13395457,111
433.06,1567140680,9111.70,51.46029450,7.41865668,154.11,38.80,0.25,325.83,1,-88.00,-7.00,10.00,10.00,42.00,12.00,13395457,111
434.06,1567140681,9150.46,51.46058952,7.41834327,154.21,38.96,0.16,325.97,1,-88.00,-7.00,10.00,10.00,42.00,12.00,13395457,111
435.05,1567140682,9189.34,51.46087854,7.41800659,154.57,39.03,0.07,323.93,1,-83.00,-4.00,16.00,13.00,42.00,12.00,13395457,111
436.06,1567140683,9228.41,51.46115428,7.41766391,154.79,38.99,-0.03,322.09,1,-83.00,-4.00,16.00,13.00,42.00,12.00,13395457,111
437.06,1567140684,9267.40,51.46143138,7.41731750,154.96,39.11,0.12,321.56,1,-85.00,-4.00,12.00,10.00,41.00,12.00,13395457,111
438.06,1567140685,9306.51,51.46170108,7.41696511,154.91,39.26,0.15,320.93,1,-85.00,-4.00,12.00,10.00,41.00,12.00,13395457,111
439.06,1567140686,9345.81,51.46196185,7.41660644,154.57,39.09,-0.17,319.40,1,-86.00,-5.00,12.00,10.00,39.00,12.00,13395457,111
440.06,1567140687,9384.90,51.46221396,7.41624268,154.09,38.54,-0.55,318.18,1,-86.00,-5.00,12.00,10.00,39.00,12.00,13395457,111
441.06,1567140688,9423.51,51.46246461,7.41587049,153.61,38.48,-0.06,316.78,1,-82.00,-4.00,10.00,15.00,44.00,12.00,13395457,111
442.05,1567140689,9461.79,51.46271633,7.41548699,153.18,38.65,0.17,315.97,1,-82.00,-4.00,10.00,15.00,44.00,12.00,13395457,111
443.06,1567140690,9500.56,51.46296087,7.41509197,152.87,38.74,0.09,315.14,1,-86.00,-7.00,16.00,12.00,40.00,12.00,13395457,111
444.06,1567140691,9539.30,51.46319600,7.41469100,152.63,38.44,-0.30,313.15,1,-86.00,-7.00,16.00,12.00,40.00,12.00,13395457,111
445.06,1567140692,9577.70,51.46342792,7.41429164,152.32,37.89,-0.55,312.95,1,-93.00,-6.00,12.00,10.00,34.00,12.00,13395457,111
446.06,1567140693,9615.59,51.46365343,7.41389518,152.23,37.16,-0.73,312.01,1,-93.00,-6.00,12.00,10.00,34.00,12.00,13395457,111
447.06,1567140694,9653.05,51.46387954,7.41349610,152.14,37.23,0.07,311.46,1,-94.00,-9.00,9.00,7.00,34.00,4.00,13395458,111
448.06,1567140695,9690.02,51.46409265,7.41309321,152.03,37.13,-0.10,310.33,1,-94.00,-9.00,9.00,7.00,34.00,4.00,13395458,111
449.06,1567140696,9727.15,51.46430939,7.41268201,151.88,37.25,0.12,309.75,1,-94.00,-9.00,9.00,7.00,34.00,4.00,13395458,111
450.06,1567140697,9764.37,51.46452093,7.41226468,151.84,37.30,0.05,309.12,1,-73.00,-5.00,19.00,15.00,52.00,4.00,13395458,112
451.06,1567140698,9801.66,51.46473502,7.41184586,151.90,37.29,-0.00,308.87,1,-73.00,-5.00,19.00,15.00,52.00,4.00,13395458,112
452.06,1567140699,9838.99,51.46495013,7.41142475,152.08,37.45,0.16,308.27,1,-88.00,-5.00,24.00,9.00,37.00,4.00,13395458,112
453.06,1567140700,9876.41,51.46516474,7.41100674,152.32,37.51,0.06,308.33,1,-88.00,-5.00,24.00,9.00,37.00,4.00,13395458,112
454.06,1567140701,9913.96,51.46537391,7.41058297,152.57,37.57,0.06,307.97,1,-93.00,-5.00,9.00,9.00,32.00,4.00,13395458,112
455.06,1567140702,9951.49,51.46557995,7.41016229,152.68,36.69,-0.88,308.19,1,-93.00,-5.00,9.00,9.00,32.00,4.00,13395458,112
456.05,1567140703,9988.15,51.46578000,7.40975115,152.76,36.15,-0.54,307.92,1,-75.00,-3.00,-3.00,11.00,49.00,4.00,13395458,112
457.06,1567140704,10024.34,51.46597877,7.40934312,152.87,35.74,-0.41,308.16,1,-75.00,-3.00,-3.00,11.00,49.00,4.00,13395458,112
458.06,1567140705,10060.08,51.46617540,7.40894197,152.98,35.04,-0.70,308.49,1,-82.00,-4.00,-4.00,11.00,42.00,4.00,13395458,112
459.05,1567140706,10095.09,51.46636877,7.40854450,153.05,34.92,-0.12,308.35,1,-82.00,-4.00,-4.00,11.00,42.00,4.00,13395458,112
460.06,1567140707,10130.07,51.46656624,7.40814636,153.25,34.87,-0.05,308.22,1,-90.00,-5.00,7.00,11.00,43.00,6.00,13395458,112
461.06,1567140708,10164.91,51.46675775,7.40775706,153.58,34.62,-0.25,308.81,1,-90.00,-5.00,7.00,11.00,43.00,6.00,13395458,112
462.05,1567140709,10199.46,51.46695122,7.40737621,153.98,34.48,-0.14,309.26,1,-80.00,-4.00,10.00,2.00,51.00,6.00,13395458,112
463.05,1567140710,10233.98,51.46714879,7.40699039,154.36,34.17,-0.31,309.37,1,-80.00,-4.00,10.00,2.00,51.00,6.00,13395458,112
464.06,1567140711,10268.25,51.46734480,7.40661208,154.82,33.60,-0.57,309.98,1,-84.00,-4.00,21.00,2.00,40.00,6.00,13395458,112
465.06,1567140712,10301.82,51.46753449,7.40624536,155.16,33.08,-0.52,310.09,1,-84.00,-4.00,21.00,2.00,40.00,6.00,13395458,112
466.06,1567140713,10334.93,51.46772888,7.40588607,155.50,32.94,-0.14,310.76,1,-82.00,-4.00,11.00,2.00,41.00,6.00,13395458,112
467.06,1567140714,10367.85,51.46792347,7.40552789,155.79,33.04,0.10,311.16,1,-82.00,-4.00,11.00,2.00,41.00,6.00,13395458,112
468.07,1567140715,10401.22,51.46811893,7.40517094,156.33,33.02,-0.03,311.34,1,-117.00,-15.00,-8.00,2.00,17.00,6.00,12809229,341
469.06,1567140716,10433.94,51.46831385,7.40481742,157.09,32.86,-0.16,311.50,1,-117.00,-15.00,-8.00,2.00,17.00,6.00,12809229,341
470.06,1567140717,10466.84,51.46850647,7.40447597,157.93,32.84,-0.02,312.04,1,-117.00,-15.00,-8.00,2.00,17.00,6.00,12809229,341
471.06,1567140718,10499.75,51.46870181,7.40412745,158.79,32.91,0.07,312.61,1,-85.00,-7.00,5.00,2.00,42.00,6.00,13395458,112
472.06,1567140719,10532.69,51.46891697,7.40378921,159.45,33.07,0.16,315.62,1,-85.00,-7.00,5.00,2.00,42.00,6.00,13395458,112
473.05,1567140720,10565.53,51.46913103,7.40345468,159.96,33.02,-0.05,316.53,1,-83.00,-6.00,-5.00,11.00,42.00,10.00,13395458,112
474.06,1567140721,10598.58,51.46934087,7.40311335,160.61,32.05,-0.97,314.27,1,-83.00,-6.00,-5.00,11.00,42.00,10.00,13395458,112
475.06,1567140722,10630.63,51.46954380,7.40277974,161.20,31.41,-0.64,313.64,1,-87.00,-5.00,-1.00,6.00,38.00,18.00,13022465,205
476.06,1567140723,10662.04,51.46972563,7.40245194,161.73,30.12,-1.29,312.04,1,-87.00,-5.00,-1.00,6.00,38.00,18.00,13022465,205
477.06,1567140724,10692.16,51.46992088,7.40213725,162.34,30.16,0.04,315.02,1,-87.00,-4.00,13.00,13.00,37.00,18.00,13022465,205
478.05,1567140725,10722.29,51.47011323,7.40183550,162.75,29.81,-0.35,316.35,1,-87.00,-4.00,13.00,13.00,37.00,18.00,13022465,205
479.08,1567140726,10752.78,51.47030601,7.40153542,163.28,29.85,0.04,316.60,1,-88.00,-9.00,2.00,8.00,44.00,18.00,13022465,205
480.06,1567140727,10781.97,51.47049985,7.40123738,163.85,29.83,-0.02,315.72,1,-88.00,-9.00,2.00,8.00,44.00,18.00,13022465,205
481.05,1567140728,10811.71,51.47068489,7.40094816,163.93,29.71,-0.11,315.96,1,-89.00,-4.00,10.00,14.00,35.00,18.00,13022465,205
482.05,1567140729,10841.48,51.47087337,7.40065352,163.99,29.90,0.19,316.09,1,-89.00,-4.00,10.00,14.00,35.00,18.00,13022465,205
483.06,1567140730,10871.41,51.47106700,7.40035559,164.09,29.94,0.04,316.67,1,-87.00,-4.00,26.00,15.00,37.00,18.00,13022465,205
484.05,1567140731,10901.32,51.47126404,7.40006634,164.37,29.49,-0.45,317.63,1,-87.00,-4.00,26.00,15.00,37.00,18.00,13022465,205
485.05,1567140732,10930.81,51.47146059,7.39978071,164.80,28.98,-0.51,318.02,1,-88.00,-4.00,30.00,12.00,38.00,18.00,13022465,205
486.06,1567140733,10959.83,51.47165474,7.39949822,165.25,28.77,-0.21,317.86,1,-88.00,-4.00,30.00,12.00,38.00,18.00,13022465,205
487.06,1567140734,10988.60,51.47184827,7.39921953,165.67,28.70,-0.07,318.19,1,-86.00,-4.00,18.00,15.00,38.00,18.00,13022465,205
488.06,1567140735,11017.30,51.47204211,7.39893812,166.22,28.75,0.05,318.60,1,-86.00,-4.00,18.00,15.00,38.00,18.00,13022465,205
489.05,1567140736,11046.02,51.47223542,7.39866919,166.63,28.64,-0.11,319.02,1,-88.00,-4.00,18.00,15.00,37.00,18.00,13022465,205
490.05,1567140737,11074.66,51.47243141,7.39839801,166.93,28.77,0.12,319.08,1,-88.00,-4.00,18.00,15.00,37.00,18.00,13022465,205
491.06,1567140738,11103.69,51.47262726,7.39812731,167.21,28.77,0.00,319.63,1,-89.00,-4.00,18.00,15.00,36.00,18.00,13022465,205
492.05,1567140739,11132.20,51.47281933,7.39786696,167.17,28.93,0.16,319.78,1,-89.00,-4.00,18.00,15.00,36.00,18.00,13022465,205
493.06,1567140740,11161.16,51.47301510,7.39759923,167.13,28.94,0.01,319.44,1,-89.00,-4.00,18.00,15.00,36.00,18.00,13022465,205
494.06,1567140741,11190.10,51.47321636,7.39733354,167.14,28.89,-0.04,320.14,1,-85.00,-5.00,18.00,15.00,41.00,18.00,13022465,205
495.06,1567140742,11218.99,51.47341887,7.39706647,167.22,29.26,0.37,320.98,1,-85.00,-5.00,18.00,15.00,41.00,18.00,13022465,205
496.06,1567140743,11248.25,51.47362594,7.39680196,167.45,29.07,-0.20,321.18,1,-82.00,-6.00,18.00,15.00,44.00,18.00,13022465,205
497.06,1567140744,11277.32,51.47383172,7.39653659,167.86,29.26,0.19,321.57,1,-82.00,-6.00,18.00,15.00,44.00,18.00,13022465,205
498.06,1567140745,11306.58,51.47404487,7.39627334,168.55,29.33,0.08,322.63,1,-88.00,-4.00,18.00,15.00,34.00,18.00,13022465,205
499.06,1567140746,11335.91,51.47425972,7.39601037,169.31,29.33,-0.00,323.35,1,-88.00,-4.00,18.00,15.00,34.00,18.00,13022465,205
500.06,1567140747,11365.24,51.47447655,7.39575776,170.27,29.22,-0.11,323.82,1,-85.00,-4.00,18.00,15.00,39.00,18.00,13022465,205
501.05,1567140748,11394.44,51.47468990,7.39551191,170.98,28.92,-0.30,324.72,1,-85.00,-4.00,18.00,15.00,39.00,18.00,13022465,205
502.07,1567140749,11423.71,51.47490695,7.39528324,171.46,28.18,-0.74,326.42,1,-80.00,-4.00,18.00,15.00,42.00,18.00,13022465,205
503.06,1567140750,11451.57,51.47512340,7.39506279,171.99,27.78,-0.40,327.58,1,-80.00,-4.00,18.00,15.00,42.00,18.00,13022465,205
504.06,1567140751,11479.35,51.47533834,7.39485327,172.73,27.78,0.00,329.03,1,-92.00,-14.00,-3.00,15.00,48.00,26.00,13081345,210
505.06,1567140752,11507.13,51.47554929,7.39464733,173.34,27.63,-0.15,328.94,1,-92.00,-14.00,-3.00,15.00,48.00,26.00,13081345,210
506.06,1567140753,11534.76,51.47575825,7.39444346,173.83,27.46,-0.17,329.13,1,-72.00,-3.00,29.00,6.00,51.00,7.00,13022465,205
507.06,1567140754,11562.22,51.47596872,7.39425105,174.31,26.79,-0.67,330.62,1,-72.00,-3.00,29.00,6.00,51.00,7.00,13022465,205
508.06,1567140755,11589.01,51.47617840,7.39406567,174.76,26.18,-0.60,331.70,1,-68.00,-3.00,29.00,15.00,55.00,7.00,13022465,205
509.06,1567140756,11615.19,51.47638749,7.39389228,175.31,25.55,-0.63,333.27,1,-68.00,-3.00,29.00,15.00,55.00,7.00,13022465,205
510.05,1567140757,11640.64,51.47658994,7.39373110,175.74,25.03,-0.52,334.32,1,-60.00,-4.00,32.00,15.00,63.00,7.00,13022465,205
511.05,1567140758,11665.75,51.47678906,7.39358105,176.10,24.35,-0.69,335.54,1,-60.00,-4.00,32.00,15.00,63.00,7.00,13022465,205
512.06,1567140759,11690.32,51.47698867,7.39343971,176.52,23.86,-0.48,337.03,1,-71.00,-5.00,31.00,15.00,56.00,7.00,13022465,205
513.05,1567140760,11713.96,51.47717890,7.39331303,176.77,23.42,-0.45,338.51,1,-71.00,-5.00,31.00,15.00,56.00,7.00,13022465,205
514.05,1567140761,11737.34,51.47736410,7.39320356,176.83,22.36,-1.07,340.64,1,-71.00,-5.00,31.00,15.00,56.00,7.00,13022465,205
515.05,1567140762,11759.76,51.47755754,7.39312029,177.04,20.61,-1.74,345.49,1,-66.00,-3.00,26.00,15.00,58.00,7.00,13022465,205
516.05,1567140763,11780.36,51.47773057,7.39307551,177.36,19.64,-0.97,352.49,1,-66.00,-3.00,26.00,15.00,58.00,7.00,13022465,205
517.05,1567140764,11799.99,51.47790165,7.39305698,178.10,19.34,-0.30,358.38,1,-58.00,-3.00,26.00,15.00,63.00,7.00,13022465,205
518.05,1567140765,11819.33,51.47807836,7.39305179,178.95,19.07,-0.27,0.69,1,-58.00,-3.00,26.00,15.00,63.00,7.00,13022465,205
519.05,1567140766,11838.36,51.47824625,7.39310698,179.36,18.95,-0.12,14.54,1,-76.00,-4.00,18.00,15.00,48.00,7.00,13022465,205
520.05,1567140767,11857.35,51.47840578,7.39317404,179.34,18.31,-0.64,16.33,1,-76.00,-4.00,18.00,15.00,48.00,7.00,13022465,205
521.05,1567140768,11875.68,51.47856330,7.39326257,179.20,18.93,0.62,19.46,1,-78.00,-4.00,26.00,15.00,46.00,7.00,13022465,205
522.05,1567140769,11894.54,51.47870017,7.39340909,179.32,17.89,-1.05,33.29,1,-78.00,-4.00,26.00,15.00,46.00,7.00,13022465,205
523.05,1567140770,11912.47,51.47883764,7.39355278,179.65,17.38,-0.51,33.81,1,-82.00,-5.00,25.00,6.00,55.00,7.00,13067529,354
524.05,1567140771,11929.86,51.47897016,7.39369147,179.93,15.54,-1.84,33.19,1,-82.00,-5.00,25.00,6.00,55.00,7.00,13067529,354
525.05,1567140772,11945.40,51.47909304,7.39381218,180.14,15.34,-0.20,29.50,1,-68.00,-3.00,24.00,15.00,55.00,7.00,13067529,354
526.05,1567140773,11960.76,51.47922324,7.39384460,180.57,15.00,-0.34,7.96,1,-68.00,-3.00,24.00,15.00,55.00,7.00,13067529,354
527.05,1567140774,11975.76,51.47935688,7.39384206,180.91,13.90,-1.10,355.08,1,-68.00,-3.00,24.00,15.00,55.00,7.00,28365058,354
528.05,1567140775,11989.65,51.47947200,7.39381059,180.88,14.08,0.18,353.02,1,-68.00,-3.00,24.00,15.00,55.00,7.00,28365058,354
529.05,1567140776,12003.73,51.47958780,7.39376783,181.23,13.63,-0.45,349.42,1,-99.00,-11.00,-2.00,6.00,38.00,14.00,13532162,198
530.05,1567140777,12017.36,51.47968891,7.39368231,182.11,13.02,-0.61,335.26,1,-99.00,-11.00,-2.00,6.00,38.00,14.00,13532162,198
531.06,1567140778,12030.40,51.47978014,7.39360020,182.95,13.20,0.18,335.84,1,-100.00,-8.00,-1.00,9.00,27.00,14.00,13532162,198
532.05,1567140779,12043.58,51.47986842,7.39353103,183.54,11.98,-1.22,336.51,1,-100.00,-8.00,-1.00,9.00,27.00,14.00,13532162,198
533.06,1567140780,12055.66,51.47997462,7.39346318,184.74,11.04,-0.93,338.16,1,-92.00,-6.00,-3.00,6.00,34.00,6.00,13022465,205
534.05,1567140781,12066.61,51.48006724,7.39344490,185.42,10.69,-0.35,354.09,1,-92.00,-6.00,-3.00,6.00,34.00,6.00,13022465,205
535.05,1567140782,12077.30,51.48015629,7.39345848,186.07,9.62,-1.07,8.42,1,-92.00,-6.00,-3.00,6.00,34.00,6.00,13022465,205
536.06,1567140783,12086.93,51.48023569,7.39351459,186.67,10.15,0.53,27.43,1,-94.00,-6.00,6.00,12.00,32.00,6.00,13022465,205
537.06,1567140784,12097.08,51.48029537,7.39360005,186.31,11.02,0.87,43.32,1,-94.00,-6.00,6.00,12.00,32.00,6.00,13022465,205
538.05,1567140785,12108.09,51.48034072,7.39372633,185.92,11.64,0.62,59.55,1,-96.00,-10.00,8.00,12.00,35.00,6.00,13022465,205
539.05,1567140786,12119.73,51.48039234,7.39386920,185.62,12.66,1.02,59.21,1,-96.00,-10.00,8.00,12.00,35.00,6.00,13022465,205
540.06,1567140787,12132.41,51.48045712,7.39403856,185.34,13.55,0.89,59.91,1,-96.00,-8.00,8.00,12.00,32.00,6.00,13022465,205
541.05,1567140788,12145.88,51.48052886,7.39422436,185.01,14.28,0.74,59.39,1,-96.00,-8.00,8.00,12.00,32.00,6.00,13022465,205
542.07,1567140789,12160.39,51.48059978,7.39441199,184.70,14.74,0.45,59.77,1,-89.00,-4.00,12.00,12.00,45.00,4.00,13067529,354
543.05,1567140790,12174.97,51.48066726,7.39459224,184.20,15.15,0.42,60.20,1,-89.00,-4.00,12.00,12.00,45.00,4.00,13067529,354
544.06,1567140791,12190.15,51.48073840,7.39478244,183.93,15.53,0.38,59.53,1,-103.00,-8.00,6.00,2.00,25.00,4.00,13532174,336
545.06,1567140792,12205.67,51.48080478,7.39496603,183.84,15.89,0.36,59.62,1,-103.00,-8.00,6.00,2.00,25.00,4.00,13532174,336
546.05,1567140793,12221.53,51.48087966,7.39517082,183.46,15.36,-0.53,60.09,1,-103.00,-8.00,9.00,2.00,25.00,4.00,13532174,336
547.05,1567140794,12236.85,51.48095220,7.39536375,183.16,15.14,-0.22,60.43,1,-103.00,-8.00,9.00,2.00,25.00,4.00,13532174,336
548.05,1567140795,12251.98,51.48101646,7.39554739,183.17,14.53,-0.61,60.04,1,-111.00,-12.00,-1.00,10.00,19.00,11.00,13532175,336
549.05,1567140796,12266.55,51.48107781,7.39572226,183.18,14.58,0.05,60.23,1,-111.00,-12.00,-1.00,10.00,19.00,11.00,13532175,336
550.05,1567140797,12281.13,51.48114727,7.39591335,183.41,14.68,0.10,60.54,1,-105.00,-6.00,13.00,15.00,22.00,11.00,13532175,337
551.05,1567140798,12295.80,51.48122013,7.39611591,183.79,14.70,0.02,60.10,1,-105.00,-6.00,13.00,15.00,22.00,11.00,13532175,337
552.06,1567140799,12310.52,51.48128619,7.39629615,184.11,14.78,0.08,59.63,1,-108.00,-5.00,10.00,8.00,16.00,11.00,13532175,337
553.06,1567140800,12325.29,51.48135364,7.39648418,184.19,14.83,0.05,59.64,1,-108.00,-5.00,10.00,8.00,16.00,11.00,13532175,337
554.07,1567140801,12340.25,51.48141949,7.39666382,184.32,14.62,-0.21,59.16,1,-113.00,-8.00,7.00,7.00,13.00,11.00,13532175,337
555.06,1567140802,12354.74,51.48148622,7.39684670,184.49,14.67,0.06,58.65,1,-113.00,-8.00,7.00,7.00,13.00,11.00,13532175,337
556.06,1567140803,12369.43,51.48155490,7.39702457,184.76,14.86,0.18,58.29,1,-113.00,-8.00,7.00,7.00,13.00,11.00,13532175,337
557.06,1567140804,12384.27,51.48162129,7.39719629,184.99,14.29,-0.56,57.51,1,-116.00,-8.00,8.00,6.00,9.00,11.00,13532175,337
558.06,1567140805,12398.56,51.48169774,7.39737332,185.06,14.28,-0.02,56.15,1,-116.00,-8.00,8.00,6.00,9.00,11.00,13532175,337
559.05,1567140806,12412.83,51.48176863,7.39753854,185.01,13.44,-0.83,55.66,1,-114.00,-7.00,9.00,10.00,10.00,11.00,13532175,337
560.05,1567140807,12426.27,51.48183562,7.39768719,184.91,13.15,-0.30,54.53,1,-114.00,-7.00,9.00,10.00,10.00,11.00,13532175,337
561.05,1567140808,12439.40,51.48190671,7.39784641,184.97,12.22,-0.92,53.58,1,-113.00,-6.00,8.00,2.00,11.00,11.00,13532175,337
562.05,1567140809,12451.64,51.48197644,7.39798414,185.25,11.07,-1.15,52.75,1,-113.00,-6.00,8.00,2.00,11.00,11.00,13532175,337
563.05,1567140810,12462.69,51.48203898,7.39809731,185.86,10.17,-0.89,51.21,1,-111.00,-5.00,12.00,12.00,16.00,9.00,13532175,337
564.05,1567140811,12472.87,51.48209560,7.39819822,186.20,8.89,-1.28,49.84,1,-111.00,-5.00,12.00,12.00,16.00,9.00,13532175,337
565.05,1567140812,12481.77,51.48214693,7.39828917,186.34,8.73,-0.17,49.15,1,-108.00,-5.00,11.00,11.00,15.00,9.00,13532175,337
566.06,1567140813,12490.51,51.48219731,7.39837871,186.21,8.35,-0.38,48.22,1,-108.00,-5.00,11.00,11.00,15.00,9.00,13532175,337
567.05,1567140814,12498.84,51.48224270,7.39845834,186.04,7.99,-0.36,46.77,1,-106.00,-4.00,14.00,13.00,18.00,9.00,13532175,337
568.05,1567140815,12506.83,51.48229372,7.39853750,185.88,7.90,-0.08,45.22,1,-106.00,-4.00,14.00,13.00,18.00,9.00,13532175,337
569.05,1567140816,12514.73,51.48235058,7.39862202,185.32,8.05,0.15,43.78,1,-109.00,-4.00,10.00,9.00,13.00,9.00,13532175,337
570.05,1567140817,12522.79,51.48241406,7.39871334,184.91,8.59,0.53,42.35,1,-109.00,-4.00,10.00,9.00,13.00,9.00,13532175,337
571.06,1567140818,12531.38,51.48248483,7.39880578,184.96,9.63,1.04,40.39,1,-112.00,-6.00,11.00,10.00,12.00,9.00,13532175,337
572.06,1567140819,12541.01,51.48255752,7.39889480,185.31,10.36,0.73,38.86,1,-112.00,-6.00,11.00,10.00,12.00,9.00,13532175,337
573.05,1567140820,12551.35,51.48263156,7.39897773,185.57,10.49,0.13,37.55,1,-103.00,-4.00,14.00,15.00,19.00,9.00,13532175,337
574.05,1567140821,12561.84,51.48270234,7.39906229,185.63,9.82,-0.67,36.67,1,-103.00,-4.00,14.00,15.00,19.00,9.00,13532175,337
575.06,1567140822,12571.76,51.48277053,7.39913939,185.63,10.22,0.41,36.90,1,-103.00,-4.00,15.00,2.00,30.00,9.00,13532175,337
576.05,1567140823,12581.88,51.48285265,7.39922230,185.63,10.61,0.39,35.78,1,-103.00,-4.00,15.00,2.00,30.00,9.00,13532175,337
577.05,1567140824,12592.49,51.48294214,7.39932034,185.67,11.69,1.09,34.86,1,-103.00,-4.00,15.00,2.00,30.00,9.00,13532175,337
578.05,1567140825,12604.18,51.48304013,7.39942625,185.69,12.47,0.77,34.42,1,-101.00,-4.00,18.00,14.00,22.00,8.00,13532175,337
579.05,1567140826,12616.66,51.48313218,7.39952343,185.40,12.73,0.27,33.76,1,-101.00,-4.00,18.00,14.00,22.00,8.00,13532175,337
580.05,1567140827,12629.39,51.48323636,7.39962852,185.27,13.78,1.05,33.67,1,-103.00,-4.00,18.00,14.00,21.00,8.00,13532175,337
581.05,1567140828,12643.12,51.48334695,7.39974213,185.50,14.29,0.51,33.65,1,-103.00,-4.00,18.00,14.00,21.00,8.00,13532175,337
582.05,1567140829,12657.47,51.48346430,7.39986290,185.75,14.76,0.47,34.13,1,-105.00,-4.00,23.00,12.00,19.00,8.00,13532175,337
583.05,1567140830,12672.22,51.48241040,7.40010270,183.70,15.34,0.58,34.11,1,-105.00,-4.00,23.00,12.00,19.00,8.00,13532175,337
584.06,1567140831,12687.59,51.48370111,7.40011231,185.64,15.02,-0.32,34.64,1,-104.00,-4.00,15.00,11.00,18.00,8.00,13532175,337
585.05,1567140832,12702.60,51.48381687,7.40023564,185.87,15.42,0.40,35.15,1,-104.00,-4.00,15.00,11.00,18.00,8.00,13532175,337
586.06,1567140833,12718.03,51.48392089,7.40034624,185.90,14.85,-0.57,35.72,1,-107.00,-4.00,10.00,11.00,17.00,8.00,13532175,337
587.06,1567140834,12732.88,51.48402634,7.40046925,185.74,14.54,-0.31,35.93,1,-107.00,-4.00,10.00,11.00,17.00,8.00,13532175,337
588.06,1567140835,12747.42,51.48413986,7.40060071,185.59,14.35,-0.19,36.55,1,-105.00,-4.00,14.00,12.00,17.00,8.00,13532175,337
589.06,1567140836,12761.77,51.48425835,7.40075263,185.61,15.16,0.81,37.98,1,-105.00,-4.00,14.00,12.00,17.00,8.00,13532175,337
590.05,1567140837,12776.91,51.48435829,7.40089688,185.31,14.81,-0.35,39.88,1,-106.00,-4.00,15.00,11.00,20.00,8.00,13532175,337
591.05,1567140838,12791.72,51.48446245,7.40104252,185.05,14.78,-0.02,40.64,1,-106.00,-4.00,15.00,11.00,20.00,8.00,13532175,337
592.06,1567140839,12806.51,51.48456305,7.40119076,184.74,14.61,-0.18,41.43,1,-107.00,-4.00,6.00,10.00,15.00,8.00,13532175,337
593.06,1567140840,12821.12,51.48466619,7.40134138,184.45,14.57,-0.04,42.30,1,-107.00,-4.00,6.00,10.00,15.00,8.00,13532175,337
594.06,1567140841,12835.68,51.48476578,7.40149404,184.18,14.71,0.15,42.92,1,-114.00,-7.00,12.00,8.00,12.00,8.00,13532175,337
595.06,1567140842,12850.40,51.48486228,7.40164578,184.26,14.74,0.03,43.54,1,-114.00,-7.00,12.00,8.00,12.00,8.00,13532175,337
596.06,1567140843,12865.24,51.48495452,7.40180148,183.99,14.89,0.15,44.36,1,-110.00,-5.00,13.00,11.00,13.00,8.00,13532175,337
597.06,1567140844,12880.03,51.48504177,7.40195037,183.44,15.07,0.18,45.08,1,-110.00,-5.00,13.00,11.00,13.00,8.00,13532175,337
598.06,1567140845,12895.11,51.48512504,7.40210426,182.74,15.29,0.22,45.94,1,-110.00,-5.00,13.00,11.00,13.00,8.00,13532175,337
599.05,1567140846,12910.37,51.48521050,7.40226078,182.20,15.47,0.18,46.59,1,-109.00,-5.00,11.00,10.00,14.00,8.00,13532175,337
600.05,1567140847,12925.84,51.48530079,7.40242732,181.75,15.61,0.14,47.25,1,-109.00,-5.00,11.00,10.00,14.00,8.00,13532175,337
601.05,1567140848,12941.47,51.48539748,7.40260253,181.23,15.54,-0.07,47.99,1,-107.00,-5.00,15.00,14.00,17.00,8.00,13532175,337
602.05,1567140849,12957.02,51.48549410,7.40278565,180.49,15.63,0.08,48.83,1,-107.00,-5.00,15.00,14.00,17.00,8.00,13532175,337
603.05,1567140850,12972.64,51.48559049,7.40296467,179.71,15.29,-0.33,49.69,1,-108.00,-5.00,13.00,11.00,16.00,8.00,13532175,337
604.06,1567140851,12987.95,51.48567729,7.40314366,178.68,15.46,0.17,50.43,1,-108.00,-5.00,13.00,11.00,16.00,8.00,13532175,337
605.05,1567140852,13003.39,51.48575385,7.40330962,177.86,15.21,-0.25,51.68,1,-106.00,-4.00,16.00,2.00,29.00,8.00,13532175,337
606.05,1567140853,13018.58,51.48583145,7.40347854,177.41,15.31,0.10,52.59,1,-106.00,-4.00,16.00,2.00,29.00,8.00,13532175,337
607.05,1567140854,13033.89,51.48590471,7.40364933,177.18,15.15,-0.15,53.45,1,-106.00,-4.00,16.00,13.00,19.00,8.00,13532175,337
608.05,1567140855,13049.04,51.48598115,7.40382496,176.71,15.65,0.49,53.48,1,-106.00,-4.00,16.00,13.00,19.00,8.00,13532175,337
609.05,1567140856,13064.69,51.48606042,7.40400730,176.71,15.58,-0.06,54.42,1,-101.00,-4.00,16.00,13.00,21.00,8.00,13532175,337
610.05,1567140857,13080.27,51.48613906,7.40420047,176.30,15.69,0.11,54.95,1,-101.00,-4.00,16.00,13.00,21.00,8.00,13532175,337
611.05,1567140858,13095.96,51.48621506,7.40439209,176.00,15.92,0.23,55.77,1,-102.00,-4.00,24.00,14.00,21.00,8.00,13532175,337
612.05,1567140859,13111.90,51.48628755,7.40457913,175.77,15.52,-0.40,56.74,1,-102.00,-4.00,24.00,14.00,21.00,8.00,13532175,337
613.05,1567140860,13127.37,51.48636388,7.40477951,175.27,16.11,0.59,57.10,1,-100.00,-4.00,19.00,14.00,23.00,8.00,13532175,337
614.05,1567140861,13143.48,51.48643687,7.40498154,174.76,16.17,0.06,57.79,1,-100.00,-4.00,19.00,14.00,23.00,8.00,13532175,337
615.05,1567140862,13159.68,51.48651336,7.40518795,174.32,16.31,0.15,58.17,1,-105.00,-5.00,12.00,14.00,18.00,8.00,13532175,337
616.05,1567140863,13176.01,51.48659448,7.40540717,174.12,16.53,0.22,58.66,1,-105.00,-5.00,12.00,14.00,18.00,8.00,13532175,337
617.06,1567140864,13192.64,51.48667018,7.40563065,174.27,17.08,0.55,59.80,1,-106.00,-4.00,15.00,12.00,19.00,8.00,13532175,337
618.05,1567140865,13209.61,51.48673761,7.40584042,174.40,17.17,0.08,61.24,1,-106.00,-4.00,15.00,12.00,19.00,8.00,13532175,337
619.05,1567140866,13226.77,51.48679818,7.40605413,174.48,17.51,0.34,62.79,1,-106.00,-4.00,15.00,12.00,19.00,8.00,13532175,337
620.05,1567140867,13244.28,51.48686127,7.40628457,174.21,18.38,0.87,64.08,1,-113.00,-6.00,4.00,7.00,12.00,8.00,13532175,337
621.06,1567140868,13262.70,51.48692080,7.40651612,173.78,18.28,-0.10,65.23,1,-113.00,-6.00,4.00,7.00,12.00,8.00,13532175,337
622.05,1567140869,13280.94,51.48697875,7.40675445,173.23,18.16,-0.12,66.41,1,-93.00,-4.00,2.00,15.00,24.00,14.00,13067528,356
623.09,1567140870,13299.77,51.48703563,7.40699653,172.54,18.07,-0.09,67.61,1,-93.00,-4.00,2.00,15.00,24.00,14.00,13067528,356
624.06,1567140871,13317.21,51.48708758,7.40723041,172.21,16.88,-1.22,68.88,1,-108.00,-5.00,9.00,11.00,12.00,14.00,13067528,356
625.06,1567140872,13334.12,51.48713402,7.40747769,171.83,17.43,0.54,70.43,1,-108.00,-5.00,9.00,11.00,12.00,14.00,13067528,356
626.05,1567140873,13351.46,51.48717691,7.40773047,171.41,17.75,0.33,71.75,1,-102.00,-4.00,12.00,12.00,18.00,14.00,13067528,356
627.06,1567140874,13369.27,51.48722129,7.40797905,170.63,17.62,-0.13,72.36,1,-102.00,-4.00,12.00,12.00,18.00,14.00,13067528,356
628.05,1567140875,13386.86,51.48726507,7.40822453,169.85,17.45,-0.17,72.87,1,-114.00,-7.00,-1.00,5.00,10.00,14.00,13067528,356
629.05,1567140876,13404.31,51.48730361,7.40845663,169.67,17.42,-0.03,73.89,1,-114.00,-7.00,-1.00,5.00,10.00,14.00,13067528,356
630.05,1567140877,13421.72,51.48733909,7.40869878,169.31,17.45,0.03,75.36,1,-104.00,-9.00,-3.00,8.00,30.00,11.00,13532163,200
631.05,1567140878,13439.18,51.48736994,7.40893975,169.16,17.46,0.01,76.46,1,-104.00,-9.00,-3.00,8.00,30.00,11.00,13532163,200
632.05,1567140879,13456.65,51.48740160,7.40918716,168.99,17.44,-0.02,77.39,1,-105.00,-9.00,0.00,7.00,23.00,11.00,13532163,200
633.05,1567140880,13474.08,51.48742910,7.40943906,168.66,17.01,-0.43,78.32,1,-105.00,-9.00,0.00,7.00,23.00,11.00,13532163,200
634.05,1567140881,13491.10,51.48745363,7.40969493,168.10,16.85,-0.16,78.84,1,-105.00,-9.00,-4.00,6.00,24.00,11.00,13532163,200
635.06,1567140882,13507.97,51.48747305,7.40990750,168.02,15.86,-0.98,79.62,1,-105.00,-9.00,-4.00,6.00,24.00,11.00,13532163,200
636.06,1567140883,13523.83,51.48749092,7.41012285,167.78,14.67,-1.19,80.82,1,-106.00,-10.00,3.00,6.00,24.00,11.00,13532163,200
637.06,1567140884,13538.50,51.48750917,7.41036539,167.85,13.69,-0.98,82.30,1,-106.00,-10.00,3.00,6.00,24.00,11.00,13532163,200
638.06,1567140885,13552.30,51.48752620,7.41057102,168.32,12.27,-1.41,83.16,1,-107.00,-11.00,-4.00,2.00,33.00,11.00,13532163,200
639.06,1567140886,13564.47,51.48753932,7.41074129,168.86,10.46,-1.83,83.78,1,-107.00,-11.00,-4.00,2.00,33.00,11.00,13532163,200
640.06,1567140887,13574.93,51.48754941,7.41088338,169.37,8.15,-2.31,82.88,1,-107.00,-11.00,-4.00,2.00,33.00,11.00,13532163,200
641.06,1567140888,13583.10,51.48757245,7.41097898,169.80,6.41,-1.74,66.98,1,-114.00,-8.00,10.00,2.00,12.00,11.00,13532175,337
642.06,1567140889,13589.52,51.48764342,7.41103669,169.98,8.87,2.45,23.45,1,-114.00,-8.00,10.00,2.00,12.00,11.00,13532175,337
643.05,1567140890,13598.34,51.48796100,7.41090460,169.59,6.91,-1.97,8.94,1,-116.00,-7.00,5.00,7.00,9.00,10.00,13532175,337
644.05,1567140891,13605.25,51.48772499,7.41102075,169.03,6.70,-0.21,354.97,1,-116.00,-7.00,5.00,7.00,9.00,10.00,13532175,337
645.05,1567140892,13611.95,51.48778168,7.41100721,168.16,7.88,1.18,355.51,1,-118.00,-7.00,5.00,7.00,8.00,10.00,13532175,337
646.05,1567140893,13619.82,51.48785652,7.41099841,167.77,9.01,1.13,356.53,1,-118.00,-7.00,5.00,7.00,8.00,10.00,13532175,337
647.06,1567140894,13628.86,51.48794019,7.41098377,167.52,9.71,0.71,356.71,1,-119.00,-8.00,4.00,7.00,7.00,10.00,13532175,337
648.06,1567140895,13638.57,51.48803207,7.41096585,167.48,10.49,0.77,355.90,1,-119.00,-8.00,4.00,7.00,7.00,10.00,13532175,337
649.06,1567140896,13649.07,51.48812456,7.41094578,167.45,11.03,0.54,355.12,1,-119.00,-7.00,3.00,7.00,7.00,10.00,13532175,337
650.06,1567140897,13660.09,51.48822158,7.41092274,167.73,12.12,1.10,354.23,1,-119.00,-7.00,3.00,7.00,7.00,10.00,13532175,337
651.06,1567140898,13672.23,51.48832366,7.41089328,167.95,11.86,-0.26,352.66,1,-116.00,-7.00,5.00,7.00,8.00,10.00,13532175,337
652.06,1567140899,13684.10,51.48842688,7.41085996,168.45,11.94,0.08,351.23,1,-116.00,-7.00,5.00,7.00,8.00,10.00,13532175,337
653.06,1567140900,13696.01,51.48854677,7.41082512,168.70,13.00,1.07,350.51,1,-116.00,-7.00,8.00,8.00,9.00,10.00,13532175,337
654.06,1567140901,13709.00,51.48866177,7.41078649,168.69,13.11,0.11,350.03,1,-116.00,-7.00,8.00,8.00,9.00,10.00,13532175,337
655.06,1567140902,13722.14,51.48876522,7.41074888,168.32,12.73,-0.38,349.63,1,-118.00,-8.00,1.00,2.00,20.00,10.00,13532175,337
656.06,1567140903,13734.86,51.48887415,7.41071600,167.76,12.63,-0.10,349.16,1,-118.00,-8.00,1.00,2.00,20.00,10.00,13532175,337
657.06,1567140904,13747.52,51.48898728,7.41067703,167.16,12.56,-0.07,348.39,1,-118.00,-8.00,3.00,2.00,8.00,10.00,13532175,337
658.06,1567140905,13760.08,51.48909875,7.41063855,166.76,12.55,-0.01,347.65,1,-118.00,-8.00,3.00,2.00,8.00,10.00,13532175,337
659.06,1567140906,13772.68,51.48920784,7.41059513,166.37,12.37,-0.18,347.18,1,-120.00,-9.00,-1.00,5.00,8.00,12.00,13532175,337
660.06,1567140907,13784.97,51.48931433,7.41055286,165.77,12.19,-0.19,346.58,1,-120.00,-9.00,-1.00,5.00,8.00,12.00,13532175,337
661.06,1567140908,13797.14,51.48942702,7.41050877,165.44,12.23,0.04,346.82,1,-120.00,-9.00,-1.00,5.00,8.00,12.00,13532175,337
662.05,1567140909,13809.36,51.48954569,7.41045834,165.67,12.19,-0.04,346.61,nan,nan,nan,nan,nan,nan,nan,nan,nan
663.05,1567140910,13821.50,51.48964928,7.41041763,165.75,12.09,-0.10,347.15,nan,nan,nan,nan,nan,nan,nan,nan,nan
664.05,1567140911,13833.64,51.48975185,7.41037584,165.92,11.06,-1.03,347.92,nan,nan,nan,nan,nan,nan,nan,nan,nan
665.05,1567140912,13844.71,51.48983513,7.41034579,165.97,8.99,-2.08,347.53,nan,nan,nan,nan,nan,nan,nan,nan,nan
666.06,1567140913,13853.70,51.48989857,7.41032113,166.43,6.46,-2.52,348.00,nan,nan,nan,nan,nan,nan,nan,nan,nan
667.05,1567140914,13860.13,51.48993826,7.41030639,166.45,3.80,-2.67,349.61,nan,nan,nan,nan,nan,nan,nan,nan,nan
668.06,1567140915,13863.95,51.48997023,7.41030852,166.49,3.04,-0.76,11.49,nan,nan,nan,nan,nan,nan,nan,nan,nan
669.05,1567140916,13866.98,51.49000472,7.41033188,166.52,4.05,1.02,29.79,nan,nan,nan,nan,nan,nan,nan,nan,nan
670.05,1567140917,13871.04,51.49003076,7.41038670,166.30,5.58,1.52,58.69,nan,nan,nan,nan,nan,nan,nan,nan,nan
671.05,1567140918,13876.61,51.49003602,7.41046059,165.81,6.39,0.82,75.76,nan,nan,nan,nan,nan,nan,nan,nan,nan
672.06,1567140919,13883.01,51.49004639,7.41055761,164.88,7.31,0.92,77.97,1,-121.00,-18.00,-6.00,1.00,19.00,14.00,13532161,199
673.06,1567140920,13890.32,51.49006841,7.41069689,164.50,9.27,1.96,78.50,1,-121.00,-18.00,-6.00,1.00,19.00,14.00,13532161,199
