0.01,1567659329,0.01,51.45021227,7.48820701,253.54,5.95,0.00,183.92,0,-100.00,-11.00,0.00,0.00,42.00,0.00,0,66
0.01,1567659329,0.01,51.45021227,7.48820701,253.54,5.95,0.00,183.92,0,-97.00,-8.00,0.00,0.00,40.00,0.00,0,320
1.08,1567659330,6.38,51.45009244,7.48825815,253.83,8.67,0.00,165.44,0,-100.00,-11.00,0.00,0.00,42.00,0.00,0,66
1.08,1567659330,6.38,51.45009244,7.48825815,253.83,8.67,0.00,165.44,0,-97.00,-8.00,0.00,0.00,40.00,0.00,0,320
2.08,1567659331,15.02,51.45009244,7.48825815,253.83,8.67,0.00,165.44,0,-101.00,-11.00,0.00,0.00,42.00,0.00,0,66
2.08,1567659331,15.02,51.45009244,7.48825815,253.83,8.67,0.00,165.44,0,-100.00,-8.00,0.00,0.00,37.00,0.00,0,320
3.07,1567659332,23.64,51.45000854,7.48829480,253.67,9.88,0.00,165.75,0,-101.00,-11.00,0.00,0.00,42.00,0.00,0,66
3.07,1567659332,23.64,51.45000854,7.48829480,253.67,9.88,0.00,165.75,0,-100.00,-8.00,0.00,0.00,37.00,0.00,0,320
4.07,1567659333,33.52,51.44991904,7.48833179,253.02,10.75,0.00,166.88,0,-101.00,-11.00,0.00,0.00,42.00,0.00,0,66
4.07,1567659333,33.52,51.44991904,7.48833179,253.02,10.75,0.00,166.88,0,-100.00,-8.00,0.00,0.00,37.00,0.00,0,320
5.07,1567659334,44.29,51.44980022,7.48836189,252.48,11.90,0.00,168.45,0,-103.00,-12.00,0.00,0.00,40.00,0.00,0,66
5.07,1567659334,44.30,51.44980022,7.48836189,252.48,11.90,0.00,168.45,0,-109.00,-17.00,0.00,0.00,40.00,0.00,0,119
5.07,1567659334,44.30,51.44980022,7.48836189,252.48,11.90,0.00,168.45,0,-109.00,-18.00,0.00,0.00,40.00,0.00,0,340
5.07,1567659334,44.30,51.44980022,7.48836189,252.48,11.90,0.00,168.45,0,-101.00,-9.00,0.00,0.00,37.00,0.00,0,320
5.07,1567659334,44.31,51.44980022,7.48836189,252.48,11.90,0.00,168.45,0,-105.00,-11.00,0.00,0.00,36.00,0.00,0,76
6.07,1567659335,56.20,51.44968854,7.48838821,251.83,12.12,0.00,170.78,0,-103.00,-12.00,0.00,0.00,40.00,0.00,0,66
6.07,1567659335,56.21,51.44968854,7.48838821,251.83,12.12,0.00,170.78,0,-109.00,-17.00,0.00,0.00,40.00,0.00,0,119
6.07,1567659335,56.21,51.44968854,7.48838821,251.83,12.12,0.00,170.78,0,-109.00,-18.00,0.00,0.00,40.00,0.00,0,340
6.08,1567659335,56.23,51.44968854,7.48838821,251.83,12.12,0.00,170.78,0,-101.00,-9.00,0.00,0.00,37.00,0.00,0,320
6.08,1567659335,56.23,51.44968854,7.48838821,251.83,12.12,0.00,170.78,0,-105.00,-11.00,0.00,0.00,36.00,0.00,0,76
7.07,1567659336,68.30,51.44957655,7.48840864,251.52,12.34,0.00,172.74,0,-102.00,-11.00,0.00,0.00,41.00,0.00,0,66
7.07,1567659336,68.31,51.44957655,7.48840864,251.52,12.34,0.00,172.74,0,-104.00,-13.00,0.00,0.00,41.00,0.00,0,119
7.07,1567659336,68.31,51.44957655,7.48840864,251.52,12.34,0.00,172.74,0,-100.00,-9.00,0.00,0.00,38.00,0.00,0,320
7.07,1567659336,68.31,51.44957655,7.48840864,251.52,12.34,0.00,172.74,0,-105.00,-12.00,0.00,0.00,37.00,0.00,0,76
8.07,1567659337,80.68,51.44946644,7.48842023,251.54,12.62,0.00,175.10,0,-102.00,-11.00,0.00,0.00,41.00,0.00,0,66
8.07,1567659337,80.68,51.44946644,7.48842023,251.54,12.62,0.00,175.10,0,-104.00,-13.00,0.00,0.00,41.00,0.00,0,119
8.07,1567659337,80.68,51.44946644,7.48842023,251.54,12.62,0.00,175.10,0,-100.00,-9.00,0.00,0.00,38.00,0.00,0,320
8.07,1567659337,80.69,51.44946644,7.48842023,251.54,12.62,0.00,175.10,0,-105.00,-12.00,0.00,0.00,37.00,0.00,0,76
9.08,1567659338,93.33,51.44935147,7.48842510,251.68,13.02,0.00,176.60,0,-103.00,-12.00,0.00,0.00,41.00,0.00,0,66
9.08,1567659338,93.33,51.44935147,7.48842510,251.68,13.02,0.00,176.60,0,-104.00,-13.00,0.00,0.00,41.00,0.00,0,119
9.08,1567659338,93.34,51.44935147,7.48842510,251.68,13.02,0.00,176.60,0,-101.00,-10.00,0.00,0.00,37.00,0.00,0,320
9.08,1567659338,93.34,51.44935147,7.48842510,251.68,13.02,0.00,176.60,0,-104.00,-11.00,0.00,0.00,36.00,0.00,0,76
10.08,1567659339,106.36,51.44924165,7.48842369,251.58,13.24,0.00,178.64,0,-103.00,-12.00,0.00,0.00,41.00,0.00,0,66
10.08,1567659339,106.36,51.44924165,7.48842369,251.58,13.24,0.00,178.64,0,-104.00,-13.00,0.00,0.00,41.00,0.00,0,119
10.08,1567659339,106.36,51.44924165,7.48842369,251.58,13.24,0.00,178.64,0,-101.00,-10.00,0.00,0.00,37.00,0.00,0,320
10.08,1567659339,106.38,51.44924165,7.48842369,251.58,13.24,0.00,178.64,0,-104.00,-11.00,0.00,0.00,36.00,0.00,0,76
11.07,1567659340,119.55,51.44912436,7.48841196,251.79,13.66,0.00,180.70,0,-100.00,-8.00,0.00,0.00,40.00,0.00,0,119
11.07,1567659340,119.55,51.44912436,7.48841196,251.79,13.66,0.00,180.70,0,-105.00,-13.00,0.00,0.00,40.00,0.00,0,66
11.07,1567659340,119.55,51.44912436,7.48841196,251.79,13.66,0.00,180.70,0,-106.00,-16.00,0.00,0.00,42.00,0.00,0,118
11.07,1567659340,119.56,51.44912436,7.48841196,251.79,13.66,0.00,180.70,0,-100.00,-8.00,0.00,0.00,37.00,0.00,0,76
11.07,1567659340,119.56,51.44912436,7.48841196,251.79,13.66,0.00,180.70,0,-104.00,-12.00,0.00,0.00,36.00,0.00,0,320
12.07,1567659341,133.21,51.44900204,7.48839421,251.94,13.67,0.00,183.35,0,-100.00,-8.00,0.00,0.00,40.00,0.00,0,119
12.07,1567659341,133.22,51.44900204,7.48839421,251.94,13.67,0.00,183.35,0,-105.00,-13.00,0.00,0.00,40.00,0.00,0,66
12.07,1567659341,133.22,51.44900204,7.48839421,251.94,13.67,0.00,183.35,0,-106.00,-16.00,0.00,0.00,42.00,0.00,0,118
12.07,1567659341,133.22,51.44900204,7.48839421,251.94,13.67,0.00,183.35,0,-100.00,-8.00,0.00,0.00,37.00,0.00,0,76
12.07,1567659341,133.23,51.44900204,7.48839421,251.94,13.67,0.00,183.35,0,-104.00,-12.00,0.00,0.00,36.00,0.00,0,320
13.08,1567659342,146.91,51.44888169,7.48836646,251.75,14.22,0.00,186.91,0,-103.00,-12.00,0.00,0.00,41.00,0.00,0,67
13.08,1567659342,146.93,51.44888169,7.48836646,251.75,14.22,0.00,186.91,0,-105.00,-14.00,0.00,0.00,41.00,0.00,0,66
13.08,1567659342,146.93,51.44888169,7.48836646,251.75,14.22,0.00,186.91,0,-101.00,-11.00,0.00,0.00,38.00,0.00,0,319
13.08,1567659342,146.93,51.44888169,7.48836646,251.75,14.22,0.00,186.91,0,-102.00,-12.00,0.00,0.00,39.00,0.00,0,320
14.07,1567659343,161.10,51.44875910,7.48832978,251.51,14.13,0.00,188.64,0,-103.00,-12.00,0.00,0.00,41.00,0.00,0,67
14.07,1567659343,161.10,51.44875910,7.48832978,251.51,14.13,0.00,188.64,0,-105.00,-14.00,0.00,0.00,41.00,0.00,0,66
14.07,1567659343,161.11,51.44875910,7.48832978,251.51,14.13,0.00,188.64,0,-101.00,-11.00,0.00,0.00,38.00,0.00,0,319
14.07,1567659343,161.11,51.44875910,7.48832978,251.51,14.13,0.00,188.64,0,-102.00,-12.00,0.00,0.00,39.00,0.00,0,320
15.08,1567659344,175.28,51.44863756,7.48828278,251.52,13.22,0.00,191.02,0,-103.00,-11.00,0.00,0.00,37.00,0.00,0,319
15.08,1567659344,175.29,51.44863756,7.48828278,251.52,13.22,0.00,191.02,0,-104.00,-12.00,0.00,0.00,37.00,0.00,0,320
16.08,1567659345,188.48,51.44850799,7.48822572,251.83,14.38,0.00,192.98,0,-103.00,-11.00,0.00,0.00,37.00,0.00,0,319
16.08,1567659345,188.48,51.44850799,7.48822572,251.83,14.38,0.00,192.98,0,-104.00,-12.00,0.00,0.00,37.00,0.00,0,320
34.07,1567659363,448.32,51.44617417,7.48840745,254.22,14.57,0.00,154.56,0,-105.00,-13.00,0.00,0.00,40.00,0.00,0,118
34.07,1567659363,448.33,51.44617417,7.48840745,254.22,14.57,0.00,154.56,0,-106.00,-15.00,0.00,0.00,40.00,0.00,0,67
35.07,1567659364,462.88,51.44604790,7.48852045,255.04,14.86,0.00,151.70,0,-105.00,-13.00,0.00,0.00,40.00,0.00,0,118
35.07,1567659364,462.88,51.44604790,7.48852045,255.04,14.86,0.00,151.70,0,-106.00,-15.00,0.00,0.00,40.00,0.00,0,67
36.07,1567659365,477.74,51.44595226,7.48866974,255.19,14.93,0.00,138.16,0,-105.00,-13.00,0.00,0.00,39.00,0.00,0,67
36.07,1567659365,477.75,51.44595226,7.48866974,255.19,14.93,0.00,138.16,0,-105.00,-13.00,0.00,0.00,40.00,0.00,0,118
36.07,1567659365,477.75,51.44595226,7.48866974,255.19,14.93,0.00,138.16,0,-107.00,-15.00,0.00,0.00,39.00,0.00,0,66
37.07,1567659366,492.68,51.44585360,7.48881762,255.47,15.14,0.00,137.80,0,-105.00,-13.00,0.00,0.00,39.00,0.00,0,67
37.07,1567659366,492.68,51.44585360,7.48881762,255.47,15.14,0.00,137.80,0,-105.00,-13.00,0.00,0.00,40.00,0.00,0,118
37.07,1567659366,492.68,51.44585360,7.48881762,255.47,15.14,0.00,137.80,0,-107.00,-15.00,0.00,0.00,39.00,0.00,0,66
38.07,1567659367,507.81,51.44412410,7.48080930,255.67,15.30,0.00,136.60,0,-106.00,-12.00,0.00,0.00,37.00,0.00,0,118
38.07,1567659367,507.82,51.44412410,7.48080930,255.67,15.30,0.00,136.60,0,-108.00,-13.00,0.00,0.00,37.00,0.00,0,67
38.07,1567659367,507.82,51.44412410,7.48080930,255.67,15.30,0.00,136.60,0,-110.00,-16.00,0.00,0.00,37.00,0.00,0,66
39.07,1567659368,523.15,51.44556710,7.48932668,256.67,15.53,0.00,132.18,0,-106.00,-12.00,0.00,0.00,37.00,0.00,0,118
39.08,1567659368,523.17,51.44556710,7.48932668,256.67,15.53,0.00,132.18,0,-108.00,-13.00,0.00,0.00,37.00,0.00,0,67
39.08,1567659368,523.17,51.44556710,7.48932668,256.67,15.53,0.00,132.18,0,-110.00,-16.00,0.00,0.00,37.00,0.00,0,66
40.07,1567659369,538.65,51.44556710,7.48932668,256.67,15.53,0.00,132.18,0,-106.00,-11.00,0.00,0.00,37.00,0.00,0,118
40.07,1567659369,538.65,51.44556710,7.48932668,256.67,15.53,0.00,132.18,0,-107.00,-11.00,0.00,0.00,36.00,0.00,0,67
40.07,1567659369,538.65,51.44556710,7.48932668,256.67,15.53,0.00,132.18,0,-104.00,-10.00,0.00,0.00,35.00,0.00,0,75
40.07,1567659369,538.66,51.44556710,7.48932668,256.67,15.53,0.00,132.18,0,-105.00,-11.00,0.00,0.00,35.00,0.00,0,319
41.07,1567659370,554.17,51.44547710,7.48949501,257.45,15.41,0.00,132.25,0,-106.00,-11.00,0.00,0.00,37.00,0.00,0,118
41.07,1567659370,554.17,51.44547710,7.48949501,257.45,15.41,0.00,132.25,0,-107.00,-11.00,0.00,0.00,36.00,0.00,0,67
41.07,1567659370,554.19,51.44547710,7.48949501,257.45,15.41,0.00,132.25,0,-104.00,-10.00,0.00,0.00,35.00,0.00,0,75
41.07,1567659370,554.19,51.44547710,7.48949501,257.45,15.41,0.00,132.25,0,-105.00,-11.00,0.00,0.00,35.00,0.00,0,319
42.07,1567659371,569.57,51.44530211,7.48984481,258.64,15.63,0.00,130.95,0,-105.00,-10.00,0.00,0.00,37.00,0.00,0,118
42.07,1567659371,569.58,51.44530211,7.48984481,258.64,15.63,0.00,130.95,0,-106.00,-11.00,0.00,0.00,36.00,0.00,0,67
42.07,1567659371,569.58,51.44530211,7.48984481,258.64,15.63,0.00,130.95,0,-103.00,-10.00,0.00,0.00,35.00,0.00,0,319
42.07,1567659371,569.58,51.44530211,7.48984481,258.64,15.63,0.00,130.95,0,-104.00,-10.00,0.00,0.00,35.00,0.00,0,75
43.07,1567659372,585.21,51.44530211,7.48984481,258.64,15.63,0.00,130.95,0,-105.00,-10.00,0.00,0.00,37.00,0.00,0,118
43.07,1567659372,585.21,51.44530211,7.48984481,258.64,15.63,0.00,130.95,0,-106.00,-11.00,0.00,0.00,36.00,0.00,0,67
43.07,1567659372,585.23,51.44530211,7.48984481,258.64,15.63,0.00,130.95,0,-103.00,-10.00,0.00,0.00,35.00,0.00,0,319
43.07,1567659372,585.23,51.44530211,7.48984481,258.64,15.63,0.00,130.95,0,-104.00,-10.00,0.00,0.00,35.00,0.00,0,75
46.08,1567659375,632.49,51.44505145,7.49038579,261.19,15.65,0.00,130.09,0,-108.00,-13.00,0.00,0.00,37.00,0.00,0,67
46.08,1567659375,632.51,51.44505145,7.49038579,261.19,15.65,0.00,130.09,0,-106.00,-11.00,0.00,0.00,34.00,0.00,0,319
46.08,1567659375,632.51,51.44505145,7.49038579,261.19,15.65,0.00,130.09,0,-108.00,-13.00,0.00,0.00,34.00,0.00,0,76
47.07,1567659376,648.06,51.44496889,7.49055581,262.42,15.00,0.00,130.54,0,-108.00,-13.00,0.00,0.00,37.00,0.00,0,67
47.07,1567659376,648.06,51.44496889,7.49055581,262.42,15.00,0.00,130.54,0,-106.00,-11.00,0.00,0.00,34.00,0.00,0,319
47.07,1567659376,648.08,51.44496889,7.49055581,262.42,15.00,0.00,130.54,0,-108.00,-13.00,0.00,0.00,34.00,0.00,0,76
48.07,1567659377,663.06,51.44488906,7.49072943,263.37,14.28,0.00,129.30,0,-108.00,-13.00,0.00,0.00,37.00,0.00,0,67
48.07,1567659377,663.06,51.44488906,7.49072943,263.37,14.28,0.00,129.30,0,-106.00,-11.00,0.00,0.00,34.00,0.00,0,319
48.07,1567659377,663.07,51.44488906,7.49072943,263.37,14.28,0.00,129.30,0,-108.00,-13.00,0.00,0.00,34.00,0.00,0,76
49.07,1567659378,677.32,51.44481483,7.49089612,264.20,13.72,0.00,128.29,0,-108.00,-13.00,0.00,0.00,34.00,0.00,0,76
49.07,1567659378,677.32,51.44481483,7.49089612,264.20,13.72,0.00,128.29,0,-108.00,-13.00,0.00,0.00,34.00,0.00,0,319
50.07,1567659379,691.06,51.44474984,7.49104588,265.01,13.00,0.00,127.93,0,-108.00,-13.00,0.00,0.00,34.00,0.00,0,76
50.07,1567659379,691.06,51.44474984,7.49104588,265.01,13.00,0.00,127.93,0,-108.00,-13.00,0.00,0.00,34.00,0.00,0,319
51.07,1567659380,704.04,51.44468826,7.49119312,265.80,11.93,0.00,128.29,0,-112.00,-12.00,0.00,0.00,33.00,0.00,0,67
52.07,1567659381,715.97,51.44464395,7.49130654,266.78,8.78,0.00,127.38,0,-112.00,-12.00,0.00,0.00,33.00,0.00,0,67
122.07,1567659451,1227.61,51.44104494,7.48711751,274.92,15.14,0.00,231.97,0,-89.00,-9.00,0.00,0.00,51.00,0.00,0,117
123.07,1567659452,1242.78,51.44096600,7.48694422,274.77,15.23,0.00,232.75,0,-89.00,-9.00,0.00,0.00,51.00,0.00,0,117
160.07,1567659489,1778.94,51.43826504,7.48030670,284.46,14.71,0.00,240.34,0,-114.00,-9.00,0.00,0.00,26.00,0.00,0,458
161.07,1567659490,1793.69,51.43820180,7.48011035,284.21,14.53,0.00,241.37,0,-114.00,-9.00,0.00,0.00,26.00,0.00,0,458
162.08,1567659491,1808.31,51.43808336,7.47975411,283.53,13.24,0.00,242.17,0,-112.00,-9.00,0.00,0.00,28.00,0.00,0,458
163.07,1567659492,1821.47,51.43808336,7.47975411,283.53,13.24,0.00,242.17,0,-112.00,-9.00,0.00,0.00,28.00,0.00,0,458
164.07,1567659493,1834.67,51.43802026,7.47956031,283.72,14.12,0.00,242.88,0,-103.00,-14.00,0.00,0.00,40.00,0.00,0,88
164.07,1567659493,1834.69,51.43802026,7.47956031,283.72,14.12,0.00,242.88,0,-105.00,-16.00,0.00,0.00,40.00,0.00,0,271
164.07,1567659493,1834.69,51.43802026,7.47956031,283.72,14.12,0.00,242.88,0,-105.00,-18.00,0.00,0.00,41.00,0.00,0,77
165.07,1567659494,1848.79,51.43796466,7.47938109,284.07,13.85,0.00,243.08,0,-103.00,-14.00,0.00,0.00,40.00,0.00,0,88
165.07,1567659494,1848.79,51.43796466,7.47938109,284.07,13.85,0.00,243.08,0,-105.00,-16.00,0.00,0.00,40.00,0.00,0,271
165.07,1567659494,1848.80,51.43796466,7.47938109,284.07,13.85,0.00,243.08,0,-105.00,-18.00,0.00,0.00,41.00,0.00,0,77
166.07,1567659495,1862.62,51.43791027,7.47919935,284.01,12.82,0.00,244.87,0,-102.00,-13.00,0.00,0.00,40.00,0.00,0,88
166.07,1567659495,1862.63,51.43791027,7.47919935,284.01,12.82,0.00,244.87,0,-105.00,-17.00,0.00,0.00,41.00,0.00,0,77
167.07,1567659496,1875.44,51.43785609,7.47901953,283.77,12.65,0.00,244.26,0,-102.00,-13.00,0.00,0.00,40.00,0.00,0,88
167.07,1567659496,1875.45,51.43785609,7.47901953,283.77,12.65,0.00,244.26,0,-105.00,-17.00,0.00,0.00,41.00,0.00,0,77
168.07,1567659497,1888.09,51.43779672,7.47882795,283.43,13.69,0.00,243.45,0,-96.00,-10.00,0.00,0.00,43.00,0.00,0,88
169.07,1567659498,1901.78,51.43774198,7.47864872,283.59,12.96,0.00,243.95,0,-96.00,-10.00,0.00,0.00,43.00,0.00,0,88
172.08,1567659501,1940.87,51.43757475,7.47810500,285.11,12.81,0.00,244.44,0,-103.00,-13.00,0.00,0.00,39.00,0.00,0,488
173.07,1567659502,1953.61,51.43752130,7.47792289,285.25,13.04,0.00,245.30,0,-103.00,-13.00,0.00,0.00,39.00,0.00,0,488
174.07,1567659503,1966.67,51.43746321,7.47772992,285.20,12.85,0.00,244.79,0,-103.00,-13.00,0.00,0.00,39.00,0.00,0,488
181.07,1567659510,2058.12,51.43716421,7.47639132,287.07,10.61,0.00,282.91,0,-99.00,-10.00,0.00,0.00,40.00,0.00,0,488
182.07,1567659511,2068.73,51.43721547,7.47627255,287.89,9.39,0.00,305.92,0,-99.00,-10.00,0.00,0.00,40.00,0.00,0,488
183.07,1567659512,2078.12,51.43728673,7.47618339,288.21,8.91,0.00,328.06,0,-94.00,-10.00,0.00,0.00,45.00,0.00,0,488
184.07,1567659513,2087.05,51.43737011,7.47615619,288.28,9.54,0.00,352.04,0,-94.00,-10.00,0.00,0.00,45.00,0.00,0,488
216.08,1567659545,2738.11,51.44137882,7.48367468,280.29,26.41,0.00,34.87,0,-89.00,-6.00,0.00,0.00,47.00,0.00,0,117
216.08,1567659545,2738.14,51.44137882,7.48367468,280.29,26.41,0.00,34.87,0,-119.00,-10.00,0.00,0.00,24.00,0.00,0,341
216.08,1567659545,2738.14,51.44137882,7.48367468,280.29,26.41,0.00,34.87,0,-122.00,-13.00,0.00,0.00,23.00,0.00,0,151
217.07,1567659546,2764.34,51.44137882,7.48367468,280.29,26.41,0.00,34.87,0,-89.00,-6.00,0.00,0.00,47.00,0.00,0,117
217.07,1567659546,2764.34,51.44137882,7.48367468,280.29,26.41,0.00,34.87,0,-119.00,-10.00,0.00,0.00,24.00,0.00,0,341
217.07,1567659546,2764.34,51.44137882,7.48367468,280.29,26.41,0.00,34.87,0,-122.00,-13.00,0.00,0.00,23.00,0.00,0,151
218.07,1567659547,2790.75,51.44156924,7.48387941,279.53,26.29,0.00,33.08,0,-89.00,-6.00,0.00,0.00,47.00,0.00,0,117
218.07,1567659547,2790.75,51.44156924,7.48387941,279.53,26.29,0.00,33.08,0,-119.00,-10.00,0.00,0.00,24.00,0.00,0,341
218.07,1567659547,2790.78,51.44156924,7.48387941,279.53,26.29,0.00,33.08,0,-122.00,-13.00,0.00,0.00,23.00,0.00,0,151
223.07,1567659552,2921.46,51.44258735,7.48475808,277.25,26.00,0.00,25.46,0,-89.00,-10.00,0.00,0.00,52.00,0.00,0,77
224.07,1567659553,2947.46,51.44280116,7.48491446,276.84,26.01,0.00,24.46,0,-89.00,-10.00,0.00,0.00,52.00,0.00,0,77
240.07,1567659569,3264.18,51.44448494,7.48734673,267.57,14.24,0.00,143.13,0,-92.00,-12.00,0.00,0.00,48.00,0.00,0,75
241.07,1567659570,3278.38,51.44437333,7.48744496,267.31,15.03,0.00,156.07,0,-92.00,-12.00,0.00,0.00,48.00,0.00,0,75
269.07,1567659598,3845.16,51.44356888,7.47996769,265.61,29.01,0.00,263.48,0,-102.00,-13.00,0.00,0.00,42.00,0.00,0,117
270.07,1567659599,3874.14,51.44353554,7.47954636,265.41,29.72,0.00,262.46,0,-102.00,-13.00,0.00,0.00,42.00,0.00,0,117
271.07,1567659600,3903.83,51.44349876,7.47911062,264.85,30.25,0.00,262.20,0,-101.00,-13.00,0.00,0.00,44.00,0.00,0,117
272.07,1567659601,3934.20,51.44342269,7.47822981,263.40,30.24,0.00,262.48,0,-101.00,-13.00,0.00,0.00,44.00,0.00,0,117
273.07,1567659602,3964.38,51.44342269,7.47822981,263.40,30.24,0.00,262.48,0,-93.00,-12.00,0.00,0.00,51.00,0.00,0,117
273.07,1567659602,3964.41,51.44342269,7.47822981,263.40,30.24,0.00,262.48,0,-95.00,-9.00,0.00,0.00,44.00,0.00,0,77
274.07,1567659603,3994.66,51.44334980,7.47735609,262.49,31.00,0.00,262.04,0,-93.00,-12.00,0.00,0.00,51.00,0.00,0,117
274.07,1567659603,3994.69,51.44334980,7.47735609,262.49,31.00,0.00,262.04,0,-95.00,-9.00,0.00,0.00,44.00,0.00,0,77
275.07,1567659604,4025.66,51.44334980,7.47735609,262.49,31.00,0.00,262.04,0,-100.00,-12.00,0.00,0.00,43.00,0.00,0,117
275.07,1567659604,4025.66,51.44334980,7.47735609,262.49,31.00,0.00,262.04,0,-95.00,-10.00,0.00,0.00,45.00,0.00,0,77
276.07,1567659605,4056.66,51.44327518,7.47647235,261.88,31.61,0.00,261.90,0,-100.00,-12.00,0.00,0.00,43.00,0.00,0,117
276.07,1567659605,4056.66,51.44327518,7.47647235,261.88,31.61,0.00,261.90,0,-95.00,-10.00,0.00,0.00,45.00,0.00,0,77
277.07,1567659606,4088.37,51.44327518,7.47647235,261.88,31.61,0.00,261.90,0,-95.00,-10.00,0.00,0.00,47.00,0.00,0,117
277.08,1567659606,4088.40,51.44327518,7.47647235,261.88,31.61,0.00,261.90,0,-87.00,-8.00,0.00,0.00,51.00,0.00,0,77
278.07,1567659607,4119.92,51.44318372,7.47556781,261.27,32.23,0.00,260.38,0,-95.00,-10.00,0.00,0.00,47.00,0.00,0,117
278.07,1567659607,4119.92,51.44318372,7.47556781,261.27,32.23,0.00,260.38,0,-87.00,-8.00,0.00,0.00,51.00,0.00,0,77
279.08,1567659608,4152.35,51.44412410,7.48080930,261.27,32.23,0.00,260.38,0,-97.00,-12.00,0.00,0.00,47.00,0.00,0,117
279.08,1567659608,4152.35,51.44412410,7.48080930,261.27,32.23,0.00,260.38,0,-87.00,-8.00,0.00,0.00,51.00,0.00,0,77
280.07,1567659609,4184.32,51.44313744,7.47510913,260.72,32.56,0.00,259.89,0,-97.00,-12.00,0.00,0.00,47.00,0.00,0,117
280.07,1567659609,4184.32,51.44313744,7.47510913,260.72,32.56,0.00,259.89,0,-87.00,-8.00,0.00,0.00,51.00,0.00,0,77
281.07,1567659610,4216.91,51.44308414,7.47464663,260.08,32.75,0.00,259.55,0,-97.00,-12.00,0.00,0.00,47.00,0.00,0,117
281.07,1567659610,4216.95,51.44308414,7.47464663,260.08,32.75,0.00,259.55,0,-87.00,-8.00,0.00,0.00,51.00,0.00,0,77
288.07,1567659617,4452.21,51.44266435,7.47131510,254.61,34.90,0.00,258.13,0,-115.00,-12.00,0.00,0.00,26.00,0.00,0,76
289.07,1567659618,4487.15,51.44252942,7.47030605,252.03,35.64,0.00,258.45,0,-115.00,-12.00,0.00,0.00,26.00,0.00,0,76
290.07,1567659619,4522.79,51.44252942,7.47030605,252.03,35.64,0.00,258.45,0,-115.00,-13.00,0.00,0.00,26.00,0.00,0,77
290.07,1567659619,4522.82,51.44252942,7.47030605,252.03,35.64,0.00,258.45,0,-116.00,-13.00,0.00,0.00,26.00,0.00,0,76
291.07,1567659620,4558.39,51.44246029,7.46978782,250.66,35.89,0.00,258.52,0,-115.00,-13.00,0.00,0.00,26.00,0.00,0,77
291.07,1567659620,4558.39,51.44246029,7.46978782,250.66,35.89,0.00,258.52,0,-116.00,-13.00,0.00,0.00,26.00,0.00,0,76
292.08,1567659621,4594.50,51.44238974,7.46926815,249.18,36.41,0.00,258.40,0,-117.00,-14.00,0.00,0.00,27.00,0.00,0,231
292.08,1567659621,4594.50,51.44238974,7.46926815,249.18,36.41,0.00,258.40,0,-116.00,-12.00,0.00,0.00,25.00,0.00,0,437
292.08,1567659621,4594.50,51.44238974,7.46926815,249.18,36.41,0.00,258.40,0,-118.00,-14.00,0.00,0.00,25.00,0.00,0,76
293.07,1567659622,4630.72,51.44231983,7.46874777,247.63,36.51,0.00,258.57,0,-117.00,-14.00,0.00,0.00,27.00,0.00,0,231
293.07,1567659622,4630.72,51.44231983,7.46874777,247.63,36.51,0.00,258.57,0,-116.00,-12.00,0.00,0.00,25.00,0.00,0,437
293.07,1567659622,4630.76,51.44231983,7.46874777,247.63,36.51,0.00,258.57,0,-118.00,-14.00,0.00,0.00,25.00,0.00,0,76
294.07,1567659623,4667.27,51.44225132,7.46822697,246.18,36.74,0.00,258.74,0,-115.00,-12.00,0.00,0.00,27.00,0.00,0,424
294.07,1567659623,4667.27,51.44225132,7.46822697,246.18,36.74,0.00,258.74,0,-115.00,-13.00,0.00,0.00,26.00,0.00,0,437
294.07,1567659623,4667.31,51.44225132,7.46822697,246.18,36.74,0.00,258.74,0,-126.00,-16.00,0.00,0.00,22.00,0.00,0,274
294.07,1567659623,4667.31,51.44225132,7.46822697,246.18,36.74,0.00,258.74,0,-109.00,-11.00,0.00,0.00,31.00,0.00,0,488
294.07,1567659623,4667.31,51.44225132,7.46822697,246.18,36.74,0.00,258.74,0,-110.00,-11.00,0.00,0.00,30.00,0.00,0,308
294.07,1567659623,4667.35,51.44225132,7.46822697,246.18,36.74,0.00,258.74,0,-112.00,-14.00,0.00,0.00,30.00,0.00,0,486
294.07,1567659623,4667.35,51.44225132,7.46822697,246.18,36.74,0.00,258.74,0,-101.00,-9.00,0.00,0.00,33.00,0.00,0,198
294.08,1567659623,4667.38,51.44225132,7.46822697,246.18,36.74,0.00,258.74,0,-107.00,-15.00,0.00,0.00,32.00,0.00,0,13
295.07,1567659624,4704.02,51.44218217,7.46770985,244.79,36.74,0.00,258.93,0,-115.00,-12.00,0.00,0.00,27.00,0.00,0,424
295.07,1567659624,4704.02,51.44218217,7.46770985,244.79,36.74,0.00,258.93,0,-115.00,-13.00,0.00,0.00,26.00,0.00,0,437
295.07,1567659624,4704.05,51.44218217,7.46770985,244.79,36.74,0.00,258.93,0,-126.00,-16.00,0.00,0.00,22.00,0.00,0,274
295.07,1567659624,4704.05,51.44218217,7.46770985,244.79,36.74,0.00,258.93,0,-109.00,-11.00,0.00,0.00,31.00,0.00,0,488
295.07,1567659624,4704.05,51.44218217,7.46770985,244.79,36.74,0.00,258.93,0,-110.00,-11.00,0.00,0.00,30.00,0.00,0,308
295.07,1567659624,4704.09,51.44218217,7.46770985,244.79,36.74,0.00,258.93,0,-112.00,-14.00,0.00,0.00,30.00,0.00,0,486
295.07,1567659624,4704.09,51.44218217,7.46770985,244.79,36.74,0.00,258.93,0,-101.00,-9.00,0.00,0.00,33.00,0.00,0,198
295.08,1567659624,4704.13,51.44218217,7.46770985,244.79,36.74,0.00,258.93,0,-107.00,-15.00,0.00,0.00,32.00,0.00,0,13
303.07,1567659632,4998.85,51.44174960,7.46348357,235.81,37.07,0.00,263.50,0,-108.00,-15.00,0.00,0.00,32.00,0.00,0,427
304.07,1567659633,5035.88,51.44171411,7.46297061,234.75,37.15,0.00,263.78,0,-108.00,-15.00,0.00,0.00,32.00,0.00,0,427
305.07,1567659634,5073.11,51.44168128,7.46243998,233.68,37.11,0.00,264.55,0,-102.00,-13.00,0.00,0.00,36.00,0.00,0,427
306.07,1567659635,5110.18,51.44165255,7.46190864,233.53,36.94,0.00,264.97,0,-102.00,-13.00,0.00,0.00,36.00,0.00,0,427
313.07,1567659642,5364.11,51.44154954,7.45827588,234.25,36.04,0.00,269.15,0,-110.00,-11.00,0.00,0.00,33.00,0.00,0,117
313.07,1567659642,5364.11,51.44154954,7.45827588,234.25,36.04,0.00,269.15,0,-112.00,-14.00,0.00,0.00,35.00,0.00,0,119
314.07,1567659643,5400.22,51.44154874,7.45775934,233.88,36.04,0.00,269.47,0,-110.00,-11.00,0.00,0.00,33.00,0.00,0,117
314.07,1567659643,5400.22,51.44154874,7.45775934,233.88,36.04,0.00,269.47,0,-112.00,-14.00,0.00,0.00,35.00,0.00,0,119
315.07,1567659644,5436.26,51.44155295,7.45724730,233.56,36.08,0.00,270.23,0,-110.00,-11.00,0.00,0.00,33.00,0.00,0,117
315.07,1567659644,5436.26,51.44155295,7.45724730,233.56,36.08,0.00,270.23,0,-112.00,-14.00,0.00,0.00,35.00,0.00,0,119
316.07,1567659645,5472.30,51.44155702,7.45672844,233.19,36.01,0.00,270.46,0,-110.00,-11.00,0.00,0.00,33.00,0.00,0,117
316.07,1567659645,5472.34,51.44155702,7.45672844,233.19,36.01,0.00,270.46,0,-112.00,-14.00,0.00,0.00,35.00,0.00,0,119
317.07,1567659646,5508.28,51.44155780,7.45621808,232.88,36.00,0.00,271.04,0,-106.00,-10.00,0.00,0.00,35.00,0.00,0,117
317.07,1567659646,5508.28,51.44155780,7.45621808,232.88,36.00,0.00,271.04,0,-110.00,-14.00,0.00,0.00,36.00,0.00,0,119
318.07,1567659647,5544.35,51.44156365,7.45570254,232.59,35.91,0.00,271.30,0,-106.00,-10.00,0.00,0.00,35.00,0.00,0,117
318.07,1567659647,5544.35,51.44156365,7.45570254,232.59,35.91,0.00,271.30,0,-110.00,-14.00,0.00,0.00,36.00,0.00,0,119
319.08,1567659648,5580.33,51.44400690,7.45164750,232.21,35.84,0.00,271.41,0,-102.00,-9.00,0.00,0.00,40.00,0.00,0,117
319.08,1567659648,5580.37,51.44400690,7.45164750,232.21,35.84,0.00,271.41,0,-106.00,-14.00,0.00,0.00,40.00,0.00,0,119
320.07,1567659649,5616.14,51.44158510,7.45467095,231.77,35.18,0.00,273.06,0,-102.00,-9.00,0.00,0.00,40.00,0.00,0,117
320.07,1567659649,5616.14,51.44158510,7.45467095,231.77,35.18,0.00,273.06,0,-106.00,-14.00,0.00,0.00,40.00,0.00,0,119
391.07,1567659720,7770.82,51.44860214,7.42684092,189.51,30.01,0.00,323.72,0,-96.00,-7.00,0.00,0.00,40.00,0.00,0,480
392.07,1567659721,7800.86,51.44881988,7.42659024,188.08,30.14,0.00,324.30,0,-96.00,-7.00,0.00,0.00,40.00,0.00,0,480
393.07,1567659722,7831.10,51.44904576,7.42635458,186.47,30.20,0.00,326.12,0,-97.00,-7.00,0.00,0.00,43.00,0.00,0,49
393.07,1567659722,7831.13,51.44904576,7.42635458,186.47,30.20,0.00,326.12,0,-95.00,-7.00,0.00,0.00,41.00,0.00,0,480
394.07,1567659723,7861.21,51.44927440,7.42611887,184.94,30.31,0.00,327.19,0,-97.00,-7.00,0.00,0.00,43.00,0.00,0,49
394.07,1567659723,7861.24,51.44927440,7.42611887,184.94,30.31,0.00,327.19,0,-95.00,-7.00,0.00,0.00,41.00,0.00,0,480
395.07,1567659724,7891.61,51.44950461,7.42588919,183.55,30.10,0.00,328.34,0,-101.00,-6.00,0.00,0.00,38.00,0.00,0,49
395.07,1567659724,7891.64,51.44950461,7.42588919,183.55,30.10,0.00,328.34,0,-99.00,-7.00,0.00,0.00,37.00,0.00,0,480
396.07,1567659725,7921.62,51.44997054,7.42545517,180.88,29.95,0.00,330.87,0,-101.00,-6.00,0.00,0.00,38.00,0.00,0,49
396.07,1567659725,7921.65,51.44997054,7.42545517,180.88,29.95,0.00,330.87,0,-99.00,-7.00,0.00,0.00,37.00,0.00,0,480
401.07,1567659730,8072.71,51.45095229,7.42468056,176.47,29.90,0.00,335.40,0,-99.00,-8.00,0.00,0.00,40.00,0.00,0,414
401.07,1567659730,8072.71,51.45095229,7.42468056,176.47,29.90,0.00,335.40,0,-105.00,-13.00,0.00,0.00,41.00,0.00,0,49
401.07,1567659730,8072.74,51.45095229,7.42468056,176.47,29.90,0.00,335.40,0,-105.00,-12.00,0.00,0.00,38.00,0.00,0,26
401.07,1567659730,8072.74,51.45095229,7.42468056,176.47,29.90,0.00,335.40,0,-103.00,-9.00,0.00,0.00,35.00,0.00,0,57
401.07,1567659730,8072.74,51.45095229,7.42468056,176.47,29.90,0.00,335.40,0,-103.00,-9.00,0.00,0.00,35.00,0.00,0,301
402.07,1567659731,8102.60,51.45120174,7.42451961,176.26,29.06,0.00,337.57,0,-99.00,-8.00,0.00,0.00,40.00,0.00,0,414
402.07,1567659731,8102.63,51.45120174,7.42451961,176.26,29.06,0.00,337.57,0,-105.00,-13.00,0.00,0.00,41.00,0.00,0,49
402.07,1567659731,8102.63,51.45120174,7.42451961,176.26,29.06,0.00,337.57,0,-105.00,-12.00,0.00,0.00,38.00,0.00,0,26
402.07,1567659731,8102.66,51.45120174,7.42451961,176.26,29.06,0.00,337.57,0,-103.00,-9.00,0.00,0.00,35.00,0.00,0,57
402.07,1567659731,8102.66,51.45120174,7.42451961,176.26,29.06,0.00,337.57,0,-103.00,-9.00,0.00,0.00,35.00,0.00,0,301
403.07,1567659732,8131.66,51.45143965,7.42438138,176.06,27.59,0.00,339.50,0,-106.00,-12.00,0.00,0.00,39.00,0.00,0,249
403.07,1567659732,8131.66,51.45143965,7.42438138,176.06,27.59,0.00,339.50,0,-107.00,-12.00,0.00,0.00,38.00,0.00,0,233
403.07,1567659732,8131.66,51.45143965,7.42438138,176.06,27.59,0.00,339.50,0,-104.00,-11.00,0.00,0.00,36.00,0.00,0,424
403.07,1567659732,8131.69,51.45143965,7.42438138,176.06,27.59,0.00,339.50,0,-104.00,-12.00,0.00,0.00,35.00,0.00,0,480
404.07,1567659733,8159.25,51.45166952,7.42425673,175.42,26.71,0.00,339.63,0,-106.00,-12.00,0.00,0.00,39.00,0.00,0,249
404.07,1567659733,8159.28,51.45166952,7.42425673,175.42,26.71,0.00,339.63,0,-107.00,-12.00,0.00,0.00,38.00,0.00,0,233
404.07,1567659733,8159.28,51.45166952,7.42425673,175.42,26.71,0.00,339.63,0,-104.00,-11.00,0.00,0.00,36.00,0.00,0,424
404.07,1567659733,8159.30,51.45166952,7.42425673,175.42,26.71,0.00,339.63,0,-104.00,-12.00,0.00,0.00,35.00,0.00,0,480
408.07,1567659737,8264.67,51.45255272,7.42377137,173.05,25.98,0.00,341.79,0,-106.00,-10.00,0.00,0.00,36.00,0.00,0,414
408.07,1567659737,8264.69,51.45255272,7.42377137,173.05,25.98,0.00,341.79,0,-106.00,-12.00,0.00,0.00,38.00,0.00,0,49
408.07,1567659737,8264.69,51.45255272,7.42377137,173.05,25.98,0.00,341.79,0,-107.00,-12.00,0.00,0.00,38.00,0.00,0,97
408.07,1567659737,8264.69,51.45255272,7.42377137,173.05,25.98,0.00,341.79,0,-104.00,-11.00,0.00,0.00,36.00,0.00,0,480
408.07,1567659737,8264.72,51.45255272,7.42377137,173.05,25.98,0.00,341.79,0,-104.00,-9.00,0.00,0.00,34.00,0.00,0,301
409.07,1567659738,8290.67,51.45278097,7.42366063,171.84,26.23,0.00,342.57,0,-106.00,-10.00,0.00,0.00,36.00,0.00,0,414
409.07,1567659738,8290.67,51.45278097,7.42366063,171.84,26.23,0.00,342.57,0,-106.00,-12.00,0.00,0.00,38.00,0.00,0,49
409.07,1567659738,8290.70,51.45278097,7.42366063,171.84,26.23,0.00,342.57,0,-107.00,-12.00,0.00,0.00,38.00,0.00,0,97
409.07,1567659738,8290.70,51.45278097,7.42366063,171.84,26.23,0.00,342.57,0,-104.00,-11.00,0.00,0.00,36.00,0.00,0,480
409.07,1567659738,8290.72,51.45278097,7.42366063,171.84,26.23,0.00,342.57,0,-104.00,-9.00,0.00,0.00,34.00,0.00,0,301
410.07,1567659739,8316.85,51.45301408,7.42355026,170.47,26.74,0.00,343.07,0,-102.00,-10.00,0.00,0.00,39.00,0.00,0,414
410.07,1567659739,8316.88,51.45301408,7.42355026,170.47,26.74,0.00,343.07,0,-104.00,-13.00,0.00,0.00,41.00,0.00,0,375
410.07,1567659739,8316.88,51.45301408,7.42355026,170.47,26.74,0.00,343.07,0,-100.00,-8.00,0.00,0.00,36.00,0.00,0,301
410.07,1567659739,8316.90,51.45301408,7.42355026,170.47,26.74,0.00,343.07,0,-105.00,-10.00,0.00,0.00,35.00,0.00,0,57
410.07,1567659739,8316.90,51.45301408,7.42355026,170.47,26.74,0.00,343.07,0,-105.00,-12.00,0.00,0.00,35.00,0.00,0,38
411.07,1567659740,8343.62,51.45324988,7.42343921,168.71,27.53,0.00,343.26,0,-102.00,-10.00,0.00,0.00,39.00,0.00,0,414
411.07,1567659740,8343.62,51.45324988,7.42343921,168.71,27.53,0.00,343.26,0,-104.00,-13.00,0.00,0.00,41.00,0.00,0,375
411.07,1567659740,8343.62,51.45324988,7.42343921,168.71,27.53,0.00,343.26,0,-100.00,-8.00,0.00,0.00,36.00,0.00,0,301
411.07,1567659740,8343.65,51.45324988,7.42343921,168.71,27.53,0.00,343.26,0,-105.00,-10.00,0.00,0.00,35.00,0.00,0,57
411.07,1567659740,8343.65,51.45324988,7.42343921,168.71,27.53,0.00,343.26,0,-105.00,-12.00,0.00,0.00,35.00,0.00,0,38
412.07,1567659741,8371.17,51.45372240,7.42322782,166.41,28.01,0.00,343.91,0,-97.00,-9.00,0.00,0.00,45.00,0.00,0,375
412.07,1567659741,8371.17,51.45372240,7.42322782,166.41,28.01,0.00,343.91,0,-96.00,-10.00,0.00,0.00,42.00,0.00,0,38
413.07,1567659742,8399.18,51.45372240,7.42322782,166.41,28.01,0.00,343.91,0,-97.00,-9.00,0.00,0.00,45.00,0.00,0,375
413.07,1567659742,8399.21,51.45372240,7.42322782,166.41,28.01,0.00,343.91,0,-96.00,-10.00,0.00,0.00,42.00,0.00,0,38
414.07,1567659743,8427.13,51.45396321,7.42311838,165.42,28.06,0.00,343.27,0,-98.00,-9.00,0.00,0.00,44.00,0.00,0,375
414.07,1567659743,8427.16,51.45396321,7.42311838,165.42,28.06,0.00,343.27,0,-103.00,-11.00,0.00,0.00,40.00,0.00,0,414
414.07,1567659743,8427.16,51.45396321,7.42311838,165.42,28.06,0.00,343.27,0,-98.00,-11.00,0.00,0.00,41.00,0.00,0,38
415.07,1567659744,8455.22,51.45421239,7.42300717,164.09,28.31,0.00,343.84,0,-98.00,-9.00,0.00,0.00,44.00,0.00,0,375
415.07,1567659744,8455.25,51.45421239,7.42300717,164.09,28.31,0.00,343.84,0,-103.00,-11.00,0.00,0.00,40.00,0.00,0,414
415.07,1567659744,8455.25,51.45421239,7.42300717,164.09,28.31,0.00,343.84,0,-98.00,-11.00,0.00,0.00,41.00,0.00,0,38
416.07,1567659745,8483.59,51.45470582,7.42278575,161.55,28.15,0.00,343.72,0,-101.00,-12.00,0.00,0.00,43.00,0.00,0,49
416.07,1567659745,8483.59,51.45470582,7.42278575,161.55,28.15,0.00,343.72,0,-103.00,-14.00,0.00,0.00,42.00,0.00,0,97
416.07,1567659745,8483.59,51.45470582,7.42278575,161.55,28.15,0.00,343.72,0,-104.00,-13.00,0.00,0.00,41.00,0.00,0,414
416.07,1567659745,8483.62,51.45470582,7.42278575,161.55,28.15,0.00,343.72,0,-102.00,-11.00,0.00,0.00,38.00,0.00,0,57
416.07,1567659745,8483.62,51.45470582,7.42278575,161.55,28.15,0.00,343.72,0,-104.00,-12.00,0.00,0.00,37.00,0.00,0,301
417.07,1567659746,8511.76,51.45470582,7.42278575,161.55,28.15,0.00,343.72,0,-101.00,-12.00,0.00,0.00,43.00,0.00,0,49
417.08,1567659746,8511.79,51.45470582,7.42278575,161.55,28.15,0.00,343.72,0,-103.00,-14.00,0.00,0.00,42.00,0.00,0,97
417.08,1567659746,8511.79,51.45470582,7.42278575,161.55,28.15,0.00,343.72,0,-104.00,-13.00,0.00,0.00,41.00,0.00,0,414
417.08,1567659746,8511.79,51.45470582,7.42278575,161.55,28.15,0.00,343.72,0,-102.00,-11.00,0.00,0.00,38.00,0.00,0,57
417.08,1567659746,8511.82,51.45470582,7.42278575,161.55,28.15,0.00,343.72,0,-104.00,-12.00,0.00,0.00,37.00,0.00,0,301
418.07,1567659747,8539.82,51.45494943,7.42267429,160.60,28.14,0.00,343.20,0,-101.00,-13.00,0.00,0.00,43.00,0.00,0,348
418.07,1567659747,8539.82,51.45494943,7.42267429,160.60,28.14,0.00,343.20,0,-103.00,-14.00,0.00,0.00,43.00,0.00,0,414
419.07,1567659748,8568.02,51.45519851,7.42256013,159.96,28.33,0.00,342.94,0,-101.00,-13.00,0.00,0.00,43.00,0.00,0,348
419.07,1567659748,8568.02,51.45519851,7.42256013,159.96,28.33,0.00,342.94,0,-103.00,-14.00,0.00,0.00,43.00,0.00,0,414
420.07,1567659749,8596.29,51.45568242,7.42231155,158.30,28.77,0.00,341.98,0,-95.00,-11.00,0.00,0.00,47.00,0.00,0,414
420.07,1567659749,8596.29,51.45568242,7.42231155,158.30,28.77,0.00,341.98,0,-102.00,-14.00,0.00,0.00,45.00,0.00,0,97
421.07,1567659750,8625.03,51.45568242,7.42231155,158.30,28.77,0.00,341.98,0,-95.00,-11.00,0.00,0.00,47.00,0.00,0,414
421.07,1567659750,8625.06,51.45568242,7.42231155,158.30,28.77,0.00,341.98,0,-102.00,-14.00,0.00,0.00,45.00,0.00,0,97
422.07,1567659751,8653.83,51.45592794,7.42218314,157.53,29.00,0.00,341.73,0,-101.00,-12.00,0.00,0.00,42.00,0.00,0,375
422.07,1567659751,8653.83,51.45592794,7.42218314,157.53,29.00,0.00,341.73,0,-101.00,-13.00,0.00,0.00,43.00,0.00,0,196
422.07,1567659751,8653.83,51.45592794,7.42218314,157.53,29.00,0.00,341.73,0,-102.00,-13.00,0.00,0.00,43.00,0.00,0,249
422.07,1567659751,8653.85,51.45592794,7.42218314,157.53,29.00,0.00,341.73,0,-99.00,-12.00,0.00,0.00,41.00,0.00,0,352
423.07,1567659752,8682.83,51.45617037,7.42204485,156.70,29.33,0.00,340.20,0,-101.00,-12.00,0.00,0.00,42.00,0.00,0,375
423.07,1567659752,8682.83,51.45617037,7.42204485,156.70,29.33,0.00,340.20,0,-101.00,-13.00,0.00,0.00,43.00,0.00,0,196
423.07,1567659752,8682.83,51.45617037,7.42204485,156.70,29.33,0.00,340.20,0,-102.00,-13.00,0.00,0.00,43.00,0.00,0,249
423.07,1567659752,8682.85,51.45617037,7.42204485,156.70,29.33,0.00,340.20,0,-99.00,-12.00,0.00,0.00,41.00,0.00,0,352
424.07,1567659753,8712.16,51.45641641,7.42190244,155.85,29.57,0.00,339.73,0,-98.00,-10.00,0.00,0.00,45.00,0.00,0,414
424.07,1567659753,8712.16,51.45641641,7.42190244,155.85,29.57,0.00,339.73,0,-101.00,-12.00,0.00,0.00,45.00,0.00,0,233
424.07,1567659753,8712.19,51.45641641,7.42190244,155.85,29.57,0.00,339.73,0,-101.00,-12.00,0.00,0.00,43.00,0.00,0,375
424.07,1567659753,8712.19,51.45641641,7.42190244,155.85,29.57,0.00,339.73,0,-96.00,-10.00,0.00,0.00,42.00,0.00,0,436
424.07,1567659753,8712.19,51.45641641,7.42190244,155.85,29.57,0.00,339.73,0,-98.00,-11.00,0.00,0.00,42.00,0.00,0,301
425.08,1567659754,8741.87,51.45666116,7.42176154,155.01,29.26,0.00,339.26,0,-98.00,-10.00,0.00,0.00,45.00,0.00,0,414
425.08,1567659754,8741.87,51.45666116,7.42176154,155.01,29.26,0.00,339.26,0,-101.00,-12.00,0.00,0.00,45.00,0.00,0,233
425.08,1567659754,8741.87,51.45666116,7.42176154,155.01,29.26,0.00,339.26,0,-101.00,-12.00,0.00,0.00,43.00,0.00,0,375
425.08,1567659754,8741.90,51.45666116,7.42176154,155.01,29.26,0.00,339.26,0,-96.00,-10.00,0.00,0.00,42.00,0.00,0,436
425.08,1567659754,8741.90,51.45666116,7.42176154,155.01,29.26,0.00,339.26,0,-98.00,-11.00,0.00,0.00,42.00,0.00,0,301
426.08,1567659755,8771.25,51.45714175,7.42144091,153.60,29.11,0.00,337.01,0,-95.00,-9.00,0.00,0.00,45.00,0.00,0,375
426.08,1567659755,8771.25,51.45714175,7.42144091,153.60,29.11,0.00,337.01,0,-97.00,-10.00,0.00,0.00,45.00,0.00,0,233
426.08,1567659755,8771.27,51.45714175,7.42144091,153.60,29.11,0.00,337.01,0,-97.00,-12.00,0.00,0.00,43.00,0.00,0,436
426.08,1567659755,8771.27,51.45714175,7.42144091,153.60,29.11,0.00,337.01,0,-98.00,-12.00,0.00,0.00,43.00,0.00,0,480
427.07,1567659756,8800.13,51.45737798,7.42127350,153.18,29.32,0.00,336.53,0,-95.00,-9.00,0.00,0.00,45.00,0.00,0,375
427.07,1567659756,8800.16,51.45737798,7.42127350,153.18,29.32,0.00,336.53,0,-97.00,-10.00,0.00,0.00,45.00,0.00,0,233
427.07,1567659756,8800.16,51.45737798,7.42127350,153.18,29.32,0.00,336.53,0,-97.00,-12.00,0.00,0.00,43.00,0.00,0,436
427.07,1567659756,8800.19,51.45737798,7.42127350,153.18,29.32,0.00,336.53,0,-98.00,-12.00,0.00,0.00,43.00,0.00,0,480
428.08,1567659757,8829.53,51.45761535,7.42109902,152.88,29.39,0.00,335.91,0,-95.00,-9.00,0.00,0.00,45.00,0.00,0,375
428.08,1567659757,8829.53,51.45761535,7.42109902,152.88,29.39,0.00,335.91,0,-97.00,-10.00,0.00,0.00,45.00,0.00,0,233
428.08,1567659757,8829.56,51.45761535,7.42109902,152.88,29.39,0.00,335.91,0,-97.00,-12.00,0.00,0.00,43.00,0.00,0,436
428.08,1567659757,8829.56,51.45761535,7.42109902,152.88,29.39,0.00,335.91,0,-98.00,-12.00,0.00,0.00,43.00,0.00,0,480
429.08,1567659758,8858.92,51.45761535,7.42109902,152.88,29.39,0.00,335.91,0,-95.00,-9.00,0.00,0.00,45.00,0.00,0,375
429.08,1567659758,8858.95,51.45761535,7.42109902,152.88,29.39,0.00,335.91,0,-98.00,-10.00,0.00,0.00,44.00,0.00,0,233
429.08,1567659758,8858.98,51.45761535,7.42109902,152.88,29.39,0.00,335.91,0,-93.00,-9.00,0.00,0.00,44.00,0.00,0,38
429.08,1567659758,8859.01,51.45761535,7.42109902,152.88,29.39,0.00,335.91,0,-93.00,-9.00,0.00,0.00,44.00,0.00,0,436
430.07,1567659759,8888.19,51.45785026,7.42091504,152.68,29.43,0.00,334.26,0,-95.00,-9.00,0.00,0.00,45.00,0.00,0,375
430.07,1567659759,8888.22,51.45785026,7.42091504,152.68,29.43,0.00,334.26,0,-98.00,-10.00,0.00,0.00,44.00,0.00,0,233
430.07,1567659759,8888.22,51.45785026,7.42091504,152.68,29.43,0.00,334.26,0,-93.00,-9.00,0.00,0.00,44.00,0.00,0,38
430.07,1567659759,8888.25,51.45785026,7.42091504,152.68,29.43,0.00,334.26,0,-93.00,-9.00,0.00,0.00,44.00,0.00,0,436
431.07,1567659760,8917.65,51.45832362,7.42053553,152.25,29.22,0.00,333.16,0,-94.00,-9.00,0.00,0.00,46.00,0.00,0,375
431.07,1567659760,8917.68,51.45832362,7.42053553,152.25,29.22,0.00,333.16,0,-92.00,-9.00,0.00,0.00,46.00,0.00,0,38
431.07,1567659760,8917.68,51.45832362,7.42053553,152.25,29.22,0.00,333.16,0,-95.00,-11.00,0.00,0.00,46.00,0.00,0,436
432.07,1567659761,8946.83,51.45854982,7.42033947,152.11,28.49,0.00,332.14,0,-94.00,-9.00,0.00,0.00,46.00,0.00,0,375
432.07,1567659761,8946.83,51.45854982,7.42033947,152.11,28.49,0.00,332.14,0,-92.00,-9.00,0.00,0.00,46.00,0.00,0,38
432.07,1567659761,8946.83,51.45854982,7.42033947,152.11,28.49,0.00,332.14,0,-95.00,-11.00,0.00,0.00,46.00,0.00,0,436
435.07,1567659764,9031.71,51.45899949,7.41994367,151.88,28.15,0.00,330.37,0,-90.00,-10.00,0.00,0.00,52.00,0.00,0,348
436.07,1567659765,9059.86,51.45921737,7.41974751,151.76,28.05,0.00,329.67,0,-90.00,-10.00,0.00,0.00,52.00,0.00,0,348
437.07,1567659766,9087.93,51.45943699,7.41954116,152.20,28.15,0.00,328.73,0,-82.00,-8.00,0.00,0.00,58.00,0.00,0,348
437.07,1567659766,9087.93,51.45943699,7.41954116,152.20,28.15,0.00,328.73,0,-84.00,-9.00,0.00,0.00,57.00,0.00,0,233
437.07,1567659766,9087.93,51.45943699,7.41954116,152.20,28.15,0.00,328.73,0,-84.00,-10.00,0.00,0.00,56.00,0.00,0,436
438.07,1567659767,9116.07,51.45964845,7.41932891,152.76,28.33,0.00,327.65,0,-82.00,-8.00,0.00,0.00,58.00,0.00,0,348
438.07,1567659767,9116.07,51.45964845,7.41932891,152.76,28.33,0.00,327.65,0,-84.00,-9.00,0.00,0.00,57.00,0.00,0,233
438.07,1567659767,9116.10,51.45964845,7.41932891,152.76,28.33,0.00,327.65,0,-84.00,-10.00,0.00,0.00,56.00,0.00,0,436
439.07,1567659768,9144.46,51.46006340,7.41711850,153.36,28.24,0.00,327.27,0,-84.00,-8.00,0.00,0.00,53.00,0.00,0,436
440.07,1567659769,9172.67,51.46007825,7.41889444,153.86,28.56,0.00,326.68,0,-84.00,-8.00,0.00,0.00,53.00,0.00,0,436
443.07,1567659772,9259.86,51.46073560,7.41820632,154.55,30.05,0.00,326.50,0,-81.00,-8.00,0.00,0.00,55.00,0.00,0,436
444.07,1567659773,9289.91,51.46096047,7.41796741,154.74,30.49,0.00,325.74,0,-81.00,-8.00,0.00,0.00,55.00,0.00,0,436
445.07,1567659774,9320.40,51.46118143,7.41770996,154.96,30.36,0.00,323.95,0,-85.00,-16.00,0.00,0.00,63.00,0.00,0,233
446.07,1567659775,9350.77,51.46139853,7.41743618,155.29,30.40,0.00,321.72,0,-85.00,-16.00,0.00,0.00,63.00,0.00,0,233
454.07,1567659783,9593.45,51.46321306,7.41476952,156.75,30.77,0.00,313.39,0,-91.00,-16.00,0.00,0.00,58.00,0.00,0,233
454.07,1567659783,9593.45,51.46321306,7.41476952,156.75,30.77,0.00,313.39,0,-85.00,-8.00,0.00,0.00,59.00,0.00,0,343
455.07,1567659784,9624.13,51.46340209,7.41444170,156.88,30.30,0.00,312.73,0,-91.00,-16.00,0.00,0.00,58.00,0.00,0,233
455.07,1567659784,9624.16,51.46340209,7.41444170,156.88,30.30,0.00,312.73,0,-85.00,-8.00,0.00,0.00,59.00,0.00,0,343
458.08,1567659787,9714.83,51.46376063,7.41378772,157.10,30.10,0.00,311.07,0,-98.00,-9.00,0.00,0.00,42.00,0.00,0,233
458.08,1567659787,9714.83,51.46376063,7.41378772,157.10,30.10,0.00,311.07,0,-97.00,-9.00,0.00,0.00,41.00,0.00,0,436
459.07,1567659788,9744.74,51.46411789,7.41312381,156.95,30.26,0.00,310.19,0,-98.00,-9.00,0.00,0.00,42.00,0.00,0,233
459.07,1567659788,9744.77,51.46411789,7.41312381,156.95,30.26,0.00,310.19,0,-97.00,-9.00,0.00,0.00,41.00,0.00,0,436
460.07,1567659789,9775.00,51.46411789,7.41312381,156.95,30.26,0.00,310.19,0,-95.00,-9.00,0.00,0.00,47.00,0.00,0,233
460.07,1567659789,9775.00,51.46411789,7.41312381,156.95,30.26,0.00,310.19,0,-97.00,-13.00,0.00,0.00,48.00,0.00,0,97
460.07,1567659789,9775.03,51.46411789,7.41312381,156.95,30.26,0.00,310.19,0,-94.00,-8.00,0.00,0.00,42.00,0.00,0,57
460.07,1567659789,9775.03,51.46411789,7.41312381,156.95,30.26,0.00,310.19,0,-99.00,-10.00,0.00,0.00,40.00,0.00,0,436
461.07,1567659790,9805.27,51.46429469,7.41278450,156.95,30.35,0.00,309.91,0,-95.00,-9.00,0.00,0.00,47.00,0.00,0,233
461.07,1567659790,9805.30,51.46429469,7.41278450,156.95,30.35,0.00,309.91,0,-97.00,-13.00,0.00,0.00,48.00,0.00,0,97
461.07,1567659790,9805.30,51.46429469,7.41278450,156.95,30.35,0.00,309.91,0,-94.00,-8.00,0.00,0.00,42.00,0.00,0,57
461.07,1567659790,9805.30,51.46429469,7.41278450,156.95,30.35,0.00,309.91,0,-99.00,-10.00,0.00,0.00,40.00,0.00,0,436
462.07,1567659791,9835.59,51.46446797,7.41245143,156.98,30.25,0.00,309.59,0,-83.00,-13.00,0.00,0.00,58.00,0.00,0,36
463.07,1567659792,9865.84,51.46463886,7.41211275,157.03,30.18,0.00,308.94,0,-83.00,-13.00,0.00,0.00,58.00,0.00,0,36
464.07,1567659793,9896.05,51.46480855,7.41177269,157.20,30.20,0.00,308.41,0,-95.00,-9.00,0.00,0.00,46.00,0.00,0,376
464.07,1567659793,9896.05,51.46480855,7.41177269,157.20,30.20,0.00,308.41,0,-99.00,-9.00,0.00,0.00,43.00,0.00,0,233
464.07,1567659793,9896.08,51.46480855,7.41177269,157.20,30.20,0.00,308.41,0,-95.00,-8.00,0.00,0.00,44.00,0.00,0,36
465.07,1567659794,9926.22,51.46515020,7.41109236,157.14,30.20,0.00,308.26,0,-95.00,-9.00,0.00,0.00,46.00,0.00,0,376
465.07,1567659794,9926.25,51.46515020,7.41109236,157.14,30.20,0.00,308.26,0,-99.00,-9.00,0.00,0.00,43.00,0.00,0,233
465.07,1567659794,9926.25,51.46515020,7.41109236,157.14,30.20,0.00,308.26,0,-95.00,-8.00,0.00,0.00,44.00,0.00,0,36
466.07,1567659795,9956.51,51.46531813,7.41075985,157.05,30.13,0.00,308.10,0,-100.00,-13.00,0.00,0.00,40.00,0.00,0,38
466.07,1567659795,9956.54,51.46531813,7.41075985,157.05,30.13,0.00,308.10,0,-102.00,-12.00,0.00,0.00,38.00,0.00,0,57
467.07,1567659796,9986.58,51.46531813,7.41075985,157.05,30.13,0.00,308.10,0,-100.00,-13.00,0.00,0.00,40.00,0.00,0,38
467.07,1567659796,9986.58,51.46531813,7.41075985,157.05,30.13,0.00,308.10,0,-102.00,-12.00,0.00,0.00,38.00,0.00,0,57
468.08,1567659797,10016.84,51.46548473,7.41043124,157.17,30.18,0.00,307.94,0,-103.00,-13.00,0.00,0.00,39.00,0.00,0,57
469.07,1567659798,10046.84,51.46581761,7.40974438,157.47,30.41,0.00,308.03,0,-103.00,-13.00,0.00,0.00,39.00,0.00,0,57
470.07,1567659799,10077.34,51.46598481,7.40939683,157.77,30.65,0.00,307.91,0,-103.00,-13.00,0.00,0.00,39.00,0.00,0,57
475.07,1567659804,10231.49,51.46667488,7.40799903,159.21,31.08,0.00,308.82,0,-97.00,-10.00,0.00,0.00,45.00,0.00,0,453
475.07,1567659804,10231.49,51.46667488,7.40799903,159.21,31.08,0.00,308.82,0,-100.00,-14.00,0.00,0.00,47.00,0.00,0,249
476.08,1567659805,10262.72,51.46685181,7.40765015,159.47,31.17,0.00,308.91,0,-97.00,-10.00,0.00,0.00,45.00,0.00,0,453
476.08,1567659805,10262.75,51.46685181,7.40765015,159.47,31.17,0.00,308.91,0,-100.00,-14.00,0.00,0.00,47.00,0.00,0,249
477.07,1567659806,10293.74,51.46702785,7.40729958,159.85,31.30,0.00,309.05,0,-91.00,-10.00,0.00,0.00,48.00,0.00,0,412
478.07,1567659807,10325.03,51.46720425,7.40694852,160.27,31.20,0.00,309.40,0,-91.00,-10.00,0.00,0.00,48.00,0.00,0,412
487.07,1567659816,10579.54,51.46885349,7.40392146,163.63,25.61,0.00,313.17,0,-92.00,-10.00,0.00,0.00,50.00,0.00,0,49
488.07,1567659817,10605.08,51.46885349,7.40392146,163.63,25.61,0.00,313.17,0,-92.00,-10.00,0.00,0.00,50.00,0.00,0,49
489.07,1567659818,10630.69,51.46901120,7.40364837,164.07,25.51,0.00,313.50,0,-88.00,-8.00,0.00,0.00,52.00,0.00,0,49
490.07,1567659819,10656.20,51.46916995,7.40337600,164.65,25.05,0.00,313.43,0,-88.00,-8.00,0.00,0.00,52.00,0.00,0,49
496.07,1567659825,10807.24,51.47011043,7.40181540,165.53,25.72,0.00,315.59,0,-89.00,-5.00,0.00,0.00,48.00,0.00,0,233
496.07,1567659825,10807.24,51.47011043,7.40181540,165.53,25.72,0.00,315.59,0,-95.00,-15.00,0.00,0.00,47.00,0.00,0,249
497.07,1567659826,10833.01,51.47027520,7.40155569,165.42,25.88,0.00,315.43,0,-89.00,-5.00,0.00,0.00,48.00,0.00,0,233
497.07,1567659826,10833.01,51.47027520,7.40155569,165.42,25.88,0.00,315.43,0,-95.00,-15.00,0.00,0.00,47.00,0.00,0,249
500.07,1567659829,10911.39,51.47077324,7.40076311,165.84,26.19,0.00,316.35,0,-96.00,-8.00,0.00,0.00,44.00,0.00,0,233
501.07,1567659830,10937.65,51.47094387,7.40050688,165.98,25.71,0.00,316.85,0,-96.00,-8.00,0.00,0.00,44.00,0.00,0,233
506.07,1567659835,11064.82,51.47177994,7.39926659,166.85,25.42,0.00,318.10,0,-95.00,-13.00,0.00,0.00,51.00,0.00,0,233
507.07,1567659836,11090.19,51.47194968,7.39902332,166.92,25.48,0.00,318.48,0,-95.00,-13.00,0.00,0.00,51.00,0.00,0,233
508.07,1567659837,11115.72,51.47212146,7.39877871,167.06,25.84,0.00,318.89,0,-95.00,-11.00,0.00,0.00,49.00,0.00,0,233
509.07,1567659838,11141.59,51.47229500,7.39853248,167.22,25.96,0.00,318.81,0,-95.00,-11.00,0.00,0.00,49.00,0.00,0,233
517.08,1567659846,11350.55,51.47374431,7.39660555,171.53,25.34,0.00,321.40,0,-88.00,-6.00,0.00,0.00,49.00,0.00,0,233
517.08,1567659846,11350.55,51.47374431,7.39660555,171.53,25.34,0.00,321.40,0,-102.00,-18.00,0.00,0.00,47.00,0.00,0,249
518.07,1567659847,11375.81,51.47392256,7.39638549,172.33,24.91,0.00,322.14,0,-88.00,-6.00,0.00,0.00,49.00,0.00,0,233
518.07,1567659847,11375.81,51.47392256,7.39638549,172.33,24.91,0.00,322.14,0,-102.00,-18.00,0.00,0.00,47.00,0.00,0,249
519.07,1567659848,11400.77,51.44824770,7.43168300,173.12,24.93,0.00,322.93,0,-93.00,-12.00,0.00,0.00,50.00,0.00,0,49
520.07,1567659849,11425.64,51.47427879,7.39594489,174.04,24.89,0.00,322.87,0,-93.00,-12.00,0.00,0.00,50.00,0.00,0,49
523.07,1567659852,11500.37,51.47483220,7.39533250,176.55,25.04,0.00,326.11,0,-91.00,-8.00,0.00,0.00,49.00,0.00,0,49
524.07,1567659853,11525.46,51.47521354,7.39495271,177.53,24.43,0.00,328.68,0,-91.00,-8.00,0.00,0.00,49.00,0.00,0,49
525.08,1567659854,11549.97,51.47540218,7.39476890,178.02,24.14,0.00,329.50,0,-91.00,-14.00,0.00,0.00,55.00,0.00,0,48
526.08,1567659855,11574.13,51.47558477,7.39459395,178.58,23.70,0.00,329.32,0,-91.00,-14.00,0.00,0.00,55.00,0.00,0,48
527.07,1567659856,11597.74,51.47577206,7.39442429,178.78,23.56,0.00,330.04,0,-87.00,-14.00,0.00,0.00,58.00,0.00,0,48
528.07,1567659857,11621.32,51.47595844,7.39425047,178.97,23.55,0.00,330.16,0,-87.00,-14.00,0.00,0.00,58.00,0.00,0,48
531.07,1567659860,11692.24,51.47652583,7.39376273,179.53,23.56,0.00,333.55,0,-79.00,-11.00,0.00,0.00,63.00,0.00,0,48
532.07,1567659861,11715.78,51.47671930,7.39361723,179.78,23.65,0.00,335.22,0,-79.00,-11.00,0.00,0.00,63.00,0.00,0,48
533.08,1567659862,11739.62,51.47690946,7.39347573,180.08,23.31,0.00,335.94,0,-77.00,-12.00,0.00,0.00,63.00,0.00,0,481
534.07,1567659863,11762.76,51.47690946,7.39347573,180.08,23.31,0.00,335.94,0,-77.00,-12.00,0.00,0.00,63.00,0.00,0,481
535.07,1567659864,11786.09,51.47709549,7.39334501,180.34,22.17,0.00,336.47,0,-77.00,-12.00,0.00,0.00,63.00,0.00,0,481
536.07,1567659865,11808.21,51.47727209,7.39323992,180.59,20.27,0.00,340.26,0,-84.00,-9.00,0.00,0.00,53.00,0.00,0,481
537.07,1567659866,11828.50,51.47744974,7.39315025,180.72,19.20,0.00,343.34,0,-84.00,-9.00,0.00,0.00,53.00,0.00,0,481
538.07,1567659867,11847.69,51.47760574,7.39308561,180.57,19.04,0.00,344.93,0,-84.00,-8.00,0.00,0.00,56.00,0.00,0,48
538.07,1567659867,11847.69,51.47760574,7.39308561,180.57,19.04,0.00,344.93,0,-84.00,-10.00,0.00,0.00,55.00,0.00,0,481
539.07,1567659868,11866.73,51.47071220,7.40012480,180.24,18.28,0.00,347.98,0,-84.00,-8.00,0.00,0.00,56.00,0.00,0,48
539.07,1567659868,11866.73,51.47071220,7.40012480,180.24,18.28,0.00,347.98,0,-84.00,-10.00,0.00,0.00,55.00,0.00,0,481
540.07,1567659869,11885.06,51.47793919,7.39304364,180.13,17.50,0.00,3.39,0,-78.00,-7.00,0.00,0.00,60.00,0.00,0,48
540.07,1567659869,11885.06,51.47793919,7.39304364,180.13,17.50,0.00,3.39,0,-78.00,-7.00,0.00,0.00,57.00,0.00,0,481
541.07,1567659870,11902.52,51.47809125,7.39305643,180.19,16.27,0.00,4.02,0,-78.00,-7.00,0.00,0.00,60.00,0.00,0,48
541.07,1567659870,11902.52,51.47809125,7.39305643,180.19,16.27,0.00,4.02,0,-78.00,-7.00,0.00,0.00,57.00,0.00,0,481
542.07,1567659871,11918.78,51.47823596,7.39308963,180.54,16.39,0.00,7.01,0,-86.00,-10.00,0.00,0.00,53.00,0.00,0,480
543.07,1567659872,11935.18,51.47837950,7.39313635,180.78,16.12,0.00,10.01,0,-86.00,-10.00,0.00,0.00,53.00,0.00,0,480
552.07,1567659881,12062.93,51.47952074,7.39375603,182.76,13.45,0.00,344.76,0,-94.00,-10.00,0.00,0.00,44.00,0.00,0,480
553.07,1567659882,12076.40,51.47962744,7.39369522,183.46,13.68,0.00,341.61,0,-94.00,-10.00,0.00,0.00,44.00,0.00,0,480
554.08,1567659883,12090.15,51.47972554,7.39362957,184.10,12.92,0.00,339.00,0,-95.00,-6.00,0.00,0.00,42.00,0.00,0,357
554.08,1567659883,12090.16,51.47972554,7.39362957,184.10,12.92,0.00,339.00,0,-96.00,-6.00,0.00,0.00,39.00,0.00,0,46
555.08,1567659884,12103.07,51.47972554,7.39362957,184.10,12.92,0.00,339.00,0,-95.00,-6.00,0.00,0.00,42.00,0.00,0,357
555.08,1567659884,12103.07,51.47972554,7.39362957,184.10,12.92,0.00,339.00,0,-96.00,-6.00,0.00,0.00,39.00,0.00,0,46
556.07,1567659885,12115.90,51.47992185,7.39350573,185.51,9.88,0.00,340.21,0,-95.00,-6.00,0.00,0.00,42.00,0.00,0,357
556.07,1567659885,12115.91,51.47992185,7.39350573,185.51,9.88,0.00,340.21,0,-96.00,-6.00,0.00,0.00,39.00,0.00,0,46
559.07,1567659888,12145.38,51.48236370,7.39858700,187.13,9.83,0.00,358.25,0,-94.00,-7.00,0.00,0.00,44.00,0.00,0,357
560.07,1567659889,12155.21,51.48016797,7.39347417,187.69,10.16,0.00,12.30,0,-94.00,-7.00,0.00,0.00,44.00,0.00,0,357
567.08,1567659896,12242.73,51.48071501,7.39472232,188.37,17.31,0.00,59.89,0,-92.00,-8.00,0.00,0.00,47.00,0.00,0,453
567.08,1567659896,12242.75,51.48071501,7.39472232,188.37,17.31,0.00,59.89,0,-92.00,-8.00,0.00,0.00,47.00,0.00,0,357
568.07,1567659897,12259.97,51.48071501,7.39472232,188.37,17.31,0.00,59.89,0,-92.00,-8.00,0.00,0.00,47.00,0.00,0,453
568.07,1567659897,12259.97,51.48071501,7.39472232,188.37,17.31,0.00,59.89,0,-92.00,-8.00,0.00,0.00,47.00,0.00,0,357
575.08,1567659904,12384.53,51.48134248,7.39649459,186.60,16.80,0.00,59.22,0,-95.00,-9.00,0.00,0.00,44.00,0.00,0,453
575.08,1567659904,12384.53,51.48134248,7.39649459,186.60,16.80,0.00,59.22,0,-99.00,-12.00,0.00,0.00,44.00,0.00,0,357
576.07,1567659905,12401.19,51.48134248,7.39649459,186.60,16.80,0.00,59.22,0,-95.00,-9.00,0.00,0.00,44.00,0.00,0,453
576.07,1567659905,12401.21,51.48134248,7.39649459,186.60,16.80,0.00,59.22,0,-99.00,-12.00,0.00,0.00,44.00,0.00,0,357
577.07,1567659906,12418.01,51.48150248,7.39689389,186.59,16.00,0.00,57.00,0,-95.00,-9.00,0.00,0.00,44.00,0.00,0,453
577.07,1567659906,12418.01,51.48150248,7.39689389,186.59,16.00,0.00,57.00,0,-99.00,-12.00,0.00,0.00,44.00,0.00,0,357
580.07,1567659909,12465.27,51.48171822,7.39743305,186.77,13.66,0.00,55.41,0,-97.00,-11.00,0.00,0.00,45.00,0.00,0,453
581.07,1567659910,12478.93,51.48171822,7.39743305,186.77,13.66,0.00,55.41,0,-97.00,-11.00,0.00,0.00,45.00,0.00,0,453
613.07,1567659942,12634.90,51.48284521,7.39920816,187.39,10.99,0.00,34.72,0,-89.00,-6.00,0.00,0.00,45.00,0.00,0,46
614.07,1567659943,12645.90,51.48293911,7.39929980,187.64,11.52,0.00,33.40,0,-89.00,-6.00,0.00,0.00,45.00,0.00,0,46
615.07,1567659944,12657.44,51.48302993,7.39938590,187.77,12.15,0.00,33.55,0,-98.00,-7.00,0.00,0.00,41.00,0.00,0,357
616.07,1567659945,12669.57,51.48312110,7.39947668,187.82,12.85,0.00,32.75,0,-98.00,-7.00,0.00,0.00,41.00,0.00,0,357
620.07,1567659949,12724.57,51.48365173,7.40001494,188.52,14.92,0.00,35.39,0,-100.00,-8.00,0.00,0.00,39.00,0.00,0,357
620.07,1567659949,12724.58,51.48365173,7.40001494,188.52,14.92,0.00,35.39,0,-100.00,-7.00,0.00,0.00,36.00,0.00,0,46
621.07,1567659950,12739.55,51.48376589,7.40014944,188.63,14.95,0.00,35.93,0,-100.00,-8.00,0.00,0.00,39.00,0.00,0,357
621.08,1567659950,12739.56,51.48376589,7.40014944,188.63,14.95,0.00,35.93,0,-100.00,-7.00,0.00,0.00,36.00,0.00,0,46
622.07,1567659951,12754.47,51.48387427,7.40028197,188.71,14.57,0.00,36.17,0,-103.00,-9.00,0.00,0.00,37.00,0.00,0,48
623.07,1567659952,12769.01,51.48387427,7.40028197,188.71,14.57,0.00,36.17,0,-103.00,-9.00,0.00,0.00,37.00,0.00,0,48
624.07,1567659953,12783.58,51.48397579,7.40040592,188.61,14.39,0.00,36.57,0,-102.00,-9.00,0.00,0.00,38.00,0.00,0,48
625.07,1567659954,12797.98,51.48407234,7.40052582,188.32,14.18,0.00,37.30,0,-102.00,-9.00,0.00,0.00,38.00,0.00,0,48
628.07,1567659957,12838.77,51.48435253,7.40088512,188.23,12.28,0.00,39.69,0,-104.00,-12.00,0.00,0.00,36.00,0.00,0,246
629.07,1567659958,12851.05,51.48443801,7.40100696,188.12,11.32,0.00,41.13,0,-104.00,-12.00,0.00,0.00,36.00,0.00,0,246
630.07,1567659959,12862.39,51.48451943,7.40112712,187.92,11.32,0.00,42.02,0,-104.00,-11.00,0.00,0.00,37.00,0.00,0,372
630.07,1567659959,12862.39,51.48451943,7.40112712,187.92,11.32,0.00,42.02,0,-108.00,-11.00,0.00,0.00,34.00,0.00,0,48
630.07,1567659959,12862.39,51.48451943,7.40112712,187.92,11.32,0.00,42.02,0,-102.00,-9.00,0.00,0.00,36.00,0.00,0,246
631.07,1567659960,12873.71,51.48459630,7.40124287,187.77,11.15,0.00,42.23,0,-104.00,-11.00,0.00,0.00,37.00,0.00,0,372
631.07,1567659960,12873.71,51.48459630,7.40124287,187.77,11.15,0.00,42.23,0,-108.00,-11.00,0.00,0.00,34.00,0.00,0,48
631.07,1567659960,12873.71,51.48459630,7.40124287,187.77,11.15,0.00,42.23,0,-102.00,-9.00,0.00,0.00,36.00,0.00,0,246
632.07,1567659961,12884.85,51.48467008,7.40135262,187.66,10.64,0.00,43.18,0,-106.00,-13.00,0.00,0.00,38.00,0.00,0,167
632.07,1567659961,12884.85,51.48467008,7.40135262,187.66,10.64,0.00,43.18,0,-108.00,-12.00,0.00,0.00,35.00,0.00,0,48
632.07,1567659961,12884.86,51.48467008,7.40135262,187.66,10.64,0.00,43.18,0,-106.00,-11.00,0.00,0.00,33.00,0.00,0,481
632.07,1567659961,12884.86,51.48467008,7.40135262,187.66,10.64,0.00,43.18,0,-106.00,-12.00,0.00,0.00,34.00,0.00,0,243
633.07,1567659962,12895.49,51.48473820,7.40146303,187.36,10.30,0.00,44.67,0,-106.00,-13.00,0.00,0.00,38.00,0.00,0,167
633.07,1567659962,12895.49,51.48473820,7.40146303,187.36,10.30,0.00,44.67,0,-108.00,-12.00,0.00,0.00,35.00,0.00,0,48
633.07,1567659962,12895.49,51.48473820,7.40146303,187.36,10.30,0.00,44.67,0,-106.00,-11.00,0.00,0.00,33.00,0.00,0,481
633.07,1567659962,12895.50,51.48473820,7.40146303,187.36,10.30,0.00,44.67,0,-106.00,-12.00,0.00,0.00,34.00,0.00,0,243
634.08,1567659963,12905.82,51.48480402,7.40157359,187.20,11.06,0.00,45.45,0,-108.00,-12.00,0.00,0.00,36.00,0.00,0,167
634.08,1567659963,12905.84,51.48480402,7.40157359,187.20,11.06,0.00,45.45,0,-104.00,-10.00,0.00,0.00,35.00,0.00,0,243
634.08,1567659963,12905.85,51.48480402,7.40157359,187.20,11.06,0.00,45.45,0,-107.00,-13.00,0.00,0.00,34.00,0.00,0,246
635.08,1567659964,12916.90,51.48493910,7.40181752,186.79,12.42,0.00,46.25,0,-108.00,-12.00,0.00,0.00,36.00,0.00,0,167
635.08,1567659964,12916.91,51.48493910,7.40181752,186.79,12.42,0.00,46.25,0,-104.00,-10.00,0.00,0.00,35.00,0.00,0,243
635.08,1567659964,12916.92,51.48493910,7.40181752,186.79,12.42,0.00,46.25,0,-107.00,-13.00,0.00,0.00,34.00,0.00,0,246
636.07,1567659965,12929.27,51.48493910,7.40181752,186.79,12.42,0.00,46.25,0,-105.00,-10.00,0.00,0.00,36.00,0.00,0,372
636.07,1567659965,12929.27,51.48493910,7.40181752,186.79,12.42,0.00,46.25,0,-107.00,-10.00,0.00,0.00,34.00,0.00,0,48
636.07,1567659965,12929.29,51.48493910,7.40181752,186.79,12.42,0.00,46.25,0,-104.00,-10.00,0.00,0.00,35.00,0.00,0,246
637.07,1567659966,12941.70,51.48507618,7.40207327,186.55,12.86,0.00,47.52,0,-105.00,-10.00,0.00,0.00,36.00,0.00,0,372
637.07,1567659966,12941.70,51.48507618,7.40207327,186.55,12.86,0.00,47.52,0,-107.00,-10.00,0.00,0.00,34.00,0.00,0,48
637.07,1567659966,12941.71,51.48507618,7.40207327,186.55,12.86,0.00,47.52,0,-104.00,-10.00,0.00,0.00,35.00,0.00,0,246
638.08,1567659967,12954.62,51.48507618,7.40207327,186.55,12.86,0.00,47.52,0,-106.00,-11.00,0.00,0.00,38.00,0.00,0,372
638.08,1567659967,12954.63,51.48507618,7.40207327,186.55,12.86,0.00,47.52,0,-108.00,-14.00,0.00,0.00,38.00,0.00,0,167
638.08,1567659967,12954.63,51.48507618,7.40207327,186.55,12.86,0.00,47.52,0,-100.00,-10.00,0.00,0.00,38.00,0.00,0,246
638.08,1567659967,12954.63,51.48507618,7.40207327,186.55,12.86,0.00,47.52,0,-105.00,-12.00,0.00,0.00,37.00,0.00,0,243
639.07,1567659968,12967.42,51.48132020,7.40464160,186.23,13.27,0.00,47.88,0,-106.00,-11.00,0.00,0.00,38.00,0.00,0,372
639.07,1567659968,12967.43,51.48132020,7.40464160,186.23,13.27,0.00,47.88,0,-108.00,-14.00,0.00,0.00,38.00,0.00,0,167
639.07,1567659968,12967.43,51.48132020,7.40464160,186.23,13.27,0.00,47.88,0,-100.00,-10.00,0.00,0.00,38.00,0.00,0,246
639.07,1567659968,12967.43,51.48132020,7.40464160,186.23,13.27,0.00,47.88,0,-105.00,-12.00,0.00,0.00,37.00,0.00,0,243
640.07,1567659969,12980.69,51.48524296,7.40237190,185.77,13.91,0.00,48.46,0,-106.00,-11.00,0.00,0.00,38.00,0.00,0,372
640.07,1567659969,12980.71,51.48524296,7.40237190,185.77,13.91,0.00,48.46,0,-108.00,-14.00,0.00,0.00,38.00,0.00,0,167
640.07,1567659969,12980.71,51.48524296,7.40237190,185.77,13.91,0.00,48.46,0,-100.00,-10.00,0.00,0.00,38.00,0.00,0,246
640.07,1567659969,12980.71,51.48524296,7.40237190,185.77,13.91,0.00,48.46,0,-105.00,-12.00,0.00,0.00,37.00,0.00,0,243
641.07,1567659970,12994.60,51.48533306,7.40253337,185.22,13.97,0.00,48.91,0,-105.00,-9.00,0.00,0.00,34.00,0.00,0,48
641.07,1567659970,12994.62,51.48533306,7.40253337,185.22,13.97,0.00,48.91,0,-108.00,-12.00,0.00,0.00,35.00,0.00,0,372
641.07,1567659970,12994.62,51.48533306,7.40253337,185.22,13.97,0.00,48.91,0,-109.00,-13.00,0.00,0.00,36.00,0.00,0,167
641.07,1567659970,12994.62,51.48533306,7.40253337,185.22,13.97,0.00,48.91,0,-102.00,-10.00,0.00,0.00,36.00,0.00,0,246
642.07,1567659971,13008.57,51.48541753,7.40268865,184.81,14.24,0.00,49.26,0,-105.00,-9.00,0.00,0.00,34.00,0.00,0,48
642.07,1567659971,13008.57,51.48541753,7.40268865,184.81,14.24,0.00,49.26,0,-108.00,-12.00,0.00,0.00,35.00,0.00,0,372
642.07,1567659971,13008.57,51.48541753,7.40268865,184.81,14.24,0.00,49.26,0,-109.00,-13.00,0.00,0.00,36.00,0.00,0,167
642.07,1567659971,13008.59,51.48541753,7.40268865,184.81,14.24,0.00,49.26,0,-102.00,-10.00,0.00,0.00,36.00,0.00,0,246
643.07,1567659972,13022.83,51.48559178,7.40302481,183.87,14.86,0.00,50.07,0,-104.00,-8.00,0.00,0.00,36.00,0.00,0,48
643.07,1567659972,13022.83,51.48559178,7.40302481,183.87,14.86,0.00,50.07,0,-106.00,-12.00,0.00,0.00,37.00,0.00,0,167
643.07,1567659972,13022.83,51.48559178,7.40302481,183.87,14.86,0.00,50.07,0,-104.00,-9.00,0.00,0.00,34.00,0.00,0,481
643.07,1567659972,13022.85,51.48559178,7.40302481,183.87,14.86,0.00,50.07,0,-104.00,-11.00,0.00,0.00,35.00,0.00,0,243
644.07,1567659973,13037.66,51.48567643,7.40319279,183.27,14.99,0.00,50.45,0,-104.00,-8.00,0.00,0.00,36.00,0.00,0,48
644.07,1567659973,13037.66,51.48567643,7.40319279,183.27,14.99,0.00,50.45,0,-106.00,-12.00,0.00,0.00,37.00,0.00,0,167
644.07,1567659973,13037.66,51.48567643,7.40319279,183.27,14.99,0.00,50.45,0,-104.00,-9.00,0.00,0.00,34.00,0.00,0,481
644.07,1567659973,13037.68,51.48567643,7.40319279,183.27,14.99,0.00,50.45,0,-104.00,-11.00,0.00,0.00,35.00,0.00,0,243
645.07,1567659974,13052.67,51.48575086,7.40335344,182.74,14.83,0.00,51.82,0,-102.00,-10.00,0.00,0.00,40.00,0.00,0,167
645.07,1567659974,13052.67,51.48575086,7.40335344,182.74,14.83,0.00,51.82,0,-102.00,-9.00,0.00,0.00,39.00,0.00,0,48
645.07,1567659974,13052.68,51.48575086,7.40335344,182.74,14.83,0.00,51.82,0,-102.00,-9.00,0.00,0.00,36.00,0.00,0,481
645.07,1567659974,13052.68,51.48575086,7.40335344,182.74,14.83,0.00,51.82,0,-102.00,-10.00,0.00,0.00,37.00,0.00,0,243
646.07,1567659975,13067.49,51.48575086,7.40335344,182.74,14.83,0.00,51.82,0,-102.00,-10.00,0.00,0.00,40.00,0.00,0,167
646.07,1567659975,13067.50,51.48575086,7.40335344,182.74,14.83,0.00,51.82,0,-102.00,-9.00,0.00,0.00,39.00,0.00,0,48
646.07,1567659975,13067.50,51.48575086,7.40335344,182.74,14.83,0.00,51.82,0,-102.00,-9.00,0.00,0.00,36.00,0.00,0,481
646.07,1567659975,13067.50,51.48575086,7.40335344,182.74,14.83,0.00,51.82,0,-102.00,-10.00,0.00,0.00,37.00,0.00,0,243
647.07,1567659976,13082.35,51.48582564,7.40352265,182.25,15.02,0.00,52.79,0,-102.00,-9.00,0.00,0.00,39.00,0.00,0,167
647.07,1567659976,13082.35,51.48582564,7.40352265,182.25,15.02,0.00,52.79,0,-103.00,-10.00,0.00,0.00,36.00,0.00,0,243
647.07,1567659976,13082.35,51.48582564,7.40352265,182.25,15.02,0.00,52.79,0,-105.00,-10.00,0.00,0.00,34.00,0.00,0,481
648.07,1567659977,13097.34,51.48589985,7.40370072,181.71,15.15,0.00,53.54,0,-102.00,-9.00,0.00,0.00,39.00,0.00,0,167
648.07,1567659977,13097.35,51.48589985,7.40370072,181.71,15.15,0.00,53.54,0,-103.00,-10.00,0.00,0.00,36.00,0.00,0,243
648.07,1567659977,13097.35,51.48589985,7.40370072,181.71,15.15,0.00,53.54,0,-105.00,-10.00,0.00,0.00,34.00,0.00,0,481
649.07,1567659978,13112.51,51.48597721,7.40388233,181.22,15.12,0.00,54.33,0,-106.00,-11.00,0.00,0.00,36.00,0.00,0,359
649.07,1567659978,13112.51,51.48597721,7.40388233,181.22,15.12,0.00,54.33,0,-107.00,-10.00,0.00,0.00,34.00,0.00,0,93
650.07,1567659979,13127.60,51.48605165,7.40406423,180.83,15.04,0.00,55.12,0,-106.00,-11.00,0.00,0.00,36.00,0.00,0,359
650.07,1567659979,13127.60,51.48605165,7.40406423,180.83,15.04,0.00,55.12,0,-107.00,-10.00,0.00,0.00,34.00,0.00,0,93
651.07,1567659980,13142.64,51.48612226,7.40423443,180.91,14.80,0.00,55.58,0,-104.00,-9.00,0.00,0.00,37.00,0.00,0,188
652.07,1567659981,13157.44,51.48619605,7.40441443,181.18,14.91,0.00,56.04,0,-104.00,-9.00,0.00,0.00,37.00,0.00,0,188
653.07,1567659982,13172.35,51.48626700,7.40459772,180.94,14.91,0.00,57.12,0,-103.00,-12.00,0.00,0.00,40.00,0.00,0,357
654.07,1567659983,13187.26,51.48633188,7.40476619,181.09,14.63,0.00,57.98,0,-103.00,-12.00,0.00,0.00,40.00,0.00,0,357
655.07,1567659984,13201.92,51.48640193,7.40495595,181.04,14.82,0.00,58.82,0,-102.00,-11.00,0.00,0.00,40.00,0.00,0,357
655.07,1567659984,13201.92,51.48640193,7.40495595,181.04,14.82,0.00,58.82,0,-100.00,-11.00,0.00,0.00,40.00,0.00,0,46
656.07,1567659985,13216.73,51.48647101,7.40513951,180.98,14.96,0.00,59.33,0,-102.00,-11.00,0.00,0.00,40.00,0.00,0,357
656.07,1567659985,13216.75,51.48647101,7.40513951,180.98,14.96,0.00,59.33,0,-100.00,-11.00,0.00,0.00,40.00,0.00,0,46
657.08,1567659986,13231.73,51.48654200,7.40533196,180.95,15.51,0.00,59.81,0,-99.00,-11.00,0.00,0.00,43.00,0.00,0,357
657.08,1567659986,13231.75,51.48654200,7.40533196,180.95,15.51,0.00,59.81,0,-101.00,-10.00,0.00,0.00,41.00,0.00,0,95
657.08,1567659986,13231.75,51.48654200,7.40533196,180.95,15.51,0.00,59.81,0,-102.00,-13.00,0.00,0.00,42.00,0.00,0,359
657.08,1567659986,13231.75,51.48654200,7.40533196,180.95,15.51,0.00,59.81,0,-98.00,-8.00,0.00,0.00,38.00,0.00,0,199
657.08,1567659986,13231.76,51.48654200,7.40533196,180.95,15.51,0.00,59.81,0,-98.00,-9.00,0.00,0.00,39.00,0.00,0,46
658.07,1567659987,13247.21,51.48661150,7.40553363,181.07,15.99,0.00,60.27,0,-99.00,-11.00,0.00,0.00,43.00,0.00,0,357
658.07,1567659987,13247.23,51.48661150,7.40553363,181.07,15.99,0.00,60.27,0,-101.00,-10.00,0.00,0.00,41.00,0.00,0,95
658.07,1567659987,13247.23,51.48661150,7.40553363,181.07,15.99,0.00,60.27,0,-102.00,-13.00,0.00,0.00,42.00,0.00,0,359
658.07,1567659987,13247.23,51.48661150,7.40553363,181.07,15.99,0.00,60.27,0,-98.00,-8.00,0.00,0.00,38.00,0.00,0,199
658.08,1567659987,13247.24,51.48661150,7.40553363,181.07,15.99,0.00,60.27,0,-98.00,-9.00,0.00,0.00,39.00,0.00,0,46
659.08,1567659988,13263.27,51.49154320,7.42046370,181.05,16.17,0.00,61.37,0,-99.00,-12.00,0.00,0.00,45.00,0.00,0,357
659.08,1567659988,13263.27,51.49154320,7.42046370,181.05,16.17,0.00,61.37,0,-100.00,-13.00,0.00,0.00,45.00,0.00,0,166
659.08,1567659988,13263.27,51.49154320,7.42046370,181.05,16.17,0.00,61.37,0,-97.00,-10.00,0.00,0.00,43.00,0.00,0,46
660.07,1567659989,13279.34,51.48673734,7.40592985,180.83,15.49,0.00,63.02,0,-99.00,-12.00,0.00,0.00,45.00,0.00,0,357
660.07,1567659989,13279.35,51.48673734,7.40592985,180.83,15.49,0.00,63.02,0,-100.00,-13.00,0.00,0.00,45.00,0.00,0,166
660.07,1567659989,13279.35,51.48673734,7.40592985,180.83,15.49,0.00,63.02,0,-97.00,-10.00,0.00,0.00,43.00,0.00,0,46
661.07,1567659990,13294.84,51.48680057,7.40615240,180.65,15.48,0.00,64.48,0,-99.00,-12.00,0.00,0.00,45.00,0.00,0,357
661.07,1567659990,13294.86,51.48680057,7.40615240,180.65,15.48,0.00,64.48,0,-100.00,-13.00,0.00,0.00,45.00,0.00,0,166
661.07,1567659990,13294.86,51.48680057,7.40615240,180.65,15.48,0.00,64.48,0,-97.00,-10.00,0.00,0.00,43.00,0.00,0,46
662.08,1567659991,13310.38,51.48686634,7.40639124,180.32,16.33,0.00,65.67,0,-99.00,-12.00,0.00,0.00,45.00,0.00,0,166
662.08,1567659991,13310.38,51.48686634,7.40639124,180.32,16.33,0.00,65.67,0,-100.00,-12.00,0.00,0.00,45.00,0.00,0,95
662.08,1567659991,13310.39,51.48686634,7.40639124,180.32,16.33,0.00,65.67,0,-95.00,-8.00,0.00,0.00,41.00,0.00,0,245
662.08,1567659991,13310.39,51.48686634,7.40639124,180.32,16.33,0.00,65.67,0,-99.00,-8.00,0.00,0.00,38.00,0.00,0,199
663.07,1567659992,13326.65,51.48692073,7.40661406,180.17,16.23,0.00,66.72,0,-99.00,-12.00,0.00,0.00,45.00,0.00,0,166
663.07,1567659992,13326.65,51.48692073,7.40661406,180.17,16.23,0.00,66.72,0,-100.00,-12.00,0.00,0.00,45.00,0.00,0,95
663.07,1567659992,13326.65,51.48692073,7.40661406,180.17,16.23,0.00,66.72,0,-95.00,-8.00,0.00,0.00,41.00,0.00,0,245
663.07,1567659992,13326.67,51.48692073,7.40661406,180.17,16.23,0.00,66.72,0,-99.00,-8.00,0.00,0.00,38.00,0.00,0,199
664.07,1567659993,13342.88,51.48697279,7.40683573,179.90,15.91,0.00,67.87,0,-93.00,-8.00,0.00,0.00,47.00,0.00,0,95
664.07,1567659993,13342.88,51.48697279,7.40683573,179.90,15.91,0.00,67.87,0,-99.00,-12.00,0.00,0.00,45.00,0.00,0,166
664.07,1567659993,13342.88,51.48697279,7.40683573,179.90,15.91,0.00,67.87,0,-95.00,-6.00,0.00,0.00,40.00,0.00,0,199
664.07,1567659993,13342.90,51.48697279,7.40683573,179.90,15.91,0.00,67.87,0,-100.00,-10.00,0.00,0.00,39.00,0.00,0,245
665.08,1567659994,13358.86,51.48701739,7.40702958,179.55,15.85,0.00,68.81,0,-93.00,-8.00,0.00,0.00,47.00,0.00,0,95
665.08,1567659994,13358.87,51.48701739,7.40702958,179.55,15.85,0.00,68.81,0,-99.00,-12.00,0.00,0.00,45.00,0.00,0,166
665.08,1567659994,13358.87,51.48701739,7.40702958,179.55,15.85,0.00,68.81,0,-95.00,-6.00,0.00,0.00,40.00,0.00,0,199
665.08,1567659994,13358.87,51.48701739,7.40702958,179.55,15.85,0.00,68.81,0,-100.00,-10.00,0.00,0.00,39.00,0.00,0,245
666.07,1567659995,13374.62,51.48709775,7.40743630,177.85,14.44,0.00,71.10,0,-97.00,-11.00,0.00,0.00,47.00,0.00,0,166
666.07,1567659995,13374.62,51.48709775,7.40743630,177.85,14.44,0.00,71.10,0,-97.00,-9.00,0.00,0.00,45.00,0.00,0,95
666.07,1567659995,13374.64,51.48709775,7.40743630,177.85,14.44,0.00,71.10,0,-92.00,-6.00,0.00,0.00,44.00,0.00,0,199
666.07,1567659995,13374.64,51.48709775,7.40743630,177.85,14.44,0.00,71.10,0,-96.00,-10.00,0.00,0.00,43.00,0.00,0,245
667.08,1567659996,13389.12,51.48713736,7.40763670,176.77,14.36,0.00,71.75,0,-97.00,-11.00,0.00,0.00,47.00,0.00,0,166
667.08,1567659996,13389.12,51.48713736,7.40763670,176.77,14.36,0.00,71.75,0,-97.00,-9.00,0.00,0.00,45.00,0.00,0,95
667.08,1567659996,13389.13,51.48713736,7.40763670,176.77,14.36,0.00,71.75,0,-92.00,-6.00,0.00,0.00,44.00,0.00,0,199
667.08,1567659996,13389.13,51.48713736,7.40763670,176.77,14.36,0.00,71.75,0,-96.00,-10.00,0.00,0.00,43.00,0.00,0,245
670.07,1567659999,13432.00,51.48720403,7.40801705,175.52,14.20,0.00,72.98,0,-90.00,-6.00,0.00,0.00,49.00,0.00,0,166
671.07,1567660000,13446.18,51.48723523,7.40821099,174.89,13.08,0.00,73.90,0,-90.00,-6.00,0.00,0.00,49.00,0.00,0,166
672.07,1567660001,13459.27,51.48726656,7.40840516,174.24,13.46,0.00,74.74,0,-87.00,-6.00,0.00,0.00,52.00,0.00,0,166
673.07,1567660002,13472.75,51.48732114,7.40878475,172.23,12.60,0.00,76.14,0,-87.00,-6.00,0.00,0.00,52.00,0.00,0,166
674.07,1567660003,13485.31,51.48733836,7.40895146,171.94,12.71,0.00,77.09,0,-93.00,-8.00,0.00,0.00,47.00,0.00,0,166
675.07,1567660004,13498.03,51.48733836,7.40895146,171.94,12.71,0.00,77.09,0,-93.00,-8.00,0.00,0.00,47.00,0.00,0,166
676.07,1567660005,13510.73,51.48736222,7.40914719,171.45,12.76,0.00,78.03,0,-95.00,-8.00,0.00,0.00,46.00,0.00,0,166
677.07,1567660006,13523.50,51.48737848,7.40932637,171.00,12.89,0.00,78.60,0,-95.00,-8.00,0.00,0.00,46.00,0.00,0,166
680.08,1567660009,13562.17,51.48742494,7.40984791,170.46,12.47,0.00,79.11,0,-96.00,-7.00,0.00,0.00,42.00,0.00,0,359
681.07,1567660010,13574.52,51.48744452,7.41004599,170.11,12.76,0.00,80.22,0,-96.00,-7.00,0.00,0.00,42.00,0.00,0,359
682.07,1567660011,13587.32,51.48746202,7.41022289,170.13,11.63,0.00,81.13,0,-96.00,-7.00,0.00,0.00,42.00,0.00,0,359
697.07,1567660026,13708.29,51.48814281,7.41093886,169.28,10.05,0.00,352.82,0,-95.00,-7.00,0.00,0.00,46.00,0.00,0,199
698.07,1567660027,13718.35,51.48822562,7.41092091,168.74,10.06,0.00,352.33,0,-95.00,-7.00,0.00,0.00,46.00,0.00,0,199
699.07,1567660028,13728.43,51.48689220,7.42091010,168.97,9.66,0.00,351.67,0,-94.00,-10.00,0.00,0.00,47.00,0.00,0,167
699.07,1567660028,13728.43,51.48689220,7.42091010,168.97,9.66,0.00,351.67,0,-96.00,-9.00,0.00,0.00,45.00,0.00,0,95
699.07,1567660028,13728.43,51.48689220,7.42091010,168.97,9.66,0.00,351.67,0,-91.00,-7.00,0.00,0.00,44.00,0.00,0,243
699.07,1567660028,13728.44,51.48689220,7.42091010,168.97,9.66,0.00,351.67,0,-97.00,-8.00,0.00,0.00,40.00,0.00,0,199
700.07,1567660029,13738.07,51.48840776,7.41086817,169.35,9.43,0.00,351.17,0,-94.00,-10.00,0.00,0.00,47.00,0.00,0,167
700.07,1567660029,13738.08,51.48840776,7.41086817,169.35,9.43,0.00,351.17,0,-96.00,-9.00,0.00,0.00,45.00,0.00,0,95
700.07,1567660029,13738.08,51.48840776,7.41086817,169.35,9.43,0.00,351.17,0,-91.00,-7.00,0.00,0.00,44.00,0.00,0,243
700.07,1567660029,13738.09,51.48840776,7.41086817,169.35,9.43,0.00,351.17,0,-97.00,-8.00,0.00,0.00,40.00,0.00,0,199
701.08,1567660030,13747.55,51.48859269,7.41080372,170.22,9.49,0.00,350.15,0,-93.00,-10.00,0.00,0.00,49.00,0.00,0,167
702.07,1567660031,13757.01,51.48866666,7.41077876,170.29,8.94,0.00,349.31,0,-93.00,-10.00,0.00,0.00,49.00,0.00,0,167
703.07,1567660032,13765.91,51.48874665,7.41075002,170.20,8.10,0.00,349.05,0,-93.00,-10.00,0.00,0.00,49.00,0.00,0,167
704.07,1567660033,13774.02,51.48874665,7.41075002,170.20,8.10,0.00,349.05,0,-94.00,-13.00,0.00,0.00,52.00,0.00,0,167
705.08,1567660034,13782.15,51.48888740,7.41070814,170.33,8.40,0.00,347.43,0,-94.00,-13.00,0.00,0.00,52.00,0.00,0,167
706.07,1567660035,13790.51,51.48888740,7.41070814,170.33,8.40,0.00,347.43,0,-94.00,-8.00,0.00,0.00,46.00,0.00,0,167
707.07,1567660036,13798.91,51.48896180,7.41068248,170.98,9.59,0.00,346.52,0,-94.00,-8.00,0.00,0.00,46.00,0.00,0,167
708.07,1567660037,13808.50,51.48905819,7.41064500,171.39,10.43,0.00,345.92,0,-95.00,-10.00,0.00,0.00,46.00,0.00,0,167
708.07,1567660037,13808.50,51.48905819,7.41064500,171.39,10.43,0.00,345.92,0,-96.00,-10.00,0.00,0.00,46.00,0.00,0,166
709.07,1567660038,13818.95,51.48915780,7.41060406,172.04,11.26,0.00,346.54,0,-95.00,-10.00,0.00,0.00,46.00,0.00,0,167
709.07,1567660038,13818.95,51.48915780,7.41060406,172.04,11.26,0.00,346.54,0,-96.00,-10.00,0.00,0.00,46.00,0.00,0,166
710.07,1567660039,13830.19,51.48925793,7.41056474,172.49,11.55,0.00,346.33,0,-101.00,-12.00,0.00,0.00,44.00,0.00,0,167
711.07,1567660040,13841.76,51.48935649,7.41052533,173.04,11.79,0.00,346.33,0,-101.00,-12.00,0.00,0.00,44.00,0.00,0,167
714.08,1567660043,13876.51,51.48975369,7.41036355,174.18,9.19,0.00,347.17,0,-100.00,-8.00,0.00,0.00,36.00,0.00,0,199
715.07,1567660044,13885.64,51.48975369,7.41036355,174.18,9.19,0.00,347.17,0,-100.00,-8.00,0.00,0.00,36.00,0.00,0,199
716.08,1567660045,13894.88,51.48982849,7.41033696,173.93,8.08,0.00,347.08,0,-95.00,-5.00,0.00,0.00,42.00,0.00,0,95
716.08,1567660045,13894.88,51.48982849,7.41033696,173.93,8.08,0.00,347.08,0,-94.00,-5.00,0.00,0.00,40.00,0.00,0,199
717.07,1567660046,13902.92,51.48988827,7.41031126,173.45,5.98,0.00,346.80,0,-95.00,-5.00,0.00,0.00,42.00,0.00,0,95
717.07,1567660046,13902.92,51.48988827,7.41031126,173.45,5.98,0.00,346.80,0,-94.00,-5.00,0.00,0.00,40.00,0.00,0,199
720.07,1567660049,13918.08,51.49003732,7.41043704,171.39,6.20,0.00,72.68,0,-86.00,-6.00,0.00,0.00,52.00,0.00,0,166
721.07,1567660050,13924.26,51.49003732,7.41043704,171.39,6.20,0.00,72.68,0,-86.00,-6.00,0.00,0.00,52.00,0.00,0,166
722.08,1567660051,13930.52,51.49005246,7.41053774,170.84,8.05,0.00,74.17,0,-96.00,-7.00,0.00,0.00,43.00,0.00,0,166
723.07,1567660052,13938.50,51.49007663,7.41069197,170.21,9.18,0.00,75.43,0,-96.00,-7.00,0.00,0.00,43.00,0.00,0,166
724.07,1567660053,13947.67,51.49009948,7.41083460,169.73,10.30,0.00,76.06,0,-96.00,-7.00,0.00,0.00,43.00,0.00,0,166
