0.01,1567485965,0.00,51.44970062,7.48836959,250.30,4.26,0.00,165.68,1,-101.00,-5.00,11.00,10.00,26.00,7.00,13415170,315
1.03,1567485966,4.35,51.44963107,7.48838627,250.33,4.98,0.70,166.21,1,-101.00,-5.00,11.00,10.00,26.00,7.00,13415170,315
2.04,1567485967,9.37,51.44955647,7.48838887,250.12,5.49,0.51,179.30,1,-103.00,-6.00,11.00,6.00,24.00,7.00,13415170,315
3.03,1567485968,14.83,51.44948618,7.48839089,250.13,2.62,-2.90,176.92,1,-103.00,-6.00,11.00,6.00,24.00,7.00,13415170,315
4.03,1567485969,17.44,51.44932947,7.48839108,250.45,7.62,5.00,179.85,1,-103.00,-6.00,11.00,6.00,24.00,7.00,13415170,315
5.03,1567485970,25.06,51.44916413,7.48837779,250.67,10.13,2.52,182.85,1,-103.00,-5.00,7.00,8.00,22.00,7.00,13415170,315
6.03,1567485971,35.19,51.44898783,7.48835651,250.98,13.33,3.20,185.45,1,-103.00,-5.00,7.00,8.00,22.00,7.00,13415170,315
7.03,1567485972,48.52,51.44883595,7.48831324,251.41,12.12,-1.21,189.11,1,-108.00,-7.00,2.00,7.00,20.00,7.00,13415170,315
8.03,1567485973,60.64,51.44869145,7.48826510,251.95,12.03,-0.09,191.84,1,-108.00,-7.00,2.00,7.00,20.00,7.00,13415170,315
9.03,1567485974,72.67,51.44855755,7.48820114,252.69,12.28,0.26,194.05,1,-107.00,-9.00,1.00,7.00,21.00,7.00,13415170,315
10.03,1567485975,84.95,51.44842721,7.48813853,253.13,12.60,0.31,196.17,1,-107.00,-9.00,1.00,7.00,21.00,7.00,13415170,315
11.03,1567485976,97.55,51.44829594,7.48807812,253.84,13.06,0.47,195.83,1,-112.00,-13.00,-10.00,1.00,20.00,7.00,13415170,315
12.03,1567485977,110.61,51.44817476,7.48802422,254.36,13.22,0.16,196.26,1,-112.00,-13.00,-10.00,1.00,20.00,7.00,13415170,315
13.03,1567485978,123.86,51.44803439,7.48796850,254.08,15.43,2.21,195.08,1,-117.00,-15.00,-7.00,3.00,19.00,7.00,13415170,315
14.03,1567485979,139.29,51.44789718,7.48791073,254.17,14.96,-0.47,194.14,1,-117.00,-15.00,-7.00,3.00,19.00,7.00,13415170,315
15.03,1567485980,154.25,51.44777080,7.48786866,254.01,14.02,-0.94,192.28,1,-117.00,-16.00,-7.00,3.00,20.00,7.00,13415170,315
16.03,1567485981,168.26,51.44764182,7.48783715,253.93,12.41,-1.61,190.27,1,-117.00,-16.00,-7.00,3.00,20.00,7.00,13415170,315
17.03,1567485982,180.65,51.44752095,7.48782028,254.55,12.83,0.42,187.32,1,-117.00,-14.00,-8.00,3.00,22.00,22.00,13415426,265
18.03,1567485983,193.48,51.44739802,7.48782222,255.72,12.54,-0.28,184.71,1,-117.00,-14.00,-8.00,3.00,22.00,22.00,13415426,265
19.03,1567485984,206.06,51.44727445,7.48782804,256.71,12.37,-0.18,182.43,1,-114.00,-15.00,-7.00,4.00,19.00,58.00,12973570,265
20.03,1567485985,218.43,51.44713331,7.48784366,257.64,14.13,1.77,178.64,1,-114.00,-15.00,-7.00,4.00,19.00,58.00,12973570,265
21.03,1567485986,232.55,51.44699520,7.48790634,258.82,14.15,0.02,165.53,1,-113.00,-13.00,-5.00,5.00,20.00,58.00,12973570,334
22.03,1567485987,246.70,51.44685833,7.48797402,260.01,14.67,0.52,164.99,1,-113.00,-13.00,-5.00,5.00,20.00,58.00,12973570,334
23.04,1567485988,261.48,51.44672409,7.48804541,260.84,14.24,-0.43,163.76,1,-116.00,-15.00,-5.00,4.00,19.00,13.00,13415170,334
24.03,1567485989,275.59,51.44659200,7.48812352,261.70,14.56,0.33,161.45,1,-116.00,-15.00,-5.00,4.00,19.00,13.00,13415170,334
25.03,1567485990,290.16,51.44646221,7.48820997,262.48,14.51,-0.05,159.26,1,-116.00,-15.00,-5.00,4.00,19.00,13.00,13415170,334
26.03,1567485991,304.68,51.44633792,7.48830171,263.27,14.43,-0.08,156.81,1,-109.00,-11.00,2.00,7.00,21.00,13.00,13415170,315
27.03,1567485992,319.10,51.44620823,7.48841412,263.89,14.56,0.13,154.29,1,-109.00,-11.00,2.00,7.00,21.00,13.00,13415170,315
28.03,1567485993,333.62,51.44608777,7.48853886,264.32,14.71,0.15,151.08,1,-105.00,-7.00,10.00,8.00,22.00,13.00,13415170,315
29.03,1567485994,348.35,51.44597083,7.48867958,264.53,15.16,0.45,147.49,1,-105.00,-7.00,10.00,8.00,22.00,13.00,13415170,315
30.03,1567485995,363.50,51.44585513,7.48882658,264.67,15.18,0.02,144.11,1,-104.00,-7.00,8.00,6.00,22.00,13.00,13415170,315
31.03,1567485996,378.68,51.44574187,7.48899064,264.99,15.40,0.22,140.68,1,-104.00,-7.00,8.00,6.00,22.00,13.00,13415170,315
32.03,1567485997,394.08,51.44564443,7.48915190,265.45,14.84,-0.56,136.76,1,-108.00,-8.00,1.00,6.00,21.00,13.00,13415170,315
33.03,1567485998,408.93,51.44555713,7.48932359,265.74,14.30,-0.54,133.86,1,-108.00,-8.00,1.00,6.00,21.00,13.00,13415170,315
34.03,1567485999,423.23,51.44548678,7.48947811,266.14,13.67,-0.63,132.09,1,-108.00,-8.00,2.00,6.00,19.00,13.00,13415170,315
35.03,1567486000,436.90,51.44541237,7.48963248,266.92,12.83,-0.83,131.19,1,-108.00,-8.00,2.00,6.00,19.00,13.00,13415170,315
36.03,1567486001,449.73,51.44534322,7.48978570,267.19,12.36,-0.47,130.13,1,-108.00,-8.00,1.00,6.00,21.00,13.00,13415170,315
37.03,1567486002,462.09,51.44528327,7.48993194,267.07,11.86,-0.50,128.98,1,-108.00,-8.00,1.00,6.00,21.00,13.00,13415170,315
38.03,1567486003,473.94,51.44522438,7.49007047,267.44,11.87,0.01,128.92,1,-109.00,-9.00,-1.00,7.00,19.00,13.00,13415170,315
39.03,1567486004,485.82,51.44515693,7.49022586,267.33,12.07,0.19,128.13,1,-109.00,-9.00,-1.00,7.00,19.00,13.00,13415170,315
40.03,1567486005,497.88,51.44509365,7.49037918,267.70,12.87,0.80,127.61,1,-111.00,-10.00,-1.00,6.00,18.00,13.00,13415170,315
41.03,1567486006,510.76,51.44503173,7.49052286,267.86,11.03,-1.83,129.03,1,-111.00,-10.00,-1.00,6.00,18.00,13.00,13415170,315
42.03,1567486007,521.78,51.44497208,7.49066166,268.76,11.52,0.49,128.48,1,-111.00,-10.00,-1.00,7.00,20.00,13.00,13415170,315
43.03,1567486008,533.31,51.44489356,7.49082774,269.20,12.18,0.65,129.72,1,-111.00,-10.00,-1.00,7.00,20.00,13.00,13415170,315
44.04,1567486009,545.61,51.44482410,7.49097538,269.75,12.40,0.23,130.47,1,-114.00,-14.00,-5.00,3.00,18.00,13.00,13415170,315
45.03,1567486010,557.89,51.44475887,7.49111906,270.14,12.50,0.10,130.03,1,-114.00,-14.00,-5.00,3.00,18.00,13.00,13415170,315
46.03,1567486011,570.40,51.44468843,7.49126800,270.21,11.83,-0.67,129.48,1,-114.00,-14.00,-5.00,3.00,18.00,13.00,13415170,315
47.04,1567486012,582.31,51.44462961,7.49140276,270.56,10.38,-1.44,128.77,1,-122.00,-18.00,-12.00,2.00,25.00,13.00,13415170,315
48.03,1567486013,592.61,51.44457275,7.49152812,271.01,9.20,-1.19,128.00,1,-122.00,-18.00,-12.00,2.00,25.00,13.00,13415170,315
49.03,1567486014,601.82,51.44452626,7.49162529,272.02,7.04,-2.16,131.49,1,-113.00,-12.00,0.00,5.00,18.00,22.00,13417219,440
50.03,1567486015,608.85,51.44447064,7.49166667,272.25,6.09,-0.95,162.66,1,-113.00,-12.00,0.00,5.00,18.00,22.00,13417219,440
51.03,1567486016,614.94,51.44441000,7.49166243,272.40,7.11,1.02,191.54,1,-109.00,-10.00,-4.00,7.00,21.00,22.00,13417219,440
52.03,1567486017,622.05,51.44436068,7.49162088,272.56,7.52,0.41,215.47,1,-109.00,-10.00,-4.00,7.00,21.00,22.00,13417219,440
53.03,1567486018,629.57,51.44431836,7.49156325,272.70,8.65,1.13,216.01,1,-105.00,-11.00,2.00,6.00,24.00,22.00,13417219,440
54.03,1567486019,638.21,51.44426173,7.49149497,272.80,9.57,0.92,215.86,1,-105.00,-11.00,2.00,6.00,24.00,22.00,13417219,440
55.03,1567486020,647.77,51.44419996,7.49141968,272.86,10.42,0.85,215.15,1,-110.00,-13.00,-2.00,6.00,23.00,22.00,13417219,440
56.03,1567486021,658.20,51.44412474,7.49133971,272.64,11.12,0.70,214.65,1,-110.00,-13.00,-2.00,6.00,23.00,22.00,13417219,440
57.03,1567486022,669.30,51.44403943,7.49124683,272.24,11.77,0.66,214.27,1,-109.00,-11.00,-4.00,5.00,23.00,22.00,13417219,440
58.03,1567486023,681.08,51.44394475,7.49113914,271.85,12.28,0.50,213.88,1,-109.00,-11.00,-4.00,5.00,23.00,22.00,13417219,440
59.03,1567486024,693.36,51.44385253,7.49103685,272.15,12.63,0.35,214.15,1,-108.00,-10.00,7.00,6.00,21.00,22.00,13417219,440
60.03,1567486025,705.98,51.44375892,7.49093617,272.52,12.93,0.30,215.11,1,-108.00,-10.00,7.00,6.00,21.00,22.00,13417219,440
61.03,1567486026,718.90,51.44366391,7.49082962,273.07,13.04,0.11,215.46,1,-103.00,-8.00,-6.00,6.00,27.00,22.00,13417219,440
62.03,1567486027,731.95,51.44357030,7.49072710,273.86,13.05,0.01,216.36,1,-103.00,-8.00,-6.00,6.00,27.00,22.00,13417219,440
63.03,1567486028,745.04,51.44348379,7.49062271,274.47,12.68,-0.36,216.95,1,-111.00,-11.00,0.00,8.00,22.00,22.00,13417219,440
64.03,1567486029,757.72,51.44338869,7.49051128,274.86,12.43,-0.25,216.65,1,-111.00,-11.00,0.00,8.00,22.00,22.00,13417219,440
65.04,1567486030,770.23,51.44329574,7.49040136,275.06,12.31,-0.12,216.75,1,-110.00,-11.00,-1.00,6.00,21.00,22.00,13417219,440
66.03,1567486031,782.45,51.44320026,7.49029077,275.19,12.39,0.08,216.63,1,-110.00,-11.00,-1.00,6.00,21.00,22.00,13417219,440
67.03,1567486032,794.84,51.44310982,7.49018433,275.37,12.75,0.36,217.14,1,-110.00,-11.00,-1.00,6.00,21.00,22.00,13417219,440
68.03,1567486033,807.57,51.44301440,7.49007416,275.55,12.50,-0.25,216.82,1,-112.00,-15.00,-6.00,3.00,21.00,22.00,13417219,440
69.03,1567486034,820.08,51.44291496,7.48995690,275.39,12.41,-0.09,216.78,1,-112.00,-15.00,-6.00,3.00,21.00,22.00,13417219,440
70.03,1567486035,832.49,51.44282153,7.48984674,275.67,12.24,-0.17,217.03,1,-108.00,-12.00,-1.00,2.00,23.00,22.00,13417219,440
71.03,1567486036,844.72,51.44272865,7.48974015,275.96,12.15,-0.08,215.36,1,-108.00,-12.00,-1.00,2.00,23.00,22.00,13417219,440
72.03,1567486037,856.88,51.44264505,7.48964090,275.25,11.54,-0.62,214.76,1,-110.00,-12.00,8.00,2.00,22.00,22.00,13417219,440
73.03,1567486038,868.43,51.44256263,7.48954069,274.61,11.10,-0.43,214.18,1,-110.00,-12.00,8.00,2.00,22.00,22.00,13417219,440
74.03,1567486039,879.51,51.44248682,7.48945561,274.25,10.22,-0.89,213.39,1,-99.00,-8.00,4.00,9.00,27.00,21.00,13417219,440
75.03,1567486040,889.70,51.44240735,7.48936486,273.91,9.94,-0.28,214.11,1,-99.00,-8.00,4.00,9.00,27.00,21.00,13417219,440
76.03,1567486041,899.66,51.44232754,7.48925779,273.83,10.55,0.61,216.75,1,-104.00,-7.00,7.00,9.00,21.00,21.00,13417219,440
77.03,1567486042,910.17,51.44225004,7.48915992,273.12,10.43,-0.12,217.41,1,-104.00,-7.00,7.00,9.00,21.00,21.00,13417219,440
78.03,1567486043,920.64,51.44216992,7.48905302,272.41,9.99,-0.44,219.04,1,-109.00,-8.00,-6.00,7.00,20.00,21.00,13417219,440
79.03,1567486044,930.63,51.44208798,7.48894609,272.44,10.92,0.94,219.88,1,-109.00,-8.00,-6.00,7.00,20.00,21.00,13417219,440
80.03,1567486045,941.54,51.44200802,7.48883180,272.02,10.86,-0.06,220.39,1,-103.00,-9.00,-1.00,6.00,32.00,21.00,13417219,440
81.03,1567486046,952.41,51.44193047,7.48871586,271.17,9.99,-0.87,222.68,1,-103.00,-9.00,-1.00,6.00,32.00,21.00,13417219,440
82.03,1567486047,962.40,51.44186213,7.48859806,271.25,10.00,0.01,225.02,1,-99.00,-9.00,-5.00,7.00,35.00,21.00,13417219,440
83.03,1567486048,972.40,51.44179812,7.48848670,271.41,9.24,-0.75,224.44,1,-99.00,-9.00,-5.00,7.00,35.00,21.00,13417219,440
84.03,1567486049,981.63,51.44173815,7.48838802,271.68,9.36,0.12,224.90,1,-100.00,-9.00,-1.00,5.00,27.00,21.00,13417219,440
85.03,1567486050,991.00,51.44166174,7.48826209,271.73,9.72,0.36,225.38,1,-100.00,-9.00,-1.00,5.00,27.00,21.00,13417219,440
86.03,1567486051,1000.71,51.44158480,7.48812706,272.63,10.96,1.24,226.06,1,-101.00,-7.00,10.00,10.00,27.00,21.00,13417219,440
87.03,1567486052,1011.68,51.44150645,7.48798356,273.90,11.59,0.63,227.49,1,-101.00,-7.00,10.00,10.00,27.00,21.00,13417219,440
88.04,1567486053,1023.38,51.44142376,7.48783367,274.45,11.25,-0.34,228.06,1,-93.00,-4.00,3.00,13.00,32.00,21.00,13417219,440
89.03,1567486054,1034.53,51.44135594,7.48769679,274.24,12.23,0.99,229.39,1,-93.00,-4.00,3.00,13.00,32.00,21.00,13417219,440
90.03,1567486055,1046.74,51.44128772,7.48755249,274.51,12.14,-0.09,230.75,1,-93.00,-4.00,3.00,13.00,32.00,21.00,13417219,440
91.03,1567486056,1058.90,51.44121523,7.48740107,275.15,12.44,0.30,231.42,1,-96.00,-5.00,17.00,12.00,28.00,21.00,13417219,440
92.03,1567486057,1071.34,51.44114323,7.48724199,274.97,12.63,0.20,232.07,1,-96.00,-5.00,17.00,12.00,28.00,21.00,13417219,440
93.03,1567486058,1083.97,51.44107899,7.48709797,275.00,12.50,-0.13,232.49,1,-100.00,-5.00,16.00,10.00,26.00,21.00,13417219,440
94.03,1567486059,1096.46,51.44100850,7.48694502,274.96,12.64,0.14,232.60,1,-100.00,-5.00,16.00,10.00,26.00,21.00,13417219,440
95.03,1567486060,1109.11,51.44093490,7.48679018,274.90,12.60,-0.04,232.98,1,-92.00,-6.00,16.00,2.00,42.00,21.00,13417219,440
96.03,1567486061,1121.71,51.44086765,7.48663739,274.91,12.61,0.00,233.75,1,-92.00,-6.00,16.00,2.00,42.00,21.00,13417219,440
97.03,1567486062,1134.35,51.44080701,7.48649542,275.14,11.81,-0.80,234.80,1,-98.00,-5.00,1.00,2.00,28.00,21.00,13417219,440
98.03,1567486063,1146.15,51.44074769,7.48635527,275.21,11.82,0.02,235.32,1,-98.00,-5.00,1.00,2.00,28.00,21.00,13417219,440
99.03,1567486064,1157.96,51.44068606,7.48621214,275.10,11.55,-0.28,234.79,1,-100.00,-5.00,5.00,2.00,26.00,21.00,13417219,440
100.03,1567486065,1169.51,51.44062534,7.48607066,275.51,11.66,0.12,233.90,1,-100.00,-5.00,5.00,2.00,26.00,21.00,13417219,440
101.03,1567486066,1181.16,51.44055926,7.48592838,276.49,12.31,0.65,233.56,1,-115.00,-9.00,-1.00,2.00,12.00,85.00,13067273,288
102.03,1567486067,1193.48,51.44049187,7.48578227,277.02,12.55,0.24,233.60,1,-115.00,-9.00,-1.00,2.00,12.00,85.00,13067273,288
103.03,1567486068,1206.01,51.44042422,7.48563390,277.95,12.33,-0.22,232.70,1,-120.00,-12.00,-6.00,2.00,21.00,85.00,13067273,288
104.03,1567486069,1218.34,51.44035891,7.48549538,278.77,11.44,-0.89,233.44,1,-120.00,-12.00,-6.00,2.00,21.00,85.00,13067273,288
105.03,1567486070,1229.81,51.44029240,7.48534347,279.15,11.33,-0.10,234.67,1,-120.00,-11.00,0.00,2.00,9.00,85.00,13067273,288
106.03,1567486071,1241.14,51.44023221,7.48520993,279.34,11.24,-0.10,235.41,1,-120.00,-11.00,0.00,2.00,9.00,85.00,13067273,288
107.03,1567486072,1252.38,51.44016746,7.48506885,279.00,10.83,-0.41,234.95,1,-118.00,-10.00,-3.00,2.00,9.00,85.00,13067273,288
108.03,1567486073,1263.20,51.44011005,7.48494355,279.16,10.62,-0.21,234.10,1,-118.00,-10.00,-3.00,2.00,9.00,85.00,13067273,288
109.04,1567486074,1273.90,51.44005413,7.48482235,278.99,10.91,0.29,233.63,1,-119.00,-10.00,-5.00,2.00,9.00,85.00,13067273,288
110.03,1567486075,1284.73,51.43999211,7.48468943,278.68,10.50,-0.41,233.25,1,-119.00,-10.00,-5.00,2.00,9.00,85.00,13067273,288
111.03,1567486076,1295.23,51.43992876,7.48455422,278.83,10.53,0.03,233.62,1,-119.00,-10.00,-5.00,2.00,9.00,85.00,13067273,288
112.03,1567486077,1305.75,51.43986129,7.48440511,278.47,11.93,1.40,234.05,1,-98.00,-5.00,8.00,2.00,36.00,20.00,13417219,440
113.03,1567486078,1317.67,51.43978915,7.48425105,278.38,11.63,-0.29,232.63,1,-98.00,-5.00,8.00,2.00,36.00,20.00,13417219,440
114.03,1567486079,1329.33,51.43971916,7.48410747,278.07,12.26,0.63,232.61,1,-112.00,-11.00,-2.00,2.00,18.00,20.00,13406986,483
115.03,1567486080,1341.59,51.43964578,7.48394366,278.05,12.64,0.38,233.96,1,-112.00,-11.00,-2.00,2.00,18.00,20.00,13406986,483
116.03,1567486081,1354.22,51.43958180,7.48379209,277.78,11.95,-0.69,235.54,1,-116.00,-11.00,1.00,2.00,15.00,20.00,13406986,483
117.03,1567486082,1366.17,51.43952021,7.48363874,277.41,10.63,-1.32,236.16,1,-116.00,-11.00,1.00,2.00,15.00,20.00,13406986,483
118.03,1567486083,1376.81,51.43946676,7.48350516,277.49,9.65,-0.99,236.62,1,-117.00,-10.00,4.00,2.00,12.00,20.00,13406986,483
119.03,1567486084,1386.45,51.43940882,7.48335973,277.34,9.74,0.09,237.32,1,-117.00,-10.00,4.00,2.00,12.00,20.00,13406986,483
120.03,1567486085,1396.19,51.43935268,7.48321101,276.97,9.43,-0.31,237.91,1,-118.00,-10.00,3.00,7.00,10.00,55.00,13406986,483
121.03,1567486086,1405.59,51.43930605,7.48309709,277.02,8.81,-0.62,238.26,1,-118.00,-10.00,3.00,7.00,10.00,55.00,13406986,483
122.03,1567486087,1414.41,51.43925698,7.48296463,276.94,9.05,0.24,239.34,1,-99.00,-8.00,1.00,11.00,21.00,21.00,13417219,440
123.03,1567486088,1423.49,51.43921819,7.48286282,276.74,7.07,-1.97,240.32,1,-99.00,-8.00,1.00,11.00,21.00,21.00,13417219,440
124.03,1567486089,1430.54,51.43917897,7.48275413,276.82,7.57,0.50,241.19,1,-98.00,-9.00,4.00,8.00,32.00,21.00,13417219,440
125.03,1567486090,1438.12,51.43913967,7.48264518,277.40,6.41,-1.16,243.30,1,-98.00,-9.00,4.00,8.00,32.00,21.00,13417219,440
126.03,1567486091,1444.53,51.43910372,7.48254362,277.35,6.39,-0.02,242.57,1,-96.00,-4.00,16.00,15.00,28.00,21.00,13417219,440
127.03,1567486092,1450.91,51.43906054,7.48242504,277.37,7.51,1.12,240.68,1,-96.00,-4.00,16.00,15.00,28.00,21.00,13417219,440
128.03,1567486093,1458.43,51.43902077,7.48230728,277.00,7.82,0.31,241.36,1,-101.00,-6.00,16.00,15.00,26.00,21.00,13417219,440
129.03,1567486094,1466.26,51.43898251,7.48219617,277.42,8.87,1.04,240.52,1,-101.00,-6.00,16.00,15.00,26.00,21.00,13417219,440
130.04,1567486095,1475.20,51.43894096,7.48206920,277.05,9.62,0.75,241.82,1,-101.00,-6.00,8.00,11.00,24.00,21.00,13417219,440
131.03,1567486096,1484.74,51.43889093,7.48192361,276.86,10.93,1.31,240.67,1,-101.00,-6.00,8.00,11.00,24.00,21.00,13417219,440
132.03,1567486097,1495.66,51.43883509,7.48176241,276.76,11.68,0.76,239.91,1,-101.00,-6.00,8.00,11.00,24.00,21.00,13417219,440
133.03,1567486098,1507.35,51.43876873,7.48157822,276.85,13.47,1.78,240.78,1,-99.00,-5.00,13.00,11.00,27.00,21.00,13417219,440
134.03,1567486099,1520.81,51.43870419,7.48138129,276.95,14.02,0.55,241.38,1,-99.00,-5.00,13.00,11.00,27.00,21.00,13417219,440
135.03,1567486100,1534.84,51.43864660,7.48120636,276.80,14.04,0.03,240.62,1,-97.00,-5.00,12.00,12.00,31.00,21.00,13417219,440
136.03,1567486101,1548.89,51.43858468,7.48101492,276.51,13.79,-0.26,242.31,1,-97.00,-5.00,12.00,12.00,31.00,21.00,13417219,440
137.03,1567486102,1562.67,51.43851730,7.48081194,275.80,14.47,0.68,242.74,1,-94.00,-4.00,13.00,2.00,38.00,21.00,13417219,440
138.03,1567486103,1577.12,51.43845596,7.48062304,275.52,14.81,0.34,242.24,1,-94.00,-4.00,13.00,2.00,38.00,21.00,13417219,440
139.03,1567486104,1591.98,51.43839269,7.48043136,276.09,14.59,-0.22,241.24,1,-99.00,-4.00,5.00,2.00,26.00,21.00,13417219,440
140.03,1567486105,1606.58,51.43833257,7.48025858,276.64,14.33,-0.26,241.86,1,-99.00,-4.00,5.00,2.00,26.00,21.00,13417219,440
141.03,1567486106,1620.89,51.43827463,7.48008803,276.89,14.01,-0.32,242.30,1,-99.00,-6.00,4.00,2.00,27.00,21.00,13417219,440
142.03,1567486107,1634.90,51.43821297,7.47990907,276.95,14.36,0.35,241.84,1,-99.00,-6.00,4.00,2.00,27.00,21.00,13417219,440
143.03,1567486108,1649.29,51.43814864,7.47972510,276.81,14.01,-0.35,241.18,1,-100.00,-7.00,11.00,2.00,28.00,21.00,13417219,440
144.03,1567486109,1663.28,51.43808296,7.47953741,276.79,14.01,0.00,240.53,1,-100.00,-7.00,11.00,2.00,28.00,21.00,13417219,440
145.03,1567486110,1677.28,51.43802316,7.47936426,276.75,13.98,-0.03,241.30,1,-101.00,-7.00,10.00,2.00,28.00,21.00,13417219,440
146.03,1567486111,1691.26,51.43796820,7.47919745,276.81,13.45,-0.54,242.77,1,-101.00,-7.00,10.00,2.00,28.00,21.00,13417219,440
147.03,1567486112,1704.67,51.43791227,7.47902164,277.35,13.31,-0.13,243.52,1,-95.00,-6.00,7.00,11.00,33.00,22.00,13417219,440
148.03,1567486113,1717.99,51.43785743,7.47884585,277.88,13.82,0.51,242.96,1,-95.00,-6.00,7.00,11.00,33.00,22.00,13417219,440
149.03,1567486114,1731.81,51.43780070,7.47867068,278.94,13.36,-0.46,243.57,1,-89.00,-5.00,14.00,14.00,37.00,22.00,13417219,440
150.03,1567486115,1745.18,51.43773936,7.47848169,280.03,13.13,-0.23,243.10,1,-89.00,-5.00,14.00,14.00,37.00,22.00,13417219,440
151.04,1567486116,1758.41,51.43768222,7.47830607,281.11,13.97,0.83,242.75,1,-93.00,-5.00,13.00,12.00,33.00,22.00,13417219,440
152.03,1567486117,1772.27,51.43762542,7.47813075,281.85,13.55,-0.42,242.69,1,-93.00,-5.00,13.00,12.00,33.00,22.00,13417219,440
153.03,1567486118,1785.82,51.43757078,7.47796202,282.85,13.53,-0.02,243.41,1,-93.00,-5.00,13.00,12.00,33.00,22.00,13417219,440
154.03,1567486119,1799.37,51.43751422,7.47778280,283.84,13.69,0.16,244.06,1,-94.00,-7.00,5.00,9.00,33.00,22.00,13417219,440
155.03,1567486120,1813.05,51.43745301,7.47758918,284.51,13.77,0.08,243.40,1,-94.00,-7.00,5.00,9.00,33.00,22.00,13417219,440
156.03,1567486121,1826.80,51.43739926,7.47741463,284.92,12.80,-0.97,244.89,1,-96.00,-7.00,12.00,13.00,34.00,22.00,13417219,440
157.03,1567486122,1839.60,51.43734416,7.47722984,285.09,13.05,0.25,245.29,1,-96.00,-7.00,12.00,13.00,34.00,22.00,13417219,440
158.03,1567486123,1852.67,51.43729000,7.47703592,284.85,13.61,0.56,246.92,1,-90.00,-4.00,14.00,14.00,35.00,19.00,13523715,6
159.03,1567486124,1866.28,51.43724366,7.47685410,284.55,13.48,-0.13,248.91,1,-90.00,-4.00,14.00,14.00,35.00,19.00,13523715,6
160.03,1567486125,1879.76,51.43720877,7.47667642,284.56,12.72,-0.76,252.27,1,-96.00,-4.00,9.00,14.00,28.00,19.00,13523715,6
161.03,1567486126,1892.48,51.43720944,7.47650504,284.30,11.30,-1.42,272.15,1,-96.00,-4.00,9.00,14.00,28.00,19.00,13523715,6
162.03,1567486127,1903.77,51.43723570,7.47636507,284.53,9.66,-1.63,289.39,1,-98.00,-8.00,4.00,11.00,33.00,19.00,13523715,6
163.03,1567486128,1913.44,51.43728396,7.47625705,284.41,9.13,-0.54,307.40,1,-98.00,-8.00,4.00,11.00,33.00,19.00,13523715,6
164.03,1567486129,1922.57,51.43735095,7.47618775,284.13,8.81,-0.32,326.71,1,-98.00,-10.00,-4.00,7.00,32.00,19.00,13523715,6
165.03,1567486130,1931.37,51.43743917,7.47614890,283.87,8.32,-0.48,355.85,1,-98.00,-10.00,-4.00,7.00,32.00,19.00,13523715,6
166.03,1567486131,1939.71,51.43751809,7.47616639,283.82,9.27,0.94,11.39,1,-101.00,-11.00,1.00,9.00,30.00,19.00,13523715,6
167.04,1567486132,1949.03,51.43757864,7.47623715,283.70,9.82,0.54,31.78,1,-101.00,-11.00,1.00,9.00,30.00,19.00,13523715,6
168.03,1567486133,1958.78,51.43764676,7.47637081,283.67,11.11,1.30,50.22,1,-102.00,-9.00,3.00,2.00,38.00,19.00,13523715,6
169.03,1567486134,1969.90,51.43771753,7.47650776,283.93,12.07,0.96,52.02,1,-102.00,-9.00,3.00,2.00,38.00,19.00,13523715,6
170.03,1567486135,1982.00,51.43778537,7.47664836,283.92,13.20,1.13,52.94,1,-102.00,-7.00,0.00,2.00,25.00,19.00,13523715,6
171.03,1567486136,1995.20,51.43785630,7.47681624,283.72,14.45,1.25,53.80,1,-102.00,-7.00,0.00,2.00,25.00,19.00,13523715,6
172.04,1567486137,2009.71,51.43793450,7.47699819,283.54,15.44,0.98,54.66,1,-99.00,-7.00,-5.00,11.00,27.00,20.00,13523715,6
173.03,1567486138,2025.04,51.43801739,7.47718917,283.30,16.73,1.31,55.06,1,-99.00,-7.00,-5.00,11.00,27.00,20.00,13523715,6
174.03,1567486139,2041.76,51.43810646,7.47739787,283.15,17.78,1.05,55.49,1,-99.00,-7.00,-5.00,11.00,27.00,20.00,13523715,6
175.03,1567486140,2059.56,51.43819895,7.47761412,283.03,18.54,0.76,55.98,1,-99.00,-7.00,-4.00,8.00,25.00,20.00,13523715,6
176.03,1567486141,2078.12,51.43829388,7.47784970,283.06,19.10,0.56,56.67,1,-99.00,-7.00,-4.00,8.00,25.00,20.00,13523715,6
177.03,1567486142,2097.21,51.43839511,7.47810230,283.10,19.86,0.76,55.89,1,-101.00,-7.00,-9.00,7.00,26.00,20.00,13523715,6
178.03,1567486143,2117.07,51.43849381,7.47834814,283.09,21.21,1.35,56.71,1,-101.00,-7.00,-9.00,7.00,26.00,20.00,13523715,6
179.03,1567486144,2138.27,51.43860019,7.47862158,282.90,21.43,0.22,56.86,1,-108.00,-14.00,-8.00,5.00,30.00,20.00,13523715,6
180.03,1567486145,2159.70,51.43871475,7.47890387,283.28,21.95,0.53,56.30,1,-108.00,-14.00,-8.00,5.00,30.00,20.00,13523715,6
181.03,1567486146,2181.67,51.43882483,7.47918630,283.70,22.72,0.77,57.87,1,-111.00,-16.00,-8.00,5.00,26.00,20.00,13523715,6
182.03,1567486147,2204.37,51.43894147,7.47947458,284.26,23.83,1.11,56.24,1,-111.00,-16.00,-8.00,5.00,26.00,20.00,13523715,6
183.03,1567486148,2228.20,51.43906127,7.47976624,284.54,24.71,0.88,55.81,1,-113.00,-18.00,-8.00,3.00,26.00,22.00,13417219,6
184.03,1567486149,2252.94,51.43918774,7.48005043,284.51,25.00,0.29,54.83,1,-113.00,-18.00,-8.00,3.00,26.00,22.00,13417219,6
185.03,1567486150,2277.88,51.43932051,7.48033944,284.26,25.52,0.52,54.21,1,-105.00,-7.00,7.00,8.00,20.00,22.00,13417219,440
186.03,1567486151,2303.43,51.43946337,7.48063603,284.58,25.79,0.27,52.60,1,-105.00,-7.00,7.00,8.00,20.00,22.00,13417219,440
187.03,1567486152,2329.23,51.43960502,7.48092701,284.68,25.55,-0.24,52.24,1,-109.00,-8.00,3.00,7.00,21.00,22.00,13417219,440
188.03,1567486153,2354.75,51.43974478,7.48122091,284.53,25.40,-0.15,52.56,1,-109.00,-8.00,3.00,7.00,21.00,22.00,13417219,440
189.03,1567486154,2380.17,51.43988857,7.48149111,284.11,25.27,-0.13,49.99,1,-105.00,-11.00,-1.00,2.00,34.00,22.00,13417219,440
190.03,1567486155,2405.44,51.44004005,7.48176679,283.81,25.50,0.23,48.77,1,-105.00,-11.00,-1.00,2.00,34.00,22.00,13417219,440
191.03,1567486156,2431.04,51.44019374,7.48203922,283.74,25.21,-0.29,47.20,1,-111.00,-11.00,-6.00,2.00,20.00,22.00,13417219,440
192.03,1567486157,2456.23,51.44036029,7.48230097,283.67,25.30,0.09,44.06,1,-111.00,-11.00,-6.00,2.00,20.00,22.00,13417219,440
193.04,1567486158,2481.75,51.44053825,7.48255627,283.40,25.79,0.49,41.98,1,-111.00,-12.00,-10.00,2.00,22.00,22.00,13417219,440
194.03,1567486159,2507.34,51.44071836,7.48280083,282.95,26.00,0.21,40.60,1,-111.00,-12.00,-10.00,2.00,22.00,22.00,13417219,440
195.04,1567486160,2533.37,51.44089472,7.48303061,282.57,25.81,-0.19,39.55,1,-111.00,-12.00,-10.00,2.00,22.00,22.00,13417219,440
196.04,1567486161,2559.23,51.44107268,7.48326662,282.42,25.44,-0.37,39.57,1,-112.00,-15.00,-9.00,2.00,23.00,22.00,13417219,440
197.03,1567486162,2584.59,51.44125871,7.48348446,281.89,25.69,0.26,35.78,1,-112.00,-15.00,-9.00,2.00,23.00,22.00,13417219,440
198.03,1567486163,2610.20,51.44144712,7.48369348,281.16,25.48,-0.21,33.67,1,-115.00,-18.00,-10.00,1.00,24.00,22.00,13417219,440
199.03,1567486164,2635.69,51.44164094,7.48389278,280.40,25.40,-0.08,31.96,1,-115.00,-18.00,-10.00,1.00,24.00,22.00,13417219,440
200.03,1567486165,2661.11,51.44183034,7.48407393,279.87,25.45,0.05,30.15,1,-109.00,-15.00,-8.00,4.00,26.00,21.00,13415426,265
201.03,1567486166,2686.56,51.44201604,7.48423904,279.12,25.43,-0.02,28.18,1,-109.00,-15.00,-8.00,4.00,26.00,21.00,13415426,265
202.03,1567486167,2711.95,51.44221330,7.48440469,278.73,25.60,0.17,26.76,1,-111.00,-14.00,-6.00,4.00,22.00,21.00,13415426,265
203.03,1567486168,2737.58,51.44241049,7.48456966,278.32,25.87,0.27,26.19,1,-111.00,-14.00,-6.00,4.00,22.00,21.00,13415426,265
204.03,1567486169,2763.44,51.44261142,7.48473879,277.68,25.40,-0.47,25.92,1,-111.00,-15.00,-7.00,3.00,24.00,21.00,13415426,265
205.03,1567486170,2788.84,51.44281976,7.48490267,276.55,25.33,-0.06,24.58,1,-111.00,-15.00,-7.00,3.00,24.00,21.00,13415426,265
206.03,1567486171,2814.17,51.44302533,7.48505815,275.46,25.36,0.03,23.94,1,-114.00,-16.00,-8.00,2.00,23.00,21.00,13415426,265
207.03,1567486172,2839.54,51.44323061,7.48520197,274.49,25.38,0.01,23.40,1,-114.00,-16.00,-8.00,2.00,23.00,21.00,13415426,265
208.03,1567486173,2864.89,51.44343095,7.48534128,273.56,25.38,0.01,23.42,1,-112.00,-15.00,-7.00,4.00,23.00,21.00,13415426,265
209.03,1567486174,2890.30,51.44363165,7.48548144,272.58,25.04,-0.34,23.13,1,-112.00,-15.00,-7.00,4.00,23.00,21.00,13415426,265
210.03,1567486175,2915.39,51.44382945,7.48561539,271.73,23.70,-1.34,22.90,1,-111.00,-15.00,-6.00,4.00,23.00,21.00,13415426,265
211.03,1567486176,2939.04,51.44402050,7.48574024,270.99,21.95,-1.75,22.16,1,-111.00,-15.00,-6.00,4.00,23.00,21.00,13415426,265
212.03,1567486177,2961.00,51.44420035,7.48585693,270.17,19.85,-2.10,21.99,1,-113.00,-13.00,-10.00,1.00,21.00,17.00,13415170,315
213.03,1567486178,2980.82,51.44434925,7.48597002,269.86,17.70,-2.16,26.60,1,-113.00,-13.00,-10.00,1.00,21.00,17.00,13415170,315
214.04,1567486179,2998.77,51.44449094,7.48609509,269.63,16.06,-1.61,29.11,1,-110.00,-14.00,-8.00,4.00,24.00,17.00,13415170,315
215.04,1567486180,3014.70,51.44461227,7.48622185,269.36,15.11,-0.96,32.52,1,-110.00,-14.00,-8.00,4.00,24.00,17.00,13415170,315
216.04,1567486181,3029.79,51.44467942,7.48639556,268.92,14.02,-1.09,58.40,1,-110.00,-14.00,-8.00,4.00,24.00,17.00,13415170,315
217.04,1567486182,3043.83,51.44471093,7.48658804,268.08,13.76,-0.26,74.16,1,-116.00,-16.00,-8.00,2.00,21.00,17.00,13415170,315
218.04,1567486183,3057.58,51.44471184,7.48678064,267.26,13.81,0.05,88.12,1,-116.00,-16.00,-8.00,2.00,21.00,17.00,13415170,315
219.03,1567486184,3071.36,51.44468177,7.48697909,266.17,14.06,0.25,104.63,1,-123.00,-20.00,-12.00,1.00,18.00,17.00,13415170,315
220.03,1567486185,3085.44,51.44464562,7.48716843,264.84,14.14,0.08,106.54,1,-123.00,-20.00,-12.00,1.00,18.00,17.00,13415170,315
221.03,1567486186,3099.57,51.44455256,7.48731226,263.56,14.12,-0.03,137.19,1,-121.00,-21.00,-16.00,1.00,19.00,17.00,13415170,315
222.03,1567486187,3113.70,51.44445049,7.48741170,262.93,14.04,-0.08,152.23,1,-121.00,-21.00,-16.00,1.00,19.00,17.00,13415170,315
223.03,1567486188,3127.68,51.44433810,7.48747752,262.86,13.97,-0.07,165.23,1,-117.00,-17.00,-9.00,2.00,28.00,24.00,13417219,440
224.03,1567486189,3141.64,51.44421938,7.48748322,262.81,14.28,0.31,180.36,1,-117.00,-17.00,-9.00,2.00,28.00,24.00,13417219,440
225.03,1567486190,3155.96,51.44409496,7.48744215,262.80,14.71,0.44,197.28,1,-120.00,-16.00,-10.00,2.00,16.00,24.00,13417219,440
226.03,1567486191,3170.68,51.44398032,7.48735261,262.72,14.76,0.05,211.14,1,-120.00,-16.00,-10.00,2.00,16.00,24.00,13417219,440
227.03,1567486192,3185.41,51.44389473,7.48721849,263.22,15.13,0.37,231.18,1,-118.00,-15.00,-7.00,2.00,17.00,24.00,13417219,440
228.03,1567486193,3200.53,51.44382863,7.48702471,263.40,15.29,0.16,248.11,1,-118.00,-15.00,-7.00,2.00,17.00,24.00,13417219,440
229.03,1567486194,3215.85,51.44380234,7.48681972,263.19,15.55,0.26,263.18,1,-117.00,-15.00,-11.00,2.00,19.00,24.00,13417219,440
230.03,1567486195,3231.42,51.44378080,7.48659854,261.95,16.40,0.86,264.47,1,-117.00,-15.00,-11.00,2.00,19.00,24.00,13417219,440
231.03,1567486196,3247.83,51.44376515,7.48636094,260.86,17.30,0.89,265.59,1,-122.00,-18.00,-11.00,1.00,16.00,22.00,13417219,440
232.03,1567486197,3265.13,51.44375237,7.48610345,259.97,18.35,1.05,266.29,1,-122.00,-18.00,-11.00,1.00,16.00,22.00,13417219,440
233.03,1567486198,3283.44,51.44374315,7.48583629,259.48,19.32,0.97,266.81,1,-120.00,-17.00,-10.00,3.00,17.00,22.00,13417219,440
234.03,1567486199,3302.75,51.44373454,7.48553006,259.29,20.66,1.34,267.33,1,-120.00,-17.00,-10.00,3.00,17.00,22.00,13417219,440
235.03,1567486200,3323.45,51.44373109,7.48525368,259.45,20.64,-0.02,268.63,nan,nan,nan,nan,nan,nan,nan,nan,nan
236.03,1567486201,3344.03,51.44372750,7.48493619,258.81,21.55,0.91,269.20,nan,nan,nan,nan,nan,nan,nan,nan,nan
237.03,1567486202,3365.58,51.44372697,7.48461874,258.88,22.61,1.06,268.49,nan,nan,nan,nan,nan,nan,nan,nan,nan
238.03,1567486203,3388.16,51.44372459,7.48428697,259.19,23.48,0.87,268.46,nan,nan,nan,nan,nan,nan,nan,nan,nan
239.03,1567486204,3411.66,51.44372033,7.48394183,259.53,24.29,0.81,268.16,nan,nan,nan,nan,nan,nan,nan,nan,nan
240.03,1567486205,3435.86,51.44371761,7.48358390,259.88,24.89,0.60,268.37,1,-113.00,-12.00,-9.00,3.00,18.00,66.00,13417219,440
241.03,1567486206,3460.82,51.44371702,7.48322102,260.14,25.52,0.63,267.88,1,-113.00,-12.00,-9.00,3.00,18.00,66.00,13417219,440
242.03,1567486207,3486.42,51.44370649,7.48285031,260.40,26.19,0.67,267.34,1,-115.00,-16.00,-8.00,4.00,21.00,66.00,13177857,26
243.03,1567486208,3512.56,51.44369445,7.48246543,260.61,26.70,0.51,267.31,1,-115.00,-16.00,-8.00,4.00,21.00,66.00,13177857,26
244.04,1567486209,3539.37,51.44368274,7.48207614,260.62,27.31,0.61,267.18,1,-114.00,-17.00,-8.00,4.00,23.00,66.00,13177857,26
245.04,1567486210,3566.71,51.44367016,7.48168253,260.30,27.76,0.45,266.79,1,-114.00,-17.00,-8.00,4.00,23.00,66.00,13177857,26
246.04,1567486211,3594.44,51.44365487,7.48127676,259.88,27.97,0.21,266.21,1,-111.00,-16.00,-8.00,6.00,24.00,66.00,13177857,26
247.04,1567486212,3622.44,51.44363837,7.48087710,259.57,27.96,-0.01,265.71,1,-111.00,-16.00,-8.00,6.00,24.00,66.00,13177857,26
248.03,1567486213,3650.34,51.44361490,7.48048056,259.47,27.62,-0.33,264.56,1,-116.00,-18.00,-11.00,1.00,22.00,66.00,13177857,26
249.03,1567486214,3677.96,51.44359012,7.48008345,259.36,27.30,-0.33,263.64,1,-116.00,-18.00,-11.00,1.00,22.00,66.00,13177857,26
250.04,1567486215,3705.28,51.44355867,7.47969827,259.09,27.19,-0.10,263.01,1,-115.00,-18.00,-11.00,1.00,24.00,66.00,13177857,26
251.04,1567486216,3732.48,51.44352665,7.47930433,258.82,27.29,0.10,262.23,1,-115.00,-18.00,-11.00,1.00,24.00,66.00,13177857,26
252.03,1567486217,3759.68,51.44349502,7.47891124,258.54,27.44,0.15,262.55,1,-111.00,-15.00,-10.00,4.00,28.00,17.00,13415426,265
253.03,1567486218,3787.13,51.44346457,7.47851623,258.21,27.56,0.12,262.87,1,-111.00,-15.00,-10.00,4.00,28.00,17.00,13415426,265
254.04,1567486219,3814.80,51.44343381,7.47812022,257.75,27.88,0.32,262.65,1,-107.00,-14.00,-7.00,4.00,28.00,17.00,13415426,265
255.04,1567486220,3842.68,51.44340041,7.47771077,257.43,28.30,0.41,262.36,1,-107.00,-14.00,-7.00,4.00,28.00,17.00,13415426,265
256.04,1567486221,3871.01,51.44336214,7.47730061,257.13,28.66,0.36,261.91,1,-107.00,-14.00,-6.00,4.00,28.00,17.00,13415426,265
257.04,1567486222,3899.67,51.44332359,7.47688265,256.77,29.00,0.34,261.67,1,-107.00,-14.00,-6.00,4.00,28.00,17.00,13415426,265
258.04,1567486223,3928.63,51.44328517,7.47646332,256.30,29.38,0.39,261.52,1,-107.00,-14.00,-6.00,4.00,28.00,17.00,13415426,265
259.04,1567486224,3958.02,51.44324282,7.47603858,255.97,29.66,0.28,260.87,1,-107.00,-14.00,-6.00,4.00,27.00,17.00,13415426,265
260.04,1567486225,3987.68,51.44319410,7.47561607,255.54,29.94,0.28,259.49,1,-107.00,-14.00,-6.00,4.00,27.00,17.00,13415426,265
261.04,1567486226,4017.62,51.44314462,7.47519097,255.12,30.15,0.21,258.64,1,-111.00,-15.00,-5.00,4.00,25.00,17.00,13415426,265
262.04,1567486227,4047.77,51.44308973,7.47475927,254.70,30.55,0.40,258.29,1,-111.00,-15.00,-5.00,4.00,25.00,17.00,13415426,265
263.04,1567486228,4078.32,51.44303449,7.47431772,254.20,30.83,0.28,257.84,1,-112.00,-15.00,-4.00,4.00,23.00,17.00,13415426,265
264.04,1567486229,4109.18,51.44297706,7.47387443,253.59,31.15,0.32,257.71,1,-112.00,-15.00,-4.00,4.00,23.00,17.00,13415426,265
265.04,1567486230,4140.30,51.44291885,7.47343466,252.89,31.35,0.20,257.75,1,-110.00,-13.00,-3.00,6.00,23.00,17.00,13415426,265
266.04,1567486231,4171.68,51.44286000,7.47298939,252.14,31.38,0.03,258.30,1,-110.00,-13.00,-3.00,6.00,23.00,17.00,13415426,265
267.03,1567486232,4202.87,51.44280151,7.47254299,251.39,31.51,0.13,258.64,1,-111.00,-13.00,-2.00,6.00,22.00,17.00,13415426,265
268.03,1567486233,4234.42,51.44274313,7.47209278,250.65,31.70,0.19,258.58,1,-111.00,-13.00,-2.00,6.00,22.00,17.00,13415426,265
269.03,1567486234,4266.06,51.44268278,7.47163763,249.80,32.04,0.34,258.48,1,-111.00,-10.00,2.00,4.00,19.00,17.00,13415426,265
270.03,1567486235,4298.13,51.44262319,7.47118372,248.91,32.19,0.15,258.45,1,-111.00,-10.00,2.00,4.00,19.00,17.00,13415426,265
271.03,1567486236,4330.33,51.44256519,7.47072607,248.09,32.22,0.03,258.33,1,-111.00,-10.00,2.00,7.00,18.00,17.00,13415426,265
272.03,1567486237,4362.52,51.44250905,7.47026753,247.42,31.98,-0.24,258.02,1,-111.00,-10.00,2.00,7.00,18.00,17.00,13415426,265
273.03,1567486238,4394.46,51.44245161,7.46981182,246.68,32.26,0.28,258.03,1,-106.00,-8.00,1.00,6.00,21.00,17.00,13415426,265
274.03,1567486239,4426.75,51.44239361,7.46935707,245.81,32.45,0.19,258.13,1,-106.00,-8.00,1.00,6.00,21.00,17.00,13415426,265
275.03,1567486240,4459.24,51.44233425,7.46888894,244.97,32.83,0.38,258.73,1,-109.00,-8.00,5.00,7.00,19.00,17.00,13415426,265
276.03,1567486241,4492.04,51.44227545,7.46842979,243.99,32.68,-0.15,258.64,1,-109.00,-8.00,5.00,7.00,19.00,17.00,13415426,265
277.04,1567486242,4524.98,51.44221629,7.46796985,242.96,32.54,-0.14,259.07,1,-112.00,-11.00,5.00,5.00,19.00,17.00,13415426,265
278.03,1567486243,4557.29,51.44215888,7.46750266,241.97,32.62,0.08,259.11,1,-112.00,-11.00,5.00,5.00,19.00,17.00,13415426,265
279.03,1567486244,4589.92,51.44210578,7.46703255,241.12,32.89,0.27,259.60,1,-112.00,-11.00,5.00,5.00,19.00,17.00,13415426,265
280.03,1567486245,4622.78,51.44205334,7.46657061,240.17,32.90,0.01,259.48,1,-114.00,-15.00,-9.00,2.00,30.00,17.00,13415426,265
281.03,1567486246,4655.72,51.44199934,7.46609164,239.46,32.88,-0.03,259.60,1,-114.00,-15.00,-9.00,2.00,30.00,17.00,13415426,265
282.04,1567486247,4688.69,51.44195058,7.46561801,238.70,33.04,0.16,260.61,1,-115.00,-14.00,-6.00,2.00,19.00,17.00,13415426,265
283.04,1567486248,4721.76,51.44190268,7.46515079,237.88,33.29,0.25,260.98,1,-115.00,-14.00,-6.00,2.00,19.00,17.00,13415426,265
284.04,1567486249,4755.12,51.44185834,7.46466998,237.06,33.76,0.48,261.61,1,-115.00,-15.00,-10.00,2.00,20.00,17.00,13415426,265
285.04,1567486250,4788.88,51.44181257,7.46419166,236.15,34.04,0.27,262.46,1,-115.00,-15.00,-10.00,2.00,20.00,17.00,13415426,265
286.03,1567486251,4822.68,51.44177821,7.46371262,235.00,34.24,0.20,262.94,1,-113.00,-14.00,-2.00,2.00,21.00,17.00,13415427,264
287.04,1567486252,4857.06,51.44174202,7.46321471,234.08,34.34,0.10,263.64,1,-113.00,-14.00,-2.00,2.00,21.00,17.00,13415427,264
288.03,1567486253,4891.26,51.44171183,7.46272300,233.24,34.45,0.11,264.10,1,-113.00,-12.00,0.00,2.00,20.00,17.00,13415427,264
289.03,1567486254,4925.71,51.44168094,7.46223140,232.47,34.47,0.02,264.58,1,-113.00,-12.00,0.00,2.00,20.00,17.00,13415427,264
290.03,1567486255,4960.18,51.44165002,7.46172836,231.52,34.55,0.08,265.00,1,-111.00,-10.00,4.00,2.00,20.00,17.00,13415427,264
291.03,1567486256,4994.73,51.44162557,7.46122353,230.42,34.91,0.36,265.74,1,-111.00,-10.00,4.00,2.00,20.00,17.00,13415427,264
292.03,1567486257,5029.68,51.44160229,7.46072266,229.41,34.91,0.00,265.97,1,-107.00,-9.00,1.00,2.00,23.00,17.00,13415427,264
293.03,1567486258,5064.59,51.44158453,7.46021790,228.37,35.14,0.23,266.88,1,-107.00,-9.00,1.00,2.00,23.00,17.00,13415427,264
294.03,1567486259,5099.69,51.44156855,7.45971584,227.66,35.43,0.29,267.69,1,-105.00,-8.00,6.00,2.00,24.00,17.00,13415427,264
295.03,1567486260,5135.12,51.44156013,7.45919893,226.86,35.66,0.23,268.24,1,-105.00,-8.00,6.00,2.00,24.00,17.00,13415427,264
296.03,1567486261,5170.74,51.44155292,7.45868309,226.15,35.87,0.21,268.89,1,-102.00,-7.00,11.00,2.00,26.00,17.00,13415427,264
297.03,1567486262,5206.65,51.44154413,7.45816629,225.77,36.09,0.22,269.07,1,-102.00,-7.00,11.00,2.00,26.00,17.00,13415427,264
298.04,1567486263,5243.03,51.44153815,7.45765661,225.82,36.32,0.23,269.23,1,-102.00,-7.00,5.00,2.00,26.00,17.00,13415427,264
299.03,1567486264,5279.06,51.44153736,7.45713920,226.02,36.48,0.16,269.39,1,-102.00,-7.00,5.00,2.00,26.00,17.00,13415427,264
300.03,1567486265,5315.54,51.44153741,7.45661921,226.14,36.22,-0.26,270.22,1,-102.00,-7.00,5.00,2.00,26.00,17.00,13415427,264
301.03,1567486266,5351.73,51.44154518,7.45609992,226.32,35.98,-0.25,270.96,1,-106.00,-7.00,6.00,2.00,22.00,17.00,13415427,264
302.03,1567486267,5387.75,51.44155308,7.45557837,226.32,35.94,-0.04,271.62,1,-106.00,-7.00,6.00,2.00,22.00,17.00,13415427,264
303.03,1567486268,5423.72,51.44156760,7.45505073,226.00,36.08,0.14,272.21,1,-107.00,-8.00,9.00,2.00,23.00,17.00,13415427,264
304.03,1567486269,5459.76,51.44158091,7.45452093,225.40,36.23,0.15,273.06,1,-107.00,-8.00,9.00,2.00,23.00,17.00,13415427,264
305.03,1567486270,5495.99,51.44160287,7.45399710,224.70,36.33,0.11,273.67,1,-104.00,-8.00,9.00,2.00,25.00,17.00,13415427,264
306.03,1567486271,5532.32,51.44162524,7.45347575,223.95,36.58,0.24,274.40,1,-104.00,-8.00,9.00,2.00,25.00,17.00,13415427,264
307.03,1567486272,5568.86,51.44165159,7.45294611,223.54,36.66,0.08,274.72,1,-101.00,-9.00,-1.00,2.00,28.00,17.00,13415427,264
308.03,1567486273,5605.53,51.44167872,7.45242471,223.30,36.79,0.13,275.28,1,-101.00,-9.00,-1.00,2.00,28.00,17.00,13415427,264
309.03,1567486274,5642.39,51.44171334,7.45189299,223.20,37.01,0.22,275.83,1,-104.00,-11.00,-6.00,2.00,27.00,17.00,13415427,264
310.03,1567486275,5679.37,51.44175751,7.45136772,223.40,37.28,0.27,277.10,1,-104.00,-11.00,-6.00,2.00,27.00,17.00,13415427,264
311.03,1567486276,5716.68,51.44180154,7.45084541,223.59,37.36,0.08,277.43,1,-108.00,-12.00,3.00,2.00,25.00,17.00,13415427,264
312.03,1567486277,5754.04,51.44184709,7.45032443,223.63,37.54,0.18,277.78,1,-108.00,-12.00,3.00,2.00,25.00,17.00,13415427,264
313.03,1567486278,5791.58,51.44189897,7.44979454,223.27,37.72,0.18,278.11,1,-108.00,-10.00,6.00,2.00,23.00,17.00,13415427,264
314.03,1567486279,5829.31,51.44195008,7.44925774,222.87,37.80,0.08,278.02,1,-108.00,-10.00,6.00,2.00,23.00,17.00,13415427,264
315.03,1567486280,5867.07,51.44200422,7.44871574,222.51,38.01,0.20,278.48,1,-108.00,-9.00,2.00,2.00,22.00,17.00,13415427,264
316.03,1567486281,5905.04,51.44206721,7.44817859,222.15,38.26,0.25,279.81,1,-108.00,-9.00,2.00,2.00,22.00,17.00,13415427,264
317.03,1567486282,5943.34,51.44212660,7.44764246,221.95,38.20,-0.06,280.25,1,-109.00,-9.00,11.00,2.00,20.00,17.00,13415427,264
318.03,1567486283,5981.54,51.44219157,7.44709544,221.67,38.10,-0.10,280.79,1,-109.00,-9.00,11.00,2.00,20.00,17.00,13415427,264
319.04,1567486284,6019.95,51.44226259,7.44656118,221.50,37.80,-0.30,281.76,1,-103.00,-7.00,8.00,2.00,24.00,17.00,13415427,264
320.03,1567486285,6057.44,51.44233466,7.44602145,221.22,37.84,0.04,282.19,1,-103.00,-7.00,8.00,2.00,24.00,17.00,13415427,264
321.03,1567486286,6095.28,51.44241346,7.44548942,220.94,38.10,0.27,282.89,1,-103.00,-7.00,8.00,2.00,24.00,17.00,13415427,264
322.03,1567486287,6133.38,51.44248991,7.44495776,220.37,37.60,-0.51,283.51,1,-101.00,-6.00,2.00,2.00,25.00,17.00,13415427,264
323.03,1567486288,6170.98,51.44256338,7.44443643,219.57,37.02,-0.58,283.07,1,-101.00,-6.00,2.00,2.00,25.00,17.00,13415427,264
324.03,1567486289,6208.03,51.44263702,7.44392489,218.78,36.41,-0.60,283.19,1,-106.00,-7.00,-3.00,2.00,21.00,17.00,13415427,264
325.03,1567486290,6244.45,51.44271977,7.44342937,218.12,35.53,-0.89,284.73,1,-106.00,-7.00,-3.00,2.00,21.00,17.00,13415427,264
326.03,1567486291,6280.01,51.44280214,7.44294705,217.75,35.11,-0.42,285.27,1,-107.00,-8.00,-10.00,2.00,21.00,17.00,13415427,264
327.03,1567486292,6315.05,51.44288474,7.44245762,217.28,34.91,-0.20,285.58,1,-107.00,-8.00,-10.00,2.00,21.00,17.00,13415427,264
328.03,1567486293,6350.00,51.44297538,7.44197678,216.89,34.75,-0.17,286.13,1,-109.00,-10.00,-6.00,2.00,21.00,17.00,13415427,264
329.03,1567486294,6384.79,51.44306484,7.44149550,216.47,34.77,0.03,286.35,1,-109.00,-10.00,-6.00,2.00,21.00,17.00,13415427,264
330.04,1567486295,6419.63,51.44315207,7.44100662,216.34,35.11,0.34,286.94,1,-112.00,-13.00,-10.00,2.00,22.00,17.00,13415427,264
331.04,1567486296,6454.74,51.44323884,7.44053023,216.39,35.07,-0.05,287.08,1,-112.00,-13.00,-10.00,2.00,22.00,17.00,13415427,264
332.04,1567486297,6489.88,51.44333729,7.44004837,216.32,35.22,0.15,287.63,1,-112.00,-13.00,-5.00,2.00,22.00,17.00,13415427,264
333.04,1567486298,6525.28,51.44343890,7.43956292,216.35,34.65,-0.57,288.20,1,-112.00,-13.00,-5.00,2.00,22.00,17.00,13415427,264
334.03,1567486299,6559.51,51.44353922,7.43909486,216.23,34.06,-0.59,288.76,1,-107.00,-10.00,-6.00,6.00,27.00,26.00,13246978,157
335.03,1567486300,6593.64,51.44364179,7.43863487,216.07,33.48,-0.58,289.80,1,-107.00,-10.00,-6.00,6.00,27.00,26.00,13246978,157
336.03,1567486301,6627.09,51.44374225,7.43818524,215.68,33.48,-0.01,290.03,1,-107.00,-13.00,-3.00,5.00,26.00,26.00,13246978,157
337.03,1567486302,6660.57,51.44384389,7.43773213,215.34,33.49,0.02,290.24,1,-107.00,-13.00,-3.00,5.00,26.00,26.00,13246978,157
338.03,1567486303,6694.10,51.44395002,7.43729019,214.79,33.18,-0.32,291.18,1,-109.00,-13.00,-3.00,5.00,24.00,26.00,13246978,157
339.03,1567486304,6727.24,51.44405724,7.43685070,213.95,33.32,0.14,291.51,1,-109.00,-13.00,-3.00,5.00,24.00,26.00,13246978,157
340.04,1567486305,6760.86,51.44416595,7.43640635,212.81,33.25,-0.07,291.42,1,-108.00,-13.00,-4.00,6.00,28.00,27.00,13415427,264
341.03,1567486306,6793.84,51.44427975,7.43596869,211.81,33.38,0.13,292.52,1,-108.00,-13.00,-4.00,6.00,28.00,27.00,13415427,264
342.03,1567486307,6827.22,51.44438889,7.43554268,210.97,33.51,0.13,292.96,1,-108.00,-13.00,-4.00,6.00,28.00,27.00,13415427,264
343.03,1567486308,6860.79,51.44450439,7.43509386,209.99,33.53,0.02,293.46,1,-110.00,-12.00,1.00,7.00,23.00,27.00,13415427,264
344.03,1567486309,6894.32,51.44463987,7.43464037,209.09,33.83,0.30,295.41,1,-110.00,-12.00,1.00,7.00,23.00,27.00,13415427,264
345.03,1567486310,6928.15,51.44477211,7.43420882,208.00,33.84,0.01,295.33,1,-112.00,-13.00,-2.00,5.00,21.00,27.00,13415427,264
346.03,1567486311,6961.95,51.44490434,7.43378140,206.85,32.95,-0.88,295.34,1,-112.00,-13.00,-2.00,5.00,21.00,27.00,13415427,264
347.03,1567486312,6994.94,51.44503443,7.43335644,205.60,33.07,0.11,296.34,1,-112.00,-13.00,-4.00,4.00,24.00,35.00,13395457,111
348.04,1567486313,7028.04,51.44518085,7.43294743,204.29,32.52,-0.54,299.42,1,-112.00,-13.00,-4.00,4.00,24.00,35.00,13395457,111
349.03,1567486314,7060.49,51.44532813,7.43254325,203.00,31.98,-0.55,300.35,1,-111.00,-12.00,-2.00,5.00,22.00,35.00,13395457,111
350.03,1567486315,7092.47,51.44548605,7.43214772,201.83,31.92,-0.06,301.68,1,-111.00,-12.00,-2.00,5.00,22.00,35.00,13395457,111
351.03,1567486316,7124.30,51.44564801,7.43175866,200.92,31.48,-0.44,303.22,1,-107.00,-8.00,4.00,8.00,21.00,35.00,13395457,111
352.03,1567486317,7155.82,51.44580897,7.43138669,199.90,31.22,-0.26,304.62,1,-107.00,-8.00,4.00,8.00,21.00,35.00,13395457,111
353.03,1567486318,7187.04,51.44597532,7.43101621,198.92,31.17,-0.05,303.95,1,-106.00,-8.00,3.00,8.00,23.00,35.00,13395457,111
354.03,1567486319,7218.24,51.44613737,7.43065167,197.88,30.90,-0.28,305.28,1,-106.00,-8.00,3.00,8.00,23.00,35.00,13395457,111
355.03,1567486320,7249.14,51.44631042,7.43030614,196.72,30.60,-0.30,307.93,1,-103.00,-9.00,3.00,10.00,29.00,35.00,13395457,111
356.03,1567486321,7279.74,51.44649188,7.42996405,195.61,30.39,-0.21,309.25,1,-103.00,-9.00,3.00,10.00,29.00,35.00,13395457,111
357.03,1567486322,7310.09,51.44667339,7.42962753,194.54,30.53,0.14,309.30,1,-101.00,-5.00,8.00,12.00,22.00,35.00,13395457,111
358.03,1567486323,7340.59,51.44686951,7.42930366,193.31,30.89,0.36,312.80,1,-101.00,-5.00,8.00,12.00,22.00,35.00,13395457,111
359.03,1567486324,7371.48,51.44706162,7.42898089,191.92,31.38,0.49,313.41,1,-99.00,-8.00,9.00,13.00,26.00,35.00,13395457,111
360.03,1567486325,7402.86,51.44726483,7.42866411,190.53,31.56,0.19,314.84,1,-99.00,-8.00,9.00,13.00,26.00,35.00,13395457,111
361.04,1567486326,7434.70,51.44748025,7.42834390,189.25,31.97,0.41,315.93,1,-95.00,-10.00,9.00,2.00,38.00,35.00,13395457,111
362.03,1567486327,7466.39,51.44769727,7.42803559,187.84,31.91,-0.06,317.16,1,-95.00,-10.00,9.00,2.00,38.00,35.00,13395457,111
363.03,1567486328,7498.30,51.44791492,7.42774019,186.53,31.72,-0.19,318.49,1,-95.00,-10.00,9.00,2.00,38.00,35.00,13395457,111
364.03,1567486329,7530.03,51.44813164,7.42745051,185.53,31.75,0.03,320.21,1,-102.00,-3.00,10.00,15.00,19.00,27.00,13395469,221
365.03,1567486330,7561.74,51.44835938,7.42717073,184.55,31.98,0.23,322.73,1,-102.00,-3.00,10.00,15.00,19.00,27.00,13395469,221
366.03,1567486331,7593.81,51.44859074,7.42689183,183.36,32.26,0.28,323.04,1,-105.00,-5.00,17.00,14.00,22.00,27.00,13395469,221
367.03,1567486332,7626.04,51.44882860,7.42661422,182.49,32.29,0.03,324.08,1,-105.00,-5.00,17.00,14.00,22.00,27.00,13395469,221
368.03,1567486333,7658.33,51.44906915,7.42635015,181.49,32.49,0.20,325.37,1,-112.00,-6.00,8.00,9.00,14.00,27.00,13395469,221
369.03,1567486334,7690.82,51.44930969,7.42608372,180.64,32.28,-0.22,326.35,1,-112.00,-6.00,8.00,9.00,14.00,27.00,13395469,221
370.03,1567486335,7723.10,51.44955722,7.42583421,179.66,33.08,0.80,327.59,1,-115.00,-8.00,9.00,10.00,17.00,27.00,13395469,221
371.03,1567486336,7756.18,51.44982608,7.42559324,178.82,33.33,0.25,330.53,1,-115.00,-8.00,9.00,10.00,17.00,27.00,13395469,221
372.03,1567486337,7789.50,51.45009308,7.42535320,177.91,33.78,0.45,331.27,1,-116.00,-8.00,8.00,11.00,11.00,27.00,13395469,221
373.03,1567486338,7823.25,51.45036833,7.42512499,177.48,33.74,-0.04,332.62,1,-116.00,-8.00,8.00,11.00,11.00,27.00,13395469,221
374.03,1567486339,7857.05,51.45064327,7.42492389,176.82,33.78,0.05,335.06,1,-114.00,-6.00,10.00,9.00,12.00,27.00,13395469,221
375.03,1567486340,7890.84,51.45090704,7.42474049,176.22,33.44,-0.35,336.08,1,-114.00,-6.00,10.00,9.00,12.00,27.00,13395469,221
376.03,1567486341,7924.27,51.45117757,7.42456165,175.48,33.34,-0.09,337.50,1,-116.00,-7.00,5.00,8.00,10.00,27.00,13395469,221
377.03,1567486342,7957.61,51.45145046,7.42439115,174.60,33.36,0.02,339.02,1,-116.00,-7.00,5.00,8.00,10.00,27.00,13395469,221
378.03,1567486343,7990.97,51.45171944,7.42422360,173.79,33.00,-0.36,339.70,1,-115.00,-7.00,5.00,2.00,10.00,27.00,13395469,221
379.03,1567486344,8024.01,51.45199971,7.42406750,173.11,32.56,-0.44,340.87,1,-115.00,-7.00,5.00,2.00,10.00,27.00,13395469,221
380.03,1567486345,8056.60,51.45226093,7.42391195,172.19,32.34,-0.22,341.10,1,-115.00,-7.00,1.00,2.00,10.00,27.00,13395469,221
381.03,1567486346,8088.91,51.45252679,7.42375769,171.32,32.43,0.08,341.73,1,-115.00,-7.00,1.00,2.00,10.00,27.00,13395469,221
382.03,1567486347,8121.31,51.45280133,7.42361202,170.33,32.67,0.24,342.34,1,-113.00,-8.00,2.00,2.00,13.00,27.00,13395469,221
383.03,1567486348,8153.88,51.45307836,7.42346679,169.32,32.71,0.04,342.69,1,-113.00,-8.00,2.00,2.00,13.00,27.00,13395469,221
384.04,1567486349,8186.97,51.45335425,7.42332552,168.12,32.60,-0.10,343.33,1,-112.00,-9.00,7.00,2.00,16.00,27.00,13395469,221
385.03,1567486350,8219.25,51.45364020,7.42319980,166.87,32.64,0.04,343.75,1,-112.00,-9.00,7.00,2.00,16.00,27.00,13395469,221
386.03,1567486351,8251.92,51.45392477,7.42307908,165.47,32.73,0.10,344.05,1,-112.00,-9.00,7.00,2.00,16.00,27.00,13395469,221
387.03,1567486352,8284.66,51.45420771,7.42295522,164.26,32.71,-0.02,343.98,1,-109.00,-10.00,1.00,2.00,19.00,27.00,13395469,221
388.03,1567486353,8317.37,51.45448985,7.42283224,162.82,32.49,-0.22,343.59,1,-109.00,-10.00,1.00,2.00,19.00,27.00,13395469,221
389.03,1567486354,8349.86,51.45476970,7.42270537,161.77,32.29,-0.20,343.44,1,-111.00,-10.00,1.00,2.00,17.00,27.00,13395469,221
390.03,1567486355,8382.15,51.45504384,7.42257770,160.78,32.11,-0.19,343.27,1,-111.00,-10.00,1.00,2.00,17.00,27.00,13395469,221
391.03,1567486356,8414.22,51.45532101,7.42244737,159.88,32.12,0.01,342.79,1,-111.00,-9.00,4.00,2.00,16.00,27.00,13395469,221
392.03,1567486357,8446.34,51.45559239,7.42230236,159.48,31.92,-0.19,342.02,1,-111.00,-9.00,4.00,2.00,16.00,27.00,13395469,221
393.03,1567486358,8478.29,51.45585849,7.42215864,159.25,31.53,-0.39,341.20,1,-111.00,-8.00,-3.00,2.00,16.00,27.00,13395469,221
394.03,1567486359,8509.83,51.45612360,7.42200045,159.14,31.52,-0.02,340.38,1,-111.00,-8.00,-3.00,2.00,16.00,27.00,13395469,221
395.03,1567486360,8541.41,51.45638559,7.42184753,158.75,31.72,0.21,339.52,1,-109.00,-8.00,9.00,2.00,19.00,27.00,13395469,221
396.03,1567486361,8573.13,51.45664951,7.42168463,158.28,31.82,0.10,339.05,1,-109.00,-8.00,9.00,2.00,19.00,27.00,13395469,221
397.03,1567486362,8604.89,51.45691498,7.42151540,157.69,31.90,0.08,337.80,1,-109.00,-9.00,4.00,2.00,20.00,27.00,13395469,221
398.03,1567486363,8636.79,51.45718532,7.42134428,157.36,32.01,0.11,337.02,1,-109.00,-9.00,4.00,2.00,20.00,27.00,13395469,221
399.03,1567486364,8668.79,51.45745407,7.42116153,156.88,31.67,-0.33,336.23,1,-109.00,-10.00,9.00,2.00,20.00,27.00,13395469,221
400.03,1567486365,8700.44,51.45772499,7.42097579,155.94,31.96,0.28,335.36,1,-109.00,-10.00,9.00,2.00,20.00,27.00,13395469,221
401.03,1567486366,8732.39,51.45799243,7.42077376,155.14,32.29,0.33,334.26,1,-109.00,-9.00,10.00,2.00,19.00,27.00,13395469,221
402.03,1567486367,8764.72,51.45825655,7.42056695,154.16,32.28,-0.01,333.03,1,-109.00,-9.00,10.00,2.00,19.00,27.00,13395469,221
403.03,1567486368,8797.00,51.45851762,7.42035989,153.18,32.30,0.02,332.52,1,-106.00,-6.00,7.00,12.00,19.00,12.00,13395469,221
404.03,1567486369,8829.27,51.45877773,7.42013439,152.67,32.34,0.04,331.28,1,-106.00,-6.00,7.00,12.00,19.00,12.00,13395469,221
405.04,1567486370,8861.90,51.45902773,7.41991887,152.34,32.65,0.31,330.43,1,-98.00,-5.00,24.00,15.00,28.00,12.00,13395469,221
406.03,1567486371,8894.26,51.45928166,7.41968312,152.40,32.51,-0.14,329.44,1,-98.00,-5.00,24.00,15.00,28.00,12.00,13395469,221
407.04,1567486372,8926.90,51.45953449,7.41944862,152.47,32.51,0.00,328.76,1,-98.00,-5.00,24.00,15.00,28.00,12.00,13395469,221
408.03,1567486373,8959.35,51.45977679,7.41920688,152.38,32.50,-0.01,327.73,1,-98.00,-6.00,13.00,13.00,29.00,12.00,13395469,221
409.03,1567486374,8991.72,51.46002158,7.41896164,152.32,32.58,0.07,326.92,1,-98.00,-6.00,13.00,13.00,29.00,12.00,13395469,221
410.03,1567486375,9024.43,51.46026736,7.41869866,152.13,32.58,0.01,325.72,1,-107.00,-10.00,6.00,10.00,23.00,12.00,13395469,221
411.03,1567486376,9057.01,51.46051223,7.41843258,151.69,32.72,0.14,324.82,1,-107.00,-10.00,6.00,10.00,23.00,12.00,13395469,221
412.03,1567486377,9089.67,51.46074828,7.41816334,151.49,33.00,0.28,324.22,1,-101.00,-6.00,9.00,13.00,19.00,12.00,13395469,221
413.03,1567486378,9122.67,51.46098109,7.41788414,151.43,32.81,-0.19,322.87,1,-101.00,-6.00,9.00,13.00,19.00,12.00,13395469,221
414.03,1567486379,9155.51,51.46121777,7.41759710,151.43,33.03,0.22,322.05,1,-97.00,-4.00,19.00,15.00,24.00,12.00,13395469,221
415.03,1567486380,9188.54,51.46144431,7.41730456,151.32,32.77,-0.26,321.21,1,-97.00,-4.00,19.00,15.00,24.00,12.00,13395469,221
416.03,1567486381,9221.28,51.46166520,7.41700332,151.22,32.57,-0.21,320.02,1,-111.00,-6.00,1.00,7.00,16.00,12.00,13395469,221
417.03,1567486382,9253.85,51.46189133,7.41669995,151.17,32.55,-0.02,319.12,1,-111.00,-6.00,1.00,7.00,16.00,12.00,13395469,221
418.03,1567486383,9286.39,51.46211176,7.41638903,151.07,32.91,0.37,318.53,1,-96.00,-4.00,11.00,15.00,29.00,12.00,13395469,221
419.03,1567486384,9319.31,51.46232345,7.41607920,150.68,31.88,-1.03,317.44,1,-96.00,-4.00,11.00,15.00,29.00,12.00,13395469,221
420.03,1567486385,9351.19,51.46253259,7.41576239,150.61,31.29,-0.59,316.41,1,-98.00,-4.00,24.00,15.00,28.00,12.00,13395469,221
421.03,1567486386,9382.45,51.46273654,7.41545544,150.51,30.86,-0.44,315.69,1,-98.00,-4.00,24.00,15.00,28.00,12.00,13395469,221
422.03,1567486387,9413.34,51.46293169,7.41514399,150.45,30.87,0.01,314.81,1,-106.00,-6.00,-2.00,9.00,23.00,12.00,13395469,221
423.03,1567486388,9444.21,51.46312804,7.41483202,150.47,30.92,0.05,314.24,1,-106.00,-6.00,-2.00,9.00,23.00,12.00,13395469,221
424.03,1567486389,9475.16,51.46332149,7.41451033,150.48,30.90,-0.02,313.76,1,-101.00,-10.00,18.00,12.00,26.00,12.00,13395469,221
425.03,1567486390,9506.06,51.46351300,7.41418219,150.56,31.00,0.10,312.33,1,-101.00,-10.00,18.00,12.00,26.00,12.00,13395469,221
426.08,1567486391,9538.55,51.46370426,7.41385027,150.68,31.17,0.16,311.34,1,-112.00,-12.00,-1.00,6.00,17.00,5.00,13395469,221
427.03,1567486392,9568.22,51.46388650,7.41351183,150.87,31.22,0.06,310.76,1,-112.00,-12.00,-1.00,6.00,17.00,5.00,13395469,221
428.03,1567486393,9599.44,51.46407056,7.41316647,150.90,31.22,0.01,310.30,1,-112.00,-12.00,-1.00,6.00,17.00,5.00,13395469,221
429.03,1567486394,9630.67,51.46425428,7.41282246,150.92,31.37,0.14,310.07,1,-112.00,-6.00,-6.00,4.00,12.00,4.00,13395469,433
430.03,1567486395,9662.07,51.46443278,7.41247401,150.93,31.52,0.15,309.27,1,-112.00,-6.00,-6.00,4.00,12.00,4.00,13395469,433
431.03,1567486396,9693.55,51.46461349,7.41212305,150.90,31.59,0.07,308.69,1,-104.00,-4.00,14.00,12.00,19.00,4.00,13395469,221
432.03,1567486397,9725.11,51.46479333,7.41176886,150.90,31.68,0.09,308.29,1,-104.00,-4.00,14.00,12.00,19.00,4.00,13395469,221
433.03,1567486398,9756.86,51.46496537,7.41141137,150.83,31.73,0.05,308.19,1,-117.00,-9.00,-1.00,5.00,11.00,4.00,13395469,221
434.03,1567486399,9788.56,51.46513973,7.41104791,150.70,31.89,0.16,308.32,1,-117.00,-9.00,-1.00,5.00,11.00,4.00,13395469,221
435.03,1567486400,9820.41,51.46531352,7.41068462,150.59,31.91,0.02,308.27,1,-95.00,-7.00,0.00,15.00,36.00,5.00,13395458,112
436.03,1567486401,9852.32,51.46548759,7.41032364,150.50,31.85,-0.06,308.16,1,-95.00,-7.00,0.00,15.00,36.00,5.00,13395458,112
437.03,1567486402,9884.20,51.46566098,7.40996377,150.46,31.70,-0.15,307.91,1,-89.00,-5.00,15.00,14.00,36.00,5.00,13395458,112
438.03,1567486403,9915.83,51.46584233,7.40960414,150.78,31.55,-0.15,307.80,1,-89.00,-5.00,15.00,14.00,36.00,5.00,13395458,112
439.03,1567486404,9947.44,51.46601496,7.40924943,150.97,31.45,-0.09,307.77,1,-74.00,-3.00,4.00,1.00,51.00,5.00,13395458,112
440.03,1567486405,9978.90,51.46618751,7.40889217,151.03,31.61,0.15,308.07,1,-74.00,-3.00,4.00,1.00,51.00,5.00,13395458,112
441.03,1567486406,10010.50,51.46636069,7.40853349,151.09,31.62,0.02,308.18,1,-83.00,-3.00,-3.00,1.00,42.00,5.00,13395458,112
442.03,1567486407,10042.09,51.46653562,7.40817335,151.20,31.77,0.15,308.60,1,-83.00,-3.00,-3.00,1.00,42.00,5.00,13395458,112
443.03,1567486408,10073.80,51.46671195,7.40781122,151.29,32.06,0.29,308.83,1,-79.00,-3.00,21.00,2.00,53.00,6.00,13395458,112
444.03,1567486409,10105.92,51.46690040,7.40745221,151.60,32.23,0.17,309.32,1,-79.00,-3.00,21.00,2.00,53.00,6.00,13395458,112
445.03,1567486410,10138.16,51.46707947,7.40710223,151.94,31.83,-0.41,309.44,1,-89.00,-4.00,19.00,2.00,34.00,6.00,13395458,112
446.03,1567486411,10169.98,51.46726654,7.40674924,152.61,31.27,-0.56,309.96,1,-89.00,-4.00,19.00,2.00,34.00,6.00,13395458,112
447.04,1567486412,10201.59,51.46744734,7.40639776,153.52,30.87,-0.39,310.21,1,-110.00,-6.00,-5.00,2.00,15.00,6.00,13395469,221
448.03,1567486413,10232.15,51.46762890,7.40605494,154.43,30.70,-0.17,310.47,1,-110.00,-6.00,-5.00,2.00,15.00,6.00,13395469,221
449.03,1567486414,10262.89,51.46780748,7.40572131,155.49,30.48,-0.22,311.07,1,-110.00,-6.00,-5.00,2.00,15.00,6.00,13395469,221
450.03,1567486415,10293.37,51.46798725,7.40540277,156.23,30.29,-0.19,311.90,1,-113.00,-7.00,3.00,2.00,14.00,6.00,13395469,221
451.03,1567486416,10323.65,51.46817490,7.40508377,157.03,30.13,-0.15,313.35,1,-113.00,-7.00,3.00,2.00,14.00,6.00,13395469,221
452.04,1567486417,10353.88,51.46835616,7.40477773,157.63,29.28,-0.85,313.88,1,-114.00,-8.00,-4.00,2.00,14.00,6.00,13395469,221
453.04,1567486418,10383.16,51.46853392,7.40447817,158.02,28.52,-0.76,313.28,1,-114.00,-8.00,-4.00,2.00,14.00,6.00,13395469,221
454.04,1567486419,10411.68,51.46870189,7.40418584,158.20,27.47,-1.05,312.33,1,-120.00,-11.00,-4.00,2.00,10.00,6.00,13395469,221
455.04,1567486420,10439.15,51.46886615,7.40390260,158.19,26.97,-0.50,312.59,1,-120.00,-11.00,-4.00,2.00,10.00,6.00,13395469,221
456.04,1567486421,10466.12,51.46903639,7.40361087,158.58,26.68,-0.28,313.05,1,-123.00,-12.00,-1.00,2.00,7.00,6.00,13395469,221
457.04,1567486422,10492.88,51.46919868,7.40334301,158.49,26.75,0.07,314.02,1,-123.00,-12.00,-1.00,2.00,7.00,6.00,13395469,221
458.03,1567486423,10519.39,51.46937197,7.40305606,158.40,26.64,-0.12,313.92,1,-89.00,-5.00,12.00,2.00,37.00,6.00,13395458,112
459.03,1567486424,10546.05,51.46953635,7.40278136,158.84,26.78,0.14,314.46,1,-89.00,-5.00,12.00,2.00,37.00,6.00,13395458,112
460.03,1567486425,10572.88,51.46970073,7.40251685,159.63,26.81,0.03,314.79,1,-91.00,-6.00,1.00,2.00,34.00,6.00,13395458,112
461.03,1567486426,10599.69,51.46986218,7.40225017,159.97,26.97,0.16,314.93,1,-91.00,-6.00,1.00,2.00,34.00,6.00,13395458,112
462.04,1567486427,10626.72,51.47003163,7.40196710,160.58,27.21,0.24,315.02,1,-97.00,-10.00,-4.00,2.00,33.00,6.00,13022465,205
463.03,1567486428,10653.91,51.47020093,7.40168800,161.28,27.07,-0.15,314.95,1,-97.00,-10.00,-4.00,2.00,33.00,6.00,13022465,205
464.03,1567486429,10680.97,51.47037533,7.40141103,161.89,26.75,-0.31,315.49,1,-98.00,-11.00,5.00,2.00,32.00,6.00,13022465,205
465.03,1567486430,10707.72,51.47055143,7.40114185,162.36,26.55,-0.20,315.77,1,-98.00,-11.00,5.00,2.00,32.00,6.00,13022465,205
466.03,1567486431,10734.27,51.47072494,7.40087169,162.84,26.60,0.05,315.84,1,-99.00,-9.00,4.00,2.00,30.00,6.00,13022465,205
467.04,1567486432,10760.92,51.47089658,7.40061979,163.17,25.83,-0.76,317.43,1,-99.00,-9.00,4.00,2.00,30.00,6.00,13022465,205
468.04,1567486433,10786.96,51.47106679,7.40037160,163.56,25.47,-0.36,316.82,1,-98.00,-8.00,6.00,2.00,29.00,6.00,13022465,205
469.04,1567486434,10812.21,51.47123344,7.40012421,163.88,24.90,-0.58,316.65,1,-98.00,-8.00,6.00,2.00,29.00,6.00,13022465,205
470.04,1567486435,10837.11,51.47139667,7.39987359,164.47,24.31,-0.59,317.12,1,-98.00,-8.00,6.00,2.00,29.00,6.00,13022465,205
471.04,1567486436,10861.44,51.47155073,7.39963640,164.99,23.79,-0.52,318.04,1,-99.00,-7.00,3.00,2.00,30.00,6.00,13022465,205
472.04,1567486437,10885.30,51.47170561,7.39940235,165.48,23.19,-0.59,317.50,1,-99.00,-7.00,3.00,2.00,30.00,6.00,13022465,205
473.03,1567486438,10908.35,51.47185868,7.39917280,165.93,22.87,-0.32,318.06,1,-113.00,-9.00,10.00,2.00,9.00,6.00,13067529,354
474.03,1567486439,10931.22,51.47201688,7.39894845,166.17,22.48,-0.39,318.76,1,-113.00,-9.00,10.00,2.00,9.00,6.00,13067529,354
475.03,1567486440,10953.66,51.47216778,7.39873598,166.30,22.41,-0.08,318.36,1,-111.00,-6.00,15.00,2.00,11.00,6.00,13067529,354
476.03,1567486441,10976.07,51.47231509,7.39852450,166.44,22.34,-0.07,319.89,1,-111.00,-6.00,15.00,2.00,11.00,6.00,13067529,354
477.03,1567486442,10998.43,51.47246783,7.39831708,166.32,22.38,0.05,319.11,1,-111.00,-6.00,13.00,2.00,13.00,6.00,13067529,354
478.03,1567486443,11020.81,51.47261805,7.39810220,166.44,22.07,-0.32,318.84,1,-111.00,-6.00,13.00,2.00,13.00,6.00,13067529,354
479.03,1567486444,11042.88,51.47277144,7.39788795,166.72,22.69,0.62,319.06,1,-111.00,-6.00,12.00,2.00,13.00,6.00,13067529,354
480.03,1567486445,11065.56,51.47292701,7.39767686,166.63,22.64,-0.05,320.04,1,-111.00,-6.00,12.00,2.00,13.00,6.00,13067529,354
481.03,1567486446,11088.18,51.47308169,7.39747586,166.04,23.12,0.48,320.19,1,-110.00,-5.00,10.00,2.00,14.00,6.00,13067529,354
482.03,1567486447,11111.33,51.47324493,7.39725941,165.60,23.06,-0.07,320.15,1,-110.00,-5.00,10.00,2.00,14.00,6.00,13067529,354
483.03,1567486448,11134.39,51.47341184,7.39704470,165.58,23.58,0.52,321.15,1,-110.00,-5.00,10.00,2.00,14.00,6.00,13067529,354
484.03,1567486449,11157.97,51.47357878,7.39682609,165.80,23.53,-0.05,321.05,1,-110.00,-5.00,10.00,2.00,14.00,6.00,13067529,354
485.03,1567486450,11181.47,51.47374992,7.39659997,165.68,23.91,0.38,321.18,1,-110.00,-6.00,7.00,2.00,14.00,6.00,13067529,354
486.03,1567486451,11205.40,51.47392495,7.39636844,165.62,24.42,0.51,321.97,1,-110.00,-6.00,7.00,2.00,14.00,6.00,13067529,354
487.03,1567486452,11229.83,51.47409871,7.39615875,165.96,24.53,0.10,322.25,1,-115.00,-6.00,5.00,2.00,9.00,6.00,13067529,354
488.03,1567486453,11254.35,51.47427098,7.39594712,166.14,24.78,0.25,322.25,1,-115.00,-6.00,5.00,2.00,9.00,6.00,13067529,354
489.04,1567486454,11279.28,51.47445365,7.39572664,166.60,24.91,0.13,323.13,1,-113.00,-5.00,9.00,12.00,10.00,13.00,13067529,354
490.03,1567486455,11304.01,51.47463718,7.39551685,167.03,25.14,0.24,324.29,1,-113.00,-5.00,9.00,12.00,10.00,13.00,13067529,354
491.03,1567486456,11329.15,51.47482202,7.39531751,167.35,25.42,0.28,325.78,1,-113.00,-5.00,9.00,12.00,10.00,13.00,13067529,354
492.03,1567486457,11354.55,51.47501401,7.39511035,167.51,25.47,0.05,325.57,1,-110.00,-5.00,10.00,11.00,12.00,13.00,13067529,354
493.03,1567486458,11380.04,51.47520799,7.39489997,167.92,25.81,0.34,326.65,1,-110.00,-5.00,10.00,11.00,12.00,13.00,13067529,354
494.03,1567486459,11405.85,51.47540837,7.39470234,168.71,26.09,0.28,328.23,1,-106.00,-4.00,14.00,11.00,17.00,13.00,13067529,354
495.03,1567486460,11431.92,51.47559935,7.39452760,169.73,25.78,-0.31,329.36,1,-106.00,-4.00,14.00,11.00,17.00,13.00,13067529,354
496.03,1567486461,11457.70,51.47579260,7.39434666,170.64,25.48,-0.30,330.23,1,-102.00,-4.00,14.00,11.00,20.00,13.00,13067529,354
497.03,1567486462,11483.20,51.47597931,7.39417804,171.21,24.51,-0.97,330.38,1,-102.00,-4.00,14.00,11.00,20.00,13.00,13067529,354
498.03,1567486463,11507.70,51.47616727,7.39401258,172.15,23.83,-0.68,331.08,1,-105.00,-4.00,14.00,11.00,18.00,13.00,13067529,354
499.03,1567486464,11531.53,51.47635837,7.39386471,173.09,23.27,-0.56,333.33,1,-105.00,-4.00,14.00,11.00,18.00,13.00,13067529,354
500.03,1567486465,11554.85,51.47653348,7.39373480,173.42,22.56,-0.71,334.39,1,-62.00,-4.00,15.00,6.00,63.00,5.00,13022465,205
501.03,1567486466,11577.30,51.47671346,7.39360175,173.80,22.05,-0.51,334.91,1,-62.00,-4.00,15.00,6.00,63.00,5.00,13022465,205
502.03,1567486467,11599.37,51.47689093,7.39346769,174.18,21.60,-0.45,334.92,1,-71.00,-4.00,26.00,15.00,54.00,5.00,13022465,205
503.03,1567486468,11620.97,51.47706413,7.39333860,174.24,20.90,-0.70,335.38,1,-71.00,-4.00,26.00,15.00,54.00,5.00,13022465,205
504.03,1567486469,11641.91,51.47724103,7.39322859,174.12,20.23,-0.67,337.90,1,-70.00,-10.00,25.00,15.00,61.00,5.00,13022465,205
505.03,1567486470,11662.14,51.47741295,7.39315053,173.78,19.79,-0.43,343.37,1,-70.00,-10.00,25.00,15.00,61.00,5.00,13022465,205
506.03,1567486471,11681.93,51.47759888,7.39309226,173.86,19.41,-0.39,348.64,1,-70.00,-5.00,31.00,15.00,58.00,5.00,13022465,205
507.03,1567486472,11701.34,51.47778821,7.39305013,174.01,18.95,-0.46,353.76,1,-70.00,-5.00,31.00,15.00,58.00,5.00,13022465,205
508.03,1567486473,11720.29,51.47796759,7.39302985,174.52,18.53,-0.42,356.03,1,-60.00,-4.00,38.00,15.00,63.00,5.00,13022465,205
509.03,1567486474,11738.80,51.47813314,7.39307222,174.93,18.03,-0.50,8.62,1,-60.00,-4.00,38.00,15.00,63.00,5.00,13022465,205
510.04,1567486475,11756.99,51.47828807,7.39312047,175.21,17.48,-0.54,11.15,1,-81.00,-4.00,25.00,15.00,43.00,5.00,13022465,205
511.03,1567486476,11774.34,51.47843468,7.39318054,175.06,16.73,-0.76,14.77,1,-81.00,-4.00,25.00,15.00,43.00,5.00,13022465,205
512.03,1567486477,11791.07,51.47856856,7.39325803,175.18,16.42,-0.31,18.59,1,-81.00,-4.00,25.00,15.00,43.00,5.00,13022465,205
513.03,1567486478,11807.49,51.47869781,7.39335955,175.75,16.49,0.08,22.34,1,-82.00,-4.00,26.00,15.00,43.00,5.00,13022465,205
514.03,1567486479,11824.00,51.47882277,7.39346706,176.25,16.15,-0.35,24.72,1,-82.00,-4.00,26.00,15.00,43.00,5.00,13022465,205
515.03,1567486480,11840.13,51.47894580,7.39358902,176.80,15.01,-1.14,27.94,1,-88.00,-5.00,21.00,14.00,38.00,5.00,13022465,205
516.03,1567486481,11855.14,51.47906320,7.39371088,177.00,14.18,-0.83,27.09,1,-88.00,-5.00,21.00,14.00,38.00,5.00,13022465,205
517.03,1567486482,11869.34,51.47918950,7.39378087,177.44,13.53,-0.65,12.24,1,-70.00,-3.00,13.00,2.00,52.00,5.00,13067529,354
518.03,1567486483,11882.87,51.47930591,7.39382713,178.24,13.12,-0.41,8.21,1,-70.00,-3.00,13.00,2.00,52.00,5.00,13067529,354
519.03,1567486484,11896.00,51.47941146,7.39381374,179.12,12.96,-0.17,347.15,1,-76.00,-3.00,22.00,2.00,46.00,5.00,13067529,354
520.03,1567486485,11908.94,51.47951960,7.39377873,180.08,13.03,0.08,344.12,1,-76.00,-3.00,22.00,2.00,46.00,5.00,13067529,354
521.03,1567486486,11921.99,51.47961870,7.39372421,181.14,12.91,-0.13,340.37,1,-79.00,-3.00,25.00,2.00,41.00,5.00,13067529,354
522.03,1567486487,11934.89,51.47971976,7.39365608,181.94,12.57,-0.34,337.95,1,-79.00,-3.00,25.00,2.00,41.00,5.00,13067529,354
523.03,1567486488,11947.46,51.47982898,7.39358007,182.93,12.41,-0.16,336.47,1,-83.00,-3.00,25.00,2.00,38.00,5.00,13067529,354
524.03,1567486489,11959.87,51.47993505,7.39350478,184.23,11.85,-0.57,337.00,1,-83.00,-3.00,25.00,2.00,38.00,5.00,13067529,354
525.03,1567486490,11971.70,51.48002911,7.39344876,185.08,11.10,-0.75,340.82,1,-74.00,-3.00,30.00,2.00,47.00,5.00,13067529,354
526.03,1567486491,11982.80,51.48013401,7.39343430,185.61,11.01,-0.09,357.54,1,-74.00,-3.00,30.00,2.00,47.00,5.00,13067529,354
527.03,1567486492,11993.82,51.48022067,7.39347470,185.71,10.66,-0.35,20.80,1,-71.00,-3.00,31.00,2.00,50.00,5.00,13067529,354
528.03,1567486493,12004.48,51.48029231,7.39357046,185.49,11.13,0.46,42.40,1,-71.00,-3.00,31.00,2.00,50.00,5.00,13067529,354
529.03,1567486494,12015.61,51.48035655,7.39371049,185.83,11.27,0.15,58.97,1,-69.00,-3.00,31.00,2.00,53.00,5.00,13067529,354
530.03,1567486495,12026.88,51.48040720,7.39384104,186.07,12.29,1.02,59.52,1,-69.00,-3.00,31.00,2.00,53.00,5.00,13067529,354
531.04,1567486496,12039.27,51.48045957,7.39398784,186.05,13.18,0.88,60.27,1,-72.00,-3.00,32.00,2.00,51.00,5.00,13067529,354
532.03,1567486497,12052.33,51.48051600,7.39414335,185.85,14.15,0.98,59.65,1,-72.00,-3.00,32.00,2.00,51.00,5.00,13067529,354
533.03,1567486498,12066.44,51.48058334,7.39432922,185.64,15.07,0.92,59.90,1,-72.00,-3.00,32.00,2.00,51.00,5.00,13067529,354
534.03,1567486499,12081.60,51.48065381,7.39452701,185.48,15.90,0.82,60.15,1,-88.00,-5.00,22.00,15.00,34.00,5.00,13067529,354
535.03,1567486500,12097.48,51.48072528,7.39472618,185.38,16.68,0.78,60.14,1,-88.00,-5.00,22.00,15.00,34.00,5.00,13067529,354
536.03,1567486501,12114.11,51.48079990,7.39493921,185.62,17.44,0.77,60.46,1,-82.00,-4.00,25.00,15.00,43.00,5.00,28365058,354
537.03,1567486502,12131.58,51.48088057,7.39515866,185.87,17.79,0.35,59.53,1,-82.00,-4.00,25.00,15.00,43.00,5.00,28365058,354
538.03,1567486503,12149.39,51.48096177,7.39537537,185.85,17.72,-0.07,60.42,1,-98.00,-10.00,4.00,6.00,28.00,12.00,13532162,198
539.03,1567486504,12167.13,51.48104231,7.39560027,186.14,17.58,-0.14,59.76,1,-98.00,-10.00,4.00,6.00,28.00,12.00,13532162,198
540.03,1567486505,12184.67,51.48112065,7.39581758,186.30,17.48,-0.10,60.42,1,-94.00,-8.00,-1.00,11.00,31.00,12.00,13532162,198
541.03,1567486506,12202.15,51.48119845,7.39603288,186.24,17.36,-0.12,60.39,1,-94.00,-8.00,-1.00,11.00,31.00,12.00,13532162,198
542.03,1567486507,12219.52,51.48127553,7.39625725,186.35,17.30,-0.06,60.07,1,-88.00,-6.00,8.00,12.00,35.00,12.00,13532162,198
543.03,1567486508,12236.83,51.48135131,7.39647042,186.35,17.24,-0.06,59.79,1,-88.00,-6.00,8.00,12.00,35.00,12.00,13532162,198
544.03,1567486509,12254.05,51.48143177,7.39668244,186.39,16.90,-0.34,59.03,1,-95.00,-7.00,-1.00,10.00,29.00,12.00,13532162,198
545.03,1567486510,12270.97,51.48150881,7.39688387,186.59,16.59,-0.31,58.68,1,-95.00,-7.00,-1.00,10.00,29.00,12.00,13532162,198
546.03,1567486511,12287.62,51.48158696,7.39708473,186.69,16.18,-0.42,57.96,1,-109.00,-13.00,-5.00,4.00,24.00,12.00,13532162,198
547.03,1567486512,12303.79,51.48166761,7.39728370,186.95,15.77,-0.41,57.21,1,-109.00,-13.00,-5.00,4.00,24.00,12.00,13532162,198
548.03,1567486513,12319.54,51.48175037,7.39747246,187.59,15.27,-0.49,56.29,1,-104.00,-10.00,-4.00,5.00,24.00,12.00,13532162,198
549.03,1567486514,12334.82,51.48182997,7.39764503,188.13,14.33,-0.95,54.99,1,-104.00,-10.00,-4.00,5.00,24.00,12.00,13532162,198
550.03,1567486515,12349.14,51.48189944,7.39779806,188.73,12.45,-1.88,53.65,1,-101.00,-8.00,1.00,2.00,26.00,12.00,13532162,198
551.03,1567486516,12361.59,51.48196588,7.39793735,189.51,10.94,-1.51,52.35,1,-101.00,-8.00,1.00,2.00,26.00,12.00,13532162,198
552.04,1567486517,12372.60,51.48202739,7.39806325,190.30,9.53,-1.40,51.36,1,-74.00,-4.00,28.00,2.00,46.00,12.00,13067528,356
553.03,1567486518,12382.05,51.48207867,7.39815362,190.58,8.03,-1.52,50.40,1,-74.00,-4.00,28.00,2.00,46.00,12.00,13067528,356
554.03,1567486519,12390.08,51.48212677,7.39823559,191.13,6.74,-1.29,49.07,1,-74.00,-4.00,28.00,2.00,46.00,12.00,13067528,356
555.03,1567486520,12396.82,51.48216233,7.39830232,191.82,5.31,-1.42,48.67,1,-111.00,-8.00,12.00,2.00,14.00,12.00,13532175,337
556.03,1567486521,12402.12,51.48219995,7.39835850,191.86,4.48,-0.84,48.11,1,-111.00,-8.00,12.00,2.00,14.00,12.00,13532175,337
557.03,1567486522,12406.61,51.48222190,7.39840142,191.89,2.62,-1.85,47.30,1,-108.00,-4.00,11.00,2.00,16.00,12.00,13532175,337
558.03,1567486523,12409.23,51.48223503,7.39840865,191.86,1.64,-0.98,47.30,1,-108.00,-4.00,11.00,2.00,16.00,12.00,13532175,337
559.03,1567486524,12410.87,51.48224645,7.39841407,191.86,1.12,-0.52,47.30,1,-107.00,-4.00,14.00,12.00,18.00,9.00,13532175,337
560.03,1567486525,12411.99,51.48224645,7.39841407,191.86,0.00,-1.12,47.30,1,-107.00,-4.00,14.00,12.00,18.00,9.00,13532175,337
561.03,1567486526,12411.99,51.48224645,7.39841407,191.86,0.00,0.00,47.30,1,-105.00,-5.00,19.00,14.00,21.00,9.00,13532175,337
562.03,1567486527,12411.99,51.48224645,7.39841407,191.86,0.00,0.00,47.30,1,-105.00,-5.00,19.00,14.00,21.00,9.00,13532175,337
563.03,1567486528,12411.99,51.48224645,7.39841407,191.85,0.00,0.00,47.30,1,-105.00,-6.00,31.00,14.00,23.00,9.00,13532175,337
564.03,1567486529,12411.99,51.48224645,7.39841407,191.85,0.00,0.00,47.30,1,-105.00,-6.00,31.00,14.00,23.00,9.00,13532175,337
565.03,1567486530,12411.99,51.48224645,7.39841407,191.84,0.00,0.00,47.30,1,-106.00,-5.00,29.00,14.00,20.00,9.00,13532175,337
566.03,1567486531,12411.99,51.48224645,7.39841407,191.83,0.00,0.00,47.30,1,-106.00,-5.00,29.00,14.00,20.00,9.00,13532175,337
567.03,1567486532,12411.99,51.48224645,7.39841407,191.82,0.00,0.00,47.30,1,-106.00,-4.00,16.00,13.00,19.00,9.00,13532175,337
568.03,1567486533,12411.99,51.48224645,7.39841407,191.81,0.00,0.00,47.30,1,-106.00,-4.00,16.00,13.00,19.00,9.00,13532175,337
569.03,1567486534,12411.99,51.48224645,7.39841407,191.80,0.00,0.00,47.30,1,-101.00,-4.00,18.00,2.00,34.00,9.00,13532175,337
570.03,1567486535,12411.99,51.48224645,7.39841407,191.79,0.00,0.00,47.30,1,-101.00,-4.00,18.00,2.00,34.00,9.00,13532175,337
571.03,1567486536,12411.99,51.48224645,7.39841407,191.78,0.00,0.00,47.30,1,-101.00,-4.00,17.00,2.00,34.00,9.00,13532175,337
572.03,1567486537,12411.99,51.48224645,7.39841407,191.77,0.00,0.00,47.30,1,-101.00,-4.00,17.00,2.00,34.00,9.00,13532175,337
573.04,1567486538,12411.99,51.48224645,7.39841407,191.77,0.00,0.00,47.30,1,-106.00,-4.00,19.00,14.00,21.00,9.00,13532175,337
574.03,1567486539,12411.99,51.48224645,7.39841407,191.76,0.00,0.00,47.30,1,-106.00,-4.00,19.00,14.00,21.00,9.00,13532175,337
575.03,1567486540,12411.99,51.48224645,7.39841407,191.74,0.00,0.00,47.30,1,-106.00,-4.00,19.00,14.00,21.00,9.00,13532175,337
576.03,1567486541,12411.99,51.48224645,7.39841407,191.73,0.00,0.00,47.30,1,-105.00,-4.00,17.00,14.00,21.00,9.00,13532175,337
577.03,1567486542,12411.99,51.48224645,7.39841407,191.72,0.00,0.00,47.30,1,-105.00,-4.00,17.00,14.00,21.00,9.00,13532175,337
578.03,1567486543,12411.99,51.48224645,7.39841407,191.71,0.00,0.00,47.30,1,-106.00,-4.00,18.00,15.00,21.00,9.00,13532175,337
579.03,1567486544,12411.99,51.48224645,7.39841407,191.70,0.00,0.00,47.30,1,-106.00,-4.00,18.00,15.00,21.00,9.00,13532175,337
580.03,1567486545,12411.99,51.48224645,7.39841407,191.69,0.00,0.00,47.30,1,-104.00,-4.00,21.00,14.00,22.00,9.00,13532175,337
581.03,1567486546,12411.99,51.48224645,7.39841407,191.69,0.00,0.00,47.30,1,-104.00,-4.00,21.00,14.00,22.00,9.00,13532175,337
582.03,1567486547,12411.99,51.48224645,7.39841407,191.65,0.00,0.00,47.30,1,-104.00,-4.00,19.00,15.00,22.00,9.00,13532175,337
583.03,1567486548,12411.99,51.48224645,7.39841407,191.61,0.00,0.00,39.68,1,-104.00,-4.00,19.00,15.00,22.00,9.00,13532175,337
584.03,1567486549,12411.99,51.48231411,7.39850366,191.13,0.00,0.00,41.70,1,-106.00,-5.00,13.00,12.00,17.00,9.00,13532175,337
585.03,1567486550,12411.99,51.48236025,7.39856778,191.08,6.94,0.00,41.08,1,-106.00,-5.00,13.00,12.00,17.00,9.00,13532175,337
586.03,1567486551,12418.93,51.48241283,7.39864198,191.29,7.17,0.23,41.49,1,-110.00,-5.00,5.00,6.00,14.00,9.00,13532175,337
587.03,1567486552,12426.12,51.48245911,7.39870410,191.17,7.42,0.25,41.03,1,-110.00,-5.00,5.00,6.00,14.00,9.00,13532175,337
588.03,1567486553,12433.52,51.48252330,7.39878548,191.24,9.08,1.67,39.92,1,-113.00,-6.00,-1.00,5.00,12.00,9.00,13532175,337
589.03,1567486554,12442.62,51.48259402,7.39887474,191.17,9.95,0.87,38.99,1,-113.00,-6.00,-1.00,5.00,12.00,9.00,13532175,337
590.03,1567486555,12452.56,51.48267076,7.39896239,191.14,10.25,0.30,38.10,1,-105.00,-4.00,-3.00,6.00,16.00,9.00,13532175,337
591.03,1567486556,12462.80,51.48274332,7.39904780,191.00,10.72,0.47,37.09,1,-105.00,-4.00,-3.00,6.00,16.00,9.00,13532175,337
592.03,1567486557,12473.53,51.48281873,7.39914031,190.89,11.39,0.67,36.39,1,-104.00,-4.00,-2.00,8.00,19.00,9.00,13532175,337
593.03,1567486558,12484.91,51.48290277,7.39923436,190.35,12.30,0.91,35.54,1,-104.00,-4.00,-2.00,8.00,19.00,9.00,13532175,337
594.04,1567486559,12497.31,51.48299696,7.39933956,189.82,12.89,0.59,34.74,1,-102.00,-4.00,-2.00,8.00,23.00,9.00,13532175,337
595.03,1567486560,12510.10,51.48310260,7.39945007,189.63,13.14,0.25,34.16,1,-102.00,-4.00,-2.00,8.00,23.00,9.00,13532175,337
596.03,1567486561,12523.24,51.48319857,7.39955432,189.20,13.13,-0.01,33.83,1,-102.00,-4.00,-2.00,8.00,23.00,9.00,13532175,337
597.03,1567486562,12536.36,51.48328851,7.39965074,188.98,13.38,0.25,33.88,1,-104.00,-4.00,-2.00,8.00,19.00,9.00,13532175,337
598.03,1567486563,12549.73,51.48338633,7.39975718,188.78,13.79,0.41,34.43,1,-104.00,-4.00,-2.00,8.00,19.00,9.00,13532175,337
599.03,1567486564,12563.54,51.48349321,7.39986982,188.57,14.29,0.50,34.62,1,-103.00,-8.00,4.00,6.00,26.00,8.00,13532163,200
600.03,1567486565,12577.81,51.48360250,7.39998999,188.15,14.30,0.00,34.35,1,-103.00,-8.00,4.00,6.00,26.00,8.00,13532163,200
601.03,1567486566,12592.12,51.48371148,7.40011107,187.87,14.53,0.23,34.88,1,-100.00,-10.00,1.00,8.00,31.00,8.00,13532163,200
602.03,1567486567,12606.64,51.48381906,7.40023450,187.67,14.90,0.37,35.31,1,-100.00,-10.00,1.00,8.00,31.00,8.00,13532163,200
603.03,1567486568,12621.54,51.48393452,7.40036565,187.18,14.97,0.07,36.19,1,-98.00,-8.00,-3.00,9.00,30.00,8.00,13532163,200
604.03,1567486569,12636.52,51.48404131,7.40049726,186.97,15.22,0.25,36.73,1,-98.00,-8.00,-3.00,9.00,30.00,8.00,13532163,200
605.03,1567486570,12651.75,51.48415417,7.40063653,187.11,15.17,-0.05,36.88,1,-100.00,-8.00,-2.00,9.00,27.00,8.00,13532163,200
606.03,1567486571,12666.92,51.48426202,7.40076809,187.35,14.82,-0.35,37.65,1,-100.00,-8.00,-2.00,9.00,27.00,8.00,13532163,200
607.03,1567486572,12681.74,51.48436562,7.40090314,187.46,14.64,-0.17,38.85,1,-96.00,-9.00,5.00,11.00,30.00,8.00,13532163,200
608.03,1567486573,12696.38,51.48446645,7.40103473,186.71,14.22,-0.42,39.75,1,-96.00,-9.00,5.00,11.00,30.00,8.00,13532163,200
609.03,1567486574,12710.58,51.48456038,7.40116924,186.34,13.72,-0.50,40.98,1,-98.00,-8.00,10.00,9.00,30.00,8.00,13532163,200
610.03,1567486575,12724.30,51.48464753,7.40130474,185.93,13.24,-0.48,42.02,1,-98.00,-8.00,10.00,9.00,30.00,8.00,13532163,200
611.03,1567486576,12737.54,51.48472853,7.40142990,185.56,12.88,-0.36,42.51,1,-102.00,-11.00,-5.00,2.00,39.00,8.00,13532163,200
612.03,1567486577,12750.40,51.48481230,7.40156243,185.59,12.82,-0.06,43.32,1,-102.00,-11.00,-5.00,2.00,39.00,8.00,13532163,200
613.03,1567486578,12763.25,51.48489647,7.40169608,185.77,13.42,0.59,43.83,1,-108.00,-4.00,5.00,2.00,16.00,8.00,13532175,337
614.03,1567486579,12776.66,51.48498254,7.40183819,185.77,13.73,0.31,44.50,1,-108.00,-4.00,5.00,2.00,16.00,8.00,13532175,337
615.04,1567486580,12790.48,51.48506398,7.40197220,185.83,13.72,-0.01,45.19,1,-110.00,-6.00,7.00,2.00,16.00,8.00,13532175,337
616.03,1567486581,12804.09,51.48514658,7.40211422,185.99,13.64,-0.08,45.97,1,-110.00,-6.00,7.00,2.00,16.00,8.00,13532175,337
617.03,1567486582,12817.73,51.48522631,7.40225453,186.13,13.85,0.22,46.82,1,-110.00,-6.00,7.00,2.00,16.00,8.00,13532175,337
618.03,1567486583,12831.51,51.48531305,7.40241426,186.74,14.36,0.51,47.59,1,-110.00,-6.00,16.00,2.00,16.00,8.00,13532175,337
619.03,1567486584,12845.90,51.48539584,7.40256703,186.92,14.59,0.23,48.45,1,-110.00,-6.00,16.00,2.00,16.00,8.00,13532175,337
620.03,1567486585,12860.53,51.48547850,7.40272667,186.99,14.48,-0.11,49.25,1,-109.00,-6.00,18.00,2.00,17.00,8.00,13532175,337
621.03,1567486586,12874.99,51.48556219,7.40289134,187.08,14.96,0.48,49.92,1,-109.00,-6.00,18.00,2.00,17.00,8.00,13532175,337
622.03,1567486587,12889.97,51.48564740,7.40306270,186.99,15.35,0.39,50.64,1,-108.00,-5.00,10.00,2.00,16.00,8.00,13532175,337
623.03,1567486588,12905.32,51.48573262,7.40323725,186.81,15.70,0.35,51.75,1,-108.00,-5.00,10.00,2.00,16.00,8.00,13532175,337
624.03,1567486589,12921.02,51.48581863,7.40341705,186.78,15.63,-0.06,52.69,1,-108.00,-6.00,16.00,2.00,18.00,8.00,13532175,337
625.03,1567486590,12936.67,51.48589692,7.40359217,186.21,15.55,-0.08,53.65,1,-108.00,-6.00,16.00,2.00,18.00,8.00,13532175,337
626.03,1567486591,12952.21,51.48597911,7.40378065,185.80,15.70,0.14,54.10,1,-108.00,-6.00,16.00,2.00,18.00,8.00,13532175,337
627.03,1567486592,12967.90,51.48605411,7.40395940,185.28,15.49,-0.20,54.72,1,-108.00,-6.00,16.00,2.00,18.00,8.00,13532175,337
628.03,1567486593,12983.40,51.48613716,7.40415744,184.62,15.70,0.21,55.50,1,-104.00,-4.00,19.00,2.00,20.00,8.00,13532175,337
629.03,1567486594,12999.10,51.48621167,7.40434657,184.00,15.88,0.18,56.69,1,-104.00,-4.00,19.00,2.00,20.00,8.00,13532175,337
630.03,1567486595,13014.97,51.48628617,7.40454283,183.61,15.85,-0.03,57.33,1,-103.00,-3.00,25.00,2.00,20.00,8.00,13532175,337
631.03,1567486596,13030.83,51.48636219,7.40475196,182.71,15.93,0.08,58.39,1,-103.00,-3.00,25.00,2.00,20.00,8.00,13532175,337
632.03,1567486597,13046.76,51.48643942,7.40496981,181.96,16.47,0.54,58.98,1,-102.00,-3.00,22.00,2.00,20.00,8.00,13532175,337
633.04,1567486598,13063.33,51.48651557,7.40518884,180.96,16.67,0.20,59.44,1,-102.00,-3.00,22.00,2.00,20.00,8.00,13532175,337
634.03,1567486599,13079.93,51.48658943,7.40540139,180.14,16.73,0.06,60.06,1,-105.00,-4.00,16.00,14.00,19.00,8.00,13532175,337
635.03,1567486600,13096.61,51.48666158,7.40561575,179.29,16.62,-0.11,60.79,1,-105.00,-4.00,16.00,14.00,19.00,8.00,13532175,337
636.03,1567486601,13113.23,51.48672845,7.40582372,178.59,16.71,0.09,61.41,1,-112.00,-6.00,9.00,10.00,12.00,8.00,13532175,337
637.03,1567486602,13129.96,51.48679016,7.40603498,178.08,16.82,0.11,62.54,1,-112.00,-6.00,9.00,10.00,12.00,8.00,13532175,337
638.04,1567486603,13146.92,51.48685143,7.40625972,177.61,16.82,-0.01,64.03,1,-119.00,-8.00,2.00,6.00,9.00,8.00,13532175,337
639.03,1567486604,13163.63,51.48691704,7.40650203,177.54,17.05,0.24,65.48,1,-119.00,-8.00,2.00,6.00,9.00,8.00,13532175,337
640.03,1567486605,13180.67,51.48697172,7.40672499,177.41,17.32,0.27,66.78,1,-119.00,-8.00,2.00,6.00,9.00,8.00,13532175,337
641.03,1567486606,13197.97,51.48702681,7.40696768,176.95,17.34,0.02,68.42,1,-98.00,-3.00,3.00,15.00,28.00,14.00,13067528,356
642.03,1567486607,13215.29,51.48707843,7.40720201,176.18,17.11,-0.23,68.96,1,-98.00,-3.00,3.00,15.00,28.00,14.00,13067528,356
643.03,1567486608,13232.40,51.48712538,7.40743719,175.14,17.35,0.24,70.14,1,-101.00,-3.00,13.00,15.00,21.00,14.00,13067528,356
644.03,1567486609,13249.77,51.48716870,7.40767224,173.94,17.41,0.06,71.26,1,-101.00,-3.00,13.00,15.00,21.00,14.00,13067528,356
645.03,1567486610,13267.18,51.48720671,7.40790475,172.79,16.92,-0.49,72.60,1,-106.00,-4.00,13.00,12.00,16.00,14.00,13067528,356
646.03,1567486611,13284.11,51.48724582,7.40814602,171.53,16.92,-0.00,73.74,1,-106.00,-4.00,13.00,12.00,16.00,14.00,13067528,356
647.03,1567486612,13301.03,51.48728209,7.40838600,170.69,16.89,-0.03,74.91,1,-110.00,-5.00,-2.00,10.00,13.00,14.00,13067528,356
648.03,1567486613,13317.92,51.48732221,7.40865137,170.17,17.40,0.51,75.94,1,-110.00,-5.00,-2.00,10.00,13.00,14.00,13067528,356
649.03,1567486614,13335.37,51.48735821,7.40890640,170.01,17.56,0.16,76.66,1,-115.00,-7.00,0.00,2.00,7.00,14.00,13067528,356
650.03,1567486615,13352.91,51.48738688,7.40914306,170.18,17.34,-0.22,78.01,1,-115.00,-7.00,0.00,2.00,7.00,14.00,13067528,356
651.03,1567486616,13370.22,51.48741532,7.40938465,170.29,17.14,-0.19,78.83,1,-108.00,-4.00,11.00,2.00,14.00,14.00,13532175,337
652.03,1567486617,13387.36,51.48743826,7.40962151,170.55,16.87,-0.28,79.27,1,-108.00,-4.00,11.00,2.00,14.00,14.00,13532175,337
653.03,1567486618,13404.21,51.48746662,7.40987379,171.03,16.55,-0.31,79.72,1,-109.00,-4.00,10.00,2.00,14.00,14.00,13532175,337
654.03,1567486619,13420.78,51.48749187,7.41010419,171.43,15.92,-0.63,80.25,1,-109.00,-4.00,10.00,2.00,14.00,14.00,13532175,337
655.03,1567486620,13436.68,51.48750855,7.41031904,171.65,14.77,-1.14,81.06,1,-113.00,-6.00,10.00,10.00,12.00,11.00,13532175,337
656.03,1567486621,13451.42,51.48751720,7.41050062,171.72,12.71,-2.07,82.07,1,-113.00,-6.00,10.00,10.00,12.00,11.00,13532175,337
657.03,1567486622,13464.18,51.48752433,7.41067140,171.76,10.09,-2.60,83.47,1,-113.00,-6.00,8.00,9.00,11.00,11.00,13532175,337
658.03,1567486623,13474.28,51.48752775,7.41079031,171.47,7.74,-2.35,82.83,1,-113.00,-6.00,8.00,9.00,11.00,11.00,13532175,337
659.04,1567486624,13482.07,51.48755675,7.41088721,171.55,7.05,-0.69,61.18,1,-114.00,-6.00,6.00,8.00,10.00,11.00,13532175,337
660.03,1567486625,13489.06,51.48759795,7.41095202,171.80,6.71,-0.33,36.23,1,-114.00,-6.00,6.00,8.00,10.00,11.00,13532175,337
661.03,1567486626,13495.77,51.48764623,7.41098783,172.10,6.98,0.27,14.39,1,-114.00,-6.00,6.00,8.00,10.00,11.00,13532175,337
662.03,1567486627,13502.77,51.48769023,7.41100488,171.33,6.82,-0.16,1.35,1,-116.00,-7.00,4.00,7.00,10.00,11.00,13532175,337
663.03,1567486628,13509.59,51.48774109,7.41101432,170.54,7.34,0.52,358.98,1,-116.00,-7.00,4.00,7.00,10.00,11.00,13532175,337
664.03,1567486629,13516.93,51.48780976,7.41100662,169.80,8.15,0.81,357.76,1,-117.00,-7.00,4.00,7.00,9.00,11.00,13532175,337
665.03,1567486630,13525.07,51.48789014,7.41099564,169.19,9.69,1.54,356.33,1,-117.00,-7.00,4.00,7.00,9.00,11.00,13532175,337
666.03,1567486631,13534.75,51.48798202,7.41098527,169.07,10.25,0.56,357.28,1,-118.00,-8.00,4.00,7.00,8.00,11.00,13532175,337
667.03,1567486632,13544.99,51.48808479,7.41097367,169.03,11.22,0.97,356.47,1,-118.00,-8.00,4.00,7.00,8.00,11.00,13532175,337
668.03,1567486633,13556.22,51.48819074,7.41096527,169.42,12.07,0.85,355.34,nan,nan,nan,nan,nan,nan,nan,nan,nan
669.03,1567486634,13568.30,51.48830643,7.41094381,169.85,12.71,0.64,353.55,nan,nan,nan,nan,nan,nan,nan,nan,nan
670.03,1567486635,13581.01,51.48843553,7.41091368,170.25,12.90,0.20,352.80,nan,nan,nan,nan,nan,nan,nan,nan,nan
671.03,1567486636,13593.91,51.48855731,7.41087792,170.45,13.13,0.22,351.80,nan,nan,nan,nan,nan,nan,nan,nan,nan
672.03,1567486637,13606.97,51.48867445,7.41083469,170.20,13.08,-0.05,350.69,nan,nan,nan,nan,nan,nan,nan,nan,nan
673.03,1567486638,13620.13,51.48879518,7.41079517,169.76,13.43,0.35,349.81,nan,nan,nan,nan,nan,nan,nan,nan,nan
674.03,1567486639,13633.56,51.48891587,7.41075007,169.01,13.43,0.01,349.01,nan,nan,nan,nan,nan,nan,nan,nan,nan
675.03,1567486640,13646.99,51.48903530,7.41070191,167.98,13.28,-0.16,347.72,nan,nan,nan,nan,nan,nan,nan,nan,nan
676.03,1567486641,13660.27,51.48914860,7.41064895,167.56,13.47,0.20,347.08,nan,nan,nan,nan,nan,nan,nan,nan,nan
677.03,1567486642,13673.73,51.48926564,7.41059521,167.20,13.41,-0.07,346.58,nan,nan,nan,nan,nan,nan,nan,nan,nan
678.03,1567486643,13687.15,51.48938281,7.41053794,167.34,13.33,-0.08,346.13,nan,nan,nan,nan,nan,nan,nan,nan,nan
679.03,1567486644,13700.47,51.48949654,7.41048541,167.42,13.25,-0.07,345.52,nan,nan,nan,nan,nan,nan,nan,nan,nan
680.04,1567486645,13713.86,51.48960913,7.41043492,167.28,12.81,-0.44,346.50,nan,nan,nan,nan,nan,nan,nan,nan,nan
681.03,1567486646,13726.55,51.48971332,7.41039453,166.95,11.61,-1.21,347.48,nan,nan,nan,nan,nan,nan,nan,nan,nan
682.03,1567486647,13738.15,51.48979998,7.41036330,166.77,9.61,-2.01,348.21,nan,nan,nan,nan,nan,nan,nan,nan,nan
683.03,1567486648,13747.76,51.48987494,7.41033375,166.79,7.96,-1.64,348.45,nan,nan,nan,nan,nan,nan,nan,nan,nan
684.03,1567486649,13755.72,51.48994663,7.41030765,166.46,6.09,-1.87,349.64,nan,nan,nan,nan,nan,nan,nan,nan,nan
685.03,1567486650,13761.81,51.48999778,7.41031053,166.16,4.67,-1.43,11.65,nan,nan,nan,nan,nan,nan,nan,nan,nan
686.03,1567486651,13766.47,51.49002296,7.41034374,165.88,4.73,0.07,46.44,nan,nan,nan,nan,nan,nan,nan,nan,nan
687.03,1567486652,13771.20,51.49005149,7.41039992,165.96,4.54,-0.19,45.54,nan,nan,nan,nan,nan,nan,nan,nan,nan
688.03,1567486653,13775.74,51.49006468,7.41049647,165.48,7.75,3.21,73.05,nan,nan,nan,nan,nan,nan,nan,nan,nan
689.03,1567486654,13783.49,51.49008629,7.41062510,165.86,8.82,1.07,74.56,nan,nan,nan,nan,nan,nan,nan,nan,nan
690.03,1567486655,13792.32,51.49011310,7.41077907,166.18,10.36,1.53,75.23,nan,nan,nan,nan,nan,nan,nan,nan,nan
691.03,1567486656,13802.68,51.49012738,7.41091804,166.31,10.90,0.55,76.26,nan,nan,nan,nan,nan,nan,nan,nan,nan
692.03,1567486657,13813.58,51.49015593,7.41108922,166.80,10.77,-0.14,78.55,nan,nan,nan,nan,nan,nan,nan,nan,nan
693.03,1567486658,13824.35,51.49018017,7.41125086,166.97,10.93,0.16,79.43,nan,nan,nan,nan,nan,nan,nan,nan,nan
694.03,1567486659,13835.27,51.49020261,7.41142347,167.39,11.84,0.91,78.50,nan,nan,nan,nan,nan,nan,nan,nan,nan
