0.01,1568005826,0.03,51.44957933,7.48841844,245.60,12.60,0.00,171.61,0,-95.00,-12.00,0.00,0.00,42.00,0.00,0,401
0.01,1568005826,0.03,51.44957933,7.48841844,245.60,12.60,0.00,171.61,0,-96.00,-10.00,0.00,0.00,41.00,0.00,0,428
0.01,1568005826,0.03,51.44957933,7.48841844,245.60,12.60,0.00,171.61,0,-99.00,-13.00,0.00,0.00,41.00,0.00,0,181
0.96,1568005827,12.01,51.44945888,7.48844365,245.81,12.99,0.00,172.50,0,-95.00,-12.00,0.00,0.00,42.00,0.00,0,401
0.96,1568005827,12.01,51.44945888,7.48844365,245.81,12.99,0.00,172.50,0,-96.00,-10.00,0.00,0.00,41.00,0.00,0,428
0.96,1568005827,12.02,51.44945888,7.48844365,245.81,12.99,0.00,172.50,0,-99.00,-13.00,0.00,0.00,41.00,0.00,0,181
2.07,1568005828,26.39,51.44933228,7.48845077,246.34,13.35,0.00,174.76,0,-92.00,-8.00,0.00,0.00,42.00,0.00,0,428
2.07,1568005828,26.40,51.44933228,7.48845077,246.34,13.35,0.00,174.76,0,-98.00,-14.00,0.00,0.00,42.00,0.00,0,401
3.06,1568005829,39.64,51.44920582,7.48844629,247.01,13.72,0.00,177.19,0,-92.00,-8.00,0.00,0.00,42.00,0.00,0,428
3.06,1568005829,39.66,51.44920582,7.48844629,247.01,13.72,0.00,177.19,0,-98.00,-14.00,0.00,0.00,42.00,0.00,0,401
4.06,1568005830,53.35,51.44907823,7.48843765,247.80,13.65,0.00,179.49,0,-92.00,-8.00,0.00,0.00,42.00,0.00,0,428
4.06,1568005830,53.36,51.44907823,7.48843765,247.80,13.65,0.00,179.49,0,-98.00,-14.00,0.00,0.00,42.00,0.00,0,401
26.06,1568005852,368.03,51.44632811,7.48829359,258.02,15.38,0.00,156.85,0,-101.00,-9.00,0.00,0.00,40.00,0.00,0,119
26.06,1568005852,368.05,51.44632811,7.48829359,258.02,15.38,0.00,156.85,0,-119.00,-9.00,0.00,0.00,22.00,0.00,0,13
26.06,1568005852,368.07,51.44632811,7.48829359,258.02,15.38,0.00,156.85,0,-88.00,-6.00,0.00,0.00,48.00,0.00,0,486
27.06,1568005853,383.42,51.44620259,7.48841917,258.98,15.68,0.00,152.83,0,-101.00,-9.00,0.00,0.00,40.00,0.00,0,119
27.06,1568005853,383.42,51.44620259,7.48841917,258.98,15.68,0.00,152.83,0,-119.00,-9.00,0.00,0.00,22.00,0.00,0,13
27.06,1568005853,383.43,51.44620259,7.48841917,258.98,15.68,0.00,152.83,0,-88.00,-6.00,0.00,0.00,48.00,0.00,0,486
30.06,1568005856,430.97,51.44586533,7.48886510,262.22,14.87,0.00,134.26,0,-106.00,-15.00,0.00,0.00,40.00,0.00,0,67
31.06,1568005857,445.84,51.44577557,7.48903255,262.99,14.60,0.00,133.65,0,-106.00,-15.00,0.00,0.00,40.00,0.00,0,67
32.06,1568005858,460.44,51.44568572,7.48920455,263.89,14.89,0.00,132.11,0,-106.00,-15.00,0.00,0.00,41.00,0.00,0,67
32.06,1568005858,460.45,51.44568572,7.48920455,263.89,14.89,0.00,132.11,0,-107.00,-21.00,0.00,0.00,47.00,0.00,0,66
33.06,1568005859,475.34,51.44560139,7.48937824,264.51,14.98,0.00,130.44,0,-106.00,-15.00,0.00,0.00,41.00,0.00,0,67
33.06,1568005859,475.34,51.44560139,7.48937824,264.51,14.98,0.00,130.44,0,-107.00,-21.00,0.00,0.00,47.00,0.00,0,66
34.06,1568005860,490.36,51.44552191,7.48955550,265.09,14.73,0.00,128.87,0,-105.00,-14.00,0.00,0.00,41.00,0.00,0,67
34.06,1568005860,490.37,51.44552191,7.48955550,265.09,14.73,0.00,128.87,0,-106.00,-15.00,0.00,0.00,40.00,0.00,0,118
34.07,1568005860,490.39,51.44552191,7.48955550,265.09,14.73,0.00,128.87,0,-107.00,-17.00,0.00,0.00,41.00,0.00,0,66
34.07,1568005860,490.39,51.44552191,7.48955550,265.09,14.73,0.00,128.87,0,-123.00,-12.00,0.00,0.00,22.00,0.00,0,13
34.07,1568005860,490.40,51.44552191,7.48955550,265.09,14.73,0.00,128.87,0,-126.00,-15.00,0.00,0.00,22.00,0.00,0,341
34.07,1568005860,490.42,51.44552191,7.48955550,265.09,14.73,0.00,128.87,0,-129.00,-18.00,0.00,0.00,22.00,0.00,0,93
35.06,1568005861,505.09,51.44544746,7.48973494,265.56,14.55,0.00,127.78,0,-105.00,-14.00,0.00,0.00,41.00,0.00,0,67
35.06,1568005861,505.10,51.44544746,7.48973494,265.56,14.55,0.00,127.78,0,-106.00,-15.00,0.00,0.00,40.00,0.00,0,118
35.07,1568005861,505.12,51.44544746,7.48973494,265.56,14.55,0.00,127.78,0,-107.00,-17.00,0.00,0.00,41.00,0.00,0,66
35.07,1568005861,505.13,51.44544746,7.48973494,265.56,14.55,0.00,127.78,0,-123.00,-12.00,0.00,0.00,22.00,0.00,0,13
35.07,1568005861,505.13,51.44544746,7.48973494,265.56,14.55,0.00,127.78,0,-126.00,-15.00,0.00,0.00,22.00,0.00,0,341
35.07,1568005861,505.14,51.44544746,7.48973494,265.56,14.55,0.00,127.78,0,-129.00,-18.00,0.00,0.00,22.00,0.00,0,93
36.06,1568005862,519.62,51.44536497,7.48991318,266.15,14.46,0.00,128.45,0,-105.00,-13.00,0.00,0.00,40.00,0.00,0,67
36.06,1568005862,519.65,51.44536497,7.48991318,266.15,14.46,0.00,128.45,0,-105.00,-13.00,0.00,0.00,40.00,0.00,0,118
36.06,1568005862,519.65,51.44536497,7.48991318,266.15,14.46,0.00,128.45,0,-108.00,-16.00,0.00,0.00,40.00,0.00,0,66
36.07,1568005862,519.67,51.44536497,7.48991318,266.15,14.46,0.00,128.45,0,-123.00,-12.00,0.00,0.00,22.00,0.00,0,13
36.07,1568005862,519.68,51.44536497,7.48991318,266.15,14.46,0.00,128.45,0,-126.00,-15.00,0.00,0.00,22.00,0.00,0,341
36.07,1568005862,519.70,51.44536497,7.48991318,266.15,14.46,0.00,128.45,0,-129.00,-18.00,0.00,0.00,22.00,0.00,0,93
37.06,1568005863,534.10,51.44527901,7.49009524,267.06,14.81,0.00,129.09,0,-105.00,-13.00,0.00,0.00,40.00,0.00,0,67
37.06,1568005863,534.11,51.44527901,7.49009524,267.06,14.81,0.00,129.09,0,-105.00,-13.00,0.00,0.00,40.00,0.00,0,118
37.07,1568005863,534.13,51.44527901,7.49009524,267.06,14.81,0.00,129.09,0,-108.00,-16.00,0.00,0.00,40.00,0.00,0,66
37.07,1568005863,534.14,51.44527901,7.49009524,267.06,14.81,0.00,129.09,0,-123.00,-12.00,0.00,0.00,22.00,0.00,0,13
37.07,1568005863,534.14,51.44527901,7.49009524,267.06,14.81,0.00,129.09,0,-126.00,-15.00,0.00,0.00,22.00,0.00,0,341
37.07,1568005863,534.16,51.44527901,7.49009524,267.06,14.81,0.00,129.09,0,-129.00,-18.00,0.00,0.00,22.00,0.00,0,93
38.06,1568005864,548.86,51.44519565,7.49027174,268.38,14.67,0.00,128.30,0,-106.00,-12.00,0.00,0.00,37.00,0.00,0,67
38.06,1568005864,548.88,51.44519565,7.49027174,268.38,14.67,0.00,128.30,0,-110.00,-15.00,0.00,0.00,37.00,0.00,0,119
39.06,1568005865,563.53,51.44511561,7.49045035,269.60,14.34,0.00,127.76,0,-106.00,-12.00,0.00,0.00,37.00,0.00,0,67
39.06,1568005865,563.54,51.44511561,7.49045035,269.60,14.34,0.00,127.76,0,-110.00,-15.00,0.00,0.00,37.00,0.00,0,119
40.06,1568005866,577.87,51.44503814,7.49062295,270.67,13.95,0.00,126.86,0,-107.00,-12.00,0.00,0.00,37.00,0.00,0,67
40.06,1568005866,577.88,51.44503814,7.49062295,270.67,13.95,0.00,126.86,0,-110.00,-16.00,0.00,0.00,37.00,0.00,0,119
41.06,1568005867,591.82,51.44495944,7.49079795,271.27,13.78,0.00,127.48,0,-107.00,-12.00,0.00,0.00,37.00,0.00,0,67
41.06,1568005867,591.84,51.44495944,7.49079795,271.27,13.78,0.00,127.48,0,-110.00,-16.00,0.00,0.00,37.00,0.00,0,119
42.06,1568005868,605.61,51.44489127,7.49095745,271.62,13.49,0.00,126.87,0,-108.00,-13.00,0.00,0.00,36.00,0.00,0,67
43.06,1568005869,619.10,51.44482456,7.49110603,271.86,12.41,0.00,127.04,0,-108.00,-13.00,0.00,0.00,36.00,0.00,0,67
44.07,1568005870,631.59,51.44477359,7.49122757,271.78,10.44,0.00,127.60,0,-109.00,-12.00,0.00,0.00,31.00,0.00,0,319
45.06,1568005871,641.96,51.44472410,7.49134909,271.41,8.54,0.00,127.02,0,-109.00,-12.00,0.00,0.00,31.00,0.00,0,319
46.06,1568005872,650.49,51.44468364,7.49144283,271.53,6.70,0.00,126.56,0,-109.00,-12.00,0.00,0.00,31.00,0.00,0,319
124.06,1568005950,1149.48,51.44111732,7.48717667,280.49,15.37,0.00,232.65,0,-93.00,-11.00,0.00,0.00,50.00,0.00,0,117
125.06,1568005951,1164.87,51.44103563,7.48700722,280.35,15.25,0.00,233.14,0,-93.00,-11.00,0.00,0.00,50.00,0.00,0,117
164.06,1568005990,1733.37,51.43821753,7.48001092,291.70,13.48,0.00,241.36,0,-113.00,-9.00,0.00,0.00,27.00,0.00,0,458
165.06,1568005991,1746.84,51.43815560,7.47983200,291.57,13.37,0.00,241.75,0,-113.00,-9.00,0.00,0.00,27.00,0.00,0,458
166.06,1568005992,1760.22,51.43809412,7.47965674,290.61,13.16,0.00,242.40,0,-114.00,-10.00,0.00,0.00,28.00,0.00,0,458
167.06,1568005993,1773.38,51.43803389,7.47948175,289.93,13.82,0.00,241.61,0,-114.00,-10.00,0.00,0.00,28.00,0.00,0,458
170.07,1568005996,1813.20,51.43786795,7.47897521,287.56,12.41,0.00,242.86,0,-100.00,-12.00,0.00,0.00,40.00,0.00,0,88
170.07,1568005996,1813.21,51.43786795,7.47897521,287.56,12.41,0.00,242.86,0,-103.00,-16.00,0.00,0.00,41.00,0.00,0,77
170.07,1568005996,1813.22,51.43786795,7.47897521,287.56,12.41,0.00,242.86,0,-104.00,-16.00,0.00,0.00,41.00,0.00,0,284
171.06,1568005997,1825.51,51.43780811,7.47878928,285.90,12.67,0.00,243.12,0,-100.00,-12.00,0.00,0.00,40.00,0.00,0,88
171.06,1568005997,1825.52,51.43780811,7.47878928,285.90,12.67,0.00,243.12,0,-103.00,-16.00,0.00,0.00,41.00,0.00,0,77
171.06,1568005997,1825.54,51.43780811,7.47878928,285.90,12.67,0.00,243.12,0,-104.00,-16.00,0.00,0.00,41.00,0.00,0,284
172.06,1568005998,1838.14,51.43775042,7.47861154,285.01,12.50,0.00,242.69,0,-100.00,-12.00,0.00,0.00,40.00,0.00,0,88
172.06,1568005998,1838.14,51.43775042,7.47861154,285.01,12.50,0.00,242.69,0,-103.00,-16.00,0.00,0.00,41.00,0.00,0,77
172.06,1568005998,1838.14,51.43775042,7.47861154,285.01,12.50,0.00,242.69,0,-104.00,-16.00,0.00,0.00,41.00,0.00,0,284
173.06,1568005999,1850.66,51.43768754,7.47841063,284.51,12.78,0.00,242.26,0,-97.00,-11.00,0.00,0.00,42.00,0.00,0,88
174.06,1568006000,1863.44,51.43763580,7.47825422,284.48,12.50,0.00,242.80,0,-97.00,-11.00,0.00,0.00,42.00,0.00,0,88
175.06,1568006001,1875.97,51.43758908,7.47810887,284.59,12.52,0.00,243.09,0,-103.00,-13.00,0.00,0.00,39.00,0.00,0,488
175.06,1568006001,1875.97,51.43758908,7.47810887,284.59,12.52,0.00,243.09,0,-103.00,-14.00,0.00,0.00,39.00,0.00,0,284
175.06,1568006001,1875.98,51.43758908,7.47810887,284.59,12.52,0.00,243.09,0,-107.00,-17.00,0.00,0.00,39.00,0.00,0,77
176.06,1568006002,1888.51,51.43753573,7.47793635,284.69,12.86,0.00,243.92,0,-103.00,-13.00,0.00,0.00,39.00,0.00,0,488
176.06,1568006002,1888.51,51.43753573,7.47793635,284.69,12.86,0.00,243.92,0,-103.00,-14.00,0.00,0.00,39.00,0.00,0,284
176.06,1568006002,1888.52,51.43753573,7.47793635,284.69,12.86,0.00,243.92,0,-107.00,-17.00,0.00,0.00,39.00,0.00,0,77
177.06,1568006003,1901.33,51.43748210,7.47776688,284.33,12.44,0.00,243.40,0,-104.00,-15.00,0.00,0.00,41.00,0.00,0,488
178.06,1568006004,1913.77,51.43742777,7.47759071,283.82,12.62,0.00,243.81,0,-104.00,-15.00,0.00,0.00,41.00,0.00,0,488
181.06,1568006007,1951.33,51.43728388,7.47710438,284.92,11.12,0.00,245.05,0,-104.00,-13.00,0.00,0.00,38.00,0.00,0,488
181.06,1568006007,1951.34,51.43728388,7.47710438,284.92,11.12,0.00,245.05,0,-105.00,-14.00,0.00,0.00,38.00,0.00,0,77
182.06,1568006008,1962.45,51.43724411,7.47694228,285.12,11.56,0.00,247.91,0,-104.00,-13.00,0.00,0.00,38.00,0.00,0,488
182.06,1568006008,1962.46,51.43724411,7.47694228,285.12,11.56,0.00,247.91,0,-105.00,-14.00,0.00,0.00,38.00,0.00,0,77
183.06,1568006009,1973.99,51.43720749,7.47678606,285.43,11.27,0.00,250.27,0,-104.00,-15.00,0.00,0.00,41.00,0.00,0,488
184.06,1568006010,1985.26,51.43718326,7.47662809,285.63,10.26,0.00,253.88,0,-104.00,-15.00,0.00,0.00,41.00,0.00,0,488
185.06,1568006011,1995.53,51.43718985,7.47646701,285.85,10.49,0.00,275.07,0,-103.00,-14.00,0.00,0.00,40.00,0.00,0,488
186.06,1568006012,2006.02,51.43722047,7.47632775,286.47,9.93,0.00,291.98,0,-103.00,-14.00,0.00,0.00,40.00,0.00,0,488
187.06,1568006013,2015.96,51.43728182,7.47621427,286.78,8.74,0.00,315.89,0,-98.00,-12.00,0.00,0.00,43.00,0.00,0,488
188.06,1568006014,2024.69,51.43734983,7.47615440,287.27,8.82,0.00,334.03,0,-98.00,-12.00,0.00,0.00,43.00,0.00,0,488
189.06,1568006015,2033.53,51.43741956,7.47610745,287.49,8.88,0.00,335.26,0,-90.00,-6.00,0.00,0.00,45.00,0.00,0,488
189.06,1568006015,2033.54,51.43741956,7.47610745,287.49,8.88,0.00,335.26,0,-104.00,-7.00,0.00,0.00,34.00,0.00,0,117
189.06,1568006015,2033.54,51.43741956,7.47610745,287.49,8.88,0.00,335.26,0,-124.00,-13.00,0.00,0.00,21.00,0.00,0,196
190.06,1568006016,2042.41,51.43750441,7.47618551,288.16,9.48,0.00,31.30,0,-90.00,-6.00,0.00,0.00,45.00,0.00,0,488
190.06,1568006016,2042.42,51.43750441,7.47618551,288.16,9.48,0.00,31.30,0,-104.00,-7.00,0.00,0.00,34.00,0.00,0,117
190.06,1568006016,2042.42,51.43750441,7.47618551,288.16,9.48,0.00,31.30,0,-124.00,-13.00,0.00,0.00,21.00,0.00,0,196
225.06,1568006051,2807.77,51.44218480,7.48437059,280.07,25.34,0.00,27.36,0,-88.00,-11.00,0.00,0.00,56.00,0.00,0,119
225.06,1568006051,2807.79,51.44218480,7.48437059,280.07,25.34,0.00,27.36,0,-86.00,-8.00,0.00,0.00,51.00,0.00,0,76
226.06,1568006052,2833.10,51.44236870,7.48452800,279.12,25.35,0.00,26.62,0,-88.00,-11.00,0.00,0.00,56.00,0.00,0,119
226.06,1568006052,2833.13,51.44236870,7.48452800,279.12,25.35,0.00,26.62,0,-86.00,-8.00,0.00,0.00,51.00,0.00,0,76
244.06,1568006070,3201.74,51.44456232,7.48733987,266.70,14.44,0.00,139.87,0,-92.00,-11.00,0.00,0.00,49.00,0.00,0,75
245.06,1568006071,3216.18,51.44444210,7.48743621,266.76,14.75,0.00,157.73,0,-92.00,-11.00,0.00,0.00,49.00,0.00,0,75
246.06,1568006072,3230.94,51.44429917,7.48748673,266.42,14.98,0.00,170.45,0,-79.00,-10.00,0.00,0.00,63.00,0.00,0,118
246.06,1568006072,3230.96,51.44429917,7.48748673,266.42,14.98,0.00,170.45,0,-80.00,-8.00,0.00,0.00,57.00,0.00,0,75
247.06,1568006073,3245.92,51.44416270,7.48746838,265.78,14.53,0.00,187.11,0,-79.00,-10.00,0.00,0.00,63.00,0.00,0,118
247.06,1568006073,3245.93,51.44416270,7.48746838,265.78,14.53,0.00,187.11,0,-80.00,-8.00,0.00,0.00,57.00,0.00,0,75
277.07,1568006103,3903.55,51.44343545,7.47817737,263.60,28.33,0.00,262.49,0,-93.00,-13.00,0.00,0.00,52.00,0.00,0,117
277.07,1568006103,3903.57,51.44343545,7.47817737,263.60,28.33,0.00,262.49,0,-91.00,-10.00,0.00,0.00,49.00,0.00,0,77
278.06,1568006104,3931.65,51.44340443,7.47779245,263.83,28.03,0.00,262.32,0,-93.00,-13.00,0.00,0.00,52.00,0.00,0,117
278.06,1568006104,3931.67,51.44340443,7.47779245,263.83,28.03,0.00,262.32,0,-91.00,-10.00,0.00,0.00,49.00,0.00,0,77
279.06,1568006105,3959.71,51.44336862,7.47740633,263.88,27.81,0.00,261.72,0,-93.00,-13.00,0.00,0.00,52.00,0.00,0,117
279.06,1568006105,3959.71,51.44336862,7.47740633,263.88,27.81,0.00,261.72,0,-91.00,-10.00,0.00,0.00,49.00,0.00,0,77
280.06,1568006106,3987.49,51.44333374,7.47701282,264.05,27.53,0.00,261.57,0,-98.00,-13.00,0.00,0.00,48.00,0.00,0,117
280.06,1568006106,3987.52,51.44333374,7.47701282,264.05,27.53,0.00,261.57,0,-94.00,-9.00,0.00,0.00,46.00,0.00,0,77
281.06,1568006107,4015.02,51.44330021,7.47662044,263.91,27.26,0.00,261.42,0,-98.00,-13.00,0.00,0.00,48.00,0.00,0,117
281.06,1568006107,4015.05,51.44330021,7.47662044,263.91,27.26,0.00,261.42,0,-94.00,-9.00,0.00,0.00,46.00,0.00,0,77
282.06,1568006108,4042.28,51.44326415,7.47622779,263.90,26.95,0.00,261.13,0,-96.00,-10.00,0.00,0.00,45.00,0.00,0,117
283.06,1568006109,4069.20,51.44322184,7.47584207,263.54,26.82,0.00,260.30,0,-96.00,-10.00,0.00,0.00,45.00,0.00,0,117
284.06,1568006110,4096.02,51.44318295,7.47545550,262.58,26.65,0.00,259.44,0,-94.00,-9.00,0.00,0.00,47.00,0.00,0,117
285.06,1568006111,4122.67,51.44313397,7.47506360,261.31,27.18,0.00,258.04,0,-94.00,-9.00,0.00,0.00,47.00,0.00,0,117
286.06,1568006112,4149.86,51.44307926,7.47468511,259.27,27.48,0.00,258.03,0,-94.00,-10.00,0.00,0.00,48.00,0.00,0,117
287.06,1568006113,4177.33,51.44302342,7.47428593,257.31,28.30,0.00,257.93,0,-94.00,-10.00,0.00,0.00,48.00,0.00,0,117
288.06,1568006114,4205.67,51.44296798,7.47388016,255.62,28.93,0.00,257.77,0,-101.00,-12.00,0.00,0.00,43.00,0.00,0,117
288.06,1568006114,4205.69,51.44296798,7.47388016,255.62,28.93,0.00,257.77,0,-108.00,-10.00,0.00,0.00,34.00,0.00,0,403
289.06,1568006115,4234.59,51.44291170,7.47346199,254.18,29.59,0.00,257.91,0,-101.00,-12.00,0.00,0.00,43.00,0.00,0,117
289.06,1568006115,4234.62,51.44291170,7.47346199,254.18,29.59,0.00,257.91,0,-108.00,-10.00,0.00,0.00,34.00,0.00,0,403
290.06,1568006116,4264.22,51.44285442,7.47303464,253.18,30.35,0.00,258.43,0,-107.00,-9.00,0.00,0.00,34.00,0.00,0,403
290.06,1568006116,4264.25,51.44285442,7.47303464,253.18,30.35,0.00,258.43,0,-113.00,-15.00,0.00,0.00,33.00,0.00,0,49
290.06,1568006116,4264.28,51.44285442,7.47303464,253.18,30.35,0.00,258.43,0,-115.00,-16.00,0.00,0.00,32.00,0.00,0,167
291.06,1568006117,4294.56,51.44279812,7.47259350,252.20,30.94,0.00,258.63,0,-107.00,-9.00,0.00,0.00,34.00,0.00,0,403
291.06,1568006117,4294.56,51.44279812,7.47259350,252.20,30.94,0.00,258.63,0,-113.00,-15.00,0.00,0.00,33.00,0.00,0,49
291.06,1568006117,4294.60,51.44279812,7.47259350,252.20,30.94,0.00,258.63,0,-115.00,-16.00,0.00,0.00,32.00,0.00,0,167
294.06,1568006120,4388.90,51.44262563,7.47124745,248.88,31.42,0.00,258.69,0,-116.00,-12.00,0.00,0.00,28.00,0.00,0,119
295.06,1568006121,4420.32,51.44256905,7.47080976,247.94,31.05,0.00,258.43,0,-116.00,-12.00,0.00,0.00,28.00,0.00,0,119
296.06,1568006122,4451.37,51.44251185,7.47036907,246.79,30.51,0.00,258.17,0,-116.00,-13.00,0.00,0.00,28.00,0.00,0,119
297.06,1568006123,4481.87,51.44245569,7.46993881,245.82,30.20,0.00,257.94,0,-116.00,-13.00,0.00,0.00,28.00,0.00,0,119
298.08,1568006124,4512.59,51.44239799,7.46951474,244.77,29.91,0.00,258.58,0,-117.00,-13.00,0.00,0.00,28.00,0.00,0,119
298.08,1568006124,4512.62,51.44239799,7.46951474,244.77,29.91,0.00,258.58,0,-119.00,-15.00,0.00,0.00,27.00,0.00,0,231
298.08,1568006124,4512.65,51.44239799,7.46951474,244.77,29.91,0.00,258.58,0,-122.00,-16.00,0.00,0.00,25.00,0.00,0,249
299.06,1568006125,4542.01,51.44234387,7.46910303,243.57,28.68,0.00,258.01,0,-117.00,-13.00,0.00,0.00,28.00,0.00,0,119
299.06,1568006125,4542.04,51.44234387,7.46910303,243.57,28.68,0.00,258.01,0,-119.00,-15.00,0.00,0.00,27.00,0.00,0,231
299.06,1568006125,4542.07,51.44234387,7.46910303,243.57,28.68,0.00,258.01,0,-122.00,-16.00,0.00,0.00,25.00,0.00,0,249
300.06,1568006126,4570.72,51.44229184,7.46870803,242.33,27.90,0.00,258.41,0,-117.00,-13.00,0.00,0.00,28.00,0.00,0,119
300.06,1568006126,4570.75,51.44229184,7.46870803,242.33,27.90,0.00,258.41,0,-119.00,-15.00,0.00,0.00,27.00,0.00,0,231
300.06,1568006126,4570.75,51.44229184,7.46870803,242.33,27.90,0.00,258.41,0,-122.00,-16.00,0.00,0.00,25.00,0.00,0,249
301.06,1568006127,4598.56,51.44224114,7.46831631,240.92,27.80,0.00,258.59,0,-118.00,-14.00,0.00,0.00,27.00,0.00,0,231
302.06,1568006128,4626.36,51.44219556,7.46792583,239.74,27.63,0.00,259.38,0,-118.00,-14.00,0.00,0.00,27.00,0.00,0,231
303.06,1568006129,4653.99,51.44215349,7.46755455,238.71,26.43,0.00,258.64,0,-116.00,-13.00,0.00,0.00,28.00,0.00,0,231
304.06,1568006130,4680.42,51.44211214,7.46719222,237.87,25.57,0.00,258.94,0,-116.00,-13.00,0.00,0.00,28.00,0.00,0,231
305.06,1568006131,4706.02,51.44207317,7.46683796,237.24,24.97,0.00,259.52,0,-117.00,-14.00,0.00,0.00,28.00,0.00,0,231
306.06,1568006132,4730.99,51.44203158,7.46648696,236.98,25.10,0.00,259.71,0,-117.00,-14.00,0.00,0.00,28.00,0.00,0,231
307.06,1568006133,4756.11,51.44199225,7.46613495,236.90,25.51,0.00,259.85,0,-118.00,-15.00,0.00,0.00,29.00,0.00,0,360
307.06,1568006133,4756.14,51.44199225,7.46613495,236.90,25.51,0.00,259.85,0,-119.00,-16.00,0.00,0.00,28.00,0.00,0,404
307.06,1568006133,4756.16,51.44199225,7.46613495,236.90,25.51,0.00,259.85,0,-118.00,-15.00,0.00,0.00,28.00,0.00,0,231
308.06,1568006134,4781.62,51.44195418,7.46577742,236.78,25.78,0.00,260.16,0,-118.00,-15.00,0.00,0.00,29.00,0.00,0,360
308.06,1568006134,4781.62,51.44195418,7.46577742,236.78,25.78,0.00,260.16,0,-119.00,-16.00,0.00,0.00,28.00,0.00,0,404
308.06,1568006134,4781.65,51.44195418,7.46577742,236.78,25.78,0.00,260.16,0,-118.00,-15.00,0.00,0.00,28.00,0.00,0,231
309.06,1568006135,4807.48,51.44192141,7.46541035,236.66,26.09,0.00,261.09,0,-115.00,-12.00,0.00,0.00,29.00,0.00,0,231
309.07,1568006135,4807.51,51.44192141,7.46541035,236.66,26.09,0.00,261.09,0,-114.00,-12.00,0.00,0.00,29.00,0.00,0,195
309.07,1568006135,4807.51,51.44192141,7.46541035,236.66,26.09,0.00,261.09,0,-119.00,-15.00,0.00,0.00,28.00,0.00,0,249
309.07,1568006135,4807.53,51.44192141,7.46541035,236.66,26.09,0.00,261.09,0,-119.00,-9.00,0.00,0.00,23.00,0.00,0,13
309.07,1568006135,4807.56,51.44192141,7.46541035,236.66,26.09,0.00,261.09,0,-125.00,-16.00,0.00,0.00,22.00,0.00,0,274
309.07,1568006135,4807.59,51.44192141,7.46541035,236.66,26.09,0.00,261.09,0,0.00,0.00,0.00,0.00,63.00,0.00,0,365
309.07,1568006135,4807.59,51.44192141,7.46541035,236.66,26.09,0.00,261.09,0,0.00,0.00,0.00,0.00,63.00,0.00,0,20
309.07,1568006135,4807.61,51.44192141,7.46541035,236.66,26.09,0.00,261.09,0,0.00,0.00,0.00,0.00,63.00,0.00,0,18
310.07,1568006136,4833.60,51.44188735,7.46502455,236.65,26.63,0.00,261.48,0,-115.00,-12.00,0.00,0.00,29.00,0.00,0,231
310.07,1568006136,4833.60,51.44188735,7.46502455,236.65,26.63,0.00,261.48,0,-114.00,-12.00,0.00,0.00,29.00,0.00,0,195
310.07,1568006136,4833.62,51.44188735,7.46502455,236.65,26.63,0.00,261.48,0,-119.00,-15.00,0.00,0.00,28.00,0.00,0,249
310.07,1568006136,4833.65,51.44188735,7.46502455,236.65,26.63,0.00,261.48,0,-119.00,-9.00,0.00,0.00,23.00,0.00,0,13
310.07,1568006136,4833.65,51.44188735,7.46502455,236.65,26.63,0.00,261.48,0,-125.00,-16.00,0.00,0.00,22.00,0.00,0,274
310.07,1568006136,4833.68,51.44188735,7.46502455,236.65,26.63,0.00,261.48,0,0.00,0.00,0.00,0.00,63.00,0.00,0,365
310.07,1568006136,4833.70,51.44188735,7.46502455,236.65,26.63,0.00,261.48,0,0.00,0.00,0.00,0.00,63.00,0.00,0,20
310.07,1568006136,4833.73,51.44188735,7.46502455,236.65,26.63,0.00,261.48,0,0.00,0.00,0.00,0.00,63.00,0.00,0,18
311.06,1568006137,4860.12,51.44185518,7.46465094,236.81,26.62,0.00,261.96,0,-114.00,-11.00,0.00,0.00,29.00,0.00,0,195
311.06,1568006137,4860.15,51.44185518,7.46465094,236.81,26.62,0.00,261.96,0,-118.00,-15.00,0.00,0.00,28.00,0.00,0,249
311.06,1568006137,4860.15,51.44185518,7.46465094,236.81,26.62,0.00,261.96,0,-121.00,-17.00,0.00,0.00,28.00,0.00,0,352
312.06,1568006138,4886.74,51.44182701,7.46427333,236.92,26.74,0.00,262.70,0,-114.00,-11.00,0.00,0.00,29.00,0.00,0,195
312.06,1568006138,4886.77,51.44182701,7.46427333,236.92,26.74,0.00,262.70,0,-118.00,-15.00,0.00,0.00,28.00,0.00,0,249
312.06,1568006138,4886.77,51.44182701,7.46427333,236.92,26.74,0.00,262.70,0,-121.00,-17.00,0.00,0.00,28.00,0.00,0,352
313.06,1568006139,4913.49,51.44179588,7.46387218,237.09,27.44,0.00,262.79,0,-114.00,-11.00,0.00,0.00,29.00,0.00,0,195
313.06,1568006139,4913.51,51.44179588,7.46387218,237.09,27.44,0.00,262.79,0,-116.00,-12.00,0.00,0.00,27.00,0.00,0,49
313.06,1568006139,4913.51,51.44179588,7.46387218,237.09,27.44,0.00,262.79,0,-119.00,-15.00,0.00,0.00,27.00,0.00,0,352
314.06,1568006140,4940.93,51.44176165,7.46346876,237.15,26.91,0.00,263.03,0,-114.00,-11.00,0.00,0.00,29.00,0.00,0,195
314.06,1568006140,4940.95,51.44176165,7.46346876,237.15,26.91,0.00,263.03,0,-116.00,-12.00,0.00,0.00,27.00,0.00,0,49
314.06,1568006140,4940.98,51.44176165,7.46346876,237.15,26.91,0.00,263.03,0,-119.00,-15.00,0.00,0.00,27.00,0.00,0,352
315.06,1568006141,4967.84,51.44173018,7.46309010,237.59,25.77,0.00,263.57,0,-114.00,-11.00,0.00,0.00,28.00,0.00,0,195
315.06,1568006141,4967.86,51.44173018,7.46309010,237.59,25.77,0.00,263.57,0,-119.00,-14.00,0.00,0.00,26.00,0.00,0,49
315.06,1568006141,4967.86,51.44173018,7.46309010,237.59,25.77,0.00,263.57,0,-120.00,-17.00,0.00,0.00,28.00,0.00,0,117
316.06,1568006142,4993.61,51.44170775,7.46272710,237.51,25.22,0.00,264.00,0,-114.00,-11.00,0.00,0.00,28.00,0.00,0,195
316.06,1568006142,4993.64,51.44170775,7.46272710,237.51,25.22,0.00,264.00,0,-119.00,-14.00,0.00,0.00,26.00,0.00,0,49
316.06,1568006142,4993.64,51.44170775,7.46272710,237.51,25.22,0.00,264.00,0,-120.00,-17.00,0.00,0.00,28.00,0.00,0,117
319.07,1568006145,5068.48,51.44164918,7.46167186,235.73,23.97,0.00,265.40,0,-118.00,-14.00,0.00,0.00,27.00,0.00,0,195
319.07,1568006145,5068.51,51.44164918,7.46167186,235.73,23.97,0.00,265.40,0,-119.00,-15.00,0.00,0.00,29.00,0.00,0,167
319.07,1568006145,5068.51,51.44164918,7.46167186,235.73,23.97,0.00,265.40,0,-121.00,-17.00,0.00,0.00,27.00,0.00,0,404
320.06,1568006146,5092.24,51.44163241,7.46132479,234.73,23.74,0.00,265.84,0,-118.00,-14.00,0.00,0.00,27.00,0.00,0,195
320.06,1568006146,5092.26,51.44163241,7.46132479,234.73,23.74,0.00,265.84,0,-119.00,-15.00,0.00,0.00,29.00,0.00,0,167
320.06,1568006146,5092.29,51.44163241,7.46132479,234.73,23.74,0.00,265.84,0,-121.00,-17.00,0.00,0.00,27.00,0.00,0,404
321.06,1568006147,5115.98,51.44162055,7.46098545,233.75,23.57,0.00,266.43,0,-118.00,-14.00,0.00,0.00,27.00,0.00,0,195
321.06,1568006147,5116.00,51.44162055,7.46098545,233.75,23.57,0.00,266.43,0,-119.00,-15.00,0.00,0.00,29.00,0.00,0,167
321.06,1568006147,5116.00,51.44162055,7.46098545,233.75,23.57,0.00,266.43,0,-121.00,-17.00,0.00,0.00,27.00,0.00,0,404
322.06,1568006148,5139.55,51.44160717,7.46064619,233.51,23.71,0.00,266.45,0,-116.00,-13.00,0.00,0.00,28.00,0.00,0,195
322.06,1568006148,5139.55,51.44160717,7.46064619,233.51,23.71,0.00,266.45,0,-118.00,-14.00,0.00,0.00,28.00,0.00,0,167
322.06,1568006148,5139.57,51.44160717,7.46064619,233.51,23.71,0.00,266.45,0,-120.00,-16.00,0.00,0.00,28.00,0.00,0,404
323.06,1568006149,5163.26,51.44159411,7.46032345,232.89,23.29,0.00,266.77,0,-116.00,-13.00,0.00,0.00,28.00,0.00,0,195
323.06,1568006149,5163.28,51.44159411,7.46032345,232.89,23.29,0.00,266.77,0,-118.00,-14.00,0.00,0.00,28.00,0.00,0,167
323.06,1568006149,5163.28,51.44159411,7.46032345,232.89,23.29,0.00,266.77,0,-120.00,-16.00,0.00,0.00,28.00,0.00,0,404
324.06,1568006150,5186.54,51.44158369,7.45998828,232.18,23.70,0.00,267.54,0,-115.00,-13.00,0.00,0.00,29.00,0.00,0,195
324.06,1568006150,5186.54,51.44158369,7.45998828,232.18,23.70,0.00,267.54,0,-117.00,-15.00,0.00,0.00,30.00,0.00,0,167
324.06,1568006150,5186.57,51.44158369,7.45998828,232.18,23.70,0.00,267.54,0,-119.00,-16.00,0.00,0.00,28.00,0.00,0,404
325.06,1568006151,5210.24,51.44157341,7.45964410,231.73,23.69,0.00,267.89,0,-115.00,-13.00,0.00,0.00,29.00,0.00,0,195
325.06,1568006151,5210.27,51.44157341,7.45964410,231.73,23.69,0.00,267.89,0,-117.00,-15.00,0.00,0.00,30.00,0.00,0,167
325.06,1568006151,5210.27,51.44157341,7.45964410,231.73,23.69,0.00,267.89,0,-119.00,-16.00,0.00,0.00,28.00,0.00,0,404
328.06,1568006154,5281.35,51.44154698,7.45861001,231.17,23.31,0.00,268.97,0,-114.00,-14.00,0.00,0.00,31.00,0.00,0,117
328.06,1568006154,5281.37,51.44154698,7.45861001,231.17,23.31,0.00,268.97,0,-116.00,-15.00,0.00,0.00,30.00,0.00,0,404
329.06,1568006155,5304.68,51.44154010,7.45827423,231.65,22.74,0.00,269.34,0,-114.00,-14.00,0.00,0.00,31.00,0.00,0,117
329.06,1568006155,5304.70,51.44154010,7.45827423,231.65,22.74,0.00,269.34,0,-116.00,-15.00,0.00,0.00,30.00,0.00,0,404
330.06,1568006156,5327.39,51.44153216,7.45794845,231.94,22.71,0.00,269.31,0,-111.00,-13.00,0.00,0.00,33.00,0.00,0,117
330.06,1568006156,5327.42,51.44153216,7.45794845,231.94,22.71,0.00,269.31,0,-110.00,-14.00,0.00,0.00,33.00,0.00,0,77
331.06,1568006157,5350.10,51.44152633,7.45762441,231.93,23.15,0.00,269.05,0,-111.00,-13.00,0.00,0.00,33.00,0.00,0,117
331.06,1568006157,5350.13,51.44152633,7.45762441,231.93,23.15,0.00,269.05,0,-110.00,-14.00,0.00,0.00,33.00,0.00,0,77
332.06,1568006158,5373.30,51.44152668,7.45728592,231.69,23.24,0.00,269.97,0,-108.00,-12.00,0.00,0.00,36.00,0.00,0,117
332.06,1568006158,5373.32,51.44152668,7.45728592,231.69,23.24,0.00,269.97,0,-106.00,-11.00,0.00,0.00,34.00,0.00,0,77
332.06,1568006158,5373.32,51.44152668,7.45728592,231.69,23.24,0.00,269.97,0,-110.00,-15.00,0.00,0.00,34.00,0.00,0,76
333.06,1568006159,5396.52,51.44152881,7.45695186,231.22,23.73,0.00,270.13,0,-108.00,-12.00,0.00,0.00,36.00,0.00,0,117
333.06,1568006159,5396.55,51.44152881,7.45695186,231.22,23.73,0.00,270.13,0,-106.00,-11.00,0.00,0.00,34.00,0.00,0,77
333.06,1568006159,5396.57,51.44152881,7.45695186,231.22,23.73,0.00,270.13,0,-110.00,-15.00,0.00,0.00,34.00,0.00,0,76
334.06,1568006160,5420.26,51.44152960,7.45660537,230.84,23.85,0.00,270.49,0,-105.00,-10.00,0.00,0.00,37.00,0.00,0,117
334.06,1568006160,5420.28,51.44152960,7.45660537,230.84,23.85,0.00,270.49,0,-109.00,-14.00,0.00,0.00,37.00,0.00,0,119
334.06,1568006160,5420.31,51.44152960,7.45660537,230.84,23.85,0.00,270.49,0,-103.00,-11.00,0.00,0.00,36.00,0.00,0,77
335.06,1568006161,5444.11,51.44152992,7.45626339,230.82,23.96,0.00,270.79,0,-105.00,-10.00,0.00,0.00,37.00,0.00,0,117
335.06,1568006161,5444.13,51.44152992,7.45626339,230.82,23.96,0.00,270.79,0,-109.00,-14.00,0.00,0.00,37.00,0.00,0,119
335.06,1568006161,5444.13,51.44152992,7.45626339,230.82,23.96,0.00,270.79,0,-103.00,-11.00,0.00,0.00,36.00,0.00,0,77
336.06,1568006162,5468.07,51.44153275,7.45592369,231.08,24.12,0.00,271.00,0,-105.00,-11.00,0.00,0.00,38.00,0.00,0,117
336.06,1568006162,5468.10,51.44153275,7.45592369,231.08,24.12,0.00,271.00,0,-102.00,-11.00,0.00,0.00,38.00,0.00,0,77
337.06,1568006163,5492.20,51.44153592,7.45556155,231.50,24.67,0.00,271.46,0,-105.00,-11.00,0.00,0.00,38.00,0.00,0,117
337.06,1568006163,5492.20,51.44153592,7.45556155,231.50,24.67,0.00,271.46,0,-102.00,-11.00,0.00,0.00,38.00,0.00,0,77
412.06,1568006238,7622.17,51.44803093,7.42754044,189.42,27.65,0.00,319.52,0,-95.00,-11.00,0.00,0.00,52.00,0.00,0,49
413.06,1568006239,7649.82,51.44821775,7.42729915,188.01,26.90,0.00,321.15,0,-95.00,-11.00,0.00,0.00,52.00,0.00,0,49
414.06,1568006240,7676.71,51.44840413,7.42705743,186.89,26.64,0.00,321.88,0,-96.00,-11.00,0.00,0.00,50.00,0.00,0,49
415.06,1568006241,7703.35,51.44859313,7.42682694,185.69,26.80,0.00,322.95,0,-96.00,-11.00,0.00,0.00,50.00,0.00,0,49
416.06,1568006242,7730.14,51.44878319,7.42659661,184.38,26.64,0.00,323.70,0,-96.00,-11.00,0.00,0.00,47.00,0.00,0,49
417.06,1568006243,7756.78,51.44897116,7.42638495,183.47,26.16,0.00,324.87,0,-96.00,-11.00,0.00,0.00,47.00,0.00,0,49
418.06,1568006244,7782.96,51.44916906,7.42617182,182.62,25.77,0.00,326.15,0,-97.00,-8.00,0.00,0.00,43.00,0.00,0,49
419.06,1568006245,7808.71,51.44935922,7.42597499,181.79,25.47,0.00,327.19,0,-97.00,-8.00,0.00,0.00,43.00,0.00,0,49
428.07,1568006254,8000.16,51.45082781,7.42476936,175.28,16.97,0.00,335.08,0,-107.00,-13.00,0.00,0.00,38.00,0.00,0,97
428.07,1568006254,8000.18,51.45082781,7.42476936,175.28,16.97,0.00,335.08,0,-107.00,-15.00,0.00,0.00,39.00,0.00,0,26
428.07,1568006254,8000.18,51.45082781,7.42476936,175.28,16.97,0.00,335.08,0,-108.00,-15.00,0.00,0.00,38.00,0.00,0,414
429.06,1568006255,8016.98,51.45096205,7.42467801,174.57,16.32,0.00,335.65,0,-107.00,-13.00,0.00,0.00,38.00,0.00,0,97
429.06,1568006255,8017.00,51.45096205,7.42467801,174.57,16.32,0.00,335.65,0,-107.00,-15.00,0.00,0.00,39.00,0.00,0,26
429.06,1568006255,8017.00,51.45096205,7.42467801,174.57,16.32,0.00,335.65,0,-108.00,-15.00,0.00,0.00,38.00,0.00,0,414
430.06,1568006256,8033.30,51.45110187,7.42457980,173.40,16.19,0.00,336.16,0,-107.00,-13.00,0.00,0.00,38.00,0.00,0,97
430.06,1568006256,8033.31,51.45110187,7.42457980,173.40,16.19,0.00,336.16,0,-107.00,-15.00,0.00,0.00,39.00,0.00,0,26
430.06,1568006256,8033.33,51.45110187,7.42457980,173.40,16.19,0.00,336.16,0,-108.00,-15.00,0.00,0.00,38.00,0.00,0,414
431.06,1568006257,8049.49,51.45123812,7.42449168,172.27,15.95,0.00,336.72,0,-105.00,-12.00,0.00,0.00,38.00,0.00,0,414
431.06,1568006257,8049.50,51.45123812,7.42449168,172.27,15.95,0.00,336.72,0,-106.00,-13.00,0.00,0.00,38.00,0.00,0,97
431.06,1568006257,8049.50,51.45123812,7.42449168,172.27,15.95,0.00,336.72,0,-107.00,-14.00,0.00,0.00,39.00,0.00,0,26
432.06,1568006258,8065.44,51.45137335,7.42440669,171.37,15.92,0.00,337.18,0,-105.00,-12.00,0.00,0.00,38.00,0.00,0,414
432.06,1568006258,8065.46,51.45137335,7.42440669,171.37,15.92,0.00,337.18,0,-106.00,-13.00,0.00,0.00,38.00,0.00,0,97
432.06,1568006258,8065.47,51.45137335,7.42440669,171.37,15.92,0.00,337.18,0,-107.00,-14.00,0.00,0.00,39.00,0.00,0,26
435.06,1568006261,8112.53,51.45178087,7.42417084,168.16,15.34,0.00,339.08,0,-107.00,-16.00,0.00,0.00,40.00,0.00,0,26
436.06,1568006262,8127.86,51.45190331,7.42409814,166.83,15.36,0.00,339.78,0,-107.00,-16.00,0.00,0.00,40.00,0.00,0,26
437.06,1568006263,8143.25,51.45202554,7.42403430,165.79,15.25,0.00,340.29,0,-106.00,-13.00,0.00,0.00,38.00,0.00,0,358
437.06,1568006263,8143.27,51.45202554,7.42403430,165.79,15.25,0.00,340.29,0,-109.00,-14.00,0.00,0.00,36.00,0.00,0,97
437.06,1568006263,8143.27,51.45202554,7.42403430,165.79,15.25,0.00,340.29,0,-111.00,-16.00,0.00,0.00,37.00,0.00,0,49
438.06,1568006264,8158.50,51.45215075,7.42396994,165.09,15.15,0.00,340.64,0,-106.00,-13.00,0.00,0.00,38.00,0.00,0,358
438.06,1568006264,8158.52,51.45215075,7.42396994,165.09,15.15,0.00,340.64,0,-109.00,-14.00,0.00,0.00,36.00,0.00,0,97
438.06,1568006264,8158.52,51.45215075,7.42396994,165.09,15.15,0.00,340.64,0,-111.00,-16.00,0.00,0.00,37.00,0.00,0,49
441.06,1568006267,8204.08,51.45253548,7.42377459,163.22,15.23,0.00,342.23,0,-105.00,-8.00,0.00,0.00,34.00,0.00,0,414
441.06,1568006267,8204.10,51.45253548,7.42377459,163.22,15.23,0.00,342.23,0,-107.00,-12.00,0.00,0.00,37.00,0.00,0,375
441.06,1568006267,8204.11,51.45253548,7.42377459,163.22,15.23,0.00,342.23,0,-109.00,-13.00,0.00,0.00,35.00,0.00,0,49
442.06,1568006268,8219.30,51.45266652,7.42370884,162.73,14.88,0.00,342.88,0,-105.00,-8.00,0.00,0.00,34.00,0.00,0,414
442.06,1568006268,8219.31,51.45266652,7.42370884,162.73,14.88,0.00,342.88,0,-107.00,-12.00,0.00,0.00,37.00,0.00,0,375
442.06,1568006268,8219.33,51.45266652,7.42370884,162.73,14.88,0.00,342.88,0,-109.00,-13.00,0.00,0.00,35.00,0.00,0,49
443.06,1568006269,8234.17,51.45279861,7.42364339,162.46,14.80,0.00,343.06,0,-107.00,-13.00,0.00,0.00,37.00,0.00,0,49
444.06,1568006270,8248.96,51.45292881,7.42358045,162.13,14.63,0.00,343.48,0,-107.00,-13.00,0.00,0.00,37.00,0.00,0,49
445.06,1568006271,8263.60,51.45305165,7.42352174,161.76,14.54,0.00,343.38,0,-105.00,-12.00,0.00,0.00,38.00,0.00,0,49
445.06,1568006271,8263.62,51.45305165,7.42352174,161.76,14.54,0.00,343.38,0,-108.00,-14.00,0.00,0.00,37.00,0.00,0,375
446.06,1568006272,8278.15,51.45317173,7.42346355,161.29,14.71,0.00,343.51,0,-105.00,-12.00,0.00,0.00,38.00,0.00,0,49
446.06,1568006272,8278.16,51.45317173,7.42346355,161.29,14.71,0.00,343.51,0,-108.00,-14.00,0.00,0.00,37.00,0.00,0,375
447.06,1568006273,8292.87,51.45331306,7.42339719,161.20,15.26,0.00,343.45,0,-104.00,-12.00,0.00,0.00,39.00,0.00,0,348
447.06,1568006273,8292.89,51.45331306,7.42339719,161.20,15.26,0.00,343.45,0,-106.00,-13.00,0.00,0.00,38.00,0.00,0,375
447.06,1568006273,8292.89,51.45331306,7.42339719,161.20,15.26,0.00,343.45,0,-110.00,-16.00,0.00,0.00,39.00,0.00,0,233
448.06,1568006274,8308.14,51.45344863,7.42333396,161.20,15.95,0.00,343.36,0,-104.00,-12.00,0.00,0.00,39.00,0.00,0,348
448.06,1568006274,8308.14,51.45344863,7.42333396,161.20,15.95,0.00,343.36,0,-106.00,-13.00,0.00,0.00,38.00,0.00,0,375
448.06,1568006274,8308.15,51.45344863,7.42333396,161.20,15.95,0.00,343.36,0,-110.00,-16.00,0.00,0.00,39.00,0.00,0,233
449.07,1568006275,8324.21,51.45359051,7.42327464,161.01,16.58,0.00,344.12,0,-107.00,-13.00,0.00,0.00,38.00,0.00,0,375
449.07,1568006275,8324.23,51.45359051,7.42327464,161.01,16.58,0.00,344.12,0,-107.00,-11.00,0.00,0.00,37.00,0.00,0,97
449.07,1568006275,8324.25,51.45359051,7.42327464,161.01,16.58,0.00,344.12,0,-107.00,-14.00,0.00,0.00,38.00,0.00,0,49
450.06,1568006276,8340.67,51.45372908,7.42321071,160.92,17.44,0.00,343.72,0,-107.00,-13.00,0.00,0.00,38.00,0.00,0,375
450.06,1568006276,8340.68,51.45372908,7.42321071,160.92,17.44,0.00,343.72,0,-107.00,-11.00,0.00,0.00,37.00,0.00,0,97
450.06,1568006276,8340.70,51.45372908,7.42321071,160.92,17.44,0.00,343.72,0,-107.00,-14.00,0.00,0.00,38.00,0.00,0,49
451.06,1568006277,8358.11,51.45388009,7.42314310,160.90,18.05,0.00,343.81,0,-107.00,-13.00,0.00,0.00,38.00,0.00,0,375
451.06,1568006277,8358.13,51.45388009,7.42314310,160.90,18.05,0.00,343.81,0,-107.00,-11.00,0.00,0.00,37.00,0.00,0,97
451.06,1568006277,8358.15,51.45388009,7.42314310,160.90,18.05,0.00,343.81,0,-107.00,-14.00,0.00,0.00,38.00,0.00,0,49
452.06,1568006278,8376.18,51.45403458,7.42307339,160.84,18.58,0.00,343.84,0,-103.00,-10.00,0.00,0.00,38.00,0.00,0,414
452.06,1568006278,8376.20,51.45403458,7.42307339,160.84,18.58,0.00,343.84,0,-104.00,-11.00,0.00,0.00,39.00,0.00,0,375
452.06,1568006278,8376.20,51.45403458,7.42307339,160.84,18.58,0.00,343.84,0,-105.00,-12.00,0.00,0.00,39.00,0.00,0,49
452.06,1568006278,8376.22,51.45403458,7.42307339,160.84,18.58,0.00,343.84,0,-101.00,-10.00,0.00,0.00,37.00,0.00,0,480
452.07,1568006278,8376.24,51.45403458,7.42307339,160.84,18.58,0.00,343.84,0,-103.00,-11.00,0.00,0.00,36.00,0.00,0,38
453.06,1568006279,8394.76,51.45419568,7.42299989,160.76,18.56,0.00,344.07,0,-103.00,-10.00,0.00,0.00,38.00,0.00,0,414
453.06,1568006279,8394.78,51.45419568,7.42299989,160.76,18.56,0.00,344.07,0,-104.00,-11.00,0.00,0.00,39.00,0.00,0,375
453.06,1568006279,8394.80,51.45419568,7.42299989,160.76,18.56,0.00,344.07,0,-105.00,-12.00,0.00,0.00,39.00,0.00,0,49
453.06,1568006279,8394.80,51.45419568,7.42299989,160.76,18.56,0.00,344.07,0,-101.00,-10.00,0.00,0.00,37.00,0.00,0,480
453.07,1568006279,8394.82,51.45419568,7.42299989,160.76,18.56,0.00,344.07,0,-103.00,-11.00,0.00,0.00,36.00,0.00,0,38
454.06,1568006280,8413.30,51.45435400,7.42292710,160.28,18.39,0.00,343.86,0,-106.00,-13.00,0.00,0.00,38.00,0.00,0,414
454.06,1568006280,8413.32,51.45435400,7.42292710,160.28,18.39,0.00,343.86,0,-107.00,-13.00,0.00,0.00,38.00,0.00,0,375
454.06,1568006280,8413.34,51.45435400,7.42292710,160.28,18.39,0.00,343.86,0,-102.00,-9.00,0.00,0.00,36.00,0.00,0,301
454.06,1568006280,8413.34,51.45435400,7.42292710,160.28,18.39,0.00,343.86,0,-102.00,-11.00,0.00,0.00,37.00,0.00,0,38
455.06,1568006281,8431.70,51.45451599,7.42284959,159.90,17.78,0.00,343.41,0,-106.00,-13.00,0.00,0.00,38.00,0.00,0,414
455.06,1568006281,8431.71,51.45451599,7.42284959,159.90,17.78,0.00,343.41,0,-107.00,-13.00,0.00,0.00,38.00,0.00,0,375
455.06,1568006281,8431.73,51.45451599,7.42284959,159.90,17.78,0.00,343.41,0,-102.00,-9.00,0.00,0.00,36.00,0.00,0,301
455.06,1568006281,8431.73,51.45451599,7.42284959,159.90,17.78,0.00,343.41,0,-102.00,-11.00,0.00,0.00,37.00,0.00,0,38
456.06,1568006282,8449.47,51.45467483,7.42277492,159.49,17.48,0.00,343.30,0,-100.00,-8.00,0.00,0.00,40.00,0.00,0,414
456.06,1568006282,8449.49,51.45467483,7.42277492,159.49,17.48,0.00,343.30,0,-105.00,-12.00,0.00,0.00,39.00,0.00,0,249
456.06,1568006282,8449.51,51.45467483,7.42277492,159.49,17.48,0.00,343.30,0,-101.00,-10.00,0.00,0.00,38.00,0.00,0,301
456.06,1568006282,8449.51,51.45467483,7.42277492,159.49,17.48,0.00,343.30,0,-103.00,-10.00,0.00,0.00,36.00,0.00,0,480
457.06,1568006283,8466.97,51.45482326,7.42270281,158.65,17.29,0.00,343.05,0,-100.00,-8.00,0.00,0.00,40.00,0.00,0,414
457.06,1568006283,8466.99,51.45482326,7.42270281,158.65,17.29,0.00,343.05,0,-105.00,-12.00,0.00,0.00,39.00,0.00,0,249
457.06,1568006283,8466.99,51.45482326,7.42270281,158.65,17.29,0.00,343.05,0,-101.00,-10.00,0.00,0.00,38.00,0.00,0,301
457.06,1568006283,8467.00,51.45482326,7.42270281,158.65,17.29,0.00,343.05,0,-103.00,-10.00,0.00,0.00,36.00,0.00,0,480
458.06,1568006284,8484.24,51.45496082,7.42263877,158.01,17.04,0.00,343.15,0,-100.00,-11.00,0.00,0.00,43.00,0.00,0,249
458.06,1568006284,8484.26,51.45496082,7.42263877,158.01,17.04,0.00,343.15,0,-102.00,-12.00,0.00,0.00,42.00,0.00,0,414
458.06,1568006284,8484.27,51.45496082,7.42263877,158.01,17.04,0.00,343.15,0,-100.00,-11.00,0.00,0.00,39.00,0.00,0,424
458.06,1568006284,8484.29,51.45496082,7.42263877,158.01,17.04,0.00,343.15,0,-100.00,-11.00,0.00,0.00,39.00,0.00,0,301
459.06,1568006285,8501.30,51.45510106,7.42256952,157.28,16.86,0.00,343.19,0,-100.00,-11.00,0.00,0.00,43.00,0.00,0,249
459.06,1568006285,8501.32,51.45510106,7.42256952,157.28,16.86,0.00,343.19,0,-102.00,-12.00,0.00,0.00,42.00,0.00,0,414
459.06,1568006285,8501.32,51.45510106,7.42256952,157.28,16.86,0.00,343.19,0,-100.00,-11.00,0.00,0.00,39.00,0.00,0,424
459.06,1568006285,8501.33,51.45510106,7.42256952,157.28,16.86,0.00,343.19,0,-100.00,-11.00,0.00,0.00,39.00,0.00,0,301
460.06,1568006286,8518.13,51.45524386,7.42250069,156.53,16.65,0.00,342.57,0,-97.00,-10.00,0.00,0.00,45.00,0.00,0,414
460.06,1568006286,8518.15,51.45524386,7.42250069,156.53,16.65,0.00,342.57,0,-101.00,-12.00,0.00,0.00,40.00,0.00,0,301
461.06,1568006287,8534.78,51.45538966,7.42242984,156.24,15.81,0.00,343.09,0,-97.00,-10.00,0.00,0.00,45.00,0.00,0,414
461.06,1568006287,8534.79,51.45538966,7.42242984,156.24,15.81,0.00,343.09,0,-101.00,-12.00,0.00,0.00,40.00,0.00,0,301
462.06,1568006288,8550.58,51.45552306,7.42236567,156.20,15.71,0.00,342.36,0,-97.00,-12.00,0.00,0.00,47.00,0.00,0,414
462.06,1568006288,8550.60,51.45552306,7.42236567,156.20,15.71,0.00,342.36,0,-92.00,-8.00,0.00,0.00,44.00,0.00,0,301
463.06,1568006289,8566.29,51.45564752,7.42230490,155.89,15.49,0.00,341.93,0,-97.00,-12.00,0.00,0.00,47.00,0.00,0,414
463.06,1568006289,8566.31,51.45564752,7.42230490,155.89,15.49,0.00,341.93,0,-92.00,-8.00,0.00,0.00,44.00,0.00,0,301
464.06,1568006290,8581.77,51.45576816,7.42224243,155.47,15.32,0.00,341.49,0,-98.00,-12.00,0.00,0.00,43.00,0.00,0,301
464.06,1568006290,8581.78,51.45576816,7.42224243,155.47,15.32,0.00,341.49,0,-100.00,-13.00,0.00,0.00,41.00,0.00,0,436
465.06,1568006291,8597.08,51.45589486,7.42217659,154.88,15.13,0.00,341.10,0,-98.00,-12.00,0.00,0.00,43.00,0.00,0,301
465.06,1568006291,8597.10,51.45589486,7.42217659,154.88,15.13,0.00,341.10,0,-100.00,-13.00,0.00,0.00,41.00,0.00,0,436
466.06,1568006292,8612.22,51.45602996,7.42210739,154.66,14.90,0.00,341.00,0,-100.00,-12.00,0.00,0.00,41.00,0.00,0,424
467.06,1568006293,8627.11,51.45616207,7.42203063,154.55,15.19,0.00,340.36,0,-100.00,-12.00,0.00,0.00,41.00,0.00,0,424
470.07,1568006296,8674.29,51.45657255,7.42179135,153.38,16.13,0.00,338.81,0,-98.00,-11.00,0.00,0.00,44.00,0.00,0,233
470.07,1568006296,8674.29,51.45657255,7.42179135,153.38,16.13,0.00,338.81,0,-99.00,-12.00,0.00,0.00,44.00,0.00,0,348
470.07,1568006296,8674.31,51.45657255,7.42179135,153.38,16.13,0.00,338.81,0,-97.00,-10.00,0.00,0.00,42.00,0.00,0,343
470.07,1568006296,8674.33,51.45657255,7.42179135,153.38,16.13,0.00,338.81,0,-100.00,-14.00,0.00,0.00,42.00,0.00,0,424
471.06,1568006297,8690.29,51.45670879,7.42170662,153.11,16.26,0.00,338.07,0,-98.00,-11.00,0.00,0.00,44.00,0.00,0,233
471.06,1568006297,8690.31,51.45670879,7.42170662,153.11,16.26,0.00,338.07,0,-99.00,-12.00,0.00,0.00,44.00,0.00,0,348
471.06,1568006297,8690.31,51.45670879,7.42170662,153.11,16.26,0.00,338.07,0,-97.00,-10.00,0.00,0.00,42.00,0.00,0,343
471.06,1568006297,8690.32,51.45670879,7.42170662,153.11,16.26,0.00,338.07,0,-100.00,-14.00,0.00,0.00,42.00,0.00,0,424
472.06,1568006298,8706.54,51.45684394,7.42161620,152.76,16.71,0.00,337.76,0,-98.00,-11.00,0.00,0.00,44.00,0.00,0,233
472.06,1568006298,8706.55,51.45684394,7.42161620,152.76,16.71,0.00,337.76,0,-99.00,-12.00,0.00,0.00,44.00,0.00,0,348
472.06,1568006298,8706.57,51.45684394,7.42161620,152.76,16.71,0.00,337.76,0,-97.00,-10.00,0.00,0.00,42.00,0.00,0,343
472.06,1568006298,8706.59,51.45684394,7.42161620,152.76,16.71,0.00,337.76,0,-100.00,-14.00,0.00,0.00,42.00,0.00,0,424
473.06,1568006299,8723.22,51.45698554,7.42152089,152.45,17.31,0.00,337.41,0,-100.00,-13.00,0.00,0.00,45.00,0.00,0,233
473.06,1568006299,8723.24,51.45698554,7.42152089,152.45,17.31,0.00,337.41,0,-101.00,-14.00,0.00,0.00,44.00,0.00,0,49
474.06,1568006300,8740.54,51.45713345,7.42142587,152.28,17.06,0.00,337.00,0,-100.00,-13.00,0.00,0.00,45.00,0.00,0,233
474.06,1568006300,8740.56,51.45713345,7.42142587,152.28,17.06,0.00,337.00,0,-101.00,-14.00,0.00,0.00,44.00,0.00,0,49
475.06,1568006301,8757.63,51.45727750,7.42133049,152.01,16.78,0.00,336.74,0,-98.00,-12.00,0.00,0.00,45.00,0.00,0,233
475.06,1568006301,8757.65,51.45727750,7.42133049,152.01,16.78,0.00,336.74,0,-99.00,-12.00,0.00,0.00,44.00,0.00,0,375
475.06,1568006301,8757.65,51.45727750,7.42133049,152.01,16.78,0.00,336.74,0,-101.00,-14.00,0.00,0.00,45.00,0.00,0,414
475.06,1568006301,8757.67,51.45727750,7.42133049,152.01,16.78,0.00,336.74,0,-95.00,-11.00,0.00,0.00,44.00,0.00,0,436
475.07,1568006301,8757.68,51.45727750,7.42133049,152.01,16.78,0.00,336.74,0,-99.00,-11.00,0.00,0.00,43.00,0.00,0,38
476.06,1568006302,8774.41,51.45741662,7.42123667,151.95,16.65,0.00,336.21,0,-98.00,-12.00,0.00,0.00,45.00,0.00,0,233
476.06,1568006302,8774.43,51.45741662,7.42123667,151.95,16.65,0.00,336.21,0,-99.00,-12.00,0.00,0.00,44.00,0.00,0,375
476.06,1568006302,8774.45,51.45741662,7.42123667,151.95,16.65,0.00,336.21,0,-101.00,-14.00,0.00,0.00,45.00,0.00,0,414
476.06,1568006302,8774.45,51.45741662,7.42123667,151.95,16.65,0.00,336.21,0,-95.00,-11.00,0.00,0.00,44.00,0.00,0,436
476.07,1568006302,8774.46,51.45741662,7.42123667,151.95,16.65,0.00,336.21,0,-99.00,-11.00,0.00,0.00,43.00,0.00,0,38
477.06,1568006303,8791.06,51.45755486,7.42113876,151.86,16.75,0.00,335.65,0,-98.00,-11.00,0.00,0.00,44.00,0.00,0,414
477.06,1568006303,8791.08,51.45755486,7.42113876,151.86,16.75,0.00,335.65,0,-100.00,-12.00,0.00,0.00,44.00,0.00,0,233
477.06,1568006303,8791.10,51.45755486,7.42113876,151.86,16.75,0.00,335.65,0,-101.00,-11.00,0.00,0.00,43.00,0.00,0,375
477.07,1568006303,8791.11,51.45755486,7.42113876,151.86,16.75,0.00,335.65,0,-97.00,-11.00,0.00,0.00,42.00,0.00,0,436
477.07,1568006303,8791.11,51.45755486,7.42113876,151.86,16.75,0.00,335.65,0,-97.00,-10.00,0.00,0.00,41.00,0.00,0,38
478.07,1568006304,8807.90,51.45769135,7.42103836,151.83,17.07,0.00,335.27,0,-98.00,-11.00,0.00,0.00,44.00,0.00,0,414
478.07,1568006304,8807.92,51.45769135,7.42103836,151.83,17.07,0.00,335.27,0,-100.00,-12.00,0.00,0.00,44.00,0.00,0,233
478.07,1568006304,8807.93,51.45769135,7.42103836,151.83,17.07,0.00,335.27,0,-101.00,-11.00,0.00,0.00,43.00,0.00,0,375
478.07,1568006304,8807.95,51.45769135,7.42103836,151.83,17.07,0.00,335.27,0,-97.00,-11.00,0.00,0.00,42.00,0.00,0,436
478.07,1568006304,8807.97,51.45769135,7.42103836,151.83,17.07,0.00,335.27,0,-97.00,-10.00,0.00,0.00,41.00,0.00,0,38
479.07,1568006305,8824.99,51.45782967,7.42093489,151.72,17.52,0.00,334.55,0,-95.00,-11.00,0.00,0.00,49.00,0.00,0,233
479.07,1568006305,8824.99,51.45782967,7.42093489,151.72,17.52,0.00,334.55,0,-99.00,-14.00,0.00,0.00,48.00,0.00,0,375
479.07,1568006305,8825.00,51.45782967,7.42093489,151.72,17.52,0.00,334.55,0,-94.00,-11.00,0.00,0.00,46.00,0.00,0,436
479.07,1568006305,8825.02,51.45782967,7.42093489,151.72,17.52,0.00,334.55,0,-98.00,-13.00,0.00,0.00,45.00,0.00,0,38
480.06,1568006306,8842.33,51.45797070,7.42082480,151.72,18.20,0.00,333.89,0,-95.00,-11.00,0.00,0.00,49.00,0.00,0,233
480.06,1568006306,8842.35,51.45797070,7.42082480,151.72,18.20,0.00,333.89,0,-99.00,-14.00,0.00,0.00,48.00,0.00,0,375
480.06,1568006306,8842.35,51.45797070,7.42082480,151.72,18.20,0.00,333.89,0,-94.00,-11.00,0.00,0.00,46.00,0.00,0,436
480.06,1568006306,8842.35,51.45797070,7.42082480,151.72,18.20,0.00,333.89,0,-98.00,-13.00,0.00,0.00,45.00,0.00,0,38
481.06,1568006307,8860.60,51.45812719,7.42070320,151.50,18.85,0.00,333.55,0,-94.00,-12.00,0.00,0.00,51.00,0.00,0,233
481.06,1568006307,8860.62,51.45812719,7.42070320,151.50,18.85,0.00,333.55,0,-92.00,-10.00,0.00,0.00,48.00,0.00,0,436
481.06,1568006307,8860.64,51.45812719,7.42070320,151.50,18.85,0.00,333.55,0,-95.00,-11.00,0.00,0.00,48.00,0.00,0,38
482.06,1568006308,8879.45,51.45828136,7.42057400,151.64,18.70,0.00,332.81,0,-94.00,-12.00,0.00,0.00,51.00,0.00,0,233
482.06,1568006308,8879.47,51.45828136,7.42057400,151.64,18.70,0.00,332.81,0,-92.00,-10.00,0.00,0.00,48.00,0.00,0,436
482.06,1568006308,8879.49,51.45828136,7.42057400,151.64,18.70,0.00,332.81,0,-95.00,-11.00,0.00,0.00,48.00,0.00,0,38
485.06,1568006311,8934.04,51.45871503,7.42021060,153.18,17.75,0.00,331.77,0,-92.00,-11.00,0.00,0.00,51.00,0.00,0,348
485.06,1568006311,8934.04,51.45871503,7.42021060,153.18,17.75,0.00,331.77,0,-89.00,-10.00,0.00,0.00,49.00,0.00,0,343
486.06,1568006312,8951.77,51.45885176,7.42009663,153.97,18.24,0.00,330.83,0,-92.00,-11.00,0.00,0.00,51.00,0.00,0,348
486.06,1568006312,8951.79,51.45885176,7.42009663,153.97,18.24,0.00,330.83,0,-89.00,-10.00,0.00,0.00,49.00,0.00,0,343
487.06,1568006313,8970.05,51.45900023,7.41996595,154.64,18.92,0.00,330.35,0,-90.00,-9.00,0.00,0.00,50.00,0.00,0,348
487.06,1568006313,8970.07,51.45900023,7.41996595,154.64,18.92,0.00,330.35,0,-91.00,-9.00,0.00,0.00,49.00,0.00,0,375
487.06,1568006313,8970.07,51.45900023,7.41996595,154.64,18.92,0.00,330.35,0,-89.00,-7.00,0.00,0.00,46.00,0.00,0,38
487.06,1568006313,8970.08,51.45900023,7.41996595,154.64,18.92,0.00,330.35,0,-90.00,-9.00,0.00,0.00,47.00,0.00,0,343
488.06,1568006314,8988.96,51.45915129,7.41982502,154.71,19.38,0.00,329.89,0,-90.00,-9.00,0.00,0.00,50.00,0.00,0,348
488.06,1568006314,8988.96,51.45915129,7.41982502,154.71,19.38,0.00,329.89,0,-91.00,-9.00,0.00,0.00,49.00,0.00,0,375
488.06,1568006314,8988.98,51.45915129,7.41982502,154.71,19.38,0.00,329.89,0,-89.00,-7.00,0.00,0.00,46.00,0.00,0,38
488.06,1568006314,8989.00,51.45915129,7.41982502,154.71,19.38,0.00,329.89,0,-90.00,-9.00,0.00,0.00,47.00,0.00,0,343
491.07,1568006317,9047.79,51.45959928,7.41937595,155.13,20.16,0.00,328.22,0,-86.00,-10.00,0.00,0.00,54.00,0.00,0,375
491.07,1568006317,9047.79,51.45959928,7.41937595,155.13,20.16,0.00,328.22,0,-90.00,-11.00,0.00,0.00,54.00,0.00,0,233
491.07,1568006317,9047.81,51.45959928,7.41937595,155.13,20.16,0.00,328.22,0,-87.00,-9.00,0.00,0.00,53.00,0.00,0,436
491.07,1568006317,9047.83,51.45959928,7.41937595,155.13,20.16,0.00,328.22,0,-87.00,-9.00,0.00,0.00,50.00,0.00,0,38
492.06,1568006318,9067.81,51.45974564,7.41923122,155.16,20.71,0.00,327.71,0,-86.00,-10.00,0.00,0.00,54.00,0.00,0,375
492.06,1568006318,9067.83,51.45974564,7.41923122,155.16,20.71,0.00,327.71,0,-90.00,-11.00,0.00,0.00,54.00,0.00,0,233
492.06,1568006318,9067.83,51.45974564,7.41923122,155.16,20.71,0.00,327.71,0,-87.00,-9.00,0.00,0.00,53.00,0.00,0,436
492.06,1568006318,9067.85,51.45974564,7.41923122,155.16,20.71,0.00,327.71,0,-87.00,-9.00,0.00,0.00,50.00,0.00,0,38
493.06,1568006319,9088.50,51.45989540,7.41907913,155.19,21.41,0.00,327.01,0,-86.00,-10.00,0.00,0.00,54.00,0.00,0,375
493.06,1568006319,9088.52,51.45989540,7.41907913,155.19,21.41,0.00,327.01,0,-90.00,-11.00,0.00,0.00,54.00,0.00,0,233
493.06,1568006319,9088.54,51.45989540,7.41907913,155.19,21.41,0.00,327.01,0,-87.00,-9.00,0.00,0.00,53.00,0.00,0,436
493.06,1568006319,9088.54,51.45989540,7.41907913,155.19,21.41,0.00,327.01,0,-87.00,-9.00,0.00,0.00,50.00,0.00,0,38
494.06,1568006320,9109.91,51.46005908,7.41891054,155.66,22.21,0.00,326.47,0,-88.00,-11.00,0.00,0.00,55.00,0.00,0,375
494.06,1568006320,9109.91,51.46005908,7.41891054,155.66,22.21,0.00,326.47,0,-87.00,-9.00,0.00,0.00,50.00,0.00,0,38
495.06,1568006321,9132.09,51.46023341,7.41872425,156.17,22.40,0.00,325.89,0,-88.00,-11.00,0.00,0.00,55.00,0.00,0,375
495.06,1568006321,9132.12,51.46023341,7.41872425,156.17,22.40,0.00,325.89,0,-87.00,-9.00,0.00,0.00,50.00,0.00,0,38
498.06,1568006324,9198.94,51.46075181,7.41816356,156.08,22.37,0.00,324.83,0,-85.00,-10.00,0.00,0.00,53.00,0.00,0,436
499.06,1568006325,9221.33,51.46091948,7.41796902,156.25,22.95,0.00,323.74,0,-85.00,-10.00,0.00,0.00,53.00,0.00,0,436
500.06,1568006326,9244.27,51.46109268,7.41776897,156.70,23.74,0.00,322.84,0,-85.00,-7.00,0.00,0.00,54.00,0.00,0,233
500.06,1568006326,9244.29,51.46109268,7.41776897,156.70,23.74,0.00,322.84,0,-84.00,-9.00,0.00,0.00,56.00,0.00,0,436
501.06,1568006327,9268.00,51.46126496,7.41755083,157.31,24.22,0.00,322.10,0,-85.00,-7.00,0.00,0.00,54.00,0.00,0,233
501.06,1568006327,9268.00,51.46126496,7.41755083,157.31,24.22,0.00,322.10,0,-84.00,-9.00,0.00,0.00,56.00,0.00,0,436
502.06,1568006328,9292.20,51.46144334,7.41733187,157.62,24.95,0.00,321.34,0,-84.00,-8.00,0.00,0.00,55.00,0.00,0,233
502.06,1568006328,9292.20,51.46144334,7.41733187,157.62,24.95,0.00,321.34,0,-88.00,-11.00,0.00,0.00,54.00,0.00,0,348
502.06,1568006328,9292.22,51.46144334,7.41733187,157.62,24.95,0.00,321.34,0,-83.00,-9.00,0.00,0.00,54.00,0.00,0,436
502.06,1568006328,9292.22,51.46144334,7.41733187,157.62,24.95,0.00,321.34,0,-84.00,-9.00,0.00,0.00,53.00,0.00,0,343
503.06,1568006329,9317.27,51.46162103,7.41709504,157.83,25.47,0.00,320.72,0,-84.00,-8.00,0.00,0.00,55.00,0.00,0,233
503.06,1568006329,9317.29,51.46162103,7.41709504,157.83,25.47,0.00,320.72,0,-88.00,-11.00,0.00,0.00,54.00,0.00,0,348
503.06,1568006329,9317.29,51.46162103,7.41709504,157.83,25.47,0.00,320.72,0,-83.00,-9.00,0.00,0.00,54.00,0.00,0,436
503.07,1568006329,9317.32,51.46162103,7.41709504,157.83,25.47,0.00,320.72,0,-84.00,-9.00,0.00,0.00,53.00,0.00,0,343
504.06,1568006330,9342.71,51.46179635,7.41685120,157.40,26.12,0.00,319.64,0,-90.00,-8.00,0.00,0.00,50.00,0.00,0,233
504.06,1568006330,9342.74,51.46179635,7.41685120,157.40,26.12,0.00,319.64,0,-89.00,-11.00,0.00,0.00,51.00,0.00,0,343
504.06,1568006330,9342.76,51.46179635,7.41685120,157.40,26.12,0.00,319.64,0,-90.00,-10.00,0.00,0.00,51.00,0.00,0,436
505.06,1568006331,9368.80,51.46197501,7.41660226,156.89,26.70,0.00,318.95,0,-90.00,-8.00,0.00,0.00,50.00,0.00,0,233
505.06,1568006331,9368.83,51.46197501,7.41660226,156.89,26.70,0.00,318.95,0,-89.00,-11.00,0.00,0.00,51.00,0.00,0,343
505.06,1568006331,9368.86,51.46197501,7.41660226,156.89,26.70,0.00,318.95,0,-90.00,-10.00,0.00,0.00,51.00,0.00,0,436
508.06,1568006334,9450.16,51.46252065,7.41580784,155.17,28.50,0.00,316.72,0,-92.00,-8.00,0.00,0.00,48.00,0.00,0,233
508.06,1568006334,9450.19,51.46252065,7.41580784,155.17,28.50,0.00,316.72,0,-90.00,-8.00,0.00,0.00,47.00,0.00,0,436
509.06,1568006335,9478.66,51.46270699,7.41551545,154.71,28.87,0.00,316.01,0,-92.00,-8.00,0.00,0.00,48.00,0.00,0,233
509.06,1568006335,9478.66,51.46270699,7.41551545,154.71,28.87,0.00,316.01,0,-90.00,-8.00,0.00,0.00,47.00,0.00,0,436
517.06,1568006343,9722.68,51.46418015,7.41291979,152.45,32.38,0.00,309.93,0,-91.00,-7.00,0.00,0.00,45.00,0.00,0,57
518.06,1568006344,9755.03,51.46437107,7.41255184,152.50,32.71,0.00,309.53,0,-91.00,-7.00,0.00,0.00,45.00,0.00,0,57
523.06,1568006349,9920.47,51.46529577,7.41069391,152.97,33.74,0.00,308.32,0,-98.00,-9.00,0.00,0.00,43.00,0.00,0,376
524.06,1568006350,9954.25,51.46548472,7.41031618,153.34,34.12,0.00,308.13,0,-98.00,-9.00,0.00,0.00,43.00,0.00,0,376
525.06,1568006351,9988.37,51.46568013,7.40992437,153.79,34.52,0.00,308.06,0,-103.00,-13.00,0.00,0.00,41.00,0.00,0,97
525.06,1568006351,9988.41,51.46568013,7.40992437,153.79,34.52,0.00,308.06,0,-107.00,-16.00,0.00,0.00,40.00,0.00,0,99
526.06,1568006352,10022.76,51.46587203,7.40953580,154.05,34.97,0.00,307.98,0,-103.00,-13.00,0.00,0.00,41.00,0.00,0,97
526.06,1568006352,10022.79,51.46587203,7.40953580,154.05,34.97,0.00,307.98,0,-107.00,-16.00,0.00,0.00,40.00,0.00,0,99
542.06,1568006368,10605.30,51.46926789,7.40319116,155.96,35.67,0.00,313.47,0,-82.00,-5.00,0.00,0.00,59.00,0.00,0,49
542.06,1568006368,10605.30,51.46926789,7.40319116,155.96,35.67,0.00,313.47,0,-95.00,-11.00,0.00,0.00,50.00,0.00,0,233
542.06,1568006368,10605.34,51.46926789,7.40319116,155.96,35.67,0.00,313.47,0,-99.00,-18.00,0.00,0.00,50.00,0.00,0,453
543.06,1568006369,10640.94,51.46949275,7.40281344,156.10,35.62,0.00,313.95,0,-82.00,-5.00,0.00,0.00,59.00,0.00,0,49
543.06,1568006369,10640.98,51.46949275,7.40281344,156.10,35.62,0.00,313.95,0,-95.00,-11.00,0.00,0.00,50.00,0.00,0,233
543.06,1568006369,10640.98,51.46949275,7.40281344,156.10,35.62,0.00,313.95,0,-99.00,-18.00,0.00,0.00,50.00,0.00,0,453
559.06,1568006385,11166.27,51.47295497,7.39765287,161.00,29.40,0.00,319.82,0,-94.00,-8.00,0.00,0.00,46.00,0.00,0,233
560.06,1568006386,11195.70,51.47316171,7.39738431,162.35,29.17,0.00,319.86,0,-94.00,-8.00,0.00,0.00,46.00,0.00,0,233
561.06,1568006387,11224.87,51.47336857,7.39711746,163.91,28.78,0.00,320.82,0,-92.00,-7.00,0.00,0.00,48.00,0.00,0,233
561.06,1568006387,11224.90,51.47336857,7.39711746,163.91,28.78,0.00,320.82,0,-91.00,-7.00,0.00,0.00,44.00,0.00,0,436
562.06,1568006388,11253.65,51.47356392,7.39686336,164.80,28.35,0.00,321.37,0,-92.00,-7.00,0.00,0.00,48.00,0.00,0,233
562.06,1568006388,11253.67,51.47356392,7.39686336,164.80,28.35,0.00,321.37,0,-91.00,-7.00,0.00,0.00,44.00,0.00,0,436
563.06,1568006389,11281.99,51.47377141,7.39660081,165.34,28.12,0.00,322.23,0,-90.00,-8.00,0.00,0.00,50.00,0.00,0,233
563.06,1568006389,11282.02,51.47377141,7.39660081,165.34,28.12,0.00,322.23,0,-88.00,-6.00,0.00,0.00,47.00,0.00,0,436
564.06,1568006390,11310.11,51.47396850,7.39634774,165.76,28.07,0.00,322.12,0,-90.00,-8.00,0.00,0.00,50.00,0.00,0,233
564.06,1568006390,11310.14,51.47396850,7.39634774,165.76,28.07,0.00,322.12,0,-88.00,-6.00,0.00,0.00,47.00,0.00,0,436
565.06,1568006391,11338.17,51.47416610,7.39609273,166.33,27.67,0.00,322.03,0,-88.00,-6.00,0.00,0.00,52.00,0.00,0,233
565.06,1568006391,11338.20,51.47416610,7.39609273,166.33,27.67,0.00,322.03,0,-87.00,-6.00,0.00,0.00,48.00,0.00,0,436
566.06,1568006392,11365.84,51.47436255,7.39586241,166.93,26.90,0.00,324.14,0,-88.00,-6.00,0.00,0.00,52.00,0.00,0,233
566.06,1568006392,11365.87,51.47436255,7.39586241,166.93,26.90,0.00,324.14,0,-87.00,-6.00,0.00,0.00,48.00,0.00,0,436
567.06,1568006393,11392.74,51.47455644,7.39563766,168.04,26.27,0.00,323.58,0,-89.00,-6.00,0.00,0.00,50.00,0.00,0,233
567.06,1568006393,11392.77,51.47455644,7.39563766,168.04,26.27,0.00,323.58,0,-85.00,-7.00,0.00,0.00,50.00,0.00,0,436
568.06,1568006394,11419.01,51.47474892,7.39541750,169.45,25.97,0.00,324.76,0,-89.00,-6.00,0.00,0.00,50.00,0.00,0,233
568.06,1568006394,11419.04,51.47474892,7.39541750,169.45,25.97,0.00,324.76,0,-85.00,-7.00,0.00,0.00,50.00,0.00,0,436
569.06,1568006395,11444.98,51.47494517,7.39521271,170.84,25.45,0.00,326.22,0,-92.00,-9.00,0.00,0.00,45.00,0.00,0,436
570.06,1568006396,11470.41,51.47513535,7.39502540,172.23,24.96,0.00,327.96,0,-92.00,-9.00,0.00,0.00,45.00,0.00,0,436
584.06,1568006410,11792.86,51.47771464,7.39306679,180.45,19.60,0.00,350.76,0,-87.00,-9.00,0.00,0.00,54.00,0.00,0,48
585.06,1568006411,11812.45,51.47788399,7.39305358,180.10,18.23,0.00,0.70,0,-87.00,-9.00,0.00,0.00,54.00,0.00,0,48
586.06,1568006412,11830.68,51.47804620,7.39306342,179.85,17.16,0.00,2.68,0,-82.00,-8.00,0.00,0.00,58.00,0.00,0,48
587.06,1568006413,11847.83,51.47819891,7.39308900,179.67,17.60,0.00,5.71,0,-82.00,-8.00,0.00,0.00,58.00,0.00,0,48
588.06,1568006414,11865.43,51.47836117,7.39313287,179.52,17.15,0.00,9.59,0,-93.00,-12.00,0.00,0.00,51.00,0.00,0,49
589.06,1568006415,11882.59,51.47851039,7.39319771,179.33,16.69,0.00,13.62,0,-93.00,-12.00,0.00,0.00,51.00,0.00,0,49
601.06,1568006427,12054.14,51.47988406,7.39352813,181.25,11.88,0.00,338.59,0,-93.00,-9.00,0.00,0.00,46.00,0.00,0,481
602.06,1568006428,12066.05,51.47997428,7.39346845,182.41,11.25,0.00,340.24,0,-93.00,-9.00,0.00,0.00,46.00,0.00,0,481
603.06,1568006429,12077.32,51.48006557,7.39345265,183.57,10.34,0.00,355.47,0,-94.00,-6.00,0.00,0.00,44.00,0.00,0,48
603.06,1568006429,12077.33,51.48006557,7.39345265,183.57,10.34,0.00,355.47,0,-93.00,-6.00,0.00,0.00,42.00,0.00,0,481
604.06,1568006430,12087.66,51.48015863,7.39346576,184.53,9.42,0.00,9.44,0,-94.00,-6.00,0.00,0.00,44.00,0.00,0,48
604.06,1568006430,12087.67,51.48015863,7.39346576,184.53,9.42,0.00,9.44,0,-93.00,-6.00,0.00,0.00,42.00,0.00,0,481
611.06,1568006437,12160.07,51.48055052,7.39425838,187.34,13.00,0.00,59.85,0,-90.00,-5.00,0.00,0.00,47.00,0.00,0,357
611.06,1568006437,12160.09,51.48055052,7.39425838,187.34,13.00,0.00,59.85,0,-89.00,-6.00,0.00,0.00,47.00,0.00,0,46
612.06,1568006438,12173.08,51.48061422,7.39443273,187.47,13.59,0.00,60.08,0,-90.00,-5.00,0.00,0.00,47.00,0.00,0,357
612.06,1568006438,12173.10,51.48061422,7.39443273,187.47,13.59,0.00,60.08,0,-89.00,-6.00,0.00,0.00,47.00,0.00,0,46
622.06,1568006448,12312.30,51.48124670,7.39617164,186.10,12.77,0.00,60.51,0,-94.00,-7.00,0.00,0.00,44.00,0.00,0,453
623.06,1568006449,12325.07,51.48130085,7.39633148,185.94,12.70,0.00,59.56,0,-94.00,-7.00,0.00,0.00,44.00,0.00,0,453
624.06,1568006450,12337.77,51.48135605,7.39648320,185.58,12.31,0.00,59.50,0,-94.00,-7.00,0.00,0.00,45.00,0.00,0,453
625.06,1568006451,12350.07,51.48140941,7.39662892,185.32,11.95,0.00,59.79,0,-94.00,-7.00,0.00,0.00,45.00,0.00,0,453
630.06,1568006456,12406.93,51.48168277,7.39732784,186.85,11.32,0.00,56.46,0,-101.00,-10.00,0.00,0.00,41.00,0.00,0,453
631.06,1568006457,12418.26,51.48174412,7.39746074,186.79,11.02,0.00,55.47,0,-101.00,-10.00,0.00,0.00,41.00,0.00,0,453
632.06,1568006458,12429.27,51.48180248,7.39758764,186.53,10.27,0.00,54.98,0,-95.00,-5.00,0.00,0.00,42.00,0.00,0,357
633.06,1568006459,12439.55,51.48185238,7.39770013,186.40,9.30,0.00,54.53,0,-95.00,-5.00,0.00,0.00,42.00,0.00,0,357
634.06,1568006460,12448.84,51.48189206,7.39778519,186.89,7.94,0.00,53.89,0,-99.00,-7.00,0.00,0.00,40.00,0.00,0,357
635.06,1568006461,12456.78,51.48193488,7.39787245,187.49,6.60,0.00,52.11,0,-99.00,-7.00,0.00,0.00,40.00,0.00,0,357
653.06,1568006479,12576.38,51.48275084,7.39907269,187.69,10.13,0.00,36.44,0,-92.00,-6.00,0.00,0.00,45.00,0.00,0,357
653.06,1568006479,12576.39,51.48275084,7.39907269,187.69,10.13,0.00,36.44,0,-92.00,-6.00,0.00,0.00,43.00,0.00,0,46
654.06,1568006480,12586.53,51.48283371,7.39916729,187.18,10.76,0.00,35.97,0,-92.00,-6.00,0.00,0.00,45.00,0.00,0,357
654.06,1568006480,12586.53,51.48283371,7.39916729,187.18,10.76,0.00,35.97,0,-92.00,-6.00,0.00,0.00,43.00,0.00,0,46
655.06,1568006481,12597.27,51.48291625,7.39926006,187.06,11.15,0.00,35.09,0,-91.00,-6.00,0.00,0.00,44.00,0.00,0,46
656.06,1568006482,12608.43,51.48301479,7.39936464,186.72,11.55,0.00,34.65,0,-91.00,-6.00,0.00,0.00,44.00,0.00,0,46
659.07,1568006485,12643.84,51.48328930,7.39963653,186.74,12.03,0.00,33.48,0,-100.00,-8.00,0.00,0.00,39.00,0.00,0,357
660.06,1568006486,12655.75,51.48338363,7.39973110,186.93,12.27,0.00,34.13,0,-100.00,-8.00,0.00,0.00,39.00,0.00,0,357
661.06,1568006487,12668.03,51.48347250,7.39982134,187.38,12.44,0.00,33.82,0,-100.00,-8.00,0.00,0.00,39.00,0.00,0,357
662.06,1568006488,12680.46,51.48355760,7.39990933,187.98,12.16,0.00,34.26,0,-101.00,-8.00,0.00,0.00,39.00,0.00,0,357
663.06,1568006489,12692.62,51.48364664,7.40000053,188.04,11.86,0.00,34.65,0,-101.00,-8.00,0.00,0.00,39.00,0.00,0,357
664.06,1568006490,12704.48,51.48373179,7.40009322,188.32,11.74,0.00,34.90,0,-102.00,-8.00,0.00,0.00,38.00,0.00,0,357
665.06,1568006491,12716.23,51.48382269,7.40019103,188.42,11.39,0.00,35.82,0,-102.00,-8.00,0.00,0.00,38.00,0.00,0,357
666.06,1568006492,12727.62,51.48390492,7.40028260,188.87,11.08,0.00,35.34,0,-101.00,-8.00,0.00,0.00,39.00,0.00,0,357
667.06,1568006493,12738.68,51.48397832,7.40037742,189.14,11.15,0.00,37.32,0,-101.00,-8.00,0.00,0.00,39.00,0.00,0,357
668.06,1568006494,12749.85,51.48405838,7.40047926,189.10,11.70,0.00,36.72,0,-105.00,-8.00,0.00,0.00,34.00,0.00,0,48
669.06,1568006495,12761.54,51.48414253,7.40058866,188.72,11.64,0.00,37.31,0,-105.00,-8.00,0.00,0.00,34.00,0.00,0,48
676.06,1568006502,12837.41,51.48465787,7.40131393,187.03,9.14,0.00,42.59,0,-107.00,-10.00,0.00,0.00,34.00,0.00,0,372
676.06,1568006502,12837.42,51.48465787,7.40131393,187.03,9.14,0.00,42.59,0,-109.00,-11.00,0.00,0.00,33.00,0.00,0,48
677.06,1568006503,12846.55,51.48471545,7.40140680,187.03,8.97,0.00,43.48,0,-107.00,-10.00,0.00,0.00,34.00,0.00,0,372
677.06,1568006503,12846.56,51.48471545,7.40140680,187.03,8.97,0.00,43.48,0,-109.00,-11.00,0.00,0.00,33.00,0.00,0,48
678.06,1568006504,12855.52,51.48477462,7.40150389,186.66,8.94,0.00,43.93,0,-109.00,-13.00,0.00,0.00,35.00,0.00,0,167
678.06,1568006504,12855.53,51.48477462,7.40150389,186.66,8.94,0.00,43.93,0,-109.00,-11.00,0.00,0.00,34.00,0.00,0,48
679.06,1568006505,12864.47,51.48483691,7.40160348,186.58,9.75,0.00,44.38,0,-109.00,-13.00,0.00,0.00,35.00,0.00,0,167
679.06,1568006505,12864.47,51.48483691,7.40160348,186.58,9.75,0.00,44.38,0,-109.00,-11.00,0.00,0.00,34.00,0.00,0,48
683.06,1568006509,12907.46,51.48510428,7.40205448,188.27,12.22,0.00,46.40,0,-106.00,-10.00,0.00,0.00,36.00,0.00,0,357
683.06,1568006509,12907.46,51.48510428,7.40205448,188.27,12.22,0.00,46.40,0,-108.00,-11.00,0.00,0.00,35.00,0.00,0,372
683.06,1568006509,12907.47,51.48510428,7.40205448,188.27,12.22,0.00,46.40,0,-110.00,-12.00,0.00,0.00,33.00,0.00,0,237
684.06,1568006510,12919.68,51.48518113,7.40219247,188.47,12.48,0.00,46.91,0,-106.00,-10.00,0.00,0.00,36.00,0.00,0,357
684.06,1568006510,12919.69,51.48518113,7.40219247,188.47,12.48,0.00,46.91,0,-108.00,-11.00,0.00,0.00,35.00,0.00,0,372
684.06,1568006510,12919.69,51.48518113,7.40219247,188.47,12.48,0.00,46.91,0,-110.00,-12.00,0.00,0.00,33.00,0.00,0,237
687.06,1568006513,12958.19,51.48542325,7.40262013,188.94,13.04,0.00,48.57,0,-105.00,-12.00,0.00,0.00,38.00,0.00,0,167
687.06,1568006513,12958.19,51.48542325,7.40262013,188.94,13.04,0.00,48.57,0,-106.00,-11.00,0.00,0.00,36.00,0.00,0,372
687.06,1568006513,12958.20,51.48542325,7.40262013,188.94,13.04,0.00,48.57,0,-108.00,-11.00,0.00,0.00,34.00,0.00,0,48
688.06,1568006514,12971.24,51.48549806,7.40275616,188.30,12.90,0.00,49.16,0,-105.00,-12.00,0.00,0.00,38.00,0.00,0,167
688.06,1568006514,12971.25,51.48549806,7.40275616,188.30,12.90,0.00,49.16,0,-106.00,-11.00,0.00,0.00,36.00,0.00,0,372
688.06,1568006514,12971.25,51.48549806,7.40275616,188.30,12.90,0.00,49.16,0,-108.00,-11.00,0.00,0.00,34.00,0.00,0,48
689.06,1568006515,12984.13,51.48556990,7.40289183,187.55,12.78,0.00,49.74,0,-105.00,-11.00,0.00,0.00,37.00,0.00,0,167
689.06,1568006515,12984.15,51.48556990,7.40289183,187.55,12.78,0.00,49.74,0,-108.00,-11.00,0.00,0.00,35.00,0.00,0,48
689.06,1568006515,12984.15,51.48556990,7.40289183,187.55,12.78,0.00,49.74,0,-108.00,-12.00,0.00,0.00,36.00,0.00,0,372
690.06,1568006516,12996.91,51.48564416,7.40304028,186.93,12.73,0.00,50.49,0,-105.00,-11.00,0.00,0.00,37.00,0.00,0,167
690.06,1568006516,12996.91,51.48564416,7.40304028,186.93,12.73,0.00,50.49,0,-108.00,-11.00,0.00,0.00,35.00,0.00,0,48
690.06,1568006516,12996.92,51.48564416,7.40304028,186.93,12.73,0.00,50.49,0,-108.00,-12.00,0.00,0.00,36.00,0.00,0,372
691.06,1568006517,13009.65,51.48571709,7.40318856,186.61,12.84,0.00,51.27,0,-104.00,-10.00,0.00,0.00,38.00,0.00,0,167
691.06,1568006517,13009.66,51.48571709,7.40318856,186.61,12.84,0.00,51.27,0,-104.00,-11.00,0.00,0.00,36.00,0.00,0,243
691.06,1568006517,13009.66,51.48571709,7.40318856,186.61,12.84,0.00,51.27,0,-106.00,-12.00,0.00,0.00,36.00,0.00,0,481
692.06,1568006518,13022.49,51.48579103,7.40334503,186.18,13.34,0.00,51.74,0,-104.00,-10.00,0.00,0.00,38.00,0.00,0,167
692.06,1568006518,13022.50,51.48579103,7.40334503,186.18,13.34,0.00,51.74,0,-104.00,-11.00,0.00,0.00,36.00,0.00,0,243
692.06,1568006518,13022.52,51.48579103,7.40334503,186.18,13.34,0.00,51.74,0,-106.00,-12.00,0.00,0.00,36.00,0.00,0,481
693.06,1568006519,13035.84,51.48586129,7.40349641,185.66,13.37,0.00,52.55,0,-106.00,-12.00,0.00,0.00,38.00,0.00,0,167
693.06,1568006519,13035.85,51.48586129,7.40349641,185.66,13.37,0.00,52.55,0,-104.00,-11.00,0.00,0.00,35.00,0.00,0,243
693.06,1568006519,13035.85,51.48586129,7.40349641,185.66,13.37,0.00,52.55,0,-107.00,-10.00,0.00,0.00,33.00,0.00,0,481
694.06,1568006520,13049.20,51.48592806,7.40364537,185.41,13.15,0.00,53.22,0,-106.00,-12.00,0.00,0.00,38.00,0.00,0,167
694.06,1568006520,13049.21,51.48592806,7.40364537,185.41,13.15,0.00,53.22,0,-104.00,-11.00,0.00,0.00,35.00,0.00,0,243
694.06,1568006520,13049.23,51.48592806,7.40364537,185.41,13.15,0.00,53.22,0,-107.00,-10.00,0.00,0.00,33.00,0.00,0,481
695.06,1568006521,13062.34,51.48599939,7.40380527,185.46,13.28,0.00,53.66,0,-106.00,-12.00,0.00,0.00,34.00,0.00,0,46
696.06,1568006522,13075.62,51.48606704,7.40396269,185.71,13.31,0.00,54.30,0,-106.00,-12.00,0.00,0.00,34.00,0.00,0,46
697.06,1568006523,13088.93,51.48613723,7.40413118,185.84,13.25,0.00,55.22,0,-107.00,-13.00,0.00,0.00,35.00,0.00,0,45
698.06,1568006524,13102.17,51.48620243,7.40429665,186.02,13.34,0.00,56.20,0,-107.00,-13.00,0.00,0.00,35.00,0.00,0,45
699.06,1568006525,13115.51,51.48626596,7.40445511,186.71,13.06,0.00,56.96,0,-103.00,-10.00,0.00,0.00,36.00,0.00,0,1
700.06,1568006526,13128.58,51.48633429,7.40462958,187.13,13.05,0.00,56.45,0,-103.00,-10.00,0.00,0.00,36.00,0.00,0,1
701.07,1568006527,13141.74,51.48639295,7.40478688,187.49,13.47,0.00,55.73,0,-103.00,-13.00,0.00,0.00,41.00,0.00,0,357
701.07,1568006527,13141.75,51.48639295,7.40478688,187.49,13.47,0.00,55.73,0,-103.00,-12.00,0.00,0.00,38.00,0.00,0,46
702.06,1568006528,13155.10,51.48646208,7.40497499,187.80,14.09,0.00,57.26,0,-103.00,-13.00,0.00,0.00,41.00,0.00,0,357
702.06,1568006528,13155.11,51.48646208,7.40497499,187.80,14.09,0.00,57.26,0,-103.00,-12.00,0.00,0.00,38.00,0.00,0,46
703.06,1568006529,13169.19,51.48652542,7.40514808,187.98,14.40,0.00,57.69,0,-103.00,-13.00,0.00,0.00,41.00,0.00,0,357
703.06,1568006529,13169.20,51.48652542,7.40514808,187.98,14.40,0.00,57.69,0,-103.00,-12.00,0.00,0.00,38.00,0.00,0,46
704.06,1568006530,13183.62,51.48658967,7.40533909,187.81,15.02,0.00,58.73,0,-101.00,-12.00,0.00,0.00,42.00,0.00,0,357
704.06,1568006530,13183.64,51.48658967,7.40533909,187.81,15.02,0.00,58.73,0,-103.00,-14.00,0.00,0.00,42.00,0.00,0,95
704.07,1568006530,13183.65,51.48658967,7.40533909,187.81,15.02,0.00,58.73,0,-105.00,-16.00,0.00,0.00,42.00,0.00,0,166
704.07,1568006530,13183.65,51.48658967,7.40533909,187.81,15.02,0.00,58.73,0,-100.00,-10.00,0.00,0.00,38.00,0.00,0,46
704.07,1568006530,13183.67,51.48658967,7.40533909,187.81,15.02,0.00,58.73,0,-104.00,-10.00,0.00,0.00,34.00,0.00,0,199
705.06,1568006531,13198.64,51.48665080,7.40552510,187.22,15.12,0.00,59.51,0,-101.00,-12.00,0.00,0.00,42.00,0.00,0,357
705.06,1568006531,13198.65,51.48665080,7.40552510,187.22,15.12,0.00,59.51,0,-103.00,-14.00,0.00,0.00,42.00,0.00,0,95
705.06,1568006531,13198.65,51.48665080,7.40552510,187.22,15.12,0.00,59.51,0,-105.00,-16.00,0.00,0.00,42.00,0.00,0,166
705.07,1568006531,13198.67,51.48665080,7.40552510,187.22,15.12,0.00,59.51,0,-100.00,-10.00,0.00,0.00,38.00,0.00,0,46
705.07,1568006531,13198.68,51.48665080,7.40552510,187.22,15.12,0.00,59.51,0,-104.00,-10.00,0.00,0.00,34.00,0.00,0,199
706.06,1568006532,13213.77,51.48670739,7.40570819,186.63,15.14,0.00,60.78,0,-99.00,-9.00,0.00,0.00,42.00,0.00,0,357
706.06,1568006532,13213.77,51.48670739,7.40570819,186.63,15.14,0.00,60.78,0,-101.00,-11.00,0.00,0.00,42.00,0.00,0,166
706.07,1568006532,13213.79,51.48670739,7.40570819,186.63,15.14,0.00,60.78,0,-105.00,-10.00,0.00,0.00,36.00,0.00,0,95
706.07,1568006532,13213.80,51.48670739,7.40570819,186.63,15.14,0.00,60.78,0,-98.00,-10.00,0.00,0.00,40.00,0.00,0,46
706.07,1568006532,13213.80,51.48670739,7.40570819,186.63,15.14,0.00,60.78,0,-100.00,-12.00,0.00,0.00,40.00,0.00,0,245
707.06,1568006533,13228.90,51.48676804,7.40590484,185.49,14.99,0.00,61.60,0,-99.00,-9.00,0.00,0.00,42.00,0.00,0,357
707.06,1568006533,13228.91,51.48676804,7.40590484,185.49,14.99,0.00,61.60,0,-101.00,-11.00,0.00,0.00,42.00,0.00,0,166
707.07,1568006533,13228.93,51.48676804,7.40590484,185.49,14.99,0.00,61.60,0,-105.00,-10.00,0.00,0.00,36.00,0.00,0,95
707.07,1568006533,13228.93,51.48676804,7.40590484,185.49,14.99,0.00,61.60,0,-98.00,-10.00,0.00,0.00,40.00,0.00,0,46
707.07,1568006533,13228.94,51.48676804,7.40590484,185.49,14.99,0.00,61.60,0,-100.00,-12.00,0.00,0.00,40.00,0.00,0,245
708.06,1568006534,13243.89,51.48682444,7.40610664,184.19,15.03,0.00,62.90,0,-99.00,-10.00,0.00,0.00,43.00,0.00,0,166
708.06,1568006534,13243.91,51.48682444,7.40610664,184.19,15.03,0.00,62.90,0,-99.00,-10.00,0.00,0.00,42.00,0.00,0,357
708.07,1568006534,13243.92,51.48682444,7.40610664,184.19,15.03,0.00,62.90,0,-101.00,-8.00,0.00,0.00,38.00,0.00,0,95
708.07,1568006534,13243.94,51.48682444,7.40610664,184.19,15.03,0.00,62.90,0,-96.00,-9.00,0.00,0.00,41.00,0.00,0,46
708.07,1568006534,13243.94,51.48682444,7.40610664,184.19,15.03,0.00,62.90,0,-98.00,-11.00,0.00,0.00,42.00,0.00,0,245
709.06,1568006535,13258.92,51.48687625,7.40630803,183.36,15.04,0.00,64.12,0,-99.00,-10.00,0.00,0.00,43.00,0.00,0,166
709.06,1568006535,13258.92,51.48687625,7.40630803,183.36,15.04,0.00,64.12,0,-99.00,-10.00,0.00,0.00,42.00,0.00,0,357
709.06,1568006535,13258.94,51.48687625,7.40630803,183.36,15.04,0.00,64.12,0,-101.00,-8.00,0.00,0.00,38.00,0.00,0,95
709.07,1568006535,13258.95,51.48687625,7.40630803,183.36,15.04,0.00,64.12,0,-96.00,-9.00,0.00,0.00,41.00,0.00,0,46
709.07,1568006535,13258.95,51.48687625,7.40630803,183.36,15.04,0.00,64.12,0,-98.00,-11.00,0.00,0.00,42.00,0.00,0,245
710.06,1568006536,13273.97,51.48692764,7.40651377,182.75,15.01,0.00,65.32,0,-99.00,-10.00,0.00,0.00,42.00,0.00,0,166
710.06,1568006536,13273.98,51.48692764,7.40651377,182.75,15.01,0.00,65.32,0,-101.00,-8.00,0.00,0.00,38.00,0.00,0,95
710.07,1568006536,13274.00,51.48692764,7.40651377,182.75,15.01,0.00,65.32,0,-98.00,-9.00,0.00,0.00,41.00,0.00,0,245
710.07,1568006536,13274.00,51.48692764,7.40651377,182.75,15.01,0.00,65.32,0,-101.00,-9.00,0.00,0.00,39.00,0.00,0,199
711.06,1568006537,13288.98,51.48697504,7.40672578,182.29,15.23,0.00,66.80,0,-99.00,-10.00,0.00,0.00,42.00,0.00,0,166
711.06,1568006537,13288.99,51.48697504,7.40672578,182.29,15.23,0.00,66.80,0,-101.00,-8.00,0.00,0.00,38.00,0.00,0,95
711.07,1568006537,13289.01,51.48697504,7.40672578,182.29,15.23,0.00,66.80,0,-98.00,-9.00,0.00,0.00,41.00,0.00,0,245
711.07,1568006537,13289.01,51.48697504,7.40672578,182.29,15.23,0.00,66.80,0,-101.00,-9.00,0.00,0.00,39.00,0.00,0,199
712.06,1568006538,13304.20,51.48702121,7.40693417,181.40,15.34,0.00,68.09,0,-103.00,-14.00,0.00,0.00,42.00,0.00,0,166
712.06,1568006538,13304.21,51.48702121,7.40693417,181.40,15.34,0.00,68.09,0,-100.00,-9.00,0.00,0.00,40.00,0.00,0,95
713.06,1568006539,13319.52,51.48706970,7.40714541,180.66,14.96,0.00,68.71,0,-103.00,-14.00,0.00,0.00,42.00,0.00,0,166
713.06,1568006539,13319.53,51.48706970,7.40714541,180.66,14.96,0.00,68.71,0,-100.00,-9.00,0.00,0.00,40.00,0.00,0,95
714.06,1568006540,13334.48,51.48711367,7.40736320,179.95,15.09,0.00,70.23,0,-100.00,-13.00,0.00,0.00,44.00,0.00,0,166
714.06,1568006540,13334.50,51.48711367,7.40736320,179.95,15.09,0.00,70.23,0,-100.00,-11.00,0.00,0.00,42.00,0.00,0,95
715.06,1568006541,13349.57,51.48715370,7.40755988,179.64,14.71,0.00,70.60,0,-100.00,-13.00,0.00,0.00,44.00,0.00,0,166
715.06,1568006541,13349.58,51.48715370,7.40755988,179.64,14.71,0.00,70.60,0,-100.00,-11.00,0.00,0.00,42.00,0.00,0,95
716.06,1568006542,13364.33,51.48719213,7.40776433,179.25,15.00,0.00,71.74,0,-98.00,-9.00,0.00,0.00,43.00,0.00,0,95
716.06,1568006542,13364.33,51.48719213,7.40776433,179.25,15.00,0.00,71.74,0,-95.00,-9.00,0.00,0.00,46.00,0.00,0,357
716.07,1568006542,13364.34,51.48719213,7.40776433,179.25,15.00,0.00,71.74,0,-99.00,-12.00,0.00,0.00,44.00,0.00,0,166
717.06,1568006543,13379.30,51.48723055,7.40795807,179.01,14.67,0.00,72.19,0,-98.00,-9.00,0.00,0.00,43.00,0.00,0,95
717.06,1568006543,13379.31,51.48723055,7.40795807,179.01,14.67,0.00,72.19,0,-95.00,-9.00,0.00,0.00,46.00,0.00,0,357
717.06,1568006543,13379.33,51.48723055,7.40795807,179.01,14.67,0.00,72.19,0,-99.00,-12.00,0.00,0.00,44.00,0.00,0,166
718.06,1568006544,13393.96,51.48727164,7.40814939,178.75,13.00,0.00,70.01,0,-96.00,-9.00,0.00,0.00,45.00,0.00,0,166
718.06,1568006544,13393.98,51.48727164,7.40814939,178.75,13.00,0.00,70.01,0,-98.00,-12.00,0.00,0.00,46.00,0.00,0,359
718.06,1568006544,13393.98,51.48727164,7.40814939,178.75,13.00,0.00,70.01,0,-97.00,-11.00,0.00,0.00,46.00,0.00,0,357
719.06,1568006545,13406.96,51.48730451,7.40833998,178.46,13.57,0.00,71.97,0,-96.00,-9.00,0.00,0.00,45.00,0.00,0,166
719.06,1568006545,13406.97,51.48730451,7.40833998,178.46,13.57,0.00,71.97,0,-98.00,-12.00,0.00,0.00,46.00,0.00,0,359
719.06,1568006545,13406.97,51.48730451,7.40833998,178.46,13.57,0.00,71.97,0,-97.00,-11.00,0.00,0.00,46.00,0.00,0,357
720.06,1568006546,13420.52,51.48733411,7.40853793,177.82,13.52,0.00,73.89,0,-95.00,-9.00,0.00,0.00,46.00,0.00,0,166
721.06,1568006547,13434.02,51.48735771,7.40871250,177.22,13.24,0.00,75.16,0,-95.00,-9.00,0.00,0.00,46.00,0.00,0,166
722.07,1568006548,13447.41,51.48738307,7.40890697,176.33,13.07,0.00,76.59,0,-91.00,-4.00,0.00,0.00,45.00,0.00,0,95
722.07,1568006548,13447.41,51.48738307,7.40890697,176.33,13.07,0.00,76.59,0,-96.00,-10.00,0.00,0.00,45.00,0.00,0,359
722.07,1568006548,13447.42,51.48738307,7.40890697,176.33,13.07,0.00,76.59,0,-101.00,-13.00,0.00,0.00,44.00,0.00,0,357
723.07,1568006549,13460.51,51.48740720,7.40910314,175.29,12.84,0.00,77.54,0,-91.00,-4.00,0.00,0.00,45.00,0.00,0,95
723.07,1568006549,13460.52,51.48740720,7.40910314,175.29,12.84,0.00,77.54,0,-96.00,-10.00,0.00,0.00,45.00,0.00,0,359
723.08,1568006549,13460.53,51.48740720,7.40910314,175.29,12.84,0.00,77.54,0,-101.00,-13.00,0.00,0.00,44.00,0.00,0,357
724.06,1568006550,13473.16,51.48742199,7.40927212,174.43,12.67,0.00,77.98,0,-91.00,-4.00,0.00,0.00,45.00,0.00,0,95
724.06,1568006550,13473.16,51.48742199,7.40927212,174.43,12.67,0.00,77.98,0,-96.00,-10.00,0.00,0.00,45.00,0.00,0,359
724.06,1568006550,13473.17,51.48742199,7.40927212,174.43,12.67,0.00,77.98,0,-101.00,-13.00,0.00,0.00,44.00,0.00,0,357
725.06,1568006551,13485.85,51.48743871,7.40945521,173.73,11.81,0.00,77.44,0,-99.00,-16.00,0.00,0.00,50.00,0.00,0,166
726.06,1568006552,13497.66,51.48745454,7.40963288,173.38,11.68,0.00,78.26,0,-99.00,-16.00,0.00,0.00,50.00,0.00,0,166
727.06,1568006553,13509.34,51.48746655,7.40978410,173.11,10.58,0.00,79.08,0,-99.00,-10.00,0.00,0.00,42.00,0.00,0,359
728.06,1568006554,13519.92,51.48748084,7.40994987,172.90,9.62,0.00,79.54,0,-99.00,-10.00,0.00,0.00,42.00,0.00,0,359
729.06,1568006555,13529.54,51.48749465,7.41008465,172.77,8.06,0.00,79.62,0,-97.00,-8.00,0.00,0.00,42.00,0.00,0,359
730.06,1568006556,13537.59,51.48750193,7.41017551,172.36,7.20,0.00,80.00,0,-97.00,-8.00,0.00,0.00,42.00,0.00,0,359
731.06,1568006557,13544.79,51.48750715,7.41025946,171.83,6.94,0.00,80.79,0,-98.00,-10.00,0.00,0.00,40.00,0.00,0,243
731.06,1568006557,13544.80,51.48750715,7.41025946,171.83,6.94,0.00,80.79,0,-98.00,-6.00,0.00,0.00,36.00,0.00,0,199
732.06,1568006558,13551.70,51.48751014,7.41035237,171.19,6.49,0.00,81.79,0,-98.00,-10.00,0.00,0.00,40.00,0.00,0,243
732.06,1568006558,13551.71,51.48751014,7.41035237,171.19,6.49,0.00,81.79,0,-98.00,-6.00,0.00,0.00,36.00,0.00,0,199
750.06,1568006576,13670.34,51.48824808,7.41086919,170.34,8.04,0.00,351.10,0,-98.00,-11.00,0.00,0.00,41.00,0.00,0,243
750.06,1568006576,13670.35,51.48824808,7.41086919,170.34,8.04,0.00,351.10,0,-99.00,-6.00,0.00,0.00,38.00,0.00,0,199
751.06,1568006577,13678.38,51.48832322,7.41084894,170.48,7.88,0.00,350.79,0,-98.00,-11.00,0.00,0.00,41.00,0.00,0,243
751.06,1568006577,13678.39,51.48832322,7.41084894,170.48,7.88,0.00,350.79,0,-99.00,-6.00,0.00,0.00,38.00,0.00,0,199
752.06,1568006578,13686.27,51.48839514,7.41082940,170.69,7.68,0.00,351.24,0,-95.00,-8.00,0.00,0.00,45.00,0.00,0,167
752.06,1568006578,13686.28,51.48839514,7.41082940,170.69,7.68,0.00,351.24,0,-96.00,-9.00,0.00,0.00,41.00,0.00,0,243
752.06,1568006578,13686.28,51.48839514,7.41082940,170.69,7.68,0.00,351.24,0,-99.00,-7.00,0.00,0.00,37.00,0.00,0,199
753.06,1568006579,13693.94,51.48845978,7.41081057,171.04,7.57,0.00,350.77,0,-95.00,-8.00,0.00,0.00,45.00,0.00,0,167
753.06,1568006579,13693.95,51.48845978,7.41081057,171.04,7.57,0.00,350.77,0,-96.00,-9.00,0.00,0.00,41.00,0.00,0,243
753.06,1568006579,13693.95,51.48845978,7.41081057,171.04,7.57,0.00,350.77,0,-99.00,-7.00,0.00,0.00,37.00,0.00,0,199
756.06,1568006582,13716.69,51.48867738,7.41074277,171.72,8.31,0.00,349.45,0,-92.00,-7.00,0.00,0.00,48.00,0.00,0,167
757.06,1568006583,13725.00,51.48875270,7.41071938,171.96,8.94,0.00,349.09,0,-92.00,-7.00,0.00,0.00,48.00,0.00,0,167
758.06,1568006584,13733.94,51.48884515,7.41068827,172.47,9.96,0.00,348.90,0,-94.00,-10.00,0.00,0.00,48.00,0.00,0,167
759.06,1568006585,13743.90,51.48893108,7.41065806,173.23,10.56,0.00,348.53,0,-94.00,-10.00,0.00,0.00,48.00,0.00,0,167
760.06,1568006586,13754.47,51.48903112,7.41062199,173.98,11.90,0.00,348.07,0,-95.00,-9.00,0.00,0.00,45.00,0.00,0,167
760.06,1568006586,13754.49,51.48903112,7.41062199,173.98,11.90,0.00,348.07,0,-96.00,-10.00,0.00,0.00,45.00,0.00,0,166
761.06,1568006587,13766.38,51.48914174,7.41058684,174.19,12.79,0.00,347.39,0,-95.00,-9.00,0.00,0.00,45.00,0.00,0,167
761.06,1568006587,13766.39,51.48914174,7.41058684,174.19,12.79,0.00,347.39,0,-96.00,-10.00,0.00,0.00,45.00,0.00,0,166
762.06,1568006588,13779.17,51.48925531,7.41054231,174.64,13.43,0.00,346.87,0,-100.00,-10.00,0.00,0.00,42.00,0.00,0,167
763.06,1568006589,13792.59,51.48937166,7.41049895,175.06,13.43,0.00,345.90,0,-100.00,-10.00,0.00,0.00,42.00,0.00,0,167
764.06,1568006590,13806.03,51.48948382,7.41045346,175.37,13.33,0.00,346.08,0,-101.00,-12.00,0.00,0.00,43.00,0.00,0,167
764.06,1568006590,13806.05,51.48948382,7.41045346,175.37,13.33,0.00,346.08,0,-101.00,-12.00,0.00,0.00,40.00,0.00,0,243
765.06,1568006591,13819.36,51.48959206,7.41040482,175.91,12.76,0.00,346.38,0,-101.00,-12.00,0.00,0.00,43.00,0.00,0,167
765.06,1568006591,13819.37,51.48959206,7.41040482,175.91,12.76,0.00,346.38,0,-101.00,-12.00,0.00,0.00,40.00,0.00,0,243
769.06,1568006595,13862.42,51.48990563,7.41027437,176.11,6.15,0.00,347.76,0,-97.00,-8.00,0.00,0.00,42.00,0.00,0,95
769.06,1568006595,13862.43,51.48990563,7.41027437,176.11,6.15,0.00,347.76,0,-98.00,-6.00,0.00,0.00,39.00,0.00,0,199
770.06,1568006596,13868.56,51.48996674,7.41027420,176.09,3.99,0.00,10.30,0,-97.00,-8.00,0.00,0.00,42.00,0.00,0,95
770.06,1568006596,13868.57,51.48996674,7.41027420,176.09,3.99,0.00,10.30,0,-98.00,-6.00,0.00,0.00,39.00,0.00,0,199
