0.01,1568177213,0.04,51.44947292,7.48843003,248.95,12.65,0.00,174.52,0,-101.00,-11.00,0.00,0.00,41.00,0.00,0,66
0.01,1568177213,0.05,51.44947292,7.48843003,248.95,12.65,0.00,174.52,0,-104.00,-13.00,0.00,0.00,40.00,0.00,0,119
0.01,1568177213,0.05,51.44947292,7.48843003,248.95,12.65,0.00,174.52,0,-98.00,-9.00,0.00,0.00,40.00,0.00,0,320
0.01,1568177213,0.05,51.44947292,7.48843003,248.95,12.65,0.00,174.52,0,-104.00,-13.00,0.00,0.00,39.00,0.00,0,76
1.02,1568177214,12.82,51.45114740,7.49163900,249.49,12.66,0.00,176.28,0,-101.00,-11.00,0.00,0.00,41.00,0.00,0,66
1.02,1568177214,12.83,51.45114740,7.49163900,249.49,12.66,0.00,176.28,0,-104.00,-13.00,0.00,0.00,40.00,0.00,0,119
1.02,1568177214,12.83,51.45114740,7.49163900,249.49,12.66,0.00,176.28,0,-98.00,-9.00,0.00,0.00,40.00,0.00,0,320
1.02,1568177214,12.83,51.45114740,7.49163900,249.49,12.66,0.00,176.28,0,-104.00,-13.00,0.00,0.00,39.00,0.00,0,76
2.02,1568177215,25.49,51.44925179,7.48843889,250.55,12.94,0.00,178.06,0,-102.00,-12.00,0.00,0.00,42.00,0.00,0,119
2.03,1568177215,25.50,51.44925179,7.48843889,250.55,12.94,0.00,178.06,0,-103.00,-13.00,0.00,0.00,42.00,0.00,0,66
2.03,1568177215,25.50,51.44925179,7.48843889,250.55,12.94,0.00,178.06,0,-100.00,-12.00,0.00,0.00,41.00,0.00,0,320
2.03,1568177215,25.50,51.44925179,7.48843889,250.55,12.94,0.00,178.06,0,-102.00,-13.00,0.00,0.00,40.00,0.00,0,76
3.02,1568177216,38.35,51.44914419,7.48843755,251.53,13.22,0.00,179.58,0,-102.00,-12.00,0.00,0.00,42.00,0.00,0,119
3.02,1568177216,38.35,51.44914419,7.48843755,251.53,13.22,0.00,179.58,0,-103.00,-13.00,0.00,0.00,42.00,0.00,0,66
3.02,1568177216,38.35,51.44914419,7.48843755,251.53,13.22,0.00,179.58,0,-100.00,-12.00,0.00,0.00,41.00,0.00,0,320
3.02,1568177216,38.35,51.44914419,7.48843755,251.53,13.22,0.00,179.58,0,-102.00,-13.00,0.00,0.00,40.00,0.00,0,76
4.02,1568177217,51.57,51.44903176,7.48843117,252.37,13.34,0.00,181.82,0,-102.00,-12.00,0.00,0.00,42.00,0.00,0,119
4.02,1568177217,51.57,51.44903176,7.48843117,252.37,13.34,0.00,181.82,0,-103.00,-13.00,0.00,0.00,42.00,0.00,0,66
4.02,1568177217,51.57,51.44903176,7.48843117,252.37,13.34,0.00,181.82,0,-100.00,-12.00,0.00,0.00,41.00,0.00,0,320
4.02,1568177217,51.57,51.44903176,7.48843117,252.37,13.34,0.00,181.82,0,-102.00,-13.00,0.00,0.00,40.00,0.00,0,76
5.02,1568177218,64.90,51.44891668,7.48841374,252.78,13.49,0.00,185.07,0,-100.00,-9.00,0.00,0.00,41.00,0.00,0,119
5.02,1568177218,64.90,51.44891668,7.48841374,252.78,13.49,0.00,185.07,0,-105.00,-13.00,0.00,0.00,41.00,0.00,0,66
5.02,1568177218,64.91,51.44891668,7.48841374,252.78,13.49,0.00,185.07,0,-97.00,-9.00,0.00,0.00,41.00,0.00,0,76
5.02,1568177218,64.91,51.44891668,7.48841374,252.78,13.49,0.00,185.07,0,-102.00,-14.00,0.00,0.00,41.00,0.00,0,75
6.02,1568177219,78.38,51.44878572,7.48837349,253.58,13.92,0.00,187.69,0,-100.00,-9.00,0.00,0.00,41.00,0.00,0,119
6.02,1568177219,78.38,51.44878572,7.48837349,253.58,13.92,0.00,187.69,0,-105.00,-13.00,0.00,0.00,41.00,0.00,0,66
6.02,1568177219,78.40,51.44878572,7.48837349,253.58,13.92,0.00,187.69,0,-97.00,-9.00,0.00,0.00,41.00,0.00,0,76
6.02,1568177219,78.40,51.44878572,7.48837349,253.58,13.92,0.00,187.69,0,-102.00,-14.00,0.00,0.00,41.00,0.00,0,75
7.02,1568177220,92.30,51.44866227,7.48832960,253.95,14.20,0.00,189.87,0,-102.00,-12.00,0.00,0.00,39.00,0.00,0,319
7.02,1568177220,92.31,51.44866227,7.48832960,253.95,14.20,0.00,189.87,0,-103.00,-14.00,0.00,0.00,39.00,0.00,0,320
8.02,1568177221,106.50,51.44853247,7.48827669,254.24,14.44,0.00,191.57,0,-102.00,-12.00,0.00,0.00,39.00,0.00,0,319
8.02,1568177221,106.51,51.44853247,7.48827669,254.24,14.44,0.00,191.57,0,-103.00,-14.00,0.00,0.00,39.00,0.00,0,320
9.02,1568177222,120.94,51.44839239,7.48822042,254.73,14.60,0.00,192.33,0,-104.00,-14.00,0.00,0.00,37.00,0.00,0,319
9.02,1568177222,120.94,51.44839239,7.48822042,254.73,14.60,0.00,192.33,0,-105.00,-14.00,0.00,0.00,38.00,0.00,0,75
10.02,1568177223,135.54,51.44825163,7.48815837,255.50,15.28,0.00,192.98,0,-104.00,-14.00,0.00,0.00,37.00,0.00,0,319
10.02,1568177223,135.54,51.44825163,7.48815837,255.50,15.28,0.00,192.98,0,-105.00,-14.00,0.00,0.00,38.00,0.00,0,75
13.02,1568177226,181.96,51.44784844,7.48799906,257.07,15.64,0.00,191.53,0,-109.00,-13.00,0.00,0.00,37.00,0.00,0,67
13.02,1568177226,181.96,51.44784844,7.48799906,257.07,15.64,0.00,191.53,0,-106.00,-12.00,0.00,0.00,35.00,0.00,0,319
14.02,1568177227,197.60,51.44772668,7.48795851,257.76,14.01,0.00,191.12,0,-109.00,-13.00,0.00,0.00,37.00,0.00,0,67
14.02,1568177227,197.60,51.44772668,7.48795851,257.76,14.01,0.00,191.12,0,-106.00,-12.00,0.00,0.00,35.00,0.00,0,319
23.02,1568177236,332.57,51.44645404,7.48818784,263.29,15.50,0.00,162.14,0,-107.00,-12.00,0.00,0.00,37.00,0.00,0,118
24.02,1568177237,348.07,51.44633360,7.48827722,263.55,15.40,0.00,158.74,0,-107.00,-12.00,0.00,0.00,37.00,0.00,0,118
25.02,1568177238,363.56,51.44621547,7.48838408,263.76,15.32,0.00,155.97,0,-103.00,-12.00,0.00,0.00,41.00,0.00,0,118
26.02,1568177239,378.79,51.44608997,7.48850220,264.22,15.59,0.00,152.79,0,-103.00,-12.00,0.00,0.00,41.00,0.00,0,118
27.02,1568177240,394.38,51.44596603,7.48863568,264.68,15.56,0.00,148.96,0,-103.00,-12.00,0.00,0.00,41.00,0.00,0,118
28.02,1568177241,409.95,51.44585245,7.48878524,265.07,15.63,0.00,145.26,0,-103.00,-14.00,0.00,0.00,41.00,0.00,0,67
28.02,1568177241,409.95,51.44585245,7.48878524,265.07,15.63,0.00,145.26,0,-104.00,-14.00,0.00,0.00,41.00,0.00,0,66
28.02,1568177241,409.95,51.44585245,7.48878524,265.07,15.63,0.00,145.26,0,-104.00,-14.00,0.00,0.00,41.00,0.00,0,118
29.02,1568177242,425.58,51.44574826,7.48893210,265.60,15.62,0.00,141.62,0,-103.00,-14.00,0.00,0.00,41.00,0.00,0,67
29.02,1568177242,425.58,51.44574826,7.48893210,265.60,15.62,0.00,141.62,0,-104.00,-14.00,0.00,0.00,41.00,0.00,0,66
29.02,1568177242,425.58,51.44574826,7.48893210,265.60,15.62,0.00,141.62,0,-104.00,-14.00,0.00,0.00,41.00,0.00,0,118
30.02,1568177243,441.19,51.44564227,7.48910526,266.13,15.66,0.00,137.98,0,-105.00,-14.00,0.00,0.00,41.00,0.00,0,118
30.02,1568177243,441.20,51.44564227,7.48910526,266.13,15.66,0.00,137.98,0,-105.00,-14.00,0.00,0.00,40.00,0.00,0,67
30.02,1568177243,441.20,51.44564227,7.48910526,266.13,15.66,0.00,137.98,0,-106.00,-16.00,0.00,0.00,41.00,0.00,0,66
31.02,1568177244,456.85,51.44554811,7.48928931,266.71,15.57,0.00,135.01,0,-105.00,-14.00,0.00,0.00,41.00,0.00,0,118
31.02,1568177244,456.85,51.44554811,7.48928931,266.71,15.57,0.00,135.01,0,-105.00,-14.00,0.00,0.00,40.00,0.00,0,67
31.02,1568177244,456.86,51.44554811,7.48928931,266.71,15.57,0.00,135.01,0,-106.00,-16.00,0.00,0.00,41.00,0.00,0,66
32.02,1568177245,472.41,51.44545955,7.48947769,267.33,15.63,0.00,132.76,0,-105.00,-14.00,0.00,0.00,41.00,0.00,0,118
32.02,1568177245,472.41,51.44545955,7.48947769,267.33,15.63,0.00,132.76,0,-106.00,-14.00,0.00,0.00,40.00,0.00,0,67
32.02,1568177245,472.43,51.44545955,7.48947769,267.33,15.63,0.00,132.76,0,-107.00,-16.00,0.00,0.00,40.00,0.00,0,66
33.02,1568177246,488.06,51.44538011,7.48965521,268.02,15.74,0.00,130.96,0,-105.00,-14.00,0.00,0.00,41.00,0.00,0,118
33.02,1568177246,488.06,51.44538011,7.48965521,268.02,15.74,0.00,130.96,0,-106.00,-14.00,0.00,0.00,40.00,0.00,0,67
33.02,1568177246,488.07,51.44538011,7.48965521,268.02,15.74,0.00,130.96,0,-107.00,-16.00,0.00,0.00,40.00,0.00,0,66
34.02,1568177247,503.78,51.44529421,7.48985953,268.99,16.13,0.00,129.68,0,-103.00,-11.00,0.00,0.00,40.00,0.00,0,118
34.02,1568177247,503.80,51.44529421,7.48985953,268.99,16.13,0.00,129.68,0,-106.00,-13.00,0.00,0.00,39.00,0.00,0,67
34.02,1568177247,503.80,51.44529421,7.48985953,268.99,16.13,0.00,129.68,0,-108.00,-16.00,0.00,0.00,40.00,0.00,0,66
35.02,1568177248,519.91,51.44520911,7.49005985,270.07,16.15,0.00,128.96,0,-103.00,-11.00,0.00,0.00,40.00,0.00,0,118
35.02,1568177248,519.91,51.44520911,7.49005985,270.07,16.15,0.00,128.96,0,-106.00,-13.00,0.00,0.00,39.00,0.00,0,67
35.02,1568177248,519.91,51.44520911,7.49005985,270.07,16.15,0.00,128.96,0,-108.00,-16.00,0.00,0.00,40.00,0.00,0,66
36.02,1568177249,536.06,51.44512882,7.49025969,271.39,16.20,0.00,128.13,0,-107.00,-13.00,0.00,0.00,38.00,0.00,0,67
36.02,1568177249,536.06,51.44512882,7.49025969,271.39,16.20,0.00,128.13,0,-110.00,-16.00,0.00,0.00,38.00,0.00,0,119
37.02,1568177250,552.26,51.44505411,7.49044473,272.55,15.68,0.00,127.72,0,-107.00,-13.00,0.00,0.00,38.00,0.00,0,67
37.02,1568177250,552.27,51.44505411,7.49044473,272.55,15.68,0.00,127.72,0,-110.00,-16.00,0.00,0.00,38.00,0.00,0,119
38.02,1568177251,567.93,51.44498171,7.49062946,273.48,14.77,0.00,126.90,0,-107.00,-13.00,0.00,0.00,38.00,0.00,0,67
39.02,1568177252,582.70,51.44491275,7.49080101,274.08,14.08,0.00,126.76,0,-107.00,-13.00,0.00,0.00,38.00,0.00,0,67
40.02,1568177253,596.78,51.44485280,7.49095762,274.62,13.11,0.00,126.98,0,-107.00,-13.00,0.00,0.00,38.00,0.00,0,67
41.02,1568177254,609.90,51.44521400,7.48551740,274.86,12.79,0.00,127.88,0,-107.00,-13.00,0.00,0.00,38.00,0.00,0,67
42.02,1568177255,622.69,51.44474379,7.49123485,274.67,10.36,0.00,127.41,0,-108.00,-13.00,0.00,0.00,37.00,0.00,0,67
43.02,1568177256,633.04,51.44469474,7.49134815,274.82,8.64,0.00,126.73,0,-108.00,-13.00,0.00,0.00,37.00,0.00,0,67
141.12,1568177354,1766.15,51.43457850,7.47438760,294.30,14.91,0.00,241.17,0,-112.00,-9.00,0.00,0.00,28.00,0.00,0,458
142.12,1568177355,1781.04,51.43801341,7.47949921,294.17,14.65,0.00,241.83,0,-112.00,-9.00,0.00,0.00,28.00,0.00,0,458
143.12,1568177356,1795.70,51.43795129,7.47929996,293.46,14.72,0.00,242.47,0,-113.00,-10.00,0.00,0.00,29.00,0.00,0,458
144.12,1568177357,1810.42,51.43789501,7.47910946,293.00,14.34,0.00,242.91,0,-113.00,-10.00,0.00,0.00,29.00,0.00,0,458
145.12,1568177358,1824.77,51.43783835,7.47892683,292.60,13.60,0.00,242.28,0,-113.00,-15.00,0.00,0.00,33.00,0.00,0,205
145.12,1568177358,1824.77,51.43783835,7.47892683,292.60,13.60,0.00,242.28,0,-114.00,-15.00,0.00,0.00,33.00,0.00,0,458
145.12,1568177358,1824.79,51.43783835,7.47892683,292.60,13.60,0.00,242.28,0,-111.00,-11.00,0.00,0.00,29.00,0.00,0,334
146.12,1568177359,1838.37,51.43778222,7.47873830,292.37,13.71,0.00,242.03,0,-113.00,-15.00,0.00,0.00,33.00,0.00,0,205
146.12,1568177359,1838.37,51.43778222,7.47873830,292.37,13.71,0.00,242.03,0,-114.00,-15.00,0.00,0.00,33.00,0.00,0,458
146.12,1568177359,1838.37,51.43778222,7.47873830,292.37,13.71,0.00,242.03,0,-111.00,-11.00,0.00,0.00,29.00,0.00,0,334
147.12,1568177360,1852.08,51.43772427,7.47855978,292.25,14.14,0.00,241.80,0,-111.00,-10.00,0.00,0.00,30.00,0.00,0,100
147.12,1568177360,1852.08,51.43772427,7.47855978,292.25,14.14,0.00,241.80,0,-113.00,-12.00,0.00,0.00,30.00,0.00,0,205
147.12,1568177360,1852.09,51.43772427,7.47855978,292.25,14.14,0.00,241.80,0,-115.00,-13.00,0.00,0.00,30.00,0.00,0,458
147.12,1568177360,1852.09,51.43772427,7.47855978,292.25,14.14,0.00,241.80,0,-113.00,-13.00,0.00,0.00,29.00,0.00,0,334
148.12,1568177361,1866.22,51.43766172,7.47836042,291.60,14.07,0.00,240.97,0,-111.00,-10.00,0.00,0.00,30.00,0.00,0,100
148.12,1568177361,1866.23,51.43766172,7.47836042,291.60,14.07,0.00,240.97,0,-113.00,-12.00,0.00,0.00,30.00,0.00,0,205
148.12,1568177361,1866.23,51.43766172,7.47836042,291.60,14.07,0.00,240.97,0,-115.00,-13.00,0.00,0.00,30.00,0.00,0,458
148.12,1568177361,1866.23,51.43766172,7.47836042,291.60,14.07,0.00,240.97,0,-113.00,-13.00,0.00,0.00,29.00,0.00,0,334
149.12,1568177362,1880.29,51.43760353,7.47818437,290.91,14.42,0.00,240.62,0,-113.00,-11.00,0.00,0.00,29.00,0.00,0,100
149.12,1568177362,1880.29,51.43760353,7.47818437,290.91,14.42,0.00,240.62,0,-114.00,-12.00,0.00,0.00,30.00,0.00,0,205
149.12,1568177362,1880.30,51.43760353,7.47818437,290.91,14.42,0.00,240.62,0,-116.00,-13.00,0.00,0.00,29.00,0.00,0,458
149.12,1568177362,1880.30,51.43760353,7.47818437,290.91,14.42,0.00,240.62,0,-111.00,-10.00,0.00,0.00,28.00,0.00,0,334
149.12,1568177362,1880.30,51.43760353,7.47818437,290.91,14.42,0.00,240.62,0,-111.00,-10.00,0.00,0.00,27.00,0.00,0,222
150.12,1568177363,1894.70,51.43754407,7.47800178,290.75,14.80,0.00,241.18,0,-113.00,-11.00,0.00,0.00,29.00,0.00,0,100
150.12,1568177363,1894.70,51.43754407,7.47800178,290.75,14.80,0.00,241.18,0,-114.00,-12.00,0.00,0.00,30.00,0.00,0,205
150.12,1568177363,1894.70,51.43754407,7.47800178,290.75,14.80,0.00,241.18,0,-116.00,-13.00,0.00,0.00,29.00,0.00,0,458
150.12,1568177363,1894.72,51.43754407,7.47800178,290.75,14.80,0.00,241.18,0,-111.00,-10.00,0.00,0.00,28.00,0.00,0,334
150.12,1568177363,1894.72,51.43754407,7.47800178,290.75,14.80,0.00,241.18,0,-111.00,-10.00,0.00,0.00,27.00,0.00,0,222
151.12,1568177364,1909.51,51.43748131,7.47780828,290.79,14.46,0.00,241.68,0,-113.00,-12.00,0.00,0.00,30.00,0.00,0,205
151.12,1568177364,1909.51,51.43748131,7.47780828,290.79,14.46,0.00,241.68,0,-116.00,-14.00,0.00,0.00,29.00,0.00,0,100
151.12,1568177364,1909.52,51.43748131,7.47780828,290.79,14.46,0.00,241.68,0,-117.00,-15.00,0.00,0.00,30.00,0.00,0,458
151.12,1568177364,1909.52,51.43748131,7.47780828,290.79,14.46,0.00,241.68,0,-111.00,-9.00,0.00,0.00,27.00,0.00,0,334
151.12,1568177364,1909.52,51.43748131,7.47780828,290.79,14.46,0.00,241.68,0,-115.00,-11.00,0.00,0.00,25.00,0.00,0,222
152.12,1568177365,1923.97,51.43742236,7.47762398,290.88,14.14,0.00,241.08,0,-113.00,-12.00,0.00,0.00,30.00,0.00,0,205
152.12,1568177365,1923.97,51.43742236,7.47762398,290.88,14.14,0.00,241.08,0,-116.00,-14.00,0.00,0.00,29.00,0.00,0,100
152.12,1568177365,1923.97,51.43742236,7.47762398,290.88,14.14,0.00,241.08,0,-117.00,-15.00,0.00,0.00,30.00,0.00,0,458
152.12,1568177365,1923.98,51.43742236,7.47762398,290.88,14.14,0.00,241.08,0,-111.00,-9.00,0.00,0.00,27.00,0.00,0,334
152.12,1568177365,1923.98,51.43742236,7.47762398,290.88,14.14,0.00,241.08,0,-115.00,-11.00,0.00,0.00,25.00,0.00,0,222
153.12,1568177366,1938.18,51.43735766,7.47744348,291.20,14.00,0.00,240.53,0,-113.00,-10.00,0.00,0.00,29.00,0.00,0,205
153.13,1568177366,1938.20,51.43735766,7.47744348,291.20,14.00,0.00,240.53,0,-114.00,-11.00,0.00,0.00,28.00,0.00,0,100
153.13,1568177366,1938.20,51.43735766,7.47744348,291.20,14.00,0.00,240.53,0,-119.00,-15.00,0.00,0.00,27.00,0.00,0,458
153.13,1568177366,1938.20,51.43735766,7.47744348,291.20,14.00,0.00,240.53,0,-111.00,-9.00,0.00,0.00,26.00,0.00,0,222
153.13,1568177366,1938.20,51.43735766,7.47744348,291.20,14.00,0.00,240.53,0,-114.00,-11.00,0.00,0.00,26.00,0.00,0,334
154.12,1568177367,1952.11,51.43729186,7.47726257,291.28,13.72,0.00,240.96,0,-113.00,-10.00,0.00,0.00,29.00,0.00,0,205
154.12,1568177367,1952.11,51.43729186,7.47726257,291.28,13.72,0.00,240.96,0,-114.00,-11.00,0.00,0.00,28.00,0.00,0,100
154.12,1568177367,1952.12,51.43729186,7.47726257,291.28,13.72,0.00,240.96,0,-119.00,-15.00,0.00,0.00,27.00,0.00,0,458
154.12,1568177367,1952.12,51.43729186,7.47726257,291.28,13.72,0.00,240.96,0,-111.00,-9.00,0.00,0.00,26.00,0.00,0,222
154.12,1568177367,1952.12,51.43729186,7.47726257,291.28,13.72,0.00,240.96,0,-114.00,-11.00,0.00,0.00,26.00,0.00,0,334
155.12,1568177368,1965.81,51.43723460,7.47708098,291.15,13.47,0.00,242.63,0,-113.00,-10.00,0.00,0.00,29.00,0.00,0,205
155.12,1568177368,1965.83,51.43723460,7.47708098,291.15,13.47,0.00,242.63,0,-114.00,-11.00,0.00,0.00,28.00,0.00,0,100
155.12,1568177368,1965.83,51.43723460,7.47708098,291.15,13.47,0.00,242.63,0,-119.00,-15.00,0.00,0.00,27.00,0.00,0,458
155.12,1568177368,1965.83,51.43723460,7.47708098,291.15,13.47,0.00,242.63,0,-111.00,-9.00,0.00,0.00,26.00,0.00,0,222
155.12,1568177368,1965.83,51.43723460,7.47708098,291.15,13.47,0.00,242.63,0,-114.00,-11.00,0.00,0.00,26.00,0.00,0,334
156.12,1568177369,1979.29,51.43718557,7.47688975,291.17,12.95,0.00,246.16,0,-115.00,-12.00,0.00,0.00,28.00,0.00,0,205
156.12,1568177369,1979.30,51.43718557,7.47688975,291.17,12.95,0.00,246.16,0,-117.00,-13.00,0.00,0.00,27.00,0.00,0,100
156.12,1568177369,1979.30,51.43718557,7.47688975,291.17,12.95,0.00,246.16,0,-112.00,-11.00,0.00,0.00,29.00,0.00,0,334
156.12,1568177369,1979.30,51.43718557,7.47688975,291.17,12.95,0.00,246.16,0,-115.00,-13.00,0.00,0.00,27.00,0.00,0,222
157.12,1568177370,1992.25,51.43716772,7.47669538,291.04,12.90,0.00,260.56,0,-115.00,-12.00,0.00,0.00,28.00,0.00,0,205
157.12,1568177370,1992.25,51.43716772,7.47669538,291.04,12.90,0.00,260.56,0,-117.00,-13.00,0.00,0.00,27.00,0.00,0,100
157.12,1568177370,1992.25,51.43716772,7.47669538,291.04,12.90,0.00,260.56,0,-112.00,-11.00,0.00,0.00,29.00,0.00,0,334
157.12,1568177370,1992.25,51.43716772,7.47669538,291.04,12.90,0.00,260.56,0,-115.00,-13.00,0.00,0.00,27.00,0.00,0,222
158.12,1568177371,2005.14,51.43715735,7.47651812,290.60,11.78,0.00,261.28,0,-114.00,-13.00,0.00,0.00,28.00,0.00,0,334
159.12,1568177372,2016.92,51.43719678,7.47635529,290.58,8.96,0.00,289.95,0,-114.00,-13.00,0.00,0.00,28.00,0.00,0,334
198.12,1568177411,2808.88,51.44203263,7.48434102,270.61,26.86,0.00,27.56,0,-92.00,-9.00,0.00,0.00,47.00,0.00,0,76
199.12,1568177412,2835.77,51.44225110,7.48451316,269.96,26.93,0.00,26.12,0,-92.00,-9.00,0.00,0.00,47.00,0.00,0,76
200.12,1568177413,2862.69,51.44246782,7.48468336,269.27,27.09,0.00,25.82,0,-89.00,-8.00,0.00,0.00,51.00,0.00,0,119
200.12,1568177413,2862.69,51.44246782,7.48468336,269.27,27.09,0.00,25.82,0,-89.00,-9.00,0.00,0.00,49.00,0.00,0,76
201.12,1568177414,2889.81,51.43457850,7.47438760,268.50,27.17,0.00,25.44,0,-89.00,-8.00,0.00,0.00,51.00,0.00,0,119
201.12,1568177414,2889.81,51.43457850,7.47438760,268.50,27.17,0.00,25.44,0,-89.00,-9.00,0.00,0.00,49.00,0.00,0,76
202.12,1568177415,2916.95,51.44290586,7.48500783,267.75,27.09,0.00,24.25,0,-87.00,-12.00,0.00,0.00,53.00,0.00,0,77
203.12,1568177416,2944.07,51.44312448,7.48516326,267.03,26.60,0.00,23.62,0,-87.00,-12.00,0.00,0.00,53.00,0.00,0,77
216.12,1568177429,3179.19,51.44469061,7.48690265,260.71,13.17,0.00,88.66,0,-91.00,-9.00,0.00,0.00,46.00,0.00,0,75
217.12,1568177430,3192.31,51.44465583,7.48709661,260.38,13.31,0.00,106.85,0,-91.00,-9.00,0.00,0.00,46.00,0.00,0,75
218.12,1568177431,3205.62,51.44458060,7.48725384,260.17,13.38,0.00,129.01,0,-91.00,-9.00,0.00,0.00,46.00,0.00,0,75
219.12,1568177432,3218.99,51.44449545,7.48737755,259.79,13.53,0.00,142.45,0,-91.00,-10.00,0.00,0.00,51.00,0.00,0,118
219.12,1568177432,3219.01,51.44449545,7.48737755,259.79,13.53,0.00,142.45,0,-90.00,-10.00,0.00,0.00,50.00,0.00,0,75
220.12,1568177433,3232.53,51.44439745,7.48746691,259.28,13.29,0.00,156.48,0,-91.00,-10.00,0.00,0.00,51.00,0.00,0,118
220.12,1568177433,3232.53,51.44439745,7.48746691,259.28,13.29,0.00,156.48,0,-90.00,-10.00,0.00,0.00,50.00,0.00,0,75
221.12,1568177434,3245.81,51.44073340,7.47684450,259.17,13.62,0.00,159.68,0,-77.00,-9.00,0.00,0.00,63.00,0.00,0,75
222.12,1568177435,3259.42,51.44417568,7.48752782,259.71,13.29,0.00,184.59,0,-77.00,-9.00,0.00,0.00,63.00,0.00,0,75
223.12,1568177436,3272.71,51.44404885,7.48747121,260.13,13.70,0.00,201.96,0,-79.00,-8.00,0.00,0.00,63.00,0.00,0,118
223.12,1568177436,3272.71,51.44404885,7.48747121,260.13,13.70,0.00,201.96,0,-76.00,-6.00,0.00,0.00,60.00,0.00,0,75
224.12,1568177437,3286.41,51.44395847,7.48736522,260.57,13.41,0.00,222.33,0,-79.00,-8.00,0.00,0.00,63.00,0.00,0,118
224.12,1568177437,3286.41,51.44395847,7.48736522,260.57,13.41,0.00,222.33,0,-76.00,-6.00,0.00,0.00,60.00,0.00,0,75
256.12,1568177469,3912.91,51.44343165,7.47837793,260.68,23.32,0.00,262.80,0,-98.00,-14.00,0.00,0.00,48.00,0.00,0,117
257.12,1568177470,3936.23,51.44340599,7.47804342,260.15,23.04,0.00,262.75,0,-98.00,-14.00,0.00,0.00,48.00,0.00,0,117
258.12,1568177471,3959.41,51.44338028,7.47771831,259.68,22.92,0.00,262.43,0,-97.00,-12.00,0.00,0.00,48.00,0.00,0,117
259.12,1568177472,3982.17,51.44335217,7.47738797,258.93,22.47,0.00,261.95,0,-97.00,-12.00,0.00,0.00,48.00,0.00,0,117
260.12,1568177473,4004.66,51.44332416,7.47706039,258.07,22.43,0.00,262.02,0,-97.00,-12.00,0.00,0.00,48.00,0.00,0,117
261.12,1568177474,4027.09,51.44688830,7.47930130,257.37,22.23,0.00,261.55,0,-98.00,-12.00,0.00,0.00,47.00,0.00,0,117
262.12,1568177475,4049.32,51.44326765,7.47643358,256.85,22.18,0.00,261.62,0,-98.00,-12.00,0.00,0.00,47.00,0.00,0,117
263.12,1568177476,4071.50,51.44323792,7.47611826,256.38,22.04,0.00,261.20,0,-97.00,-11.00,0.00,0.00,46.00,0.00,0,117
264.12,1568177477,4093.54,51.44320924,7.47580554,255.76,22.04,0.00,261.58,0,-97.00,-11.00,0.00,0.00,46.00,0.00,0,117
265.12,1568177478,4115.58,51.44317528,7.47548199,254.99,22.24,0.00,260.30,0,-93.00,-10.00,0.00,0.00,48.00,0.00,0,117
266.12,1568177479,4137.82,51.44313672,7.47516439,254.34,22.68,0.00,259.23,0,-93.00,-10.00,0.00,0.00,48.00,0.00,0,117
269.12,1568177482,4205.92,51.44301408,7.47419115,252.54,23.19,0.00,259.53,0,-100.00,-10.00,0.00,0.00,42.00,0.00,0,119
270.12,1568177483,4229.11,51.44297541,7.47385049,251.67,23.82,0.00,259.78,0,-100.00,-10.00,0.00,0.00,42.00,0.00,0,119
271.12,1568177484,4252.96,51.44293491,7.47350601,250.83,24.51,0.00,259.79,0,-106.00,-11.00,0.00,0.00,35.00,0.00,0,403
271.12,1568177484,4252.96,51.44293491,7.47350601,250.83,24.51,0.00,259.79,0,-106.00,-11.00,0.00,0.00,37.00,0.00,0,119
271.12,1568177484,4252.96,51.44293491,7.47350601,250.83,24.51,0.00,259.79,0,-112.00,-16.00,0.00,0.00,35.00,0.00,0,231
271.12,1568177484,4252.96,51.44293491,7.47350601,250.83,24.51,0.00,259.79,0,-117.00,-9.00,0.00,0.00,23.00,0.00,0,323
272.12,1568177485,4277.48,51.44289353,7.47315491,250.01,24.90,0.00,259.54,0,-106.00,-11.00,0.00,0.00,35.00,0.00,0,403
272.12,1568177485,4277.48,51.44289353,7.47315491,250.01,24.90,0.00,259.54,0,-106.00,-11.00,0.00,0.00,37.00,0.00,0,119
272.12,1568177485,4277.50,51.44289353,7.47315491,250.01,24.90,0.00,259.54,0,-112.00,-16.00,0.00,0.00,35.00,0.00,0,231
272.12,1568177485,4277.50,51.44289353,7.47315491,250.01,24.90,0.00,259.54,0,-117.00,-9.00,0.00,0.00,23.00,0.00,0,323
279.12,1568177492,4460.31,51.44253737,7.47055512,244.92,27.80,0.00,258.47,0,-117.00,-15.00,0.00,0.00,29.00,0.00,0,119
280.12,1568177493,4487.95,51.44248455,7.47015604,244.21,28.64,0.00,257.67,0,-117.00,-15.00,0.00,0.00,29.00,0.00,0,119
281.12,1568177494,4516.59,51.44242967,7.46974830,243.56,28.75,0.00,257.89,0,-117.00,-15.00,0.00,0.00,29.00,0.00,0,119
284.12,1568177497,4602.48,51.44227051,7.46853511,241.41,29.00,0.00,258.80,0,-117.00,-14.00,0.00,0.00,28.00,0.00,0,117
284.12,1568177497,4602.48,51.44227051,7.46853511,241.41,29.00,0.00,258.80,0,-110.00,-11.00,0.00,0.00,28.00,0.00,0,77
284.12,1568177497,4602.48,51.44227051,7.46853511,241.41,29.00,0.00,258.80,0,-113.00,-13.00,0.00,0.00,28.00,0.00,0,76
285.12,1568177498,4631.48,51.44221978,7.46812741,240.49,29.07,0.00,258.84,0,-117.00,-14.00,0.00,0.00,28.00,0.00,0,117
285.12,1568177498,4631.48,51.44221978,7.46812741,240.49,29.07,0.00,258.84,0,-110.00,-11.00,0.00,0.00,28.00,0.00,0,77
285.12,1568177498,4631.48,51.44221978,7.46812741,240.49,29.07,0.00,258.84,0,-113.00,-13.00,0.00,0.00,28.00,0.00,0,76
286.12,1568177499,4660.55,51.44216832,7.46771324,239.58,29.27,0.00,259.25,0,-112.00,-11.00,0.00,0.00,27.00,0.00,0,437
287.12,1568177500,4689.79,51.44211718,7.46729604,238.74,29.71,0.00,259.31,0,-112.00,-11.00,0.00,0.00,27.00,0.00,0,437
288.12,1568177501,4719.53,51.44206913,7.46686922,237.95,30.01,0.00,259.62,0,-116.00,-14.00,0.00,0.00,29.00,0.00,0,231
288.12,1568177501,4719.53,51.44206913,7.46686922,237.95,30.01,0.00,259.62,0,-117.00,-16.00,0.00,0.00,30.00,0.00,0,117
288.12,1568177501,4719.56,51.44206913,7.46686922,237.95,30.01,0.00,259.62,0,-118.00,-18.00,0.00,0.00,30.00,0.00,0,404
288.12,1568177501,4719.56,51.44206913,7.46686922,237.95,30.01,0.00,259.62,0,-114.00,-11.00,0.00,0.00,26.00,0.00,0,437
288.12,1568177501,4719.56,51.44206913,7.46686922,237.95,30.01,0.00,259.62,0,-116.00,-12.00,0.00,0.00,25.00,0.00,0,424
289.12,1568177502,4749.54,51.44202118,7.46643940,237.10,30.36,0.00,259.86,0,-116.00,-14.00,0.00,0.00,29.00,0.00,0,231
289.12,1568177502,4749.58,51.44202118,7.46643940,237.10,30.36,0.00,259.86,0,-117.00,-16.00,0.00,0.00,30.00,0.00,0,117
289.12,1568177502,4749.58,51.44202118,7.46643940,237.10,30.36,0.00,259.86,0,-118.00,-18.00,0.00,0.00,30.00,0.00,0,404
289.12,1568177502,4749.58,51.44202118,7.46643940,237.10,30.36,0.00,259.86,0,-114.00,-11.00,0.00,0.00,26.00,0.00,0,437
289.12,1568177502,4749.58,51.44202118,7.46643940,237.10,30.36,0.00,259.86,0,-116.00,-12.00,0.00,0.00,25.00,0.00,0,424
292.12,1568177505,4841.50,51.44188431,7.46512188,234.97,31.24,0.00,261.49,0,-115.00,-13.00,0.00,0.00,29.00,0.00,0,231
292.12,1568177505,4841.50,51.44188431,7.46512188,234.97,31.24,0.00,261.49,0,-117.00,-14.00,0.00,0.00,28.00,0.00,0,403
292.12,1568177505,4841.50,51.44188431,7.46512188,234.97,31.24,0.00,261.49,0,-117.00,-15.00,0.00,0.00,29.00,0.00,0,249
293.12,1568177506,4872.70,51.44184352,7.46467191,234.40,31.74,0.00,261.92,0,-115.00,-13.00,0.00,0.00,29.00,0.00,0,231
293.12,1568177506,4872.70,51.44184352,7.46467191,234.40,31.74,0.00,261.92,0,-117.00,-14.00,0.00,0.00,28.00,0.00,0,403
293.12,1568177506,4872.70,51.44184352,7.46467191,234.40,31.74,0.00,261.92,0,-117.00,-15.00,0.00,0.00,29.00,0.00,0,249
294.12,1568177507,4904.44,51.44180337,7.46421552,233.83,32.10,0.00,262.47,0,-115.00,-12.00,0.00,0.00,29.00,0.00,0,231
294.12,1568177507,4904.47,51.44180337,7.46421552,233.83,32.10,0.00,262.47,0,-118.00,-14.00,0.00,0.00,28.00,0.00,0,352
294.12,1568177507,4904.47,51.44180337,7.46421552,233.83,32.10,0.00,262.47,0,-118.00,-15.00,0.00,0.00,28.00,0.00,0,249
295.12,1568177508,4936.57,51.44176869,7.46375493,233.33,32.20,0.00,262.96,0,-115.00,-12.00,0.00,0.00,29.00,0.00,0,231
295.12,1568177508,4936.57,51.44176869,7.46375493,233.33,32.20,0.00,262.96,0,-118.00,-14.00,0.00,0.00,28.00,0.00,0,352
295.12,1568177508,4936.60,51.44176869,7.46375493,233.33,32.20,0.00,262.96,0,-118.00,-15.00,0.00,0.00,28.00,0.00,0,249
296.12,1568177509,4968.77,51.44173568,7.46329878,232.75,31.85,0.00,263.45,0,-114.00,-10.00,0.00,0.00,27.00,0.00,0,231
296.12,1568177509,4968.77,51.44173568,7.46329878,232.75,31.85,0.00,263.45,0,-119.00,-15.00,0.00,0.00,27.00,0.00,0,117
296.12,1568177509,4968.77,51.44173568,7.46329878,232.75,31.85,0.00,263.45,0,-129.00,-17.00,0.00,0.00,20.00,0.00,0,13
296.12,1568177509,4968.77,51.44173568,7.46329878,232.75,31.85,0.00,263.45,0,-109.00,-10.00,0.00,0.00,29.00,0.00,0,308
296.12,1568177509,4968.80,51.44173568,7.46329878,232.75,31.85,0.00,263.45,0,-111.00,-11.00,0.00,0.00,28.00,0.00,0,488
296.12,1568177509,4968.80,51.44173568,7.46329878,232.75,31.85,0.00,263.45,0,-114.00,-14.00,0.00,0.00,28.00,0.00,0,486
296.12,1568177509,4968.80,51.44173568,7.46329878,232.75,31.85,0.00,263.45,0,0.00,0.00,0.00,0.00,63.00,0.00,0,321
296.12,1568177509,4968.80,51.44173568,7.46329878,232.75,31.85,0.00,263.45,0,0.00,0.00,0.00,0.00,63.00,0.00,0,365
297.12,1568177510,5000.61,51.44170734,7.46284489,232.22,31.65,0.00,264.24,0,-114.00,-10.00,0.00,0.00,27.00,0.00,0,231
297.12,1568177510,5000.61,51.44170734,7.46284489,232.22,31.65,0.00,264.24,0,-119.00,-15.00,0.00,0.00,27.00,0.00,0,117
297.12,1568177510,5000.64,51.44170734,7.46284489,232.22,31.65,0.00,264.24,0,-129.00,-17.00,0.00,0.00,20.00,0.00,0,13
297.12,1568177510,5000.64,51.44170734,7.46284489,232.22,31.65,0.00,264.24,0,-109.00,-10.00,0.00,0.00,29.00,0.00,0,308
297.12,1568177510,5000.64,51.44170734,7.46284489,232.22,31.65,0.00,264.24,0,-111.00,-11.00,0.00,0.00,28.00,0.00,0,488
297.12,1568177510,5000.68,51.44170734,7.46284489,232.22,31.65,0.00,264.24,0,-114.00,-14.00,0.00,0.00,28.00,0.00,0,486
297.12,1568177510,5000.68,51.44170734,7.46284489,232.22,31.65,0.00,264.24,0,0.00,0.00,0.00,0.00,63.00,0.00,0,321
297.12,1568177510,5000.68,51.44170734,7.46284489,232.22,31.65,0.00,264.24,0,0.00,0.00,0.00,0.00,63.00,0.00,0,365
298.12,1568177511,5032.26,51.44167973,7.46239496,231.74,31.60,0.00,264.64,0,-115.00,-13.00,0.00,0.00,29.00,0.00,0,117
298.12,1568177511,5032.26,51.44167973,7.46239496,231.74,31.60,0.00,264.64,0,-118.00,-14.00,0.00,0.00,27.00,0.00,0,195
298.12,1568177511,5032.29,51.44167973,7.46239496,231.74,31.60,0.00,264.64,0,-120.00,-17.00,0.00,0.00,29.00,0.00,0,119
298.12,1568177511,5032.29,51.44167973,7.46239496,231.74,31.60,0.00,264.64,0,-115.00,-13.00,0.00,0.00,26.00,0.00,0,77
298.12,1568177511,5032.29,51.44167973,7.46239496,231.74,31.60,0.00,264.64,0,-117.00,-15.00,0.00,0.00,26.00,0.00,0,76
299.12,1568177512,5063.86,51.44165274,7.46194126,231.28,31.64,0.00,265.18,0,-115.00,-13.00,0.00,0.00,29.00,0.00,0,117
299.12,1568177512,5063.86,51.44165274,7.46194126,231.28,31.64,0.00,265.18,0,-118.00,-14.00,0.00,0.00,27.00,0.00,0,195
299.12,1568177512,5063.89,51.44165274,7.46194126,231.28,31.64,0.00,265.18,0,-120.00,-17.00,0.00,0.00,29.00,0.00,0,119
299.12,1568177512,5063.89,51.44165274,7.46194126,231.28,31.64,0.00,265.18,0,-115.00,-13.00,0.00,0.00,26.00,0.00,0,77
299.12,1568177512,5063.89,51.44165274,7.46194126,231.28,31.64,0.00,265.18,0,-117.00,-15.00,0.00,0.00,26.00,0.00,0,76
300.12,1568177513,5095.66,51.44163135,7.46148620,230.80,31.69,0.00,265.48,0,-113.00,-11.00,0.00,0.00,29.00,0.00,0,195
300.12,1568177513,5095.66,51.44163135,7.46148620,230.80,31.69,0.00,265.48,0,-116.00,-14.00,0.00,0.00,29.00,0.00,0,167
300.12,1568177513,5095.66,51.44163135,7.46148620,230.80,31.69,0.00,265.48,0,-116.00,-13.00,0.00,0.00,28.00,0.00,0,404
300.12,1568177513,5095.66,51.44163135,7.46148620,230.80,31.69,0.00,265.48,0,-111.00,-11.00,0.00,0.00,29.00,0.00,0,435
301.12,1568177514,5127.16,51.44360310,7.45280530,230.54,31.70,0.00,266.50,0,-113.00,-11.00,0.00,0.00,29.00,0.00,0,195
301.12,1568177514,5127.16,51.44360310,7.45280530,230.54,31.70,0.00,266.50,0,-116.00,-14.00,0.00,0.00,29.00,0.00,0,167
301.12,1568177514,5127.20,51.44360310,7.45280530,230.54,31.70,0.00,266.50,0,-116.00,-13.00,0.00,0.00,28.00,0.00,0,404
301.12,1568177514,5127.20,51.44360310,7.45280530,230.54,31.70,0.00,266.50,0,-111.00,-11.00,0.00,0.00,29.00,0.00,0,435
302.12,1568177515,5158.90,51.44159532,7.46058186,230.30,31.78,0.00,266.85,0,-113.00,-11.00,0.00,0.00,29.00,0.00,0,195
302.12,1568177515,5158.90,51.44159532,7.46058186,230.30,31.78,0.00,266.85,0,-116.00,-14.00,0.00,0.00,29.00,0.00,0,167
302.12,1568177515,5158.90,51.44159532,7.46058186,230.30,31.78,0.00,266.85,0,-116.00,-13.00,0.00,0.00,28.00,0.00,0,404
302.12,1568177515,5158.93,51.44159532,7.46058186,230.30,31.78,0.00,266.85,0,-111.00,-11.00,0.00,0.00,29.00,0.00,0,435
303.12,1568177516,5190.68,51.44157831,7.46012282,230.02,31.65,0.00,267.08,0,-112.00,-11.00,0.00,0.00,30.00,0.00,0,167
303.12,1568177516,5190.68,51.44157831,7.46012282,230.02,31.65,0.00,267.08,0,-112.00,-11.00,0.00,0.00,30.00,0.00,0,404
303.12,1568177516,5190.68,51.44157831,7.46012282,230.02,31.65,0.00,267.08,0,-113.00,-14.00,0.00,0.00,31.00,0.00,0,117
303.12,1568177516,5190.71,51.44157831,7.46012282,230.02,31.65,0.00,267.08,0,-110.00,-12.00,0.00,0.00,30.00,0.00,0,435
303.12,1568177516,5190.71,51.44157831,7.46012282,230.02,31.65,0.00,267.08,0,-111.00,-13.00,0.00,0.00,31.00,0.00,0,77
304.12,1568177517,5222.30,51.44156211,7.45967582,229.80,31.40,0.00,267.45,0,-112.00,-11.00,0.00,0.00,30.00,0.00,0,167
304.12,1568177517,5222.33,51.44156211,7.45967582,229.80,31.40,0.00,267.45,0,-112.00,-11.00,0.00,0.00,30.00,0.00,0,404
304.12,1568177517,5222.33,51.44156211,7.45967582,229.80,31.40,0.00,267.45,0,-113.00,-14.00,0.00,0.00,31.00,0.00,0,117
304.12,1568177517,5222.33,51.44156211,7.45967582,229.80,31.40,0.00,267.45,0,-110.00,-12.00,0.00,0.00,30.00,0.00,0,435
304.12,1568177517,5222.33,51.44156211,7.45967582,229.80,31.40,0.00,267.45,0,-111.00,-13.00,0.00,0.00,31.00,0.00,0,77
305.12,1568177518,5253.70,51.44155563,7.45922168,229.35,31.24,0.00,268.19,0,-114.00,-13.00,0.00,0.00,31.00,0.00,0,117
305.12,1568177518,5253.70,51.44155563,7.45922168,229.35,31.24,0.00,268.19,0,-115.00,-11.00,0.00,0.00,28.00,0.00,0,404
305.12,1568177518,5253.73,51.44155563,7.45922168,229.35,31.24,0.00,268.19,0,-115.00,-14.00,0.00,0.00,31.00,0.00,0,232
305.12,1568177518,5253.73,51.44155563,7.45922168,229.35,31.24,0.00,268.19,0,-109.00,-11.00,0.00,0.00,31.00,0.00,0,435
305.12,1568177518,5253.73,51.44155563,7.45922168,229.35,31.24,0.00,268.19,0,-112.00,-15.00,0.00,0.00,31.00,0.00,0,77
306.12,1568177519,5284.97,51.44154818,7.45877054,228.92,31.48,0.00,268.40,0,-114.00,-13.00,0.00,0.00,31.00,0.00,0,117
306.12,1568177519,5284.97,51.44154818,7.45877054,228.92,31.48,0.00,268.40,0,-115.00,-11.00,0.00,0.00,28.00,0.00,0,404
306.12,1568177519,5284.97,51.44154818,7.45877054,228.92,31.48,0.00,268.40,0,-115.00,-14.00,0.00,0.00,31.00,0.00,0,232
306.12,1568177519,5284.97,51.44154818,7.45877054,228.92,31.48,0.00,268.40,0,-109.00,-11.00,0.00,0.00,31.00,0.00,0,435
306.12,1568177519,5285.00,51.44154818,7.45877054,228.92,31.48,0.00,268.40,0,-112.00,-15.00,0.00,0.00,31.00,0.00,0,77
307.12,1568177520,5316.45,51.44153904,7.45831516,228.52,31.46,0.00,268.92,0,-113.00,-15.00,0.00,0.00,33.00,0.00,0,232
307.12,1568177520,5316.45,51.44153904,7.45831516,228.52,31.46,0.00,268.92,0,-114.00,-13.00,0.00,0.00,30.00,0.00,0,404
307.12,1568177520,5316.45,51.44153904,7.45831516,228.52,31.46,0.00,268.92,0,-111.00,-13.00,0.00,0.00,31.00,0.00,0,435
307.12,1568177520,5316.48,51.44153904,7.45831516,228.52,31.46,0.00,268.92,0,-111.00,-14.00,0.00,0.00,31.00,0.00,0,77
308.12,1568177521,5347.88,51.44153840,7.45785948,228.23,31.30,0.00,269.61,0,-113.00,-15.00,0.00,0.00,33.00,0.00,0,232
308.12,1568177521,5347.91,51.44153840,7.45785948,228.23,31.30,0.00,269.61,0,-114.00,-13.00,0.00,0.00,30.00,0.00,0,404
308.12,1568177521,5347.91,51.44153840,7.45785948,228.23,31.30,0.00,269.61,0,-111.00,-13.00,0.00,0.00,31.00,0.00,0,435
308.12,1568177521,5347.91,51.44153840,7.45785948,228.23,31.30,0.00,269.61,0,-111.00,-14.00,0.00,0.00,31.00,0.00,0,77
311.12,1568177524,5440.34,51.44153662,7.45653868,227.88,29.90,0.00,270.14,0,-111.00,-12.00,0.00,0.00,34.00,0.00,0,117
311.12,1568177524,5440.34,51.44153662,7.45653868,227.88,29.90,0.00,270.14,0,-107.00,-12.00,0.00,0.00,33.00,0.00,0,77
312.12,1568177525,5470.25,51.44153965,7.45611085,227.41,29.89,0.00,270.22,0,-111.00,-12.00,0.00,0.00,34.00,0.00,0,117
312.12,1568177525,5470.28,51.44153965,7.45611085,227.41,29.89,0.00,270.22,0,-107.00,-12.00,0.00,0.00,33.00,0.00,0,77
357.12,1568177570,6871.79,51.44412747,7.43654419,209.96,30.48,0.00,291.39,0,-85.00,-7.00,0.00,0.00,53.00,0.00,0,233
358.12,1568177571,6902.27,51.44423537,7.43612216,209.49,30.65,0.00,291.94,0,-85.00,-7.00,0.00,0.00,53.00,0.00,0,233
378.12,1568177591,7549.79,51.44740917,7.42840945,192.27,33.83,0.00,315.31,0,-92.00,-9.00,0.00,0.00,49.00,0.00,0,49
379.12,1568177592,7583.63,51.44762880,7.42809019,190.30,33.67,0.00,317.10,0,-92.00,-9.00,0.00,0.00,49.00,0.00,0,49
393.12,1568177606,8061.22,51.45124880,7.42451652,163.68,33.78,0.00,337.95,0,-102.00,-10.00,0.00,0.00,39.00,0.00,0,414
393.12,1568177606,8061.22,51.45124880,7.42451652,163.68,33.78,0.00,337.95,0,-105.00,-13.00,0.00,0.00,39.00,0.00,0,26
393.12,1568177606,8061.22,51.45124880,7.42451652,163.68,33.78,0.00,337.95,0,-107.00,-12.00,0.00,0.00,38.00,0.00,0,97
394.12,1568177607,8094.97,51.45152776,7.42433186,162.76,33.49,0.00,338.45,0,-102.00,-10.00,0.00,0.00,39.00,0.00,0,414
394.12,1568177607,8094.97,51.45152776,7.42433186,162.76,33.49,0.00,338.45,0,-105.00,-13.00,0.00,0.00,39.00,0.00,0,26
394.12,1568177607,8094.97,51.45152776,7.42433186,162.76,33.49,0.00,338.45,0,-107.00,-12.00,0.00,0.00,38.00,0.00,0,97
395.12,1568177608,8128.50,51.45180642,7.42416444,161.66,33.08,0.00,339.83,0,-106.00,-13.00,0.00,0.00,38.00,0.00,0,249
395.12,1568177608,8128.50,51.45180642,7.42416444,161.66,33.08,0.00,339.83,0,-107.00,-12.00,0.00,0.00,36.00,0.00,0,97
396.12,1568177609,8161.54,51.45206925,7.42401814,160.61,31.04,0.00,341.03,0,-106.00,-13.00,0.00,0.00,38.00,0.00,0,249
396.12,1568177609,8161.54,51.45206925,7.42401814,160.61,31.04,0.00,341.03,0,-107.00,-12.00,0.00,0.00,36.00,0.00,0,97
397.12,1568177610,8192.59,51.45231606,7.42387536,160.04,29.70,0.00,341.18,0,-107.00,-13.00,0.00,0.00,38.00,0.00,0,249
397.12,1568177610,8192.59,51.45231606,7.42387536,160.04,29.70,0.00,341.18,0,-108.00,-14.00,0.00,0.00,36.00,0.00,0,358
397.12,1568177610,8192.59,51.45231606,7.42387536,160.04,29.70,0.00,341.18,0,-109.00,-14.00,0.00,0.00,36.00,0.00,0,233
398.12,1568177611,8222.31,51.45256730,7.42373938,159.67,29.54,0.00,341.87,0,-107.00,-13.00,0.00,0.00,38.00,0.00,0,249
398.12,1568177611,8222.31,51.45256730,7.42373938,159.67,29.54,0.00,341.87,0,-108.00,-14.00,0.00,0.00,36.00,0.00,0,358
398.12,1568177611,8222.31,51.45256730,7.42373938,159.67,29.54,0.00,341.87,0,-109.00,-14.00,0.00,0.00,36.00,0.00,0,233
399.12,1568177612,8251.85,51.45282665,7.42361262,159.33,29.36,0.00,342.82,0,-107.00,-13.00,0.00,0.00,38.00,0.00,0,97
399.12,1568177612,8251.85,51.45282665,7.42361262,159.33,29.36,0.00,342.82,0,-109.00,-15.00,0.00,0.00,38.00,0.00,0,49
399.12,1568177612,8251.88,51.45282665,7.42361262,159.33,29.36,0.00,342.82,0,-109.00,-15.00,0.00,0.00,38.00,0.00,0,375
400.12,1568177613,8281.21,51.45308147,7.42348561,159.11,29.03,0.00,343.54,0,-107.00,-13.00,0.00,0.00,38.00,0.00,0,97
400.12,1568177613,8281.21,51.45308147,7.42348561,159.11,29.03,0.00,343.54,0,-109.00,-15.00,0.00,0.00,38.00,0.00,0,49
400.12,1568177613,8281.21,51.45308147,7.42348561,159.11,29.03,0.00,343.54,0,-109.00,-15.00,0.00,0.00,38.00,0.00,0,375
403.12,1568177616,8368.65,51.45383972,7.42313770,158.27,29.22,0.00,343.99,0,-102.00,-10.00,0.00,0.00,39.00,0.00,0,414
403.12,1568177616,8368.65,51.45383972,7.42313770,158.27,29.22,0.00,343.99,0,-103.00,-13.00,0.00,0.00,41.00,0.00,0,49
403.12,1568177616,8368.65,51.45383972,7.42313770,158.27,29.22,0.00,343.99,0,-105.00,-13.00,0.00,0.00,40.00,0.00,0,375
403.12,1568177616,8368.65,51.45383972,7.42313770,158.27,29.22,0.00,343.99,0,-110.00,-6.00,0.00,0.00,28.00,0.00,0,152
403.12,1568177616,8368.68,51.45383972,7.42313770,158.27,29.22,0.00,343.99,0,-113.00,-8.00,0.00,0.00,26.00,0.00,0,74
404.12,1568177617,8397.87,51.45409094,7.42302336,158.33,29.23,0.00,343.93,0,-102.00,-10.00,0.00,0.00,39.00,0.00,0,414
404.12,1568177617,8397.87,51.45409094,7.42302336,158.33,29.23,0.00,343.93,0,-103.00,-13.00,0.00,0.00,41.00,0.00,0,49
404.12,1568177617,8397.90,51.45409094,7.42302336,158.33,29.23,0.00,343.93,0,-105.00,-13.00,0.00,0.00,40.00,0.00,0,375
404.12,1568177617,8397.90,51.45409094,7.42302336,158.33,29.23,0.00,343.93,0,-110.00,-6.00,0.00,0.00,28.00,0.00,0,152
404.12,1568177617,8397.90,51.45409094,7.42302336,158.33,29.23,0.00,343.93,0,-113.00,-8.00,0.00,0.00,26.00,0.00,0,74
405.12,1568177618,8427.10,51.45433958,7.42291114,158.10,29.33,0.00,344.01,0,-103.00,-13.00,0.00,0.00,41.00,0.00,0,375
405.12,1568177618,8427.10,51.45433958,7.42291114,158.10,29.33,0.00,344.01,0,-105.00,-14.00,0.00,0.00,41.00,0.00,0,97
405.12,1568177618,8427.10,51.45433958,7.42291114,158.10,29.33,0.00,344.01,0,-108.00,-17.00,0.00,0.00,41.00,0.00,0,249
406.12,1568177619,8456.43,51.45458878,7.42279993,157.76,29.35,0.00,343.40,0,-103.00,-13.00,0.00,0.00,41.00,0.00,0,375
406.12,1568177619,8456.43,51.45458878,7.42279993,157.76,29.35,0.00,343.40,0,-105.00,-14.00,0.00,0.00,41.00,0.00,0,97
406.12,1568177619,8456.43,51.45458878,7.42279993,157.76,29.35,0.00,343.40,0,-108.00,-17.00,0.00,0.00,41.00,0.00,0,249
407.13,1568177620,8485.96,51.45483928,7.42268658,157.30,29.10,0.00,343.33,0,-100.00,-10.00,0.00,0.00,42.00,0.00,0,348
407.13,1568177620,8485.96,51.45483928,7.42268658,157.30,29.10,0.00,343.33,0,-105.00,-15.00,0.00,0.00,42.00,0.00,0,249
407.13,1568177620,8485.96,51.45483928,7.42268658,157.30,29.10,0.00,343.33,0,-104.00,-12.00,0.00,0.00,40.00,0.00,0,97
408.12,1568177621,8514.89,51.45508812,7.42256720,156.68,29.13,0.00,342.69,0,-100.00,-10.00,0.00,0.00,42.00,0.00,0,348
408.12,1568177621,8514.89,51.45508812,7.42256720,156.68,29.13,0.00,342.69,0,-105.00,-15.00,0.00,0.00,42.00,0.00,0,249
408.12,1568177621,8514.89,51.45508812,7.42256720,156.68,29.13,0.00,342.69,0,-104.00,-12.00,0.00,0.00,40.00,0.00,0,97
409.12,1568177622,8544.00,51.45534560,7.42244223,155.80,29.20,0.00,342.54,0,-100.00,-10.00,0.00,0.00,42.00,0.00,0,348
409.12,1568177622,8544.00,51.45534560,7.42244223,155.80,29.20,0.00,342.54,0,-105.00,-15.00,0.00,0.00,42.00,0.00,0,249
409.12,1568177622,8544.02,51.45534560,7.42244223,155.80,29.20,0.00,342.54,0,-104.00,-12.00,0.00,0.00,40.00,0.00,0,97
410.12,1568177623,8573.23,51.45560164,7.42232083,154.82,29.25,0.00,342.28,0,-103.00,-12.00,0.00,0.00,40.00,0.00,0,375
410.12,1568177623,8573.23,51.45560164,7.42232083,154.82,29.25,0.00,342.28,0,-102.00,-13.00,0.00,0.00,42.00,0.00,0,249
410.12,1568177623,8573.26,51.45560164,7.42232083,154.82,29.25,0.00,342.28,0,-102.00,-10.00,0.00,0.00,39.00,0.00,0,97
411.12,1568177624,8602.48,51.45585289,7.42219801,153.80,28.77,0.00,341.88,0,-103.00,-12.00,0.00,0.00,40.00,0.00,0,375
411.12,1568177624,8602.48,51.45585289,7.42219801,153.80,28.77,0.00,341.88,0,-102.00,-13.00,0.00,0.00,42.00,0.00,0,249
411.12,1568177624,8602.51,51.45585289,7.42219801,153.80,28.77,0.00,341.88,0,-102.00,-10.00,0.00,0.00,39.00,0.00,0,97
412.12,1568177625,8631.25,51.45610154,7.42206721,153.10,28.35,0.00,341.31,0,-97.00,-12.00,0.00,0.00,46.00,0.00,0,26
412.12,1568177625,8631.25,51.45610154,7.42206721,153.10,28.35,0.00,341.31,0,-98.00,-11.00,0.00,0.00,45.00,0.00,0,414
412.12,1568177625,8631.25,51.45610154,7.42206721,153.10,28.35,0.00,341.31,0,-102.00,-13.00,0.00,0.00,42.00,0.00,0,375
413.12,1568177626,8659.57,51.45634335,7.42192956,152.38,28.38,0.00,340.25,0,-97.00,-12.00,0.00,0.00,46.00,0.00,0,26
413.12,1568177626,8659.57,51.45634335,7.42192956,152.38,28.38,0.00,340.25,0,-98.00,-11.00,0.00,0.00,45.00,0.00,0,414
413.12,1568177626,8659.60,51.45634335,7.42192956,152.38,28.38,0.00,340.25,0,-102.00,-13.00,0.00,0.00,42.00,0.00,0,375
414.12,1568177627,8687.98,51.45658215,7.42179579,151.93,28.01,0.00,339.40,0,-101.00,-14.00,0.00,0.00,44.00,0.00,0,233
414.12,1568177627,8687.98,51.45658215,7.42179579,151.93,28.01,0.00,339.40,0,-100.00,-13.00,0.00,0.00,44.00,0.00,0,414
414.12,1568177627,8687.98,51.45658215,7.42179579,151.93,28.01,0.00,339.40,0,-100.00,-14.00,0.00,0.00,45.00,0.00,0,26
415.12,1568177628,8715.97,51.45681108,7.42165395,151.26,27.61,0.00,338.56,0,-101.00,-14.00,0.00,0.00,44.00,0.00,0,233
415.12,1568177628,8716.00,51.45681108,7.42165395,151.26,27.61,0.00,338.56,0,-100.00,-13.00,0.00,0.00,44.00,0.00,0,414
415.12,1568177628,8716.00,51.45681108,7.42165395,151.26,27.61,0.00,338.56,0,-100.00,-14.00,0.00,0.00,45.00,0.00,0,26
416.12,1568177629,8743.60,51.45703752,7.42151074,150.39,27.75,0.00,337.92,0,-100.00,-13.00,0.00,0.00,45.00,0.00,0,233
416.12,1568177629,8743.60,51.45703752,7.42151074,150.39,27.75,0.00,337.92,0,-100.00,-13.00,0.00,0.00,45.00,0.00,0,414
417.12,1568177630,8771.33,51.45725465,7.42135186,149.40,27.82,0.00,336.52,0,-100.00,-13.00,0.00,0.00,45.00,0.00,0,233
417.12,1568177630,8771.33,51.45725465,7.42135186,149.40,27.82,0.00,336.52,0,-100.00,-13.00,0.00,0.00,45.00,0.00,0,414
420.12,1568177633,8855.09,51.45792040,7.42084660,146.56,28.31,0.00,333.95,0,-99.00,-13.00,0.00,0.00,46.00,0.00,0,233
421.12,1568177634,8883.41,51.45838380,7.41846010,146.00,28.43,0.00,333.14,0,-99.00,-13.00,0.00,0.00,46.00,0.00,0,233
422.12,1568177635,8911.84,51.45837335,7.42047801,145.45,28.60,0.00,332.62,0,-95.00,-10.00,0.00,0.00,48.00,0.00,0,233
422.12,1568177635,8911.87,51.45837335,7.42047801,145.45,28.60,0.00,332.62,0,-92.00,-9.00,0.00,0.00,48.00,0.00,0,375
423.12,1568177636,8940.44,51.45860397,7.42027979,144.81,28.84,0.00,331.74,0,-95.00,-10.00,0.00,0.00,48.00,0.00,0,233
423.12,1568177636,8940.44,51.45860397,7.42027979,144.81,28.84,0.00,331.74,0,-92.00,-9.00,0.00,0.00,48.00,0.00,0,375
426.12,1568177639,9027.47,51.45928904,7.41966200,143.06,28.70,0.00,329.53,0,-91.00,-9.00,0.00,0.00,49.00,0.00,0,375
426.12,1568177639,9027.47,51.45928904,7.41966200,143.06,28.70,0.00,329.53,0,-96.00,-12.00,0.00,0.00,49.00,0.00,0,348
426.12,1568177639,9027.47,51.45928904,7.41966200,143.06,28.70,0.00,329.53,0,-96.00,-14.00,0.00,0.00,49.00,0.00,0,249
427.12,1568177640,9056.20,51.45951530,7.41944855,142.28,28.76,0.00,329.33,0,-91.00,-9.00,0.00,0.00,49.00,0.00,0,375
427.12,1568177640,9056.20,51.45951530,7.41944855,142.28,28.76,0.00,329.33,0,-96.00,-12.00,0.00,0.00,49.00,0.00,0,348
427.12,1568177640,9056.20,51.45951530,7.41944855,142.28,28.76,0.00,329.33,0,-96.00,-14.00,0.00,0.00,49.00,0.00,0,249
428.12,1568177641,9085.11,51.45973271,7.41922466,141.31,28.97,0.00,327.84,0,-89.00,-9.00,0.00,0.00,51.00,0.00,0,375
428.12,1568177641,9085.11,51.45973271,7.41922466,141.31,28.97,0.00,327.84,0,-89.00,-12.00,0.00,0.00,54.00,0.00,0,233
428.12,1568177641,9085.11,51.45973271,7.41922466,141.31,28.97,0.00,327.84,0,-83.00,-8.00,0.00,0.00,54.00,0.00,0,38
428.13,1568177641,9085.13,51.45973271,7.41922466,141.31,28.97,0.00,327.84,0,-87.00,-13.00,0.00,0.00,56.00,0.00,0,436
429.12,1568177642,9113.93,51.45995190,7.41898957,140.09,29.17,0.00,326.67,0,-89.00,-9.00,0.00,0.00,51.00,0.00,0,375
429.12,1568177642,9113.93,51.45995190,7.41898957,140.09,29.17,0.00,326.67,0,-89.00,-12.00,0.00,0.00,54.00,0.00,0,233
429.12,1568177642,9113.93,51.45995190,7.41898957,140.09,29.17,0.00,326.67,0,-83.00,-8.00,0.00,0.00,54.00,0.00,0,38
429.12,1568177642,9113.93,51.45995190,7.41898957,140.09,29.17,0.00,326.67,0,-87.00,-13.00,0.00,0.00,56.00,0.00,0,436
430.12,1568177643,9143.10,51.46017692,7.41874353,138.99,29.41,0.00,325.84,0,-89.00,-9.00,0.00,0.00,51.00,0.00,0,375
430.12,1568177643,9143.10,51.46017692,7.41874353,138.99,29.41,0.00,325.84,0,-89.00,-12.00,0.00,0.00,54.00,0.00,0,233
430.12,1568177643,9143.10,51.46017692,7.41874353,138.99,29.41,0.00,325.84,0,-83.00,-8.00,0.00,0.00,54.00,0.00,0,38
430.12,1568177643,9143.13,51.46017692,7.41874353,138.99,29.41,0.00,325.84,0,-87.00,-13.00,0.00,0.00,56.00,0.00,0,436
431.12,1568177644,9172.51,51.46039564,7.41848660,138.16,29.60,0.00,325.13,0,-90.00,-11.00,0.00,0.00,55.00,0.00,0,233
431.12,1568177644,9172.51,51.46039564,7.41848660,138.16,29.60,0.00,325.13,0,-90.00,-9.00,0.00,0.00,51.00,0.00,0,375
431.12,1568177644,9172.51,51.46039564,7.41848660,138.16,29.60,0.00,325.13,0,-87.00,-11.00,0.00,0.00,55.00,0.00,0,436
432.12,1568177645,9202.11,51.46060782,7.41823265,137.55,29.88,0.00,323.79,0,-90.00,-11.00,0.00,0.00,55.00,0.00,0,233
432.12,1568177645,9202.11,51.46060782,7.41823265,137.55,29.88,0.00,323.79,0,-90.00,-9.00,0.00,0.00,51.00,0.00,0,375
432.12,1568177645,9202.11,51.46060782,7.41823265,137.55,29.88,0.00,323.79,0,-87.00,-11.00,0.00,0.00,55.00,0.00,0,436
433.12,1568177646,9231.99,51.46082261,7.41797522,137.09,30.10,0.00,323.55,0,-84.00,-7.00,0.00,0.00,55.00,0.00,0,233
433.12,1568177646,9231.99,51.46082261,7.41797522,137.09,30.10,0.00,323.55,0,-87.00,-10.00,0.00,0.00,54.00,0.00,0,348
434.12,1568177647,9262.06,51.46103131,7.41771508,137.01,30.39,0.00,322.75,0,-84.00,-7.00,0.00,0.00,55.00,0.00,0,233
434.12,1568177647,9262.09,51.46103131,7.41771508,137.01,30.39,0.00,322.75,0,-87.00,-10.00,0.00,0.00,54.00,0.00,0,348
435.12,1568177648,9292.48,51.46125088,7.41743927,137.46,30.63,0.00,321.63,0,-81.00,-8.00,0.00,0.00,60.00,0.00,0,233
435.12,1568177648,9292.48,51.46125088,7.41743927,137.46,30.63,0.00,321.63,0,-75.00,-7.00,0.00,0.00,59.00,0.00,0,436
436.12,1568177649,9323.09,51.46146980,7.41715939,137.88,31.08,0.00,320.35,0,-81.00,-8.00,0.00,0.00,60.00,0.00,0,233
436.12,1568177649,9323.09,51.46146980,7.41715939,137.88,31.08,0.00,320.35,0,-75.00,-7.00,0.00,0.00,59.00,0.00,0,436
437.12,1568177650,9354.17,51.46169056,7.41688158,138.17,31.16,0.00,319.73,0,-84.00,-7.00,0.00,0.00,56.00,0.00,0,233
437.12,1568177650,9354.17,51.46169056,7.41688158,138.17,31.16,0.00,319.73,0,-80.00,-7.00,0.00,0.00,57.00,0.00,0,436
438.12,1568177651,9385.33,51.46190708,7.41659475,138.45,31.44,0.00,319.24,0,-84.00,-7.00,0.00,0.00,56.00,0.00,0,233
438.12,1568177651,9385.33,51.46190708,7.41659475,138.45,31.44,0.00,319.24,0,-80.00,-7.00,0.00,0.00,57.00,0.00,0,436
439.12,1568177652,9416.81,51.46212193,7.41629878,138.75,31.86,0.00,318.02,0,-88.00,-7.00,0.00,0.00,52.00,0.00,0,233
439.12,1568177652,9416.81,51.46212193,7.41629878,138.75,31.86,0.00,318.02,0,-84.00,-7.00,0.00,0.00,52.00,0.00,0,436
440.12,1568177653,9448.64,51.46233813,7.41599693,139.02,32.13,0.00,317.15,0,-88.00,-7.00,0.00,0.00,52.00,0.00,0,233
440.12,1568177653,9448.64,51.46233813,7.41599693,139.02,32.13,0.00,317.15,0,-84.00,-7.00,0.00,0.00,52.00,0.00,0,436
443.12,1568177656,9546.16,51.46294685,7.41502990,139.10,33.06,0.00,314.54,0,-89.00,-8.00,0.00,0.00,51.00,0.00,0,233
443.12,1568177656,9546.16,51.46294685,7.41502990,139.10,33.06,0.00,314.54,0,-84.00,-8.00,0.00,0.00,51.00,0.00,0,436
444.12,1568177657,9579.22,51.46315328,7.41468654,139.08,33.28,0.00,313.52,0,-89.00,-8.00,0.00,0.00,51.00,0.00,0,233
444.12,1568177657,9579.22,51.46315328,7.41468654,139.08,33.28,0.00,313.52,0,-84.00,-8.00,0.00,0.00,51.00,0.00,0,436
447.12,1568177660,9678.83,51.46375851,7.41364227,139.19,32.90,0.00,311.56,0,-94.00,-9.00,0.00,0.00,48.00,0.00,0,233
448.12,1568177661,9711.73,51.46396114,7.41327032,139.64,33.11,0.00,310.47,0,-94.00,-9.00,0.00,0.00,48.00,0.00,0,233
452.12,1568177665,9844.82,51.46471718,7.41181250,140.93,32.86,0.00,308.62,0,-91.00,-14.00,0.00,0.00,54.00,0.00,0,376
452.12,1568177665,9844.82,51.46471718,7.41181250,140.93,32.86,0.00,308.62,0,-93.00,-9.00,0.00,0.00,45.00,0.00,0,343
453.12,1568177666,9877.65,51.46490181,7.41144748,141.14,32.46,0.00,308.65,0,-91.00,-14.00,0.00,0.00,54.00,0.00,0,376
453.12,1568177666,9877.65,51.46490181,7.41144748,141.14,32.46,0.00,308.65,0,-93.00,-9.00,0.00,0.00,45.00,0.00,0,343
456.12,1568177669,9975.27,51.46543882,7.41034343,142.59,32.67,0.00,307.89,0,-102.00,-11.00,0.00,0.00,40.00,0.00,0,99
456.12,1568177669,9975.27,51.46543882,7.41034343,142.59,32.67,0.00,307.89,0,-103.00,-12.00,0.00,0.00,41.00,0.00,0,97
456.12,1568177669,9975.30,51.46543882,7.41034343,142.59,32.67,0.00,307.89,0,-106.00,-11.00,0.00,0.00,34.00,0.00,0,436
456.12,1568177669,9975.30,51.46543882,7.41034343,142.59,32.67,0.00,307.89,0,-106.00,-13.00,0.00,0.00,36.00,0.00,0,224
457.12,1568177670,10007.91,51.46561818,7.40997193,142.89,33.09,0.00,307.88,0,-102.00,-11.00,0.00,0.00,40.00,0.00,0,99
457.12,1568177670,10007.94,51.46561818,7.40997193,142.89,33.09,0.00,307.88,0,-103.00,-12.00,0.00,0.00,41.00,0.00,0,97
457.12,1568177670,10007.94,51.46561818,7.40997193,142.89,33.09,0.00,307.88,0,-106.00,-11.00,0.00,0.00,34.00,0.00,0,436
457.12,1568177670,10007.94,51.46561818,7.40997193,142.89,33.09,0.00,307.88,0,-106.00,-13.00,0.00,0.00,36.00,0.00,0,224
475.12,1568177688,10627.65,51.46922761,7.40315116,153.86,35.51,0.00,312.83,0,-93.00,-14.00,0.00,0.00,53.00,0.00,0,49
475.12,1568177688,10627.65,51.46922761,7.40315116,153.86,35.51,0.00,312.83,0,-95.00,-15.00,0.00,0.00,51.00,0.00,0,233
476.12,1568177689,10663.09,51.46945921,7.40277479,155.15,35.67,0.00,314.39,0,-93.00,-14.00,0.00,0.00,53.00,0.00,0,49
476.12,1568177689,10663.13,51.46945921,7.40277479,155.15,35.67,0.00,314.39,0,-95.00,-15.00,0.00,0.00,51.00,0.00,0,233
479.12,1568177692,10768.80,51.47012869,7.40168517,158.63,34.06,0.00,316.14,0,-93.00,-12.00,0.00,0.00,51.00,0.00,0,233
480.12,1568177693,10802.86,51.47035435,7.40135618,159.78,33.78,0.00,317.86,0,-93.00,-12.00,0.00,0.00,51.00,0.00,0,233
481.12,1568177694,10836.64,51.46733640,7.40247660,160.69,33.22,0.00,318.05,0,-92.00,-10.00,0.00,0.00,50.00,0.00,0,233
482.12,1568177695,10869.82,51.47079904,7.40071162,161.58,32.71,0.00,317.48,0,-92.00,-10.00,0.00,0.00,50.00,0.00,0,233
489.12,1568177702,11079.44,51.47217332,7.39872387,165.18,26.87,0.00,319.26,0,-91.00,-8.00,0.00,0.00,48.00,0.00,0,233
490.12,1568177703,11106.30,51.47235159,7.39847151,164.95,26.16,0.00,319.46,0,-91.00,-8.00,0.00,0.00,48.00,0.00,0,233
494.12,1568177707,11207.71,51.47303248,7.39752714,164.58,24.13,0.00,319.92,0,-94.00,-7.00,0.00,0.00,46.00,0.00,0,233
494.12,1568177707,11207.71,51.47303248,7.39752714,164.58,24.13,0.00,319.92,0,-88.00,-7.00,0.00,0.00,45.00,0.00,0,436
495.12,1568177708,11231.87,51.47319728,7.39731066,164.98,23.75,0.00,320.14,0,-94.00,-7.00,0.00,0.00,46.00,0.00,0,233
495.12,1568177708,11231.87,51.47319728,7.39731066,164.98,23.75,0.00,320.14,0,-88.00,-7.00,0.00,0.00,45.00,0.00,0,436
496.12,1568177709,11255.59,51.47336001,7.39709280,165.33,23.16,0.00,320.70,0,-93.00,-7.00,0.00,0.00,47.00,0.00,0,233
496.12,1568177709,11255.59,51.47336001,7.39709280,165.33,23.16,0.00,320.70,0,-87.00,-8.00,0.00,0.00,45.00,0.00,0,436
497.12,1568177710,11278.78,51.47352226,7.39688435,165.73,23.06,0.00,320.93,0,-93.00,-7.00,0.00,0.00,47.00,0.00,0,233
497.12,1568177710,11278.78,51.47352226,7.39688435,165.73,23.06,0.00,320.93,0,-87.00,-8.00,0.00,0.00,45.00,0.00,0,436
498.12,1568177711,11301.82,51.47368062,7.39667601,166.01,23.00,0.00,321.05,0,-91.00,-8.00,0.00,0.00,49.00,0.00,0,233
498.12,1568177711,11301.82,51.47368062,7.39667601,166.01,23.00,0.00,321.05,0,-86.00,-7.00,0.00,0.00,46.00,0.00,0,436
499.12,1568177712,11324.82,51.47384060,7.39647618,166.33,22.88,0.00,321.40,0,-91.00,-8.00,0.00,0.00,49.00,0.00,0,233
499.12,1568177712,11324.82,51.47384060,7.39647618,166.33,22.88,0.00,321.40,0,-86.00,-7.00,0.00,0.00,46.00,0.00,0,436
500.12,1568177713,11347.69,51.47400546,7.39626758,166.74,22.85,0.00,321.81,0,-94.00,-9.00,0.00,0.00,48.00,0.00,0,233
500.12,1568177713,11347.72,51.47400546,7.39626758,166.74,22.85,0.00,321.81,0,-91.00,-11.00,0.00,0.00,48.00,0.00,0,436
501.12,1568177714,11370.54,51.46733640,7.40247660,167.15,22.84,0.00,322.27,0,-94.00,-9.00,0.00,0.00,48.00,0.00,0,233
501.12,1568177714,11370.54,51.46733640,7.40247660,167.15,22.84,0.00,322.27,0,-91.00,-11.00,0.00,0.00,48.00,0.00,0,436
502.12,1568177715,11393.38,51.47433752,7.39587764,167.48,22.78,0.00,325.00,0,-91.00,-8.00,0.00,0.00,48.00,0.00,0,233
502.12,1568177715,11393.38,51.47433752,7.39587764,167.48,22.78,0.00,325.00,0,-92.00,-8.00,0.00,0.00,45.00,0.00,0,436
503.12,1568177716,11416.16,51.47451206,7.39568177,167.47,23.12,0.00,324.22,0,-91.00,-8.00,0.00,0.00,48.00,0.00,0,233
503.12,1568177716,11416.16,51.47451206,7.39568177,167.47,23.12,0.00,324.22,0,-92.00,-8.00,0.00,0.00,45.00,0.00,0,436
521.12,1568177734,11827.98,51.46733640,7.40247660,171.92,19.29,0.00,352.00,0,-85.00,-9.00,0.00,0.00,56.00,0.00,0,48
522.12,1568177735,11847.28,51.47795333,7.39302276,171.92,18.81,0.00,355.95,0,-85.00,-9.00,0.00,0.00,56.00,0.00,0,48
523.12,1568177736,11866.09,51.47812067,7.39306795,172.09,18.77,0.00,9.69,0,-80.00,-8.00,0.00,0.00,60.00,0.00,0,48
524.12,1568177737,11884.88,51.47829941,7.39313135,172.30,18.83,0.00,12.12,0,-80.00,-8.00,0.00,0.00,60.00,0.00,0,48
535.12,1568177748,12062.63,51.47975981,7.39358256,178.94,14.50,0.00,335.51,0,-98.00,-6.00,0.00,0.00,40.00,0.00,0,357
536.12,1568177749,12077.03,51.47987024,7.39350418,179.57,13.99,0.00,335.52,0,-98.00,-6.00,0.00,0.00,40.00,0.00,0,357
537.12,1568177750,12091.03,51.47998258,7.39342958,180.56,12.53,0.00,337.62,0,-98.00,-6.00,0.00,0.00,40.00,0.00,0,357
538.12,1568177751,12103.57,51.48008514,7.39340106,181.38,12.03,0.00,350.73,0,-94.00,-7.00,0.00,0.00,44.00,0.00,0,357
539.12,1568177752,12115.59,51.48017380,7.39343581,181.98,10.45,0.00,15.48,0,-94.00,-7.00,0.00,0.00,44.00,0.00,0,357
540.12,1568177753,12126.04,51.48025498,7.39353274,181.99,11.10,0.00,36.34,0,-95.00,-8.00,0.00,0.00,45.00,0.00,0,357
541.12,1568177754,12137.13,51.47395860,7.39885200,181.95,11.69,0.00,52.87,0,-95.00,-8.00,0.00,0.00,45.00,0.00,0,357
552.12,1568177765,12306.06,51.48106884,7.39576877,183.51,17.33,0.00,59.90,0,-95.00,-11.00,0.00,0.00,49.00,0.00,0,357
553.12,1568177766,12323.41,51.48114932,7.39598939,183.48,17.14,0.00,59.15,0,-95.00,-11.00,0.00,0.00,49.00,0.00,0,357
554.12,1568177767,12340.53,51.48122832,7.39620870,183.75,16.95,0.00,59.27,0,-88.00,-7.00,0.00,0.00,50.00,0.00,0,453
555.12,1568177768,12357.48,51.48130420,7.39642588,183.86,17.14,0.00,59.50,0,-88.00,-7.00,0.00,0.00,50.00,0.00,0,453
556.13,1568177769,12374.75,51.48137766,7.39663427,183.84,17.05,0.00,59.46,0,-93.00,-8.00,0.00,0.00,47.00,0.00,0,453
557.12,1568177770,12391.68,51.48145175,7.39684668,183.68,16.92,0.00,59.62,0,-93.00,-8.00,0.00,0.00,47.00,0.00,0,453
558.12,1568177771,12408.60,51.48152303,7.39704410,183.42,16.55,0.00,58.88,0,-93.00,-8.00,0.00,0.00,47.00,0.00,0,453
563.12,1568177776,12487.97,51.48190599,7.39795416,181.35,13.04,0.00,53.28,0,-101.00,-9.00,0.00,0.00,40.00,0.00,0,357
564.12,1568177777,12501.01,51.48197435,7.39809836,181.20,11.62,0.00,52.24,0,-101.00,-9.00,0.00,0.00,40.00,0.00,0,357
613.12,1568177826,12586.83,51.48259167,7.39902740,173.65,8.94,0.00,36.72,0,-96.00,-10.00,0.00,0.00,45.00,0.00,0,357
614.12,1568177827,12595.78,51.48266769,7.39910325,173.72,9.83,0.00,35.01,0,-96.00,-10.00,0.00,0.00,45.00,0.00,0,357
615.12,1568177828,12605.59,51.48275045,7.39918891,173.74,10.73,0.00,33.84,0,-95.00,-9.00,0.00,0.00,46.00,0.00,0,357
616.12,1568177829,12616.32,51.48285568,7.39929188,174.59,11.67,0.00,34.44,0,-95.00,-9.00,0.00,0.00,46.00,0.00,0,357
617.12,1568177830,12628.00,51.48296038,7.39939141,175.44,12.80,0.00,33.82,0,-93.00,-7.00,0.00,0.00,46.00,0.00,0,357
618.12,1568177831,12640.78,51.48307152,7.39949915,175.98,14.01,0.00,32.85,0,-93.00,-7.00,0.00,0.00,46.00,0.00,0,357
626.12,1568177839,12760.64,51.48402725,7.40045247,177.85,14.93,0.00,35.78,0,-103.00,-9.00,0.00,0.00,37.00,0.00,0,48
627.12,1568177840,12775.57,51.48413310,7.40057168,177.99,14.79,0.00,36.24,0,-103.00,-9.00,0.00,0.00,37.00,0.00,0,48
628.12,1568177841,12790.36,51.48423682,7.40070274,178.02,14.89,0.00,37.42,0,-104.00,-9.00,0.00,0.00,37.00,0.00,0,48
629.12,1568177842,12805.26,51.48433805,7.40084172,178.15,14.92,0.00,38.83,0,-104.00,-9.00,0.00,0.00,37.00,0.00,0,48
632.12,1568177845,12850.29,51.48463867,7.40128749,178.49,15.28,0.00,41.47,0,-105.00,-10.00,0.00,0.00,37.00,0.00,0,372
632.12,1568177845,12850.29,51.48463867,7.40128749,178.49,15.28,0.00,41.47,0,-106.00,-10.00,0.00,0.00,35.00,0.00,0,48
633.12,1568177846,12865.57,51.48473777,7.40144089,178.49,15.37,0.00,42.47,0,-105.00,-10.00,0.00,0.00,37.00,0.00,0,372
633.12,1568177846,12865.58,51.48473777,7.40144089,178.49,15.37,0.00,42.47,0,-106.00,-10.00,0.00,0.00,35.00,0.00,0,48
634.12,1568177847,12880.94,51.48483459,7.40159256,178.61,15.42,0.00,43.14,0,-107.00,-12.00,0.00,0.00,36.00,0.00,0,48
635.12,1568177848,12896.35,51.48493100,7.40174846,178.54,15.50,0.00,43.99,0,-107.00,-12.00,0.00,0.00,36.00,0.00,0,48
636.12,1568177849,12911.86,51.48502998,7.40191497,178.57,15.52,0.00,44.80,0,-105.00,-12.00,0.00,0.00,39.00,0.00,0,372
636.12,1568177849,12911.86,51.48502998,7.40191497,178.57,15.52,0.00,44.80,0,-107.00,-12.00,0.00,0.00,36.00,0.00,0,48
637.12,1568177850,12927.38,51.48511915,7.40207135,178.53,15.57,0.00,45.64,0,-105.00,-12.00,0.00,0.00,39.00,0.00,0,372
637.12,1568177850,12927.39,51.48511915,7.40207135,178.53,15.57,0.00,45.64,0,-107.00,-12.00,0.00,0.00,36.00,0.00,0,48
638.12,1568177851,12942.94,51.48521454,7.40224742,178.17,15.55,0.00,46.36,0,-104.00,-12.00,0.00,0.00,39.00,0.00,0,372
638.12,1568177851,12942.96,51.48521454,7.40224742,178.17,15.55,0.00,46.36,0,-107.00,-12.00,0.00,0.00,36.00,0.00,0,48
639.12,1568177852,12958.51,51.48530675,7.40241749,177.95,15.64,0.00,47.19,0,-104.00,-12.00,0.00,0.00,39.00,0.00,0,372
639.12,1568177852,12958.51,51.48530675,7.40241749,177.95,15.64,0.00,47.19,0,-107.00,-12.00,0.00,0.00,36.00,0.00,0,48
640.12,1568177853,12974.22,51.48539840,7.40259002,177.69,15.75,0.00,47.87,0,-105.00,-11.00,0.00,0.00,37.00,0.00,0,372
640.12,1568177853,12974.22,51.48539840,7.40259002,177.69,15.75,0.00,47.87,0,-106.00,-10.00,0.00,0.00,35.00,0.00,0,48
641.12,1568177854,12989.88,51.48132020,7.40464160,177.52,15.59,0.00,48.77,0,-105.00,-11.00,0.00,0.00,37.00,0.00,0,372
641.12,1568177854,12989.88,51.48132020,7.40464160,177.52,15.59,0.00,48.77,0,-106.00,-10.00,0.00,0.00,35.00,0.00,0,48
642.12,1568177855,13005.47,51.48557585,7.40294333,177.16,15.59,0.00,49.59,0,-105.00,-11.00,0.00,0.00,37.00,0.00,0,372
642.12,1568177855,13005.47,51.48557585,7.40294333,177.16,15.59,0.00,49.59,0,-106.00,-10.00,0.00,0.00,35.00,0.00,0,48
643.12,1568177856,13021.06,51.48565782,7.40312226,176.62,15.51,0.00,50.67,0,-106.00,-11.00,0.00,0.00,36.00,0.00,0,167
643.12,1568177856,13021.06,51.48565782,7.40312226,176.62,15.51,0.00,50.67,0,-108.00,-9.00,0.00,0.00,33.00,0.00,0,48
644.12,1568177857,13036.57,51.48573766,7.40329985,176.02,15.55,0.00,51.65,0,-106.00,-11.00,0.00,0.00,36.00,0.00,0,167
644.12,1568177857,13036.58,51.48573766,7.40329985,176.02,15.55,0.00,51.65,0,-108.00,-9.00,0.00,0.00,33.00,0.00,0,48
645.12,1568177858,13052.11,51.48581415,7.40347735,175.70,15.52,0.00,52.52,0,-105.00,-11.00,0.00,0.00,38.00,0.00,0,167
645.12,1568177858,13052.11,51.48581415,7.40347735,175.70,15.52,0.00,52.52,0,-102.00,-10.00,0.00,0.00,36.00,0.00,0,243
646.12,1568177859,13067.64,51.48589229,7.40365638,175.57,15.61,0.00,53.50,0,-105.00,-11.00,0.00,0.00,38.00,0.00,0,167
646.12,1568177859,13067.64,51.48589229,7.40365638,175.57,15.61,0.00,53.50,0,-102.00,-10.00,0.00,0.00,36.00,0.00,0,243
649.12,1568177862,13114.02,51.48611594,7.40420770,174.63,15.22,0.00,55.50,0,-108.00,-11.00,0.00,0.00,34.00,0.00,0,383
650.12,1568177863,13129.23,51.48619241,7.40439478,174.36,15.39,0.00,56.31,0,-108.00,-11.00,0.00,0.00,34.00,0.00,0,383
651.12,1568177864,13144.62,51.48626910,7.40459664,173.93,15.81,0.00,57.25,0,-100.00,-9.00,0.00,0.00,40.00,0.00,0,188
651.12,1568177864,13144.62,51.48626910,7.40459664,173.93,15.81,0.00,57.25,0,-104.00,-14.00,0.00,0.00,41.00,0.00,0,357
651.12,1568177864,13144.62,51.48626910,7.40459664,173.93,15.81,0.00,57.25,0,-101.00,-11.00,0.00,0.00,38.00,0.00,0,1
652.12,1568177865,13160.44,51.48634358,7.40480595,173.47,16.22,0.00,57.98,0,-100.00,-9.00,0.00,0.00,40.00,0.00,0,188
652.12,1568177865,13160.44,51.48634358,7.40480595,173.47,16.22,0.00,57.98,0,-104.00,-14.00,0.00,0.00,41.00,0.00,0,357
652.12,1568177865,13160.44,51.48634358,7.40480595,173.47,16.22,0.00,57.98,0,-101.00,-11.00,0.00,0.00,38.00,0.00,0,1
653.12,1568177866,13176.67,51.48641981,7.40502844,172.78,16.56,0.00,58.83,0,-100.00,-10.00,0.00,0.00,41.00,0.00,0,357
653.12,1568177866,13176.67,51.48641981,7.40502844,172.78,16.56,0.00,58.83,0,-104.00,-13.00,0.00,0.00,41.00,0.00,0,166
653.12,1568177866,13176.67,51.48641981,7.40502844,172.78,16.56,0.00,58.83,0,-99.00,-11.00,0.00,0.00,39.00,0.00,0,46
654.12,1568177867,13193.21,51.48649621,7.40524785,172.14,16.62,0.00,59.48,0,-100.00,-10.00,0.00,0.00,41.00,0.00,0,357
654.12,1568177867,13193.22,51.48649621,7.40524785,172.14,16.62,0.00,59.48,0,-104.00,-13.00,0.00,0.00,41.00,0.00,0,166
654.12,1568177867,13193.22,51.48649621,7.40524785,172.14,16.62,0.00,59.48,0,-99.00,-11.00,0.00,0.00,39.00,0.00,0,46
655.12,1568177868,13209.85,51.48656512,7.40546093,171.61,17.01,0.00,60.18,0,-98.00,-10.00,0.00,0.00,43.00,0.00,0,357
655.12,1568177868,13209.85,51.48656512,7.40546093,171.61,17.01,0.00,60.18,0,-102.00,-13.00,0.00,0.00,43.00,0.00,0,166
655.12,1568177868,13209.85,51.48656512,7.40546093,171.61,17.01,0.00,60.18,0,-102.00,-10.00,0.00,0.00,39.00,0.00,0,95
655.12,1568177868,13209.85,51.48656512,7.40546093,171.61,17.01,0.00,60.18,0,-97.00,-10.00,0.00,0.00,42.00,0.00,0,46
655.12,1568177868,13209.86,51.48656512,7.40546093,171.61,17.01,0.00,60.18,0,-99.00,-13.00,0.00,0.00,42.00,0.00,0,245
656.12,1568177869,13226.86,51.48664068,7.40568289,171.02,17.11,0.00,60.95,0,-98.00,-10.00,0.00,0.00,43.00,0.00,0,357
656.12,1568177869,13226.87,51.48664068,7.40568289,171.02,17.11,0.00,60.95,0,-102.00,-13.00,0.00,0.00,43.00,0.00,0,166
656.12,1568177869,13226.87,51.48664068,7.40568289,171.02,17.11,0.00,60.95,0,-102.00,-10.00,0.00,0.00,39.00,0.00,0,95
656.12,1568177869,13226.87,51.48664068,7.40568289,171.02,17.11,0.00,60.95,0,-97.00,-10.00,0.00,0.00,42.00,0.00,0,46
656.12,1568177869,13226.87,51.48664068,7.40568289,171.02,17.11,0.00,60.95,0,-99.00,-13.00,0.00,0.00,42.00,0.00,0,245
657.12,1568177870,13243.97,51.48671047,7.40590389,170.43,17.32,0.00,62.25,0,-97.00,-10.00,0.00,0.00,44.00,0.00,0,166
657.12,1568177870,13243.97,51.48671047,7.40590389,170.43,17.32,0.00,62.25,0,-98.00,-7.00,0.00,0.00,42.00,0.00,0,95
657.12,1568177870,13243.97,51.48671047,7.40590389,170.43,17.32,0.00,62.25,0,-99.00,-11.00,0.00,0.00,44.00,0.00,0,357
657.12,1568177870,13243.98,51.48671047,7.40590389,170.43,17.32,0.00,62.25,0,-97.00,-7.00,0.00,0.00,40.00,0.00,0,199
657.12,1568177870,13243.98,51.48671047,7.40590389,170.43,17.32,0.00,62.25,0,-98.00,-10.00,0.00,0.00,42.00,0.00,0,245
658.12,1568177871,13261.29,51.48678100,7.40613660,169.80,17.55,0.00,63.64,0,-97.00,-10.00,0.00,0.00,44.00,0.00,0,166
658.12,1568177871,13261.29,51.48678100,7.40613660,169.80,17.55,0.00,63.64,0,-98.00,-7.00,0.00,0.00,42.00,0.00,0,95
658.12,1568177871,13261.29,51.48678100,7.40613660,169.80,17.55,0.00,63.64,0,-99.00,-11.00,0.00,0.00,44.00,0.00,0,357
658.12,1568177871,13261.31,51.48678100,7.40613660,169.80,17.55,0.00,63.64,0,-97.00,-7.00,0.00,0.00,40.00,0.00,0,199
658.12,1568177871,13261.31,51.48678100,7.40613660,169.80,17.55,0.00,63.64,0,-98.00,-10.00,0.00,0.00,42.00,0.00,0,245
659.12,1568177872,13278.84,51.48684507,7.40636789,169.09,17.74,0.00,64.83,0,-97.00,-8.00,0.00,0.00,43.00,0.00,0,166
659.12,1568177872,13278.84,51.48684507,7.40636789,169.09,17.74,0.00,64.83,0,-100.00,-8.00,0.00,0.00,38.00,0.00,0,95
659.12,1568177872,13278.84,51.48684507,7.40636789,169.09,17.74,0.00,64.83,0,-97.00,-10.00,0.00,0.00,41.00,0.00,0,245
659.12,1568177872,13278.86,51.48684507,7.40636789,169.09,17.74,0.00,64.83,0,-98.00,-8.00,0.00,0.00,39.00,0.00,0,199
660.12,1568177873,13296.58,51.48690504,7.40661207,168.39,17.89,0.00,66.25,0,-97.00,-8.00,0.00,0.00,43.00,0.00,0,166
660.12,1568177873,13296.58,51.48690504,7.40661207,168.39,17.89,0.00,66.25,0,-100.00,-8.00,0.00,0.00,38.00,0.00,0,95
660.12,1568177873,13296.58,51.48690504,7.40661207,168.39,17.89,0.00,66.25,0,-97.00,-10.00,0.00,0.00,41.00,0.00,0,245
660.12,1568177873,13296.60,51.48690504,7.40661207,168.39,17.89,0.00,66.25,0,-98.00,-8.00,0.00,0.00,39.00,0.00,0,199
661.12,1568177874,13314.45,51.49080630,7.41646480,167.97,17.82,0.00,67.36,0,-99.00,-6.00,0.00,0.00,39.00,0.00,0,95
661.12,1568177874,13314.47,51.49080630,7.41646480,167.97,17.82,0.00,67.36,0,-101.00,-10.00,0.00,0.00,41.00,0.00,0,166
661.12,1568177874,13314.47,51.49080630,7.41646480,167.97,17.82,0.00,67.36,0,-98.00,-7.00,0.00,0.00,39.00,0.00,0,199
661.12,1568177874,13314.47,51.49080630,7.41646480,167.97,17.82,0.00,67.36,0,-98.00,-9.00,0.00,0.00,41.00,0.00,0,245
662.12,1568177875,13332.27,51.48701121,7.40707875,167.90,17.78,0.00,68.73,0,-99.00,-6.00,0.00,0.00,39.00,0.00,0,95
662.12,1568177875,13332.27,51.48701121,7.40707875,167.90,17.78,0.00,68.73,0,-101.00,-10.00,0.00,0.00,41.00,0.00,0,166
662.12,1568177875,13332.29,51.48701121,7.40707875,167.90,17.78,0.00,68.73,0,-98.00,-7.00,0.00,0.00,39.00,0.00,0,199
662.12,1568177875,13332.29,51.48701121,7.40707875,167.90,17.78,0.00,68.73,0,-98.00,-9.00,0.00,0.00,41.00,0.00,0,245
666.12,1568177879,13402.60,51.48722012,7.40809452,171.30,17.86,0.00,72.45,0,-97.00,-10.00,0.00,0.00,45.00,0.00,0,166
666.12,1568177879,13402.60,51.48722012,7.40809452,171.30,17.86,0.00,72.45,0,-98.00,-11.00,0.00,0.00,45.00,0.00,0,357
666.12,1568177879,13402.60,51.48722012,7.40809452,171.30,17.86,0.00,72.45,0,-100.00,-13.00,0.00,0.00,45.00,0.00,0,359
667.12,1568177880,13420.45,51.48726706,7.40834297,173.03,17.33,0.00,73.28,0,-97.00,-10.00,0.00,0.00,45.00,0.00,0,166
667.12,1568177880,13420.45,51.48726706,7.40834297,173.03,17.33,0.00,73.28,0,-98.00,-11.00,0.00,0.00,45.00,0.00,0,357
667.12,1568177880,13420.46,51.48726706,7.40834297,173.03,17.33,0.00,73.28,0,-100.00,-13.00,0.00,0.00,45.00,0.00,0,359
668.12,1568177881,13437.78,51.48730931,7.40859412,174.28,17.42,0.00,74.40,0,-94.00,-5.00,0.00,0.00,43.00,0.00,0,95
668.12,1568177881,13437.78,51.48730931,7.40859412,174.28,17.42,0.00,74.40,0,-93.00,-5.00,0.00,0.00,41.00,0.00,0,199
669.12,1568177882,13455.20,51.48734628,7.40883434,175.36,17.56,0.00,75.67,0,-94.00,-5.00,0.00,0.00,43.00,0.00,0,95
669.12,1568177882,13455.20,51.48734628,7.40883434,175.36,17.56,0.00,75.67,0,-93.00,-5.00,0.00,0.00,41.00,0.00,0,199
670.12,1568177883,13472.78,51.48738046,7.40908867,176.22,17.43,0.00,76.86,0,-90.00,-5.00,0.00,0.00,47.00,0.00,0,95
670.12,1568177883,13472.78,51.48738046,7.40908867,176.22,17.43,0.00,76.86,0,-95.00,-10.00,0.00,0.00,47.00,0.00,0,359
670.12,1568177883,13472.78,51.48738046,7.40908867,176.22,17.43,0.00,76.86,0,-91.00,-6.00,0.00,0.00,44.00,0.00,0,199
671.12,1568177884,13490.22,51.48740983,7.40932125,176.33,17.01,0.00,77.74,0,-90.00,-5.00,0.00,0.00,47.00,0.00,0,95
671.12,1568177884,13490.22,51.48740983,7.40932125,176.33,17.01,0.00,77.74,0,-95.00,-10.00,0.00,0.00,47.00,0.00,0,359
671.12,1568177884,13490.22,51.48740983,7.40932125,176.33,17.01,0.00,77.74,0,-91.00,-6.00,0.00,0.00,44.00,0.00,0,199
674.12,1568177887,13539.45,51.48747788,7.40998969,173.65,15.48,0.00,78.64,0,-96.00,-9.00,0.00,0.00,45.00,0.00,0,359
675.12,1568177888,13554.93,51.48749738,7.41019278,172.74,14.40,0.00,79.81,0,-96.00,-9.00,0.00,0.00,45.00,0.00,0,359
691.12,1568177904,13704.36,51.48835219,7.41088036,163.56,11.35,0.00,350.91,0,-97.00,-15.00,0.00,0.00,52.00,0.00,0,167
691.12,1568177904,13704.37,51.48835219,7.41088036,163.56,11.35,0.00,350.91,0,-95.00,-14.00,0.00,0.00,48.00,0.00,0,243
692.12,1568177905,13715.69,51.48845131,7.41085455,163.29,11.48,0.00,350.44,0,-97.00,-15.00,0.00,0.00,52.00,0.00,0,167
692.12,1568177905,13715.70,51.48845131,7.41085455,163.29,11.48,0.00,350.44,0,-95.00,-14.00,0.00,0.00,48.00,0.00,0,243
693.12,1568177906,13727.19,51.48855554,7.41082388,163.06,11.85,0.00,349.92,0,-92.00,-11.00,0.00,0.00,51.00,0.00,0,167
693.12,1568177906,13727.19,51.48855554,7.41082388,163.06,11.85,0.00,349.92,0,-93.00,-10.00,0.00,0.00,50.00,0.00,0,95
693.12,1568177906,13727.19,51.48855554,7.41082388,163.06,11.85,0.00,349.92,0,-90.00,-10.00,0.00,0.00,49.00,0.00,0,243
693.12,1568177906,13727.20,51.48855554,7.41082388,163.06,11.85,0.00,349.92,0,-92.00,-9.00,0.00,0.00,48.00,0.00,0,199
694.12,1568177907,13739.02,51.48865705,7.41079409,162.70,12.02,0.00,349.46,0,-92.00,-11.00,0.00,0.00,51.00,0.00,0,167
694.12,1568177907,13739.02,51.48865705,7.41079409,162.70,12.02,0.00,349.46,0,-93.00,-10.00,0.00,0.00,50.00,0.00,0,95
694.12,1568177907,13739.04,51.48865705,7.41079409,162.70,12.02,0.00,349.46,0,-90.00,-10.00,0.00,0.00,49.00,0.00,0,243
694.12,1568177907,13739.04,51.48865705,7.41079409,162.70,12.02,0.00,349.46,0,-92.00,-9.00,0.00,0.00,48.00,0.00,0,199
697.12,1568177910,13776.17,51.48899780,7.41066985,160.95,12.93,0.00,347.98,0,-94.00,-10.00,0.00,0.00,48.00,0.00,0,167
697.12,1568177910,13776.17,51.48899780,7.41066985,160.95,12.93,0.00,347.98,0,-97.00,-11.00,0.00,0.00,47.00,0.00,0,166
697.12,1568177910,13776.17,51.48899780,7.41066985,160.95,12.93,0.00,347.98,0,-99.00,-13.00,0.00,0.00,47.00,0.00,0,359
698.12,1568177911,13789.10,51.48911001,7.41062070,160.18,13.05,0.00,347.54,0,-94.00,-10.00,0.00,0.00,48.00,0.00,0,167
698.12,1568177911,13789.10,51.48911001,7.41062070,160.18,13.05,0.00,347.54,0,-97.00,-11.00,0.00,0.00,47.00,0.00,0,166
698.12,1568177911,13789.10,51.48911001,7.41062070,160.18,13.05,0.00,347.54,0,-99.00,-13.00,0.00,0.00,47.00,0.00,0,359
699.12,1568177912,13802.13,51.48922030,7.41056678,159.85,12.91,0.00,347.00,0,-98.00,-12.00,0.00,0.00,45.00,0.00,0,167
699.12,1568177912,13802.13,51.48922030,7.41056678,159.85,12.91,0.00,347.00,0,-102.00,-15.00,0.00,0.00,44.00,0.00,0,359
700.12,1568177913,13815.04,51.48932777,7.41051899,159.74,12.75,0.00,346.68,0,-98.00,-12.00,0.00,0.00,45.00,0.00,0,167
700.12,1568177913,13815.06,51.48932777,7.41051899,159.74,12.75,0.00,346.68,0,-102.00,-15.00,0.00,0.00,44.00,0.00,0,359
701.12,1568177914,13827.80,51.49262210,7.40054830,159.52,12.62,0.00,346.80,0,-98.00,-11.00,0.00,0.00,42.00,0.00,0,243
701.12,1568177914,13827.80,51.49262210,7.40054830,159.52,12.62,0.00,346.80,0,-101.00,-14.00,0.00,0.00,41.00,0.00,0,45
702.12,1568177915,13840.41,51.48955317,7.41043384,158.92,12.32,0.00,346.29,0,-98.00,-11.00,0.00,0.00,42.00,0.00,0,243
702.12,1568177915,13840.41,51.48955317,7.41043384,158.92,12.32,0.00,346.29,0,-101.00,-14.00,0.00,0.00,41.00,0.00,0,45
705.12,1568177918,13874.82,51.48983861,7.41031196,157.74,8.19,0.00,345.67,0,-95.00,-11.00,0.00,0.00,47.00,0.00,0,95
705.12,1568177918,13874.82,51.48983861,7.41031196,157.74,8.19,0.00,345.67,0,-94.00,-10.00,0.00,0.00,45.00,0.00,0,199
706.12,1568177919,13882.98,51.48990265,7.41027404,157.50,6.10,0.00,345.11,0,-95.00,-11.00,0.00,0.00,47.00,0.00,0,95
706.12,1568177919,13882.98,51.48990265,7.41027404,157.50,6.10,0.00,345.11,0,-94.00,-10.00,0.00,0.00,45.00,0.00,0,199
707.12,1568177920,13889.07,51.48993609,7.41027217,157.54,3.83,0.00,1.61,0,-95.00,-11.00,0.00,0.00,47.00,0.00,0,95
707.12,1568177920,13889.08,51.48993609,7.41027217,157.54,3.83,0.00,1.61,0,-94.00,-10.00,0.00,0.00,45.00,0.00,0,199
708.12,1568177921,13892.91,51.48997579,7.41029345,157.58,3.82,0.00,24.35,0,-91.00,-5.00,0.00,0.00,46.00,0.00,0,95
708.12,1568177921,13892.91,51.48997579,7.41029345,157.58,3.82,0.00,24.35,0,-88.00,-5.00,0.00,0.00,45.00,0.00,0,199
709.12,1568177922,13896.72,51.49001501,7.41033081,157.91,4.69,0.00,43.56,0,-91.00,-5.00,0.00,0.00,46.00,0.00,0,95
709.12,1568177922,13896.73,51.49001501,7.41033081,157.91,4.69,0.00,43.56,0,-88.00,-5.00,0.00,0.00,45.00,0.00,0,199
