0.00,1564980431,0.00,51.45005244,7.48827360,254.49,5.61,0.00,167.75,1,-98.00,-7.00,9.00,3.00,26.00,7.00,13415170,315
0.98,1564980432,5.48,51.44997374,7.48830669,254.59,9.64,4.13,167.95,1,-99.00,-5.00,16.00,6.00,26.00,7.00,13415170,315
1.98,1564980433,15.12,51.44988935,7.48833934,254.79,10.23,0.58,168.67,1,-99.00,-5.00,16.00,6.00,26.00,7.00,13415170,315
2.98,1564980434,25.34,51.44979600,7.48836806,254.90,10.83,0.60,169.67,1,-96.00,-5.00,16.00,11.00,26.00,7.00,13415170,315
3.98,1564980435,36.17,51.44969841,7.48839587,255.08,10.83,0.00,170.98,1,-96.00,-5.00,16.00,11.00,26.00,7.00,13415170,315
4.98,1564980436,47.01,51.44960145,7.48841679,255.18,10.95,0.12,172.32,1,-98.00,-6.00,7.00,11.00,25.00,7.00,13415170,315
5.98,1564980437,57.96,51.44950497,7.48843076,255.16,10.99,0.04,173.57,1,-98.00,-6.00,7.00,11.00,25.00,7.00,13415170,315
6.98,1564980438,68.95,51.44940022,7.48843975,254.91,11.23,0.24,175.30,1,-101.00,-7.00,0.00,6.00,26.00,7.00,13415170,315
7.98,1564980439,80.18,51.44928962,7.48844369,254.91,11.57,0.34,177.75,1,-101.00,-7.00,0.00,6.00,26.00,7.00,13415170,315
8.98,1564980440,91.75,51.44918172,7.48844110,255.23,11.79,0.22,179.48,1,-104.00,-8.00,20.00,10.00,24.00,7.00,13415170,315
9.98,1564980441,103.54,51.44906723,7.48843405,255.47,12.38,0.59,181.25,1,-104.00,-8.00,20.00,10.00,24.00,7.00,13415170,315
10.98,1564980442,115.92,51.44895571,7.48842208,255.81,13.37,0.99,183.07,1,-107.00,-11.00,7.00,8.00,23.00,7.00,13415170,315
11.98,1564980443,129.29,51.44884099,7.48839550,256.51,13.29,-0.08,185.42,1,-107.00,-11.00,7.00,8.00,23.00,7.00,13415170,315
12.98,1564980444,142.59,51.44872213,7.48836298,257.21,12.38,-0.91,187.34,1,-109.00,-9.00,4.00,8.00,19.00,7.00,13415170,315
13.98,1564980445,154.98,51.44860517,7.48832479,257.65,13.10,0.72,189.22,1,-109.00,-9.00,4.00,8.00,19.00,7.00,13415170,315
14.98,1564980446,168.07,51.44847760,7.48827174,258.14,13.42,0.32,190.77,1,-110.00,-9.00,-3.00,6.00,19.00,7.00,13415170,315
15.98,1564980447,181.49,51.44835742,7.48821923,258.47,13.64,0.22,192.51,1,-110.00,-9.00,-3.00,6.00,19.00,7.00,13415170,315
16.98,1564980448,195.14,51.44822855,7.48816529,258.93,14.04,0.40,193.13,1,-109.00,-10.00,-10.00,5.00,19.00,7.00,13415170,315
17.98,1564980449,209.18,51.44810191,7.48810877,259.30,14.14,0.10,193.76,1,-109.00,-10.00,-10.00,5.00,19.00,7.00,13415170,315
18.99,1564980450,223.48,51.44798824,7.48805841,259.32,13.95,-0.19,194.12,1,-115.00,-14.00,-7.00,4.00,18.00,7.00,13415170,315
19.98,1564980451,237.31,51.44787645,7.48800750,259.35,13.82,-0.14,194.22,1,-115.00,-14.00,-7.00,4.00,18.00,7.00,13415170,315
20.98,1564980452,251.14,51.44776034,7.48795666,259.69,12.72,-1.10,193.07,1,-115.00,-14.00,-7.00,4.00,18.00,7.00,13415170,315
21.98,1564980453,263.82,51.44764227,7.48791468,260.36,12.10,-0.62,190.90,1,-112.00,-12.00,-7.00,3.00,17.00,57.00,12973570,334
22.98,1564980454,275.94,51.44752586,7.48788704,260.76,12.28,0.18,187.69,1,-112.00,-12.00,-7.00,3.00,17.00,57.00,12973570,334
23.98,1564980455,288.22,51.44740616,7.48787058,261.18,12.87,0.59,185.78,1,-110.00,-12.00,-3.00,6.00,20.00,57.00,12973570,334
24.98,1564980456,301.08,51.44727944,7.48786545,261.56,13.37,0.50,184.07,1,-110.00,-12.00,-3.00,6.00,20.00,57.00,12973570,334
25.98,1564980457,314.46,51.44714494,7.48786837,262.08,13.94,0.57,181.35,1,-114.00,-13.00,-5.00,4.00,18.00,57.00,12973570,334
26.98,1564980458,328.40,51.44701742,7.48788542,262.85,13.58,-0.37,177.65,1,-114.00,-13.00,-5.00,4.00,18.00,57.00,12973570,334
27.98,1564980459,342.00,51.44689156,7.48793142,262.99,14.13,0.55,173.58,1,-115.00,-13.00,-6.00,4.00,17.00,57.00,12973570,334
28.98,1564980460,356.12,51.44674688,7.48798880,263.23,14.15,0.03,170.60,1,-115.00,-13.00,-6.00,4.00,17.00,57.00,12973570,334
29.98,1564980461,370.23,51.44661390,7.48805484,263.33,14.05,-0.10,167.72,1,-109.00,-9.00,-10.00,2.00,28.00,57.00,12973570,334
30.98,1564980462,384.27,51.44649243,7.48812225,263.26,14.06,0.01,165.78,1,-109.00,-9.00,-10.00,2.00,28.00,57.00,12973570,334
31.99,1564980463,398.43,51.44636292,7.48820305,263.14,14.53,0.47,162.73,1,-108.00,-8.00,4.00,2.00,19.00,57.00,13415170,315
32.99,1564980464,412.96,51.44624123,7.48833476,263.38,14.79,0.26,148.43,1,-108.00,-8.00,4.00,2.00,19.00,57.00,13415170,315
33.98,1564980465,427.62,51.44614940,7.48846246,263.57,14.66,-0.13,146.99,1,-107.00,-7.00,6.00,2.00,19.00,57.00,13415170,315
34.98,1564980466,442.30,51.44603072,7.48861834,264.04,14.75,0.09,145.46,1,-107.00,-7.00,6.00,2.00,19.00,57.00,13415170,315
35.98,1564980467,457.03,51.44591631,7.48877309,264.55,14.70,-0.05,143.89,1,-104.00,-6.00,7.00,9.00,22.00,13.00,13415170,315
36.98,1564980468,471.75,51.44581988,7.48892356,265.04,14.84,0.14,140.67,1,-104.00,-6.00,7.00,9.00,22.00,13.00,13415170,315
37.98,1564980469,486.60,51.44572686,7.48907875,265.91,14.92,0.08,138.27,1,-107.00,-7.00,1.00,7.00,19.00,13.00,13415170,315
38.98,1564980470,501.52,51.44563590,7.48924840,266.92,15.02,0.10,135.79,1,-107.00,-7.00,1.00,7.00,19.00,13.00,13415170,315
39.99,1564980471,516.65,51.44555267,7.48941128,267.85,14.78,-0.23,133.66,1,-107.00,-10.00,2.00,7.00,23.00,13.00,13415170,315
40.98,1564980472,531.30,51.44547589,7.48957344,268.93,14.44,-0.34,131.80,1,-107.00,-10.00,2.00,7.00,23.00,13.00,13415170,315
41.98,1564980473,545.76,51.44539376,7.48974391,269.92,14.41,-0.02,130.81,1,-107.00,-10.00,2.00,7.00,23.00,13.00,13415170,315
42.98,1564980474,560.16,51.44531625,7.48992111,270.59,14.40,-0.02,129.80,1,-107.00,-8.00,1.00,8.00,20.00,13.00,13415170,315
43.98,1564980475,574.55,51.44523852,7.49009258,271.45,14.50,0.11,129.13,1,-107.00,-8.00,1.00,8.00,20.00,13.00,13415170,315
44.98,1564980476,589.06,51.44516198,7.49026929,272.07,14.56,0.06,128.64,1,-109.00,-8.00,0.00,5.00,20.00,13.00,13415170,315
45.98,1564980477,603.62,51.44508847,7.49043985,272.67,14.51,-0.06,129.11,1,-109.00,-8.00,0.00,5.00,20.00,13.00,13415170,315
46.98,1564980478,618.13,51.44502163,7.49059716,273.23,13.91,-0.59,128.23,1,-109.00,-9.00,2.00,8.00,19.00,13.00,13415170,315
47.98,1564980479,632.04,51.44495279,7.49075502,273.60,12.90,-1.01,128.63,1,-109.00,-9.00,2.00,8.00,19.00,13.00,13415170,315
48.98,1564980480,644.91,51.44488462,7.49090956,274.13,11.03,-1.87,127.99,1,-113.00,-13.00,-2.00,2.00,20.00,13.00,13415170,315
49.99,1564980481,656.02,51.44483373,7.49102885,274.75,10.05,-0.98,127.64,1,-113.00,-13.00,-2.00,2.00,20.00,13.00,13415170,315
50.98,1564980482,666.03,51.44478805,7.49114291,275.22,8.59,-1.46,127.02,1,-115.00,-8.00,4.00,2.00,12.00,80.00,13067273,288
51.98,1564980483,674.62,51.44474820,7.49123245,275.88,7.49,-1.11,126.62,1,-115.00,-8.00,4.00,2.00,12.00,80.00,13067273,288
52.99,1564980484,682.15,51.44471622,7.49130938,276.06,6.50,-0.98,127.26,1,-118.00,-10.00,0.00,2.00,10.00,80.00,13067273,288
53.99,1564980485,688.64,51.44468418,7.49138945,276.14,5.92,-0.59,126.63,1,-118.00,-10.00,0.00,2.00,10.00,80.00,13067273,288
54.98,1564980486,694.54,51.44465495,7.49146392,276.24,5.32,-0.60,126.25,1,-119.00,-10.00,1.00,7.00,9.00,81.00,13067273,288
55.98,1564980487,699.85,51.44463054,7.49152768,276.25,4.04,-1.28,125.90,1,-119.00,-10.00,1.00,7.00,9.00,81.00,13067273,288
56.98,1564980488,703.89,51.44461201,7.49157123,276.28,2.26,-1.77,125.79,1,-118.00,-10.00,-2.00,8.00,10.00,81.00,13067273,288
57.98,1564980489,706.15,51.44460881,7.49158552,276.28,0.81,-1.46,125.79,1,-118.00,-10.00,-2.00,8.00,10.00,81.00,13067273,288
58.98,1564980490,706.95,51.44460881,7.49158552,276.28,0.00,-0.81,125.79,1,-110.00,-7.00,1.00,8.00,24.00,24.00,13417219,440
59.98,1564980491,706.95,51.44460881,7.49158552,276.27,0.00,0.00,125.79,1,-110.00,-7.00,1.00,8.00,24.00,24.00,13417219,440
60.99,1564980492,706.95,51.44460881,7.49158552,276.27,0.00,0.00,125.79,1,-111.00,-7.00,6.00,8.00,17.00,24.00,13417219,440
61.98,1564980493,706.95,51.44460881,7.49158552,276.26,0.00,0.00,125.79,1,-111.00,-7.00,6.00,8.00,17.00,24.00,13417219,440
62.98,1564980494,706.95,51.44460881,7.49158552,276.25,0.00,0.00,125.79,1,-111.00,-7.00,6.00,8.00,17.00,24.00,13417219,440
63.98,1564980495,706.95,51.44460881,7.49158552,276.23,0.00,0.00,125.79,1,-112.00,-7.00,4.00,8.00,17.00,24.00,13417219,440
64.98,1564980496,706.95,51.44460881,7.49158552,276.21,0.00,0.00,125.79,1,-112.00,-7.00,4.00,8.00,17.00,24.00,13417219,440
65.98,1564980497,706.95,51.44460881,7.49158552,276.19,0.00,0.00,125.79,1,-112.00,-8.00,5.00,8.00,16.00,24.00,13417219,440
66.98,1564980498,706.95,51.44460881,7.49158552,276.17,0.00,0.00,125.79,1,-112.00,-8.00,5.00,8.00,16.00,24.00,13417219,440
67.98,1564980499,706.95,51.44460881,7.49158552,276.16,0.00,0.00,125.79,1,-111.00,-8.00,6.00,7.00,17.00,24.00,13417219,440
68.98,1564980500,706.95,51.44460881,7.49158552,276.14,0.00,0.00,125.79,1,-111.00,-8.00,6.00,7.00,17.00,24.00,13417219,440
69.98,1564980501,706.95,51.44460881,7.49158552,276.13,0.00,0.00,125.79,1,-111.00,-8.00,7.00,9.00,17.00,24.00,13417219,440
70.98,1564980502,706.95,51.44460881,7.49158552,276.12,0.00,0.00,125.79,1,-111.00,-8.00,7.00,9.00,17.00,24.00,13417219,440
71.98,1564980503,706.95,51.44460881,7.49158552,276.11,0.00,0.00,125.79,1,-111.00,-8.00,6.00,9.00,17.00,24.00,13417219,440
72.98,1564980504,706.95,51.44460881,7.49158552,276.10,0.00,0.00,125.79,1,-111.00,-8.00,6.00,9.00,17.00,24.00,13417219,440
73.98,1564980505,706.95,51.44460881,7.49158552,276.09,0.00,0.00,125.79,1,-110.00,-7.00,5.00,8.00,18.00,24.00,13417219,440
74.98,1564980506,706.95,51.44460881,7.49158552,276.09,0.00,0.00,125.79,1,-110.00,-7.00,5.00,8.00,18.00,24.00,13417219,440
75.98,1564980507,706.95,51.44460881,7.49158552,276.08,0.00,0.00,125.79,1,-112.00,-9.00,3.00,7.00,17.00,24.00,13417219,440
76.98,1564980508,706.95,51.44460881,7.49158552,276.08,0.00,0.00,125.79,1,-112.00,-9.00,3.00,7.00,17.00,24.00,13417219,440
77.98,1564980509,706.95,51.44460881,7.49158552,276.08,0.00,0.00,125.79,1,-113.00,-9.00,3.00,7.00,17.00,24.00,13417219,440
78.98,1564980510,706.95,51.44460881,7.49158552,276.02,0.00,0.00,125.79,1,-113.00,-9.00,3.00,7.00,17.00,24.00,13417219,440
79.98,1564980511,706.95,51.44460881,7.49158552,275.98,0.00,0.00,125.86,1,-107.00,-6.00,9.00,10.00,20.00,24.00,13417219,440
80.98,1564980512,706.95,51.44460881,7.49158552,275.72,0.00,0.00,128.56,1,-107.00,-6.00,9.00,10.00,20.00,24.00,13417219,440
81.99,1564980513,706.95,51.44452621,7.49169672,275.53,6.26,0.00,162.02,1,-113.00,-9.00,2.00,8.00,17.00,24.00,13417219,440
82.98,1564980514,713.17,51.44445937,7.49168906,275.00,6.28,0.02,192.12,1,-113.00,-9.00,2.00,8.00,17.00,24.00,13417219,440
83.98,1564980515,719.46,51.44440060,7.49163720,274.32,6.41,0.13,216.00,1,-113.00,-9.00,2.00,8.00,17.00,24.00,13417219,440
84.98,1564980516,725.86,51.44434529,7.49157979,274.03,6.64,0.23,217.34,1,-111.00,-10.00,0.00,6.00,17.00,24.00,13417219,440
85.98,1564980517,732.51,51.44427205,7.49149665,273.88,10.91,4.27,216.70,1,-111.00,-10.00,0.00,6.00,17.00,24.00,13417219,440
86.98,1564980518,743.43,51.44418704,7.49140660,273.68,11.61,0.71,217.23,1,-110.00,-10.00,-5.00,2.00,27.00,24.00,13417219,440
87.98,1564980519,755.04,51.44408718,7.49129159,273.53,12.91,1.30,216.72,1,-110.00,-10.00,-5.00,2.00,27.00,24.00,13417219,440
88.98,1564980520,767.99,51.44398395,7.49116958,272.73,13.63,0.71,216.19,1,-111.00,-10.00,-2.00,2.00,18.00,24.00,13417219,440
89.98,1564980521,781.61,51.44386104,7.49104320,272.39,14.43,0.80,216.39,1,-111.00,-10.00,-2.00,2.00,18.00,24.00,13417219,440
90.98,1564980522,795.99,51.44374604,7.49091478,272.57,15.09,0.67,216.22,1,-110.00,-8.00,-5.00,2.00,18.00,24.00,13417219,440
91.98,1564980523,811.08,51.44363407,7.49078672,272.64,15.70,0.61,216.14,1,-110.00,-8.00,-5.00,2.00,18.00,24.00,13417219,440
92.98,1564980524,826.83,51.44352581,7.49066287,272.57,15.72,0.01,216.24,1,-112.00,-9.00,-5.00,2.00,16.00,24.00,13417219,440
93.98,1564980525,842.57,51.44341985,7.49054087,272.55,15.84,0.12,216.55,1,-112.00,-9.00,-5.00,2.00,16.00,24.00,13417219,440
94.98,1564980526,858.36,51.44330437,7.49040815,272.61,16.10,0.26,216.81,1,-114.00,-9.00,-4.00,2.00,14.00,24.00,13417219,440
95.98,1564980527,874.46,51.44318812,7.49027036,272.77,16.34,0.24,216.83,1,-114.00,-9.00,-4.00,2.00,14.00,24.00,13417219,440
96.98,1564980528,890.85,51.44307059,7.49013293,273.10,16.32,-0.02,216.57,1,-114.00,-13.00,-1.00,5.00,18.00,21.00,13417219,440
97.99,1564980529,907.18,51.44295199,7.48999533,273.14,16.29,-0.03,215.70,1,-114.00,-13.00,-1.00,5.00,18.00,21.00,13417219,440
98.98,1564980530,923.40,51.44283679,7.48986225,273.53,15.80,-0.49,215.75,1,-111.00,-10.00,-8.00,6.00,20.00,21.00,13417219,440
99.98,1564980531,939.20,51.44272608,7.48973131,273.88,14.62,-1.19,216.21,1,-111.00,-10.00,-8.00,6.00,20.00,21.00,13417219,440
100.98,1564980532,953.81,51.44262179,7.48961096,274.21,14.33,-0.29,216.76,1,-107.00,-9.00,2.00,7.00,22.00,21.00,13417219,440
101.98,1564980533,968.15,51.44251782,7.48948306,274.26,13.70,-0.62,218.38,1,-107.00,-9.00,2.00,7.00,22.00,21.00,13417219,440
102.99,1564980534,981.95,51.44240008,7.48933769,274.50,14.37,0.66,217.91,1,-101.00,-6.00,-3.00,9.00,25.00,21.00,13417219,440
103.98,1564980535,996.21,51.44229120,7.48919614,275.08,14.46,0.09,218.27,1,-101.00,-6.00,-3.00,9.00,25.00,21.00,13417219,440
104.98,1564980536,1010.67,51.44218136,7.48905376,275.76,14.79,0.32,219.07,1,-101.00,-6.00,-3.00,9.00,25.00,21.00,13417219,440
105.98,1564980537,1025.45,51.44206844,7.48890275,276.56,14.76,-0.02,219.72,1,-106.00,-6.00,7.00,11.00,21.00,21.00,13417219,440
106.98,1564980538,1040.18,51.44194721,7.48872589,277.17,14.90,0.14,221.37,1,-106.00,-6.00,7.00,11.00,21.00,21.00,13417219,440
107.98,1564980539,1055.12,51.44182928,7.48855841,277.05,15.00,0.09,222.35,1,-102.00,-12.00,-8.00,2.00,47.00,21.00,13417219,440
108.98,1564980540,1070.15,51.44173342,7.48840982,277.81,14.50,-0.50,224.14,1,-102.00,-12.00,-8.00,2.00,47.00,21.00,13417219,440
109.98,1564980541,1084.62,51.44164899,7.48825971,278.32,13.81,-0.69,226.52,1,-104.00,-16.00,-7.00,2.00,33.00,21.00,13417219,440
110.98,1564980542,1098.41,51.44155866,7.48808932,278.60,14.34,0.53,228.63,1,-104.00,-16.00,-7.00,2.00,33.00,21.00,13417219,440
111.98,1564980543,1112.79,51.44145573,7.48789615,277.84,14.72,0.38,229.78,1,-100.00,-13.00,1.00,2.00,34.00,21.00,13417219,440
112.98,1564980544,1127.50,51.44137035,7.48771581,277.01,14.70,-0.02,230.33,1,-100.00,-13.00,1.00,2.00,34.00,21.00,13417219,440
113.98,1564980545,1142.22,51.44128853,7.48754693,277.10,14.28,-0.42,231.13,1,-100.00,-8.00,11.00,2.00,28.00,21.00,13417219,440
114.98,1564980546,1156.48,51.44121141,7.48738755,277.38,14.17,-0.12,231.95,1,-100.00,-8.00,11.00,2.00,28.00,21.00,13417219,440
115.98,1564980547,1170.64,51.44113221,7.48720945,277.24,14.45,0.29,232.90,1,-101.00,-5.00,-3.00,10.00,23.00,20.00,13417219,440
116.98,1564980548,1185.09,51.44105878,7.48704444,276.68,14.19,-0.26,232.75,1,-101.00,-5.00,-3.00,10.00,23.00,20.00,13417219,440
117.98,1564980549,1199.30,51.44098863,7.48688927,276.53,14.02,-0.17,233.27,1,-100.00,-5.00,7.00,13.00,24.00,20.00,13417219,440
118.98,1564980550,1213.30,51.44090952,7.48671844,276.36,13.83,-0.19,233.67,1,-100.00,-5.00,7.00,13.00,24.00,20.00,13417219,440
119.98,1564980551,1227.12,51.44083311,7.48655602,275.86,14.02,0.19,232.81,1,-101.00,-5.00,8.00,9.00,23.00,20.00,13417219,440
120.98,1564980552,1241.16,51.44076389,7.48640379,275.77,13.20,-0.82,233.27,1,-101.00,-5.00,8.00,9.00,23.00,20.00,13417219,440
121.99,1564980553,1254.44,51.44068741,7.48624318,275.71,12.56,-0.64,233.70,1,-100.00,-6.00,4.00,10.00,26.00,20.00,13417219,440
122.98,1564980554,1266.94,51.44060752,7.48607252,275.72,13.21,0.66,233.29,1,-100.00,-6.00,4.00,10.00,26.00,20.00,13417219,440
123.99,1564980555,1280.24,51.44053808,7.48591895,275.64,13.40,0.19,233.09,1,-101.00,-13.00,4.00,10.00,31.00,20.00,13417219,440
124.98,1564980556,1293.53,51.44046636,7.48576163,275.77,13.48,0.07,233.43,1,-101.00,-13.00,4.00,10.00,31.00,20.00,13417219,440
126.00,1564980557,1307.28,51.44037993,7.48557548,276.06,13.94,0.45,233.07,1,-100.00,-12.00,5.00,12.00,30.00,20.00,13417219,440
126.98,1564980558,1320.94,51.44029636,7.48539375,275.85,13.78,-0.16,233.72,1,-100.00,-12.00,5.00,12.00,30.00,20.00,13417219,440
127.98,1564980559,1334.69,51.44022322,7.48523231,275.50,13.37,-0.41,234.65,1,-100.00,-12.00,5.00,12.00,30.00,20.00,13417219,440
128.98,1564980560,1348.11,51.44014455,7.48506011,275.48,13.86,0.48,234.17,1,-94.00,-8.00,7.00,10.00,32.00,20.00,13417219,440
129.98,1564980561,1361.96,51.44005995,7.48488028,276.17,13.58,-0.28,233.64,1,-94.00,-8.00,7.00,10.00,32.00,20.00,13417219,440
130.98,1564980562,1375.53,51.43997607,7.48470728,276.15,12.90,-0.68,233.25,1,-99.00,-6.00,1.00,11.00,26.00,20.00,13417219,440
131.98,1564980563,1388.43,51.43990413,7.48455773,276.18,12.46,-0.44,233.48,1,-99.00,-6.00,1.00,11.00,26.00,20.00,13417219,440
132.98,1564980564,1400.89,51.43983598,7.48441479,276.61,12.39,-0.07,232.96,1,-101.00,-6.00,3.00,12.00,23.00,20.00,13417219,440
133.98,1564980565,1413.27,51.43976757,7.48427305,277.25,11.87,-0.51,233.72,1,-101.00,-6.00,3.00,12.00,23.00,20.00,13417219,440
134.98,1564980566,1425.15,51.43970467,7.48413797,277.29,10.96,-0.91,234.09,1,-102.00,-7.00,-6.00,10.00,23.00,20.00,13417219,440
135.98,1564980567,1436.11,51.43963960,7.48399510,277.45,10.58,-0.38,234.55,1,-102.00,-7.00,-6.00,10.00,23.00,20.00,13417219,440
136.98,1564980568,1446.69,51.43958107,7.48386132,277.78,10.07,-0.51,233.58,1,-99.00,-6.00,4.00,10.00,26.00,20.00,13417219,440
137.98,1564980569,1456.74,51.43952413,7.48373881,277.81,9.73,-0.34,234.07,1,-99.00,-6.00,4.00,10.00,26.00,20.00,13417219,440
138.98,1564980570,1466.49,51.43947984,7.48363404,277.32,8.61,-1.12,235.99,1,-101.00,-9.00,6.00,9.00,27.00,20.00,13417219,440
139.98,1564980571,1475.10,51.43943069,7.48351601,277.63,8.26,-0.35,236.79,1,-101.00,-9.00,6.00,9.00,27.00,20.00,13417219,440
140.98,1564980572,1483.37,51.43938444,7.48340223,277.76,9.00,0.74,237.25,1,-101.00,-8.00,1.00,9.00,24.00,20.00,13417219,440
141.98,1564980573,1492.36,51.43933359,7.48327754,277.20,9.23,0.23,237.74,1,-101.00,-8.00,1.00,9.00,24.00,20.00,13417219,440
142.98,1564980574,1501.60,51.43928494,7.48314908,276.54,7.96,-1.27,238.33,1,-101.00,-6.00,22.00,11.00,24.00,20.00,13417219,440
143.98,1564980575,1509.57,51.43924086,7.48302963,276.18,8.30,0.33,238.69,1,-101.00,-6.00,22.00,11.00,24.00,20.00,13417219,440
144.98,1564980576,1517.86,51.43919522,7.48290520,276.10,8.34,0.04,238.05,1,-98.00,-8.00,10.00,2.00,36.00,20.00,13417219,440
145.98,1564980577,1526.19,51.43915018,7.48278248,276.58,8.40,0.06,238.92,1,-98.00,-8.00,10.00,2.00,36.00,20.00,13417219,440
146.99,1564980578,1534.69,51.43911341,7.48267408,277.26,8.48,0.08,239.52,1,-98.00,-6.00,11.00,2.00,28.00,20.00,13417219,440
147.98,1564980579,1543.08,51.43906844,7.48253730,277.87,8.93,0.46,241.06,1,-98.00,-6.00,11.00,2.00,28.00,20.00,13417219,440
148.98,1564980580,1552.02,51.43902552,7.48240509,278.69,9.63,0.70,242.05,1,-98.00,-6.00,11.00,2.00,28.00,20.00,13417219,440
149.98,1564980581,1561.65,51.43897632,7.48224662,279.55,10.25,0.62,242.65,1,-98.00,-6.00,13.00,2.00,28.00,20.00,13417219,440
150.98,1564980582,1571.89,51.43892550,7.48207863,279.78,10.88,0.64,242.59,1,-98.00,-6.00,13.00,2.00,28.00,20.00,13417219,440
151.98,1564980583,1582.78,51.43886932,7.48191099,279.25,11.04,0.15,241.19,1,-98.00,-6.00,16.00,2.00,27.00,20.00,13417219,440
152.98,1564980584,1593.82,51.43881760,7.48175889,279.55,11.57,0.53,241.52,1,-98.00,-6.00,16.00,2.00,27.00,20.00,13417219,440
153.98,1564980585,1605.39,51.43876421,7.48160646,280.10,11.73,0.15,242.02,1,-100.00,-4.00,11.00,2.00,25.00,20.00,13417219,440
154.98,1564980586,1617.11,51.43871764,7.48146637,280.11,10.83,-0.89,241.51,1,-100.00,-4.00,11.00,2.00,25.00,20.00,13417219,440
155.98,1564980587,1627.93,51.43865400,7.48127886,280.64,10.85,0.02,240.80,1,-99.00,-5.00,16.00,2.00,26.00,20.00,13417219,440
156.98,1564980588,1638.80,51.43859442,7.48110833,281.11,12.21,1.36,240.35,1,-99.00,-5.00,16.00,2.00,26.00,20.00,13417219,440
157.98,1564980589,1651.00,51.43854145,7.48094978,281.38,11.22,-0.99,241.33,1,-97.00,-6.00,16.00,2.00,27.00,20.00,13417219,440
158.98,1564980590,1662.23,51.43847984,7.48077276,282.13,11.98,0.76,240.81,1,-97.00,-6.00,16.00,2.00,27.00,20.00,13417219,440
159.98,1564980591,1674.21,51.43841857,7.48060479,282.32,11.12,-0.86,241.80,1,-100.00,-6.00,10.00,2.00,24.00,20.00,13417219,440
160.98,1564980592,1685.33,51.43836736,7.48045400,282.30,10.99,-0.13,242.52,1,-100.00,-6.00,10.00,2.00,24.00,20.00,13417219,440
161.98,1564980593,1696.31,51.43830861,7.48027345,282.65,12.37,1.38,242.73,1,-101.00,-5.00,7.00,2.00,23.00,20.00,13417219,440
162.98,1564980594,1708.68,51.43825317,7.48009855,282.67,12.56,0.19,241.99,1,-101.00,-5.00,7.00,2.00,23.00,20.00,13417219,440
163.98,1564980595,1721.23,51.43819108,7.47992192,283.13,12.51,-0.04,241.12,1,-101.00,-5.00,7.00,2.00,23.00,20.00,13417219,440
164.98,1564980596,1733.75,51.43813396,7.47974975,283.41,12.85,0.34,241.15,1,-101.00,-5.00,7.00,2.00,23.00,20.00,13417219,440
165.98,1564980597,1746.59,51.43807552,7.47958554,283.36,12.24,-0.61,241.90,1,-100.00,-6.00,7.00,2.00,25.00,20.00,13417219,440
166.98,1564980598,1758.84,51.43801462,7.47940866,283.37,12.13,-0.11,241.21,1,-100.00,-6.00,7.00,2.00,25.00,20.00,13417219,440
167.99,1564980599,1771.08,51.43796209,7.47925757,283.22,11.66,-0.47,241.25,1,-100.00,-5.00,7.00,2.00,25.00,20.00,13417219,440
168.99,1564980600,1782.68,51.43790289,7.47909096,283.96,12.28,0.63,240.90,1,-100.00,-5.00,7.00,2.00,25.00,20.00,13417219,440
169.98,1564980601,1794.92,51.43784820,7.47893551,284.43,11.12,-1.16,241.77,1,-100.00,-5.00,7.00,2.00,25.00,20.00,13417219,440
170.98,1564980602,1806.03,51.43780033,7.47878186,284.67,10.52,-0.60,242.53,1,-98.00,-6.00,-1.00,2.00,27.00,20.00,13417219,440
171.98,1564980603,1816.57,51.43775187,7.47863541,285.42,10.54,0.01,243.08,1,-98.00,-6.00,-1.00,2.00,27.00,20.00,13417219,440
172.98,1564980604,1827.09,51.43770631,7.47849901,285.30,10.74,0.20,242.69,1,-95.00,-6.00,12.00,2.00,30.00,20.00,13417219,440
173.98,1564980605,1837.84,51.43765780,7.47836091,284.62,10.92,0.18,241.87,1,-95.00,-6.00,12.00,2.00,30.00,20.00,13417219,440
174.98,1564980606,1848.76,51.43760089,7.47819920,284.20,11.47,0.55,241.32,1,-95.00,-5.00,2.00,2.00,30.00,20.00,13417219,440
175.98,1564980607,1860.23,51.43754156,7.47801985,283.89,11.39,-0.07,241.86,1,-95.00,-5.00,2.00,2.00,30.00,20.00,13417219,440
176.98,1564980608,1871.63,51.43749280,7.47787480,284.34,12.01,0.61,241.08,1,-98.00,-5.00,6.00,2.00,26.00,20.00,13417219,440
177.98,1564980609,1883.63,51.43744399,7.47772864,284.72,11.04,-0.97,241.67,1,-98.00,-5.00,6.00,2.00,26.00,20.00,13417219,440
178.98,1564980610,1894.67,51.43739424,7.47758065,285.80,10.79,-0.25,242.30,1,-98.00,-6.00,-1.00,2.00,26.00,20.00,13417219,440
179.98,1564980611,1905.46,51.43734401,7.47742019,286.27,11.47,0.68,242.78,1,-98.00,-6.00,-1.00,2.00,26.00,20.00,13417219,440
180.98,1564980612,1916.95,51.43729153,7.47726127,287.27,11.80,0.34,243.16,1,-92.00,-4.00,14.00,2.00,32.00,19.00,13523715,6
181.98,1564980613,1928.76,51.43724307,7.47709582,287.72,11.61,-0.20,244.97,1,-92.00,-4.00,14.00,2.00,32.00,19.00,13523715,6
182.99,1564980614,1940.38,51.43720112,7.47693765,287.97,11.63,0.02,246.71,1,-96.00,-5.00,7.00,2.00,29.00,19.00,13523715,6
183.98,1564980615,1952.00,51.43716233,7.47675917,288.10,11.53,-0.10,249.76,1,-96.00,-5.00,7.00,2.00,29.00,19.00,13523715,6
184.99,1564980616,1963.54,51.43716458,7.47658419,287.84,10.72,-0.81,273.36,1,-95.00,-4.00,7.00,2.00,29.00,19.00,13523715,6
185.99,1564980617,1974.26,51.43717792,7.47641338,287.28,9.94,-0.78,276.01,1,-95.00,-4.00,7.00,2.00,29.00,19.00,13523715,6
186.99,1564980618,1984.21,51.43722731,7.47627391,287.46,9.26,-0.68,300.65,1,-98.00,-5.00,2.00,2.00,26.00,19.00,13523715,6
187.99,1564980619,1993.47,51.43730474,7.47618584,287.98,9.61,0.35,329.36,1,-98.00,-5.00,2.00,2.00,26.00,19.00,13523715,6
188.99,1564980620,2003.17,51.43738675,7.47615510,288.03,9.14,-0.47,354.95,1,-100.00,-6.00,4.00,2.00,25.00,19.00,13523715,6
189.99,1564980621,2012.22,51.43746109,7.47618385,287.96,9.69,0.56,23.18,1,-100.00,-6.00,4.00,2.00,25.00,19.00,13523715,6
190.99,1564980622,2021.92,51.43754465,7.47625731,287.97,10.05,0.36,38.34,1,-100.00,-6.00,4.00,2.00,25.00,19.00,13523715,6
191.98,1564980623,2031.96,51.43760427,7.47636778,287.62,11.42,1.36,53.77,1,-100.00,-7.00,5.00,2.00,26.00,19.00,13523715,6
192.98,1564980624,2043.37,51.43767682,7.47651547,287.22,11.92,0.51,54.51,1,-100.00,-7.00,5.00,2.00,26.00,19.00,13523715,6
193.98,1564980625,2055.29,51.43775603,7.47667431,287.00,13.83,1.91,54.12,1,-100.00,-7.00,1.00,2.00,26.00,19.00,13523715,6
194.98,1564980626,2069.13,51.43783726,7.47684408,287.01,15.32,1.49,53.42,1,-100.00,-7.00,1.00,2.00,26.00,19.00,13523715,6
195.98,1564980627,2084.44,51.43792579,7.47702833,286.88,16.10,0.78,53.99,1,-100.00,-6.00,10.00,2.00,26.00,19.00,13523715,6
196.98,1564980628,2100.54,51.43802718,7.47723042,287.05,16.89,0.79,54.71,1,-100.00,-6.00,10.00,2.00,26.00,19.00,13523715,6
197.98,1564980629,2117.40,51.43812410,7.47744400,287.59,17.38,0.49,55.43,1,-100.00,-5.00,4.00,2.00,25.00,19.00,13523715,6
198.98,1564980630,2134.80,51.43822726,7.47766919,288.02,18.16,0.78,56.25,1,-100.00,-5.00,4.00,2.00,25.00,19.00,13523715,6
199.98,1564980631,2152.95,51.43831965,7.47789748,288.07,19.63,1.47,56.94,1,-102.00,-5.00,-3.00,2.00,23.00,19.00,13523715,6
200.98,1564980632,2172.59,51.43842069,7.47813341,288.06,20.60,0.97,56.15,1,-102.00,-5.00,-3.00,2.00,23.00,19.00,13523715,6
201.98,1564980633,2193.16,51.43852616,7.47838826,288.45,21.63,1.03,56.73,1,-104.00,-7.00,5.00,2.00,31.00,22.00,13417219,440
202.98,1564980634,2214.79,51.43863499,7.47865510,288.19,21.73,0.10,57.21,1,-104.00,-7.00,5.00,2.00,31.00,22.00,13417219,440
203.98,1564980635,2236.59,51.43874308,7.47893169,287.77,21.69,-0.04,58.06,1,-104.00,-6.00,8.00,2.00,22.00,22.00,13417219,440
204.98,1564980636,2258.26,51.43885474,7.47921510,287.07,22.37,0.68,57.54,1,-104.00,-6.00,8.00,2.00,22.00,22.00,13417219,440
205.98,1564980637,2280.66,51.43896530,7.47949720,286.26,22.27,-0.10,57.64,1,-104.00,-7.00,10.00,2.00,23.00,22.00,13417219,440
206.98,1564980638,2302.91,51.43907377,7.47977561,285.49,22.53,0.26,58.18,1,-104.00,-7.00,10.00,2.00,23.00,22.00,13417219,440
207.98,1564980639,2325.43,51.43918905,7.48006302,284.78,23.08,0.56,57.04,1,-105.00,-9.00,5.00,2.00,23.00,22.00,13417219,440
208.98,1564980640,2348.52,51.43930410,7.48034874,283.51,23.37,0.28,56.53,1,-105.00,-9.00,5.00,2.00,23.00,22.00,13417219,440
209.99,1564980641,2372.05,51.43942198,7.48062593,282.60,23.48,0.12,54.74,1,-107.00,-8.00,5.00,2.00,21.00,22.00,13417219,440
210.98,1564980642,2395.34,51.43954754,7.48089220,281.45,23.52,0.04,53.38,1,-107.00,-8.00,5.00,2.00,21.00,22.00,13417219,440
211.98,1564980643,2418.84,51.43969065,7.48117552,280.69,24.02,0.50,51.77,1,-107.00,-8.00,5.00,2.00,21.00,22.00,13417219,440
212.98,1564980644,2442.86,51.43983387,7.48144712,280.37,23.90,-0.11,50.46,1,-108.00,-8.00,1.00,2.00,19.00,22.00,13417219,440
213.98,1564980645,2466.77,51.43997491,7.48171242,280.11,24.03,0.13,50.40,1,-108.00,-8.00,1.00,2.00,19.00,22.00,13417219,440
214.98,1564980646,2490.80,51.44011624,7.48194908,279.85,24.19,0.16,47.51,1,-109.00,-9.00,-4.00,2.00,20.00,22.00,13417219,440
215.98,1564980647,2515.02,51.44027600,7.48218985,279.44,24.09,-0.10,44.00,1,-109.00,-9.00,-4.00,2.00,20.00,22.00,13417219,440
216.98,1564980648,2539.11,51.44044213,7.48243324,279.20,24.41,0.32,42.64,1,-111.00,-9.00,-6.00,2.00,18.00,22.00,13417219,440
217.98,1564980649,2563.52,51.44060484,7.48266309,279.13,24.39,-0.02,42.12,1,-111.00,-9.00,-6.00,2.00,18.00,22.00,13417219,440
218.99,1564980650,2588.05,51.44077438,7.48287935,279.36,24.81,0.42,39.34,1,-113.00,-12.00,-9.00,2.00,19.00,22.00,13417219,440
219.99,1564980651,2612.86,51.44095074,7.48310570,279.44,24.91,0.11,38.35,1,-113.00,-12.00,-9.00,2.00,19.00,22.00,13417219,440
220.98,1564980652,2637.60,51.44113367,7.48332964,279.44,24.91,-0.00,37.46,1,-114.00,-14.00,-2.00,2.00,21.00,22.00,13415426,265
221.98,1564980653,2662.52,51.44131037,7.48353221,279.44,24.86,-0.06,35.42,1,-114.00,-14.00,-2.00,2.00,21.00,22.00,13415426,265
222.98,1564980654,2687.45,51.44150561,7.48374375,279.26,25.28,0.42,33.20,1,-109.00,-11.00,-7.00,2.00,22.00,22.00,13415426,265
223.98,1564980655,2712.73,51.44169909,7.48394329,278.91,24.93,-0.35,31.49,1,-109.00,-11.00,-7.00,2.00,22.00,22.00,13415426,265
224.98,1564980656,2737.66,51.44189080,7.48412761,278.57,24.78,-0.15,29.52,1,-109.00,-11.00,4.00,2.00,22.00,22.00,13415426,265
225.98,1564980657,2762.44,51.44209007,7.48430178,278.13,24.89,0.11,27.87,1,-109.00,-11.00,4.00,2.00,22.00,22.00,13415426,265
226.98,1564980658,2787.33,51.44228913,7.48447011,277.59,25.22,0.33,26.86,1,-109.00,-11.00,-9.00,2.00,22.00,22.00,13415426,265
227.98,1564980659,2812.55,51.44249076,7.48462957,276.99,25.27,0.05,25.47,1,-109.00,-11.00,-9.00,2.00,22.00,22.00,13415426,265
228.99,1564980660,2837.95,51.44268741,7.48478195,276.46,25.08,-0.20,24.79,1,-113.00,-14.00,-8.00,2.00,21.00,22.00,13415426,265
229.99,1564980661,2863.00,51.44288736,7.48492632,275.94,25.05,-0.03,23.98,1,-113.00,-14.00,-8.00,2.00,21.00,22.00,13415426,265
231.00,1564980662,2888.35,51.44309127,7.48507403,275.35,25.14,0.09,23.42,1,-115.00,-16.00,-15.00,2.00,21.00,22.00,13415426,265
231.99,1564980663,2913.19,51.44329343,7.48521812,274.76,25.00,-0.15,23.22,1,-115.00,-16.00,-15.00,2.00,21.00,22.00,13415426,265
232.99,1564980664,2938.19,51.44348831,7.48535972,274.06,24.32,-0.68,23.01,1,-115.00,-16.00,-15.00,2.00,21.00,22.00,13415426,265
233.99,1564980665,2962.56,51.44367325,7.48548813,273.20,22.47,-1.85,22.62,1,-116.00,-17.00,-13.00,2.00,20.00,22.00,13415426,265
234.99,1564980666,2985.03,51.44384940,7.48560597,272.37,20.94,-1.53,22.09,1,-116.00,-17.00,-13.00,2.00,20.00,22.00,13415426,265
235.98,1564980667,3005.82,51.44401296,7.48570936,271.63,19.27,-1.68,21.22,1,-117.00,-19.00,-13.00,1.00,23.00,21.00,13415426,265
236.98,1564980668,3025.11,51.44416865,7.48580715,270.96,17.82,-1.45,22.05,1,-117.00,-19.00,-13.00,1.00,23.00,21.00,13415426,265
237.98,1564980669,3042.90,51.44429773,7.48589764,270.81,15.21,-2.62,24.34,1,-117.00,-17.00,-13.00,2.00,20.00,21.00,13415426,265
238.98,1564980670,3058.12,51.44443820,7.48601337,270.14,15.69,0.48,27.06,1,-117.00,-17.00,-13.00,2.00,20.00,21.00,13415426,265
239.98,1564980671,3073.83,51.44454883,7.48615740,269.37,14.73,-0.96,39.69,1,-113.00,-13.00,-6.00,4.00,18.00,15.00,13415170,315
240.98,1564980672,3088.54,51.44464477,7.48629901,268.84,13.81,-0.92,43.58,1,-113.00,-13.00,-6.00,4.00,18.00,15.00,13415170,315
241.98,1564980673,3102.36,51.44468942,7.48645889,268.51,13.29,-0.52,65.36,1,-120.00,-17.00,-10.00,2.00,17.00,15.00,13415170,315
242.98,1564980674,3115.65,51.44470525,7.48664556,268.22,13.38,0.09,83.05,1,-120.00,-17.00,-10.00,2.00,17.00,15.00,13415170,315
243.98,1564980675,3129.02,51.44472311,7.48687296,268.17,14.06,0.67,85.69,1,-118.00,-17.00,-11.00,2.00,15.00,25.00,13417219,440
244.98,1564980676,3143.09,51.44469289,7.48707735,268.35,13.63,-0.42,108.11,1,-118.00,-17.00,-11.00,2.00,15.00,25.00,13417219,440
245.99,1564980677,3156.84,51.44461627,7.48725331,268.47,14.15,0.52,127.86,1,-117.00,-14.00,-7.00,5.00,17.00,25.00,13417219,440
246.98,1564980678,3170.85,51.44451282,7.48738268,268.55,13.78,-0.37,143.65,1,-117.00,-14.00,-7.00,5.00,17.00,25.00,13417219,440
247.98,1564980679,3184.65,51.44440033,7.48748364,268.82,13.96,0.18,156.63,1,-117.00,-19.00,-12.00,1.00,20.00,25.00,13417219,440
248.98,1564980680,3198.63,51.44428812,7.48752393,269.13,14.31,0.35,171.38,1,-117.00,-19.00,-12.00,1.00,20.00,25.00,13417219,440
249.98,1564980681,3212.90,51.44416581,7.48751332,269.31,13.83,-0.49,185.74,1,-116.00,-14.00,-6.00,5.00,18.00,24.00,13417219,440
250.98,1564980682,3226.73,51.44404239,7.48745640,269.47,13.85,0.02,200.80,1,-116.00,-14.00,-6.00,5.00,18.00,24.00,13417219,440
251.99,1564980683,3240.73,51.44393559,7.48734545,269.56,14.41,0.55,216.12,1,-120.00,-17.00,-11.00,1.00,19.00,24.00,13417219,440
252.98,1564980684,3255.00,51.44385693,7.48719077,269.28,14.91,0.51,233.99,1,-120.00,-17.00,-11.00,1.00,19.00,24.00,13417219,440
253.98,1564980685,3269.91,51.44380184,7.48700383,269.26,14.97,0.07,247.82,1,-120.00,-17.00,-11.00,1.00,19.00,24.00,13417219,440
254.98,1564980686,3284.87,51.44377329,7.48678888,269.04,15.03,0.06,265.38,1,-120.00,-17.00,-10.00,2.00,15.00,24.00,13417219,440
255.98,1564980687,3299.90,51.44375844,7.48655423,268.32,15.74,0.71,266.72,1,-120.00,-17.00,-10.00,2.00,15.00,24.00,13417219,440
256.99,1564980688,3315.69,51.44375127,7.48632628,267.52,16.57,0.83,267.65,1,-121.00,-18.00,-11.00,1.00,16.00,24.00,13417219,440
257.99,1564980689,3332.28,51.44374741,7.48607315,266.71,18.02,1.45,268.04,1,-121.00,-18.00,-11.00,1.00,16.00,24.00,13417219,440
258.98,1564980690,3350.21,51.44374302,7.48580096,266.08,18.99,0.97,268.16,1,-120.00,-19.00,-4.00,2.00,18.00,104.00,13178371,9
259.98,1564980691,3369.20,51.44373876,7.48550316,265.23,19.79,0.80,268.22,1,-120.00,-19.00,-4.00,2.00,18.00,104.00,13178371,9
260.98,1564980692,3388.99,51.44373149,7.48523533,263.47,19.83,0.04,268.44,1,-119.00,-14.00,-15.00,4.00,11.00,104.00,13178371,9
261.98,1564980693,3408.81,51.44372306,7.48493451,262.59,21.56,1.73,269.01,1,-119.00,-14.00,-15.00,4.00,11.00,104.00,13178371,9
262.98,1564980694,3430.38,51.44371839,7.48462867,262.66,22.64,1.08,269.17,1,-117.00,-16.00,-5.00,3.00,18.00,21.00,13415426,265
263.98,1564980695,3453.04,51.44371714,7.48427863,262.41,23.50,0.85,268.69,1,-117.00,-16.00,-5.00,3.00,18.00,21.00,13415426,265
264.98,1564980696,3476.59,51.44371643,7.48392890,262.30,24.23,0.73,268.33,1,-113.00,-22.00,-13.00,1.00,28.00,21.00,13415426,265
265.99,1564980697,3500.84,51.44371069,7.48356993,262.26,24.92,0.69,267.87,1,-113.00,-22.00,-13.00,1.00,28.00,21.00,13415426,265
266.99,1564980698,3525.76,51.44370410,7.48320572,262.27,25.57,0.65,267.60,1,-115.00,-16.00,-11.00,3.00,19.00,21.00,13415426,265
267.99,1564980699,3551.33,51.44369784,7.48283683,262.24,26.23,0.66,267.31,1,-115.00,-16.00,-11.00,3.00,19.00,21.00,13415426,265
268.99,1564980700,3577.59,51.44368666,7.48245890,262.50,26.86,0.63,267.20,1,-112.00,-14.00,-7.00,5.00,21.00,21.00,13415426,265
269.99,1564980701,3604.45,51.44367592,7.48207296,262.67,27.44,0.57,266.93,1,-112.00,-14.00,-7.00,5.00,21.00,21.00,13415426,265
270.99,1564980702,3631.91,51.44365984,7.48167501,262.61,28.07,0.63,266.55,1,-114.00,-15.00,-6.00,4.00,21.00,21.00,13415426,265
271.99,1564980703,3659.98,51.44364362,7.48126976,262.45,28.56,0.50,266.21,1,-114.00,-15.00,-6.00,4.00,21.00,21.00,13415426,265
273.00,1564980704,3688.83,51.44362283,7.48085017,262.44,29.32,0.75,265.46,1,-117.00,-16.00,-7.00,3.00,19.00,21.00,13415426,265
273.99,1564980705,3717.85,51.44360179,7.48042251,262.31,29.74,0.43,264.54,1,-117.00,-16.00,-7.00,3.00,19.00,21.00,13415426,265
274.99,1564980706,3747.62,51.44357248,7.47999495,262.11,30.31,0.57,263.33,1,-117.00,-16.00,-7.00,3.00,19.00,21.00,13415426,265
275.99,1564980707,3777.93,51.44354175,7.47955670,261.77,30.10,-0.21,262.94,1,-113.00,-14.00,-5.00,4.00,21.00,21.00,13415426,265
276.99,1564980708,3808.00,51.44351117,7.47913445,261.37,29.65,-0.45,262.70,1,-113.00,-14.00,-5.00,4.00,21.00,21.00,13415426,265
277.98,1564980709,3837.53,51.44347958,7.47870819,260.80,29.65,0.00,262.48,1,-109.00,-15.00,-4.00,4.00,24.00,21.00,13415426,265
278.98,1564980710,3867.18,51.44344660,7.47828322,260.17,29.84,0.19,262.78,1,-109.00,-15.00,-4.00,4.00,24.00,21.00,13415426,265
279.98,1564980711,3897.02,51.44341279,7.47785690,259.55,29.82,-0.02,262.60,1,-107.00,-13.00,-2.00,7.00,25.00,21.00,13415426,265
280.98,1564980712,3926.88,51.44337544,7.47743425,258.92,29.74,-0.08,262.32,1,-107.00,-13.00,-2.00,7.00,25.00,21.00,13415426,265
281.98,1564980713,3956.56,51.44333863,7.47701516,258.43,29.80,0.06,262.53,1,-110.00,-12.00,0.00,6.00,22.00,21.00,13415426,265
282.98,1564980714,3986.35,51.44330107,7.47659174,258.03,29.97,0.18,262.18,1,-110.00,-12.00,0.00,6.00,22.00,21.00,13415426,265
283.98,1564980715,4016.36,51.44326270,7.47616307,257.58,30.04,0.07,261.55,1,-110.00,-10.00,-5.00,5.00,19.00,21.00,13415426,265
284.98,1564980716,4046.37,51.44321918,7.47574071,257.15,29.76,-0.28,261.07,1,-110.00,-10.00,-5.00,5.00,19.00,21.00,13415426,265
285.98,1564980717,4076.10,51.44317544,7.47532624,256.70,29.51,-0.26,260.17,1,-105.00,-9.00,-4.00,6.00,21.00,21.00,13415426,265
286.98,1564980718,4105.61,51.44312990,7.47491085,256.27,29.64,0.13,260.09,1,-105.00,-9.00,-4.00,6.00,21.00,21.00,13415426,265
287.98,1564980719,4135.25,51.44307741,7.47449326,255.64,29.89,0.26,259.58,1,-111.00,-9.00,3.00,5.00,19.00,21.00,13415426,265
288.98,1564980720,4165.17,51.44302355,7.47406795,254.71,30.26,0.36,259.46,1,-111.00,-9.00,3.00,5.00,19.00,21.00,13415426,265
289.98,1564980721,4195.40,51.44296918,7.47364032,253.61,30.40,0.15,259.10,1,-106.00,-8.00,-4.00,8.00,22.00,21.00,13415426,265
290.98,1564980722,4225.80,51.44291572,7.47320846,252.61,30.47,0.07,259.43,1,-106.00,-8.00,-4.00,8.00,22.00,21.00,13415426,265
291.98,1564980723,4256.27,51.44286216,7.47277384,251.54,30.67,0.20,259.37,1,-110.00,-9.00,1.00,5.00,20.00,21.00,13415426,265
292.98,1564980724,4286.94,51.44280894,7.47233934,250.42,30.74,0.07,259.54,1,-110.00,-9.00,1.00,5.00,20.00,21.00,13415426,265
293.99,1564980725,4317.93,51.44275584,7.47190456,249.34,30.72,-0.02,259.49,1,-108.00,-7.00,4.00,6.00,18.00,21.00,13415426,265
294.98,1564980726,4348.41,51.44270325,7.47147491,248.26,30.47,-0.26,259.06,1,-108.00,-7.00,4.00,6.00,18.00,21.00,13415426,265
295.98,1564980727,4378.88,51.44265041,7.47104760,247.21,30.40,-0.06,259.00,1,-108.00,-7.00,4.00,6.00,18.00,21.00,13415426,265
296.98,1564980728,4409.37,51.44259509,7.47062631,246.31,30.43,0.03,259.08,1,-107.00,-5.00,9.00,2.00,18.00,21.00,13415426,265
297.98,1564980729,4439.81,51.44253901,7.47019700,245.49,30.58,0.15,258.79,1,-107.00,-5.00,9.00,2.00,18.00,21.00,13415426,265
298.98,1564980730,4470.39,51.44248053,7.46976487,244.66,30.34,-0.25,258.29,1,-109.00,-6.00,1.00,2.00,17.00,21.00,13415426,265
299.98,1564980731,4500.73,51.44242029,7.46932552,244.25,30.51,0.18,257.96,1,-109.00,-6.00,1.00,2.00,17.00,21.00,13415426,265
300.98,1564980732,4531.24,51.44236277,7.46888697,243.61,30.63,0.12,258.16,1,-108.00,-6.00,4.00,2.00,18.00,21.00,13415426,265
301.98,1564980733,4561.87,51.44230764,7.46845837,242.91,30.75,0.12,258.19,1,-108.00,-6.00,4.00,2.00,18.00,21.00,13415426,265
302.98,1564980734,4592.62,51.44225268,7.46802553,242.08,30.63,-0.12,258.75,1,-107.00,-6.00,-2.00,2.00,19.00,21.00,13415426,265
303.98,1564980735,4623.25,51.44219774,7.46759299,241.12,30.61,-0.02,259.09,1,-107.00,-6.00,-2.00,2.00,19.00,21.00,13415426,265
304.98,1564980736,4653.84,51.44214341,7.46716619,240.28,30.51,-0.10,259.24,1,-112.00,-8.00,-3.00,2.00,16.00,21.00,13415426,265
305.98,1564980737,4684.34,51.44209342,7.46673420,239.48,30.22,-0.29,259.40,1,-112.00,-8.00,-3.00,2.00,16.00,21.00,13415426,265
306.98,1564980738,4714.60,51.44204678,7.46630576,238.54,29.79,-0.43,260.07,1,-114.00,-10.00,-2.00,2.00,16.00,21.00,13415426,265
307.98,1564980739,4744.39,51.44200126,7.46588272,237.56,29.80,0.00,260.24,1,-114.00,-10.00,-2.00,2.00,16.00,21.00,13415426,265
308.99,1564980740,4774.22,51.44196022,7.46545980,236.73,29.90,0.10,260.54,1,-116.00,-12.00,-3.00,2.00,15.00,21.00,13415426,265
309.99,1564980741,4804.14,51.44191943,7.46503393,235.82,30.03,0.13,261.40,1,-116.00,-12.00,-3.00,2.00,15.00,21.00,13415426,265
310.99,1564980742,4834.20,51.44187856,7.46459568,234.99,30.04,0.01,261.51,1,-117.00,-13.00,-7.00,2.00,15.00,21.00,13415426,265
311.99,1564980743,4864.21,51.44184417,7.46416148,234.37,30.13,0.09,262.16,1,-117.00,-13.00,-7.00,2.00,15.00,21.00,13415426,265
312.98,1564980744,4894.19,51.44181150,7.46372672,233.54,30.24,0.11,262.89,1,-114.00,-9.00,1.00,2.00,15.00,21.00,13415427,264
313.98,1564980745,4924.47,51.44178158,7.46329620,233.15,30.30,0.05,263.43,1,-114.00,-9.00,1.00,2.00,15.00,21.00,13415427,264
314.98,1564980746,4954.73,51.44175122,7.46287084,233.02,29.99,-0.31,263.87,1,-113.00,-8.00,4.00,2.00,15.00,21.00,13415427,264
315.98,1564980747,4984.75,51.44172073,7.46243899,233.06,29.94,-0.05,264.30,1,-113.00,-8.00,4.00,2.00,15.00,21.00,13415427,264
316.99,1564980748,5014.97,51.44169912,7.46201223,232.92,29.90,-0.04,265.15,1,-109.00,-7.00,6.00,2.00,17.00,21.00,13415427,264
317.98,1564980749,5044.57,51.44167719,7.46157635,232.69,29.96,0.06,265.45,1,-109.00,-7.00,6.00,2.00,17.00,21.00,13415427,264
318.98,1564980750,5074.53,51.44165505,7.46114587,232.54,30.00,0.04,265.82,1,-109.00,-7.00,6.00,2.00,17.00,21.00,13415427,264
319.98,1564980751,5104.53,51.44163885,7.46071656,232.41,29.78,-0.22,266.39,1,-106.00,-6.00,9.00,2.00,19.00,21.00,13415427,264
320.98,1564980752,5134.35,51.44162429,7.46029090,232.18,29.36,-0.42,267.01,1,-106.00,-6.00,9.00,2.00,19.00,21.00,13415427,264
321.98,1564980753,5163.65,51.44160930,7.45987408,231.90,29.35,-0.02,267.36,1,-105.00,-6.00,7.00,2.00,19.00,21.00,13415427,264
322.98,1564980754,5193.00,51.44160151,7.45945227,231.53,29.35,0.00,267.86,1,-105.00,-6.00,7.00,2.00,19.00,21.00,13415427,264
323.98,1564980755,5222.37,51.44159388,7.45903387,231.13,29.37,0.03,267.67,1,-104.00,-5.00,12.00,2.00,20.00,21.00,13415427,264
324.98,1564980756,5251.75,51.44158497,7.45861264,230.60,29.14,-0.23,267.81,1,-104.00,-5.00,12.00,2.00,20.00,21.00,13415427,264
325.98,1564980757,5280.89,51.44157700,7.45819921,230.04,29.29,0.14,268.03,1,-102.00,-5.00,10.00,2.00,22.00,21.00,13415427,264
326.98,1564980758,5310.18,51.44156758,7.45778067,229.81,29.62,0.34,268.33,1,-102.00,-5.00,10.00,2.00,22.00,21.00,13415427,264
327.98,1564980759,5339.80,51.44155801,7.45734528,229.59,30.17,0.55,268.72,1,-102.00,-5.00,5.00,2.00,22.00,21.00,13415427,264
328.98,1564980760,5369.98,51.44155546,7.45690464,229.43,30.83,0.65,269.42,1,-102.00,-5.00,5.00,2.00,22.00,21.00,13415427,264
329.98,1564980761,5400.81,51.44155288,7.45645570,229.26,31.52,0.69,269.61,1,-106.00,-5.00,10.00,2.00,19.00,21.00,13415427,264
330.98,1564980762,5432.33,51.44154961,7.45600557,229.12,32.14,0.61,270.41,1,-106.00,-5.00,10.00,2.00,19.00,21.00,13415427,264
331.98,1564980763,5464.47,51.44155635,7.45554314,228.95,32.67,0.53,271.32,1,-106.00,-5.00,10.00,2.00,18.00,21.00,13415427,264
332.98,1564980764,5497.14,51.44156416,7.45507054,228.70,33.30,0.64,272.12,1,-106.00,-5.00,10.00,2.00,18.00,21.00,13415427,264
333.98,1564980765,5530.44,51.44157310,7.45458106,228.48,33.93,0.63,272.32,1,-104.00,-5.00,10.00,2.00,20.00,21.00,13415427,264
334.98,1564980766,5564.37,51.44159146,7.45409439,228.27,34.35,0.41,273.12,1,-104.00,-5.00,10.00,2.00,20.00,21.00,13415427,264
335.98,1564980767,5598.72,51.44161547,7.45360261,228.03,33.90,-0.44,274.37,1,-103.00,-4.00,1.00,2.00,21.00,21.00,13415427,264
336.98,1564980768,5632.52,51.44163888,7.45311755,227.88,33.40,-0.50,274.67,1,-103.00,-4.00,1.00,2.00,21.00,21.00,13415427,264
337.99,1564980769,5666.36,51.44166226,7.45263968,227.74,33.42,0.01,275.26,1,-109.00,-8.00,3.00,6.00,17.00,16.00,13415427,264
338.98,1564980770,5699.54,51.44169322,7.45215489,227.78,33.53,0.12,275.53,1,-109.00,-8.00,3.00,6.00,17.00,16.00,13415427,264
339.98,1564980771,5733.04,51.44172412,7.45167861,227.89,33.61,0.08,276.35,1,-109.00,-8.00,3.00,6.00,17.00,16.00,13415427,264
340.98,1564980772,5766.59,51.44176194,7.45120004,228.08,33.84,0.23,276.98,1,-112.00,-9.00,5.00,7.00,16.00,16.00,13415427,264
341.98,1564980773,5800.50,51.44180251,7.45071619,228.14,34.09,0.24,277.44,1,-112.00,-9.00,5.00,7.00,16.00,16.00,13415427,264
342.98,1564980774,5834.51,51.44184292,7.45022740,228.15,34.31,0.22,277.89,1,-107.00,-7.00,11.00,11.00,19.00,16.00,13415427,264
343.98,1564980775,5868.82,51.44188266,7.44973220,228.36,34.59,0.28,277.89,1,-107.00,-7.00,11.00,11.00,19.00,16.00,13415427,264
344.98,1564980776,5903.41,51.44193055,7.44923889,228.30,34.91,0.32,278.46,1,-103.00,-5.00,6.00,10.00,20.00,16.00,13415427,264
345.98,1564980777,5938.32,51.44197885,7.44874740,228.23,34.83,-0.08,278.84,1,-103.00,-5.00,6.00,10.00,20.00,16.00,13415427,264
346.98,1564980778,5973.16,51.44203423,7.44826123,227.89,34.26,-0.57,279.82,1,-106.00,-5.00,14.00,11.00,19.00,16.00,13415427,264
347.98,1564980779,6007.42,51.44208886,7.44777783,227.53,34.31,0.05,280.30,1,-106.00,-5.00,14.00,11.00,19.00,16.00,13415427,264
348.98,1564980780,6041.80,51.44214918,7.44729116,227.30,34.44,0.13,281.17,1,-104.00,-5.00,8.00,2.00,29.00,16.00,13415427,264
349.98,1564980781,6076.17,51.44220920,7.44679879,227.30,34.17,-0.27,281.61,1,-104.00,-5.00,8.00,2.00,29.00,16.00,13415427,264
350.98,1564980782,6110.35,51.44227594,7.44631676,227.17,34.69,0.52,282.43,1,-101.00,-6.00,1.00,2.00,24.00,16.00,13415427,264
351.98,1564980783,6145.04,51.44234284,7.44581689,227.12,35.03,0.34,282.99,1,-101.00,-6.00,1.00,2.00,24.00,16.00,13415427,264
352.98,1564980784,6180.14,51.44241094,7.44532414,226.96,35.84,0.80,282.10,1,-108.00,-5.00,-7.00,2.00,17.00,16.00,13415427,264
353.98,1564980785,6215.98,51.44248007,7.44482206,226.69,35.73,-0.11,283.30,1,-108.00,-5.00,-7.00,2.00,17.00,16.00,13415427,264
354.98,1564980786,6251.68,51.44254901,7.44432116,226.25,36.02,0.29,283.40,1,-110.00,-7.00,-8.00,2.00,16.00,16.00,13415427,264
355.98,1564980787,6287.69,51.44263002,7.44380934,225.82,36.37,0.36,283.96,1,-110.00,-7.00,-8.00,2.00,16.00,16.00,13415427,264
356.98,1564980788,6324.10,51.44271671,7.44329836,225.36,36.83,0.45,285.20,1,-113.00,-10.00,-1.00,5.00,16.00,23.00,13415427,264
357.98,1564980789,6360.89,51.44280619,7.44278638,224.67,37.17,0.34,285.36,1,-113.00,-10.00,-1.00,5.00,16.00,23.00,13415427,264
358.99,1564980790,6398.43,51.44289476,7.44227487,223.82,37.85,0.68,285.50,1,-112.00,-10.00,-8.00,5.00,18.00,23.00,13415427,264
359.98,1564980791,6435.94,51.44299255,7.44175173,223.07,38.17,0.32,286.27,1,-112.00,-10.00,-8.00,5.00,18.00,23.00,13415427,264
360.98,1564980792,6474.15,51.44308797,7.44122964,222.27,37.94,-0.22,286.98,1,-112.00,-10.00,-8.00,5.00,18.00,23.00,13415427,264
361.98,1564980793,6512.05,51.44318843,7.44071129,221.92,37.45,-0.50,287.48,1,-116.00,-14.00,-7.00,3.00,17.00,23.00,13415427,264
362.98,1564980794,6549.50,51.44329329,7.44019321,221.79,37.55,0.10,288.02,1,-116.00,-14.00,-7.00,3.00,17.00,23.00,13415427,264
363.99,1564980795,6587.13,51.44339928,7.43968282,221.01,37.64,0.08,288.42,1,-116.00,-16.00,-8.00,1.00,19.00,23.00,13415427,264
364.99,1564980796,6624.77,51.44351119,7.43916490,220.22,37.73,0.09,288.66,1,-116.00,-16.00,-8.00,1.00,19.00,23.00,13415427,264
366.00,1564980797,6662.91,51.44362322,7.43864702,219.45,37.84,0.11,289.44,1,-113.00,-14.00,-7.00,4.00,19.00,23.00,13415427,264
366.99,1564980798,6700.41,51.44374167,7.43813951,218.63,38.06,0.22,290.04,1,-113.00,-14.00,-7.00,4.00,19.00,23.00,13415427,264
367.99,1564980799,6738.50,51.44386172,7.43762777,217.76,38.20,0.15,290.66,1,-113.00,-13.00,-6.00,4.00,19.00,23.00,13415427,264
368.99,1564980800,6776.75,51.44399005,7.43711207,216.78,38.45,0.24,291.14,1,-113.00,-13.00,-6.00,4.00,19.00,23.00,13415427,264
369.98,1564980801,6814.92,51.44411756,7.43659744,215.87,38.57,0.12,291.58,1,-111.00,-12.00,-1.00,6.00,19.00,23.00,13415427,264
370.98,1564980802,6853.53,51.44424045,7.43609585,214.97,38.36,-0.21,291.95,1,-111.00,-12.00,-1.00,6.00,19.00,23.00,13415427,264
372.00,1564980803,6892.61,51.44437991,7.43558708,213.81,38.18,-0.18,293.45,1,-110.00,-11.00,1.00,5.00,19.00,23.00,13415427,264
372.99,1564980804,6930.14,51.44451196,7.43511804,211.75,37.80,-0.38,293.67,1,-110.00,-11.00,1.00,5.00,19.00,23.00,13415427,264
373.98,1564980805,6967.91,51.44465127,7.43462335,209.74,37.65,-0.15,293.62,1,-102.00,-11.00,-2.00,6.00,27.00,67.00,13081345,210
374.98,1564980806,7005.56,51.44479948,7.43413056,207.83,37.43,-0.22,295.85,1,-102.00,-11.00,-2.00,6.00,27.00,67.00,13081345,210
375.98,1564980807,7042.96,51.44495289,7.43365277,205.95,37.23,-0.20,297.48,1,-106.00,-11.00,6.00,9.00,25.00,67.00,13081345,210
376.98,1564980808,7080.15,51.44510310,7.43318143,204.52,36.93,-0.30,297.70,1,-106.00,-11.00,6.00,9.00,25.00,67.00,13081345,210
377.98,1564980809,7117.05,51.44526895,7.43272369,203.14,36.70,-0.23,299.49,1,-110.00,-14.00,3.00,5.00,22.00,67.00,13081345,210
378.98,1564980810,7153.82,51.44544209,7.43226809,202.06,36.66,-0.04,301.14,1,-110.00,-14.00,3.00,5.00,22.00,67.00,13081345,210
379.99,1564980811,7190.88,51.44562470,7.43181611,201.21,37.04,0.38,302.92,1,-110.00,-8.00,2.00,6.00,15.00,32.00,13395457,111
380.98,1564980812,7227.51,51.44581809,7.43136785,200.84,36.83,-0.21,304.56,1,-110.00,-8.00,2.00,6.00,15.00,32.00,13395457,111
381.98,1564980813,7264.35,51.44601478,7.43093297,200.69,36.64,-0.20,305.65,1,-110.00,-8.00,2.00,6.00,15.00,32.00,13395457,111
382.98,1564980814,7300.95,51.44620808,7.43051869,200.59,36.34,-0.30,307.18,1,-108.00,-8.00,10.00,10.00,20.00,32.00,13395457,111
383.98,1564980815,7337.28,51.44641029,7.43011393,200.24,35.85,-0.49,308.59,1,-108.00,-8.00,10.00,10.00,20.00,32.00,13395457,111
384.98,1564980816,7373.09,51.44661445,7.42972656,199.71,35.60,-0.25,310.62,1,-96.00,-4.00,20.00,15.00,28.00,32.00,13395457,111
385.98,1564980817,7408.69,51.44682604,7.42934313,199.09,35.30,-0.30,311.89,1,-96.00,-4.00,20.00,15.00,28.00,32.00,13395457,111
386.98,1564980818,7444.00,51.44704086,7.42897810,198.60,35.34,0.04,313.68,1,-94.00,-6.00,4.00,10.00,33.00,32.00,13395457,111
387.98,1564980819,7479.33,51.44726638,7.42861929,197.92,35.70,0.36,315.58,1,-94.00,-6.00,4.00,10.00,33.00,32.00,13395457,111
388.98,1564980820,7515.03,51.44749117,7.42826569,197.06,35.92,0.23,316.40,1,-91.00,-4.00,17.00,15.00,32.00,32.00,13395457,111
389.98,1564980821,7550.92,51.44772911,7.42792087,196.05,36.42,0.50,317.84,1,-91.00,-4.00,17.00,15.00,32.00,32.00,13395457,111
390.98,1564980822,7587.41,51.44797750,7.42757987,194.88,37.02,0.60,319.41,1,-98.00,-4.00,13.00,12.00,27.00,32.00,13395457,111
391.98,1564980823,7624.44,51.44824053,7.42724415,193.53,37.57,0.55,321.45,1,-98.00,-4.00,13.00,12.00,27.00,32.00,13395457,111
392.98,1564980824,7662.05,51.44851124,7.42691542,192.04,38.34,0.76,322.80,1,-104.00,-3.00,14.00,2.00,15.00,32.00,13395469,221
393.98,1564980825,7700.39,51.44879273,7.42659546,190.50,38.86,0.53,324.67,1,-104.00,-3.00,14.00,2.00,15.00,32.00,13395469,221
394.98,1564980826,7739.17,51.44908198,7.42628276,189.43,39.04,0.18,326.04,1,-106.00,-3.00,9.00,2.00,15.00,32.00,13395469,221
395.98,1564980827,7778.26,51.44937677,7.42598194,188.42,39.12,0.08,327.64,1,-106.00,-3.00,9.00,2.00,15.00,32.00,13395469,221
396.98,1564980828,7817.34,51.44967763,7.42569416,186.87,39.49,0.37,329.26,1,-110.00,-5.00,7.00,2.00,12.00,23.00,13395469,221
397.98,1564980829,7856.83,51.44998725,7.42541846,185.18,39.85,0.36,331.04,1,-110.00,-5.00,7.00,2.00,12.00,23.00,13395469,221
398.98,1564980830,7896.69,51.45030166,7.42515769,183.36,39.93,0.08,332.91,1,-114.00,-7.00,5.00,8.00,10.00,23.00,13395469,221
399.98,1564980831,7936.62,51.45061755,7.42490693,181.20,39.60,-0.33,334.01,1,-114.00,-7.00,5.00,8.00,10.00,23.00,13395469,221
400.99,1564980832,7976.53,51.45094874,7.42466820,179.13,39.95,0.35,335.92,1,-115.00,-7.00,0.00,8.00,13.00,23.00,13395469,221
401.98,1564980833,8016.24,51.45128277,7.42444879,176.90,39.98,0.03,337.88,1,-115.00,-7.00,0.00,8.00,13.00,23.00,13395469,221
402.98,1564980834,8056.22,51.45161159,7.42423693,174.65,40.30,0.32,338.64,1,-115.00,-7.00,0.00,8.00,13.00,23.00,13395469,221
403.99,1564980835,8096.60,51.45195359,7.42403880,172.52,40.35,0.05,340.32,1,-110.00,-6.00,4.00,12.00,15.00,23.00,13395469,221
404.98,1564980836,8136.91,51.45229232,7.42384606,170.63,40.48,0.13,341.19,1,-110.00,-6.00,4.00,12.00,15.00,23.00,13395469,221
405.98,1564980837,8177.34,51.45263531,7.42367121,169.01,40.50,0.02,342.30,1,-111.00,-5.00,8.00,10.00,14.00,23.00,13395469,221
406.98,1564980838,8217.85,51.45297557,7.42350023,167.40,40.65,0.14,343.06,1,-111.00,-5.00,8.00,10.00,14.00,23.00,13395469,221
407.98,1564980839,8258.54,51.45332392,7.42333785,165.91,40.42,-0.23,343.32,1,-104.00,-4.00,13.00,12.00,19.00,23.00,13395469,221
408.98,1564980840,8298.96,51.45366947,7.42317639,164.40,40.43,0.01,343.78,1,-104.00,-4.00,13.00,12.00,19.00,23.00,13395469,221
409.98,1564980841,8339.39,51.45401428,7.42301706,163.03,40.37,-0.06,343.97,1,-107.00,-6.00,7.00,2.00,30.00,42.00,13532174,336
410.98,1564980842,8379.76,51.45435914,7.42285826,161.78,40.16,-0.21,343.74,1,-107.00,-6.00,7.00,2.00,30.00,42.00,13532174,336
411.98,1564980843,8419.79,51.45470439,7.42269952,160.65,40.01,-0.14,343.66,1,-105.00,-5.00,7.00,2.00,20.00,42.00,13532174,336
412.98,1564980844,8459.77,51.45505017,7.42253998,159.65,40.05,0.04,343.27,1,-105.00,-5.00,7.00,2.00,20.00,42.00,13532174,336
413.98,1564980845,8499.86,51.45539532,7.42237829,158.67,40.06,0.01,342.47,1,-108.00,-6.00,-5.00,2.00,17.00,42.00,13532174,336
414.98,1564980846,8539.97,51.45573694,7.42219931,157.71,40.14,0.07,341.67,1,-108.00,-6.00,-5.00,2.00,17.00,42.00,13532174,336
415.98,1564980847,8580.18,51.45608151,7.42201969,156.80,40.25,0.11,341.06,1,-112.00,-9.00,-7.00,2.00,15.00,42.00,13532174,336
416.98,1564980848,8620.44,51.45641957,7.42182144,155.99,40.20,-0.05,339.80,1,-112.00,-9.00,-7.00,2.00,15.00,42.00,13532174,336
417.98,1564980849,8660.59,51.45675986,7.42161446,155.20,40.29,0.09,338.57,1,-106.00,-6.00,-13.00,6.00,24.00,24.00,13177357,447
418.98,1564980850,8700.88,51.45709384,7.42139477,154.58,40.33,0.04,337.41,1,-106.00,-6.00,-13.00,6.00,24.00,24.00,13177357,447
419.98,1564980851,8741.21,51.45742826,7.42116438,154.07,40.41,0.08,336.14,1,-107.00,-4.00,5.00,10.00,17.00,14.00,13395469,221
420.98,1564980852,8781.58,51.45775488,7.42092288,153.53,40.42,0.01,334.64,1,-107.00,-4.00,5.00,10.00,17.00,14.00,13395469,221
421.99,1564980853,8822.28,51.45808476,7.42067506,153.35,40.38,-0.04,333.87,1,-105.00,-4.00,7.00,10.00,19.00,14.00,13395469,221
422.98,1564980854,8862.37,51.45840511,7.42041108,153.25,40.32,-0.06,332.47,1,-105.00,-4.00,7.00,10.00,19.00,14.00,13395469,221
423.98,1564980855,8902.69,51.45872032,7.42013817,153.16,40.37,0.05,331.30,1,-105.00,-4.00,7.00,10.00,19.00,14.00,13395469,221
424.98,1564980856,8943.02,51.45903905,7.41986228,153.06,40.13,-0.24,330.36,1,-99.00,-4.00,8.00,12.00,25.00,14.00,13395469,221
425.98,1564980857,8983.15,51.45935031,7.41957653,152.85,39.47,-0.66,329.47,1,-99.00,-4.00,8.00,12.00,25.00,14.00,13395469,221
426.98,1564980858,9022.65,51.45965030,7.41929103,152.87,39.34,-0.13,328.16,1,-97.00,-5.00,8.00,12.00,32.00,14.00,13395469,221
427.98,1564980859,9062.00,51.45994558,7.41898847,152.87,39.32,-0.02,326.72,1,-97.00,-5.00,8.00,12.00,32.00,14.00,13395469,221
428.98,1564980860,9101.40,51.46024245,7.41868086,152.60,39.11,-0.21,325.90,1,-108.00,-11.00,8.00,12.00,25.00,14.00,13395469,221
429.99,1564980861,9140.55,51.46053285,7.41836339,152.47,38.99,-0.12,324.68,1,-108.00,-11.00,8.00,12.00,25.00,14.00,13395469,221
430.98,1564980862,9179.46,51.46081440,7.41804215,152.27,38.91,-0.08,323.64,1,-98.00,-6.00,8.00,12.00,27.00,14.00,13395469,221
431.98,1564980863,9218.33,51.46110196,7.41770441,152.00,38.99,0.08,322.81,1,-98.00,-6.00,8.00,12.00,27.00,14.00,13395469,221
432.98,1564980864,9257.33,51.46137329,7.41735543,151.81,38.94,-0.05,321.34,1,-102.00,-4.00,8.00,12.00,22.00,14.00,13395469,221
433.98,1564980865,9296.31,51.46164736,7.41700155,151.65,38.97,0.03,320.41,1,-102.00,-4.00,8.00,12.00,22.00,14.00,13395469,221
434.98,1564980866,9335.28,51.46190946,7.41663782,151.62,38.91,-0.07,318.95,1,-106.00,-5.00,8.00,12.00,18.00,14.00,13395469,221
435.98,1564980867,9374.19,51.46217551,7.41626632,151.66,38.88,-0.02,318.07,1,-106.00,-5.00,8.00,12.00,18.00,14.00,13395469,221
436.98,1564980868,9413.07,51.46243273,7.41588337,151.77,38.91,0.03,316.97,1,-92.00,-6.00,4.00,12.00,40.00,6.00,13395457,111
437.98,1564980869,9451.82,51.46268428,7.41549235,151.90,38.89,-0.02,315.72,1,-92.00,-6.00,4.00,12.00,40.00,6.00,13395457,111
438.98,1564980870,9490.71,51.46293102,7.41509966,152.14,38.87,-0.02,314.51,1,-93.00,-8.00,7.00,6.00,33.00,25.00,13177345,47
439.98,1564980871,9529.78,51.46317946,7.41469824,152.42,38.90,0.02,313.83,1,-93.00,-8.00,7.00,6.00,33.00,25.00,13177345,47
440.98,1564980872,9568.56,51.46342020,7.41428468,152.93,38.92,0.02,312.94,1,-87.00,-5.00,13.00,15.00,39.00,5.00,13395457,111
441.98,1564980873,9607.44,51.46365203,7.41386605,153.50,38.85,-0.07,311.59,1,-87.00,-5.00,13.00,15.00,39.00,5.00,13395457,111
442.99,1564980874,9646.56,51.46388244,7.41344598,154.03,38.87,0.02,310.90,1,-93.00,-6.00,2.00,6.00,39.00,15.00,13532418,392
443.98,1564980875,9685.20,51.46410752,7.41301851,154.59,38.90,0.03,310.15,1,-93.00,-6.00,2.00,6.00,39.00,15.00,13532418,392
444.98,1564980876,9724.06,51.46433054,7.41259134,155.13,38.89,-0.01,309.52,1,-93.00,-6.00,2.00,6.00,39.00,15.00,13532418,392
445.98,1564980877,9762.99,51.46454725,7.41215994,155.88,38.22,-0.67,308.89,1,-78.00,-4.00,11.00,11.00,47.00,4.00,13395458,112
446.98,1564980878,9801.21,51.46476036,7.41173539,156.63,37.40,-0.82,308.56,1,-78.00,-4.00,11.00,11.00,47.00,4.00,13395458,112
447.98,1564980879,9838.68,51.46496876,7.41132006,157.35,36.58,-0.82,308.51,1,-95.00,-4.00,7.00,10.00,29.00,4.00,13395458,112
448.98,1564980880,9875.22,51.46517269,7.41091313,158.12,36.11,-0.47,308.37,1,-95.00,-4.00,7.00,10.00,29.00,4.00,13395458,112
449.98,1564980881,9911.29,51.46537507,7.41050793,158.83,35.97,-0.14,307.97,1,-93.00,-4.00,12.00,13.00,29.00,4.00,13395458,112
450.98,1564980882,9947.26,51.46557654,7.41010356,159.48,35.89,-0.08,308.05,1,-93.00,-4.00,12.00,13.00,29.00,4.00,13395458,112
451.98,1564980883,9983.16,51.46577823,7.40969734,160.00,35.85,-0.04,308.01,1,-82.00,-3.00,-2.00,15.00,42.00,4.00,13395458,112
452.98,1564980884,10019.01,51.46597877,7.40929097,160.48,35.97,0.11,308.22,1,-82.00,-3.00,-2.00,15.00,42.00,4.00,13395458,112
453.98,1564980885,10055.01,51.46617944,7.40888469,161.00,35.88,-0.08,308.23,1,-93.00,-5.00,2.00,15.00,30.00,4.00,13395458,112
454.98,1564980886,10090.86,51.46638012,7.40847960,161.53,36.01,0.13,308.50,1,-93.00,-5.00,2.00,15.00,30.00,4.00,13395458,112
455.98,1564980887,10126.87,51.46658215,7.40807489,161.61,36.13,0.12,308.66,1,-92.00,-5.00,-8.00,15.00,32.00,4.00,13395458,112
456.98,1564980888,10163.04,51.46678504,7.40766974,161.55,36.15,0.02,308.86,1,-92.00,-5.00,-8.00,15.00,32.00,4.00,13395458,112
457.98,1564980889,10199.16,51.46698832,7.40726408,161.83,35.95,-0.21,309.17,1,-84.00,-6.00,14.00,2.00,50.00,7.00,13395458,112
458.98,1564980890,10235.11,51.46718889,7.40686540,162.26,35.09,-0.86,309.76,1,-84.00,-6.00,14.00,2.00,50.00,7.00,13395458,112
459.98,1564980891,10270.26,51.46739200,7.40648555,162.27,34.59,-0.50,310.70,1,-82.00,-4.00,18.00,2.00,35.00,7.00,13532430,112
460.98,1564980892,10304.86,51.46759959,7.40611479,162.62,34.41,-0.18,312.23,1,-82.00,-4.00,18.00,2.00,35.00,7.00,13532430,112
461.98,1564980893,10339.30,51.46780789,7.40574005,163.23,34.05,-0.36,312.36,1,-113.00,-7.00,4.00,8.00,12.00,15.00,13532430,433
462.98,1564980894,10373.32,51.46801076,7.40537560,163.96,33.36,-0.69,312.21,1,-113.00,-7.00,4.00,8.00,12.00,15.00,13532430,433
463.99,1564980895,10406.91,51.46820869,7.40502032,164.75,32.70,-0.65,312.11,1,-80.00,-3.00,-4.00,6.00,51.00,9.00,13395458,112
464.98,1564980896,10439.32,51.46840502,7.40466939,165.56,32.65,-0.05,312.36,1,-80.00,-3.00,-4.00,6.00,51.00,9.00,13395458,112
465.98,1564980897,10472.00,51.46859994,7.40432274,166.29,32.32,-0.34,312.41,1,-80.00,-3.00,-4.00,6.00,51.00,9.00,13395458,112
466.98,1564980898,10504.38,51.46879224,7.40398170,166.93,31.63,-0.68,312.67,1,-87.00,-5.00,9.00,15.00,39.00,19.00,13022465,112
467.98,1564980899,10535.98,51.46898171,7.40364715,167.50,31.22,-0.42,313.07,1,-87.00,-5.00,9.00,15.00,39.00,19.00,13022465,112
468.98,1564980900,10567.17,51.46917390,7.40332154,168.15,30.72,-0.49,313.59,1,-89.00,-6.00,10.00,12.00,40.00,19.00,13022465,205
469.98,1564980901,10597.90,51.46935676,7.40301006,168.19,30.23,-0.50,313.56,1,-89.00,-6.00,10.00,12.00,40.00,19.00,13022465,205
470.98,1564980902,10628.09,51.46954017,7.40270246,168.29,30.12,-0.10,314.08,1,-86.00,-4.00,25.00,15.00,38.00,19.00,13022465,205
471.98,1564980903,10658.22,51.46972966,7.40238617,167.95,29.95,-0.17,314.46,1,-86.00,-4.00,25.00,15.00,38.00,19.00,13022465,205
472.98,1564980904,10688.17,51.46992118,7.40207493,167.81,29.93,-0.02,314.65,1,-87.00,-5.00,23.00,15.00,41.00,19.00,13022465,205
473.98,1564980905,10718.10,51.47011339,7.40176113,167.75,30.07,0.14,314.99,1,-87.00,-5.00,23.00,15.00,41.00,19.00,13022465,205
474.98,1564980906,10748.18,51.47030520,7.40144903,167.80,30.20,0.12,315.58,1,-87.00,-4.00,24.00,15.00,37.00,19.00,13022465,205
475.98,1564980907,10778.37,51.47050317,7.40113895,167.67,30.41,0.22,316.08,1,-87.00,-4.00,24.00,15.00,37.00,19.00,13022465,205
476.98,1564980908,10808.75,51.47069741,7.40083926,167.74,30.47,0.06,315.92,1,-88.00,-4.00,19.00,15.00,35.00,19.00,13022465,205
477.98,1564980909,10839.26,51.47089329,7.40054147,167.87,30.74,0.26,316.94,1,-88.00,-4.00,19.00,15.00,35.00,19.00,13022465,205
478.98,1564980910,10870.00,51.47109779,7.40024015,167.97,30.88,0.15,317.14,1,-89.00,-10.00,16.00,2.00,49.00,19.00,13022465,205
479.98,1564980911,10900.88,51.47130336,7.39993927,168.26,31.07,0.19,317.35,1,-89.00,-10.00,16.00,2.00,49.00,19.00,13022465,205
480.99,1564980912,10932.08,51.47150964,7.39963865,168.53,31.00,-0.07,317.61,1,-89.00,-3.00,12.00,2.00,34.00,19.00,13022465,205
481.99,1564980913,10963.14,51.47171360,7.39934188,168.76,30.40,-0.60,317.99,1,-89.00,-3.00,12.00,2.00,34.00,19.00,13022465,205
482.98,1564980914,10993.35,51.47191631,7.39905463,168.92,29.70,-0.71,318.17,1,-92.00,-6.00,7.00,10.00,34.00,13.00,13022465,205
483.98,1564980915,11023.08,51.47211486,7.39877185,169.08,29.35,-0.34,318.80,1,-92.00,-6.00,7.00,10.00,34.00,13.00,13022465,205
484.99,1564980916,11052.55,51.47231339,7.39848769,169.08,29.34,-0.02,319.04,1,-98.00,-10.00,13.00,15.00,31.00,13.00,13022465,205
485.99,1564980917,11082.12,51.47251446,7.39821041,169.04,29.40,0.06,319.49,1,-98.00,-10.00,13.00,15.00,31.00,13.00,13022465,205
486.98,1564980918,11111.14,51.47271576,7.39793838,169.31,29.51,0.11,319.93,1,-98.00,-10.00,13.00,15.00,31.00,13.00,13022465,205
487.98,1564980919,11140.64,51.47291874,7.39766186,169.45,29.41,-0.09,320.25,1,-94.00,-5.00,16.00,15.00,30.00,13.00,13022465,205
488.98,1564980920,11170.06,51.47312086,7.39739603,169.67,28.78,-0.64,320.57,1,-94.00,-5.00,16.00,15.00,30.00,13.00,13022465,205
489.98,1564980921,11198.83,51.47331955,7.39713204,169.92,28.15,-0.62,320.84,1,-97.00,-8.00,5.00,15.00,30.00,13.00,13022465,205
490.98,1564980922,11226.98,51.47351476,7.39687337,170.26,27.76,-0.39,321.33,1,-97.00,-8.00,5.00,15.00,30.00,13.00,13022465,205
491.98,1564980923,11254.75,51.47370692,7.39662119,170.61,27.58,-0.18,321.54,1,-90.00,-5.00,16.00,15.00,34.00,13.00,13022465,205
492.98,1564980924,11282.33,51.47390250,7.39638384,171.12,27.54,-0.04,322.40,1,-90.00,-5.00,16.00,15.00,34.00,13.00,13022465,205
493.98,1564980925,11309.90,51.47409884,7.39614341,171.49,27.37,-0.17,323.07,1,-89.00,-6.00,3.00,15.00,41.00,13.00,13022465,205
494.98,1564980926,11337.25,51.47429308,7.39590709,171.83,27.12,-0.25,323.03,1,-89.00,-6.00,3.00,15.00,41.00,13.00,13022465,205
495.98,1564980927,11364.37,51.47449066,7.39567961,172.16,27.01,-0.11,323.97,1,-89.00,-4.00,14.00,15.00,34.00,13.00,13022465,205
496.98,1564980928,11391.27,51.47468875,7.39545066,172.50,26.99,-0.02,324.81,1,-89.00,-4.00,14.00,15.00,34.00,13.00,13022465,205
497.98,1564980929,11418.34,51.47489225,7.39523300,172.94,27.25,0.26,325.98,1,-81.00,-3.00,26.00,15.00,44.00,8.00,13022465,205
498.98,1564980930,11445.59,51.47510102,7.39502259,173.44,27.71,0.46,327.67,1,-81.00,-3.00,26.00,15.00,44.00,8.00,13022465,205
499.98,1564980931,11473.33,51.47531272,7.39480665,173.84,27.59,-0.12,328.29,1,-81.00,-10.00,25.00,15.00,50.00,8.00,13022465,205
500.98,1564980932,11500.91,51.47552821,7.39459956,174.07,27.85,0.27,329.57,1,-81.00,-10.00,25.00,15.00,50.00,8.00,13022465,205
501.98,1564980933,11528.77,51.47574428,7.39439027,174.21,28.15,0.30,330.57,1,-77.00,-3.00,40.00,15.00,47.00,8.00,13022465,205
502.98,1564980934,11556.92,51.47596572,7.39418953,174.41,28.23,0.07,331.11,1,-77.00,-3.00,40.00,15.00,47.00,8.00,13022465,205
503.98,1564980935,11585.15,51.47618274,7.39399999,174.83,27.64,-0.59,331.69,1,-71.00,-3.00,29.00,15.00,53.00,8.00,13022465,205
504.98,1564980936,11612.76,51.47640074,7.39382731,175.31,26.99,-0.65,333.18,1,-71.00,-3.00,29.00,15.00,53.00,8.00,13022465,205
505.99,1564980937,11639.97,51.47661942,7.39365872,175.68,26.37,-0.62,334.53,1,-71.00,-3.00,19.00,15.00,50.00,8.00,13022465,205
506.98,1564980938,11666.15,51.47682859,7.39350085,176.16,25.50,-0.88,334.75,1,-71.00,-3.00,19.00,15.00,50.00,8.00,13022465,205
507.98,1564980939,11691.65,51.47702938,7.39335809,176.60,23.90,-1.59,335.89,1,-71.00,-3.00,19.00,15.00,50.00,8.00,13022465,205
508.98,1564980940,11715.56,51.47722803,7.39322320,176.94,22.64,-1.26,337.46,1,-76.00,-6.00,19.00,15.00,45.00,8.00,13022465,205
509.98,1564980941,11738.20,51.47741036,7.39312111,177.28,20.19,-2.45,342.21,1,-76.00,-6.00,19.00,15.00,45.00,8.00,13022465,205
510.98,1564980942,11758.40,51.47758931,7.39304930,177.77,19.65,-0.54,347.06,1,-76.00,-3.00,27.00,2.00,45.00,8.00,13022465,205
511.98,1564980943,11778.03,51.47775454,7.39300324,178.17,18.82,-0.83,351.92,1,-76.00,-3.00,27.00,2.00,45.00,8.00,13022465,205
512.98,1564980944,11796.91,51.47791845,7.39297937,178.66,18.82,0.00,355.21,1,-76.00,-3.00,29.00,2.00,46.00,8.00,13022465,205
513.98,1564980945,11815.73,51.47808037,7.39301586,179.11,18.16,-0.66,8.68,1,-76.00,-3.00,29.00,2.00,46.00,8.00,13022465,205
514.98,1564980946,11833.89,51.47824877,7.39306689,179.30,18.75,0.58,10.58,1,-78.00,-5.00,22.00,2.00,46.00,8.00,13022465,205
515.98,1564980947,11852.64,51.47842477,7.39314948,179.54,17.86,-0.89,14.06,1,-78.00,-5.00,22.00,2.00,46.00,8.00,13022465,205
516.98,1564980948,11870.50,51.47857566,7.39327923,179.60,17.93,0.08,28.50,1,-78.00,-5.00,23.00,2.00,47.00,8.00,13022465,205
517.98,1564980949,11888.43,51.47871545,7.39341379,179.71,17.60,-0.34,29.69,1,-78.00,-5.00,23.00,2.00,47.00,8.00,13022465,205
518.98,1564980950,11906.03,51.47884936,7.39355066,180.29,16.78,-0.81,31.23,1,-83.00,-5.00,22.00,2.00,41.00,8.00,13022465,205
519.98,1564980951,11922.82,51.47896945,7.39367684,181.02,15.65,-1.13,30.74,1,-83.00,-5.00,22.00,2.00,41.00,8.00,13022465,205
520.98,1564980952,11938.44,51.47910292,7.39378800,181.24,15.27,-0.38,26.74,1,-86.00,-4.00,16.00,2.00,36.00,8.00,13022465,205
521.98,1564980953,11953.70,51.47923597,7.39383177,181.60,14.51,-0.76,8.67,1,-86.00,-4.00,16.00,2.00,36.00,8.00,13022465,205
522.98,1564980954,11968.21,51.47935633,7.39381970,181.94,14.17,-0.34,353.95,1,-90.00,-4.00,11.00,2.00,32.00,8.00,13022465,205
523.98,1564980955,11982.38,51.47946475,7.39376589,182.08,14.27,0.10,341.06,1,-90.00,-4.00,11.00,2.00,32.00,8.00,13022465,205
524.98,1564980956,11996.65,51.47958007,7.39369776,182.20,14.32,0.06,339.05,1,-93.00,-6.00,11.00,2.00,30.00,8.00,13022465,205
525.98,1564980957,12010.97,51.47969985,7.39360992,182.53,14.62,0.30,337.49,1,-93.00,-6.00,11.00,2.00,30.00,8.00,13022465,205
526.99,1564980958,12025.73,51.47981245,7.39352509,183.13,14.59,-0.03,336.33,1,-98.00,-6.00,8.00,2.00,27.00,8.00,13022465,205
527.98,1564980959,12040.18,51.47992475,7.39343955,183.80,12.96,-1.65,336.69,1,-98.00,-6.00,8.00,2.00,27.00,8.00,13022465,205
528.98,1564980960,12053.16,51.48003667,7.39339997,184.51,11.57,-1.39,352.76,1,-98.00,-6.00,8.00,2.00,27.00,8.00,13022465,205
529.98,1564980961,12064.72,51.48013672,7.39340983,185.21,11.05,-0.52,11.48,1,-99.00,-7.00,-6.00,2.00,27.00,8.00,13022465,205
530.98,1564980962,12075.75,51.48023779,7.39348405,185.52,11.23,0.18,30.15,1,-99.00,-7.00,-6.00,2.00,27.00,8.00,13022465,205
531.98,1564980963,12086.99,51.48032261,7.39360650,186.39,12.06,0.83,51.39,1,-99.00,-7.00,-1.00,2.00,27.00,8.00,13022465,205
532.98,1564980964,12099.04,51.48038837,7.39374557,186.91,12.81,0.75,53.75,1,-99.00,-7.00,-1.00,2.00,27.00,8.00,13022465,205
533.98,1564980965,12111.86,51.48044840,7.39390004,187.11,13.63,0.82,55.70,1,-101.00,-10.00,7.00,2.00,28.00,8.00,13022465,205
534.98,1564980966,12125.49,51.48051320,7.39407599,187.28,14.75,1.12,57.58,1,-101.00,-10.00,7.00,2.00,28.00,8.00,13022465,205
535.98,1564980967,12140.25,51.48059306,7.39427950,187.71,15.35,0.60,58.65,1,-104.00,-11.00,-2.00,2.00,26.00,8.00,13022465,205
536.98,1564980968,12155.60,51.48067232,7.39449005,188.20,15.96,0.61,59.42,1,-104.00,-11.00,-2.00,2.00,26.00,8.00,13022465,205
537.98,1564980969,12171.49,51.48074695,7.39470821,188.44,16.71,0.75,59.89,1,-102.00,-11.00,7.00,2.00,27.00,8.00,13022465,205
538.98,1564980970,12188.26,51.48082707,7.39492594,188.52,16.87,0.16,60.64,1,-102.00,-11.00,7.00,2.00,27.00,8.00,13022465,205
539.98,1564980971,12205.09,51.48090135,7.39513157,188.60,16.96,0.10,60.33,1,-94.00,-9.00,1.00,6.00,36.00,11.00,13532163,200
540.98,1564980972,12222.07,51.48096756,7.39532750,188.41,16.91,-0.05,59.98,1,-94.00,-9.00,1.00,6.00,36.00,11.00,13532163,200
541.98,1564980973,12238.99,51.48104399,7.39554613,188.14,16.59,-0.32,60.03,1,-95.00,-10.00,-3.00,7.00,37.00,11.00,13532163,200
542.98,1564980974,12255.58,51.48112079,7.39576445,187.93,16.34,-0.25,59.60,1,-95.00,-10.00,-3.00,7.00,37.00,11.00,13532163,200
543.98,1564980975,12271.91,51.48119134,7.39596569,188.02,16.20,-0.14,60.03,1,-92.00,-8.00,6.00,11.00,35.00,11.00,13532163,200
544.98,1564980976,12288.10,51.48126135,7.39615742,188.13,16.16,-0.04,59.81,1,-92.00,-8.00,6.00,11.00,35.00,11.00,13532163,200
545.98,1564980977,12304.28,51.48133357,7.39636373,188.26,16.07,-0.09,59.68,1,-95.00,-9.00,-4.00,6.00,32.00,11.00,13532163,200
546.98,1564980978,12320.35,51.48140217,7.39655671,188.40,16.41,0.34,59.73,1,-95.00,-9.00,-4.00,6.00,32.00,11.00,13532163,200
547.99,1564980979,12336.92,51.48148040,7.39676657,188.74,15.81,-0.59,59.61,1,-102.00,-11.00,-4.00,8.00,28.00,11.00,13532163,200
548.98,1564980980,12352.59,51.48154900,7.39695460,188.94,15.42,-0.39,59.08,1,-102.00,-11.00,-4.00,8.00,28.00,11.00,13532163,200
549.98,1564980981,12368.01,51.48161493,7.39712921,188.89,15.03,-0.39,58.09,1,-102.00,-11.00,-4.00,8.00,28.00,11.00,13532163,200
550.98,1564980982,12383.06,51.48168732,7.39730429,188.79,14.59,-0.44,56.94,1,-104.00,-12.00,-8.00,4.00,25.00,11.00,13532163,200
551.98,1564980983,12397.65,51.48176476,7.39747567,188.81,14.09,-0.50,55.72,1,-104.00,-12.00,-8.00,4.00,25.00,11.00,13532163,200
552.99,1564980984,12411.77,51.48183767,7.39763114,188.97,13.66,-0.43,54.50,1,-78.00,-4.00,27.00,2.00,35.00,11.00,13067528,356
553.98,1564980985,12425.36,51.48190983,7.39778190,189.08,13.38,-0.28,53.11,1,-78.00,-4.00,27.00,2.00,35.00,11.00,13067528,356
554.98,1564980986,12438.70,51.48198761,7.39793489,189.33,12.69,-0.69,52.07,1,-76.00,-3.00,27.00,15.00,45.00,5.00,13067528,356
555.98,1564980987,12451.41,51.48205432,7.39806984,189.44,12.08,-0.61,51.34,1,-76.00,-3.00,27.00,15.00,45.00,5.00,13067528,356
556.98,1564980988,12463.51,51.48212117,7.39819439,189.62,11.06,-1.02,50.84,1,-74.00,-3.00,26.00,15.00,46.00,5.00,13067528,356
557.98,1564980989,12474.56,51.48217840,7.39830232,189.90,9.61,-1.45,50.50,1,-74.00,-3.00,26.00,15.00,46.00,5.00,13067528,356
558.98,1564980990,12484.19,51.48223177,7.39839560,190.15,7.70,-1.91,49.92,1,-78.00,-3.00,30.00,15.00,44.00,5.00,13067528,356
559.98,1564980991,12491.89,51.48227438,7.39846659,190.49,5.82,-1.88,48.27,1,-78.00,-3.00,30.00,15.00,44.00,5.00,13067528,356
560.98,1564980992,12497.71,51.48231992,7.39852533,190.55,3.57,-2.25,46.51,1,-76.00,-3.00,22.00,15.00,44.00,5.00,13067528,356
561.98,1564980993,12501.28,51.48234670,7.39855277,190.60,2.18,-1.39,45.38,1,-76.00,-3.00,22.00,15.00,44.00,5.00,13067528,356
562.98,1564980994,12503.46,51.48235770,7.39855888,190.66,0.99,-1.18,45.38,1,-77.00,-3.00,30.00,15.00,45.00,5.00,13067528,356
563.98,1564980995,12504.45,51.48236602,7.39856046,190.70,0.71,-0.29,45.38,1,-77.00,-3.00,30.00,15.00,45.00,5.00,13067528,356
564.98,1564980996,12505.16,51.48236602,7.39856046,190.71,0.00,-0.71,45.38,1,-75.00,-3.00,25.00,15.00,40.00,5.00,13067528,356
565.98,1564980997,12505.16,51.48236602,7.39856046,190.71,0.00,0.00,45.38,1,-75.00,-3.00,25.00,15.00,40.00,5.00,13067528,356
566.98,1564980998,12505.16,51.48236602,7.39856046,190.71,0.00,0.00,45.38,1,-73.00,-3.00,27.00,2.00,53.00,5.00,13067528,356
567.98,1564980999,12505.16,51.48236602,7.39856046,190.71,0.00,0.00,45.38,1,-73.00,-3.00,27.00,2.00,53.00,5.00,13067528,356
568.99,1564981000,12505.16,51.48236602,7.39856046,190.72,0.00,0.00,45.38,1,-108.00,-5.00,9.00,2.00,16.00,5.00,13532175,337
569.98,1564981001,12505.16,51.48236602,7.39856046,190.72,0.00,0.00,45.38,1,-108.00,-5.00,9.00,2.00,16.00,5.00,13532175,337
570.98,1564981002,12505.16,51.48236602,7.39856046,190.73,0.00,0.00,45.38,1,-108.00,-5.00,9.00,2.00,16.00,5.00,13532175,337
571.98,1564981003,12505.16,51.48236602,7.39856046,190.74,0.00,0.00,45.38,1,-109.00,-5.00,10.00,2.00,15.00,5.00,13532175,337
572.98,1564981004,12505.16,51.48236602,7.39856046,190.75,0.00,0.00,45.38,1,-109.00,-5.00,10.00,2.00,15.00,5.00,13532175,337
573.98,1564981005,12505.16,51.48236602,7.39856046,190.77,0.00,0.00,45.38,1,-110.00,-5.00,10.00,2.00,14.00,5.00,13532175,337
574.98,1564981006,12505.16,51.48236602,7.39856046,190.78,0.00,0.00,45.38,1,-110.00,-5.00,10.00,2.00,14.00,5.00,13532175,337
575.98,1564981007,12505.16,51.48236602,7.39856046,190.80,0.00,0.00,45.38,1,-110.00,-5.00,9.00,2.00,14.00,5.00,13532175,337
576.98,1564981008,12505.16,51.48236602,7.39856046,190.82,0.00,0.00,45.38,1,-110.00,-5.00,9.00,2.00,14.00,5.00,13532175,337
577.98,1564981009,12505.16,51.48236602,7.39856046,190.84,0.00,0.00,45.38,1,-110.00,-5.00,11.00,2.00,14.00,5.00,13532175,337
578.98,1564981010,12505.16,51.48236602,7.39856046,190.86,0.00,0.00,45.38,1,-110.00,-5.00,11.00,2.00,14.00,5.00,13532175,337
579.98,1564981011,12505.16,51.48236602,7.39856046,190.89,0.00,0.00,45.38,1,-110.00,-5.00,10.00,11.00,13.00,9.00,13532175,337
580.98,1564981012,12505.16,51.48236602,7.39856046,190.91,0.00,0.00,45.38,1,-110.00,-5.00,10.00,11.00,13.00,9.00,13532175,337
581.98,1564981013,12505.16,51.48236602,7.39856046,190.94,0.00,0.00,45.38,1,-110.00,-5.00,13.00,11.00,15.00,9.00,13532175,337
582.98,1564981014,12505.16,51.48236602,7.39856046,190.98,0.00,0.00,45.38,1,-110.00,-5.00,13.00,11.00,15.00,9.00,13532175,337
583.98,1564981015,12505.16,51.48236602,7.39856046,191.01,0.00,0.00,45.38,1,-109.00,-5.00,11.00,11.00,15.00,9.00,13532175,337
584.98,1564981016,12505.16,51.48236602,7.39856046,191.05,0.00,0.00,45.38,1,-109.00,-5.00,11.00,11.00,15.00,9.00,13532175,337
585.98,1564981017,12505.16,51.48236602,7.39856046,191.40,0.00,0.00,45.38,1,-110.00,-5.00,10.00,10.00,14.00,9.00,13532175,337
586.98,1564981018,12505.16,51.48236602,7.39856046,191.73,0.00,0.00,36.57,1,-110.00,-5.00,10.00,10.00,14.00,9.00,13532175,337
587.98,1564981019,12505.16,51.48245151,7.39861609,194.47,0.00,0.00,37.43,1,-110.00,-5.00,13.00,10.00,13.00,9.00,13532175,337
588.98,1564981020,12505.16,51.48249362,7.39866315,195.79,6.96,0.00,37.06,1,-110.00,-5.00,13.00,10.00,13.00,9.00,13532175,337
589.99,1564981021,12512.18,51.48254533,7.39872455,196.38,7.77,0.80,37.80,1,-110.00,-6.00,4.00,2.00,23.00,9.00,13532175,337
590.98,1564981022,12519.87,51.48260030,7.39879610,196.43,8.99,1.23,37.42,1,-110.00,-6.00,4.00,2.00,23.00,9.00,13532175,337
591.98,1564981023,12528.86,51.48266493,7.39888252,196.00,10.35,1.36,36.95,1,-110.00,-6.00,4.00,2.00,23.00,9.00,13532175,337
592.98,1564981024,12539.19,51.48273476,7.39896636,195.46,10.58,0.23,36.08,1,-111.00,-6.00,16.00,2.00,14.00,9.00,13532175,337
593.98,1564981025,12549.78,51.48281626,7.39906877,194.94,11.02,0.44,35.58,1,-111.00,-6.00,16.00,2.00,14.00,9.00,13532175,337
594.98,1564981026,12560.81,51.48288810,7.39915243,193.98,11.89,0.87,34.62,1,-107.00,-5.00,21.00,2.00,17.00,9.00,13532175,337
595.98,1564981027,12572.70,51.48298358,7.39925758,193.59,12.90,1.01,35.03,1,-107.00,-5.00,21.00,2.00,17.00,9.00,13532175,337
596.98,1564981028,12585.59,51.48309107,7.39937819,193.39,13.97,1.07,34.69,1,-102.00,-4.00,18.00,2.00,22.00,9.00,13532175,337
597.98,1564981029,12599.60,51.48319541,7.39949260,193.23,14.46,0.49,34.36,1,-102.00,-4.00,18.00,2.00,22.00,9.00,13532175,337
598.98,1564981030,12614.02,51.48330666,7.39961827,193.15,14.91,0.45,33.75,1,-106.00,-5.00,11.00,12.00,19.00,9.00,13532175,337
599.98,1564981031,12628.93,51.48342417,7.39974590,192.83,15.89,0.98,34.61,1,-106.00,-5.00,11.00,12.00,19.00,9.00,13532175,337
600.98,1564981032,12644.81,51.48353751,7.39987154,192.94,16.56,0.67,35.09,1,-108.00,-5.00,10.00,12.00,14.00,9.00,13532175,337
601.98,1564981033,12661.39,51.48366840,7.40001758,193.15,16.74,0.18,35.52,1,-108.00,-5.00,10.00,12.00,14.00,9.00,13532175,337
602.98,1564981034,12678.13,51.48378852,7.40015670,193.59,16.66,-0.08,36.23,1,-105.00,-5.00,24.00,13.00,18.00,9.00,13532175,337
603.98,1564981035,12694.79,51.48391447,7.40030134,193.82,16.78,0.12,37.09,1,-105.00,-5.00,24.00,13.00,18.00,9.00,13532175,337
604.98,1564981036,12711.57,51.48404479,7.40045062,194.09,16.93,0.14,36.66,1,-108.00,-4.00,22.00,10.00,17.00,9.00,13532175,337
605.99,1564981037,12728.64,51.48417195,7.40059333,194.39,16.63,-0.30,37.21,1,-108.00,-4.00,22.00,10.00,17.00,9.00,13532175,337
606.98,1564981038,12745.15,51.48429121,7.40074304,194.64,16.39,-0.24,38.44,1,-108.00,-4.00,10.00,12.00,15.00,9.00,13532175,337
607.98,1564981039,12761.54,51.48441755,7.40090321,194.88,16.84,0.45,39.14,1,-108.00,-4.00,10.00,12.00,15.00,9.00,13532175,337
608.98,1564981040,12778.39,51.48453133,7.40105499,194.96,15.69,-1.15,40.98,1,-105.00,-4.00,9.00,11.00,17.00,9.00,13532175,337
609.98,1564981041,12794.07,51.48465021,7.40122010,194.97,16.57,0.88,41.60,1,-105.00,-4.00,9.00,11.00,17.00,9.00,13532175,337
610.99,1564981042,12810.79,51.48475390,7.40137341,194.76,16.53,-0.04,42.28,1,-109.00,-4.00,9.00,2.00,13.00,9.00,13532175,337
611.98,1564981043,12827.18,51.48485887,7.40153351,194.46,16.75,0.22,43.03,1,-109.00,-4.00,9.00,2.00,13.00,9.00,13532175,337
612.98,1564981044,12843.91,51.48497469,7.40171199,194.23,16.77,0.02,43.73,1,-109.00,-4.00,9.00,2.00,13.00,9.00,13532175,337
613.98,1564981045,12860.70,51.48508667,7.40188508,194.07,16.49,-0.28,44.50,1,-110.00,-5.00,10.00,2.00,12.00,9.00,13532175,337
614.98,1564981046,12877.19,51.48519386,7.40205990,193.82,16.58,0.09,45.09,1,-110.00,-5.00,10.00,2.00,12.00,9.00,13532175,337
615.98,1564981047,12893.78,51.48529486,7.40223551,193.37,16.33,-0.25,46.14,1,-110.00,-4.00,10.00,2.00,12.00,9.00,13532175,337
616.98,1564981048,12910.09,51.48538906,7.40241126,192.78,16.29,-0.04,47.25,1,-110.00,-4.00,10.00,2.00,12.00,9.00,13532175,337
617.98,1564981049,12926.38,51.48549018,7.40259702,192.18,16.14,-0.15,48.14,1,-109.00,-4.00,18.00,12.00,13.00,8.00,13532175,337
618.98,1564981050,12942.52,51.48558507,7.40277908,191.71,16.34,0.20,49.07,1,-109.00,-4.00,18.00,12.00,13.00,8.00,13532175,337
619.98,1564981051,12958.86,51.48567904,7.40296252,191.36,16.48,0.14,49.95,1,-108.00,-4.00,16.00,14.00,16.00,8.00,13532175,337
620.98,1564981052,12975.34,51.48576558,7.40314605,191.01,16.55,0.06,50.75,1,-108.00,-4.00,16.00,14.00,16.00,8.00,13532175,337
621.98,1564981053,12991.91,51.48584959,7.40333268,190.61,16.49,-0.06,51.84,1,-105.00,-4.00,28.00,14.00,20.00,8.00,13532175,337
622.98,1564981054,13008.40,51.48593173,7.40351933,190.11,16.37,-0.11,52.77,1,-105.00,-4.00,28.00,14.00,20.00,8.00,13532175,337
623.98,1564981055,13024.75,51.48601254,7.40371387,189.61,16.27,-0.11,53.84,1,-104.00,-4.00,16.00,14.00,21.00,8.00,13532175,337
624.98,1564981056,13041.02,51.48608780,7.40389493,188.86,16.28,0.01,54.35,1,-104.00,-4.00,16.00,14.00,21.00,8.00,13532175,337
625.98,1564981057,13057.30,51.48616296,7.40408241,188.08,15.51,-0.77,55.66,1,-102.00,-3.00,32.00,13.00,20.00,8.00,13532175,337
626.98,1564981058,13072.81,51.48623859,7.40428098,187.43,15.59,0.08,56.68,1,-102.00,-3.00,32.00,13.00,20.00,8.00,13532175,337
627.98,1564981059,13088.41,51.48631078,7.40448174,187.05,14.90,-0.69,58.65,1,-99.00,-3.00,18.00,15.00,26.00,8.00,13532175,337
628.98,1564981060,13103.31,51.48638193,7.40467728,186.86,15.21,0.31,59.37,1,-99.00,-3.00,18.00,15.00,26.00,8.00,13532175,337
629.98,1564981061,13118.52,51.48644520,7.40487458,186.65,14.46,-0.75,61.77,1,-101.00,-4.00,18.00,2.00,32.00,8.00,13532175,337
630.98,1564981062,13132.98,51.48651427,7.40508492,186.91,15.05,0.59,62.46,1,-101.00,-4.00,18.00,2.00,32.00,8.00,13532175,337
631.99,1564981063,13148.17,51.48658242,7.40528491,187.22,15.33,0.28,62.08,1,-102.00,-3.00,16.00,2.00,20.00,8.00,13532175,337
632.98,1564981064,13163.37,51.48665428,7.40549201,187.43,16.27,0.94,62.54,1,-102.00,-3.00,16.00,2.00,20.00,8.00,13532175,337
633.98,1564981065,13179.64,51.48672714,7.40571201,187.63,16.58,0.31,62.95,1,-102.00,-3.00,16.00,2.00,20.00,8.00,13532175,337
634.98,1564981066,13196.22,51.48678991,7.40591630,187.36,16.74,0.16,63.64,1,-106.00,-4.00,2.00,2.00,19.00,8.00,13532175,337
635.98,1564981067,13212.95,51.48684967,7.40613286,186.74,16.91,0.18,64.38,1,-106.00,-4.00,2.00,2.00,19.00,8.00,13532175,337
636.98,1564981068,13229.86,51.48691537,7.40637048,185.77,16.79,-0.12,65.66,1,-109.00,-5.00,4.00,2.00,17.00,8.00,13532175,337
637.98,1564981069,13246.66,51.48697477,7.40660353,185.04,17.32,0.52,66.93,1,-109.00,-5.00,4.00,2.00,17.00,8.00,13532175,337
638.98,1564981070,13263.96,51.48703028,7.40684234,184.29,17.30,-0.02,68.15,1,-120.00,-11.00,1.00,6.00,8.00,9.00,13532175,337
639.98,1564981071,13281.27,51.48708210,7.40708291,183.59,16.83,-0.47,70.00,1,-120.00,-11.00,1.00,6.00,8.00,9.00,13532175,337
640.98,1564981072,13298.10,51.48713351,7.40732680,183.33,17.01,0.18,71.05,1,-95.00,-6.00,16.00,15.00,20.00,15.00,13067528,356
641.98,1564981073,13315.11,51.48717816,7.40756309,182.97,17.40,0.40,72.26,1,-95.00,-6.00,16.00,15.00,20.00,15.00,13067528,356
642.98,1564981074,13332.52,51.48722375,7.40780906,182.38,17.00,-0.41,73.25,1,-100.00,-4.00,26.00,13.00,14.00,15.00,13067528,356
643.98,1564981075,13349.51,51.48726001,7.40804304,181.66,16.81,-0.18,74.07,1,-100.00,-4.00,26.00,13.00,14.00,15.00,13067528,356
644.98,1564981076,13366.33,51.48729826,7.40829708,181.14,17.09,0.27,75.57,1,-115.00,-7.00,4.00,9.00,13.00,15.00,13067528,356
645.98,1564981077,13383.41,51.48733556,7.40853956,180.64,17.02,-0.06,76.17,1,-115.00,-7.00,4.00,9.00,13.00,15.00,13067528,356
646.98,1564981078,13400.42,51.48736590,7.40878636,180.01,17.04,0.02,76.86,1,-119.00,-8.00,-4.00,3.00,6.00,15.00,13067528,356
647.98,1564981079,13417.43,51.48739740,7.40903816,179.28,17.05,0.00,77.48,1,-119.00,-8.00,-4.00,3.00,6.00,15.00,13067528,356
648.98,1564981080,13434.53,51.48742220,7.40927775,178.64,16.93,-0.12,78.48,nan,nan,nan,nan,nan,nan,nan,nan,nan
649.98,1564981081,13451.44,51.48744440,7.40949861,177.92,16.40,-0.53,79.03,nan,nan,nan,nan,nan,nan,nan,nan,nan
650.98,1564981082,13467.85,51.48747018,7.40974502,177.45,16.07,-0.34,79.79,nan,nan,nan,nan,nan,nan,nan,nan,nan
651.98,1564981083,13483.89,51.48748823,7.40996318,176.52,16.03,-0.03,80.13,nan,nan,nan,nan,nan,nan,nan,nan,nan
652.98,1564981084,13499.99,51.48750628,7.41018121,175.79,14.36,-1.67,80.91,nan,nan,nan,nan,nan,nan,nan,nan,nan
653.99,1564981085,13514.46,51.48752062,7.41035956,174.94,11.48,-2.86,82.29,nan,nan,nan,nan,nan,nan,nan,nan,nan
654.98,1564981086,13525.82,51.48753096,7.41053586,174.46,10.55,-0.94,83.47,nan,nan,nan,nan,nan,nan,nan,nan,nan
655.98,1564981087,13536.39,51.48753362,7.41067046,173.84,9.38,-1.17,84.52,nan,nan,nan,nan,nan,nan,nan,nan,nan
656.98,1564981088,13545.76,51.48754184,7.41081715,173.33,7.71,-1.68,85.06,nan,nan,nan,nan,nan,nan,nan,nan,nan
657.98,1564981089,13553.47,51.48756484,7.41090074,172.80,6.10,-1.60,61.98,nan,nan,nan,nan,nan,nan,nan,nan,nan
658.98,1564981090,13559.57,51.48760964,7.41097029,172.98,6.75,0.64,39.00,nan,nan,nan,nan,nan,nan,nan,nan,nan
659.98,1564981091,13566.32,51.48765070,7.41099917,173.30,6.94,0.19,22.80,nan,nan,nan,nan,nan,nan,nan,nan,nan
660.98,1564981092,13573.25,51.48769037,7.41100702,173.40,6.64,-0.29,9.80,nan,nan,nan,nan,nan,nan,nan,nan,nan
661.98,1564981093,13579.90,51.48773377,7.41099579,173.15,7.26,0.62,356.72,1,-108.00,-10.00,-2.00,8.00,20.00,10.00,13532163,200
662.98,1564981094,13587.17,51.48779925,7.41098405,172.91,8.73,1.46,355.34,1,-108.00,-10.00,-2.00,8.00,20.00,10.00,13532163,200
663.98,1564981095,13595.88,51.48787011,7.41097090,172.82,8.92,0.19,354.51,1,-112.00,-11.00,-1.00,7.00,18.00,10.00,13532163,200
664.98,1564981096,13604.80,51.48795672,7.41095099,172.78,9.73,0.81,353.06,1,-112.00,-11.00,-1.00,7.00,18.00,10.00,13532163,200
665.98,1564981097,13614.54,51.48805263,7.41092310,172.71,11.02,1.29,351.79,1,-110.00,-11.00,0.00,8.00,19.00,10.00,13532163,200
666.98,1564981098,13625.56,51.48816245,7.41089302,172.48,11.44,0.42,351.32,1,-110.00,-11.00,0.00,8.00,19.00,10.00,13532163,200
667.98,1564981099,13636.99,51.48826570,7.41086713,172.31,10.71,-0.73,350.70,1,-116.00,-10.00,2.00,6.00,14.00,10.00,13532163,200
668.98,1564981100,13647.70,51.48837175,7.41083926,172.30,11.06,0.35,350.05,1,-116.00,-10.00,2.00,6.00,14.00,10.00,13532163,200
669.98,1564981101,13658.78,51.48847413,7.41081508,172.34,11.14,0.07,350.23,1,-114.00,-10.00,-3.00,5.00,15.00,10.00,13532163,200
670.98,1564981102,13669.92,51.48857255,7.41078166,172.60,11.85,0.71,350.77,1,-114.00,-10.00,-3.00,5.00,15.00,10.00,13532163,200
671.99,1564981103,13681.78,51.48868571,7.41074710,172.11,12.14,0.29,350.43,1,-113.00,-10.00,-4.00,6.00,16.00,10.00,13532163,200
672.99,1564981104,13693.94,51.48880119,7.41070996,171.73,12.86,0.72,349.41,1,-113.00,-10.00,-4.00,6.00,16.00,10.00,13532163,200
673.98,1564981105,13706.75,51.48890828,7.41067746,171.72,13.12,0.27,348.59,1,-115.00,-11.00,-5.00,4.00,15.00,15.00,13532163,200
674.98,1564981106,13719.87,51.48902244,7.41063095,171.55,13.60,0.48,348.02,1,-115.00,-11.00,-5.00,4.00,15.00,15.00,13532163,200
675.98,1564981107,13733.47,51.48912934,7.41058951,170.99,13.80,0.19,347.37,1,-115.00,-11.00,-5.00,4.00,15.00,15.00,13532163,200
676.99,1564981108,13747.32,51.48925109,7.41053709,170.25,13.20,-0.60,346.98,1,-118.00,-15.00,-6.00,4.00,16.00,15.00,13532163,200
677.99,1564981109,13760.52,51.48936710,7.41048232,169.62,13.37,0.17,347.06,1,-118.00,-15.00,-6.00,4.00,16.00,15.00,13532163,200
678.99,1564981110,13773.88,51.48948405,7.41042352,169.35,13.24,-0.13,346.14,1,-117.00,-14.00,-6.00,4.00,16.00,15.00,13532163,200
679.99,1564981111,13787.10,51.48959655,7.41037828,169.33,12.51,-0.73,347.07,1,-117.00,-14.00,-6.00,4.00,16.00,15.00,13532163,200
680.98,1564981112,13799.58,51.48970484,7.41032785,169.49,11.12,-1.39,346.42,1,-118.00,-16.00,-6.00,3.00,19.00,15.00,13532163,200
681.99,1564981113,13810.77,51.48980178,7.41027828,169.55,9.12,-2.00,345.99,1,-118.00,-16.00,-6.00,3.00,19.00,15.00,13532163,200
682.99,1564981114,13819.88,51.48986709,7.41024856,169.64,7.32,-1.80,345.30,1,-118.00,-16.00,-6.00,2.00,19.00,15.00,13532163,200
683.99,1564981115,13827.20,51.48992364,7.41022047,169.81,5.29,-2.03,345.73,1,-118.00,-16.00,-6.00,2.00,19.00,15.00,13532163,200
684.99,1564981116,13832.49,51.48996450,7.41022675,170.01,4.59,-0.70,9.52,1,-114.00,-14.00,-5.00,5.00,18.00,19.00,13254913,200
685.99,1564981117,13837.08,51.49000615,7.41028313,169.85,5.16,0.57,42.58,1,-114.00,-14.00,-5.00,5.00,18.00,19.00,13254913,200
686.99,1564981118,13842.23,51.49004035,7.41038299,170.01,6.32,1.16,67.71,1,-115.00,-13.00,-3.00,5.00,16.00,19.00,13254913,38
687.99,1564981119,13848.55,51.49007387,7.41050726,169.93,7.57,1.24,70.22,1,-115.00,-13.00,-3.00,5.00,16.00,19.00,13254913,38
688.99,1564981120,13856.12,51.49009778,7.41062047,170.04,8.23,0.67,72.28,1,-116.00,-12.00,-3.00,5.00,16.00,19.00,13254913,38
