0.00,1565066949,0.00,nan,nan,0.00,0.00,0.00,0.00,1,-100.00,-10.00,11.00,2.00,40.00,7.00,28371201,66
1.03,1565066950,0.00,nan,nan,0.00,0.00,0.00,0.00,1,-100.00,-10.00,11.00,2.00,40.00,7.00,28371201,66
2.03,1565066951,0.00,nan,nan,0.00,0.00,0.00,0.00,1,-101.00,-9.00,8.00,2.00,39.00,7.00,28371201,66
3.03,1565066952,0.00,nan,nan,0.00,0.00,0.00,0.00,1,-101.00,-9.00,8.00,2.00,39.00,7.00,28371201,66
4.03,1565066953,0.00,nan,nan,0.00,0.00,0.00,0.00,1,-102.00,-9.00,7.00,2.00,38.00,7.00,28371201,66
5.03,1565066954,0.00,nan,nan,0.00,0.00,0.00,0.00,1,-102.00,-9.00,7.00,2.00,38.00,7.00,28371201,66
6.03,1565066955,0.00,nan,nan,0.00,0.00,0.00,0.00,1,-102.00,-9.00,11.00,2.00,38.00,7.00,28371201,66
7.03,1565066956,0.00,nan,nan,0.00,0.00,0.00,0.00,1,-102.00,-9.00,11.00,2.00,38.00,7.00,28371201,66
8.03,1565066957,0.00,nan,nan,0.00,0.00,0.00,0.00,1,-102.00,-9.00,8.00,2.00,39.00,7.00,28371201,66
9.03,1565066958,0.00,nan,nan,0.00,0.00,0.00,0.00,1,-102.00,-9.00,8.00,2.00,39.00,7.00,28371201,66
10.03,1565066959,0.00,nan,nan,0.00,0.00,0.00,0.00,1,-102.00,-9.00,7.00,2.00,38.00,7.00,28371201,66
11.03,1565066960,0.00,nan,nan,0.00,0.00,0.00,0.00,1,-102.00,-9.00,7.00,2.00,38.00,7.00,28371201,66
12.03,1565066961,0.00,nan,nan,0.00,0.00,0.00,0.00,1,-103.00,-9.00,7.00,2.00,37.00,7.00,28371201,66
13.04,1565066962,0.00,nan,nan,0.00,0.00,0.00,0.00,1,-103.00,-9.00,7.00,2.00,37.00,7.00,28371201,66
14.04,1565066963,0.00,nan,nan,0.00,0.00,0.00,0.00,1,-104.00,-9.00,7.00,2.00,36.00,7.00,28371201,66
15.04,1565066964,0.00,nan,nan,0.00,0.00,0.00,0.00,1,-104.00,-9.00,7.00,2.00,36.00,7.00,28371201,66
16.04,1565066965,0.00,nan,nan,0.00,0.00,0.00,0.00,1,-107.00,-9.00,-4.00,2.00,34.00,7.00,28371201,66
17.04,1565066966,0.00,nan,nan,0.00,0.00,0.00,0.00,1,-107.00,-9.00,-4.00,2.00,34.00,7.00,28371201,66
18.04,1565066967,0.00,nan,nan,0.00,0.00,0.00,0.00,1,-109.00,-11.00,-4.00,2.00,32.00,7.00,28371201,66
19.04,1565066968,0.00,nan,nan,0.00,0.00,0.00,0.00,1,-109.00,-11.00,-4.00,2.00,32.00,7.00,28371201,66
20.05,1565066969,0.00,nan,nan,0.00,0.00,0.00,0.00,1,-114.00,-14.00,-5.00,2.00,31.00,7.00,28371201,66
21.04,1565066970,0.00,nan,nan,0.00,0.00,0.00,0.00,1,-114.00,-14.00,-5.00,2.00,31.00,7.00,28371201,66
22.04,1565066971,0.00,nan,nan,0.00,0.00,0.00,0.00,1,-114.00,-14.00,-5.00,2.00,31.00,7.00,28371201,66
23.04,1565066972,0.00,nan,nan,0.00,0.00,0.00,0.00,1,-109.00,-10.00,4.00,2.00,31.00,7.00,27771909,125
24.04,1565066973,0.00,nan,nan,0.00,0.00,0.00,0.00,1,-109.00,-10.00,4.00,2.00,31.00,7.00,27771909,125
25.03,1565066974,0.00,nan,nan,0.00,0.00,0.00,0.00,1,-107.00,-9.00,7.00,2.00,32.00,7.00,27771909,125
26.04,1565066975,0.00,nan,nan,0.00,0.00,0.00,0.00,1,-107.00,-9.00,7.00,2.00,32.00,7.00,27771909,125
27.03,1565066976,0.00,nan,nan,0.00,0.00,0.00,0.00,1,-107.00,-9.00,6.00,2.00,33.00,7.00,27771909,125
28.04,1565066977,0.00,nan,nan,0.00,0.00,0.00,0.00,1,-107.00,-9.00,6.00,2.00,33.00,7.00,27771909,125
29.04,1565066978,0.00,nan,nan,0.00,0.00,0.00,0.00,1,-108.00,-9.00,8.00,2.00,32.00,7.00,27771909,125
30.04,1565066979,0.00,nan,nan,0.00,0.00,0.00,0.00,1,-108.00,-9.00,8.00,2.00,32.00,7.00,27771909,125
31.04,1565066980,0.00,nan,nan,0.00,0.00,0.00,0.00,1,-110.00,-11.00,3.00,2.00,32.00,7.00,27771909,125
32.03,1565066981,0.00,nan,nan,0.00,0.00,0.00,0.00,1,-110.00,-11.00,3.00,2.00,32.00,7.00,27771909,125
33.03,1565066982,0.00,nan,nan,0.00,0.00,0.00,0.00,1,-109.00,-12.00,2.00,2.00,34.00,7.00,27771909,125
34.03,1565066983,0.00,nan,nan,0.00,0.00,0.00,0.00,1,-109.00,-12.00,2.00,2.00,34.00,7.00,27771909,125
35.03,1565066984,0.00,nan,nan,0.00,0.00,0.00,0.00,1,-108.00,-12.00,1.00,2.00,36.00,7.00,27771909,125
36.04,1565066985,0.00,nan,nan,0.00,0.00,0.00,0.00,1,-108.00,-12.00,1.00,2.00,36.00,7.00,27771909,125
37.03,1565066986,0.00,nan,nan,0.00,0.00,0.00,0.00,1,-107.00,-11.00,4.00,2.00,35.00,7.00,27771909,125
38.03,1565066987,0.00,nan,nan,0.00,0.00,0.00,0.00,1,-107.00,-11.00,4.00,2.00,35.00,7.00,27771909,125
39.03,1565066988,0.00,nan,nan,0.00,0.00,0.00,0.00,1,-107.00,-10.00,1.00,6.00,34.00,13.00,28371201,66
40.03,1565066989,0.00,nan,nan,0.00,0.00,0.00,0.00,1,-107.00,-10.00,1.00,6.00,34.00,13.00,28371201,66
41.05,1565066990,0.00,nan,nan,0.00,0.00,0.00,0.00,1,-109.00,-12.00,4.00,8.00,34.00,13.00,28371201,66
42.04,1565066991,0.00,nan,nan,0.00,0.00,0.00,0.00,1,-109.00,-12.00,4.00,8.00,34.00,13.00,28371201,66
43.04,1565066992,0.00,nan,nan,0.00,0.00,0.00,0.00,1,-109.00,-12.00,4.00,8.00,34.00,13.00,28371201,66
44.04,1565066993,0.00,nan,nan,0.00,0.00,0.00,0.00,1,-108.00,-9.00,-1.00,7.00,33.00,13.00,28371201,66
45.04,1565066994,0.00,nan,nan,0.00,0.00,0.00,0.00,1,-108.00,-9.00,-1.00,7.00,33.00,13.00,28371201,66
46.04,1565066995,0.00,nan,nan,0.00,0.00,0.00,0.00,1,-108.00,-9.00,4.00,8.00,32.00,13.00,28371201,66
47.04,1565066996,0.00,nan,nan,0.00,0.00,0.00,0.00,1,-108.00,-9.00,4.00,8.00,32.00,13.00,28371201,66
48.03,1565066997,0.00,nan,nan,0.00,0.00,0.00,0.00,1,-110.00,-10.00,-2.00,7.00,31.00,13.00,28371201,66
49.03,1565066998,0.00,nan,nan,0.00,0.00,0.00,0.00,1,-110.00,-10.00,-2.00,7.00,31.00,13.00,28371201,66
50.03,1565066999,0.00,nan,nan,0.00,0.00,0.00,0.00,1,-111.00,-11.00,-1.00,8.00,29.00,13.00,28371201,66
51.03,1565067000,0.00,nan,nan,0.00,0.00,0.00,0.00,1,-111.00,-11.00,-1.00,8.00,29.00,13.00,28371201,66
52.03,1565067001,0.00,nan,nan,0.00,0.00,0.00,0.00,1,-87.00,-6.00,25.00,15.00,48.00,7.00,27771904,487
53.03,1565067002,0.00,nan,nan,0.00,0.00,0.00,0.00,1,-87.00,-6.00,25.00,15.00,48.00,7.00,27771904,487
54.03,1565067003,0.00,nan,nan,0.00,0.00,0.00,0.00,1,-86.00,-6.00,26.00,14.00,48.00,7.00,27771904,487
55.03,1565067004,0.00,nan,nan,0.00,0.00,0.00,0.00,1,-86.00,-6.00,26.00,14.00,48.00,7.00,27771904,487
56.03,1565067005,0.00,nan,nan,0.00,0.00,0.00,0.00,1,-83.00,-5.00,28.00,14.00,51.00,7.00,27771904,487
57.03,1565067006,0.00,nan,nan,0.00,0.00,0.00,0.00,1,-83.00,-5.00,28.00,14.00,51.00,7.00,27771904,487
58.03,1565067007,0.00,nan,nan,0.00,0.00,0.00,0.00,1,-84.00,-6.00,28.00,15.00,50.00,7.00,27771904,487
59.03,1565067008,0.00,nan,nan,0.00,0.00,0.00,0.00,1,-84.00,-6.00,28.00,15.00,50.00,7.00,27771904,487
60.03,1565067009,0.00,nan,nan,0.00,0.00,0.00,0.00,1,-84.00,-8.00,28.00,14.00,53.00,7.00,27771904,487
61.03,1565067010,0.00,nan,nan,0.00,0.00,0.00,0.00,1,-84.00,-8.00,28.00,14.00,53.00,7.00,27771904,487
62.04,1565067011,0.00,nan,nan,0.00,0.00,0.00,0.00,1,-83.00,-8.00,27.00,14.00,53.00,7.00,27771904,487
63.03,1565067012,0.00,nan,nan,0.00,0.00,0.00,0.00,1,-83.00,-8.00,27.00,14.00,53.00,7.00,27771904,487
64.03,1565067013,0.00,nan,nan,0.00,0.00,0.00,0.00,1,-83.00,-8.00,27.00,14.00,53.00,7.00,27771904,487
65.03,1565067014,0.00,nan,nan,0.00,0.00,0.00,0.00,1,-83.00,-8.00,26.00,14.00,54.00,7.00,27771904,487
66.03,1565067015,0.00,nan,nan,0.00,0.00,0.00,0.00,1,-83.00,-8.00,26.00,14.00,54.00,7.00,27771904,487
67.04,1565067016,0.00,nan,nan,0.00,0.00,0.00,0.00,1,-84.00,-6.00,27.00,2.00,51.00,7.00,27771904,487
68.04,1565067017,0.00,nan,nan,0.00,0.00,0.00,0.00,1,-84.00,-6.00,27.00,2.00,51.00,7.00,27771904,487
69.03,1565067018,0.00,nan,nan,0.00,0.00,0.00,0.00,1,-109.00,-9.00,4.00,2.00,30.00,7.00,27771907,124
70.03,1565067019,0.00,nan,nan,0.00,0.00,0.00,0.00,1,-109.00,-9.00,4.00,2.00,30.00,7.00,27771907,124
71.03,1565067020,0.00,nan,nan,0.00,0.00,0.00,0.00,1,-110.00,-9.00,4.00,2.00,29.00,7.00,27771907,124
72.03,1565067021,0.00,nan,nan,0.00,0.00,0.00,0.00,1,-110.00,-9.00,4.00,2.00,29.00,7.00,27771907,124
73.03,1565067022,0.00,nan,nan,0.00,0.00,0.00,0.00,1,-110.00,-9.00,2.00,2.00,29.00,7.00,27771907,124
74.03,1565067023,0.00,nan,nan,0.00,0.00,0.00,0.00,1,-110.00,-9.00,2.00,2.00,29.00,7.00,27771907,124
75.03,1565067024,0.00,nan,nan,0.00,0.00,0.00,0.00,1,-109.00,-9.00,10.00,2.00,32.00,7.00,27771907,124
76.03,1565067025,0.00,nan,nan,0.00,0.00,0.00,0.00,1,-109.00,-9.00,10.00,2.00,32.00,7.00,27771907,124
77.03,1565067026,0.00,nan,nan,0.00,0.00,0.00,0.00,1,-103.00,-8.00,13.00,2.00,36.00,7.00,27771907,124
78.03,1565067027,0.00,nan,nan,0.00,0.00,0.00,0.00,1,-103.00,-8.00,13.00,2.00,36.00,7.00,27771907,124
79.03,1565067028,0.00,nan,nan,0.00,0.00,0.00,0.00,1,-101.00,-7.00,14.00,2.00,38.00,7.00,27771907,124
80.03,1565067029,0.00,nan,nan,0.00,0.00,0.00,0.00,1,-101.00,-7.00,14.00,2.00,38.00,7.00,27771907,124
81.03,1565067030,0.00,nan,nan,0.00,0.00,0.00,0.00,1,-96.00,-6.00,6.00,2.00,43.00,7.00,27771907,124
82.03,1565067031,0.00,nan,nan,0.00,0.00,0.00,0.00,1,-96.00,-6.00,6.00,2.00,43.00,7.00,27771907,124
83.04,1565067032,0.00,nan,nan,0.00,0.00,0.00,0.00,1,-88.00,-6.00,22.00,2.00,51.00,7.00,27771907,124
84.23,1565067033,0.00,nan,nan,0.00,0.00,0.00,0.00,1,-88.00,-6.00,22.00,2.00,51.00,7.00,27771907,124
85.23,1565067034,0.00,nan,nan,0.00,0.00,0.00,0.00,1,-78.00,-5.00,28.00,12.00,61.00,4.00,27771907,124
86.23,1565067035,0.00,nan,nan,0.00,0.00,0.00,0.00,1,-78.00,-5.00,28.00,12.00,61.00,4.00,27771907,124
87.24,1565067036,0.00,nan,nan,0.00,0.00,0.00,0.00,1,-93.00,-7.00,31.00,10.00,46.00,4.00,27771907,124
88.23,1565067037,0.00,nan,nan,0.00,0.00,0.00,0.00,1,-93.00,-7.00,31.00,10.00,46.00,4.00,27771907,124
89.23,1565067038,0.00,nan,nan,0.00,0.00,0.00,0.00,1,-93.00,-7.00,31.00,10.00,46.00,4.00,27771907,124
90.23,1565067039,0.00,nan,nan,0.00,0.00,0.00,0.00,1,-89.00,-6.00,21.00,12.00,49.00,4.00,27771907,124
91.23,1565067040,0.00,nan,nan,0.00,0.00,0.00,0.00,1,-89.00,-6.00,21.00,12.00,49.00,4.00,27771907,124
92.23,1565067041,0.00,nan,nan,0.00,0.00,0.00,0.00,1,-83.00,-5.00,28.00,12.00,53.00,4.00,27771907,124
93.23,1565067042,0.00,nan,nan,0.00,0.00,0.00,0.00,1,-83.00,-5.00,28.00,12.00,53.00,4.00,27771907,124
94.23,1565067043,0.00,nan,nan,0.00,0.00,0.00,0.00,1,-70.00,-5.00,32.00,13.00,63.00,4.00,27771907,124
95.23,1565067044,0.00,nan,nan,0.00,0.00,0.00,0.00,1,-70.00,-5.00,32.00,13.00,63.00,4.00,27771907,124
96.23,1565067045,0.00,nan,nan,0.00,0.00,0.00,0.00,1,-74.00,-5.00,24.00,15.00,63.00,4.00,27771907,124
97.23,1565067046,0.00,nan,nan,0.00,0.00,0.00,0.00,1,-74.00,-5.00,24.00,15.00,63.00,4.00,27771907,124
98.23,1565067047,0.00,nan,nan,0.00,0.00,0.00,0.00,1,-74.00,-5.00,27.00,15.00,61.00,4.00,27771907,124
99.23,1565067048,0.00,nan,nan,0.00,0.00,0.00,0.00,1,-74.00,-5.00,27.00,15.00,61.00,4.00,27771907,124
100.23,1565067049,0.00,nan,nan,0.00,0.00,0.00,0.00,1,-68.00,-6.00,26.00,14.00,63.00,4.00,27771907,124
101.23,1565067050,0.00,nan,nan,0.00,0.00,0.00,0.00,1,-68.00,-6.00,26.00,14.00,63.00,4.00,27771907,124
102.23,1565067051,0.00,nan,nan,0.00,0.00,0.00,0.00,1,-71.00,-6.00,24.00,2.00,63.00,4.00,27771907,124
103.23,1565067052,0.00,nan,nan,0.00,0.00,0.00,0.00,1,-71.00,-6.00,24.00,2.00,63.00,4.00,27771907,124
104.23,1565067053,0.00,nan,nan,0.00,0.00,0.00,0.00,1,-69.00,-5.00,30.00,2.00,63.00,4.00,27771907,124
105.23,1565067054,0.00,nan,nan,0.00,0.00,0.00,0.00,1,-69.00,-5.00,30.00,2.00,63.00,4.00,27771907,124
106.23,1565067055,0.00,nan,nan,0.00,0.00,0.00,0.00,1,-73.00,-5.00,23.00,2.00,63.00,4.00,27771907,124
107.23,1565067056,0.00,nan,nan,0.00,0.00,0.00,0.00,1,-73.00,-5.00,23.00,2.00,63.00,4.00,27771907,124
108.24,1565067057,0.00,nan,nan,0.00,0.00,0.00,0.00,1,-78.00,-5.00,15.00,2.00,59.00,4.00,27771907,124
109.23,1565067058,0.00,nan,nan,0.00,0.00,0.00,0.00,1,-78.00,-5.00,15.00,2.00,59.00,4.00,27771907,124
110.23,1565067059,0.00,nan,nan,0.00,0.00,0.00,0.00,1,-78.00,-5.00,15.00,2.00,59.00,4.00,27771907,124
111.23,1565067060,0.00,nan,nan,0.00,0.00,0.00,0.00,1,-84.00,-7.00,9.00,2.00,54.00,4.00,27771907,124
112.23,1565067061,0.00,nan,nan,0.00,0.00,0.00,0.00,1,-84.00,-7.00,9.00,2.00,54.00,4.00,27771907,124
113.23,1565067062,0.00,nan,nan,0.00,0.00,0.00,0.00,1,-85.00,-9.00,6.00,2.00,54.00,4.00,27771907,124
114.23,1565067063,0.00,nan,nan,0.00,0.00,0.00,0.00,1,-85.00,-9.00,6.00,2.00,54.00,4.00,27771907,124
115.23,1565067064,0.00,nan,nan,0.00,0.00,0.00,0.00,1,-82.00,-7.00,22.00,2.00,58.00,4.00,27771908,123
116.23,1565067065,0.00,nan,nan,0.00,0.00,0.00,0.00,1,-82.00,-7.00,22.00,2.00,58.00,4.00,27771908,123
117.23,1565067066,0.00,nan,nan,0.00,0.00,0.00,0.00,1,-80.00,-7.00,29.00,2.00,59.00,4.00,27771908,123
118.23,1565067067,0.00,nan,nan,0.00,0.00,0.00,0.00,1,-80.00,-7.00,29.00,2.00,59.00,4.00,27771908,123
119.23,1565067068,0.00,nan,nan,0.00,0.00,0.00,0.00,1,-77.00,-5.00,32.00,14.00,60.00,3.00,27771908,123
120.23,1565067069,0.00,nan,nan,0.00,0.00,0.00,0.00,1,-77.00,-5.00,32.00,14.00,60.00,3.00,27771908,123
121.23,1565067070,0.00,nan,nan,0.00,0.00,0.00,0.00,1,-73.00,-5.00,19.00,15.00,63.00,3.00,27771908,123
122.23,1565067071,0.00,nan,nan,0.00,0.00,0.00,0.00,1,-73.00,-5.00,19.00,15.00,63.00,3.00,27771908,123
123.23,1565067072,0.00,nan,nan,0.00,0.00,0.00,0.00,1,-73.00,-6.00,31.00,9.00,63.00,3.00,27771908,123
124.23,1565067073,0.00,nan,nan,0.00,0.00,0.00,0.00,1,-73.00,-6.00,31.00,9.00,63.00,3.00,27771908,123
125.23,1565067074,0.00,nan,nan,0.00,0.00,0.00,0.00,1,-74.00,-5.00,30.00,15.00,62.00,3.00,27771908,123
126.23,1565067075,0.00,nan,nan,0.00,0.00,0.00,0.00,1,-74.00,-5.00,30.00,15.00,62.00,3.00,27771908,123
127.23,1565067076,0.00,nan,nan,0.00,0.00,0.00,0.00,1,-76.00,-5.00,16.00,15.00,61.00,3.00,27771908,123
128.23,1565067077,0.00,nan,nan,0.00,0.00,0.00,0.00,1,-76.00,-5.00,16.00,15.00,61.00,3.00,27771908,123
129.24,1565067078,0.00,nan,nan,0.00,0.00,0.00,0.00,1,-82.00,-5.00,26.00,15.00,54.00,3.00,27771908,123
130.23,1565067079,0.00,nan,nan,0.00,0.00,0.00,0.00,1,-82.00,-5.00,26.00,15.00,54.00,3.00,27771908,123
131.23,1565067080,0.00,nan,nan,0.00,0.00,0.00,0.00,1,-82.00,-5.00,26.00,15.00,54.00,3.00,27771908,123
132.23,1565067081,0.00,nan,nan,0.00,0.00,0.00,0.00,1,-86.00,-5.00,24.00,9.00,50.00,3.00,27771908,123
133.23,1565067082,0.00,nan,nan,0.00,0.00,0.00,0.00,1,-86.00,-5.00,24.00,9.00,50.00,3.00,27771908,123
134.23,1565067083,0.00,nan,nan,0.00,0.00,0.00,0.00,1,-90.00,-5.00,27.00,11.00,46.00,3.00,27771908,123
135.23,1565067084,0.00,nan,nan,0.00,0.00,0.00,0.00,1,-90.00,-5.00,27.00,11.00,46.00,3.00,27771908,123
136.23,1565067085,0.00,nan,nan,0.00,0.00,0.00,0.00,1,-97.00,-6.00,22.00,12.00,39.00,3.00,27771908,123
137.23,1565067086,0.00,nan,nan,0.00,0.00,0.00,0.00,1,-97.00,-6.00,22.00,12.00,39.00,3.00,27771908,123
138.23,1565067087,0.00,nan,nan,0.00,0.00,0.00,0.00,1,-100.00,-6.00,14.00,14.00,36.00,3.00,27771908,123
139.23,1565067088,0.00,nan,nan,0.00,0.00,0.00,0.00,1,-100.00,-6.00,14.00,14.00,36.00,3.00,27771908,123
140.23,1565067089,0.00,nan,nan,0.00,0.00,0.00,0.00,1,-99.00,-5.00,19.00,10.00,37.00,3.00,27771908,123
141.23,1565067090,0.00,nan,nan,0.00,0.00,0.00,0.00,1,-99.00,-5.00,19.00,10.00,37.00,3.00,27771908,123
142.23,1565067091,0.00,nan,nan,0.00,0.00,0.00,0.00,1,-101.00,-6.00,10.00,14.00,35.00,3.00,27771908,123
143.23,1565067092,0.00,nan,nan,0.00,0.00,0.00,0.00,1,-101.00,-6.00,10.00,14.00,35.00,3.00,27771908,123
144.23,1565067093,0.00,nan,nan,0.00,0.00,0.00,0.00,1,-105.00,-6.00,14.00,12.00,31.00,3.00,27771908,123
145.23,1565067094,0.00,nan,nan,0.00,0.00,0.00,0.00,1,-105.00,-6.00,14.00,12.00,31.00,3.00,27771908,123
146.23,1565067095,0.00,nan,nan,0.00,0.00,0.00,0.00,1,-105.00,-6.00,10.00,12.00,31.00,3.00,27771908,123
147.23,1565067096,0.00,nan,nan,0.00,0.00,0.00,0.00,1,-105.00,-6.00,10.00,12.00,31.00,3.00,27771908,123
148.23,1565067097,0.00,nan,nan,0.00,0.00,0.00,0.00,1,-107.00,-7.00,6.00,9.00,31.00,3.00,27771908,123
149.23,1565067098,0.00,nan,nan,0.00,0.00,0.00,0.00,1,-107.00,-7.00,6.00,9.00,31.00,3.00,27771908,123
150.24,1565067099,0.00,nan,nan,0.00,0.00,0.00,0.00,1,-108.00,-8.00,7.00,8.00,32.00,3.00,27771908,123
151.24,1565067100,0.00,nan,nan,0.00,0.00,0.00,0.00,1,-108.00,-8.00,7.00,8.00,32.00,3.00,27771908,123
152.24,1565067101,0.00,nan,nan,0.00,0.00,0.00,0.00,1,-108.00,-8.00,7.00,8.00,32.00,3.00,27771908,123
153.24,1565067102,0.00,nan,nan,0.00,0.00,0.00,0.00,1,-109.00,-9.00,4.00,6.00,31.00,3.00,27771908,123
154.24,1565067103,0.00,nan,nan,0.00,0.00,0.00,0.00,1,-109.00,-9.00,4.00,6.00,31.00,3.00,27771908,123
155.24,1565067104,0.00,nan,nan,0.00,0.00,0.00,0.00,1,-112.00,-9.00,3.00,8.00,28.00,11.00,35484416,123
156.24,1565067105,0.00,nan,nan,0.00,0.00,0.00,0.00,1,-112.00,-9.00,3.00,8.00,28.00,11.00,35484416,123
157.23,1565067106,0.00,nan,nan,0.00,0.00,0.00,0.00,1,-96.00,-7.00,5.00,10.00,39.00,11.00,35484416,88
158.23,1565067107,0.00,nan,nan,0.00,0.00,0.00,0.00,1,-96.00,-7.00,5.00,10.00,39.00,11.00,35484416,88
159.23,1565067108,0.00,nan,nan,0.00,0.00,0.00,0.00,1,-94.00,-7.00,10.00,9.00,41.00,11.00,35484416,88
160.23,1565067109,0.00,nan,nan,0.00,0.00,0.00,0.00,1,-94.00,-7.00,10.00,9.00,41.00,11.00,35484416,88
161.23,1565067110,0.00,nan,nan,0.00,0.00,0.00,0.00,1,-97.00,-8.00,4.00,8.00,39.00,11.00,35484416,88
162.23,1565067111,0.00,nan,nan,0.00,0.00,0.00,0.00,1,-97.00,-8.00,4.00,8.00,39.00,11.00,35484416,88
163.24,1565067112,0.00,nan,nan,0.00,0.00,0.00,0.00,1,-101.00,-10.00,4.00,6.00,38.00,11.00,35484416,88
164.23,1565067113,0.00,nan,nan,0.00,0.00,0.00,0.00,1,-101.00,-10.00,4.00,6.00,38.00,11.00,35484416,88
165.23,1565067114,0.00,nan,nan,0.00,0.00,0.00,0.00,1,-95.00,-6.00,8.00,8.00,41.00,11.00,35484416,88
166.23,1565067115,0.00,nan,nan,0.00,0.00,0.00,0.00,1,-95.00,-6.00,8.00,8.00,41.00,11.00,35484416,88
167.23,1565067116,0.00,nan,nan,0.00,0.00,0.00,0.00,1,-91.00,-6.00,15.00,14.00,44.00,11.00,27771905,488
168.23,1565067117,0.00,nan,nan,0.00,0.00,0.00,0.00,1,-91.00,-6.00,15.00,14.00,44.00,11.00,27771905,488
169.23,1565067118,0.00,nan,nan,0.00,0.00,0.00,0.00,1,-79.00,-6.00,18.00,15.00,54.00,11.00,27771905,488
170.23,1565067119,0.00,nan,nan,0.00,0.00,0.00,0.00,1,-79.00,-6.00,18.00,15.00,54.00,11.00,27771905,488
171.24,1565067120,0.00,nan,nan,0.00,0.00,0.00,0.00,1,-81.00,-5.00,19.00,15.00,53.00,11.00,27771905,488
172.23,1565067121,0.00,nan,nan,0.00,0.00,0.00,0.00,1,-81.00,-5.00,19.00,15.00,53.00,11.00,27771905,488
173.23,1565067122,0.00,nan,nan,0.00,0.00,0.00,0.00,1,-81.00,-5.00,19.00,15.00,53.00,11.00,27771905,488
174.23,1565067123,0.00,nan,nan,0.00,0.00,0.00,0.00,1,-81.00,-6.00,19.00,15.00,53.00,11.00,27771905,488
175.23,1565067124,0.00,nan,nan,0.00,0.00,0.00,0.00,1,-81.00,-6.00,19.00,15.00,53.00,11.00,27771905,488
176.23,1565067125,0.00,nan,nan,0.00,0.00,0.00,0.00,1,-76.00,-6.00,23.00,15.00,59.00,11.00,27771905,488
177.23,1565067126,0.00,nan,nan,0.00,0.00,0.00,0.00,1,-76.00,-6.00,23.00,15.00,59.00,11.00,27771905,488
178.23,1565067127,0.00,nan,nan,0.00,0.00,0.00,0.00,1,-77.00,-6.00,19.00,15.00,58.00,11.00,27771905,488
179.23,1565067128,0.00,nan,nan,0.00,0.00,0.00,0.00,1,-77.00,-6.00,19.00,15.00,58.00,11.00,27771905,488
180.23,1565067129,0.00,nan,nan,0.00,0.00,0.00,0.00,1,-79.00,-6.00,16.00,12.00,56.00,11.00,27771905,488
181.23,1565067130,0.00,nan,nan,0.00,0.00,0.00,0.00,1,-79.00,-6.00,16.00,12.00,56.00,11.00,27771905,488
182.23,1565067131,0.00,nan,nan,0.00,0.00,0.00,0.00,1,-81.00,-6.00,18.00,15.00,54.00,11.00,27771905,488
183.23,1565067132,0.00,nan,nan,0.00,0.00,0.00,0.00,1,-81.00,-6.00,18.00,15.00,54.00,11.00,27771905,488
184.23,1565067133,0.00,nan,nan,0.00,0.00,0.00,0.00,1,-80.00,-5.00,22.00,15.00,55.00,11.00,27771905,488
185.23,1565067134,0.00,nan,nan,0.00,0.00,0.00,0.00,1,-80.00,-5.00,22.00,15.00,55.00,11.00,27771905,488
186.23,1565067135,0.00,nan,nan,0.00,0.00,0.00,0.00,1,-83.00,-5.00,22.00,15.00,52.00,11.00,27771905,488
187.23,1565067136,0.00,nan,nan,0.00,0.00,0.00,0.00,1,-83.00,-5.00,22.00,15.00,52.00,11.00,27771905,488
188.23,1565067137,0.00,nan,nan,0.00,0.00,0.00,0.00,1,-80.00,-5.00,21.00,13.00,54.00,11.00,27771905,488
189.23,1565067138,0.00,nan,nan,0.00,0.00,0.00,0.00,1,-80.00,-5.00,21.00,13.00,54.00,11.00,27771905,488
190.23,1565067139,0.00,nan,nan,0.00,0.00,0.00,0.00,1,-80.00,-6.00,13.00,12.00,54.00,11.00,27771905,488
191.23,1565067140,0.00,nan,nan,0.00,0.00,0.00,0.00,1,-80.00,-6.00,13.00,12.00,54.00,11.00,27771905,488
192.24,1565067141,0.00,nan,nan,0.00,0.00,0.00,0.00,1,-77.00,-5.00,22.00,12.00,58.00,11.00,27771905,488
193.23,1565067142,0.00,nan,nan,0.00,0.00,0.00,0.00,1,-77.00,-5.00,22.00,12.00,58.00,11.00,27771905,488
194.23,1565067143,0.00,nan,nan,0.00,0.00,0.00,0.00,1,-77.00,-5.00,22.00,12.00,58.00,11.00,27771905,488
195.23,1565067144,0.00,nan,nan,0.00,0.00,0.00,0.00,1,-75.00,-6.00,19.00,12.00,60.00,11.00,27771905,488
196.23,1565067145,0.00,nan,nan,0.00,0.00,0.00,0.00,1,-75.00,-6.00,19.00,12.00,60.00,11.00,27771905,488
197.23,1565067146,0.00,nan,nan,0.00,0.00,0.00,0.00,1,-73.00,-6.00,14.00,13.00,61.00,11.00,27771905,488
198.23,1565067147,0.00,nan,nan,0.00,0.00,0.00,0.00,1,-73.00,-6.00,14.00,13.00,61.00,11.00,27771905,488
199.23,1565067148,0.00,nan,nan,0.00,0.00,0.00,0.00,1,-72.00,-6.00,19.00,12.00,62.00,11.00,27771905,488
200.23,1565067149,0.00,nan,nan,0.00,0.00,0.00,0.00,1,-72.00,-6.00,19.00,12.00,62.00,11.00,27771905,488
201.23,1565067150,0.00,nan,nan,0.00,0.00,0.00,0.00,1,-67.00,-6.00,30.00,14.00,63.00,11.00,27771905,488
202.23,1565067151,0.00,nan,nan,0.00,0.00,0.00,0.00,1,-67.00,-6.00,30.00,14.00,63.00,11.00,27771905,488
203.23,1565067152,0.00,nan,nan,0.00,0.00,0.00,0.00,1,-69.00,-5.00,25.00,13.00,63.00,11.00,27771905,488
204.25,1565067153,0.00,nan,nan,0.00,0.00,0.00,0.00,1,-69.00,-5.00,25.00,13.00,63.00,11.00,27771905,488
205.23,1565067154,0.00,nan,nan,0.00,0.00,0.00,0.00,1,-70.00,-6.00,29.00,12.00,63.00,11.00,27771905,488
206.23,1565067155,0.00,nan,nan,0.00,0.00,0.00,0.00,1,-70.00,-6.00,29.00,12.00,63.00,11.00,27771905,488
207.24,1565067156,0.00,nan,nan,0.00,0.00,0.00,0.00,1,-75.00,-9.00,14.00,9.00,63.00,11.00,27771905,488
208.23,1565067157,0.00,nan,nan,0.00,0.00,0.00,0.00,1,-75.00,-9.00,14.00,9.00,63.00,11.00,27771905,488
209.23,1565067158,0.00,nan,nan,0.00,0.00,0.00,0.00,1,-69.00,-5.00,12.00,15.00,63.00,1.00,27771906,486
210.23,1565067159,0.00,nan,nan,0.00,0.00,0.00,0.00,1,-69.00,-5.00,12.00,15.00,63.00,1.00,27771906,486
211.23,1565067160,0.00,nan,nan,0.00,0.00,0.00,0.00,1,-60.00,-4.00,24.00,15.00,63.00,1.00,27771906,486
212.23,1565067161,0.00,nan,nan,0.00,0.00,0.00,0.00,1,-60.00,-4.00,24.00,15.00,63.00,1.00,27771906,486
213.24,1565067162,0.00,nan,nan,0.00,0.00,0.00,0.00,1,-72.00,-6.00,27.00,15.00,62.00,1.00,27771906,486
214.23,1565067163,0.00,nan,nan,0.00,0.00,0.00,0.00,1,-72.00,-6.00,27.00,15.00,62.00,1.00,27771906,486
215.23,1565067164,0.00,nan,nan,0.00,0.00,0.00,0.00,1,-72.00,-6.00,27.00,15.00,62.00,1.00,27771906,486
216.23,1565067165,0.00,nan,nan,0.00,0.00,0.00,0.00,1,-63.00,-4.00,28.00,12.00,63.00,1.00,27771906,486
217.23,1565067166,0.00,nan,nan,0.00,0.00,0.00,0.00,1,-63.00,-4.00,28.00,12.00,63.00,1.00,27771906,486
218.23,1565067167,0.00,nan,nan,0.00,0.00,0.00,0.00,1,-62.00,-5.00,22.00,15.00,63.00,1.00,27771906,486
219.23,1565067168,0.00,nan,nan,0.00,0.00,0.00,0.00,1,-62.00,-5.00,22.00,15.00,63.00,1.00,27771906,486
220.23,1565067169,0.00,nan,nan,0.00,0.00,0.00,0.00,1,-61.00,-5.00,28.00,15.00,63.00,1.00,27771906,486
221.23,1565067170,0.00,nan,nan,0.00,0.00,0.00,0.00,1,-61.00,-5.00,28.00,15.00,63.00,1.00,27771906,486
222.23,1565067171,0.00,nan,nan,0.00,0.00,0.00,0.00,1,-71.00,-6.00,10.00,14.00,63.00,1.00,27771906,486
223.23,1565067172,0.00,nan,nan,0.00,0.00,0.00,0.00,1,-71.00,-6.00,10.00,14.00,63.00,1.00,27771906,486
224.23,1565067173,0.00,nan,nan,0.00,0.00,0.00,0.00,1,-72.00,-4.00,7.00,2.00,63.00,1.00,27771909,125
225.24,1565067174,0.00,nan,nan,0.00,0.00,0.00,0.00,1,-72.00,-4.00,7.00,2.00,63.00,1.00,27771909,125
226.23,1565067175,0.00,nan,nan,0.00,0.00,0.00,0.00,1,-74.00,-4.00,28.00,2.00,61.00,1.00,27771909,125
227.23,1565067176,0.00,nan,nan,0.00,0.00,0.00,0.00,1,-74.00,-4.00,28.00,2.00,61.00,1.00,27771909,125
228.23,1565067177,0.00,nan,nan,0.00,0.00,0.00,0.00,1,-80.00,-5.00,24.00,2.00,57.00,1.00,27771909,125
229.23,1565067178,0.00,nan,nan,0.00,0.00,0.00,0.00,1,-80.00,-5.00,24.00,2.00,57.00,1.00,27771909,125
230.23,1565067179,0.00,nan,nan,0.00,0.00,0.00,0.00,1,-79.00,-6.00,21.00,2.00,58.00,1.00,27771909,125
231.23,1565067180,0.00,nan,nan,0.00,0.00,0.00,0.00,1,-79.00,-6.00,21.00,2.00,58.00,1.00,27771909,125
232.23,1565067181,0.00,nan,nan,0.00,0.00,0.00,0.00,1,-77.00,-6.00,20.00,2.00,61.00,1.00,27771909,125
233.24,1565067182,0.00,nan,nan,0.00,0.00,0.00,0.00,1,-77.00,-6.00,20.00,2.00,61.00,1.00,27771909,125
234.24,1565067183,0.00,nan,nan,0.00,0.00,0.00,0.00,1,-70.00,-5.00,28.00,15.00,63.00,4.00,27771909,125
235.23,1565067184,0.00,nan,nan,0.00,0.00,0.00,0.00,1,-70.00,-5.00,28.00,15.00,63.00,4.00,27771909,125
236.23,1565067185,0.00,nan,nan,0.00,0.00,0.00,0.00,1,-70.00,-5.00,28.00,15.00,63.00,4.00,27771909,125
237.23,1565067186,0.00,nan,nan,0.00,0.00,0.00,0.00,1,-81.00,-5.00,30.00,15.00,56.00,4.00,27771909,125
238.23,1565067187,0.00,nan,nan,0.00,0.00,0.00,0.00,1,-81.00,-5.00,30.00,15.00,56.00,4.00,27771909,125
239.23,1565067188,0.00,nan,nan,0.00,0.00,0.00,0.00,1,-85.00,-5.00,21.00,15.00,53.00,4.00,27771909,125
240.23,1565067189,0.00,nan,nan,0.00,0.00,0.00,0.00,1,-85.00,-5.00,21.00,15.00,53.00,4.00,27771909,125
241.23,1565067190,0.00,nan,nan,0.00,0.00,0.00,0.00,1,-83.00,-5.00,12.00,15.00,54.00,4.00,27771909,125
242.23,1565067191,0.00,nan,nan,0.00,0.00,0.00,0.00,1,-83.00,-5.00,12.00,15.00,54.00,4.00,27771909,125
243.23,1565067192,0.00,nan,nan,0.00,0.00,0.00,0.00,1,-81.00,-5.00,32.00,10.00,56.00,4.00,27771909,125
244.23,1565067193,0.00,nan,nan,0.00,0.00,0.00,0.00,1,-81.00,-5.00,32.00,10.00,56.00,4.00,27771909,125
245.23,1565067194,0.00,nan,nan,0.00,0.00,0.00,0.00,1,-82.00,-5.00,24.00,15.00,54.00,4.00,27771909,125
246.23,1565067195,0.00,nan,nan,0.00,0.00,0.00,0.00,1,-82.00,-5.00,24.00,15.00,54.00,4.00,27771909,125
247.23,1565067196,0.00,nan,nan,0.00,0.00,0.00,0.00,1,-93.00,-6.00,26.00,11.00,44.00,4.00,27771909,125
248.23,1565067197,0.00,nan,nan,0.00,0.00,0.00,0.00,1,-93.00,-6.00,26.00,11.00,44.00,4.00,27771909,125
249.23,1565067198,0.00,nan,nan,0.00,0.00,0.00,0.00,1,-72.00,-5.00,29.00,15.00,62.00,4.00,27771909,125
250.23,1565067199,0.00,nan,nan,0.00,0.00,0.00,0.00,1,-72.00,-5.00,29.00,15.00,62.00,4.00,27771909,125
251.23,1565067200,0.00,nan,nan,0.00,0.00,0.00,0.00,1,-70.00,-4.00,32.00,15.00,63.00,4.00,27771909,125
252.23,1565067201,0.00,nan,nan,0.00,0.00,0.00,0.00,1,-70.00,-4.00,32.00,15.00,63.00,4.00,27771909,125
253.23,1565067202,0.00,nan,nan,0.00,0.00,0.00,0.00,1,-78.00,-5.00,24.00,12.00,57.00,4.00,27771909,125
254.23,1565067203,0.00,nan,nan,0.00,0.00,0.00,0.00,1,-78.00,-5.00,24.00,12.00,57.00,4.00,27771909,125
255.24,1565067204,0.00,nan,nan,0.00,0.00,0.00,0.00,1,-83.00,-5.00,23.00,2.00,52.00,4.00,27771909,125
256.23,1565067205,0.00,nan,nan,0.00,0.00,0.00,0.00,1,-83.00,-5.00,23.00,2.00,52.00,4.00,27771909,125
257.23,1565067206,0.00,nan,nan,0.00,0.00,0.00,0.00,1,-83.00,-5.00,23.00,2.00,52.00,4.00,27771909,125
258.23,1565067207,0.00,nan,nan,0.00,0.00,0.00,0.00,1,-84.00,-5.00,23.00,2.00,51.00,4.00,27771909,125
259.23,1565067208,0.00,nan,nan,0.00,0.00,0.00,0.00,1,-84.00,-5.00,23.00,2.00,51.00,4.00,27771909,125
260.23,1565067209,0.00,nan,nan,0.00,0.00,0.00,0.00,1,-91.00,-6.00,21.00,13.00,44.00,5.00,27771909,125
261.23,1565067210,0.00,nan,nan,0.00,0.00,0.00,0.00,1,-91.00,-6.00,21.00,13.00,44.00,5.00,27771909,125
262.23,1565067211,0.00,nan,nan,0.00,0.00,0.00,0.00,1,-92.00,-6.00,13.00,12.00,46.00,5.00,27771909,125
263.23,1565067212,0.00,nan,nan,0.00,0.00,0.00,0.00,1,-92.00,-6.00,13.00,12.00,46.00,5.00,27771909,125
264.23,1565067213,0.00,nan,nan,0.00,0.00,0.00,0.00,1,-91.00,-6.00,19.00,12.00,45.00,5.00,27771909,125
265.23,1565067214,0.00,nan,nan,0.00,0.00,0.00,0.00,1,-91.00,-6.00,19.00,12.00,45.00,5.00,27771909,125
266.23,1565067215,0.00,nan,nan,0.00,0.00,0.00,0.00,1,-90.00,-7.00,19.00,12.00,45.00,5.00,27771909,125
267.23,1565067216,0.00,nan,nan,0.00,0.00,0.00,0.00,1,-90.00,-7.00,19.00,12.00,45.00,5.00,27771909,125
268.23,1565067217,0.00,nan,nan,0.00,0.00,0.00,0.00,1,-88.00,-5.00,19.00,14.00,48.00,5.00,27771909,125
269.23,1565067218,0.00,nan,nan,0.00,0.00,0.00,0.00,1,-88.00,-5.00,19.00,14.00,48.00,5.00,27771909,125
270.23,1565067219,0.00,nan,nan,0.00,0.00,0.00,0.00,1,-93.00,-6.00,12.00,11.00,45.00,5.00,27771909,125
271.23,1565067220,0.00,nan,nan,0.00,0.00,0.00,0.00,1,-93.00,-6.00,12.00,11.00,45.00,5.00,27771909,125
272.23,1565067221,0.00,nan,nan,0.00,0.00,0.00,0.00,1,-92.00,-7.00,16.00,11.00,46.00,5.00,27771909,125
273.24,1565067222,0.00,nan,nan,0.00,0.00,0.00,0.00,1,-92.00,-7.00,16.00,11.00,46.00,5.00,27771909,125
274.23,1565067223,0.00,nan,nan,0.00,0.00,0.00,0.00,1,-87.00,-5.00,16.00,2.00,47.00,5.00,27771909,125
275.23,1565067224,0.00,nan,nan,0.00,0.00,0.00,0.00,1,-87.00,-5.00,16.00,2.00,47.00,5.00,27771909,125
276.24,1565067225,0.00,nan,nan,0.00,0.00,0.00,0.00,1,-88.00,-6.00,11.00,2.00,48.00,5.00,27771909,125
277.24,1565067226,0.00,nan,nan,0.00,0.00,0.00,0.00,1,-88.00,-6.00,11.00,2.00,48.00,5.00,27771909,125
278.23,1565067227,0.00,nan,nan,0.00,0.00,0.00,0.00,1,-88.00,-6.00,11.00,2.00,48.00,5.00,27771909,125
279.23,1565067228,0.00,nan,nan,0.00,0.00,0.00,0.00,1,-95.00,-7.00,2.00,2.00,42.00,5.00,27771909,125
280.23,1565067229,0.00,nan,nan,0.00,0.00,0.00,0.00,1,-95.00,-7.00,2.00,2.00,42.00,5.00,27771909,125
281.24,1565067230,0.00,nan,nan,0.00,0.00,0.00,0.00,1,-99.00,-5.00,13.00,2.00,37.00,5.00,30422273,403
282.23,1565067231,0.00,nan,nan,0.00,0.00,0.00,0.00,1,-99.00,-5.00,13.00,2.00,37.00,5.00,30422273,403
283.23,1565067232,0.00,nan,nan,0.00,0.00,0.00,0.00,1,-104.00,-6.00,6.00,2.00,33.00,5.00,30422273,403
284.23,1565067233,0.00,nan,nan,0.00,0.00,0.00,0.00,1,-104.00,-6.00,6.00,2.00,33.00,5.00,30422273,403
285.23,1565067234,0.00,nan,nan,0.00,0.00,0.00,0.00,1,-105.00,-7.00,10.00,2.00,32.00,5.00,30422273,403
286.23,1565067235,0.00,nan,nan,0.00,0.00,0.00,0.00,1,-105.00,-7.00,10.00,2.00,32.00,5.00,30422273,403
287.23,1565067236,0.00,nan,nan,0.00,0.00,0.00,0.00,1,-110.00,-7.00,7.00,2.00,29.00,5.00,30422273,403
288.23,1565067237,0.00,nan,nan,0.00,0.00,0.00,0.00,1,-110.00,-7.00,7.00,2.00,29.00,5.00,30422273,403
289.23,1565067238,0.00,nan,nan,0.00,0.00,0.00,0.00,1,-109.00,-7.00,1.00,2.00,30.00,5.00,30422273,403
290.23,1565067239,0.00,nan,nan,0.00,0.00,0.00,0.00,1,-109.00,-7.00,1.00,2.00,30.00,5.00,30422273,403
291.23,1565067240,0.00,nan,nan,0.00,0.00,0.00,0.00,1,-111.00,-8.00,7.00,2.00,29.00,5.00,30422273,403
292.24,1565067241,0.00,nan,nan,0.00,0.00,0.00,0.00,1,-111.00,-8.00,7.00,2.00,29.00,5.00,30422273,403
293.23,1565067242,0.00,nan,nan,0.00,0.00,0.00,0.00,1,-113.00,-9.00,1.00,2.00,28.00,5.00,30422273,403
294.23,1565067243,0.00,nan,nan,0.00,0.00,0.00,0.00,1,-113.00,-9.00,1.00,2.00,28.00,5.00,30422273,403
295.24,1565067244,0.00,nan,nan,0.00,0.00,0.00,0.00,1,-112.00,-9.00,-4.00,2.00,28.00,5.00,30422273,403
296.24,1565067245,0.00,nan,nan,0.00,0.00,0.00,0.00,1,-112.00,-9.00,-4.00,2.00,28.00,5.00,30422273,403
297.25,1565067246,0.00,nan,nan,0.00,0.00,0.00,0.00,1,-115.00,-11.00,-5.00,2.00,28.00,5.00,30422273,403
298.24,1565067247,0.00,nan,nan,0.00,0.00,0.00,0.00,1,-115.00,-11.00,-5.00,2.00,28.00,5.00,30422273,403
299.24,1565067248,0.00,nan,nan,0.00,0.00,0.00,0.00,1,-115.00,-11.00,-5.00,2.00,28.00,5.00,30422273,403
300.24,1565067249,0.00,nan,nan,0.00,0.00,0.00,0.00,1,-115.00,-11.00,3.00,2.00,27.00,5.00,31281409,195
301.24,1565067250,0.00,nan,nan,0.00,0.00,0.00,0.00,1,-115.00,-11.00,3.00,2.00,27.00,5.00,31281409,195
302.24,1565067251,0.00,nan,nan,0.00,0.00,0.00,0.00,1,-114.00,-9.00,-1.00,2.00,27.00,5.00,31281409,195
303.24,1565067252,0.00,nan,nan,0.00,0.00,0.00,0.00,1,-114.00,-9.00,-1.00,2.00,27.00,5.00,31281409,195
304.24,1565067253,0.00,nan,nan,0.00,0.00,0.00,0.00,1,-114.00,-9.00,-2.00,2.00,26.00,5.00,31281409,195
305.24,1565067254,0.00,nan,nan,0.00,0.00,0.00,0.00,1,-114.00,-9.00,-2.00,2.00,26.00,5.00,31281409,195
306.23,1565067255,0.00,nan,nan,0.00,0.00,0.00,0.00,1,-114.00,-10.00,-1.00,2.00,28.00,5.00,33527552,231
307.23,1565067256,0.00,nan,nan,0.00,0.00,0.00,0.00,1,-114.00,-10.00,-1.00,2.00,28.00,5.00,33527552,231
308.24,1565067257,0.00,nan,nan,0.00,0.00,0.00,0.00,1,-113.00,-10.00,5.00,2.00,28.00,5.00,33527552,231
309.24,1565067258,0.00,nan,nan,0.00,0.00,0.00,0.00,1,-113.00,-10.00,5.00,2.00,28.00,5.00,33527552,231
310.24,1565067259,0.00,nan,nan,0.00,0.00,0.00,0.00,1,-111.00,-10.00,5.00,2.00,30.00,5.00,33527552,231
311.24,1565067260,0.00,nan,nan,0.00,0.00,0.00,0.00,1,-111.00,-10.00,5.00,2.00,30.00,5.00,33527552,231
312.23,1565067261,0.00,nan,nan,0.00,0.00,0.00,0.00,1,-109.00,-10.00,-1.00,2.00,32.00,5.00,33527552,231
313.24,1565067262,0.00,nan,nan,0.00,0.00,0.00,0.00,1,-109.00,-10.00,-1.00,2.00,32.00,5.00,33527552,231
314.23,1565067263,0.00,nan,nan,0.00,0.00,0.00,0.00,1,-108.00,-10.00,0.00,2.00,33.00,5.00,33527552,231
315.23,1565067264,0.00,nan,nan,0.00,0.00,0.00,0.00,1,-108.00,-10.00,0.00,2.00,33.00,5.00,33527552,231
316.23,1565067265,0.00,nan,nan,0.00,0.00,0.00,0.00,1,-103.00,-7.00,2.00,2.00,36.00,5.00,27771908,123
317.23,1565067266,0.00,nan,nan,0.00,0.00,0.00,0.00,1,-103.00,-7.00,2.00,2.00,36.00,5.00,27771908,123
318.24,1565067267,0.00,nan,nan,0.00,0.00,0.00,0.00,1,-101.00,-7.00,-2.00,2.00,38.00,5.00,27771908,123
319.23,1565067268,0.00,nan,nan,0.00,0.00,0.00,0.00,1,-101.00,-7.00,-2.00,2.00,38.00,5.00,27771908,123
320.23,1565067269,0.00,nan,nan,0.00,0.00,0.00,0.00,1,-101.00,-7.00,-2.00,2.00,38.00,5.00,27771908,123
321.23,1565067270,0.00,nan,nan,0.00,0.00,0.00,0.00,1,-96.00,-8.00,14.00,2.00,44.00,5.00,33527552,231
322.23,1565067271,0.00,nan,nan,0.00,0.00,0.00,0.00,1,-96.00,-8.00,14.00,2.00,44.00,5.00,33527552,231
323.23,1565067272,0.00,nan,nan,0.00,0.00,0.00,0.00,1,-88.00,-6.00,19.00,2.00,49.00,5.00,33527552,231
324.23,1565067273,0.00,nan,nan,0.00,0.00,0.00,0.00,1,-88.00,-6.00,19.00,2.00,49.00,5.00,33527552,231
325.24,1565067274,0.00,nan,nan,0.00,0.00,0.00,0.00,1,-85.00,-7.00,21.00,14.00,50.00,13.00,33527552,231
326.23,1565067275,0.00,nan,nan,0.00,0.00,0.00,0.00,1,-85.00,-7.00,21.00,14.00,50.00,13.00,33527552,231
327.23,1565067276,0.00,nan,nan,0.00,0.00,0.00,0.00,1,-81.00,-7.00,22.00,13.00,51.00,13.00,33527552,231
328.23,1565067277,0.00,nan,nan,0.00,0.00,0.00,0.00,1,-81.00,-7.00,22.00,13.00,51.00,13.00,33527552,231
329.23,1565067278,0.00,nan,nan,0.00,0.00,0.00,0.00,1,-82.00,-5.00,28.00,15.00,53.00,13.00,33527552,231
330.23,1565067279,0.00,nan,nan,0.00,0.00,0.00,0.00,1,-82.00,-5.00,28.00,15.00,53.00,13.00,33527552,231
331.23,1565067280,0.00,nan,nan,0.00,0.00,0.00,0.00,1,-79.00,-4.00,25.00,13.00,56.00,13.00,33527552,231
332.23,1565067281,0.00,nan,nan,0.00,0.00,0.00,0.00,1,-79.00,-4.00,25.00,13.00,56.00,13.00,33527552,231
333.23,1565067282,0.00,nan,nan,0.00,0.00,0.00,0.00,1,-78.00,-6.00,29.00,14.00,58.00,13.00,33527552,231
334.23,1565067283,0.00,nan,nan,0.00,0.00,0.00,0.00,1,-78.00,-6.00,29.00,14.00,58.00,13.00,33527552,231
335.23,1565067284,0.00,nan,nan,0.00,0.00,0.00,0.00,1,-77.00,-5.00,31.00,15.00,60.00,13.00,33527552,231
336.23,1565067285,0.00,nan,nan,0.00,0.00,0.00,0.00,1,-77.00,-5.00,31.00,15.00,60.00,13.00,33527552,231
337.23,1565067286,0.00,nan,nan,0.00,0.00,0.00,0.00,1,-74.00,-5.00,32.00,15.00,63.00,13.00,33527552,231
338.23,1565067287,0.00,nan,nan,0.00,0.00,0.00,0.00,1,-74.00,-5.00,32.00,15.00,63.00,13.00,33527552,231
339.24,1565067288,0.00,nan,nan,0.00,0.00,0.00,0.00,1,-69.00,-4.00,33.00,14.00,63.00,13.00,33527552,231
340.23,1565067289,0.00,nan,nan,0.00,0.00,0.00,0.00,1,-69.00,-4.00,33.00,14.00,63.00,13.00,33527552,231
341.23,1565067290,0.00,nan,nan,0.00,0.00,0.00,0.00,1,-69.00,-4.00,33.00,14.00,63.00,13.00,33527552,231
342.23,1565067291,0.00,nan,nan,0.00,0.00,0.00,0.00,1,-70.00,-7.00,33.00,14.00,63.00,13.00,33527552,231
343.23,1565067292,0.00,nan,nan,0.00,0.00,0.00,0.00,1,-70.00,-7.00,33.00,14.00,63.00,13.00,33527552,231
344.23,1565067293,0.00,nan,nan,0.00,0.00,0.00,0.00,1,-76.00,-5.00,33.00,15.00,62.00,13.00,33527552,231
345.23,1565067294,0.00,nan,nan,0.00,0.00,0.00,0.00,1,-76.00,-5.00,33.00,15.00,62.00,13.00,33527552,231
346.23,1565067295,0.00,nan,nan,0.00,0.00,0.00,0.00,1,-76.00,-5.00,32.00,15.00,61.00,13.00,33527552,231
347.23,1565067296,0.00,nan,nan,0.00,0.00,0.00,0.00,1,-76.00,-5.00,32.00,15.00,61.00,13.00,33527552,231
348.23,1565067297,0.00,nan,nan,0.00,0.00,0.00,0.00,1,-75.00,-5.00,30.00,15.00,62.00,13.00,33527552,231
349.23,1565067298,0.00,nan,nan,0.00,0.00,0.00,0.00,1,-75.00,-5.00,30.00,15.00,62.00,13.00,33527552,231
350.23,1565067299,0.00,nan,nan,0.00,0.00,0.00,0.00,1,-85.00,-6.00,10.00,13.00,52.00,13.00,33527552,231
351.23,1565067300,0.00,nan,nan,0.00,0.00,0.00,0.00,1,-85.00,-6.00,10.00,13.00,52.00,13.00,33527552,231
352.23,1565067301,0.00,nan,nan,0.00,0.00,0.00,0.00,1,-89.00,-6.00,10.00,10.00,47.00,13.00,33527552,231
353.23,1565067302,0.00,nan,nan,0.00,0.00,0.00,0.00,1,-89.00,-6.00,10.00,10.00,47.00,13.00,33527552,231
354.23,1565067303,0.00,nan,nan,0.00,0.00,0.00,0.00,1,-74.00,-5.00,22.00,15.00,62.00,13.00,33527552,231
355.23,1565067304,0.00,nan,nan,0.00,0.00,0.00,0.00,1,-74.00,-5.00,22.00,15.00,62.00,13.00,33527552,231
356.23,1565067305,0.00,nan,nan,0.00,0.00,0.00,0.00,1,-79.00,-7.00,4.00,11.00,60.00,13.00,33527552,231
357.23,1565067306,0.00,nan,nan,0.00,0.00,0.00,0.00,1,-79.00,-7.00,4.00,11.00,60.00,13.00,33527552,231
358.23,1565067307,0.00,nan,nan,0.00,0.00,0.00,0.00,1,-79.00,-5.00,5.00,6.00,59.00,1.00,33527554,233
359.23,1565067308,0.00,nan,nan,0.00,0.00,0.00,0.00,1,-79.00,-5.00,5.00,6.00,59.00,1.00,33527554,233
360.24,1565067309,0.00,nan,nan,0.00,0.00,0.00,0.00,1,-77.00,-5.00,30.00,15.00,58.00,1.00,33527554,233
361.23,1565067310,0.00,nan,nan,0.00,0.00,0.00,0.00,1,-77.00,-5.00,30.00,15.00,58.00,1.00,33527554,233
362.23,1565067311,0.00,nan,nan,0.00,0.00,0.00,0.00,1,-77.00,-5.00,30.00,15.00,58.00,1.00,33527554,233
363.23,1565067312,0.00,nan,nan,0.00,0.00,0.00,0.00,1,-79.00,-5.00,29.00,15.00,58.00,1.00,33527554,233
364.23,1565067313,0.00,nan,nan,0.00,0.00,0.00,0.00,1,-79.00,-5.00,29.00,15.00,58.00,1.00,33527554,233
365.23,1565067314,0.00,nan,nan,0.00,0.00,0.00,0.00,1,-89.00,-6.00,8.00,10.00,48.00,1.00,33527554,233
366.23,1565067315,0.00,nan,nan,0.00,0.00,0.00,0.00,1,-89.00,-6.00,8.00,10.00,48.00,1.00,33527554,233
367.23,1565067316,0.00,nan,nan,0.00,0.00,0.00,0.00,1,-88.00,-6.00,25.00,15.00,49.00,1.00,33527554,233
368.23,1565067317,0.00,nan,nan,0.00,0.00,0.00,0.00,1,-88.00,-6.00,25.00,15.00,49.00,1.00,33527554,233
369.23,1565067318,0.00,nan,nan,0.00,0.00,0.00,0.00,1,-84.00,-6.00,23.00,14.00,52.00,1.00,33527554,233
370.23,1565067319,0.00,nan,nan,0.00,0.00,0.00,0.00,1,-84.00,-6.00,23.00,14.00,52.00,1.00,33527554,233
371.23,1565067320,0.00,nan,nan,0.00,0.00,0.00,0.00,1,-88.00,-6.00,7.00,11.00,49.00,1.00,33527554,233
372.23,1565067321,0.00,nan,nan,0.00,0.00,0.00,0.00,1,-88.00,-6.00,7.00,11.00,49.00,1.00,33527554,233
373.23,1565067322,0.00,nan,nan,0.00,0.00,0.00,0.00,1,-86.00,-6.00,25.00,2.00,51.00,1.00,33527554,233
374.23,1565067323,0.00,nan,nan,0.00,0.00,0.00,0.00,1,-86.00,-6.00,25.00,2.00,51.00,1.00,33527554,233
375.23,1565067324,0.00,nan,nan,0.00,0.00,0.00,0.00,1,-83.00,-5.00,28.00,2.00,53.00,1.00,33527554,233
376.23,1565067325,0.00,nan,nan,0.00,0.00,0.00,0.00,1,-83.00,-5.00,28.00,2.00,53.00,1.00,33527554,233
377.23,1565067326,0.00,nan,nan,0.00,0.00,0.00,0.00,1,-82.00,-6.00,28.00,2.00,54.00,1.00,33527554,233
378.23,1565067327,0.00,nan,nan,0.00,0.00,0.00,0.00,1,-82.00,-6.00,28.00,2.00,54.00,1.00,33527554,233
379.23,1565067328,0.00,nan,nan,0.00,0.00,0.00,0.00,1,-80.00,-6.00,27.00,2.00,57.00,1.00,33527554,233
380.23,1565067329,0.00,nan,nan,0.00,0.00,0.00,0.00,1,-80.00,-6.00,27.00,2.00,57.00,1.00,33527554,233
381.24,1565067330,0.00,nan,nan,0.00,0.00,0.00,0.00,1,-80.00,-5.00,23.00,2.00,56.00,1.00,33527554,233
382.23,1565067331,0.00,nan,nan,0.00,0.00,0.00,0.00,1,-80.00,-5.00,23.00,2.00,56.00,1.00,33527554,233
383.23,1565067332,0.00,nan,nan,0.00,0.00,0.00,0.00,1,-80.00,-5.00,23.00,2.00,56.00,1.00,33527554,233
384.23,1565067333,0.00,nan,nan,0.00,0.00,0.00,0.00,1,-80.00,-5.00,27.00,2.00,55.00,1.00,33527554,233
385.23,1565067334,0.00,nan,nan,0.00,0.00,0.00,0.00,1,-80.00,-5.00,27.00,2.00,55.00,1.00,33527554,233
386.23,1565067335,0.00,nan,nan,0.00,0.00,0.00,0.00,1,-86.00,-5.00,19.00,2.00,50.00,1.00,33527554,233
387.23,1565067336,0.00,nan,nan,0.00,0.00,0.00,0.00,1,-86.00,-5.00,19.00,2.00,50.00,1.00,33527554,233
388.23,1565067337,0.00,nan,nan,0.00,0.00,0.00,0.00,1,-93.00,-6.00,19.00,2.00,44.00,1.00,33527554,233
389.24,1565067338,0.00,nan,nan,0.00,0.00,0.00,0.00,1,-93.00,-6.00,19.00,2.00,44.00,1.00,33527554,233
390.23,1565067339,0.00,nan,nan,0.00,0.00,0.00,0.00,1,-96.00,-6.00,13.00,2.00,42.00,1.00,33527554,233
391.23,1565067340,0.00,nan,nan,0.00,0.00,0.00,0.00,1,-96.00,-6.00,13.00,2.00,42.00,1.00,33527554,233
392.23,1565067341,0.00,nan,nan,0.00,0.00,0.00,0.00,1,-96.00,-6.00,19.00,2.00,41.00,1.00,33527554,233
393.23,1565067342,0.00,nan,nan,0.00,0.00,0.00,0.00,1,-96.00,-6.00,19.00,2.00,41.00,1.00,33527554,233
394.23,1565067343,0.00,nan,nan,0.00,0.00,0.00,0.00,1,-96.00,-6.00,19.00,2.00,42.00,1.00,33527554,233
395.23,1565067344,0.00,nan,nan,0.00,0.00,0.00,0.00,1,-96.00,-6.00,19.00,2.00,42.00,1.00,33527554,233
396.23,1565067345,0.00,nan,nan,0.00,0.00,0.00,0.00,1,-98.00,-7.00,3.00,2.00,40.00,1.00,33527554,233
397.23,1565067346,0.00,nan,nan,0.00,0.00,0.00,0.00,1,-98.00,-7.00,3.00,2.00,40.00,1.00,33527554,233
398.23,1565067347,0.00,nan,nan,0.00,0.00,0.00,0.00,1,-99.00,-7.00,1.00,2.00,39.00,1.00,33527554,233
399.24,1565067348,0.00,nan,nan,0.00,0.00,0.00,0.00,1,-99.00,-7.00,1.00,2.00,39.00,1.00,33527554,233
400.24,1565067349,0.00,nan,nan,0.00,0.00,0.00,0.00,1,-103.00,-10.00,2.00,2.00,38.00,1.00,33527554,233
401.24,1565067350,0.00,nan,nan,0.00,0.00,0.00,0.00,1,-103.00,-10.00,2.00,2.00,38.00,1.00,33527554,233
402.25,1565067351,0.00,nan,nan,0.00,0.00,0.00,0.00,1,-107.00,-12.00,-4.00,2.00,37.00,1.00,33527554,233
403.24,1565067352,0.00,nan,nan,0.00,0.00,0.00,0.00,1,-107.00,-12.00,-4.00,2.00,37.00,1.00,33527554,233
404.24,1565067353,0.00,nan,nan,0.00,0.00,0.00,0.00,1,-107.00,-12.00,-4.00,2.00,37.00,1.00,33527554,233
405.24,1565067354,0.00,nan,nan,0.00,0.00,0.00,0.00,1,-103.00,-11.00,5.00,2.00,39.00,1.00,27771140,49
406.24,1565067355,0.00,nan,nan,0.00,0.00,0.00,0.00,1,-103.00,-11.00,5.00,2.00,39.00,1.00,27771140,49
407.24,1565067356,0.00,nan,nan,0.00,0.00,0.00,0.00,1,-101.00,-11.00,5.00,2.00,42.00,1.00,27770883,375
408.24,1565067357,0.00,nan,nan,0.00,0.00,0.00,0.00,1,-101.00,-11.00,5.00,2.00,42.00,1.00,27770883,375
409.24,1565067358,0.00,nan,nan,0.00,0.00,0.00,0.00,1,-100.00,-11.00,8.00,2.00,43.00,1.00,27770883,375
410.24,1565067359,0.00,nan,nan,0.00,0.00,0.00,0.00,1,-100.00,-11.00,8.00,2.00,43.00,1.00,27770883,375
411.24,1565067360,0.00,nan,nan,0.00,0.00,0.00,0.00,1,-101.00,-11.00,-2.00,2.00,42.00,1.00,27770883,375
412.24,1565067361,0.00,nan,nan,0.00,0.00,0.00,0.00,1,-101.00,-11.00,-2.00,2.00,42.00,1.00,27770883,375
413.24,1565067362,0.00,nan,nan,0.00,0.00,0.00,0.00,1,-100.00,-10.00,-6.00,2.00,41.00,1.00,27770883,375
414.24,1565067363,0.00,nan,nan,0.00,0.00,0.00,0.00,1,-100.00,-10.00,-6.00,2.00,41.00,1.00,27770883,375
415.24,1565067364,0.00,nan,nan,0.00,0.00,0.00,0.00,1,-100.00,-11.00,2.00,2.00,42.00,1.00,27770883,375
416.24,1565067365,0.00,nan,nan,0.00,0.00,0.00,0.00,1,-100.00,-11.00,2.00,2.00,42.00,1.00,27770883,375
417.24,1565067366,0.00,nan,nan,0.00,0.00,0.00,0.00,1,-101.00,-11.00,-6.00,2.00,42.00,1.00,33837570,375
418.24,1565067367,0.00,nan,nan,0.00,0.00,0.00,0.00,1,-101.00,-11.00,-6.00,2.00,42.00,1.00,33837570,375
419.23,1565067368,0.00,nan,nan,0.00,0.00,0.00,0.00,1,-99.00,-11.00,5.00,2.00,44.00,1.00,33837570,348
420.24,1565067369,0.00,nan,nan,0.00,0.00,0.00,0.00,1,-99.00,-11.00,5.00,2.00,44.00,1.00,33837570,348
421.23,1565067370,0.00,nan,nan,0.00,0.00,0.00,0.00,1,-95.00,-8.00,11.00,2.00,45.00,1.00,27770883,375
422.23,1565067371,0.00,nan,nan,0.00,0.00,0.00,0.00,1,-95.00,-8.00,11.00,2.00,45.00,1.00,27770883,375
423.24,1565067372,0.00,nan,nan,0.00,0.00,0.00,0.00,1,-85.00,-6.00,4.00,6.00,53.00,26.00,33527554,233
424.23,1565067373,0.00,nan,nan,0.00,0.00,0.00,0.00,1,-85.00,-6.00,4.00,6.00,53.00,26.00,33527554,233
425.24,1565067374,0.00,nan,nan,0.00,0.00,0.00,0.00,1,-85.00,-6.00,4.00,6.00,53.00,26.00,33527554,233
426.24,1565067375,0.00,nan,nan,0.00,0.00,0.00,0.00,1,-92.00,-11.00,2.00,10.00,51.00,26.00,33527554,233
427.24,1565067376,0.00,nan,nan,0.00,0.00,0.00,0.00,1,-92.00,-11.00,2.00,10.00,51.00,26.00,33527554,233
428.24,1565067377,0.00,nan,nan,0.00,0.00,0.00,0.00,1,-86.00,-7.00,-4.00,6.00,53.00,10.00,27770883,375
429.24,1565067378,0.00,nan,nan,0.00,0.00,0.00,0.00,1,-86.00,-7.00,-4.00,6.00,53.00,10.00,27770883,375
430.24,1565067379,0.00,nan,nan,0.00,0.00,0.00,0.00,1,-87.00,-7.00,7.00,12.00,51.00,10.00,27770883,375
431.24,1565067380,0.00,nan,nan,0.00,0.00,0.00,0.00,1,-87.00,-7.00,7.00,12.00,51.00,10.00,27770883,375
432.23,1565067381,0.00,nan,nan,0.00,0.00,0.00,0.00,1,-84.00,-7.00,3.00,6.00,55.00,8.00,27770883,375
433.23,1565067382,0.00,nan,nan,0.00,0.00,0.00,0.00,1,-84.00,-7.00,3.00,6.00,55.00,8.00,27770883,375
434.23,1565067383,0.00,nan,nan,0.00,0.00,0.00,0.00,1,-78.00,-7.00,20.00,12.00,60.00,8.00,27770883,375
435.23,1565067384,0.00,nan,nan,0.00,0.00,0.00,0.00,1,-78.00,-7.00,20.00,12.00,60.00,8.00,27770883,375
436.23,1565067385,0.00,nan,nan,0.00,0.00,0.00,0.00,1,-79.00,-9.00,17.00,14.00,62.00,8.00,27770883,375
437.23,1565067386,0.00,nan,nan,0.00,0.00,0.00,0.00,1,-79.00,-9.00,17.00,14.00,62.00,8.00,27770883,375
438.23,1565067387,0.00,nan,nan,0.00,0.00,0.00,0.00,1,-77.00,-6.00,21.00,10.00,61.00,8.00,27770883,375
439.23,1565067388,0.00,nan,nan,0.00,0.00,0.00,0.00,1,-77.00,-6.00,21.00,10.00,61.00,8.00,27770883,375
440.23,1565067389,0.00,nan,nan,0.00,0.00,0.00,0.00,1,-74.00,-6.00,22.00,14.00,63.00,8.00,27770883,375
441.23,1565067390,0.00,nan,nan,0.00,0.00,0.00,0.00,1,-74.00,-6.00,22.00,14.00,63.00,8.00,27770883,375
442.23,1565067391,0.00,nan,nan,0.00,0.00,0.00,0.00,1,-72.00,-7.00,27.00,15.00,63.00,8.00,27770883,375
443.23,1565067392,0.00,nan,nan,0.00,0.00,0.00,0.00,1,-72.00,-7.00,27.00,15.00,63.00,8.00,27770883,375
444.24,1565067393,0.00,nan,nan,0.00,0.00,0.00,0.00,1,-90.00,-9.00,4.00,11.00,48.00,8.00,27770883,375
445.24,1565067394,0.00,nan,nan,0.00,0.00,0.00,0.00,1,-90.00,-9.00,4.00,11.00,48.00,8.00,27770883,375
446.23,1565067395,0.00,nan,nan,0.00,0.00,0.00,0.00,1,-90.00,-9.00,4.00,11.00,48.00,8.00,27770883,375
447.23,1565067396,0.00,nan,nan,0.00,0.00,0.00,0.00,1,-77.00,-7.00,-7.00,6.00,54.00,4.00,27770883,375
448.23,1565067397,0.00,nan,nan,0.00,0.00,0.00,0.00,1,-77.00,-7.00,-7.00,6.00,54.00,4.00,27770883,375
449.23,1565067398,0.00,nan,nan,0.00,0.00,0.00,0.00,1,-85.00,-10.00,1.00,9.00,54.00,4.00,27770883,375
450.24,1565067399,0.00,nan,nan,0.00,0.00,0.00,0.00,1,-85.00,-10.00,1.00,9.00,54.00,4.00,27770883,375
451.23,1565067400,0.00,nan,nan,0.00,0.00,0.00,0.00,1,-98.00,-12.00,-7.00,6.00,44.00,4.00,27770885,376
452.23,1565067401,0.00,nan,nan,0.00,0.00,0.00,0.00,1,-98.00,-12.00,-7.00,6.00,44.00,4.00,27770885,376
453.23,1565067402,0.00,nan,nan,0.00,0.00,0.00,0.00,1,-98.00,-9.00,13.00,8.00,43.00,4.00,27770885,376
454.23,1565067403,0.00,nan,nan,0.00,0.00,0.00,0.00,1,-98.00,-9.00,13.00,8.00,43.00,4.00,27770885,376
455.23,1565067404,0.00,nan,nan,0.00,0.00,0.00,0.00,1,-91.00,-7.00,11.00,15.00,46.00,4.00,27770885,376
456.23,1565067405,0.00,nan,nan,0.00,0.00,0.00,0.00,1,-91.00,-7.00,11.00,15.00,46.00,4.00,27770885,376
457.23,1565067406,0.00,nan,nan,0.00,0.00,0.00,0.00,1,-80.00,-6.00,24.00,11.00,57.00,4.00,27770885,376
458.23,1565067407,0.00,nan,nan,0.00,0.00,0.00,0.00,1,-80.00,-6.00,24.00,11.00,57.00,4.00,27770885,376
459.23,1565067408,0.00,nan,nan,0.00,0.00,0.00,0.00,1,-90.00,-6.00,11.00,9.00,45.00,4.00,27770885,376
460.23,1565067409,0.00,nan,nan,0.00,0.00,0.00,0.00,1,-90.00,-6.00,11.00,9.00,45.00,4.00,27770885,376
461.23,1565067410,0.00,nan,nan,0.00,0.00,0.00,0.00,1,-92.00,-7.00,22.00,9.00,46.00,4.00,27770885,376
462.23,1565067411,0.00,nan,nan,0.00,0.00,0.00,0.00,1,-92.00,-7.00,22.00,9.00,46.00,4.00,27770885,376
463.23,1565067412,0.00,nan,nan,0.00,0.00,0.00,0.00,1,-80.00,-7.00,20.00,15.00,57.00,4.00,27770885,376
464.23,1565067413,0.00,nan,nan,0.00,0.00,0.00,0.00,1,-80.00,-7.00,20.00,15.00,57.00,4.00,27770885,376
465.24,1565067414,0.00,nan,nan,0.00,0.00,0.00,0.00,1,-83.00,-6.00,35.00,15.00,54.00,4.00,27770885,376
466.23,1565067415,0.00,nan,nan,0.00,0.00,0.00,0.00,1,-83.00,-6.00,35.00,15.00,54.00,4.00,27770885,376
467.23,1565067416,0.00,nan,nan,0.00,0.00,0.00,0.00,1,-83.00,-6.00,35.00,15.00,54.00,4.00,27770885,376
468.23,1565067417,0.00,nan,nan,0.00,0.00,0.00,0.00,1,-81.00,-7.00,4.00,15.00,50.00,4.00,27770885,376
469.23,1565067418,0.00,nan,nan,0.00,0.00,0.00,0.00,1,-81.00,-7.00,4.00,15.00,50.00,4.00,27770885,376
470.23,1565067419,0.00,nan,nan,0.00,0.00,0.00,0.00,1,-87.00,-7.00,6.00,9.00,51.00,4.00,27770885,376
471.23,1565067420,0.00,nan,nan,0.00,0.00,0.00,0.00,1,-87.00,-7.00,6.00,9.00,51.00,4.00,27770885,376
472.23,1565067421,0.00,nan,nan,0.00,0.00,0.00,0.00,1,-89.00,-10.00,5.00,7.00,50.00,4.00,27770885,376
473.23,1565067422,0.00,nan,nan,0.00,0.00,0.00,0.00,1,-89.00,-10.00,5.00,7.00,50.00,4.00,27770885,376
474.24,1565067423,0.00,nan,nan,0.00,0.00,0.00,0.00,1,-88.00,-7.00,5.00,12.00,50.00,19.00,27771140,49
475.23,1565067424,0.00,nan,nan,0.00,0.00,0.00,0.00,1,-88.00,-7.00,5.00,12.00,50.00,19.00,27771140,49
476.23,1565067425,0.00,nan,nan,0.00,0.00,0.00,0.00,1,-86.00,-6.00,29.00,12.00,52.00,19.00,27771140,49
477.23,1565067426,0.00,nan,nan,0.00,0.00,0.00,0.00,1,-86.00,-6.00,29.00,12.00,52.00,19.00,27771140,49
478.23,1565067427,0.00,nan,nan,0.00,0.00,0.00,0.00,1,-88.00,-6.00,29.00,11.00,50.00,19.00,27771140,49
479.23,1565067428,0.00,nan,nan,0.00,0.00,0.00,0.00,1,-88.00,-6.00,29.00,11.00,50.00,19.00,27771140,49
480.24,1565067429,0.00,nan,nan,0.00,0.00,0.00,0.00,1,-87.00,-7.00,18.00,13.00,53.00,19.00,27771140,49
481.24,1565067430,0.00,nan,nan,0.00,0.00,0.00,0.00,1,-87.00,-7.00,18.00,13.00,53.00,19.00,27771140,49
482.23,1565067431,0.00,nan,nan,0.00,0.00,0.00,0.00,1,-86.00,-6.00,33.00,15.00,52.00,19.00,27771140,49
483.23,1565067432,0.00,nan,nan,0.00,0.00,0.00,0.00,1,-86.00,-6.00,33.00,15.00,52.00,19.00,27771140,49
484.23,1565067433,0.00,nan,nan,0.00,0.00,0.00,0.00,1,-86.00,-6.00,29.00,15.00,51.00,19.00,27771140,49
485.23,1565067434,0.00,nan,nan,0.00,0.00,0.00,0.00,1,-86.00,-6.00,29.00,15.00,51.00,19.00,27771140,49
486.24,1565067435,0.00,nan,nan,0.00,0.00,0.00,0.00,1,-85.00,-6.00,31.00,15.00,53.00,19.00,27771140,49
487.23,1565067436,0.00,nan,nan,0.00,0.00,0.00,0.00,1,-85.00,-6.00,31.00,15.00,53.00,19.00,27771140,49
488.23,1565067437,0.00,nan,nan,0.00,0.00,0.00,0.00,1,-85.00,-6.00,31.00,15.00,53.00,19.00,27771140,49
489.23,1565067438,0.00,nan,nan,0.00,0.00,0.00,0.00,1,-88.00,-6.00,18.00,2.00,51.00,19.00,27771140,49
490.23,1565067439,0.00,nan,nan,0.00,0.00,0.00,0.00,1,-88.00,-6.00,18.00,2.00,51.00,19.00,27771140,49
491.23,1565067440,0.00,nan,nan,0.00,0.00,0.00,0.00,1,-89.00,-6.00,19.00,2.00,50.00,19.00,27771140,49
492.23,1565067441,0.00,nan,nan,0.00,0.00,0.00,0.00,1,-89.00,-6.00,19.00,2.00,50.00,19.00,27771140,49
493.23,1565067442,0.00,nan,nan,0.00,0.00,0.00,0.00,1,-89.00,-6.00,20.00,2.00,51.00,19.00,27771140,49
494.23,1565067443,0.00,nan,nan,0.00,0.00,0.00,0.00,1,-89.00,-6.00,20.00,2.00,51.00,19.00,27771140,49
495.23,1565067444,0.00,nan,nan,0.00,0.00,0.00,0.00,1,-94.00,-7.00,19.00,14.00,44.00,12.00,27771140,49
496.23,1565067445,0.00,nan,nan,0.00,0.00,0.00,0.00,1,-94.00,-7.00,19.00,14.00,44.00,12.00,27771140,49
497.23,1565067446,0.00,nan,nan,0.00,0.00,0.00,0.00,1,-90.00,-6.00,4.00,6.00,47.00,55.00,33527554,233
498.23,1565067447,0.00,nan,nan,0.00,0.00,0.00,0.00,1,-90.00,-6.00,4.00,6.00,47.00,55.00,33527554,233
499.23,1565067448,0.00,nan,nan,0.00,0.00,0.00,0.00,1,-87.00,-6.00,11.00,10.00,50.00,55.00,33527554,233
500.23,1565067449,0.00,nan,nan,0.00,0.00,0.00,0.00,1,-87.00,-6.00,11.00,10.00,50.00,55.00,33527554,233
501.23,1565067450,0.00,nan,nan,0.00,0.00,0.00,0.00,1,-87.00,-6.00,7.00,14.00,50.00,55.00,33527554,233
502.23,1565067451,0.00,nan,nan,0.00,0.00,0.00,0.00,1,-87.00,-6.00,7.00,14.00,50.00,55.00,33527554,233
503.23,1565067452,0.00,nan,nan,0.00,0.00,0.00,0.00,1,-85.00,-5.00,12.00,14.00,50.00,55.00,33527554,233
504.23,1565067453,0.00,nan,nan,0.00,0.00,0.00,0.00,1,-85.00,-5.00,12.00,14.00,50.00,55.00,33527554,233
505.23,1565067454,0.00,nan,nan,0.00,0.00,0.00,0.00,1,-88.00,-7.00,2.00,6.00,51.00,7.00,27771140,49
506.26,1565067455,0.00,nan,nan,0.00,0.00,0.00,0.00,1,-88.00,-7.00,2.00,6.00,51.00,7.00,27771140,49
507.24,1565067456,0.00,nan,nan,0.00,0.00,0.00,0.00,1,-84.00,-7.00,23.00,14.00,56.00,7.00,27771140,49
508.23,1565067457,0.00,nan,nan,0.00,0.00,0.00,0.00,1,-84.00,-7.00,23.00,14.00,56.00,7.00,27771140,49
509.23,1565067458,0.00,nan,nan,0.00,0.00,0.00,0.00,1,-84.00,-7.00,23.00,14.00,56.00,7.00,27771140,49
510.23,1565067459,0.00,nan,nan,0.00,0.00,0.00,0.00,1,-80.00,-6.00,35.00,15.00,58.00,7.00,27771140,49
511.23,1565067460,0.00,nan,nan,0.00,0.00,0.00,0.00,1,-80.00,-6.00,35.00,15.00,58.00,7.00,27771140,49
512.23,1565067461,0.00,nan,nan,0.00,0.00,0.00,0.00,1,-82.00,-6.00,23.00,15.00,56.00,7.00,27771140,49
513.23,1565067462,0.00,nan,nan,0.00,0.00,0.00,0.00,1,-82.00,-6.00,23.00,15.00,56.00,7.00,27771140,49
514.23,1565067463,0.00,nan,nan,0.00,0.00,0.00,0.00,1,-77.00,-6.00,16.00,12.00,62.00,7.00,27771140,49
515.23,1565067464,0.00,nan,nan,0.00,0.00,0.00,0.00,1,-77.00,-6.00,16.00,12.00,62.00,7.00,27771140,49
516.23,1565067465,0.00,nan,nan,0.00,0.00,0.00,0.00,1,-71.00,-5.00,30.00,15.00,63.00,7.00,27771140,49
517.23,1565067466,0.00,nan,nan,0.00,0.00,0.00,0.00,1,-71.00,-5.00,30.00,15.00,63.00,7.00,27771140,49
518.23,1565067467,0.00,nan,nan,0.00,0.00,0.00,0.00,1,-84.00,-7.00,12.00,10.00,56.00,7.00,27771140,49
519.23,1565067468,0.00,nan,nan,0.00,0.00,0.00,0.00,1,-84.00,-7.00,12.00,10.00,56.00,7.00,27771140,49
520.23,1565067469,0.00,nan,nan,0.00,0.00,0.00,0.00,1,-81.00,-8.00,8.00,11.00,59.00,7.00,27771140,49
521.23,1565067470,0.00,nan,nan,0.00,0.00,0.00,0.00,1,-81.00,-8.00,8.00,11.00,59.00,7.00,27771140,49
522.23,1565067471,0.00,nan,nan,0.00,0.00,0.00,0.00,1,-86.00,-8.00,3.00,14.00,53.00,7.00,27771140,49
523.23,1565067472,0.00,nan,nan,0.00,0.00,0.00,0.00,1,-86.00,-8.00,3.00,14.00,53.00,7.00,27771140,49
524.23,1565067473,0.00,nan,nan,0.00,0.00,0.00,0.00,1,-77.00,-7.00,10.00,6.00,60.00,4.00,27771139,48
525.23,1565067474,0.00,nan,nan,0.00,0.00,0.00,0.00,1,-77.00,-7.00,10.00,6.00,60.00,4.00,27771139,48
526.23,1565067475,0.00,nan,nan,0.00,0.00,0.00,0.00,1,-87.00,-7.00,37.00,15.00,51.00,4.00,27771139,48
527.23,1565067476,0.00,nan,nan,0.00,0.00,0.00,0.00,1,-87.00,-7.00,37.00,15.00,51.00,4.00,27771139,48
528.24,1565067477,0.00,nan,nan,0.00,0.00,0.00,0.00,1,-76.00,-5.00,37.00,10.00,59.00,4.00,27771139,48
529.23,1565067478,0.00,nan,nan,0.00,0.00,0.00,0.00,1,-76.00,-5.00,37.00,10.00,59.00,4.00,27771139,48
530.23,1565067479,0.00,nan,nan,0.00,0.00,0.00,0.00,1,-76.00,-5.00,37.00,10.00,59.00,4.00,27771139,48
531.23,1565067480,0.00,nan,nan,0.00,0.00,0.00,0.00,1,-90.00,-6.00,29.00,14.00,46.00,4.00,27771139,48
532.23,1565067481,0.00,nan,nan,0.00,0.00,0.00,0.00,1,-90.00,-6.00,29.00,14.00,46.00,4.00,27771139,48
533.23,1565067482,0.00,nan,nan,0.00,0.00,0.00,0.00,1,-82.00,-5.00,22.00,15.00,52.00,4.00,27771139,48
534.23,1565067483,0.00,nan,nan,0.00,0.00,0.00,0.00,1,-82.00,-5.00,22.00,15.00,52.00,4.00,27771139,48
535.23,1565067484,0.00,nan,nan,0.00,0.00,0.00,0.00,1,-93.00,-6.00,21.00,14.00,44.00,4.00,27771139,48
536.23,1565067485,0.00,nan,nan,0.00,0.00,0.00,0.00,1,-93.00,-6.00,21.00,14.00,44.00,4.00,27771139,48
537.23,1565067486,0.00,nan,nan,0.00,0.00,0.00,0.00,1,-92.00,-6.00,11.00,9.00,46.00,4.00,27771139,48
538.23,1565067487,0.00,nan,nan,0.00,0.00,0.00,0.00,1,-92.00,-6.00,11.00,9.00,46.00,4.00,27771139,48
539.23,1565067488,0.00,nan,nan,0.00,0.00,0.00,0.00,1,-89.00,-7.00,34.00,12.00,49.00,4.00,27771139,48
540.23,1565067489,0.00,nan,nan,0.00,0.00,0.00,0.00,1,-89.00,-7.00,34.00,12.00,49.00,4.00,27771139,48
541.23,1565067490,0.00,nan,nan,0.00,0.00,0.00,0.00,1,-85.00,-7.00,24.00,15.00,52.00,4.00,27771139,48
542.23,1565067491,0.00,nan,nan,0.00,0.00,0.00,0.00,1,-85.00,-7.00,24.00,15.00,52.00,4.00,27771139,48
543.23,1565067492,0.00,nan,nan,0.00,0.00,0.00,0.00,1,-85.00,-6.00,38.00,14.00,54.00,4.00,27771139,48
544.23,1565067493,0.00,nan,nan,0.00,0.00,0.00,0.00,1,-85.00,-6.00,38.00,14.00,54.00,4.00,27771139,48
545.23,1565067494,0.00,nan,nan,0.00,0.00,0.00,0.00,1,-89.00,-6.00,37.00,11.00,49.00,4.00,27771139,48
546.23,1565067495,0.00,nan,nan,0.00,0.00,0.00,0.00,1,-89.00,-6.00,37.00,11.00,49.00,4.00,27771139,48
547.23,1565067496,0.00,nan,nan,0.00,0.00,0.00,0.00,1,-87.00,-5.00,21.00,2.00,48.00,4.00,27771139,48
548.23,1565067497,0.00,nan,nan,0.00,0.00,0.00,0.00,1,-87.00,-5.00,21.00,2.00,48.00,4.00,27771139,48
549.24,1565067498,0.00,nan,nan,0.00,0.00,0.00,0.00,1,-89.00,-6.00,24.00,2.00,47.00,4.00,27771139,48
550.23,1565067499,0.00,nan,nan,0.00,0.00,0.00,0.00,1,-89.00,-6.00,24.00,2.00,47.00,4.00,27771139,48
551.24,1565067500,0.00,nan,nan,0.00,0.00,0.00,0.00,1,-89.00,-6.00,24.00,2.00,47.00,4.00,27771139,48
552.23,1565067501,0.00,nan,nan,0.00,0.00,0.00,0.00,1,-85.00,-6.00,15.00,2.00,52.00,4.00,27771139,48
553.23,1565067502,0.00,nan,nan,0.00,0.00,0.00,0.00,1,-85.00,-6.00,15.00,2.00,52.00,4.00,27771139,48
554.23,1565067503,0.00,nan,nan,0.00,0.00,0.00,0.00,1,-86.00,-6.00,19.00,2.00,51.00,4.00,27771139,48
555.23,1565067504,0.00,nan,nan,0.00,0.00,0.00,0.00,1,-86.00,-6.00,19.00,2.00,51.00,4.00,27771139,48
556.23,1565067505,0.00,nan,nan,0.00,0.00,0.00,0.00,1,-87.00,-6.00,22.00,2.00,49.00,4.00,27771139,48
557.23,1565067506,0.00,nan,nan,0.00,0.00,0.00,0.00,1,-87.00,-6.00,22.00,2.00,49.00,4.00,27771139,48
558.23,1565067507,0.00,nan,nan,0.00,0.00,0.00,0.00,1,-88.00,-6.00,16.00,2.00,48.00,4.00,27771139,48
559.23,1565067508,0.00,nan,nan,0.00,0.00,0.00,0.00,1,-88.00,-6.00,16.00,2.00,48.00,4.00,27771139,48
560.23,1565067509,0.00,nan,nan,0.00,0.00,0.00,0.00,1,-89.00,-6.00,20.00,2.00,48.00,4.00,27771139,48
561.23,1565067510,0.00,nan,nan,0.00,0.00,0.00,0.00,1,-89.00,-6.00,20.00,2.00,48.00,4.00,27771139,48
562.23,1565067511,0.00,nan,nan,0.00,0.00,0.00,0.00,1,-91.00,-6.00,18.00,2.00,47.00,4.00,27771139,48
563.23,1565067512,0.00,nan,nan,0.00,0.00,0.00,0.00,1,-91.00,-6.00,18.00,2.00,47.00,4.00,27771139,48
564.23,1565067513,0.00,nan,nan,0.00,0.00,0.00,0.00,1,-92.00,-6.00,15.00,2.00,45.00,4.00,27771139,48
565.23,1565067514,0.00,nan,nan,0.00,0.00,0.00,0.00,1,-92.00,-6.00,15.00,2.00,45.00,4.00,27771139,48
566.23,1565067515,0.00,nan,nan,0.00,0.00,0.00,0.00,1,-93.00,-6.00,17.00,2.00,44.00,4.00,27771139,48
567.23,1565067516,0.00,nan,nan,0.00,0.00,0.00,0.00,1,-93.00,-6.00,17.00,2.00,44.00,4.00,27771139,48
568.23,1565067517,0.00,nan,nan,0.00,0.00,0.00,0.00,1,-89.00,-6.00,23.00,2.00,47.00,4.00,27771139,48
569.23,1565067518,0.00,nan,nan,0.00,0.00,0.00,0.00,1,-89.00,-6.00,23.00,2.00,47.00,4.00,27771139,48
570.24,1565067519,0.00,nan,nan,0.00,0.00,0.00,0.00,1,-86.00,-6.00,25.00,2.00,50.00,4.00,27771139,48
571.23,1565067520,0.00,nan,nan,0.00,0.00,0.00,0.00,1,-86.00,-6.00,25.00,2.00,50.00,4.00,27771139,48
572.23,1565067521,0.00,nan,nan,0.00,0.00,0.00,0.00,1,-86.00,-6.00,25.00,2.00,50.00,4.00,27771139,48
573.23,1565067522,0.00,nan,nan,0.00,0.00,0.00,0.00,1,-83.00,-5.00,26.00,2.00,53.00,4.00,27771139,48
574.23,1565067523,0.00,nan,nan,0.00,0.00,0.00,0.00,1,-83.00,-5.00,26.00,2.00,53.00,4.00,27771139,48
575.23,1565067524,0.00,nan,nan,0.00,0.00,0.00,0.00,1,-80.00,-4.00,25.00,2.00,56.00,4.00,27771139,48
576.23,1565067525,0.00,nan,nan,0.00,0.00,0.00,0.00,1,-80.00,-4.00,25.00,2.00,56.00,4.00,27771139,48
577.24,1565067526,0.00,nan,nan,0.00,0.00,0.00,0.00,1,-83.00,-6.00,27.00,14.00,54.00,10.00,27771139,48
578.23,1565067527,0.00,nan,nan,0.00,0.00,0.00,0.00,1,-83.00,-6.00,27.00,14.00,54.00,10.00,27771139,48
579.23,1565067528,0.00,nan,nan,0.00,0.00,0.00,0.00,1,-83.00,-5.00,25.00,14.00,54.00,10.00,27771139,48
580.23,1565067529,0.00,nan,nan,0.00,0.00,0.00,0.00,1,-83.00,-5.00,25.00,14.00,54.00,10.00,27771139,48
581.23,1565067530,0.00,nan,nan,0.00,0.00,0.00,0.00,1,-82.00,-5.00,25.00,15.00,53.00,10.00,27771139,48
582.23,1565067531,0.00,nan,nan,0.00,0.00,0.00,0.00,1,-82.00,-5.00,25.00,15.00,53.00,10.00,27771139,48
583.23,1565067532,0.00,nan,nan,0.00,0.00,0.00,0.00,1,-83.00,-5.00,35.00,14.00,52.00,10.00,27771139,48
584.23,1565067533,0.00,nan,nan,0.00,0.00,0.00,0.00,1,-83.00,-5.00,35.00,14.00,52.00,10.00,27771139,48
585.23,1565067534,0.00,nan,nan,0.00,0.00,0.00,0.00,1,-83.00,-6.00,26.00,15.00,53.00,10.00,27771139,48
586.23,1565067535,0.00,nan,nan,0.00,0.00,0.00,0.00,1,-83.00,-6.00,26.00,15.00,53.00,10.00,27771139,48
587.23,1565067536,0.00,nan,nan,0.00,0.00,0.00,0.00,1,-84.00,-5.00,25.00,14.00,53.00,10.00,27771139,48
588.23,1565067537,0.00,nan,nan,0.00,0.00,0.00,0.00,1,-84.00,-5.00,25.00,14.00,53.00,10.00,27771139,48
589.23,1565067538,0.00,nan,nan,0.00,0.00,0.00,0.00,1,-82.00,-5.00,24.00,13.00,54.00,10.00,27771139,48
590.23,1565067539,0.00,nan,nan,0.00,0.00,0.00,0.00,1,-82.00,-5.00,24.00,13.00,54.00,10.00,27771139,48
591.24,1565067540,0.00,nan,nan,0.00,0.00,0.00,0.00,1,-82.00,-5.00,21.00,12.00,54.00,10.00,27771139,48
592.23,1565067541,0.00,nan,nan,0.00,0.00,0.00,0.00,1,-82.00,-5.00,21.00,12.00,54.00,10.00,27771139,48
593.23,1565067542,0.00,nan,nan,0.00,0.00,0.00,0.00,1,-82.00,-5.00,21.00,12.00,54.00,10.00,27771139,48
594.23,1565067543,0.00,nan,nan,0.00,0.00,0.00,0.00,1,-83.00,-5.00,27.00,12.00,53.00,10.00,27771139,48
595.23,1565067544,0.00,nan,nan,0.00,0.00,0.00,0.00,1,-83.00,-5.00,27.00,12.00,53.00,10.00,27771139,48
596.23,1565067545,0.00,nan,nan,0.00,0.00,0.00,0.00,1,-83.00,-5.00,25.00,14.00,52.00,10.00,27771139,48
597.23,1565067546,0.00,nan,nan,0.00,0.00,0.00,0.00,1,-83.00,-5.00,25.00,14.00,52.00,10.00,27771139,48
598.23,1565067547,0.00,nan,nan,0.00,0.00,0.00,0.00,1,-83.00,-5.00,25.00,13.00,53.00,10.00,27771139,48
599.23,1565067548,0.00,nan,nan,0.00,0.00,0.00,0.00,1,-83.00,-5.00,25.00,13.00,53.00,10.00,27771139,48
600.23,1565067549,0.00,nan,nan,0.00,0.00,0.00,0.00,1,-82.00,-5.00,26.00,14.00,53.00,10.00,27771139,48
601.23,1565067550,0.00,nan,nan,0.00,0.00,0.00,0.00,1,-82.00,-5.00,26.00,14.00,53.00,10.00,27771139,48
602.23,1565067551,0.00,nan,nan,0.00,0.00,0.00,0.00,1,-83.00,-5.00,24.00,2.00,52.00,10.00,27771139,48
603.23,1565067552,0.00,nan,nan,0.00,0.00,0.00,0.00,1,-83.00,-5.00,24.00,2.00,52.00,10.00,27771139,48
604.23,1565067553,0.00,nan,nan,0.00,0.00,0.00,0.00,1,-83.00,-5.00,25.00,2.00,52.00,10.00,27771139,48
605.23,1565067554,0.00,nan,nan,0.00,0.00,0.00,0.00,1,-83.00,-5.00,25.00,2.00,52.00,10.00,27771139,48
606.23,1565067555,0.00,nan,nan,0.00,0.00,0.00,0.00,1,-83.00,-5.00,25.00,2.00,53.00,10.00,27771139,48
607.23,1565067556,0.00,nan,nan,0.00,0.00,0.00,0.00,1,-83.00,-5.00,25.00,2.00,53.00,10.00,27771139,48
608.23,1565067557,0.00,nan,nan,0.00,0.00,0.00,0.00,1,-83.00,-5.00,26.00,2.00,53.00,10.00,27771139,48
609.23,1565067558,0.00,nan,nan,0.00,0.00,0.00,0.00,1,-83.00,-5.00,26.00,2.00,53.00,10.00,27771139,48
610.23,1565067559,0.00,nan,nan,0.00,0.00,0.00,0.00,1,-83.00,-6.00,25.00,2.00,54.00,10.00,27771139,48
611.23,1565067560,0.00,nan,nan,0.00,0.00,0.00,0.00,1,-83.00,-6.00,25.00,2.00,54.00,10.00,27771139,48
612.24,1565067561,0.00,nan,nan,0.00,0.00,0.00,0.00,1,-84.00,-6.00,26.00,2.00,53.00,10.00,27771139,48
613.23,1565067562,0.00,nan,nan,0.00,0.00,0.00,0.00,1,-84.00,-6.00,26.00,2.00,53.00,10.00,27771139,48
614.23,1565067563,0.00,nan,nan,0.00,0.00,0.00,0.00,1,-84.00,-6.00,26.00,2.00,53.00,10.00,27771139,48
615.23,1565067564,0.00,nan,nan,0.00,0.00,0.00,0.00,1,-83.00,-5.00,24.00,2.00,53.00,10.00,27771139,48
616.23,1565067565,0.00,nan,nan,0.00,0.00,0.00,0.00,1,-83.00,-5.00,24.00,2.00,53.00,10.00,27771139,48
617.23,1565067566,0.00,nan,nan,0.00,0.00,0.00,0.00,1,-83.00,-5.00,19.00,2.00,52.00,10.00,27771139,48
618.23,1565067567,0.00,nan,nan,0.00,0.00,0.00,0.00,1,-83.00,-5.00,19.00,2.00,52.00,10.00,27771139,48
619.23,1565067568,0.00,nan,nan,0.00,0.00,0.00,0.00,1,-85.00,-5.00,16.00,2.00,50.00,10.00,27771139,48
620.23,1565067569,0.00,nan,nan,0.00,0.00,0.00,0.00,1,-85.00,-5.00,16.00,2.00,50.00,10.00,27771139,48
621.23,1565067570,0.00,nan,nan,0.00,0.00,0.00,0.00,1,-89.00,-6.00,19.00,2.00,46.00,10.00,27771139,48
622.23,1565067571,0.00,nan,nan,0.00,0.00,0.00,0.00,1,-89.00,-6.00,19.00,2.00,46.00,10.00,27771139,48
623.23,1565067572,0.00,nan,nan,0.00,0.00,0.00,0.00,1,-91.00,-6.00,15.00,2.00,45.00,10.00,27771139,48
624.23,1565067573,0.00,nan,nan,0.00,0.00,0.00,0.00,1,-91.00,-6.00,15.00,2.00,45.00,10.00,27771139,48
625.23,1565067574,0.00,nan,nan,0.00,0.00,0.00,0.00,1,-91.00,-5.00,11.00,2.00,44.00,10.00,27771139,48
626.23,1565067575,0.00,nan,nan,0.00,0.00,0.00,0.00,1,-91.00,-5.00,11.00,2.00,44.00,10.00,27771139,48
627.23,1565067576,0.00,nan,nan,0.00,0.00,0.00,0.00,1,-98.00,-7.00,7.00,2.00,39.00,10.00,27771139,48
628.23,1565067577,0.00,nan,nan,0.00,0.00,0.00,0.00,1,-98.00,-7.00,7.00,2.00,39.00,10.00,27771139,48
629.24,1565067578,0.00,nan,nan,0.00,0.00,0.00,0.00,1,-100.00,-8.00,5.00,2.00,39.00,10.00,28365058,357
630.24,1565067579,0.00,nan,nan,0.00,0.00,0.00,0.00,1,-100.00,-8.00,5.00,2.00,39.00,10.00,28365058,357
631.23,1565067580,0.00,nan,nan,0.00,0.00,0.00,0.00,1,-99.00,-7.00,11.00,2.00,39.00,10.00,28365058,357
632.23,1565067581,0.00,nan,nan,0.00,0.00,0.00,0.00,1,-99.00,-7.00,11.00,2.00,39.00,10.00,28365058,357
633.24,1565067582,0.00,nan,nan,0.00,0.00,0.00,0.00,1,-99.00,-7.00,8.00,2.00,40.00,10.00,28365058,357
634.23,1565067583,0.00,nan,nan,0.00,0.00,0.00,0.00,1,-99.00,-7.00,8.00,2.00,40.00,10.00,28365058,357
635.23,1565067584,0.00,nan,nan,0.00,0.00,0.00,0.00,1,-99.00,-7.00,8.00,2.00,40.00,10.00,28365058,357
636.23,1565067585,0.00,nan,nan,0.00,0.00,0.00,0.00,1,-98.00,-7.00,3.00,2.00,39.00,10.00,28365058,357
637.23,1565067586,0.00,nan,nan,0.00,0.00,0.00,0.00,1,-98.00,-7.00,3.00,2.00,39.00,10.00,28365058,357
638.23,1565067587,0.00,nan,nan,0.00,0.00,0.00,0.00,1,-100.00,-7.00,3.00,2.00,38.00,10.00,28365058,357
639.23,1565067588,0.00,nan,nan,0.00,0.00,0.00,0.00,1,-100.00,-7.00,3.00,2.00,38.00,10.00,28365058,357
640.24,1565067589,0.00,nan,nan,0.00,0.00,0.00,0.00,1,-106.00,-10.00,-3.00,2.00,35.00,10.00,28365058,357
641.24,1565067590,0.00,nan,nan,0.00,0.00,0.00,0.00,1,-106.00,-10.00,-3.00,2.00,35.00,10.00,28365058,357
642.24,1565067591,0.00,nan,nan,0.00,0.00,0.00,0.00,1,-107.00,-11.00,10.00,2.00,35.00,10.00,28365058,357
643.24,1565067592,0.00,nan,nan,0.00,0.00,0.00,0.00,1,-107.00,-11.00,10.00,2.00,35.00,10.00,28365058,357
644.24,1565067593,0.00,nan,nan,0.00,0.00,0.00,0.00,1,-105.00,-10.00,8.00,2.00,36.00,10.00,28365058,357
645.24,1565067594,0.00,nan,nan,0.00,0.00,0.00,0.00,1,-105.00,-10.00,8.00,2.00,36.00,10.00,28365058,357
646.24,1565067595,0.00,nan,nan,0.00,0.00,0.00,0.00,1,-104.00,-9.00,8.00,2.00,36.00,10.00,28365058,357
647.24,1565067596,0.00,nan,nan,0.00,0.00,0.00,0.00,1,-104.00,-9.00,8.00,2.00,36.00,10.00,28365058,357
648.24,1565067597,0.00,nan,nan,0.00,0.00,0.00,0.00,1,-104.00,-8.00,5.00,2.00,35.00,10.00,28365058,357
649.24,1565067598,0.00,nan,nan,0.00,0.00,0.00,0.00,1,-104.00,-8.00,5.00,2.00,35.00,10.00,28365058,357
650.24,1565067599,0.00,nan,nan,0.00,0.00,0.00,0.00,1,-106.00,-9.00,-5.00,2.00,35.00,10.00,28365058,357
651.24,1565067600,0.00,nan,nan,0.00,0.00,0.00,0.00,1,-106.00,-9.00,-5.00,2.00,35.00,10.00,28365058,357
652.23,1565067601,0.00,nan,nan,0.00,0.00,0.00,0.00,1,-102.00,-8.00,12.00,2.00,36.00,10.00,29391105,167
653.23,1565067602,0.00,nan,nan,0.00,0.00,0.00,0.00,1,-102.00,-8.00,12.00,2.00,36.00,10.00,29391105,167
654.24,1565067603,0.00,nan,nan,0.00,0.00,0.00,0.00,1,-100.00,-7.00,6.00,2.00,39.00,10.00,29391105,167
655.24,1565067604,0.00,nan,nan,0.00,0.00,0.00,0.00,1,-100.00,-7.00,6.00,2.00,39.00,10.00,29391105,167
656.24,1565067605,0.00,nan,nan,0.00,0.00,0.00,0.00,1,-100.00,-7.00,6.00,2.00,39.00,10.00,29391105,167
657.23,1565067606,0.00,nan,nan,0.00,0.00,0.00,0.00,1,-97.00,-7.00,6.00,2.00,41.00,10.00,29391105,167
658.23,1565067607,0.00,nan,nan,0.00,0.00,0.00,0.00,1,-97.00,-7.00,6.00,2.00,41.00,10.00,29391105,167
659.24,1565067608,0.00,nan,nan,0.00,0.00,0.00,0.00,1,-97.00,-8.00,9.00,2.00,41.00,10.00,29391105,167
660.24,1565067609,0.00,nan,nan,0.00,0.00,0.00,0.00,1,-97.00,-8.00,9.00,2.00,41.00,10.00,29391105,167
661.24,1565067610,0.00,nan,nan,0.00,0.00,0.00,0.00,1,-98.00,-10.00,2.00,2.00,43.00,10.00,29391105,167
662.24,1565067611,0.00,nan,nan,0.00,0.00,0.00,0.00,1,-98.00,-10.00,2.00,2.00,43.00,10.00,29391105,167
663.23,1565067612,0.00,nan,nan,0.00,0.00,0.00,0.00,1,-98.00,-8.00,-3.00,2.00,41.00,10.00,26385408,95
664.24,1565067613,0.00,nan,nan,0.00,0.00,0.00,0.00,1,-98.00,-8.00,-3.00,2.00,41.00,10.00,26385408,95
665.23,1565067614,0.00,nan,nan,0.00,0.00,0.00,0.00,1,-98.00,-8.00,9.00,2.00,42.00,10.00,26385408,95
666.23,1565067615,0.00,nan,nan,0.00,0.00,0.00,0.00,1,-98.00,-8.00,9.00,2.00,42.00,10.00,26385408,95
667.23,1565067616,0.00,nan,nan,0.00,0.00,0.00,0.00,1,-95.00,-8.00,3.00,2.00,42.00,10.00,26385408,95
668.23,1565067617,0.00,nan,nan,0.00,0.00,0.00,0.00,1,-95.00,-8.00,3.00,2.00,42.00,10.00,26385408,95
669.23,1565067618,0.00,nan,nan,0.00,0.00,0.00,0.00,1,-92.00,-7.00,5.00,2.00,44.00,10.00,26385408,95
670.23,1565067619,0.00,nan,nan,0.00,0.00,0.00,0.00,1,-92.00,-7.00,5.00,2.00,44.00,10.00,26385408,95
671.23,1565067620,0.00,nan,nan,0.00,0.00,0.00,0.00,1,-89.00,-5.00,7.00,12.00,46.00,5.00,26385408,95
672.23,1565067621,0.00,nan,nan,0.00,0.00,0.00,0.00,1,-89.00,-5.00,7.00,12.00,46.00,5.00,26385408,95
673.23,1565067622,0.00,nan,nan,0.00,0.00,0.00,0.00,1,-92.00,-4.00,10.00,13.00,45.00,5.00,26385408,95
674.23,1565067623,0.00,nan,nan,0.00,0.00,0.00,0.00,1,-92.00,-4.00,10.00,13.00,45.00,5.00,26385408,95
675.24,1565067624,0.00,nan,nan,0.00,0.00,0.00,0.00,1,-98.00,-8.00,8.00,11.00,40.00,7.00,28365056,95
676.23,1565067625,0.00,nan,nan,0.00,0.00,0.00,0.00,1,-98.00,-8.00,8.00,11.00,40.00,7.00,28365056,95
677.23,1565067626,0.00,nan,nan,0.00,0.00,0.00,0.00,1,-98.00,-8.00,8.00,11.00,40.00,7.00,28365056,95
678.23,1565067627,0.00,nan,nan,0.00,0.00,0.00,0.00,1,-91.00,-6.00,18.00,12.00,47.00,7.00,28365056,359
679.23,1565067628,0.00,nan,nan,0.00,0.00,0.00,0.00,1,-91.00,-6.00,18.00,12.00,47.00,7.00,28365056,359
680.23,1565067629,0.00,nan,nan,0.00,0.00,0.00,0.00,1,-85.00,-5.00,24.00,15.00,52.00,7.00,28365056,359
681.23,1565067630,0.00,nan,nan,0.00,0.00,0.00,0.00,1,-85.00,-5.00,24.00,15.00,52.00,7.00,28365056,359
682.23,1565067631,0.00,nan,nan,0.00,0.00,0.00,0.00,1,-80.00,-6.00,28.00,13.00,57.00,7.00,28365056,359
683.23,1565067632,0.00,nan,nan,0.00,0.00,0.00,0.00,1,-80.00,-6.00,28.00,13.00,57.00,7.00,28365056,359
684.23,1565067633,0.00,nan,nan,0.00,0.00,0.00,0.00,1,-90.00,-6.00,15.00,10.00,46.00,7.00,28365056,359
685.23,1565067634,0.00,nan,nan,0.00,0.00,0.00,0.00,1,-90.00,-6.00,15.00,10.00,46.00,7.00,28365056,359
686.23,1565067635,0.00,nan,nan,0.00,0.00,0.00,0.00,1,-89.00,-6.00,12.00,11.00,45.00,7.00,28365056,359
687.23,1565067636,0.00,nan,nan,0.00,0.00,0.00,0.00,1,-89.00,-6.00,12.00,11.00,45.00,7.00,28365056,359
688.23,1565067637,0.00,nan,nan,0.00,0.00,0.00,0.00,1,-88.00,-5.00,20.00,12.00,47.00,7.00,28365056,359
689.23,1565067638,0.00,nan,nan,0.00,0.00,0.00,0.00,1,-88.00,-5.00,20.00,12.00,47.00,7.00,28365056,359
690.23,1565067639,0.00,nan,nan,0.00,0.00,0.00,0.00,1,-93.00,-7.00,10.00,1.00,45.00,7.00,28365056,359
691.23,1565067640,0.00,nan,nan,0.00,0.00,0.00,0.00,1,-93.00,-7.00,10.00,1.00,45.00,7.00,28365056,359
692.23,1565067641,0.00,nan,nan,0.00,0.00,0.00,0.00,1,-90.00,-7.00,5.00,2.00,47.00,7.00,28365056,359
693.23,1565067642,0.00,nan,nan,0.00,0.00,0.00,0.00,1,-90.00,-7.00,5.00,2.00,47.00,7.00,28365056,359
694.24,1565067643,0.00,nan,nan,0.00,0.00,0.00,0.00,1,-95.00,-9.00,1.00,2.00,45.00,7.00,28365056,359
695.24,1565067644,0.00,nan,nan,0.00,0.00,0.00,0.00,1,-95.00,-9.00,1.00,2.00,45.00,7.00,28365056,359
696.24,1565067645,0.00,nan,nan,0.00,0.00,0.00,0.00,1,-91.00,-6.00,9.00,2.00,48.00,7.00,26385408,95
697.23,1565067646,0.00,nan,nan,0.00,0.00,0.00,0.00,1,-91.00,-6.00,9.00,2.00,48.00,7.00,26385408,95
698.23,1565067647,0.00,nan,nan,0.00,0.00,0.00,0.00,1,-91.00,-6.00,9.00,2.00,48.00,7.00,26385408,95
699.23,1565067648,0.00,nan,nan,0.00,0.00,0.00,0.00,1,-88.00,-5.00,-1.00,2.00,48.00,7.00,26385408,95
700.23,1565067649,0.00,nan,nan,0.00,0.00,0.00,0.00,1,-88.00,-5.00,-1.00,2.00,48.00,7.00,26385408,95
701.24,1565067650,0.00,nan,nan,0.00,0.00,0.00,0.00,1,-95.00,-7.00,11.00,2.00,44.00,7.00,29391106,166
702.24,1565067651,0.00,nan,nan,0.00,0.00,0.00,0.00,1,-95.00,-7.00,11.00,2.00,44.00,7.00,29391106,166
703.23,1565067652,0.00,nan,nan,0.00,0.00,0.00,0.00,1,-92.00,-6.00,14.00,10.00,46.00,4.00,29391106,166
704.23,1565067653,0.00,nan,nan,0.00,0.00,0.00,0.00,1,-92.00,-6.00,14.00,10.00,46.00,4.00,29391106,166
705.24,1565067654,0.00,nan,nan,0.00,0.00,0.00,0.00,1,-97.00,-10.00,9.00,11.00,44.00,4.00,29391106,166
706.24,1565067655,0.00,nan,nan,0.00,0.00,0.00,0.00,1,-97.00,-10.00,9.00,11.00,44.00,4.00,29391106,166
707.24,1565067656,0.00,nan,nan,0.00,0.00,0.00,0.00,1,-97.00,-9.00,7.00,11.00,42.00,4.00,29391106,166
708.24,1565067657,0.00,nan,nan,0.00,0.00,0.00,0.00,1,-97.00,-9.00,7.00,11.00,42.00,4.00,29391106,166
709.23,1565067658,0.00,nan,nan,0.00,0.00,0.00,0.00,1,-83.00,-6.00,11.00,6.00,53.00,5.00,26385408,95
710.23,1565067659,0.00,nan,nan,0.00,0.00,0.00,0.00,1,-83.00,-6.00,11.00,6.00,53.00,5.00,26385408,95
711.23,1565067660,0.00,nan,nan,0.00,0.00,0.00,0.00,1,-88.00,-6.00,8.00,11.00,47.00,5.00,26385408,95
712.23,1565067661,0.00,nan,nan,0.00,0.00,0.00,0.00,1,-88.00,-6.00,8.00,11.00,47.00,5.00,26385408,95
713.23,1565067662,0.00,nan,nan,0.00,0.00,0.00,0.00,1,-91.00,-5.00,11.00,11.00,44.00,5.00,26385408,95
714.23,1565067663,0.00,nan,nan,0.00,0.00,0.00,0.00,1,-91.00,-5.00,11.00,11.00,44.00,5.00,26385408,95
715.23,1565067664,0.00,nan,nan,0.00,0.00,0.00,0.00,1,-90.00,-5.00,10.00,10.00,44.00,5.00,26385408,95
716.23,1565067665,0.00,nan,nan,0.00,0.00,0.00,0.00,1,-90.00,-5.00,10.00,10.00,44.00,5.00,26385408,95
717.24,1565067666,0.00,nan,nan,0.00,0.00,0.00,0.00,1,-90.00,-5.00,11.00,14.00,45.00,5.00,26385408,95
718.23,1565067667,0.00,nan,nan,0.00,0.00,0.00,0.00,1,-90.00,-5.00,11.00,14.00,45.00,5.00,26385408,95
719.23,1565067668,0.00,nan,nan,0.00,0.00,0.00,0.00,1,-90.00,-5.00,11.00,14.00,45.00,5.00,26385408,95
720.23,1565067669,0.00,nan,nan,0.00,0.00,0.00,0.00,1,-93.00,-6.00,10.00,9.00,44.00,5.00,26385408,95
721.23,1565067670,0.00,nan,nan,0.00,0.00,0.00,0.00,1,-93.00,-6.00,10.00,9.00,44.00,5.00,26385408,95
722.23,1565067671,0.00,nan,nan,0.00,0.00,0.00,0.00,1,-97.00,-6.00,7.00,9.00,38.00,5.00,26385408,95
723.23,1565067672,0.00,nan,nan,0.00,0.00,0.00,0.00,1,-97.00,-6.00,7.00,9.00,38.00,5.00,26385408,95
724.23,1565067673,0.00,nan,nan,0.00,0.00,0.00,0.00,1,-92.00,-5.00,7.00,2.00,43.00,5.00,26385408,95
725.23,1565067674,0.00,nan,nan,0.00,0.00,0.00,0.00,1,-92.00,-5.00,7.00,2.00,43.00,5.00,26385408,95
