0.01,1565671325,0.00,51.45001252,7.48827322,247.52,9.69,0.00,171.60,1,-98.00,-4.00,15.00,11.00,25.00,7.00,13415170,315
1.06,1565671326,10.25,51.44991929,7.48830202,247.51,10.46,0.73,170.71,1,-98.00,-4.00,15.00,11.00,25.00,7.00,13415170,315
2.03,1565671327,20.32,51.44980884,7.48833330,247.52,11.43,1.00,171.46,1,-98.00,-5.00,13.00,12.00,26.00,7.00,13415170,315
3.03,1565671328,31.75,51.44970265,7.48836647,247.68,11.81,0.38,172.18,1,-98.00,-5.00,13.00,12.00,26.00,7.00,13415170,315
4.03,1565671329,43.54,51.44958332,7.48839402,247.92,12.75,0.94,173.46,1,-100.00,-5.00,10.00,11.00,24.00,7.00,13415170,315
5.03,1565671330,56.31,51.44946550,7.48841950,248.30,13.11,0.36,174.46,1,-100.00,-5.00,10.00,11.00,24.00,7.00,13415170,315
6.03,1565671331,69.42,51.44934812,7.48843374,248.75,13.04,-0.07,176.77,1,-102.00,-5.00,8.00,10.00,24.00,7.00,13415170,315
7.03,1565671332,82.45,51.44921201,7.48843854,249.78,13.25,0.21,178.50,1,-102.00,-5.00,8.00,10.00,24.00,7.00,13415170,315
8.03,1565671333,95.82,51.44908321,7.48843590,251.29,13.42,0.17,180.89,1,-104.00,-6.00,5.00,9.00,23.00,7.00,13415170,315
9.03,1565671334,109.12,51.44894733,7.48842567,252.49,13.82,0.40,183.32,1,-104.00,-6.00,5.00,9.00,23.00,7.00,13415170,315
10.03,1565671335,122.94,51.44881315,7.48840234,253.61,13.79,-0.03,186.96,1,-104.00,-6.00,5.00,9.00,23.00,7.00,13415170,315
11.03,1565671336,136.75,51.44868164,7.48836315,254.29,13.64,-0.14,190.50,1,-109.00,-8.00,5.00,4.00,19.00,7.00,13415170,315
12.03,1565671337,150.38,51.44855233,7.48831991,254.81,13.87,0.23,192.70,1,-109.00,-8.00,5.00,4.00,19.00,7.00,13415170,315
13.03,1565671338,164.28,51.44842814,7.48826114,255.77,14.11,0.24,194.18,1,-111.00,-10.00,-2.00,6.00,18.00,7.00,13415170,315
14.03,1565671339,178.40,51.44828971,7.48819624,255.85,14.31,0.20,193.95,1,-111.00,-10.00,-2.00,6.00,18.00,7.00,13415170,315
15.03,1565671340,192.71,51.44816782,7.48814370,256.42,13.67,-0.64,193.09,1,-113.00,-13.00,-4.00,4.00,19.00,7.00,13415170,315
16.03,1565671341,206.39,51.44803323,7.48808968,256.64,14.39,0.72,193.59,1,-113.00,-13.00,-4.00,4.00,19.00,7.00,13415170,315
17.03,1565671342,220.75,51.44789740,7.48803171,256.49,15.08,0.69,194.12,1,-116.00,-13.00,-4.00,4.00,18.00,7.00,13415170,315
18.03,1565671343,235.84,51.44776834,7.48798137,256.70,13.03,-2.05,193.30,1,-116.00,-13.00,-4.00,4.00,18.00,7.00,13415170,315
19.03,1565671344,248.87,51.44764751,7.48793576,256.77,12.81,-0.22,192.71,1,-115.00,-14.00,-4.00,4.00,17.00,7.00,13415170,315
20.02,1565671345,261.63,51.44752503,7.48789493,256.14,12.88,0.08,191.61,1,-115.00,-14.00,-4.00,4.00,17.00,7.00,13415170,315
21.03,1565671346,274.55,51.44740658,7.48786712,255.38,12.15,-0.73,188.86,1,-114.00,-11.00,-5.00,5.00,20.00,57.00,12973570,334
22.03,1565671347,286.70,51.44727789,7.48785554,255.11,12.92,0.77,185.25,1,-114.00,-11.00,-5.00,5.00,20.00,57.00,12973570,334
23.03,1565671348,299.64,51.44713082,7.48789273,254.78,14.76,1.84,172.12,1,-112.00,-11.00,-3.00,6.00,17.00,57.00,12973570,334
24.03,1565671349,314.40,51.44698401,7.48794272,254.95,15.32,0.56,170.21,1,-112.00,-11.00,-3.00,6.00,17.00,57.00,12973570,334
25.03,1565671350,329.70,51.44683824,7.48799514,255.08,15.10,-0.22,168.20,1,-114.00,-12.00,-8.00,2.00,18.00,57.00,12973570,334
26.03,1565671351,344.83,51.44669802,7.48806199,255.30,15.09,-0.01,166.01,1,-114.00,-12.00,-8.00,2.00,18.00,57.00,12973570,334
27.02,1565671352,359.85,51.44656695,7.48813990,255.63,15.12,0.03,163.40,1,-109.00,-9.00,-7.00,6.00,19.00,12.00,13415170,315
28.03,1565671353,375.00,51.44643288,7.48822815,256.45,15.29,0.16,160.27,1,-109.00,-9.00,-7.00,6.00,19.00,12.00,13415170,315
29.04,1565671354,390.43,51.44631441,7.48832770,257.36,15.35,0.06,156.98,1,-103.00,-7.00,9.00,8.00,21.00,12.00,13415170,315
30.02,1565671355,405.63,51.44619239,7.48843799,258.28,15.24,-0.12,154.64,1,-103.00,-7.00,9.00,8.00,21.00,12.00,13415170,315
31.02,1565671356,420.86,51.44606108,7.48856694,259.27,15.25,0.02,151.17,1,-103.00,-7.00,9.00,8.00,21.00,12.00,13415170,315
32.03,1565671357,436.13,51.44593426,7.48870745,260.26,15.37,0.11,147.44,1,-106.00,-7.00,4.00,8.00,20.00,12.00,13415170,315
33.02,1565671358,451.48,51.44582205,7.48885848,261.40,16.26,0.89,144.24,1,-106.00,-7.00,4.00,8.00,20.00,12.00,13415170,315
34.03,1565671359,467.76,51.44571693,7.48903007,262.77,15.82,-0.44,140.75,1,-106.00,-7.00,6.00,7.00,20.00,12.00,13415170,315
35.03,1565671360,483.58,51.44560760,7.48920557,263.99,16.03,0.21,137.97,1,-106.00,-7.00,6.00,7.00,20.00,12.00,13415170,315
36.02,1565671361,499.59,51.44551288,7.48937600,265.16,15.77,-0.25,134.62,1,-110.00,-8.00,4.00,7.00,18.00,12.00,13415170,315
37.03,1565671362,515.38,51.44542290,7.48955703,266.16,15.88,0.11,132.40,1,-110.00,-8.00,4.00,7.00,18.00,12.00,13415170,315
38.03,1565671363,531.26,51.44534297,7.48974532,267.17,15.71,-0.17,130.50,1,-105.00,-7.00,6.00,8.00,21.00,12.00,13415170,315
39.02,1565671364,546.95,51.44525873,7.48994073,268.02,15.64,-0.07,129.09,1,-105.00,-7.00,6.00,8.00,21.00,12.00,13415170,315
40.03,1565671365,562.64,51.44517476,7.49013405,268.96,15.74,0.10,128.60,1,-111.00,-7.00,8.00,2.00,15.00,79.00,13067273,288
41.03,1565671366,578.36,51.44508137,7.49033525,270.09,15.46,-0.28,128.27,1,-111.00,-7.00,8.00,2.00,15.00,79.00,13067273,288
42.03,1565671367,593.81,51.44499524,7.49052605,271.55,14.82,-0.64,127.39,1,-112.00,-9.00,5.00,2.00,27.00,79.00,13067273,288
43.02,1565671368,608.62,51.44492661,7.49069237,272.45,14.10,-0.73,126.70,1,-112.00,-9.00,5.00,2.00,27.00,79.00,13067273,288
44.02,1565671369,622.71,51.44485965,7.49085487,273.22,12.91,-1.19,126.91,1,-112.00,-7.00,5.00,2.00,14.00,79.00,13067273,288
45.03,1565671370,635.64,51.44480659,7.49099680,273.54,11.51,-1.39,127.77,1,-112.00,-7.00,5.00,2.00,14.00,79.00,13067273,288
46.02,1565671371,647.14,51.44476835,7.49111144,273.75,9.94,-1.58,127.68,1,-111.00,-8.00,6.00,2.00,15.00,79.00,13067273,288
47.03,1565671372,657.09,51.44472688,7.49121477,273.86,8.18,-1.76,127.23,1,-111.00,-8.00,6.00,2.00,15.00,79.00,13067273,288
48.02,1565671373,665.26,51.44468997,7.49130341,274.09,6.56,-1.63,127.27,1,-114.00,-9.00,1.00,2.00,13.00,79.00,13067273,288
49.03,1565671374,671.82,51.44466047,7.49137422,274.55,5.02,-1.53,126.71,1,-114.00,-9.00,1.00,2.00,13.00,79.00,13067273,288
50.04,1565671375,676.91,51.44463930,7.49142503,274.61,3.72,-1.29,126.14,1,-119.00,-11.00,3.00,2.00,11.00,79.00,13067273,288
51.03,1565671376,680.59,51.44463384,7.49145135,274.65,1.59,-2.15,124.13,1,-119.00,-11.00,3.00,2.00,11.00,79.00,13067273,288
52.03,1565671377,682.18,51.44463384,7.49145135,274.66,0.00,-1.59,124.13,1,-119.00,-11.00,3.00,2.00,11.00,79.00,13067273,288
53.03,1565671378,682.18,51.44463384,7.49145135,274.66,0.00,0.00,124.13,1,-120.00,-11.00,2.00,2.00,8.00,79.00,13067273,288
54.03,1565671379,682.18,51.44463384,7.49145135,274.66,0.00,0.00,124.13,1,-120.00,-11.00,2.00,2.00,8.00,79.00,13067273,288
55.03,1565671380,682.18,51.44463384,7.49145135,274.66,0.00,0.00,124.13,1,-120.00,-11.00,1.00,7.00,9.00,81.00,13067273,288
56.03,1565671381,682.18,51.44463384,7.49145135,274.66,0.00,0.00,124.13,1,-120.00,-11.00,1.00,7.00,9.00,81.00,13067273,288
57.03,1565671382,682.18,51.44463384,7.49145135,274.66,0.00,0.00,124.13,1,-121.00,-11.00,2.00,4.00,9.00,81.00,13067273,288
58.03,1565671383,682.18,51.44463384,7.49145135,274.66,0.00,0.00,124.13,1,-121.00,-11.00,2.00,4.00,9.00,81.00,13067273,288
59.03,1565671384,682.18,51.44463384,7.49145135,274.66,0.00,0.00,124.13,1,-121.00,-11.00,6.00,8.00,8.00,81.00,13067273,288
60.03,1565671385,682.18,51.44463384,7.49145135,274.66,0.00,0.00,124.13,1,-121.00,-11.00,6.00,8.00,8.00,81.00,13067273,288
61.03,1565671386,682.18,51.44463384,7.49145135,274.66,0.00,0.00,124.13,1,-121.00,-12.00,3.00,7.00,9.00,81.00,13067273,288
62.03,1565671387,682.18,51.44463384,7.49145135,274.66,0.00,0.00,124.13,1,-121.00,-12.00,3.00,7.00,9.00,81.00,13067273,288
63.03,1565671388,682.18,51.44463384,7.49145135,274.66,0.00,0.00,124.13,1,-123.00,-13.00,-1.00,5.00,10.00,81.00,13067273,288
64.03,1565671389,682.18,51.44463384,7.49145135,274.66,0.00,0.00,124.13,1,-123.00,-13.00,-1.00,5.00,10.00,81.00,13067273,288
65.03,1565671390,682.18,51.44463384,7.49145135,274.66,0.00,0.00,124.13,1,-121.00,-12.00,-1.00,4.00,10.00,81.00,13067273,288
66.03,1565671391,682.18,51.44463384,7.49145135,274.66,0.00,0.00,124.13,1,-121.00,-12.00,-1.00,4.00,10.00,81.00,13067273,288
67.03,1565671392,682.18,51.44463384,7.49145135,274.66,0.00,0.00,124.13,1,-121.00,-11.00,3.00,7.00,7.00,81.00,13067273,288
68.03,1565671393,682.18,51.44463384,7.49145135,274.66,0.00,0.00,124.13,1,-121.00,-11.00,3.00,7.00,7.00,81.00,13067273,288
69.03,1565671394,682.18,51.44463384,7.49145135,274.65,0.00,0.00,124.13,1,-119.00,-11.00,1.00,2.00,22.00,81.00,13067273,288
70.03,1565671395,682.18,51.44463384,7.49145135,274.65,0.00,0.00,124.13,1,-119.00,-11.00,1.00,2.00,22.00,81.00,13067273,288
71.04,1565671396,682.18,51.44463384,7.49145135,274.65,0.00,0.00,124.13,1,-121.00,-11.00,4.00,7.00,8.00,81.00,13067273,288
72.03,1565671397,682.18,51.44463384,7.49145135,274.65,0.00,0.00,124.13,1,-121.00,-11.00,4.00,7.00,8.00,81.00,13067273,288
73.03,1565671398,682.18,51.44463384,7.49145135,274.65,0.00,0.00,124.13,1,-121.00,-11.00,4.00,7.00,8.00,81.00,13067273,288
74.03,1565671399,682.18,51.44463384,7.49145135,274.65,0.00,0.00,124.13,1,-123.00,-11.00,3.00,7.00,7.00,81.00,13067273,288
75.03,1565671400,682.18,51.44463384,7.49145135,274.64,0.00,0.00,124.13,1,-123.00,-11.00,3.00,7.00,7.00,81.00,13067273,288
76.03,1565671401,682.18,51.44463384,7.49145135,274.64,0.00,0.00,124.13,1,-121.00,-11.00,2.00,7.00,7.00,81.00,13067273,288
77.03,1565671402,682.18,51.44463384,7.49145135,274.64,0.00,0.00,124.13,1,-121.00,-11.00,2.00,7.00,7.00,81.00,13067273,288
78.03,1565671403,682.18,51.44463380,7.49145148,274.63,0.00,0.00,124.13,1,-122.00,-12.00,-1.00,6.00,9.00,81.00,13067273,288
79.03,1565671404,682.18,51.44463502,7.49145439,274.62,0.00,0.00,124.13,1,-122.00,-12.00,-1.00,6.00,9.00,81.00,13067273,288
80.03,1565671405,682.18,51.44463658,7.49145499,274.62,0.00,0.00,124.13,1,-121.00,-11.00,4.00,7.00,9.00,81.00,13067273,288
81.03,1565671406,682.18,51.44463881,7.49145515,274.53,0.00,0.00,124.13,1,-121.00,-11.00,4.00,7.00,9.00,81.00,13067273,288
82.03,1565671407,682.18,51.44463974,7.49146104,274.42,0.00,0.00,124.70,1,-122.00,-11.00,1.00,7.00,7.00,81.00,13067273,288
83.03,1565671408,682.18,51.44462332,7.49149543,274.33,0.00,0.00,128.92,1,-122.00,-11.00,1.00,7.00,7.00,81.00,13067273,288
84.03,1565671409,682.18,51.44458969,7.49156489,273.67,2.05,0.00,127.78,1,-121.00,-12.00,6.00,2.00,9.00,81.00,13067273,288
85.03,1565671410,684.22,51.44455478,7.49163719,273.48,3.37,1.32,128.08,1,-121.00,-12.00,6.00,2.00,9.00,81.00,13067273,288
86.03,1565671411,687.59,51.44452328,7.49169774,273.74,4.10,0.73,135.23,1,-120.00,-12.00,5.00,2.00,9.00,81.00,13067273,288
87.03,1565671412,691.68,51.44449445,7.49172191,273.93,4.65,0.56,166.31,1,-120.00,-12.00,5.00,2.00,9.00,81.00,13067273,288
88.03,1565671413,696.33,51.44443543,7.49171419,273.92,5.20,0.55,195.80,1,-117.00,-9.00,2.00,8.00,9.00,81.00,13067273,288
89.03,1565671414,701.53,51.44438348,7.49166207,274.21,5.67,0.48,210.60,1,-117.00,-9.00,2.00,8.00,9.00,81.00,13067273,288
90.03,1565671415,707.22,51.44432952,7.49159278,274.15,8.94,3.26,215.61,1,-119.00,-10.00,3.00,8.00,8.00,23.00,13417219,288
91.03,1565671416,716.16,51.44426851,7.49151676,273.84,9.66,0.72,216.03,1,-119.00,-10.00,3.00,8.00,8.00,23.00,13417219,288
92.03,1565671417,725.87,51.44419528,7.49142709,273.28,10.71,1.05,216.37,1,-108.00,-8.00,2.00,7.00,20.00,23.00,13417219,440
93.03,1565671418,736.49,51.44410096,7.49132415,272.76,12.01,1.31,215.88,1,-108.00,-8.00,2.00,7.00,20.00,23.00,13417219,440
94.03,1565671419,748.49,51.44400851,7.49122332,272.39,12.68,0.67,215.14,1,-108.00,-8.00,2.00,7.00,20.00,23.00,13417219,440
95.03,1565671420,761.19,51.44391135,7.49112152,272.25,13.02,0.34,214.36,1,-106.00,-9.00,4.00,9.00,22.00,23.00,13417219,440
96.03,1565671421,774.21,51.44380565,7.49101382,272.24,14.29,1.27,214.20,1,-106.00,-9.00,4.00,9.00,22.00,23.00,13417219,440
97.03,1565671422,788.50,51.44370109,7.49089774,272.54,14.93,0.64,214.65,1,-106.00,-7.00,3.00,7.00,21.00,23.00,13417219,440
98.03,1565671423,803.44,51.44359394,7.49076927,272.32,15.59,0.66,215.27,1,-106.00,-7.00,3.00,7.00,21.00,23.00,13417219,440
99.03,1565671424,819.01,51.44346959,7.49062122,272.38,16.32,0.72,215.66,1,-107.00,-7.00,-1.00,6.00,21.00,23.00,13417219,440
100.03,1565671425,835.33,51.44334035,7.49047360,272.63,16.22,-0.10,216.44,1,-107.00,-7.00,-1.00,6.00,21.00,23.00,13417219,440
101.03,1565671426,851.61,51.44321191,7.49033212,272.91,16.49,0.27,216.54,1,-111.00,-11.00,2.00,6.00,19.00,23.00,13417219,440
102.03,1565671427,868.10,51.44308541,7.49018765,273.14,16.89,0.40,216.73,1,-111.00,-11.00,2.00,6.00,19.00,23.00,13417219,440
103.03,1565671428,884.95,51.44296337,7.49004373,273.26,17.21,0.32,216.61,1,-107.00,-9.00,-4.00,3.00,22.00,23.00,13417219,440
104.03,1565671429,902.16,51.44285876,7.48991909,273.66,17.03,-0.18,216.59,1,-107.00,-9.00,-4.00,3.00,22.00,23.00,13417219,440
105.03,1565671430,919.18,51.44273741,7.48977692,274.10,17.34,0.31,216.84,1,-107.00,-8.00,1.00,5.00,21.00,23.00,13417219,440
106.03,1565671431,936.54,51.44261592,7.48963192,274.76,17.31,-0.03,216.22,1,-107.00,-8.00,1.00,5.00,21.00,23.00,13417219,440
107.03,1565671432,953.85,51.44249751,7.48949238,275.39,16.92,-0.39,215.74,1,-99.00,-6.00,14.00,8.00,27.00,23.00,13417219,440
108.03,1565671433,970.75,51.44236527,7.48933772,276.08,17.22,0.30,216.25,1,-99.00,-6.00,14.00,8.00,27.00,23.00,13417219,440
109.03,1565671434,987.99,51.44224308,7.48919167,276.21,16.12,-1.10,216.95,1,-100.00,-5.00,7.00,8.00,27.00,23.00,13417219,440
110.03,1565671435,1004.11,51.44211517,7.48903876,276.63,16.22,0.10,218.13,1,-100.00,-5.00,7.00,8.00,27.00,23.00,13417219,440
111.03,1565671436,1020.32,51.44200694,7.48889271,276.21,15.93,-0.29,219.44,1,-102.00,-7.00,-3.00,10.00,25.00,23.00,13417219,440
112.03,1565671437,1036.26,51.44189572,7.48873737,275.70,15.86,-0.07,221.25,1,-102.00,-7.00,-3.00,10.00,25.00,23.00,13417219,440
113.03,1565671438,1052.23,51.44179067,7.48857699,275.65,15.67,-0.19,223.43,1,-100.00,-8.00,-9.00,10.00,26.00,23.00,13417219,440
114.03,1565671439,1067.80,51.44168825,7.48841088,275.68,14.98,-0.70,225.02,1,-100.00,-8.00,-9.00,10.00,26.00,23.00,13417219,440
115.03,1565671440,1082.77,51.44159698,7.48824438,275.34,14.88,-0.10,226.86,1,-100.00,-8.00,-9.00,10.00,26.00,23.00,13417219,440
116.03,1565671441,1097.64,51.44151775,7.48808406,275.74,15.10,0.22,228.17,1,-98.00,-11.00,-5.00,5.00,36.00,23.00,13417219,440
117.03,1565671442,1112.74,51.44142174,7.48789798,275.98,15.58,0.48,229.35,1,-98.00,-11.00,-5.00,5.00,36.00,23.00,13417219,440
118.03,1565671443,1128.34,51.44132501,7.48769823,275.90,15.28,-0.31,230.55,1,-96.00,-5.00,11.00,12.00,30.00,23.00,13417219,440
119.03,1565671444,1143.61,51.44122904,7.48750290,276.06,15.39,0.12,231.54,1,-96.00,-5.00,11.00,12.00,30.00,23.00,13417219,440
120.03,1565671445,1158.99,51.44113996,7.48731248,276.66,15.32,-0.07,232.21,1,-100.00,-5.00,4.00,9.00,26.00,23.00,13417219,440
121.02,1565671446,1174.28,51.44106292,7.48714332,277.73,15.21,-0.12,232.74,1,-100.00,-5.00,4.00,9.00,26.00,23.00,13417219,440
122.03,1565671447,1189.55,51.44098343,7.48696727,278.75,15.44,0.23,233.24,1,-95.00,-4.00,16.00,11.00,29.00,23.00,13417219,440
123.02,1565671448,1204.92,51.44090945,7.48680101,279.60,15.58,0.15,233.57,1,-95.00,-4.00,16.00,11.00,29.00,23.00,13417219,440
124.02,1565671449,1220.50,51.44083133,7.48662650,280.28,15.44,-0.15,233.92,1,-95.00,-11.00,12.00,12.00,37.00,23.00,13417219,440
125.03,1565671450,1235.99,51.44075754,7.48645151,280.58,15.28,-0.15,234.72,1,-95.00,-11.00,12.00,12.00,37.00,23.00,13417219,440
126.03,1565671451,1251.26,51.44067840,7.48626711,280.64,15.48,0.19,234.13,1,-95.00,-12.00,10.00,11.00,37.00,23.00,13417219,440
127.03,1565671452,1266.75,51.44060261,7.48609945,280.89,14.45,-1.02,233.33,1,-95.00,-12.00,10.00,11.00,37.00,23.00,13417219,440
128.03,1565671453,1281.20,51.44052757,7.48592796,280.80,14.59,0.14,232.90,1,-98.00,-8.00,-2.00,11.00,28.00,23.00,13417219,440
129.03,1565671454,1295.77,51.44044735,7.48574701,280.64,15.04,0.45,232.44,1,-98.00,-8.00,-2.00,11.00,28.00,23.00,13417219,440
130.03,1565671455,1310.86,51.44035747,7.48555737,281.00,14.78,-0.26,233.06,1,-104.00,-11.00,4.00,7.00,27.00,23.00,13417219,440
131.03,1565671456,1325.61,51.44028473,7.48539623,281.66,14.79,0.02,232.17,1,-104.00,-11.00,4.00,7.00,27.00,23.00,13417219,440
132.03,1565671457,1340.40,51.44021676,7.48525003,282.22,14.62,-0.18,232.22,1,-92.00,-7.00,14.00,15.00,37.00,23.00,13417219,440
133.03,1565671458,1355.00,51.44013735,7.48507914,282.39,15.02,0.40,232.77,1,-92.00,-7.00,14.00,15.00,37.00,23.00,13417219,440
134.03,1565671459,1370.17,51.44005832,7.48491070,282.46,14.86,-0.15,233.64,1,-98.00,-6.00,-1.00,11.00,30.00,23.00,13417219,440
135.03,1565671460,1384.89,51.43997680,7.48473065,282.86,14.44,-0.42,233.04,1,-98.00,-6.00,-1.00,11.00,30.00,23.00,13417219,440
136.03,1565671461,1399.34,51.43989306,7.48456097,283.16,13.78,-0.67,232.29,1,-98.00,-6.00,-1.00,11.00,30.00,23.00,13417219,440
137.03,1565671462,1413.11,51.43981877,7.48440333,283.46,13.33,-0.44,231.93,1,-98.00,-6.00,10.00,11.00,28.00,23.00,13417219,440
138.03,1565671463,1426.43,51.43974316,7.48423829,283.14,14.03,0.69,231.61,1,-98.00,-6.00,10.00,11.00,28.00,23.00,13417219,440
139.03,1565671464,1440.47,51.43966430,7.48406815,282.39,14.47,0.44,232.61,1,-101.00,-7.00,4.00,9.00,25.00,23.00,13417219,440
140.03,1565671465,1454.94,51.43958782,7.48388941,282.35,14.82,0.34,233.38,1,-101.00,-7.00,4.00,9.00,25.00,23.00,13417219,440
141.03,1565671466,1469.77,51.43950799,7.48370392,281.65,14.33,-0.49,234.38,1,-99.00,-6.00,-3.00,2.00,28.00,23.00,13417219,440
142.03,1565671467,1484.10,51.43944255,7.48353379,281.07,12.83,-1.50,236.09,1,-99.00,-6.00,-3.00,2.00,28.00,23.00,13417219,440
143.03,1565671468,1496.94,51.43937510,7.48335161,280.54,13.72,0.89,237.53,1,-100.00,-6.00,9.00,2.00,26.00,23.00,13417219,440
144.03,1565671469,1510.65,51.43930696,7.48315689,280.11,13.82,0.11,238.57,1,-100.00,-6.00,9.00,2.00,26.00,23.00,13417219,440
145.03,1565671470,1524.48,51.43924723,7.48298470,279.67,12.80,-1.02,239.67,1,-100.00,-6.00,7.00,2.00,27.00,23.00,13417219,440
146.03,1565671471,1537.27,51.43918867,7.48281783,279.28,12.67,-0.13,240.34,1,-100.00,-6.00,7.00,2.00,27.00,23.00,13417219,440
147.02,1565671472,1549.90,51.43914577,7.48268354,279.26,12.22,-0.45,241.05,1,-93.00,-5.00,17.00,15.00,32.00,20.00,13417219,440
148.03,1565671473,1562.15,51.43907615,7.48247429,279.15,13.36,1.14,241.31,1,-93.00,-5.00,17.00,15.00,32.00,20.00,13417219,440
149.03,1565671474,1575.51,51.43901372,7.48228536,279.12,12.71,-0.66,241.86,1,-96.00,-6.00,13.00,12.00,31.00,20.00,13417219,440
150.03,1565671475,1588.22,51.43895836,7.48210413,279.94,13.42,0.71,241.35,1,-96.00,-6.00,13.00,12.00,31.00,20.00,13417219,440
151.03,1565671476,1601.63,51.43889734,7.48192456,280.50,13.85,0.43,241.02,1,-101.00,-5.00,7.00,10.00,26.00,20.00,13417219,440
152.03,1565671477,1615.48,51.43883826,7.48174954,280.68,13.08,-0.78,241.63,1,-101.00,-5.00,7.00,10.00,26.00,20.00,13417219,440
153.03,1565671478,1628.57,51.43877907,7.48157074,281.06,13.74,0.67,241.02,1,-99.00,-4.00,11.00,13.00,26.00,20.00,13417219,440
154.03,1565671479,1642.31,51.43872298,7.48140444,281.47,14.40,0.65,240.47,1,-99.00,-4.00,11.00,13.00,26.00,20.00,13417219,440
155.03,1565671480,1656.84,51.43866068,7.48122457,281.93,13.90,-0.50,240.33,1,-88.00,-3.00,21.00,15.00,37.00,20.00,13417219,440
156.03,1565671481,1670.60,51.43859852,7.48103688,281.69,13.56,-0.34,240.61,1,-88.00,-3.00,21.00,15.00,37.00,20.00,13417219,440
157.03,1565671482,1684.16,51.43852589,7.48082410,282.10,15.29,1.73,240.23,1,-88.00,-3.00,21.00,15.00,37.00,20.00,13417219,440
158.03,1565671483,1699.44,51.43845103,7.48062709,282.71,15.60,0.31,239.41,1,-101.00,-6.00,13.00,10.00,26.00,20.00,13417219,440
159.03,1565671484,1715.06,51.43837053,7.48040759,282.89,15.64,0.03,240.15,1,-101.00,-6.00,13.00,10.00,26.00,20.00,13417219,440
160.03,1565671485,1730.71,51.43830320,7.48020624,282.78,15.26,-0.38,240.71,1,-102.00,-6.00,15.00,7.00,25.00,20.00,13417219,440
161.03,1565671486,1745.97,51.43823944,7.48002036,283.01,14.39,-0.87,241.22,1,-102.00,-6.00,15.00,7.00,25.00,20.00,13417219,440
162.03,1565671487,1760.34,51.43817489,7.47982299,283.14,14.94,0.55,240.46,1,-97.00,-7.00,4.00,2.00,38.00,20.00,13417219,440
163.03,1565671488,1775.28,51.43810344,7.47962266,282.99,15.40,0.46,241.12,1,-97.00,-7.00,4.00,2.00,38.00,20.00,13417219,440
164.03,1565671489,1790.70,51.43803193,7.47941590,282.69,15.69,0.29,241.56,1,-100.00,-7.00,2.00,2.00,27.00,20.00,13417219,440
165.03,1565671490,1806.39,51.43796897,7.47923602,281.97,15.94,0.25,242.33,1,-100.00,-7.00,2.00,2.00,27.00,20.00,13417219,440
166.03,1565671491,1822.32,51.43790329,7.47903696,281.67,15.47,-0.47,241.86,1,-97.00,-6.00,13.00,2.00,29.00,20.00,13417219,440
167.03,1565671492,1837.80,51.43783817,7.47883636,281.63,14.43,-1.04,241.44,1,-97.00,-6.00,13.00,2.00,29.00,20.00,13417219,440
168.03,1565671493,1852.23,51.43777410,7.47863867,281.38,14.25,-0.17,241.17,1,-94.00,-6.00,7.00,2.00,32.00,20.00,13417219,440
169.03,1565671494,1866.48,51.43771464,7.47846839,281.47,14.10,-0.15,241.62,1,-94.00,-6.00,7.00,2.00,32.00,20.00,13417219,440
170.03,1565671495,1880.59,51.43764816,7.47827928,281.20,13.52,-0.58,241.23,1,-94.00,-6.00,7.00,2.00,32.00,20.00,13417219,440
171.03,1565671496,1894.11,51.43757655,7.47807633,281.23,14.15,0.63,241.09,1,-94.00,-6.00,7.00,2.00,32.00,20.00,13417219,440
172.03,1565671497,1908.24,51.43751465,7.47789579,281.32,13.20,-0.94,241.83,1,-87.00,-4.00,9.00,12.00,38.00,22.00,13417219,440
173.03,1565671498,1921.44,51.43745545,7.47772230,281.38,12.57,-0.63,241.04,1,-87.00,-4.00,9.00,12.00,38.00,22.00,13417219,440
174.03,1565671499,1934.01,51.43738973,7.47753727,281.45,12.01,-0.56,240.33,1,-89.00,-4.00,17.00,6.00,37.00,19.00,13523715,6
175.03,1565671500,1946.01,51.43733321,7.47737342,282.00,12.49,0.48,241.23,1,-89.00,-4.00,17.00,6.00,37.00,19.00,13523715,6
176.03,1565671501,1958.61,51.43727711,7.47719531,282.24,12.80,0.31,242.70,1,-92.00,-6.00,6.00,10.00,37.00,19.00,13523715,6
177.03,1565671502,1971.30,51.43722561,7.47701927,282.19,12.53,-0.27,244.58,1,-92.00,-6.00,6.00,10.00,37.00,19.00,13523715,6
178.03,1565671503,1983.85,51.43717880,7.47683650,281.81,11.92,-0.62,246.35,1,-92.00,-6.00,6.00,10.00,37.00,19.00,13523715,6
179.03,1565671504,1995.77,51.43715071,7.47669356,281.96,10.77,-1.15,250.09,1,-92.00,-4.00,9.00,12.00,33.00,19.00,13523715,6
180.03,1565671505,2006.54,51.43715291,7.47655635,282.56,10.02,-0.75,266.66,1,-92.00,-4.00,9.00,12.00,33.00,19.00,13523715,6
181.03,1565671506,2016.56,51.43715986,7.47642755,282.66,9.06,-0.96,269.95,1,-94.00,-5.00,7.00,11.00,32.00,19.00,13523715,6
182.03,1565671507,2025.62,51.43719469,7.47630425,282.79,7.91,-1.15,292.87,1,-94.00,-5.00,7.00,11.00,32.00,19.00,13523715,6
183.03,1565671508,2033.53,51.43725436,7.47622382,282.87,7.84,-0.07,320.64,1,-96.00,-5.00,8.00,13.00,29.00,19.00,13523715,6
184.03,1565671509,2041.37,51.43733620,7.47616699,283.32,8.11,0.27,343.46,1,-96.00,-5.00,8.00,13.00,29.00,19.00,13523715,6
185.03,1565671510,2049.48,51.43742181,7.47615524,283.63,8.25,0.14,2.83,1,-99.00,-5.00,19.00,12.00,25.00,19.00,13523715,6
186.03,1565671511,2057.74,51.43749946,7.47620526,283.42,9.08,0.82,27.65,1,-99.00,-5.00,19.00,12.00,25.00,19.00,13523715,6
187.03,1565671512,2066.82,51.43755502,7.47630893,283.09,9.04,-0.03,51.61,1,-103.00,-6.00,8.00,10.00,24.00,19.00,13523715,6
188.03,1565671513,2075.86,51.43762700,7.47644390,283.73,10.05,1.01,52.69,1,-103.00,-6.00,8.00,10.00,24.00,19.00,13523715,6
189.03,1565671514,2085.90,51.43768946,7.47658018,284.23,11.14,1.10,53.77,1,-104.00,-6.00,16.00,12.00,24.00,19.00,13523715,6
190.02,1565671515,2097.00,51.43775289,7.47672555,284.66,12.69,1.55,55.00,1,-104.00,-6.00,16.00,12.00,24.00,19.00,13523715,6
191.03,1565671516,2109.75,51.43783087,7.47689917,284.61,14.22,1.53,55.21,1,-102.00,-6.00,3.00,10.00,24.00,19.00,13523715,6
192.03,1565671517,2123.97,51.43790823,7.47707172,284.98,15.82,1.60,54.41,1,-102.00,-6.00,3.00,10.00,24.00,19.00,13523715,6
193.03,1565671518,2139.79,51.43799602,7.47726578,284.78,16.17,0.35,54.83,1,-97.00,-7.00,7.00,2.00,39.00,19.00,13523715,6
194.03,1565671519,2155.96,51.43810259,7.47750155,284.13,18.05,1.88,55.05,1,-97.00,-7.00,7.00,2.00,39.00,19.00,13523715,6
195.03,1565671520,2174.03,51.43820876,7.47773933,283.59,19.05,1.00,55.99,1,-98.00,-4.00,3.00,2.00,27.00,19.00,13523715,6
196.03,1565671521,2193.08,51.43831233,7.47797542,282.78,19.52,0.47,56.46,1,-98.00,-4.00,3.00,2.00,27.00,19.00,13523715,6
197.03,1565671522,2212.60,51.43840699,7.47820726,282.94,20.11,0.59,57.18,1,-101.00,-6.00,1.00,2.00,24.00,19.00,13523715,6
198.03,1565671523,2232.71,51.43851025,7.47846589,283.18,21.29,1.18,57.81,1,-101.00,-6.00,1.00,2.00,24.00,19.00,13523715,6
199.04,1565671524,2254.19,51.43860855,7.47871230,283.64,21.95,0.65,57.34,1,-106.00,-8.00,2.00,2.00,22.00,19.00,13523715,6
200.03,1565671525,2275.94,51.43871978,7.47897141,284.42,22.46,0.52,56.03,1,-106.00,-8.00,2.00,2.00,22.00,19.00,13523715,6
201.03,1565671526,2298.42,51.43883019,7.47923048,285.08,22.59,0.12,56.29,1,-106.00,-8.00,2.00,2.00,22.00,19.00,13523715,6
202.03,1565671527,2320.96,51.43894603,7.47950674,285.40,22.91,0.32,56.72,1,-107.00,-7.00,1.00,8.00,20.00,22.00,13417219,440
203.03,1565671528,2343.87,51.43906144,7.47977494,285.57,22.98,0.07,55.64,1,-107.00,-7.00,1.00,8.00,20.00,22.00,13417219,440
204.03,1565671529,2366.82,51.43918741,7.48006391,285.96,23.51,0.54,54.53,1,-106.00,-7.00,11.00,8.00,22.00,22.00,13417219,440
205.03,1565671530,2390.33,51.43931429,7.48033748,285.96,23.44,-0.07,53.36,1,-106.00,-7.00,11.00,8.00,22.00,22.00,13417219,440
206.03,1565671531,2413.80,51.43945290,7.48062234,286.37,23.98,0.54,52.27,1,-108.00,-9.00,10.00,9.00,20.00,22.00,13417219,440
207.03,1565671532,2437.78,51.43958317,7.48090166,286.18,24.96,0.98,52.36,1,-108.00,-9.00,10.00,9.00,20.00,22.00,13417219,440
208.03,1565671533,2462.72,51.43972195,7.48119017,285.55,25.28,0.32,51.93,1,-106.00,-7.00,0.00,9.00,21.00,22.00,13417219,440
209.03,1565671534,2488.03,51.43986049,7.48146315,284.95,25.41,0.13,50.69,1,-106.00,-7.00,0.00,9.00,21.00,22.00,13417219,440
210.03,1565671535,2513.41,51.44000831,7.48173861,284.53,25.44,0.03,49.12,1,-109.00,-8.00,4.00,8.00,20.00,22.00,13417219,440
211.03,1565671536,2538.85,51.44016432,7.48200247,284.35,25.90,0.46,46.48,1,-109.00,-8.00,4.00,8.00,20.00,22.00,13417219,440
212.03,1565671537,2564.80,51.44033291,7.48226318,284.10,26.21,0.31,44.21,1,-110.00,-11.00,-4.00,4.00,22.00,22.00,13417219,440
213.03,1565671538,2591.02,51.44050746,7.48251283,284.00,26.24,0.03,41.61,1,-110.00,-11.00,-4.00,4.00,22.00,22.00,13417219,440
214.03,1565671539,2617.28,51.44068117,7.48276058,283.82,25.71,-0.53,41.00,1,-110.00,-12.00,-7.00,2.00,31.00,22.00,13417219,440
215.03,1565671540,2643.00,51.44085295,7.48298968,283.37,25.32,-0.39,39.45,1,-110.00,-12.00,-7.00,2.00,31.00,22.00,13417219,440
216.03,1565671541,2668.37,51.44102456,7.48320953,282.75,24.99,-0.33,37.87,1,-113.00,-14.00,-9.00,2.00,21.00,22.00,13417219,440
217.03,1565671542,2693.36,51.44119535,7.48343198,282.02,24.80,-0.19,36.99,1,-113.00,-14.00,-9.00,2.00,21.00,22.00,13417219,440
218.03,1565671543,2718.21,51.44137628,7.48364055,281.36,24.78,-0.02,34.37,1,-114.00,-15.00,-5.00,2.00,21.00,22.00,13417219,440
219.03,1565671544,2742.99,51.44156513,7.48384608,280.74,24.92,0.14,32.74,1,-114.00,-15.00,-5.00,2.00,21.00,22.00,13417219,440
220.03,1565671545,2767.96,51.44175074,7.48403424,279.98,25.17,0.25,30.95,1,-109.00,-10.00,-3.00,5.00,20.00,22.00,13415426,265
221.03,1565671546,2792.96,51.44194028,7.48421777,279.11,25.35,0.18,29.59,1,-109.00,-10.00,-3.00,5.00,20.00,22.00,13415426,265
222.03,1565671547,2818.28,51.44213143,7.48438548,278.29,25.39,0.04,27.25,1,-109.00,-10.00,-3.00,5.00,20.00,22.00,13415426,265
223.03,1565671548,2843.69,51.44232444,7.48455242,277.36,25.23,-0.15,26.30,1,-111.00,-10.00,-2.00,4.00,20.00,22.00,13415426,265
224.03,1565671549,2868.93,51.44251959,7.48471069,276.37,25.07,-0.16,25.85,1,-111.00,-10.00,-2.00,4.00,20.00,22.00,13415426,265
225.03,1565671550,2894.02,51.44271231,7.48486508,275.29,24.95,-0.12,24.90,1,-111.00,-12.00,-10.00,3.00,21.00,22.00,13415426,265
226.03,1565671551,2918.98,51.44291523,7.48501087,274.52,24.89,-0.07,23.87,1,-111.00,-12.00,-10.00,3.00,21.00,22.00,13415426,265
227.03,1565671552,2943.86,51.44311604,7.48515240,273.95,24.66,-0.23,23.23,1,-111.00,-14.00,-10.00,3.00,23.00,22.00,13415426,265
228.03,1565671553,2968.52,51.44331160,7.48529218,273.36,24.30,-0.36,22.92,1,-111.00,-14.00,-10.00,3.00,23.00,22.00,13415426,265
229.03,1565671554,2992.78,51.44350027,7.48541935,272.67,22.70,-1.61,22.48,1,-111.00,-11.00,-3.00,4.00,20.00,22.00,13415426,265
230.03,1565671555,3015.45,51.44368318,7.48554270,271.89,21.84,-0.86,21.96,1,-111.00,-11.00,-3.00,4.00,20.00,22.00,13415426,265
231.03,1565671556,3037.40,51.44386055,7.48564700,271.36,20.36,-1.47,20.94,1,-109.00,-9.00,-9.00,1.00,21.00,22.00,13415426,265
232.03,1565671557,3057.77,51.44402470,7.48574343,270.99,18.60,-1.77,21.17,1,-109.00,-9.00,-9.00,1.00,21.00,22.00,13415426,265
233.03,1565671558,3076.35,51.44419043,7.48584061,270.27,17.21,-1.39,21.60,1,-118.00,-18.00,-9.00,1.00,20.00,22.00,13415426,265
234.03,1565671559,3093.56,51.44433408,7.48593778,269.77,14.68,-2.53,23.90,1,-118.00,-18.00,-9.00,1.00,20.00,22.00,13415426,265
235.03,1565671560,3108.21,51.44446978,7.48604647,269.32,15.11,0.43,26.50,1,-110.00,-12.00,-4.00,3.00,20.00,22.00,13415426,265
236.03,1565671561,3123.33,51.44456182,7.48617060,269.51,13.94,-1.17,40.00,1,-110.00,-12.00,-4.00,3.00,20.00,22.00,13415426,265
237.03,1565671562,3137.24,51.44465104,7.48630665,269.67,13.24,-0.70,43.41,1,-120.00,-19.00,-8.00,1.00,20.00,22.00,13415426,265
238.03,1565671563,3150.55,51.44470882,7.48648453,269.87,12.88,-0.36,65.46,1,-120.00,-19.00,-8.00,1.00,20.00,22.00,13415426,265
239.03,1565671564,3163.39,51.44473536,7.48666052,270.05,12.98,0.10,78.39,1,-124.00,-18.00,-13.00,1.00,15.00,22.00,13415426,265
240.03,1565671565,3176.38,51.44475316,7.48685766,269.93,12.67,-0.32,81.95,1,-124.00,-18.00,-13.00,1.00,15.00,22.00,13415426,265
241.03,1565671566,3189.05,51.44471932,7.48703298,269.22,13.16,0.50,109.37,nan,nan,nan,nan,nan,nan,nan,nan,nan
242.03,1565671567,3202.19,51.44464712,7.48721630,268.49,13.52,0.36,125.84,nan,nan,nan,nan,nan,nan,nan,nan,nan
243.04,1565671568,3215.94,51.44456040,7.48739547,267.46,13.49,-0.03,129.93,nan,nan,nan,nan,nan,nan,nan,nan,nan
244.02,1565671569,3229.17,51.44445194,7.48749087,266.35,13.41,-0.08,153.01,nan,nan,nan,nan,nan,nan,nan,nan,nan
245.03,1565671570,3242.61,51.44432516,7.48757889,265.60,13.40,-0.01,157.06,nan,nan,nan,nan,nan,nan,nan,nan,nan
246.03,1565671571,3256.06,51.44420250,7.48757658,264.77,13.51,0.11,180.05,nan,nan,nan,nan,nan,nan,nan,nan,nan
247.02,1565671572,3269.49,51.44407840,7.48754056,264.41,13.28,-0.24,192.59,nan,nan,nan,nan,nan,nan,nan,nan,nan
248.03,1565671573,3282.82,51.44395955,7.48744970,263.96,13.43,0.15,208.90,nan,nan,nan,nan,nan,nan,nan,nan,nan
249.03,1565671574,3296.25,51.44385563,7.48730508,263.86,13.53,0.11,225.46,nan,nan,nan,nan,nan,nan,nan,nan,nan
250.03,1565671575,3309.79,51.44379276,7.48714892,263.61,13.49,-0.04,241.41,nan,nan,nan,nan,nan,nan,nan,nan,nan
251.03,1565671576,3323.27,51.44376759,7.48697657,263.12,13.67,0.18,257.28,nan,nan,nan,nan,nan,nan,nan,nan,nan
252.03,1565671577,3336.96,51.44374786,7.48677691,262.82,14.34,0.67,260.54,nan,nan,nan,nan,nan,nan,nan,nan,nan
253.03,1565671578,3351.29,51.44373487,7.48655808,262.50,15.06,0.72,263.50,nan,nan,nan,nan,nan,nan,nan,nan,nan
254.03,1565671579,3366.35,51.44372721,7.48632855,262.20,16.06,1.00,265.28,nan,nan,nan,nan,nan,nan,nan,nan,nan
255.03,1565671580,3382.41,51.44372036,7.48608567,261.85,17.18,1.12,266.20,nan,nan,nan,nan,nan,nan,nan,nan,nan
256.03,1565671581,3399.59,51.44371625,7.48582149,261.42,18.28,1.10,266.89,nan,nan,nan,nan,nan,nan,nan,nan,nan
257.03,1565671582,3417.86,51.44370967,7.48553963,261.07,19.23,0.95,267.60,nan,nan,nan,nan,nan,nan,nan,nan,nan
258.03,1565671583,3437.11,51.44370516,7.48524648,260.47,19.36,0.13,269.16,nan,nan,nan,nan,nan,nan,nan,nan,nan
259.03,1565671584,3456.47,51.44369975,7.48492319,261.00,20.19,0.84,269.72,nan,nan,nan,nan,nan,nan,nan,nan,nan
260.03,1565671585,3476.64,51.44369934,7.48458797,261.35,23.01,2.82,268.79,nan,nan,nan,nan,nan,nan,nan,nan,nan
261.03,1565671586,3499.65,51.44370143,7.48428067,261.48,23.73,0.72,268.66,nan,nan,nan,nan,nan,nan,nan,nan,nan
262.03,1565671587,3523.38,51.44370730,7.48395557,261.43,24.20,0.47,268.48,nan,nan,nan,nan,nan,nan,nan,nan,nan
263.03,1565671588,3547.58,51.44370463,7.48359574,261.09,24.70,0.50,268.11,nan,nan,nan,nan,nan,nan,nan,nan,nan
264.04,1565671589,3572.52,51.44369954,7.48323655,260.66,25.31,0.60,267.88,nan,nan,nan,nan,nan,nan,nan,nan,nan
265.03,1565671590,3597.57,51.44369338,7.48286777,260.31,25.83,0.53,267.56,nan,nan,nan,nan,nan,nan,nan,nan,nan
266.03,1565671591,3623.38,51.44367995,7.48248429,260.17,26.32,0.49,266.81,nan,nan,nan,nan,nan,nan,nan,nan,nan
267.03,1565671592,3649.69,51.44366885,7.48210293,260.04,26.92,0.61,266.66,nan,nan,nan,nan,nan,nan,nan,nan,nan
268.03,1565671593,3676.64,51.44365471,7.48171089,260.05,27.43,0.51,266.55,nan,nan,nan,nan,nan,nan,nan,nan,nan
269.03,1565671594,3704.05,51.44364091,7.48131667,260.07,28.00,0.56,266.01,nan,nan,nan,nan,nan,nan,nan,nan,nan
270.03,1565671595,3732.05,51.44362521,7.48091346,260.03,28.45,0.45,265.85,nan,nan,nan,nan,nan,nan,nan,nan,nan
271.03,1565671596,3760.50,51.44360028,7.48050133,259.87,29.06,0.61,264.56,nan,nan,nan,nan,nan,nan,nan,nan,nan
272.03,1565671597,3789.56,51.44357591,7.48008382,259.58,29.48,0.42,263.56,nan,nan,nan,nan,nan,nan,nan,nan,nan
273.02,1565671598,3819.01,51.44354481,7.47965580,259.13,29.95,0.47,263.27,1,-117.00,-10.00,-8.00,10.00,24.00,81.00,13067273,288
274.03,1565671599,3849.03,51.44351125,7.47921603,259.19,29.77,-0.18,263.25,1,-117.00,-10.00,-8.00,10.00,24.00,81.00,13067273,288
275.03,1565671600,3878.80,51.44348060,7.47879372,259.28,29.23,-0.55,263.22,1,-119.00,-10.00,1.00,8.00,9.00,81.00,13067273,288
276.03,1565671601,3908.02,51.44344862,7.47839332,259.08,28.83,-0.39,262.75,1,-119.00,-10.00,1.00,8.00,9.00,81.00,13067273,288
277.03,1565671602,3936.88,51.44341837,7.47798982,258.70,28.67,-0.17,262.54,1,-105.00,-9.00,2.00,8.00,24.00,17.00,13415426,265
278.03,1565671603,3965.55,51.44338266,7.47758679,258.28,28.07,-0.60,262.04,1,-105.00,-9.00,2.00,8.00,24.00,17.00,13415426,265
279.02,1565671604,3993.54,51.44334978,7.47719368,257.71,28.03,-0.04,261.78,1,-106.00,-10.00,-2.00,8.00,25.00,17.00,13415426,265
280.02,1565671605,4021.57,51.44331453,7.47679334,257.14,28.10,0.07,261.83,1,-106.00,-10.00,-2.00,8.00,25.00,17.00,13415426,265
281.03,1565671606,4049.75,51.44327776,7.47639426,256.62,27.95,-0.15,261.37,1,-109.00,-12.00,-4.00,5.00,23.00,17.00,13415426,265
282.03,1565671607,4077.70,51.44323985,7.47600130,256.08,27.89,-0.06,261.04,1,-109.00,-12.00,-4.00,5.00,23.00,17.00,13415426,265
283.03,1565671608,4105.59,51.44319748,7.47561239,255.59,27.73,-0.15,260.77,1,-110.00,-12.00,-4.00,4.00,22.00,17.00,13415426,265
284.03,1565671609,4133.32,51.44314892,7.47521887,255.00,27.79,0.06,258.87,1,-110.00,-12.00,-4.00,4.00,22.00,17.00,13415426,265
285.04,1565671610,4161.31,51.44309755,7.47482285,254.26,28.03,0.24,257.97,1,-111.00,-11.00,-4.00,2.00,30.00,17.00,13415426,265
286.03,1565671611,4189.09,51.44304487,7.47442173,253.44,28.60,0.57,258.02,1,-111.00,-11.00,-4.00,2.00,30.00,17.00,13415426,265
287.03,1565671612,4217.69,51.44298356,7.47402016,252.81,29.67,1.07,256.77,1,-111.00,-11.00,-4.00,2.00,30.00,17.00,13415426,265
288.03,1565671613,4247.50,51.44292123,7.47360132,252.00,29.87,0.20,257.73,1,-116.00,-17.00,-3.00,2.00,20.00,17.00,13415426,265
289.03,1565671614,4277.38,51.44286625,7.47318033,251.28,30.34,0.46,258.42,1,-116.00,-17.00,-3.00,2.00,20.00,17.00,13415426,265
290.03,1565671615,4307.56,51.44281109,7.47275178,250.59,30.77,0.43,258.92,1,-108.00,-10.00,1.00,8.00,22.00,13.00,13415426,265
291.03,1565671616,4338.36,51.44275626,7.47232130,249.94,30.80,0.04,259.07,1,-108.00,-10.00,1.00,8.00,22.00,13.00,13415426,265
292.03,1565671617,4369.14,51.44270083,7.47188295,249.23,31.04,0.24,259.17,1,-110.00,-10.00,1.00,7.00,21.00,13.00,13415426,265
293.02,1565671618,4400.15,51.44264607,7.47144269,248.49,31.52,0.48,259.01,1,-110.00,-10.00,1.00,7.00,21.00,13.00,13415426,265
294.03,1565671619,4431.70,51.44258977,7.47099334,247.71,31.90,0.38,258.58,1,-110.00,-9.00,3.00,8.00,20.00,13.00,13415426,265
295.03,1565671620,4463.60,51.44253332,7.47053593,246.81,32.50,0.61,258.60,1,-110.00,-9.00,3.00,8.00,20.00,13.00,13415426,265
296.03,1565671621,4496.10,51.44247580,7.47007307,245.85,32.84,0.34,258.66,1,-111.00,-10.00,2.00,6.00,19.00,13.00,13415426,265
297.03,1565671622,4528.94,51.44241677,7.46959868,244.77,33.46,0.62,258.29,1,-111.00,-10.00,2.00,6.00,19.00,13.00,13415426,265
298.02,1565671623,4562.37,51.44235848,7.46913075,243.58,33.39,-0.07,258.34,1,-107.00,-7.00,5.00,9.00,19.00,13.00,13415426,265
299.03,1565671624,4595.79,51.44229938,7.46866394,242.48,33.43,0.03,258.45,1,-107.00,-7.00,5.00,9.00,19.00,13.00,13415426,265
300.02,1565671625,4629.19,51.44224080,7.46819036,241.24,33.58,0.15,258.71,1,-109.00,-8.00,1.00,7.00,18.00,13.00,13415426,265
301.03,1565671626,4662.80,51.44218263,7.46771025,239.70,33.90,0.32,259.01,1,-109.00,-8.00,1.00,7.00,18.00,13.00,13415426,265
302.03,1565671627,4696.70,51.44212408,7.46723743,238.41,34.07,0.17,259.27,1,-114.00,-10.00,1.00,2.00,16.00,13.00,13415426,265
303.03,1565671628,4730.77,51.44206907,7.46674182,237.53,34.59,0.52,259.70,1,-114.00,-10.00,1.00,2.00,16.00,13.00,13415426,265
304.03,1565671629,4765.43,51.44201691,7.46624267,236.86,34.64,0.05,259.79,1,-115.00,-12.00,-3.00,2.00,16.00,13.00,13415426,265
305.03,1565671630,4800.10,51.44196436,7.46574736,236.13,35.17,0.53,259.96,1,-115.00,-12.00,-3.00,2.00,16.00,13.00,13415426,265
306.04,1565671631,4835.66,51.44191783,7.46524726,235.24,35.55,0.37,261.34,1,-115.00,-13.00,-7.00,2.00,18.00,13.00,13415426,265
307.03,1565671632,4870.85,51.44187073,7.46473855,234.37,35.63,0.08,261.34,1,-115.00,-13.00,-7.00,2.00,18.00,13.00,13415426,265
308.03,1565671633,4906.48,51.44182551,7.46423462,233.48,35.82,0.19,262.02,1,-115.00,-13.00,-7.00,2.00,18.00,13.00,13415426,265
309.03,1565671634,4942.16,51.44178215,7.46374042,232.30,35.76,-0.06,262.32,1,-119.00,-16.00,-7.00,3.00,18.00,12.00,13415426,265
310.03,1565671635,4977.91,51.44174584,7.46323649,231.34,35.81,0.06,263.14,1,-119.00,-16.00,-7.00,3.00,18.00,12.00,13415426,265
311.03,1565671636,5013.72,51.44171516,7.46272211,230.51,35.85,0.03,264.25,1,-111.00,-12.00,3.00,8.00,21.00,12.00,13415427,264
312.03,1565671637,5049.57,51.44168348,7.46220648,229.43,35.83,-0.02,264.68,1,-111.00,-12.00,3.00,8.00,21.00,12.00,13415427,264
313.02,1565671638,5085.36,51.44165931,7.46169319,228.78,35.40,-0.42,265.52,1,-105.00,-8.00,10.00,9.00,21.00,12.00,13415427,264
314.02,1565671639,5120.76,51.44163576,7.46118890,228.36,34.60,-0.81,266.12,1,-105.00,-8.00,10.00,9.00,21.00,12.00,13415427,264
315.02,1565671640,5155.36,51.44161366,7.46068998,228.29,33.77,-0.82,266.26,1,-103.00,-6.00,9.00,11.00,25.00,12.00,13415427,264
316.02,1565671641,5189.13,51.44159773,7.46019822,228.31,33.20,-0.58,267.14,1,-103.00,-6.00,9.00,11.00,25.00,12.00,13415427,264
317.03,1565671642,5222.36,51.44158337,7.45971856,228.34,32.92,-0.27,267.45,1,-103.00,-6.00,8.00,10.00,23.00,12.00,13415427,264
318.03,1565671643,5255.28,51.44156821,7.45924857,228.23,32.90,-0.02,268.11,1,-103.00,-6.00,8.00,10.00,23.00,12.00,13415427,264
319.03,1565671644,5288.19,51.44156115,7.45877831,228.00,33.05,0.15,268.70,1,-98.00,-6.00,8.00,12.00,27.00,12.00,13415427,264
320.03,1565671645,5321.24,51.44155624,7.45830810,227.90,33.16,0.11,269.33,1,-98.00,-6.00,8.00,12.00,27.00,12.00,13415427,264
321.03,1565671646,5354.44,51.44155275,7.45782678,227.88,33.36,0.19,269.56,1,-102.00,-10.00,8.00,11.00,30.00,12.00,13415427,264
322.03,1565671647,5387.80,51.44155431,7.45734489,227.86,33.32,-0.04,269.91,1,-102.00,-10.00,8.00,11.00,30.00,12.00,13415427,264
323.03,1565671648,5421.08,51.44155577,7.45686430,227.84,33.43,0.11,270.05,1,-108.00,-8.00,5.00,8.00,23.00,12.00,13415427,264
324.03,1565671649,5454.51,51.44155524,7.45638791,227.79,33.64,0.21,270.03,1,-108.00,-8.00,5.00,8.00,23.00,12.00,13415427,264
325.03,1565671650,5488.15,51.44155602,7.45589839,227.89,33.91,0.27,270.63,1,-105.00,-10.00,11.00,9.00,27.00,12.00,13415427,264
326.03,1565671651,5522.06,51.44156563,7.45541391,228.09,33.99,0.08,271.90,1,-105.00,-10.00,11.00,9.00,27.00,12.00,13415427,264
327.04,1565671652,5556.35,51.44157612,7.45492616,228.03,34.39,0.40,272.38,1,-102.00,-5.00,12.00,10.00,24.00,12.00,13415427,264
328.02,1565671653,5590.40,51.44159353,7.45443184,227.95,34.64,0.25,273.37,1,-102.00,-5.00,12.00,10.00,24.00,12.00,13415427,264
329.03,1565671654,5625.07,51.44161175,7.45393568,227.87,34.31,-0.34,273.83,1,-102.00,-5.00,12.00,10.00,24.00,12.00,13415427,264
330.03,1565671655,5659.38,51.44163628,7.45344476,227.87,33.88,-0.42,274.63,1,-102.00,-6.00,10.00,10.00,27.00,12.00,13415427,264
331.02,1565671656,5693.16,51.44166050,7.45295959,227.88,33.86,-0.02,274.83,1,-102.00,-6.00,10.00,10.00,27.00,12.00,13415427,264
332.02,1565671657,5727.02,51.44168500,7.45247537,227.96,33.84,-0.02,275.50,1,-109.00,-10.00,2.00,6.00,22.00,17.00,13415427,264
333.02,1565671658,5760.86,51.44171566,7.45199126,228.06,33.97,0.13,275.88,1,-109.00,-10.00,2.00,6.00,22.00,17.00,13415427,264
334.03,1565671659,5794.97,51.44174725,7.45150679,228.10,34.02,0.05,276.74,1,-112.00,-12.00,0.00,6.00,21.00,17.00,13415427,264
335.03,1565671660,5828.95,51.44178057,7.45101766,228.09,34.17,0.15,276.79,1,-112.00,-12.00,0.00,6.00,21.00,17.00,13415427,264
336.02,1565671661,5863.08,51.44182221,7.45052736,228.10,34.47,0.30,277.58,1,-112.00,-11.00,0.00,8.00,20.00,17.00,13415427,264
337.03,1565671662,5897.58,51.44186454,7.45003486,228.09,34.72,0.25,278.27,1,-112.00,-11.00,0.00,8.00,20.00,17.00,13415427,264
338.03,1565671663,5932.30,51.44190590,7.44954725,227.71,35.06,0.34,278.37,1,-105.00,-11.00,13.00,7.00,24.00,17.00,13415427,264
339.02,1565671664,5967.33,51.44195681,7.44904578,227.44,35.41,0.35,279.02,1,-105.00,-11.00,13.00,7.00,24.00,17.00,13415427,264
340.03,1565671665,6002.78,51.44200427,7.44854474,227.20,35.54,0.13,279.22,1,-108.00,-9.00,6.00,6.00,21.00,17.00,13415427,264
341.02,1565671666,6038.28,51.44205373,7.44804778,226.91,34.83,-0.71,279.92,1,-108.00,-9.00,6.00,6.00,21.00,17.00,13415427,264
342.03,1565671667,6073.15,51.44211059,7.44756330,226.48,34.30,-0.53,280.39,1,-91.00,-6.00,19.00,15.00,35.00,17.00,13415427,264
343.02,1565671668,6107.41,51.44216788,7.44708530,226.00,33.84,-0.45,281.07,1,-91.00,-6.00,19.00,15.00,35.00,17.00,13415427,264
344.03,1565671669,6141.29,51.44223138,7.44661272,225.50,33.81,-0.03,281.87,1,-103.00,-6.00,10.00,8.00,23.00,17.00,13415427,264
345.02,1565671670,6175.06,51.44229628,7.44613255,225.14,33.88,0.07,282.26,1,-103.00,-6.00,10.00,8.00,23.00,17.00,13415427,264
346.03,1565671671,6208.97,51.44236058,7.44566002,224.70,34.04,0.17,282.67,1,-105.00,-8.00,-3.00,2.00,31.00,17.00,13415427,264
347.03,1565671672,6243.01,51.44243112,7.44518280,224.37,33.70,-0.34,282.97,1,-105.00,-8.00,-3.00,2.00,31.00,17.00,13415427,264
348.04,1565671673,6277.05,51.44250122,7.44471180,224.12,33.27,-0.43,283.29,1,-106.00,-9.00,-2.00,2.00,23.00,17.00,13415427,264
349.03,1565671674,6310.02,51.44257027,7.44425021,223.85,32.96,-0.31,283.65,1,-106.00,-9.00,-2.00,2.00,23.00,17.00,13415427,264
350.03,1565671675,6342.98,51.44264547,7.44378937,223.68,32.95,-0.00,284.24,1,-106.00,-9.00,-2.00,2.00,23.00,17.00,13415427,264
351.03,1565671676,6375.93,51.44272162,7.44332630,223.50,32.82,-0.14,284.19,1,-106.00,-9.00,-6.00,2.00,23.00,17.00,13415427,264
352.03,1565671677,6408.72,51.44279894,7.44286991,223.24,32.57,-0.24,285.20,1,-106.00,-9.00,-6.00,2.00,23.00,17.00,13415427,264
353.03,1565671678,6441.32,51.44288096,7.44242056,222.99,32.49,-0.08,285.66,1,-107.00,-10.00,-4.00,2.00,23.00,17.00,13415427,264
354.03,1565671679,6473.81,51.44296369,7.44197803,222.48,32.52,0.03,285.98,1,-107.00,-10.00,-4.00,2.00,23.00,17.00,13415427,264
355.02,1565671680,6506.27,51.44305187,7.44153175,221.84,32.83,0.32,286.83,1,-113.00,-14.00,-8.00,4.00,18.00,24.00,13415427,264
356.02,1565671681,6539.10,51.44314025,7.44107537,221.25,33.04,0.20,286.79,1,-113.00,-14.00,-8.00,4.00,18.00,24.00,13415427,264
357.03,1565671682,6572.23,51.44322845,7.44062189,220.70,33.36,0.33,286.93,1,-116.00,-14.00,-7.00,3.00,19.00,24.00,13415427,264
358.03,1565671683,6605.60,51.44332271,7.44016454,220.20,33.52,0.15,288.07,1,-116.00,-14.00,-7.00,3.00,19.00,24.00,13415427,264
359.03,1565671684,6639.15,51.44341648,7.43970930,219.69,33.44,-0.08,288.49,1,-116.00,-15.00,-8.00,3.00,18.00,24.00,13415427,264
360.03,1565671685,6672.62,51.44351128,7.43925350,219.35,33.60,0.17,288.81,1,-116.00,-15.00,-8.00,3.00,18.00,24.00,13415427,264
361.02,1565671686,6705.99,51.44361296,7.43879664,219.05,33.95,0.35,289.36,1,-116.00,-13.00,-6.00,4.00,18.00,24.00,13415427,264
362.03,1565671687,6740.07,51.44371227,7.43834684,218.49,34.32,0.36,289.97,1,-116.00,-13.00,-6.00,4.00,18.00,24.00,13415427,264
363.03,1565671688,6774.36,51.44381746,7.43787665,217.93,34.61,0.30,290.28,1,-112.00,-13.00,-4.00,3.00,21.00,24.00,13415427,264
364.03,1565671689,6809.00,51.44392940,7.43740018,217.50,34.91,0.30,290.80,1,-112.00,-13.00,-4.00,3.00,21.00,24.00,13415427,264
365.03,1565671690,6843.91,51.44404114,7.43692840,217.03,34.92,0.01,291.59,1,-110.00,-14.00,-2.00,5.00,23.00,24.00,13415427,264
366.03,1565671691,6878.86,51.44415847,7.43646552,216.57,34.80,-0.11,291.82,1,-110.00,-14.00,-2.00,5.00,23.00,24.00,13415427,264
367.03,1565671692,6913.77,51.44427814,7.43600275,215.85,34.60,-0.20,292.42,1,-107.00,-13.00,-1.00,6.00,24.00,24.00,13415427,264
368.03,1565671693,6948.37,51.44439810,7.43554034,214.82,34.62,0.02,292.88,1,-107.00,-13.00,-1.00,6.00,24.00,24.00,13415427,264
369.04,1565671694,6983.20,51.44452005,7.43508639,213.55,35.00,0.38,293.80,1,-110.00,-13.00,0.00,6.00,23.00,66.00,13081346,264
370.03,1565671695,7017.96,51.44465387,7.43463383,212.19,35.22,0.22,294.48,1,-110.00,-13.00,0.00,6.00,23.00,66.00,13081346,264
371.03,1565671696,7053.18,51.44479661,7.43417475,210.74,35.60,0.37,295.56,1,-110.00,-13.00,0.00,6.00,23.00,66.00,13081346,264
372.03,1565671697,7088.78,51.44494408,7.43371533,209.26,35.81,0.21,296.73,1,-112.00,-16.00,-2.00,5.00,22.00,66.00,13081346,211
373.03,1565671698,7124.59,51.44509864,7.43326104,207.91,36.09,0.28,298.14,1,-112.00,-16.00,-2.00,5.00,22.00,66.00,13081346,211
374.03,1565671699,7160.68,51.44526037,7.43280517,206.44,36.38,0.29,299.44,1,-112.00,-15.00,-2.00,5.00,22.00,66.00,13081345,210
375.03,1565671700,7197.14,51.44543210,7.43235821,205.11,36.58,0.20,301.75,1,-112.00,-15.00,-2.00,5.00,22.00,66.00,13081345,210
376.03,1565671701,7233.61,51.44561075,7.43191539,203.83,36.78,0.20,303.22,1,-111.00,-11.00,-1.00,6.00,21.00,33.00,13395457,111
377.03,1565671702,7270.35,51.44579772,7.43147693,202.53,36.83,0.05,304.83,1,-111.00,-11.00,-1.00,6.00,21.00,33.00,13395457,111
378.03,1565671703,7307.11,51.44598694,7.43103535,201.43,36.95,0.12,305.67,1,-107.00,-7.00,4.00,10.00,21.00,33.00,13395457,111
379.03,1565671704,7344.05,51.44618149,7.43061037,200.34,36.96,0.01,306.46,1,-107.00,-7.00,4.00,10.00,21.00,33.00,13395457,111
380.03,1565671705,7381.05,51.44638196,7.43021028,198.77,37.11,0.15,308.44,1,-104.00,-6.00,11.00,8.00,24.00,33.00,13395457,111
381.03,1565671706,7418.19,51.44659778,7.42981024,196.88,37.76,0.65,310.61,1,-104.00,-6.00,11.00,8.00,24.00,33.00,13395457,111
382.02,1565671707,7455.84,51.44682546,7.42940857,195.04,37.85,0.08,312.08,1,-99.00,-4.00,23.00,13.00,25.00,33.00,13395457,111
383.02,1565671708,7493.69,51.44705770,7.42901379,193.27,38.03,0.18,313.38,1,-99.00,-4.00,23.00,13.00,25.00,33.00,13395457,111
384.03,1565671709,7531.75,51.44730339,7.42862154,191.83,38.02,-0.01,315.07,1,-97.00,-4.00,28.00,15.00,28.00,33.00,13395457,111
385.03,1565671710,7569.77,51.44755247,7.42824810,190.46,38.00,-0.02,316.87,1,-97.00,-4.00,28.00,15.00,28.00,33.00,13395457,111
386.03,1565671711,7607.77,51.44780820,7.42788323,188.93,38.03,0.03,318.42,1,-99.00,-5.00,25.00,12.00,26.00,33.00,13395457,111
387.02,1565671712,7645.76,51.44806722,7.42753016,187.44,38.10,0.07,319.98,1,-99.00,-5.00,25.00,12.00,26.00,33.00,13395457,111
388.03,1565671713,7683.94,51.44833201,7.42718595,185.89,38.09,-0.01,321.17,1,-102.00,-4.00,16.00,2.00,23.00,33.00,13395457,111
389.03,1565671714,7722.02,51.44860712,7.42685314,184.40,38.14,0.05,323.03,1,-102.00,-4.00,16.00,2.00,23.00,33.00,13395457,111
390.04,1565671715,7760.46,51.44889091,7.42652282,183.12,38.25,0.11,324.68,1,-109.00,-4.00,6.00,2.00,12.00,33.00,13395469,221
391.02,1565671716,7798.33,51.44917728,7.42620882,181.99,38.35,0.10,326.30,1,-109.00,-4.00,6.00,2.00,12.00,33.00,13395469,221
392.03,1565671717,7836.71,51.44945878,7.42592096,180.51,38.52,0.17,327.61,1,-109.00,-4.00,6.00,2.00,12.00,33.00,13395469,221
393.03,1565671718,7875.23,51.44975205,7.42565210,178.81,38.57,0.05,329.84,1,-106.00,-4.00,14.00,14.00,16.00,25.00,13395469,221
394.03,1565671719,7913.80,51.45005918,7.42539261,177.06,38.88,0.31,331.82,1,-106.00,-4.00,14.00,14.00,16.00,25.00,13395469,221
395.03,1565671720,7952.67,51.45037131,7.42514479,175.28,38.66,-0.21,333.45,1,-117.00,-7.00,0.00,8.00,7.00,25.00,13395469,221
396.03,1565671721,7991.34,51.45068662,7.42490548,173.41,38.78,0.12,334.49,1,-117.00,-7.00,0.00,8.00,7.00,25.00,13395469,221
397.03,1565671722,8030.12,51.45100869,7.42467840,171.47,38.71,-0.07,335.96,1,-112.00,-6.00,4.00,8.00,11.00,25.00,13395469,221
398.03,1565671723,8068.87,51.45132314,7.42447931,169.81,38.02,-0.69,338.05,1,-112.00,-6.00,4.00,8.00,11.00,25.00,13395469,221
399.03,1565671724,8106.93,51.45163826,7.42428961,168.33,37.29,-0.73,339.14,1,-111.00,-6.00,4.00,9.00,13.00,25.00,13395469,221
400.03,1565671725,8144.21,51.45195893,7.42411335,166.91,37.37,0.08,340.71,1,-111.00,-6.00,4.00,9.00,13.00,25.00,13395469,221
401.03,1565671726,8181.58,51.45227351,7.42393992,165.67,36.71,-0.66,341.43,1,-105.00,-4.00,5.00,11.00,18.00,25.00,13395469,221
402.03,1565671727,8218.28,51.45257909,7.42377812,164.68,36.62,-0.09,342.11,1,-105.00,-4.00,5.00,11.00,18.00,25.00,13395469,221
403.03,1565671728,8254.87,51.45288801,7.42361954,163.89,36.62,-0.00,342.64,1,-103.00,-4.00,6.00,2.00,29.00,25.00,13395469,221
404.03,1565671729,8291.49,51.45320060,7.42346070,163.05,36.83,0.21,343.00,1,-103.00,-4.00,6.00,2.00,29.00,25.00,13395469,221
405.03,1565671730,8328.32,51.45351585,7.42331294,162.23,36.92,0.09,343.18,1,-106.00,-4.00,7.00,2.00,17.00,25.00,13395469,221
406.03,1565671731,8365.24,51.45383463,7.42316097,161.36,36.93,0.02,343.46,1,-106.00,-4.00,7.00,2.00,17.00,25.00,13395469,221
407.03,1565671732,8402.17,51.45414754,7.42301349,160.37,36.74,-0.20,343.63,1,-106.00,-4.00,5.00,2.00,16.00,25.00,13395469,221
408.03,1565671733,8438.91,51.45445936,7.42286712,159.39,36.63,-0.10,343.62,1,-106.00,-4.00,5.00,2.00,16.00,25.00,13395469,221
409.03,1565671734,8475.54,51.45477173,7.42272406,158.58,36.54,-0.09,343.48,1,-107.00,-5.00,8.00,11.00,15.00,17.00,13395469,221
410.02,1565671735,8511.97,51.45508704,7.42257482,157.72,36.78,0.24,343.24,1,-107.00,-5.00,8.00,11.00,15.00,17.00,13395469,221
411.04,1565671736,8549.41,51.45540629,7.42242375,156.88,36.95,0.17,342.85,1,-106.00,-5.00,11.00,11.00,17.00,17.00,13395469,221
412.03,1565671737,8585.84,51.45571820,7.42226103,156.22,37.16,0.21,341.83,1,-106.00,-5.00,11.00,11.00,17.00,17.00,13395469,221
413.03,1565671738,8623.03,51.45603574,7.42209641,155.53,37.49,0.34,341.19,1,-106.00,-5.00,11.00,11.00,17.00,17.00,13395469,221
414.02,1565671739,8660.38,51.45634932,7.42191618,154.78,37.53,0.04,339.92,1,-107.00,-5.00,5.00,8.00,17.00,17.00,13395469,221
415.02,1565671740,8697.90,51.45666139,7.42172582,154.02,37.71,0.18,338.86,1,-107.00,-5.00,5.00,8.00,17.00,17.00,13395469,221
416.03,1565671741,8735.72,51.45697097,7.42152647,153.28,37.89,0.18,337.78,1,-106.00,-5.00,10.00,12.00,16.00,17.00,13395469,221
417.03,1565671742,8773.61,51.45728492,7.42131331,152.66,38.04,0.15,336.60,1,-106.00,-5.00,10.00,12.00,16.00,17.00,13395469,221
418.03,1565671743,8811.65,51.45759657,7.42109100,152.20,38.20,0.16,335.36,1,-107.00,-5.00,10.00,10.00,17.00,17.00,13395469,221
419.03,1565671744,8849.82,51.45790738,7.42085745,151.73,38.34,0.13,334.21,1,-107.00,-5.00,10.00,10.00,17.00,17.00,13395469,221
420.03,1565671745,8888.15,51.45821608,7.42061293,151.30,38.47,0.14,333.13,1,-102.00,-4.00,19.00,14.00,21.00,17.00,13395469,221
421.03,1565671746,8926.59,51.45852447,7.42036302,151.06,38.60,0.13,332.15,1,-102.00,-4.00,19.00,14.00,21.00,17.00,13395469,221
422.02,1565671747,8965.15,51.45883978,7.42009761,150.56,38.65,0.05,331.52,1,-103.00,-5.00,17.00,9.00,20.00,17.00,13395469,221
423.03,1565671748,9003.85,51.45914692,7.41982241,150.11,38.85,0.20,330.06,1,-103.00,-5.00,17.00,9.00,20.00,17.00,13395469,221
424.02,1565671749,9042.66,51.45944620,7.41954698,149.90,38.95,0.10,329.20,1,-97.00,-4.00,16.00,2.00,25.00,17.00,13395469,221
425.03,1565671750,9081.65,51.45973924,7.41925178,149.88,39.09,0.13,327.91,1,-97.00,-4.00,16.00,2.00,25.00,17.00,13395469,221
426.02,1565671751,9120.70,51.46003057,7.41894317,149.90,39.17,0.09,326.53,1,-99.00,-5.00,-1.00,2.00,25.00,17.00,13395469,221
427.03,1565671752,9159.91,51.46031992,7.41862502,149.90,39.30,0.13,325.44,1,-99.00,-5.00,-1.00,2.00,25.00,17.00,13395469,221
428.02,1565671753,9199.17,51.46060828,7.41829383,149.97,39.38,0.07,324.26,1,-100.00,-5.00,14.00,2.00,23.00,17.00,13395469,221
429.02,1565671754,9238.55,51.46090389,7.41794965,149.87,39.43,0.05,323.25,1,-100.00,-5.00,14.00,2.00,23.00,17.00,13395469,221
430.03,1565671755,9278.02,51.46119178,7.41761320,149.61,39.51,0.08,322.37,1,-99.00,-5.00,21.00,2.00,23.00,17.00,13395469,221
431.03,1565671756,9317.53,51.46147002,7.41726066,149.24,39.61,0.10,321.04,1,-99.00,-5.00,21.00,2.00,23.00,17.00,13395469,221
432.04,1565671757,9357.53,51.46174484,7.41689622,148.96,39.76,0.15,319.74,1,-99.00,-4.00,16.00,2.00,23.00,17.00,13395469,221
433.03,1565671758,9396.94,51.46202595,7.41652003,148.84,39.70,-0.06,318.87,1,-99.00,-4.00,16.00,2.00,23.00,17.00,13395469,221
434.03,1565671759,9436.60,51.46229783,7.41613041,148.96,39.92,0.22,317.90,1,-99.00,-4.00,16.00,2.00,23.00,17.00,13395469,221
435.03,1565671760,9476.52,51.46256586,7.41574442,149.06,39.49,-0.43,317.37,1,-99.00,-4.00,11.00,2.00,23.00,17.00,13395469,221
436.03,1565671761,9516.01,51.46281446,7.41535488,149.18,39.11,-0.38,315.61,1,-99.00,-4.00,11.00,2.00,23.00,17.00,13395469,221
437.03,1565671762,9555.16,51.46305948,7.41496402,149.34,39.15,0.04,314.82,1,-103.00,-4.00,7.00,2.00,19.00,17.00,13395469,221
438.03,1565671763,9594.26,51.46330213,7.41455320,149.61,39.16,0.01,313.66,1,-103.00,-4.00,7.00,2.00,19.00,17.00,13395469,221
439.03,1565671764,9633.42,51.46353789,7.41413914,149.80,38.58,-0.58,312.20,1,-104.00,-4.00,17.00,2.00,18.00,17.00,13395469,221
440.03,1565671765,9672.00,51.46376296,7.41373854,149.79,37.77,-0.81,311.34,1,-104.00,-4.00,17.00,2.00,18.00,17.00,13395469,221
441.03,1565671766,9709.77,51.46397960,7.41333822,149.50,36.87,-0.90,310.42,1,-107.00,-4.00,10.00,2.00,16.00,17.00,13395469,221
442.03,1565671767,9746.64,51.46419513,7.41293535,149.33,36.20,-0.67,309.74,1,-107.00,-4.00,10.00,2.00,16.00,17.00,13395469,221
443.03,1565671768,9782.84,51.46439843,7.41253669,149.29,35.37,-0.83,309.18,1,-106.00,-4.00,11.00,2.00,17.00,17.00,13395469,221
444.02,1565671769,9818.18,51.46459791,7.41214676,149.30,34.74,-0.63,308.46,1,-106.00,-4.00,11.00,2.00,17.00,17.00,13395469,221
445.03,1565671770,9852.95,51.46479210,7.41176237,149.41,34.17,-0.56,308.21,1,-108.00,-4.00,7.00,2.00,14.00,17.00,13395469,221
446.03,1565671771,9887.12,51.46498357,7.41138028,149.57,34.12,-0.05,308.23,1,-108.00,-4.00,7.00,2.00,14.00,17.00,13395469,221
447.03,1565671772,9921.41,51.46517435,7.41099828,149.72,34.13,0.01,308.19,1,-113.00,-7.00,-2.00,2.00,11.00,17.00,13395469,221
448.03,1565671773,9955.40,51.46536139,7.41061296,149.89,33.75,-0.38,307.99,1,-113.00,-7.00,-2.00,2.00,11.00,17.00,13395469,221
449.03,1565671774,9989.15,51.46554594,7.41022697,150.11,33.46,-0.29,307.83,1,-87.00,-4.00,19.00,14.00,36.00,5.00,13395458,112
450.03,1565671775,10022.60,51.46572704,7.40983963,150.36,33.32,-0.13,307.73,1,-87.00,-4.00,19.00,14.00,36.00,5.00,13395458,112
451.03,1565671776,10055.96,51.46590836,7.40945848,150.60,33.27,-0.06,307.99,1,-91.00,-4.00,19.00,13.00,33.00,5.00,13395458,112
452.03,1565671777,10089.23,51.46609072,7.40908548,150.77,33.34,0.07,308.42,1,-91.00,-4.00,19.00,13.00,33.00,5.00,13395458,112
453.03,1565671778,10122.74,51.46627600,7.40871039,150.82,33.25,-0.09,308.36,1,-92.00,-5.00,20.00,15.00,33.00,5.00,13395458,112
454.02,1565671779,10155.72,51.46646307,7.40833148,150.94,33.24,-0.01,308.47,1,-92.00,-5.00,20.00,15.00,33.00,5.00,13395458,112
455.02,1565671780,10188.96,51.46665060,7.40794648,151.42,33.36,0.12,308.64,1,-92.00,-5.00,20.00,15.00,33.00,5.00,13395458,112
456.03,1565671781,10222.35,51.46684293,7.40757555,151.77,33.48,0.13,309.90,1,-89.00,-4.00,11.00,13.00,36.00,5.00,13395458,112
457.03,1565671782,10255.83,51.46704039,7.40721019,151.98,33.54,0.06,310.92,1,-89.00,-4.00,11.00,13.00,36.00,5.00,13395458,112
458.03,1565671783,10289.41,51.46723775,7.40685289,152.13,32.98,-0.56,311.91,1,-81.00,-4.00,14.00,15.00,42.00,5.00,13395458,112
459.03,1565671784,10322.36,51.46743174,7.40649866,152.45,32.36,-0.63,311.61,1,-81.00,-4.00,14.00,15.00,42.00,5.00,13395458,112
460.03,1565671785,10354.72,51.46762177,7.40614716,153.05,32.16,-0.19,311.21,1,-84.00,-4.00,17.00,15.00,36.00,5.00,13395458,112
461.03,1565671786,10386.91,51.46781202,7.40579789,153.61,32.21,0.05,311.13,1,-84.00,-4.00,17.00,15.00,36.00,5.00,13395458,112
462.02,1565671787,10419.05,51.46799915,7.40545192,154.25,31.76,-0.45,311.18,1,-83.00,-5.00,-1.00,15.00,39.00,5.00,13395458,112
463.03,1565671788,10450.84,51.46818727,7.40510707,154.80,31.71,-0.05,311.40,1,-83.00,-5.00,-1.00,15.00,39.00,5.00,13395458,112
464.03,1565671789,10482.58,51.46837742,7.40476763,155.31,31.54,-0.17,311.97,1,-83.00,-4.00,1.00,15.00,40.00,5.00,13395458,112
465.03,1565671790,10514.12,51.46856478,7.40443446,155.82,31.11,-0.43,312.42,1,-83.00,-4.00,1.00,15.00,40.00,5.00,13395458,112
466.03,1565671791,10545.20,51.46875262,7.40410216,156.27,31.01,-0.10,312.54,1,-90.00,-4.00,9.00,2.00,39.00,10.00,13395458,112
467.03,1565671792,10576.20,51.46894394,7.40377821,156.60,31.07,0.06,313.12,1,-90.00,-4.00,9.00,2.00,39.00,10.00,13395458,112
468.03,1565671793,10607.40,51.46913471,7.40345390,156.88,31.22,0.15,313.29,1,-88.00,-5.00,7.00,2.00,36.00,10.00,13395458,112
469.03,1565671794,10638.59,51.46933831,7.40311903,156.92,31.15,-0.08,314.44,1,-88.00,-5.00,7.00,2.00,36.00,10.00,13395458,112
470.03,1565671795,10669.64,51.46953136,7.40280168,157.30,31.40,0.26,313.85,1,-88.00,-4.00,5.00,2.00,36.00,10.00,13395458,112
471.03,1565671796,10701.05,51.46973582,7.40247286,157.63,31.69,0.29,314.41,1,-88.00,-4.00,5.00,2.00,36.00,10.00,13395458,112
472.02,1565671797,10732.71,51.46993510,7.40214165,158.08,31.79,0.09,314.72,1,-103.00,-10.00,-3.00,6.00,28.00,13.00,13395458,112
473.03,1565671798,10764.53,51.47013542,7.40181578,158.29,31.83,0.05,314.88,1,-103.00,-10.00,-3.00,6.00,28.00,13.00,13395458,112
474.03,1565671799,10796.58,51.47033888,7.40148847,158.35,32.04,0.21,315.28,1,-91.00,-4.00,19.00,14.00,33.00,16.00,13022465,205
475.02,1565671800,10828.36,51.47054693,7.40117056,158.40,32.28,0.24,316.22,1,-91.00,-4.00,19.00,14.00,33.00,16.00,13022465,205
476.03,1565671801,10860.67,51.47075661,7.40084952,158.44,32.27,-0.00,316.32,1,-91.00,-4.00,19.00,14.00,33.00,16.00,13022465,205
477.03,1565671802,10892.94,51.47096610,7.40053071,158.46,32.40,0.13,316.55,1,-93.00,-4.00,15.00,14.00,33.00,16.00,13022465,205
478.03,1565671803,10925.34,51.47117897,7.40020849,158.49,32.52,0.12,316.85,1,-93.00,-4.00,15.00,14.00,33.00,16.00,13022465,205
479.03,1565671804,10957.86,51.47139740,7.39989065,158.61,32.52,-0.00,317.54,1,-91.00,-4.00,10.00,14.00,34.00,16.00,13022465,205
480.02,1565671805,10990.35,51.47161379,7.39957382,158.84,32.17,-0.35,318.07,1,-91.00,-4.00,10.00,14.00,34.00,16.00,13022465,205
481.03,1565671806,11022.55,51.47182625,7.39926418,159.07,31.86,-0.31,318.47,1,-90.00,-3.00,18.00,14.00,34.00,16.00,13022465,205
482.03,1565671807,11054.42,51.47204134,7.39896044,159.40,31.69,-0.17,318.60,1,-90.00,-3.00,18.00,14.00,34.00,16.00,13022465,205
483.03,1565671808,11086.13,51.47225935,7.39865076,160.02,31.67,-0.02,318.95,1,-92.00,-4.00,22.00,14.00,33.00,16.00,13022465,205
484.02,1565671809,11117.71,51.47247367,7.39834792,160.65,31.79,0.12,319.13,1,-92.00,-4.00,22.00,14.00,33.00,16.00,13022465,205
485.02,1565671810,11149.44,51.47269004,7.39804380,161.39,31.83,0.03,319.59,1,-93.00,-10.00,18.00,15.00,39.00,16.00,13022465,205
486.02,1565671811,11181.30,51.47291059,7.39774490,162.16,31.91,0.08,319.94,1,-93.00,-10.00,18.00,15.00,39.00,16.00,13022465,205
487.03,1565671812,11213.30,51.47313129,7.39744687,162.92,32.03,0.12,320.18,1,-88.00,-5.00,19.00,15.00,36.00,16.00,13022465,205
488.03,1565671813,11245.33,51.47335135,7.39715455,163.50,32.11,0.09,320.61,1,-88.00,-5.00,19.00,15.00,36.00,16.00,13022465,205
489.02,1565671814,11277.41,51.47357659,7.39686608,163.99,32.20,0.09,321.09,1,-89.00,-4.00,16.00,15.00,36.00,16.00,13022465,205
490.03,1565671815,11309.64,51.47380443,7.39657257,164.49,32.34,0.13,321.79,1,-89.00,-4.00,16.00,15.00,36.00,16.00,13022465,205
491.03,1565671816,11341.98,51.47403089,7.39629654,164.71,32.59,0.26,322.42,1,-87.00,-10.00,24.00,15.00,43.00,16.00,13022465,205
492.02,1565671817,11374.54,51.47426078,7.39601619,164.85,32.46,-0.13,322.84,1,-87.00,-10.00,24.00,15.00,43.00,16.00,13022465,205
493.03,1565671818,11407.03,51.47449009,7.39575403,164.81,31.79,-0.67,324.01,1,-88.00,-5.00,13.00,15.00,34.00,16.00,13022465,205
494.03,1565671819,11438.82,51.47472302,7.39549651,164.70,31.11,-0.67,325.74,1,-88.00,-5.00,13.00,15.00,34.00,16.00,13022465,205
495.03,1565671820,11470.12,51.47495658,7.39524907,164.79,30.89,-0.22,327.00,1,-83.00,-3.00,18.00,15.00,42.00,16.00,13022465,205
496.03,1565671821,11500.82,51.47518833,7.39501130,164.96,30.60,-0.29,328.06,1,-83.00,-3.00,18.00,15.00,42.00,16.00,13022465,205
497.03,1565671822,11531.42,51.47542364,7.39477744,165.21,30.51,-0.08,329.27,1,-83.00,-3.00,18.00,15.00,42.00,16.00,13022465,205
498.03,1565671823,11561.94,51.47565544,7.39455461,165.64,30.30,-0.22,330.05,1,-76.00,-3.00,26.00,15.00,49.00,16.00,13022465,205
499.02,1565671824,11592.20,51.47588799,7.39434522,166.05,29.62,-0.68,330.82,1,-76.00,-3.00,26.00,15.00,49.00,16.00,13022465,205
500.03,1565671825,11621.86,51.47611542,7.39414209,166.50,28.76,-0.86,331.71,1,-76.00,-3.00,32.00,15.00,49.00,16.00,13022465,205
501.02,1565671826,11650.59,51.47634222,7.39394943,166.87,28.14,-0.62,332.79,1,-76.00,-3.00,32.00,15.00,49.00,16.00,13022465,205
502.03,1565671827,11678.78,51.47656461,7.39376898,167.27,27.32,-0.81,334.08,1,-112.00,-5.00,11.00,2.00,12.00,16.00,13067529,354
503.03,1565671828,11706.10,51.47678168,7.39360385,167.69,26.56,-0.77,335.37,1,-112.00,-5.00,11.00,2.00,12.00,16.00,13067529,354
504.03,1565671829,11732.66,51.47699379,7.39345405,168.09,25.21,-1.35,336.54,1,-110.00,-5.00,15.00,2.00,14.00,16.00,13067529,354
505.03,1565671830,11757.87,51.47719258,7.39332892,168.40,23.03,-2.18,339.23,1,-110.00,-5.00,15.00,2.00,14.00,16.00,13067529,354
506.03,1565671831,11780.90,51.47738157,7.39322315,168.77,21.50,-1.53,341.67,1,-106.00,-4.00,18.00,2.00,16.00,16.00,13067529,354
507.03,1565671832,11802.40,51.47756300,7.39314438,169.35,20.68,-0.82,346.01,1,-106.00,-4.00,18.00,2.00,16.00,16.00,13067529,354
508.03,1565671833,11823.08,51.47774391,7.39309598,169.75,19.92,-0.77,351.76,1,-102.00,-4.00,19.00,2.00,19.00,16.00,13067529,354
509.03,1565671834,11842.98,51.47792224,7.39307948,170.33,19.48,-0.43,358.77,1,-102.00,-4.00,19.00,2.00,19.00,16.00,13067529,354
510.03,1565671835,11862.48,51.47809348,7.39310859,171.06,19.19,-0.29,8.20,1,-103.00,-4.00,18.00,2.00,19.00,16.00,13067529,354
511.03,1565671836,11881.67,51.47826910,7.39314907,171.75,19.41,0.22,10.05,1,-103.00,-4.00,18.00,2.00,19.00,16.00,13067529,354
512.03,1565671837,11901.06,51.47843427,7.39321057,172.59,19.40,-0.01,13.26,1,-104.00,-4.00,21.00,2.00,18.00,16.00,13067529,354
513.03,1565671838,11920.47,51.47858616,7.39333205,173.43,17.97,-1.43,27.77,1,-104.00,-4.00,21.00,2.00,18.00,16.00,13067529,354
514.02,1565671839,11938.42,51.47872634,7.39346648,174.11,17.91,-0.06,29.38,1,-99.00,-4.00,28.00,2.00,23.00,16.00,13067529,354
515.03,1565671840,11956.34,51.47886862,7.39360343,174.59,16.55,-1.36,31.36,1,-99.00,-4.00,28.00,2.00,23.00,16.00,13067529,354
516.03,1565671841,11973.03,51.47898652,7.39372514,175.23,15.21,-1.33,30.64,1,-93.00,-3.00,28.00,2.00,29.00,16.00,13067529,354
517.03,1565671842,11988.11,51.47910800,7.39382308,176.17,15.07,-0.13,26.57,1,-93.00,-3.00,28.00,2.00,29.00,16.00,13067529,354
518.03,1565671843,12003.19,51.47923447,7.39385612,177.25,14.26,-0.81,6.56,1,-93.00,-3.00,28.00,2.00,29.00,16.00,13067529,354
519.02,1565671844,12017.43,51.47935421,7.39383559,177.98,14.20,-0.06,353.24,1,-86.00,-3.00,27.00,2.00,36.00,16.00,13067529,354
520.02,1565671845,12031.64,51.47947692,7.39379984,178.84,13.82,-0.38,349.32,1,-86.00,-3.00,27.00,2.00,36.00,16.00,13067529,354
521.02,1565671846,12045.44,51.47958999,7.39371668,179.83,14.13,0.31,333.67,1,-83.00,-4.00,29.00,15.00,39.00,6.00,13067529,354
522.03,1565671847,12059.59,51.47970090,7.39363326,180.50,14.11,-0.01,334.02,1,-83.00,-4.00,29.00,15.00,39.00,6.00,13067529,354
523.03,1565671848,12073.71,51.47981536,7.39354790,181.12,14.65,0.53,333.10,1,-77.00,-3.00,19.00,15.00,43.00,6.00,13067529,354
524.03,1565671849,12088.36,51.47993439,7.39345202,181.63,13.12,-1.53,334.65,1,-77.00,-3.00,19.00,15.00,43.00,6.00,13067529,354
525.02,1565671850,12101.46,51.48004709,7.39340716,182.35,11.41,-1.71,350.46,1,-71.00,-3.00,23.00,14.00,54.00,6.00,13067529,354
526.02,1565671851,12112.87,51.48013546,7.39341434,183.10,10.89,-0.52,4.44,1,-71.00,-3.00,23.00,14.00,54.00,6.00,13067529,354
527.03,1565671852,12123.78,51.48022517,7.39346944,183.38,10.37,-0.52,26.09,1,-68.00,-3.00,21.00,14.00,52.00,6.00,13067529,354
528.02,1565671853,12134.14,51.48030011,7.39358439,183.74,11.76,1.38,45.27,1,-68.00,-3.00,21.00,14.00,52.00,6.00,13067529,354
529.03,1565671854,12145.91,51.48036347,7.39373909,184.37,12.30,0.54,60.80,1,-81.00,-4.00,28.00,14.00,40.00,6.00,13067529,354
530.03,1565671855,12158.21,51.48042166,7.39389616,184.68,13.49,1.19,60.44,1,-81.00,-4.00,28.00,14.00,40.00,6.00,13067529,354
531.02,1565671856,12171.68,51.48049070,7.39408560,184.72,15.24,1.75,59.64,1,-89.00,-4.00,29.00,14.00,33.00,6.00,13067529,354
532.02,1565671857,12186.93,51.48056196,7.39427229,185.14,15.52,0.27,59.88,1,-89.00,-4.00,29.00,14.00,33.00,6.00,13067529,354
533.02,1565671858,12202.44,51.48063245,7.39446784,185.39,16.33,0.82,60.31,1,-89.00,-5.00,16.00,14.00,34.00,6.00,13067529,354
534.02,1565671859,12218.77,51.48070553,7.39467218,185.56,16.62,0.29,59.92,1,-89.00,-5.00,16.00,14.00,34.00,6.00,13067529,354
535.02,1565671860,12235.39,51.48078922,7.39489574,185.54,16.84,0.22,59.30,1,-89.00,-4.00,8.00,14.00,35.00,6.00,13067529,354
536.02,1565671861,12252.23,51.48086137,7.39509506,185.30,17.01,0.17,60.29,1,-89.00,-4.00,8.00,14.00,35.00,6.00,13067529,354
537.03,1565671862,12269.41,51.48093670,7.39530543,184.86,16.96,-0.05,60.35,1,-80.00,-10.00,21.00,14.00,46.00,6.00,13067529,354
538.03,1565671863,12286.23,51.48101143,7.39551345,184.54,17.18,0.22,59.85,1,-80.00,-10.00,21.00,14.00,46.00,6.00,13067529,354
539.03,1565671864,12303.41,51.48108807,7.39572748,184.62,17.19,0.01,58.96,1,-80.00,-10.00,21.00,14.00,46.00,6.00,13067529,354
540.03,1565671865,12320.60,51.48116705,7.39594948,184.56,17.23,0.03,59.29,1,-81.00,-7.00,8.00,14.00,45.00,6.00,13067529,354
541.03,1565671866,12337.83,51.48124283,7.39616066,184.66,17.40,0.18,59.52,1,-81.00,-7.00,8.00,14.00,45.00,6.00,13067529,354
542.03,1565671867,12355.27,51.48131974,7.39636963,184.88,17.58,0.17,60.08,1,-103.00,-7.00,7.00,2.00,24.00,6.00,13532175,337
543.03,1565671868,12372.85,51.48139822,7.39659008,184.98,17.63,0.05,59.67,1,-103.00,-7.00,7.00,2.00,24.00,6.00,13532175,337
544.03,1565671869,12390.44,51.48148109,7.39681427,185.05,17.25,-0.37,58.83,1,-106.00,-8.00,3.00,2.00,21.00,6.00,13532175,337
545.02,1565671870,12407.67,51.48155749,7.39702281,185.04,16.82,-0.43,58.49,1,-106.00,-8.00,3.00,2.00,21.00,6.00,13532175,337
546.02,1565671871,12424.50,51.48163920,7.39723499,185.02,16.58,-0.24,57.87,1,-109.00,-7.00,5.00,2.00,17.00,6.00,13532175,337
547.03,1565671872,12441.09,51.48172193,7.39744022,184.83,16.44,-0.14,56.90,1,-109.00,-7.00,5.00,2.00,17.00,6.00,13532175,337
548.02,1565671873,12457.50,51.48179625,7.39762237,185.00,15.89,-0.55,56.24,1,-114.00,-6.00,6.00,9.00,11.00,10.00,13532175,337
549.03,1565671874,12473.44,51.48188061,7.39781029,185.20,15.59,-0.30,55.23,1,-114.00,-6.00,6.00,9.00,11.00,10.00,13532175,337
550.03,1565671875,12489.01,51.48197051,7.39799129,185.57,15.34,-0.25,53.66,1,-114.00,-6.00,11.00,8.00,10.00,10.00,13532175,337
551.03,1565671876,12504.35,51.48206197,7.39815924,186.10,15.09,-0.25,52.04,1,-114.00,-6.00,11.00,8.00,10.00,10.00,13532175,337
552.03,1565671877,12519.45,51.48215455,7.39832321,186.43,15.08,-0.00,50.16,1,-110.00,-5.00,21.00,14.00,13.00,10.00,13532175,337
553.03,1565671878,12534.54,51.48225350,7.39848625,186.45,15.20,0.11,48.21,1,-110.00,-5.00,21.00,14.00,13.00,10.00,13532175,337
554.03,1565671879,12549.73,51.48234574,7.39862704,186.40,14.56,-0.63,46.04,1,-108.00,-5.00,7.00,10.00,15.00,10.00,13532175,337
555.03,1565671880,12564.29,51.48244533,7.39876643,186.31,14.40,-0.16,43.39,1,-108.00,-5.00,7.00,10.00,15.00,10.00,13532175,337
556.03,1565671881,12578.70,51.48254639,7.39889662,186.29,14.32,-0.08,40.98,1,-106.00,-5.00,10.00,11.00,18.00,10.00,13532175,337
557.03,1565671882,12593.02,51.48263978,7.39899532,186.45,13.81,-0.51,39.00,1,-106.00,-5.00,10.00,11.00,18.00,10.00,13532175,337
558.04,1565671883,12606.95,51.48275011,7.39911447,186.88,14.00,0.19,36.48,1,-104.00,-4.00,34.00,14.00,20.00,10.00,13532175,337
559.03,1565671884,12620.83,51.48286248,7.39923879,186.33,13.91,-0.09,35.83,1,-104.00,-4.00,34.00,14.00,20.00,10.00,13532175,337
560.03,1565671885,12634.74,51.48298013,7.39935991,186.04,15.02,1.11,35.32,1,-104.00,-4.00,34.00,14.00,20.00,10.00,13532175,337
561.03,1565671886,12649.74,51.48309547,7.39948239,185.86,15.70,0.68,34.87,1,-102.00,-4.00,16.00,2.00,21.00,10.00,13532175,337
562.03,1565671887,12665.44,51.48322130,7.39961142,185.57,16.01,0.32,34.53,1,-102.00,-4.00,16.00,2.00,21.00,10.00,13532175,337
563.02,1565671888,12681.44,51.48334973,7.39973967,185.51,16.59,0.58,34.01,1,-102.00,-4.00,14.00,2.00,20.00,10.00,13532175,337
564.03,1565671889,12698.04,51.48348337,7.39987937,185.27,16.82,0.23,34.35,1,-102.00,-4.00,14.00,2.00,20.00,10.00,13532175,337
565.03,1565671890,12714.86,51.48360552,7.40000898,184.51,16.92,0.11,34.12,1,-103.00,-4.00,13.00,2.00,20.00,10.00,13532175,337
566.02,1565671891,12731.77,51.48372729,7.40013850,183.99,17.28,0.35,34.60,1,-103.00,-4.00,13.00,2.00,20.00,10.00,13532175,337
567.03,1565671892,12749.06,51.48384920,7.40028013,183.60,17.67,0.39,35.26,1,-105.00,-4.00,11.00,2.00,18.00,10.00,13532175,337
568.02,1565671893,12766.70,51.48397687,7.40042766,183.27,17.78,0.11,36.26,1,-105.00,-4.00,11.00,2.00,18.00,10.00,13532175,337
569.02,1565671894,12784.50,51.48410075,7.40057462,182.80,17.40,-0.39,36.81,1,-106.00,-4.00,11.00,2.00,16.00,10.00,13532175,337
570.03,1565671895,12801.91,51.48422329,7.40072159,182.96,17.47,0.07,37.42,1,-106.00,-4.00,11.00,2.00,16.00,10.00,13532175,337
571.03,1565671896,12819.38,51.48434657,7.40088042,183.29,16.91,-0.56,38.50,1,-106.00,-4.00,14.00,2.00,16.00,10.00,13532175,337
572.02,1565671897,12836.27,51.48447901,7.40105147,183.73,17.41,0.50,39.29,1,-106.00,-4.00,14.00,2.00,16.00,10.00,13532175,337
573.02,1565671898,12853.68,51.48460177,7.40122450,184.45,16.68,-0.74,40.65,1,-107.00,-4.00,18.00,12.00,18.00,8.00,13532175,337
574.02,1565671899,12870.36,51.48472040,7.40139772,185.34,17.11,0.43,41.69,1,-107.00,-4.00,18.00,12.00,18.00,8.00,13532175,337
575.03,1565671900,12887.49,51.48482750,7.40156202,185.96,16.70,-0.41,42.71,1,-108.00,-4.00,9.00,10.00,15.00,8.00,13532175,337
576.02,1565671901,12904.17,51.48493994,7.40173379,186.70,16.53,-0.17,43.43,1,-108.00,-4.00,9.00,10.00,15.00,8.00,13532175,337
577.03,1565671902,12920.72,51.48504686,7.40190539,187.70,16.43,-0.10,44.31,1,-116.00,-7.00,4.00,7.00,11.00,8.00,13532175,337
578.03,1565671903,12937.15,51.48514808,7.40207309,188.45,16.52,0.09,45.14,1,-116.00,-7.00,4.00,7.00,11.00,8.00,13532175,337
579.03,1565671904,12953.80,51.48525196,7.40225460,189.15,16.87,0.35,46.02,1,-105.00,-4.00,11.00,10.00,16.00,8.00,13532175,337
580.03,1565671905,12970.53,51.48535372,7.40244085,189.60,17.05,0.18,47.07,1,-105.00,-4.00,11.00,10.00,16.00,8.00,13532175,337
581.03,1565671906,12987.58,51.48545219,7.40262329,189.92,17.16,0.12,47.98,1,-105.00,-4.00,11.00,10.00,16.00,8.00,13532175,337
582.02,1565671907,13004.72,51.48555266,7.40281569,189.99,17.37,0.21,48.91,1,-112.00,-5.00,9.00,10.00,12.00,8.00,13532175,337
583.03,1565671908,13022.11,51.48565026,7.40300477,190.01,17.55,0.17,49.76,1,-112.00,-5.00,9.00,10.00,12.00,8.00,13532175,337
584.02,1565671909,13039.64,51.48574540,7.40320105,189.86,17.63,0.08,50.57,1,-109.00,-5.00,10.00,11.00,15.00,8.00,13532175,337
585.03,1565671910,13057.29,51.48584115,7.40340185,189.74,17.40,-0.23,51.86,1,-109.00,-5.00,10.00,11.00,15.00,8.00,13532175,337
586.03,1565671911,13074.69,51.48593976,7.40360942,189.72,17.76,0.36,52.37,1,-106.00,-5.00,13.00,14.00,17.00,8.00,13532175,337
587.03,1565671912,13092.45,51.48603206,7.40381326,189.61,17.45,-0.30,53.26,1,-106.00,-5.00,13.00,14.00,17.00,8.00,13532175,337
588.02,1565671913,13109.85,51.48612423,7.40402709,189.61,17.12,-0.33,54.54,1,-105.00,-4.00,17.00,2.00,20.00,8.00,13532175,337
589.02,1565671914,13127.01,51.48620541,7.40423258,189.50,16.19,-0.93,56.47,1,-105.00,-4.00,17.00,2.00,20.00,8.00,13532175,337
590.03,1565671915,13143.22,51.48628601,7.40443741,189.40,16.54,0.35,57.44,1,-103.00,-4.00,18.00,13.00,20.00,8.00,13532175,337
591.03,1565671916,13159.76,51.48635795,7.40463586,189.07,15.23,-1.31,58.21,1,-103.00,-4.00,18.00,13.00,20.00,8.00,13532175,337
592.03,1565671917,13174.99,51.48643774,7.40484534,188.32,15.65,0.41,59.12,1,-101.00,-3.00,22.00,14.00,21.00,8.00,13532175,337
593.03,1565671918,13190.64,51.48650499,7.40504861,187.82,16.57,0.92,60.32,1,-101.00,-3.00,22.00,14.00,21.00,8.00,13532175,337
594.02,1565671919,13207.20,51.48658325,7.40527536,187.47,16.88,0.31,60.76,1,-107.00,-4.00,13.00,12.00,13.00,8.00,13532175,337
595.02,1565671920,13224.08,51.48665431,7.40548781,186.89,17.45,0.56,61.17,1,-107.00,-4.00,13.00,12.00,13.00,8.00,13532175,337
596.03,1565671921,13241.55,51.48673024,7.40572501,186.45,18.00,0.55,61.56,1,-111.00,-5.00,9.00,8.00,12.00,8.00,13532175,337
597.03,1565671922,13259.54,51.48680283,7.40596949,186.19,18.55,0.56,62.75,1,-111.00,-5.00,9.00,8.00,12.00,8.00,13532175,337
598.02,1565671923,13278.08,51.48686977,7.40620956,185.96,18.33,-0.22,63.85,1,-118.00,-8.00,1.00,7.00,9.00,8.00,13532175,337
599.02,1565671924,13296.37,51.48693806,7.40646340,185.26,18.29,-0.04,65.29,1,-118.00,-8.00,1.00,7.00,9.00,8.00,13532175,337
600.03,1565671925,13314.86,51.48700098,7.40670385,184.60,18.06,-0.22,66.87,1,-105.00,-4.00,9.00,13.00,14.00,14.00,13067528,356
601.02,1565671926,13332.76,51.48706350,7.40695376,184.03,18.05,-0.01,68.10,1,-105.00,-4.00,9.00,13.00,14.00,14.00,13067528,356
602.02,1565671927,13350.81,51.48711859,7.40720383,183.49,17.05,-1.00,69.20,1,-105.00,-4.00,9.00,13.00,14.00,14.00,13067528,356
603.02,1565671928,13367.86,51.48716576,7.40743481,182.99,15.74,-1.31,70.59,1,-107.00,-5.00,13.00,12.00,15.00,14.00,13067528,356
604.03,1565671929,13383.61,51.48720888,7.40765756,182.36,15.25,-0.49,71.11,1,-107.00,-5.00,13.00,12.00,15.00,14.00,13067528,356
605.03,1565671930,13398.86,51.48723908,7.40784141,181.76,12.72,-2.53,72.12,1,-109.00,-5.00,5.00,2.00,26.00,14.00,13067528,356
606.03,1565671931,13411.58,51.48726984,7.40802044,181.01,12.37,-0.35,73.48,1,-109.00,-5.00,5.00,2.00,26.00,14.00,13067528,356
607.02,1565671932,13423.94,51.48729420,7.40818709,180.58,11.31,-1.06,74.04,1,-109.00,-9.00,12.00,11.00,21.00,9.00,13532175,337
608.02,1565671933,13435.21,51.48731490,7.40832968,180.42,10.78,-0.53,74.73,1,-109.00,-9.00,12.00,11.00,21.00,9.00,13532175,337
609.03,1565671934,13446.04,51.48733552,7.40848230,180.12,10.69,-0.09,75.49,1,-110.00,-6.00,11.00,12.00,15.00,9.00,13532175,337
610.02,1565671935,13456.72,51.48735817,7.40864306,179.87,10.78,0.08,76.00,1,-110.00,-6.00,11.00,12.00,15.00,9.00,13532175,337
611.03,1565671936,13467.52,51.48737443,7.40879048,179.56,10.87,0.09,76.77,1,-110.00,-5.00,13.00,11.00,13.00,9.00,13532175,337
612.03,1565671937,13478.38,51.48738845,7.40894511,179.13,11.07,0.20,77.64,1,-110.00,-5.00,13.00,11.00,13.00,9.00,13532175,337
613.03,1565671938,13489.44,51.48740132,7.40909550,178.59,11.03,-0.04,78.37,1,-109.00,-4.00,13.00,12.00,12.00,9.00,13532175,337
614.03,1565671939,13500.48,51.48742107,7.40927087,177.68,11.10,0.07,78.96,1,-109.00,-4.00,13.00,12.00,12.00,9.00,13532175,337
615.03,1565671940,13511.59,51.48743308,7.40942337,176.87,10.55,-0.55,79.54,1,-110.00,-5.00,11.00,12.00,14.00,9.00,13532175,337
616.03,1565671941,13522.13,51.48744550,7.40959035,175.96,11.31,0.76,80.14,1,-110.00,-5.00,11.00,12.00,14.00,9.00,13532175,337
617.03,1565671942,13533.44,51.48745842,7.40974313,175.13,11.17,-0.14,79.33,1,-114.00,-5.00,12.00,9.00,10.00,9.00,13532175,337
618.03,1565671943,13544.61,51.48747432,7.40990108,174.64,10.70,-0.47,79.80,1,-114.00,-5.00,12.00,9.00,10.00,9.00,13532175,337
619.03,1565671944,13555.29,51.48749012,7.41006208,174.14,11.14,0.44,80.01,1,-112.00,-5.00,10.00,2.00,12.00,9.00,13532175,337
620.03,1565671945,13566.44,51.48750719,7.41022145,173.94,11.27,0.13,80.61,1,-112.00,-5.00,10.00,2.00,12.00,9.00,13532175,337
621.03,1565671946,13577.81,51.48752436,7.41037886,173.84,10.96,-0.31,80.31,1,-112.00,-5.00,8.00,2.00,12.00,9.00,13532175,337
622.03,1565671947,13588.67,51.48752955,7.41050521,173.70,9.91,-1.06,81.69,1,-112.00,-5.00,8.00,2.00,12.00,9.00,13532175,337
623.03,1565671948,13598.59,51.48753536,7.41063677,173.62,8.16,-1.75,82.54,1,-112.00,-5.00,8.00,2.00,12.00,9.00,13532175,337
624.03,1565671949,13606.75,51.48753792,7.41075312,173.52,7.44,-0.73,85.01,1,-113.00,-6.00,9.00,2.00,12.00,9.00,13532175,337
625.03,1565671950,13614.19,51.48754373,7.41086995,173.56,6.61,-0.82,82.60,1,-113.00,-6.00,9.00,2.00,12.00,9.00,13532175,337
626.03,1565671951,13620.82,51.48757337,7.41095054,173.65,6.24,-0.37,53.51,1,-115.00,-6.00,7.00,2.00,10.00,9.00,13532175,337
627.03,1565671952,13627.05,51.48761989,7.41100418,173.62,6.65,0.41,30.38,1,-115.00,-6.00,7.00,2.00,10.00,9.00,13532175,337
628.02,1565671953,13633.66,51.48767410,7.41102938,173.55,7.31,0.67,11.85,1,-116.00,-7.00,3.00,2.00,9.00,9.00,13532175,337
629.03,1565671954,13641.02,51.48773395,7.41102615,173.10,8.33,1.02,357.61,1,-116.00,-7.00,3.00,2.00,9.00,9.00,13532175,337
630.03,1565671955,13649.32,51.48780261,7.41101245,172.19,9.29,0.96,355.75,1,-119.00,-9.00,4.00,7.00,8.00,10.00,13532175,337
631.03,1565671956,13658.60,51.48788510,7.41100245,170.98,10.02,0.73,355.05,1,-119.00,-9.00,4.00,7.00,8.00,10.00,13532175,337
632.03,1565671957,13668.62,51.48797882,7.41098146,170.13,10.61,0.60,354.56,nan,nan,nan,nan,nan,nan,nan,nan,nan
633.03,1565671958,13679.24,51.48807425,7.41096101,169.75,11.71,1.10,353.67,nan,nan,nan,nan,nan,nan,nan,nan,nan
634.03,1565671959,13690.95,51.48817799,7.41093783,169.48,11.53,-0.18,352.84,nan,nan,nan,nan,nan,nan,nan,nan,nan
635.03,1565671960,13702.48,51.48828393,7.41090809,169.17,11.30,-0.23,352.10,nan,nan,nan,nan,nan,nan,nan,nan,nan
636.02,1565671961,13713.76,51.48838953,7.41088382,169.18,11.16,-0.13,351.51,nan,nan,nan,nan,nan,nan,nan,nan,nan
637.03,1565671962,13724.94,51.48849123,7.41085847,169.23,10.80,-0.37,350.73,nan,nan,nan,nan,nan,nan,nan,nan,nan
638.03,1565671963,13735.74,51.48858733,7.41082482,169.33,10.75,-0.05,350.17,nan,nan,nan,nan,nan,nan,nan,nan,nan
639.03,1565671964,13746.48,51.48868666,7.41078459,169.67,10.58,-0.17,349.27,nan,nan,nan,nan,nan,nan,nan,nan,nan
640.03,1565671965,13757.05,51.48877894,7.41073987,170.21,10.32,-0.26,348.67,nan,nan,nan,nan,nan,nan,nan,nan,nan
641.03,1565671966,13767.37,51.48887238,7.41070513,170.53,9.93,-0.39,348.89,nan,nan,nan,nan,nan,nan,nan,nan,nan
642.04,1565671967,13777.40,51.48896298,7.41066960,170.91,10.13,0.21,348.10,nan,nan,nan,nan,nan,nan,nan,nan,nan
643.03,1565671968,13787.44,51.48905221,7.41063126,171.19,10.38,0.25,347.37,nan,nan,nan,nan,nan,nan,nan,nan,nan
644.03,1565671969,13797.83,51.48914764,7.41059473,171.22,10.86,0.48,347.03,nan,nan,nan,nan,nan,nan,nan,nan,nan
645.03,1565671970,13808.69,51.48924652,7.41055445,170.92,11.71,0.85,346.37,1,-112.00,-12.00,-3.00,3.00,21.00,28.00,13159683,136
646.02,1565671971,13820.37,51.48935351,7.41051406,170.87,12.52,0.81,346.51,1,-112.00,-12.00,-3.00,3.00,21.00,28.00,13159683,136
647.03,1565671972,13832.93,51.48946102,7.41047735,170.85,12.70,0.18,346.74,1,-115.00,-13.00,-4.00,3.00,19.00,28.00,13159683,136
648.03,1565671973,13845.64,51.48957236,7.41043860,170.35,12.54,-0.16,347.52,1,-115.00,-13.00,-4.00,3.00,19.00,28.00,13159683,136
649.03,1565671974,13858.19,51.48967977,7.41040034,169.96,11.90,-0.64,348.32,1,-115.00,-16.00,-5.00,4.00,20.00,28.00,13159683,136
650.03,1565671975,13870.10,51.48977839,7.41035972,169.67,10.36,-1.53,347.48,1,-115.00,-16.00,-5.00,4.00,20.00,28.00,13159683,136
651.03,1565671976,13880.48,51.48986252,7.41033032,169.54,8.69,-1.67,348.16,1,-115.00,-18.00,-5.00,2.00,21.00,28.00,13159683,136
652.03,1565671977,13889.15,51.48993188,7.41029938,169.34,7.00,-1.70,345.66,1,-115.00,-18.00,-5.00,2.00,21.00,28.00,13159683,136
653.02,1565671978,13896.10,51.48997905,7.41029495,169.16,4.83,-2.18,359.29,1,-109.00,-11.00,-11.00,6.00,21.00,18.00,13254913,38
654.03,1565671979,13900.95,51.49002350,7.41032077,168.96,4.27,-0.56,26.04,1,-109.00,-11.00,-11.00,6.00,21.00,18.00,13254913,38
655.03,1565671980,13905.23,51.49005149,7.41038469,168.76,6.13,1.86,55.74,1,-113.00,-16.00,-4.00,5.00,22.00,18.00,13254913,38
656.03,1565671981,13911.37,51.49007569,7.41049265,168.47,7.14,1.01,73.07,1,-113.00,-16.00,-4.00,5.00,22.00,18.00,13254913,38
657.03,1565671982,13918.54,51.49009017,7.41060363,168.29,8.57,1.42,76.90,1,-115.00,-13.00,-5.00,4.00,18.00,18.00,13254913,38
658.03,1565671983,13927.05,51.49011312,7.41076550,167.61,10.73,2.18,75.96,1,-115.00,-13.00,-5.00,4.00,18.00,18.00,13254913,38
659.03,1565671984,13937.80,51.49012838,7.41089707,167.10,11.09,0.36,76.36,1,-114.00,-14.00,-4.00,4.00,20.00,18.00,13254913,38
660.03,1565671985,13948.86,51.49015526,7.41105087,166.68,11.03,-0.06,76.59,1,-114.00,-14.00,-4.00,4.00,20.00,18.00,13254913,38
