0.01,1565930842,0.00,nan,nan,0.00,0.00,0.00,0.00,0,-101.00,-9.00,0.00,0.00,40.00,0.00,0,67
0.01,1565930842,0.00,nan,nan,0.00,0.00,0.00,0.00,0,-105.00,-13.00,0.00,0.00,39.00,0.00,0,125
1.09,1565930843,0.00,nan,nan,0.00,0.00,0.00,0.00,0,-101.00,-10.00,0.00,0.00,41.00,0.00,0,67
1.10,1565930843,0.00,nan,nan,0.00,0.00,0.00,0.00,0,-105.00,-14.00,0.00,0.00,40.00,0.00,0,125
1.98,1565930844,0.00,nan,nan,0.00,0.00,0.00,0.00,0,-101.00,-10.00,0.00,0.00,41.00,0.00,0,67
1.98,1565930844,0.00,nan,nan,0.00,0.00,0.00,0.00,0,-105.00,-14.00,0.00,0.00,40.00,0.00,0,125
2.98,1565930845,0.00,nan,nan,0.00,0.00,0.00,0.00,0,-101.00,-10.00,0.00,0.00,40.00,0.00,0,67
2.98,1565930845,0.00,nan,nan,0.00,0.00,0.00,0.00,0,-104.00,-12.00,0.00,0.00,39.00,0.00,0,125
3.98,1565930846,0.00,nan,nan,0.00,0.00,0.00,0.00,0,-101.00,-10.00,0.00,0.00,40.00,0.00,0,67
3.98,1565930846,0.00,nan,nan,0.00,0.00,0.00,0.00,0,-104.00,-12.00,0.00,0.00,39.00,0.00,0,125
4.98,1565930847,0.00,nan,nan,0.00,0.00,0.00,0.00,0,-101.00,-10.00,0.00,0.00,40.00,0.00,0,67
4.98,1565930847,0.00,nan,nan,0.00,0.00,0.00,0.00,0,-104.00,-13.00,0.00,0.00,40.00,0.00,0,125
5.98,1565930848,0.00,nan,nan,0.00,0.00,0.00,0.00,0,-101.00,-10.00,0.00,0.00,40.00,0.00,0,67
5.98,1565930848,0.00,nan,nan,0.00,0.00,0.00,0.00,0,-104.00,-13.00,0.00,0.00,40.00,0.00,0,125
6.98,1565930849,0.00,nan,nan,0.00,0.00,0.00,0.00,0,-102.00,-10.00,0.00,0.00,39.00,0.00,0,67
6.98,1565930849,0.00,nan,nan,0.00,0.00,0.00,0.00,0,-105.00,-12.00,0.00,0.00,38.00,0.00,0,125
7.98,1565930850,0.00,nan,nan,0.00,0.00,0.00,0.00,0,-102.00,-10.00,0.00,0.00,39.00,0.00,0,67
7.98,1565930850,0.00,nan,nan,0.00,0.00,0.00,0.00,0,-105.00,-12.00,0.00,0.00,38.00,0.00,0,125
8.98,1565930851,0.00,nan,nan,0.00,0.00,0.00,0.00,0,-104.00,-10.00,0.00,0.00,38.00,0.00,0,125
8.98,1565930851,0.00,nan,nan,0.00,0.00,0.00,0.00,0,-104.00,-11.00,0.00,0.00,39.00,0.00,0,67
9.98,1565930852,0.00,nan,nan,0.00,0.00,0.00,0.00,0,-104.00,-10.00,0.00,0.00,38.00,0.00,0,125
9.98,1565930852,0.00,nan,nan,0.00,0.00,0.00,0.00,0,-104.00,-11.00,0.00,0.00,39.00,0.00,0,67
31.98,1565930874,0.00,nan,nan,0.00,0.00,0.00,0.00,0,-99.00,-13.00,0.00,0.00,43.00,0.00,0,75
32.98,1565930875,0.00,nan,nan,0.00,0.00,0.00,0.00,0,-99.00,-13.00,0.00,0.00,43.00,0.00,0,75
33.98,1565930876,0.00,nan,nan,0.00,0.00,0.00,0.00,0,-99.00,-13.00,0.00,0.00,42.00,0.00,0,75
34.98,1565930877,0.00,nan,nan,0.00,0.00,0.00,0.00,0,-99.00,-13.00,0.00,0.00,42.00,0.00,0,75
35.98,1565930878,0.00,nan,nan,0.00,0.00,0.00,0.00,0,-103.00,-12.00,0.00,0.00,41.00,0.00,0,124
35.98,1565930878,0.00,nan,nan,0.00,0.00,0.00,0.00,0,-100.00,-11.00,0.00,0.00,39.00,0.00,0,75
36.98,1565930879,0.00,nan,nan,0.00,0.00,0.00,0.00,0,-103.00,-12.00,0.00,0.00,41.00,0.00,0,124
36.98,1565930879,0.00,nan,nan,0.00,0.00,0.00,0.00,0,-100.00,-11.00,0.00,0.00,39.00,0.00,0,75
37.98,1565930880,0.00,nan,nan,0.00,0.00,0.00,0.00,0,-104.00,-12.00,0.00,0.00,40.00,0.00,0,124
37.98,1565930880,0.00,nan,nan,0.00,0.00,0.00,0.00,0,-103.00,-11.00,0.00,0.00,38.00,0.00,0,75
38.98,1565930881,0.00,nan,nan,0.00,0.00,0.00,0.00,0,-104.00,-12.00,0.00,0.00,40.00,0.00,0,124
38.98,1565930881,0.00,nan,nan,0.00,0.00,0.00,0.00,0,-103.00,-11.00,0.00,0.00,38.00,0.00,0,75
39.99,1565930882,0.00,nan,nan,0.00,0.00,0.00,0.00,0,-102.00,-11.00,0.00,0.00,39.00,0.00,0,124
39.99,1565930882,0.00,nan,nan,0.00,0.00,0.00,0.00,0,-105.00,-13.00,0.00,0.00,39.00,0.00,0,66
39.99,1565930882,0.00,nan,nan,0.00,0.00,0.00,0.00,0,-100.00,-9.00,0.00,0.00,37.00,0.00,0,75
39.99,1565930882,0.00,nan,nan,0.00,0.00,0.00,0.00,0,-105.00,-12.00,0.00,0.00,37.00,0.00,0,319
40.98,1565930883,0.00,nan,nan,0.00,0.00,0.00,0.00,0,-102.00,-11.00,0.00,0.00,39.00,0.00,0,124
40.98,1565930883,0.00,nan,nan,0.00,0.00,0.00,0.00,0,-105.00,-13.00,0.00,0.00,39.00,0.00,0,66
40.98,1565930883,0.00,nan,nan,0.00,0.00,0.00,0.00,0,-100.00,-9.00,0.00,0.00,37.00,0.00,0,75
40.98,1565930883,0.00,nan,nan,0.00,0.00,0.00,0.00,0,-105.00,-12.00,0.00,0.00,37.00,0.00,0,319
41.98,1565930884,0.00,nan,nan,0.00,0.00,0.00,0.00,0,-102.00,-11.00,0.00,0.00,39.00,0.00,0,124
41.98,1565930884,0.00,nan,nan,0.00,0.00,0.00,0.00,0,-105.00,-13.00,0.00,0.00,39.00,0.00,0,66
41.98,1565930884,0.00,nan,nan,0.00,0.00,0.00,0.00,0,-100.00,-9.00,0.00,0.00,37.00,0.00,0,75
41.98,1565930884,0.00,nan,nan,0.00,0.00,0.00,0.00,0,-105.00,-12.00,0.00,0.00,37.00,0.00,0,319
42.98,1565930885,0.00,nan,nan,0.00,0.00,0.00,0.00,0,-103.00,-10.00,0.00,0.00,38.00,0.00,0,124
42.98,1565930885,0.00,nan,nan,0.00,0.00,0.00,0.00,0,-108.00,-15.00,0.00,0.00,38.00,0.00,0,66
42.98,1565930885,0.00,nan,nan,0.00,0.00,0.00,0.00,0,-100.00,-8.00,0.00,0.00,37.00,0.00,0,75
42.98,1565930885,0.00,nan,nan,0.00,0.00,0.00,0.00,0,-106.00,-13.00,0.00,0.00,36.00,0.00,0,319
43.98,1565930886,0.00,nan,nan,0.00,0.00,0.00,0.00,0,-103.00,-10.00,0.00,0.00,38.00,0.00,0,124
43.98,1565930886,0.00,nan,nan,0.00,0.00,0.00,0.00,0,-108.00,-15.00,0.00,0.00,38.00,0.00,0,66
43.98,1565930886,0.00,nan,nan,0.00,0.00,0.00,0.00,0,-100.00,-8.00,0.00,0.00,37.00,0.00,0,75
43.98,1565930886,0.00,nan,nan,0.00,0.00,0.00,0.00,0,-106.00,-13.00,0.00,0.00,36.00,0.00,0,319
44.98,1565930887,0.00,nan,nan,0.00,0.00,0.00,0.00,0,-105.00,-12.00,0.00,0.00,35.00,0.00,0,76
44.98,1565930887,0.00,nan,nan,0.00,0.00,0.00,0.00,0,-107.00,-13.00,0.00,0.00,35.00,0.00,0,319
45.98,1565930888,0.00,nan,nan,0.00,0.00,0.00,0.00,0,-105.00,-12.00,0.00,0.00,35.00,0.00,0,76
45.98,1565930888,0.00,nan,nan,0.00,0.00,0.00,0.00,0,-107.00,-13.00,0.00,0.00,35.00,0.00,0,319
46.98,1565930889,0.00,nan,nan,0.00,0.00,0.00,0.00,0,-107.00,-13.00,0.00,0.00,35.00,0.00,0,76
46.98,1565930889,0.00,nan,nan,0.00,0.00,0.00,0.00,0,-107.00,-13.00,0.00,0.00,34.00,0.00,0,319
47.98,1565930890,0.00,nan,nan,0.00,0.00,0.00,0.00,0,-107.00,-13.00,0.00,0.00,35.00,0.00,0,76
47.98,1565930890,0.00,nan,nan,0.00,0.00,0.00,0.00,0,-107.00,-13.00,0.00,0.00,34.00,0.00,0,319
105.98,1565930948,0.00,nan,nan,0.00,0.00,0.00,0.00,0,-87.00,-11.00,0.00,0.00,53.00,0.00,0,75
106.98,1565930949,0.00,nan,nan,0.00,0.00,0.00,0.00,0,-87.00,-11.00,0.00,0.00,53.00,0.00,0,75
147.98,1565930990,0.00,nan,nan,0.00,0.00,0.00,0.00,0,-114.00,-11.00,0.00,0.00,29.00,0.00,0,458
148.98,1565930991,0.00,nan,nan,0.00,0.00,0.00,0.00,0,-114.00,-11.00,0.00,0.00,29.00,0.00,0,458
153.98,1565930996,0.00,nan,nan,0.00,0.00,0.00,0.00,0,-115.00,-12.00,0.00,0.00,29.00,0.00,0,205
154.98,1565930997,0.00,nan,nan,0.00,0.00,0.00,0.00,0,-115.00,-12.00,0.00,0.00,29.00,0.00,0,205
157.98,1565931000,0.00,nan,nan,0.00,0.00,0.00,0.00,0,-114.00,-10.00,0.00,0.00,27.00,0.00,0,205
157.98,1565931000,0.00,nan,nan,0.00,0.00,0.00,0.00,0,-117.00,-13.00,0.00,0.00,26.00,0.00,0,458
157.98,1565931000,0.00,nan,nan,0.00,0.00,0.00,0.00,0,-118.00,-13.00,0.00,0.00,27.00,0.00,0,100
158.98,1565931001,0.00,nan,nan,0.00,0.00,0.00,0.00,0,-114.00,-10.00,0.00,0.00,27.00,0.00,0,205
158.98,1565931001,0.00,nan,nan,0.00,0.00,0.00,0.00,0,-117.00,-13.00,0.00,0.00,26.00,0.00,0,458
158.98,1565931001,0.00,nan,nan,0.00,0.00,0.00,0.00,0,-118.00,-13.00,0.00,0.00,27.00,0.00,0,100
159.98,1565931002,0.00,nan,nan,0.00,0.00,0.00,0.00,0,-114.00,-11.00,0.00,0.00,28.00,0.00,0,205
159.98,1565931002,0.00,nan,nan,0.00,0.00,0.00,0.00,0,-116.00,-12.00,0.00,0.00,27.00,0.00,0,100
159.98,1565931002,0.00,nan,nan,0.00,0.00,0.00,0.00,0,-119.00,-15.00,0.00,0.00,27.00,0.00,0,458
159.98,1565931002,0.00,nan,nan,0.00,0.00,0.00,0.00,0,-111.00,-8.00,0.00,0.00,26.00,0.00,0,334
159.98,1565931002,0.00,nan,nan,0.00,0.00,0.00,0.00,0,-113.00,-9.00,0.00,0.00,24.00,0.00,0,383
160.98,1565931003,0.00,nan,nan,0.00,0.00,0.00,0.00,0,-114.00,-11.00,0.00,0.00,28.00,0.00,0,205
160.98,1565931003,0.00,nan,nan,0.00,0.00,0.00,0.00,0,-116.00,-12.00,0.00,0.00,27.00,0.00,0,100
160.98,1565931003,0.00,nan,nan,0.00,0.00,0.00,0.00,0,-119.00,-15.00,0.00,0.00,27.00,0.00,0,458
160.98,1565931003,0.00,nan,nan,0.00,0.00,0.00,0.00,0,-111.00,-8.00,0.00,0.00,26.00,0.00,0,334
160.98,1565931003,0.00,nan,nan,0.00,0.00,0.00,0.00,0,-113.00,-9.00,0.00,0.00,24.00,0.00,0,383
163.98,1565931006,0.00,nan,nan,0.00,0.00,0.00,0.00,0,-102.00,-10.00,0.00,0.00,37.00,0.00,0,488
164.98,1565931007,0.00,nan,nan,0.00,0.00,0.00,0.00,0,-102.00,-10.00,0.00,0.00,37.00,0.00,0,488
165.99,1565931008,0.00,nan,nan,0.00,0.00,0.00,0.00,0,-101.00,-9.00,0.00,0.00,37.00,0.00,0,488
166.98,1565931009,0.00,nan,nan,0.00,0.00,0.00,0.00,0,-101.00,-9.00,0.00,0.00,37.00,0.00,0,488
167.98,1565931010,0.00,nan,nan,0.00,0.00,0.00,0.00,0,-101.00,-9.00,0.00,0.00,37.00,0.00,0,488
212.98,1565931055,0.00,nan,nan,0.00,0.00,0.00,0.00,0,-76.00,-12.00,0.00,0.00,63.00,0.00,0,487
213.98,1565931056,0.00,nan,nan,0.00,0.00,0.00,0.00,0,-76.00,-12.00,0.00,0.00,63.00,0.00,0,487
226.98,1565931069,0.00,nan,nan,0.00,0.00,0.00,0.00,0,-78.00,-11.00,0.00,0.00,63.00,0.00,0,487
227.98,1565931070,0.00,nan,nan,0.00,0.00,0.00,0.00,0,-78.00,-11.00,0.00,0.00,63.00,0.00,0,487
228.98,1565931071,0.00,nan,nan,0.00,0.00,0.00,0.00,0,-67.00,-9.00,0.00,0.00,63.00,0.00,0,487
229.98,1565931072,0.00,nan,nan,0.00,0.00,0.00,0.00,0,-67.00,-9.00,0.00,0.00,63.00,0.00,0,487
230.99,1565931073,0.00,nan,nan,0.00,0.00,0.00,0.00,0,-67.00,-12.00,0.00,0.00,63.00,0.00,0,487
231.97,1565931074,0.00,nan,nan,0.00,0.00,0.00,0.00,0,-67.00,-12.00,0.00,0.00,63.00,0.00,0,487
232.98,1565931075,0.00,nan,nan,0.00,0.00,0.00,0.00,0,-67.00,-12.00,0.00,0.00,63.00,0.00,0,487
233.98,1565931076,0.00,nan,nan,0.00,0.00,0.00,0.00,0,-71.00,-10.00,0.00,0.00,63.00,0.00,0,487
234.98,1565931077,0.00,nan,nan,0.00,0.00,0.00,0.00,0,-71.00,-10.00,0.00,0.00,63.00,0.00,0,487
235.98,1565931078,0.00,nan,nan,0.00,0.00,0.00,0.00,0,-75.00,-13.00,0.00,0.00,63.00,0.00,0,487
236.98,1565931079,0.00,nan,nan,0.00,0.00,0.00,0.00,0,-75.00,-13.00,0.00,0.00,63.00,0.00,0,487
254.98,1565931097,0.00,nan,nan,0.00,0.00,0.00,0.00,0,-93.00,-6.00,0.00,0.00,43.00,0.00,0,125
254.98,1565931097,0.00,nan,nan,0.00,0.00,0.00,0.00,0,-123.00,-12.00,0.00,0.00,22.00,0.00,0,489
254.98,1565931097,0.00,nan,nan,0.00,0.00,0.00,0.00,0,-124.00,-13.00,0.00,0.00,22.00,0.00,0,341
254.98,1565931097,0.00,nan,nan,0.00,0.00,0.00,0.00,0,-127.00,-16.00,0.00,0.00,22.00,0.00,0,323
255.98,1565931098,0.00,nan,nan,0.00,0.00,0.00,0.00,0,-93.00,-6.00,0.00,0.00,43.00,0.00,0,125
255.98,1565931098,0.00,nan,nan,0.00,0.00,0.00,0.00,0,-123.00,-12.00,0.00,0.00,22.00,0.00,0,489
255.98,1565931098,0.00,nan,nan,0.00,0.00,0.00,0.00,0,-124.00,-13.00,0.00,0.00,22.00,0.00,0,341
255.98,1565931098,0.00,nan,nan,0.00,0.00,0.00,0.00,0,-127.00,-16.00,0.00,0.00,22.00,0.00,0,323
266.98,1565931109,0.00,nan,nan,0.00,0.00,0.00,0.00,0,-89.00,-9.00,0.00,0.00,52.00,0.00,0,123
267.98,1565931110,0.00,nan,nan,0.00,0.00,0.00,0.00,0,-89.00,-9.00,0.00,0.00,52.00,0.00,0,123
268.98,1565931111,0.00,nan,nan,0.00,0.00,0.00,0.00,0,-92.00,-10.00,0.00,0.00,50.00,0.00,0,123
269.98,1565931112,0.00,nan,nan,0.00,0.00,0.00,0.00,0,-92.00,-10.00,0.00,0.00,50.00,0.00,0,123
270.98,1565931113,0.00,nan,nan,0.00,0.00,0.00,0.00,0,-107.00,-8.00,0.00,0.00,32.00,0.00,0,403
271.98,1565931114,0.00,nan,nan,0.00,0.00,0.00,0.00,0,-107.00,-8.00,0.00,0.00,32.00,0.00,0,403
275.98,1565931118,0.00,nan,nan,0.00,0.00,0.00,0.00,0,-112.00,-10.00,0.00,0.00,30.00,0.00,0,125
276.98,1565931119,0.00,nan,nan,0.00,0.00,0.00,0.00,0,-112.00,-10.00,0.00,0.00,30.00,0.00,0,125
277.98,1565931120,0.00,nan,nan,0.00,0.00,0.00,0.00,0,-114.00,-11.00,0.00,0.00,28.00,0.00,0,125
278.98,1565931121,0.00,nan,nan,0.00,0.00,0.00,0.00,0,-114.00,-11.00,0.00,0.00,28.00,0.00,0,125
279.98,1565931122,0.00,nan,nan,0.00,0.00,0.00,0.00,0,-115.00,-11.00,0.00,0.00,27.00,0.00,0,125
280.98,1565931123,0.00,nan,nan,0.00,0.00,0.00,0.00,0,-115.00,-11.00,0.00,0.00,27.00,0.00,0,125
283.98,1565931126,0.00,nan,nan,0.00,0.00,0.00,0.00,0,-115.00,-12.00,0.00,0.00,28.00,0.00,0,125
283.98,1565931126,0.00,nan,nan,0.00,0.00,0.00,0.00,0,-117.00,-13.00,0.00,0.00,27.00,0.00,0,123
283.98,1565931126,0.00,nan,nan,0.00,0.00,0.00,0.00,0,-120.00,-15.00,0.00,0.00,28.00,0.00,0,231
283.98,1565931126,0.00,nan,nan,0.00,0.00,0.00,0.00,0,-129.00,-17.00,0.00,0.00,21.00,0.00,0,274
283.99,1565931126,0.00,nan,nan,0.00,0.00,0.00,0.00,0,-109.00,-12.00,0.00,0.00,32.00,0.00,0,486
283.99,1565931126,0.00,nan,nan,0.00,0.00,0.00,0.00,0,-113.00,-11.00,0.00,0.00,27.00,0.00,0,308
284.98,1565931127,0.00,nan,nan,0.00,0.00,0.00,0.00,0,-115.00,-12.00,0.00,0.00,28.00,0.00,0,125
284.98,1565931127,0.00,nan,nan,0.00,0.00,0.00,0.00,0,-117.00,-13.00,0.00,0.00,27.00,0.00,0,123
284.98,1565931127,0.00,nan,nan,0.00,0.00,0.00,0.00,0,-120.00,-15.00,0.00,0.00,28.00,0.00,0,231
284.98,1565931127,0.00,nan,nan,0.00,0.00,0.00,0.00,0,-129.00,-17.00,0.00,0.00,21.00,0.00,0,274
284.99,1565931127,0.00,nan,nan,0.00,0.00,0.00,0.00,0,-109.00,-12.00,0.00,0.00,32.00,0.00,0,486
284.99,1565931127,0.00,nan,nan,0.00,0.00,0.00,0.00,0,-113.00,-11.00,0.00,0.00,27.00,0.00,0,308
285.98,1565931128,0.00,nan,nan,0.00,0.00,0.00,0.00,0,-117.00,-12.00,0.00,0.00,27.00,0.00,0,249
285.98,1565931128,0.00,nan,nan,0.00,0.00,0.00,0.00,0,-128.00,-16.00,0.00,0.00,21.00,0.00,0,274
285.99,1565931128,0.00,nan,nan,0.00,0.00,0.00,0.00,0,-129.00,-18.00,0.00,0.00,21.00,0.00,0,13
285.99,1565931128,0.00,nan,nan,0.00,0.00,0.00,0.00,0,-110.00,-11.00,0.00,0.00,29.00,0.00,0,488
285.99,1565931128,0.00,nan,nan,0.00,0.00,0.00,0.00,0,-110.00,-11.00,0.00,0.00,28.00,0.00,0,308
285.99,1565931128,0.00,nan,nan,0.00,0.00,0.00,0.00,0,-112.00,-12.00,0.00,0.00,29.00,0.00,0,486
285.99,1565931128,0.00,nan,nan,0.00,0.00,0.00,0.00,0,-104.00,-9.00,0.00,0.00,32.00,0.00,0,198
285.99,1565931128,0.00,nan,nan,0.00,0.00,0.00,0.00,0,-109.00,-15.00,0.00,0.00,32.00,0.00,0,427
286.98,1565931129,0.00,nan,nan,0.00,0.00,0.00,0.00,0,-117.00,-12.00,0.00,0.00,27.00,0.00,0,249
286.98,1565931129,0.00,nan,nan,0.00,0.00,0.00,0.00,0,-128.00,-16.00,0.00,0.00,21.00,0.00,0,274
286.99,1565931129,0.00,nan,nan,0.00,0.00,0.00,0.00,0,-129.00,-18.00,0.00,0.00,21.00,0.00,0,13
286.99,1565931129,0.00,nan,nan,0.00,0.00,0.00,0.00,0,-110.00,-11.00,0.00,0.00,29.00,0.00,0,488
286.99,1565931129,0.00,nan,nan,0.00,0.00,0.00,0.00,0,-110.00,-11.00,0.00,0.00,28.00,0.00,0,308
286.99,1565931129,0.00,nan,nan,0.00,0.00,0.00,0.00,0,-112.00,-12.00,0.00,0.00,29.00,0.00,0,486
286.99,1565931129,0.00,nan,nan,0.00,0.00,0.00,0.00,0,-104.00,-9.00,0.00,0.00,32.00,0.00,0,198
286.99,1565931129,0.00,nan,nan,0.00,0.00,0.00,0.00,0,-109.00,-15.00,0.00,0.00,32.00,0.00,0,427
287.98,1565931130,0.00,nan,nan,0.00,0.00,0.00,0.00,0,-117.00,-13.00,0.00,0.00,27.00,0.00,0,231
287.99,1565931130,0.00,nan,nan,0.00,0.00,0.00,0.00,0,-119.00,-16.00,0.00,0.00,28.00,0.00,0,123
287.99,1565931130,0.00,nan,nan,0.00,0.00,0.00,0.00,0,-119.00,-13.00,0.00,0.00,26.00,0.00,0,195
287.99,1565931130,0.00,nan,nan,0.00,0.00,0.00,0.00,0,-123.00,-12.00,0.00,0.00,22.00,0.00,0,274
287.99,1565931130,0.00,nan,nan,0.00,0.00,0.00,0.00,0,-124.00,-14.00,0.00,0.00,22.00,0.00,0,13
287.99,1565931130,0.00,nan,nan,0.00,0.00,0.00,0.00,0,-109.00,-10.00,0.00,0.00,30.00,0.00,0,308
287.99,1565931130,0.00,nan,nan,0.00,0.00,0.00,0.00,0,-110.00,-11.00,0.00,0.00,29.00,0.00,0,488
287.99,1565931130,0.00,nan,nan,0.00,0.00,0.00,0.00,0,-112.00,-13.00,0.00,0.00,29.00,0.00,0,486
287.99,1565931130,0.00,nan,nan,0.00,0.00,0.00,0.00,0,-103.00,-10.00,0.00,0.00,32.00,0.00,0,198
287.99,1565931130,0.00,nan,nan,0.00,0.00,0.00,0.00,0,-109.00,-16.00,0.00,0.00,32.00,0.00,0,427
288.99,1565931131,0.00,nan,nan,0.00,0.00,0.00,0.00,0,-117.00,-13.00,0.00,0.00,27.00,0.00,0,231
288.99,1565931131,0.00,nan,nan,0.00,0.00,0.00,0.00,0,-119.00,-16.00,0.00,0.00,28.00,0.00,0,123
288.99,1565931131,0.00,nan,nan,0.00,0.00,0.00,0.00,0,-119.00,-13.00,0.00,0.00,26.00,0.00,0,195
288.99,1565931131,0.00,nan,nan,0.00,0.00,0.00,0.00,0,-123.00,-12.00,0.00,0.00,22.00,0.00,0,274
288.99,1565931131,0.00,nan,nan,0.00,0.00,0.00,0.00,0,-124.00,-14.00,0.00,0.00,22.00,0.00,0,13
288.99,1565931131,0.00,nan,nan,0.00,0.00,0.00,0.00,0,-109.00,-10.00,0.00,0.00,30.00,0.00,0,308
288.99,1565931131,0.00,nan,nan,0.00,0.00,0.00,0.00,0,-110.00,-11.00,0.00,0.00,29.00,0.00,0,488
288.99,1565931131,0.00,nan,nan,0.00,0.00,0.00,0.00,0,-112.00,-13.00,0.00,0.00,29.00,0.00,0,486
288.99,1565931131,0.00,nan,nan,0.00,0.00,0.00,0.00,0,-103.00,-10.00,0.00,0.00,32.00,0.00,0,198
288.99,1565931131,0.00,nan,nan,0.00,0.00,0.00,0.00,0,-109.00,-16.00,0.00,0.00,32.00,0.00,0,427
291.98,1565931134,0.00,nan,nan,0.00,0.00,0.00,0.00,0,-107.00,-16.00,0.00,0.00,36.00,0.00,0,427
292.98,1565931135,0.00,nan,nan,0.00,0.00,0.00,0.00,0,-107.00,-16.00,0.00,0.00,36.00,0.00,0,427
293.99,1565931136,0.00,nan,nan,0.00,0.00,0.00,0.00,0,-108.00,-14.00,0.00,0.00,32.00,0.00,0,427
294.98,1565931137,0.00,nan,nan,0.00,0.00,0.00,0.00,0,-108.00,-14.00,0.00,0.00,32.00,0.00,0,427
295.98,1565931138,0.00,nan,nan,0.00,0.00,0.00,0.00,0,-108.00,-14.00,0.00,0.00,32.00,0.00,0,427
296.98,1565931139,0.00,nan,nan,0.00,0.00,0.00,0.00,0,-103.00,-11.00,0.00,0.00,34.00,0.00,0,427
297.98,1565931140,0.00,nan,nan,0.00,0.00,0.00,0.00,0,-103.00,-11.00,0.00,0.00,34.00,0.00,0,427
298.98,1565931141,0.00,nan,nan,0.00,0.00,0.00,0.00,0,-105.00,-15.00,0.00,0.00,35.00,0.00,0,427
299.98,1565931142,0.00,nan,nan,0.00,0.00,0.00,0.00,0,-105.00,-15.00,0.00,0.00,35.00,0.00,0,427
304.98,1565931147,0.00,nan,nan,0.00,0.00,0.00,0.00,0,-106.00,-9.00,0.00,0.00,33.00,0.00,0,231
304.98,1565931147,0.00,nan,nan,0.00,0.00,0.00,0.00,0,-108.00,-11.00,0.00,0.00,33.00,0.00,0,123
304.98,1565931147,0.00,nan,nan,0.00,0.00,0.00,0.00,0,-127.00,-15.00,0.00,0.00,22.00,0.00,0,13
304.99,1565931147,0.00,nan,nan,0.00,0.00,0.00,0.00,0,-130.00,-19.00,0.00,0.00,22.00,0.00,0,489
304.99,1565931147,0.00,nan,nan,0.00,0.00,0.00,0.00,0,-131.00,-19.00,0.00,0.00,22.00,0.00,0,362
304.99,1565931147,0.00,nan,nan,0.00,0.00,0.00,0.00,0,-102.00,-7.00,0.00,0.00,34.00,0.00,0,488
304.99,1565931147,0.00,nan,nan,0.00,0.00,0.00,0.00,0,-107.00,-9.00,0.00,0.00,31.00,0.00,0,308
305.98,1565931148,0.00,nan,nan,0.00,0.00,0.00,0.00,0,-106.00,-9.00,0.00,0.00,33.00,0.00,0,231
305.98,1565931148,0.00,nan,nan,0.00,0.00,0.00,0.00,0,-108.00,-11.00,0.00,0.00,33.00,0.00,0,123
305.98,1565931148,0.00,nan,nan,0.00,0.00,0.00,0.00,0,-127.00,-15.00,0.00,0.00,22.00,0.00,0,13
305.99,1565931148,0.00,nan,nan,0.00,0.00,0.00,0.00,0,-130.00,-19.00,0.00,0.00,22.00,0.00,0,489
305.99,1565931148,0.00,nan,nan,0.00,0.00,0.00,0.00,0,-131.00,-19.00,0.00,0.00,22.00,0.00,0,362
305.99,1565931148,0.00,nan,nan,0.00,0.00,0.00,0.00,0,-102.00,-7.00,0.00,0.00,34.00,0.00,0,488
305.99,1565931148,0.00,nan,nan,0.00,0.00,0.00,0.00,0,-107.00,-9.00,0.00,0.00,31.00,0.00,0,308
306.98,1565931149,0.00,nan,nan,0.00,0.00,0.00,0.00,0,-105.00,-10.00,0.00,0.00,35.00,0.00,0,123
306.98,1565931149,0.00,nan,nan,0.00,0.00,0.00,0.00,0,-106.00,-11.00,0.00,0.00,37.00,0.00,0,125
307.98,1565931150,0.00,nan,nan,0.00,0.00,0.00,0.00,0,-105.00,-10.00,0.00,0.00,35.00,0.00,0,123
307.98,1565931150,0.00,nan,nan,0.00,0.00,0.00,0.00,0,-106.00,-11.00,0.00,0.00,37.00,0.00,0,125
308.98,1565931151,0.00,nan,nan,0.00,0.00,0.00,0.00,0,-105.00,-11.00,0.00,0.00,38.00,0.00,0,125
308.98,1565931151,0.00,nan,nan,0.00,0.00,0.00,0.00,0,-104.00,-11.00,0.00,0.00,38.00,0.00,0,231
309.98,1565931152,0.00,nan,nan,0.00,0.00,0.00,0.00,0,-105.00,-11.00,0.00,0.00,38.00,0.00,0,125
309.98,1565931152,0.00,nan,nan,0.00,0.00,0.00,0.00,0,-104.00,-11.00,0.00,0.00,38.00,0.00,0,231
310.98,1565931153,0.00,nan,nan,0.00,0.00,0.00,0.00,0,-103.00,-10.00,0.00,0.00,39.00,0.00,0,231
310.98,1565931153,0.00,nan,nan,0.00,0.00,0.00,0.00,0,-104.00,-11.00,0.00,0.00,39.00,0.00,0,125
311.98,1565931154,0.00,nan,nan,0.00,0.00,0.00,0.00,0,-103.00,-10.00,0.00,0.00,39.00,0.00,0,231
311.98,1565931154,0.00,nan,nan,0.00,0.00,0.00,0.00,0,-104.00,-11.00,0.00,0.00,39.00,0.00,0,125
312.98,1565931155,0.00,nan,nan,0.00,0.00,0.00,0.00,0,-97.00,-9.00,0.00,0.00,43.00,0.00,0,231
312.98,1565931155,0.00,nan,nan,0.00,0.00,0.00,0.00,0,-103.00,-13.00,0.00,0.00,43.00,0.00,0,125
313.98,1565931156,0.00,nan,nan,0.00,0.00,0.00,0.00,0,-97.00,-9.00,0.00,0.00,43.00,0.00,0,231
313.98,1565931156,0.00,nan,nan,0.00,0.00,0.00,0.00,0,-103.00,-13.00,0.00,0.00,43.00,0.00,0,125
350.98,1565931193,0.00,nan,nan,0.00,0.00,0.00,0.00,0,-78.00,-5.00,0.00,0.00,60.00,0.00,0,233
351.98,1565931194,0.00,nan,nan,0.00,0.00,0.00,0.00,0,-78.00,-5.00,0.00,0.00,60.00,0.00,0,233
375.98,1565931218,0.00,nan,nan,0.00,0.00,0.00,0.00,0,-100.00,-7.00,0.00,0.00,40.00,0.00,0,49
376.98,1565931219,0.00,nan,nan,0.00,0.00,0.00,0.00,0,-100.00,-7.00,0.00,0.00,40.00,0.00,0,49
377.98,1565931220,0.00,nan,nan,0.00,0.00,0.00,0.00,0,-99.00,-8.00,0.00,0.00,41.00,0.00,0,49
378.98,1565931221,0.00,nan,nan,0.00,0.00,0.00,0.00,0,-99.00,-8.00,0.00,0.00,41.00,0.00,0,49
386.98,1565931229,0.00,nan,nan,0.00,0.00,0.00,0.00,0,-106.00,-11.00,0.00,0.00,36.00,0.00,0,414
386.98,1565931229,0.00,nan,nan,0.00,0.00,0.00,0.00,0,-109.00,-13.00,0.00,0.00,35.00,0.00,0,26
386.98,1565931229,0.00,nan,nan,0.00,0.00,0.00,0.00,0,-109.00,-11.00,0.00,0.00,34.00,0.00,0,97
387.98,1565931230,0.00,nan,nan,0.00,0.00,0.00,0.00,0,-106.00,-11.00,0.00,0.00,36.00,0.00,0,414
387.98,1565931230,0.00,nan,nan,0.00,0.00,0.00,0.00,0,-109.00,-13.00,0.00,0.00,35.00,0.00,0,26
387.98,1565931230,0.00,nan,nan,0.00,0.00,0.00,0.00,0,-109.00,-11.00,0.00,0.00,34.00,0.00,0,97
388.98,1565931231,0.00,nan,nan,0.00,0.00,0.00,0.00,0,-108.00,-11.00,0.00,0.00,35.00,0.00,0,358
388.98,1565931231,0.00,nan,nan,0.00,0.00,0.00,0.00,0,-108.00,-12.00,0.00,0.00,36.00,0.00,0,233
388.98,1565931231,0.00,nan,nan,0.00,0.00,0.00,0.00,0,-111.00,-14.00,0.00,0.00,35.00,0.00,0,49
389.98,1565931232,0.00,nan,nan,0.00,0.00,0.00,0.00,0,-108.00,-11.00,0.00,0.00,35.00,0.00,0,358
389.98,1565931232,0.00,nan,nan,0.00,0.00,0.00,0.00,0,-108.00,-12.00,0.00,0.00,36.00,0.00,0,233
389.98,1565931232,0.00,nan,nan,0.00,0.00,0.00,0.00,0,-111.00,-14.00,0.00,0.00,35.00,0.00,0,49
390.98,1565931233,0.00,nan,nan,0.00,0.00,0.00,0.00,0,-108.00,-11.00,0.00,0.00,36.00,0.00,0,97
390.98,1565931233,0.00,nan,nan,0.00,0.00,0.00,0.00,0,-109.00,-13.00,0.00,0.00,36.00,0.00,0,49
390.98,1565931233,0.00,nan,nan,0.00,0.00,0.00,0.00,0,-108.00,-12.00,0.00,0.00,36.00,0.00,0,375
391.98,1565931234,0.00,nan,nan,0.00,0.00,0.00,0.00,0,-108.00,-11.00,0.00,0.00,36.00,0.00,0,97
391.98,1565931234,0.00,nan,nan,0.00,0.00,0.00,0.00,0,-109.00,-13.00,0.00,0.00,36.00,0.00,0,49
391.98,1565931234,0.00,nan,nan,0.00,0.00,0.00,0.00,0,-108.00,-12.00,0.00,0.00,36.00,0.00,0,375
394.98,1565931237,0.00,nan,nan,0.00,0.00,0.00,0.00,0,-103.00,-9.00,0.00,0.00,38.00,0.00,0,414
395.98,1565931238,0.00,nan,nan,0.00,0.00,0.00,0.00,0,-103.00,-9.00,0.00,0.00,38.00,0.00,0,414
396.98,1565931239,0.00,nan,nan,0.00,0.00,0.00,0.00,0,-106.00,-13.00,0.00,0.00,39.00,0.00,0,348
396.98,1565931239,0.00,nan,nan,0.00,0.00,0.00,0.00,0,-103.00,-10.00,0.00,0.00,39.00,0.00,0,414
396.98,1565931239,0.00,nan,nan,0.00,0.00,0.00,0.00,0,-105.00,-11.00,0.00,0.00,39.00,0.00,0,97
397.98,1565931240,0.00,nan,nan,0.00,0.00,0.00,0.00,0,-106.00,-13.00,0.00,0.00,39.00,0.00,0,348
397.98,1565931240,0.00,nan,nan,0.00,0.00,0.00,0.00,0,-103.00,-10.00,0.00,0.00,39.00,0.00,0,414
397.98,1565931240,0.00,nan,nan,0.00,0.00,0.00,0.00,0,-105.00,-11.00,0.00,0.00,39.00,0.00,0,97
400.99,1565931243,0.00,nan,nan,0.00,0.00,0.00,0.00,0,-100.00,-11.00,0.00,0.00,43.00,0.00,0,375
400.99,1565931243,0.00,nan,nan,0.00,0.00,0.00,0.00,0,-101.00,-13.00,0.00,0.00,44.00,0.00,0,233
400.99,1565931243,0.00,nan,nan,0.00,0.00,0.00,0.00,0,-99.00,-10.00,0.00,0.00,43.00,0.00,0,414
401.98,1565931244,0.00,nan,nan,0.00,0.00,0.00,0.00,0,-100.00,-11.00,0.00,0.00,43.00,0.00,0,375
401.98,1565931244,0.00,nan,nan,0.00,0.00,0.00,0.00,0,-101.00,-13.00,0.00,0.00,44.00,0.00,0,233
401.98,1565931244,0.00,nan,nan,0.00,0.00,0.00,0.00,0,-99.00,-10.00,0.00,0.00,43.00,0.00,0,414
402.98,1565931245,0.00,nan,nan,0.00,0.00,0.00,0.00,0,-100.00,-11.00,0.00,0.00,43.00,0.00,0,375
402.98,1565931245,0.00,nan,nan,0.00,0.00,0.00,0.00,0,-101.00,-13.00,0.00,0.00,44.00,0.00,0,233
402.98,1565931245,0.00,nan,nan,0.00,0.00,0.00,0.00,0,-99.00,-10.00,0.00,0.00,43.00,0.00,0,414
405.98,1565931248,0.00,nan,nan,0.00,0.00,0.00,0.00,0,-98.00,-11.00,0.00,0.00,45.00,0.00,0,233
405.98,1565931248,0.00,nan,nan,0.00,0.00,0.00,0.00,0,-97.00,-8.00,0.00,0.00,43.00,0.00,0,375
405.98,1565931248,0.00,nan,nan,0.00,0.00,0.00,0.00,0,-102.00,-14.00,0.00,0.00,44.00,0.00,0,49
406.98,1565931249,0.00,nan,nan,0.00,0.00,0.00,0.00,0,-98.00,-11.00,0.00,0.00,45.00,0.00,0,233
406.98,1565931249,0.00,nan,nan,0.00,0.00,0.00,0.00,0,-97.00,-8.00,0.00,0.00,43.00,0.00,0,375
406.98,1565931249,0.00,nan,nan,0.00,0.00,0.00,0.00,0,-102.00,-14.00,0.00,0.00,44.00,0.00,0,49
409.98,1565931252,0.00,nan,nan,0.00,0.00,0.00,0.00,0,-89.00,-9.00,0.00,0.00,51.00,0.00,0,233
409.98,1565931252,0.00,nan,nan,0.00,0.00,0.00,0.00,0,-90.00,-10.00,0.00,0.00,49.00,0.00,0,436
409.98,1565931252,0.00,nan,nan,0.00,0.00,0.00,0.00,0,-90.00,-10.00,0.00,0.00,48.00,0.00,0,187
410.98,1565931253,0.00,nan,nan,0.00,0.00,0.00,0.00,0,-89.00,-9.00,0.00,0.00,51.00,0.00,0,233
410.98,1565931253,0.00,nan,nan,0.00,0.00,0.00,0.00,0,-90.00,-10.00,0.00,0.00,49.00,0.00,0,436
410.98,1565931253,0.00,nan,nan,0.00,0.00,0.00,0.00,0,-90.00,-10.00,0.00,0.00,48.00,0.00,0,187
411.98,1565931254,0.00,nan,nan,0.00,0.00,0.00,0.00,0,-85.00,-10.00,0.00,0.00,56.00,0.00,0,233
411.98,1565931254,0.00,nan,nan,0.00,0.00,0.00,0.00,0,-88.00,-11.00,0.00,0.00,55.00,0.00,0,249
411.98,1565931254,0.00,nan,nan,0.00,0.00,0.00,0.00,0,-88.00,-10.00,0.00,0.00,56.00,0.00,0,348
411.99,1565931254,0.00,nan,nan,0.00,0.00,0.00,0.00,0,-81.00,-7.00,0.00,0.00,53.00,0.00,0,187
411.99,1565931254,0.00,nan,nan,0.00,0.00,0.00,0.00,0,-85.00,-11.00,0.00,0.00,54.00,0.00,0,436
412.98,1565931255,0.00,nan,nan,0.00,0.00,0.00,0.00,0,-85.00,-10.00,0.00,0.00,56.00,0.00,0,233
412.98,1565931255,0.00,nan,nan,0.00,0.00,0.00,0.00,0,-88.00,-11.00,0.00,0.00,55.00,0.00,0,249
412.98,1565931255,0.00,nan,nan,0.00,0.00,0.00,0.00,0,-88.00,-10.00,0.00,0.00,56.00,0.00,0,348
412.98,1565931255,0.00,nan,nan,0.00,0.00,0.00,0.00,0,-81.00,-7.00,0.00,0.00,53.00,0.00,0,187
412.98,1565931255,0.00,nan,nan,0.00,0.00,0.00,0.00,0,-85.00,-11.00,0.00,0.00,54.00,0.00,0,436
413.98,1565931256,0.00,nan,nan,0.00,0.00,0.00,0.00,0,-85.00,-8.00,0.00,0.00,55.00,0.00,0,233
414.98,1565931257,0.00,nan,nan,0.00,0.00,0.00,0.00,0,-85.00,-8.00,0.00,0.00,55.00,0.00,0,233
415.98,1565931258,0.00,nan,nan,0.00,0.00,0.00,0.00,0,-87.00,-7.00,0.00,0.00,52.00,0.00,0,233
416.98,1565931259,0.00,nan,nan,0.00,0.00,0.00,0.00,0,-87.00,-7.00,0.00,0.00,52.00,0.00,0,233
417.98,1565931260,0.00,nan,nan,0.00,0.00,0.00,0.00,0,-82.00,-6.00,0.00,0.00,55.00,0.00,0,233
417.98,1565931260,0.00,nan,nan,0.00,0.00,0.00,0.00,0,-82.00,-8.00,0.00,0.00,56.00,0.00,0,436
418.98,1565931261,0.00,nan,nan,0.00,0.00,0.00,0.00,0,-82.00,-6.00,0.00,0.00,55.00,0.00,0,233
418.98,1565931261,0.00,nan,nan,0.00,0.00,0.00,0.00,0,-82.00,-8.00,0.00,0.00,56.00,0.00,0,436
424.98,1565931267,0.00,nan,nan,0.00,0.00,0.00,0.00,0,-91.00,-8.00,0.00,0.00,46.00,0.00,0,187
425.97,1565931268,0.00,nan,nan,0.00,0.00,0.00,0.00,0,-91.00,-8.00,0.00,0.00,46.00,0.00,0,187
432.98,1565931275,0.00,nan,nan,0.00,0.00,0.00,0.00,0,-95.00,-9.00,0.00,0.00,46.00,0.00,0,376
432.98,1565931275,0.00,nan,nan,0.00,0.00,0.00,0.00,0,-99.00,-11.00,0.00,0.00,45.00,0.00,0,196
432.98,1565931275,0.00,nan,nan,0.00,0.00,0.00,0.00,0,-101.00,-13.00,0.00,0.00,45.00,0.00,0,197
432.98,1565931275,0.00,nan,nan,0.00,0.00,0.00,0.00,0,-86.00,-9.00,0.00,0.00,51.00,0.00,0,146
433.98,1565931276,0.00,nan,nan,0.00,0.00,0.00,0.00,0,-95.00,-9.00,0.00,0.00,46.00,0.00,0,376
433.98,1565931276,0.00,nan,nan,0.00,0.00,0.00,0.00,0,-99.00,-11.00,0.00,0.00,45.00,0.00,0,196
433.98,1565931276,0.00,nan,nan,0.00,0.00,0.00,0.00,0,-101.00,-13.00,0.00,0.00,45.00,0.00,0,197
433.98,1565931276,0.00,nan,nan,0.00,0.00,0.00,0.00,0,-86.00,-9.00,0.00,0.00,51.00,0.00,0,146
434.98,1565931277,0.00,nan,nan,0.00,0.00,0.00,0.00,0,-104.00,-13.00,0.00,0.00,38.00,0.00,0,144
435.98,1565931278,0.00,nan,nan,0.00,0.00,0.00,0.00,0,-104.00,-13.00,0.00,0.00,38.00,0.00,0,144
440.98,1565931283,0.00,nan,nan,0.00,0.00,0.00,0.00,0,-101.00,-10.00,0.00,0.00,41.00,0.00,0,453
441.98,1565931284,0.00,nan,nan,0.00,0.00,0.00,0.00,0,-101.00,-10.00,0.00,0.00,41.00,0.00,0,453
453.98,1565931296,0.00,nan,nan,0.00,0.00,0.00,0.00,0,-94.00,-14.00,0.00,0.00,51.00,0.00,0,49
454.98,1565931297,0.00,nan,nan,0.00,0.00,0.00,0.00,0,-94.00,-14.00,0.00,0.00,51.00,0.00,0,49
461.98,1565931304,0.00,nan,nan,0.00,0.00,0.00,0.00,0,-90.00,-8.00,0.00,0.00,50.00,0.00,0,233
462.98,1565931305,0.00,nan,nan,0.00,0.00,0.00,0.00,0,-90.00,-8.00,0.00,0.00,50.00,0.00,0,233
466.98,1565931309,0.00,nan,nan,0.00,0.00,0.00,0.00,0,-91.00,-14.00,0.00,0.00,51.00,0.00,0,307
467.98,1565931310,0.00,nan,nan,0.00,0.00,0.00,0.00,0,-91.00,-14.00,0.00,0.00,51.00,0.00,0,307
468.98,1565931311,0.00,nan,nan,0.00,0.00,0.00,0.00,0,-91.00,-13.00,0.00,0.00,50.00,0.00,0,307
469.98,1565931312,0.00,nan,nan,0.00,0.00,0.00,0.00,0,-91.00,-13.00,0.00,0.00,50.00,0.00,0,307
474.98,1565931317,0.00,nan,nan,0.00,0.00,0.00,0.00,0,-90.00,-5.00,0.00,0.00,48.00,0.00,0,233
475.98,1565931318,0.00,nan,nan,0.00,0.00,0.00,0.00,0,-90.00,-5.00,0.00,0.00,48.00,0.00,0,233
491.98,1565931334,0.00,nan,nan,0.00,0.00,0.00,0.00,0,-71.00,-12.00,0.00,0.00,63.00,0.00,0,307
492.98,1565931335,0.00,nan,nan,0.00,0.00,0.00,0.00,0,-71.00,-12.00,0.00,0.00,63.00,0.00,0,307
493.98,1565931336,0.00,nan,nan,0.00,0.00,0.00,0.00,0,-87.00,-11.00,0.00,0.00,56.00,0.00,0,48
493.98,1565931336,0.00,nan,nan,0.00,0.00,0.00,0.00,0,-78.00,-10.00,0.00,0.00,62.00,0.00,0,307
494.98,1565931337,0.00,nan,nan,0.00,0.00,0.00,0.00,0,-87.00,-11.00,0.00,0.00,56.00,0.00,0,48
494.98,1565931337,0.00,nan,nan,0.00,0.00,0.00,0.00,0,-78.00,-10.00,0.00,0.00,62.00,0.00,0,307
495.98,1565931338,0.00,nan,nan,0.00,0.00,0.00,0.00,0,-86.00,-10.00,0.00,0.00,55.00,0.00,0,48
495.98,1565931338,0.00,nan,nan,0.00,0.00,0.00,0.00,0,-68.00,-8.00,0.00,0.00,63.00,0.00,0,307
496.98,1565931339,0.00,nan,nan,0.00,0.00,0.00,0.00,0,-86.00,-10.00,0.00,0.00,55.00,0.00,0,48
496.98,1565931339,0.00,nan,nan,0.00,0.00,0.00,0.00,0,-68.00,-8.00,0.00,0.00,63.00,0.00,0,307
499.98,1565931342,0.00,nan,nan,0.00,0.00,0.00,0.00,0,-81.00,-10.00,0.00,0.00,58.00,0.00,0,308
500.98,1565931343,0.00,nan,nan,0.00,0.00,0.00,0.00,0,-81.00,-10.00,0.00,0.00,58.00,0.00,0,308
510.98,1565931353,0.00,nan,nan,0.00,0.00,0.00,0.00,0,-91.00,-4.00,0.00,0.00,45.00,0.00,0,357
511.98,1565931354,0.00,nan,nan,0.00,0.00,0.00,0.00,0,-91.00,-4.00,0.00,0.00,45.00,0.00,0,357
514.98,1565931357,0.00,nan,nan,0.00,0.00,0.00,0.00,0,-97.00,-8.00,0.00,0.00,42.00,0.00,0,357
515.98,1565931358,0.00,nan,nan,0.00,0.00,0.00,0.00,0,-97.00,-8.00,0.00,0.00,42.00,0.00,0,357
516.97,1565931359,0.00,nan,nan,0.00,0.00,0.00,0.00,0,-97.00,-8.00,0.00,0.00,43.00,0.00,0,357
517.98,1565931360,0.00,nan,nan,0.00,0.00,0.00,0.00,0,-97.00,-8.00,0.00,0.00,43.00,0.00,0,357
526.99,1565931369,0.00,nan,nan,0.00,0.00,0.00,0.00,0,-97.00,-9.00,0.00,0.00,43.00,0.00,0,453
527.98,1565931370,0.00,nan,nan,0.00,0.00,0.00,0.00,0,-97.00,-9.00,0.00,0.00,43.00,0.00,0,453
528.98,1565931371,0.00,nan,nan,0.00,0.00,0.00,0.00,0,-97.00,-9.00,0.00,0.00,43.00,0.00,0,453
529.98,1565931372,0.00,nan,nan,0.00,0.00,0.00,0.00,0,-98.00,-9.00,0.00,0.00,42.00,0.00,0,453
530.98,1565931373,0.00,nan,nan,0.00,0.00,0.00,0.00,0,-98.00,-9.00,0.00,0.00,42.00,0.00,0,453
531.98,1565931374,0.00,nan,nan,0.00,0.00,0.00,0.00,0,-94.00,-8.00,0.00,0.00,46.00,0.00,0,453
532.98,1565931375,0.00,nan,nan,0.00,0.00,0.00,0.00,0,-94.00,-8.00,0.00,0.00,46.00,0.00,0,453
585.98,1565931428,0.00,nan,nan,0.00,0.00,0.00,0.00,0,-100.00,-11.00,0.00,0.00,43.00,0.00,0,357
586.98,1565931429,0.00,nan,nan,0.00,0.00,0.00,0.00,0,-100.00,-11.00,0.00,0.00,43.00,0.00,0,357
587.98,1565931430,0.00,nan,nan,0.00,0.00,0.00,0.00,0,-97.00,-10.00,0.00,0.00,45.00,0.00,0,357
588.98,1565931431,0.00,nan,nan,0.00,0.00,0.00,0.00,0,-97.00,-10.00,0.00,0.00,45.00,0.00,0,357
594.98,1565931437,0.00,nan,nan,0.00,0.00,0.00,0.00,0,-101.00,-8.00,0.00,0.00,39.00,0.00,0,357
594.98,1565931437,0.00,nan,nan,0.00,0.00,0.00,0.00,0,-92.00,-9.00,0.00,0.00,46.00,0.00,0,409
595.98,1565931438,0.00,nan,nan,0.00,0.00,0.00,0.00,0,-101.00,-8.00,0.00,0.00,39.00,0.00,0,357
595.98,1565931438,0.00,nan,nan,0.00,0.00,0.00,0.00,0,-92.00,-9.00,0.00,0.00,46.00,0.00,0,409
600.98,1565931443,0.00,nan,nan,0.00,0.00,0.00,0.00,0,-105.00,-11.00,0.00,0.00,37.00,0.00,0,398
600.98,1565931443,0.00,nan,nan,0.00,0.00,0.00,0.00,0,-105.00,-9.00,0.00,0.00,36.00,0.00,0,48
600.98,1565931443,0.00,nan,nan,0.00,0.00,0.00,0.00,0,-103.00,-12.00,0.00,0.00,37.00,0.00,0,246
601.98,1565931444,0.00,nan,nan,0.00,0.00,0.00,0.00,0,-105.00,-11.00,0.00,0.00,37.00,0.00,0,398
601.98,1565931444,0.00,nan,nan,0.00,0.00,0.00,0.00,0,-105.00,-9.00,0.00,0.00,36.00,0.00,0,48
601.98,1565931444,0.00,nan,nan,0.00,0.00,0.00,0.00,0,-103.00,-12.00,0.00,0.00,37.00,0.00,0,246
602.98,1565931445,0.00,nan,nan,0.00,0.00,0.00,0.00,0,-104.00,-10.00,0.00,0.00,37.00,0.00,0,398
603.98,1565931446,0.00,nan,nan,0.00,0.00,0.00,0.00,0,-104.00,-10.00,0.00,0.00,37.00,0.00,0,398
604.98,1565931447,0.00,nan,nan,0.00,0.00,0.00,0.00,0,-107.00,-10.00,0.00,0.00,34.00,0.00,0,48
604.98,1565931447,0.00,nan,nan,0.00,0.00,0.00,0.00,0,-108.00,-12.00,0.00,0.00,35.00,0.00,0,167
604.98,1565931447,0.00,nan,nan,0.00,0.00,0.00,0.00,0,-110.00,-13.00,0.00,0.00,35.00,0.00,0,398
604.98,1565931447,0.00,nan,nan,0.00,0.00,0.00,0.00,0,-106.00,-10.00,0.00,0.00,33.00,0.00,0,246
604.99,1565931447,0.00,nan,nan,0.00,0.00,0.00,0.00,0,-106.00,-11.00,0.00,0.00,32.00,0.00,0,243
605.98,1565931448,0.00,nan,nan,0.00,0.00,0.00,0.00,0,-107.00,-10.00,0.00,0.00,34.00,0.00,0,48
605.98,1565931448,0.00,nan,nan,0.00,0.00,0.00,0.00,0,-108.00,-12.00,0.00,0.00,35.00,0.00,0,167
605.98,1565931448,0.00,nan,nan,0.00,0.00,0.00,0.00,0,-110.00,-13.00,0.00,0.00,35.00,0.00,0,398
605.98,1565931448,0.00,nan,nan,0.00,0.00,0.00,0.00,0,-106.00,-10.00,0.00,0.00,33.00,0.00,0,246
605.99,1565931448,0.00,nan,nan,0.00,0.00,0.00,0.00,0,-106.00,-11.00,0.00,0.00,32.00,0.00,0,243
606.98,1565931449,0.00,nan,nan,0.00,0.00,0.00,0.00,0,-105.00,-9.00,0.00,0.00,35.00,0.00,0,167
606.98,1565931449,0.00,nan,nan,0.00,0.00,0.00,0.00,0,-111.00,-12.00,0.00,0.00,33.00,0.00,0,48
606.98,1565931449,0.00,nan,nan,0.00,0.00,0.00,0.00,0,-102.00,-8.00,0.00,0.00,34.00,0.00,0,243
606.98,1565931449,0.00,nan,nan,0.00,0.00,0.00,0.00,0,-108.00,-13.00,0.00,0.00,33.00,0.00,0,246
607.98,1565931450,0.00,nan,nan,0.00,0.00,0.00,0.00,0,-105.00,-9.00,0.00,0.00,35.00,0.00,0,167
607.98,1565931450,0.00,nan,nan,0.00,0.00,0.00,0.00,0,-111.00,-12.00,0.00,0.00,33.00,0.00,0,48
607.98,1565931450,0.00,nan,nan,0.00,0.00,0.00,0.00,0,-102.00,-8.00,0.00,0.00,34.00,0.00,0,243
607.98,1565931450,0.00,nan,nan,0.00,0.00,0.00,0.00,0,-108.00,-13.00,0.00,0.00,33.00,0.00,0,246
608.98,1565931451,0.00,nan,nan,0.00,0.00,0.00,0.00,0,-106.00,-10.00,0.00,0.00,36.00,0.00,0,398
608.98,1565931451,0.00,nan,nan,0.00,0.00,0.00,0.00,0,-108.00,-10.00,0.00,0.00,34.00,0.00,0,48
608.98,1565931451,0.00,nan,nan,0.00,0.00,0.00,0.00,0,-109.00,-13.00,0.00,0.00,35.00,0.00,0,167
608.98,1565931451,0.00,nan,nan,0.00,0.00,0.00,0.00,0,-103.00,-9.00,0.00,0.00,34.00,0.00,0,246
608.98,1565931451,0.00,nan,nan,0.00,0.00,0.00,0.00,0,-108.00,-13.00,0.00,0.00,32.00,0.00,0,243
609.98,1565931452,0.00,nan,nan,0.00,0.00,0.00,0.00,0,-106.00,-10.00,0.00,0.00,36.00,0.00,0,398
609.98,1565931452,0.00,nan,nan,0.00,0.00,0.00,0.00,0,-108.00,-10.00,0.00,0.00,34.00,0.00,0,48
609.98,1565931452,0.00,nan,nan,0.00,0.00,0.00,0.00,0,-109.00,-13.00,0.00,0.00,35.00,0.00,0,167
609.98,1565931452,0.00,nan,nan,0.00,0.00,0.00,0.00,0,-103.00,-9.00,0.00,0.00,34.00,0.00,0,246
609.99,1565931452,0.00,nan,nan,0.00,0.00,0.00,0.00,0,-108.00,-13.00,0.00,0.00,32.00,0.00,0,243
610.99,1565931453,0.00,nan,nan,0.00,0.00,0.00,0.00,0,-106.00,-10.00,0.00,0.00,35.00,0.00,0,167
610.99,1565931453,0.00,nan,nan,0.00,0.00,0.00,0.00,0,-108.00,-10.00,0.00,0.00,33.00,0.00,0,48
610.99,1565931453,0.00,nan,nan,0.00,0.00,0.00,0.00,0,-109.00,-11.00,0.00,0.00,34.00,0.00,0,398
610.99,1565931453,0.00,nan,nan,0.00,0.00,0.00,0.00,0,-103.00,-9.00,0.00,0.00,34.00,0.00,0,246
610.99,1565931453,0.00,nan,nan,0.00,0.00,0.00,0.00,0,-104.00,-10.00,0.00,0.00,34.00,0.00,0,243
611.98,1565931454,0.00,nan,nan,0.00,0.00,0.00,0.00,0,-106.00,-10.00,0.00,0.00,35.00,0.00,0,167
611.98,1565931454,0.00,nan,nan,0.00,0.00,0.00,0.00,0,-108.00,-10.00,0.00,0.00,33.00,0.00,0,48
611.98,1565931454,0.00,nan,nan,0.00,0.00,0.00,0.00,0,-109.00,-11.00,0.00,0.00,34.00,0.00,0,398
611.98,1565931454,0.00,nan,nan,0.00,0.00,0.00,0.00,0,-103.00,-9.00,0.00,0.00,34.00,0.00,0,246
611.98,1565931454,0.00,nan,nan,0.00,0.00,0.00,0.00,0,-104.00,-10.00,0.00,0.00,34.00,0.00,0,243
612.98,1565931455,0.00,nan,nan,0.00,0.00,0.00,0.00,0,-106.00,-10.00,0.00,0.00,35.00,0.00,0,167
612.98,1565931455,0.00,nan,nan,0.00,0.00,0.00,0.00,0,-108.00,-10.00,0.00,0.00,33.00,0.00,0,48
612.98,1565931455,0.00,nan,nan,0.00,0.00,0.00,0.00,0,-109.00,-11.00,0.00,0.00,34.00,0.00,0,398
612.98,1565931455,0.00,nan,nan,0.00,0.00,0.00,0.00,0,-103.00,-9.00,0.00,0.00,34.00,0.00,0,246
612.98,1565931455,0.00,nan,nan,0.00,0.00,0.00,0.00,0,-104.00,-10.00,0.00,0.00,34.00,0.00,0,243
613.98,1565931456,0.00,nan,nan,0.00,0.00,0.00,0.00,0,-103.00,-9.00,0.00,0.00,37.00,0.00,0,167
613.98,1565931456,0.00,nan,nan,0.00,0.00,0.00,0.00,0,-106.00,-9.00,0.00,0.00,35.00,0.00,0,398
613.98,1565931456,0.00,nan,nan,0.00,0.00,0.00,0.00,0,-109.00,-11.00,0.00,0.00,33.00,0.00,0,48
614.98,1565931457,0.00,nan,nan,0.00,0.00,0.00,0.00,0,-103.00,-9.00,0.00,0.00,37.00,0.00,0,167
614.98,1565931457,0.00,nan,nan,0.00,0.00,0.00,0.00,0,-106.00,-9.00,0.00,0.00,35.00,0.00,0,398
614.98,1565931457,0.00,nan,nan,0.00,0.00,0.00,0.00,0,-109.00,-11.00,0.00,0.00,33.00,0.00,0,48
615.98,1565931458,0.00,nan,nan,0.00,0.00,0.00,0.00,0,-104.00,-9.00,0.00,0.00,36.00,0.00,0,357
615.98,1565931458,0.00,nan,nan,0.00,0.00,0.00,0.00,0,-106.00,-10.00,0.00,0.00,35.00,0.00,0,398
615.98,1565931458,0.00,nan,nan,0.00,0.00,0.00,0.00,0,-108.00,-10.00,0.00,0.00,34.00,0.00,0,48
616.98,1565931459,0.00,nan,nan,0.00,0.00,0.00,0.00,0,-104.00,-9.00,0.00,0.00,36.00,0.00,0,357
616.98,1565931459,0.00,nan,nan,0.00,0.00,0.00,0.00,0,-106.00,-10.00,0.00,0.00,35.00,0.00,0,398
616.98,1565931459,0.00,nan,nan,0.00,0.00,0.00,0.00,0,-108.00,-10.00,0.00,0.00,34.00,0.00,0,48
617.98,1565931460,0.00,nan,nan,0.00,0.00,0.00,0.00,0,-104.00,-8.00,0.00,0.00,35.00,0.00,0,167
617.98,1565931460,0.00,nan,nan,0.00,0.00,0.00,0.00,0,-108.00,-10.00,0.00,0.00,33.00,0.00,0,48
618.98,1565931461,0.00,nan,nan,0.00,0.00,0.00,0.00,0,-104.00,-8.00,0.00,0.00,35.00,0.00,0,167
618.98,1565931461,0.00,nan,nan,0.00,0.00,0.00,0.00,0,-108.00,-10.00,0.00,0.00,33.00,0.00,0,48
619.98,1565931462,0.00,nan,nan,0.00,0.00,0.00,0.00,0,-104.00,-8.00,0.00,0.00,35.00,0.00,0,167
619.98,1565931462,0.00,nan,nan,0.00,0.00,0.00,0.00,0,-110.00,-11.00,0.00,0.00,33.00,0.00,0,48
619.98,1565931462,0.00,nan,nan,0.00,0.00,0.00,0.00,0,-114.00,-15.00,0.00,0.00,32.00,0.00,0,93
620.98,1565931463,0.00,nan,nan,0.00,0.00,0.00,0.00,0,-104.00,-8.00,0.00,0.00,35.00,0.00,0,167
620.98,1565931463,0.00,nan,nan,0.00,0.00,0.00,0.00,0,-110.00,-11.00,0.00,0.00,33.00,0.00,0,48
620.98,1565931463,0.00,nan,nan,0.00,0.00,0.00,0.00,0,-114.00,-15.00,0.00,0.00,32.00,0.00,0,93
625.98,1565931468,0.00,nan,nan,0.00,0.00,0.00,0.00,0,-99.00,-10.00,0.00,0.00,42.00,0.00,0,357
626.98,1565931469,0.00,nan,nan,0.00,0.00,0.00,0.00,0,-99.00,-10.00,0.00,0.00,42.00,0.00,0,357
627.98,1565931470,0.00,nan,nan,0.00,0.00,0.00,0.00,0,-100.00,-9.00,0.00,0.00,41.00,0.00,0,357
627.98,1565931470,0.00,nan,nan,0.00,0.00,0.00,0.00,0,-105.00,-15.00,0.00,0.00,41.00,0.00,0,166
627.98,1565931470,0.00,nan,nan,0.00,0.00,0.00,0.00,0,-107.00,-13.00,0.00,0.00,37.00,0.00,0,93
628.98,1565931471,0.00,nan,nan,0.00,0.00,0.00,0.00,0,-100.00,-9.00,0.00,0.00,41.00,0.00,0,357
628.98,1565931471,0.00,nan,nan,0.00,0.00,0.00,0.00,0,-105.00,-15.00,0.00,0.00,41.00,0.00,0,166
628.98,1565931471,0.00,nan,nan,0.00,0.00,0.00,0.00,0,-107.00,-13.00,0.00,0.00,37.00,0.00,0,93
629.98,1565931472,0.00,nan,nan,0.00,0.00,0.00,0.00,0,-100.00,-10.00,0.00,0.00,42.00,0.00,0,357
629.98,1565931472,0.00,nan,nan,0.00,0.00,0.00,0.00,0,-104.00,-14.00,0.00,0.00,42.00,0.00,0,166
630.98,1565931473,0.00,nan,nan,0.00,0.00,0.00,0.00,0,-100.00,-10.00,0.00,0.00,42.00,0.00,0,357
630.98,1565931473,0.00,nan,nan,0.00,0.00,0.00,0.00,0,-104.00,-14.00,0.00,0.00,42.00,0.00,0,166
631.99,1565931474,0.00,nan,nan,0.00,0.00,0.00,0.00,0,-101.00,-12.00,0.00,0.00,43.00,0.00,0,166
631.99,1565931474,0.00,nan,nan,0.00,0.00,0.00,0.00,0,-101.00,-11.00,0.00,0.00,42.00,0.00,0,357
631.99,1565931474,0.00,nan,nan,0.00,0.00,0.00,0.00,0,-103.00,-9.00,0.00,0.00,37.00,0.00,0,95
632.98,1565931475,0.00,nan,nan,0.00,0.00,0.00,0.00,0,-101.00,-12.00,0.00,0.00,43.00,0.00,0,166
632.98,1565931475,0.00,nan,nan,0.00,0.00,0.00,0.00,0,-101.00,-11.00,0.00,0.00,42.00,0.00,0,357
632.98,1565931475,0.00,nan,nan,0.00,0.00,0.00,0.00,0,-103.00,-9.00,0.00,0.00,37.00,0.00,0,95
633.98,1565931476,0.00,nan,nan,0.00,0.00,0.00,0.00,0,-101.00,-12.00,0.00,0.00,43.00,0.00,0,166
633.98,1565931476,0.00,nan,nan,0.00,0.00,0.00,0.00,0,-101.00,-11.00,0.00,0.00,42.00,0.00,0,357
633.98,1565931476,0.00,nan,nan,0.00,0.00,0.00,0.00,0,-103.00,-9.00,0.00,0.00,37.00,0.00,0,95
634.98,1565931477,0.00,nan,nan,0.00,0.00,0.00,0.00,0,-101.00,-9.00,0.00,0.00,39.00,0.00,0,95
634.98,1565931477,0.00,nan,nan,0.00,0.00,0.00,0.00,0,-100.00,-11.00,0.00,0.00,42.00,0.00,0,166
635.98,1565931478,0.00,nan,nan,0.00,0.00,0.00,0.00,0,-101.00,-9.00,0.00,0.00,39.00,0.00,0,95
635.98,1565931478,0.00,nan,nan,0.00,0.00,0.00,0.00,0,-100.00,-11.00,0.00,0.00,42.00,0.00,0,166
636.98,1565931479,0.00,nan,nan,0.00,0.00,0.00,0.00,0,-99.00,-8.00,0.00,0.00,40.00,0.00,0,95
636.98,1565931479,0.00,nan,nan,0.00,0.00,0.00,0.00,0,-100.00,-11.00,0.00,0.00,43.00,0.00,0,166
636.98,1565931479,0.00,nan,nan,0.00,0.00,0.00,0.00,0,-101.00,-14.00,0.00,0.00,44.00,0.00,0,359
637.98,1565931480,0.00,nan,nan,0.00,0.00,0.00,0.00,0,-99.00,-8.00,0.00,0.00,40.00,0.00,0,95
637.98,1565931480,0.00,nan,nan,0.00,0.00,0.00,0.00,0,-100.00,-11.00,0.00,0.00,43.00,0.00,0,166
637.98,1565931480,0.00,nan,nan,0.00,0.00,0.00,0.00,0,-101.00,-14.00,0.00,0.00,44.00,0.00,0,359
640.98,1565931483,0.00,nan,nan,0.00,0.00,0.00,0.00,0,-94.00,-9.00,0.00,0.00,48.00,0.00,0,166
641.98,1565931484,0.00,nan,nan,0.00,0.00,0.00,0.00,0,-94.00,-9.00,0.00,0.00,48.00,0.00,0,166
642.98,1565931485,0.00,nan,nan,0.00,0.00,0.00,0.00,0,-93.00,-9.00,0.00,0.00,48.00,0.00,0,166
643.98,1565931486,0.00,nan,nan,0.00,0.00,0.00,0.00,0,-93.00,-9.00,0.00,0.00,48.00,0.00,0,166
646.98,1565931489,0.00,nan,nan,0.00,0.00,0.00,0.00,0,-98.00,-8.00,0.00,0.00,41.00,0.00,0,359
647.98,1565931490,0.00,nan,nan,0.00,0.00,0.00,0.00,0,-98.00,-8.00,0.00,0.00,41.00,0.00,0,359
661.98,1565931504,0.00,nan,nan,0.00,0.00,0.00,0.00,0,-98.00,-9.00,0.00,0.00,43.00,0.00,0,167
661.98,1565931504,0.00,nan,nan,0.00,0.00,0.00,0.00,0,-100.00,-7.00,0.00,0.00,39.00,0.00,0,95
661.98,1565931504,0.00,nan,nan,0.00,0.00,0.00,0.00,0,-95.00,-8.00,0.00,0.00,41.00,0.00,0,243
662.98,1565931505,0.00,nan,nan,0.00,0.00,0.00,0.00,0,-98.00,-9.00,0.00,0.00,43.00,0.00,0,167
662.98,1565931505,0.00,nan,nan,0.00,0.00,0.00,0.00,0,-100.00,-7.00,0.00,0.00,39.00,0.00,0,95
662.98,1565931505,0.00,nan,nan,0.00,0.00,0.00,0.00,0,-95.00,-8.00,0.00,0.00,41.00,0.00,0,243
665.98,1565931508,0.00,nan,nan,0.00,0.00,0.00,0.00,0,-92.00,-7.00,0.00,0.00,47.00,0.00,0,95
665.98,1565931508,0.00,nan,nan,0.00,0.00,0.00,0.00,0,-93.00,-11.00,0.00,0.00,49.00,0.00,0,167
665.98,1565931508,0.00,nan,nan,0.00,0.00,0.00,0.00,0,-102.00,-19.00,0.00,0.00,49.00,0.00,0,166
666.98,1565931509,0.00,nan,nan,0.00,0.00,0.00,0.00,0,-92.00,-7.00,0.00,0.00,47.00,0.00,0,95
666.98,1565931509,0.00,nan,nan,0.00,0.00,0.00,0.00,0,-93.00,-11.00,0.00,0.00,49.00,0.00,0,167
666.98,1565931509,0.00,nan,nan,0.00,0.00,0.00,0.00,0,-102.00,-19.00,0.00,0.00,49.00,0.00,0,166
667.98,1565931510,0.00,nan,nan,0.00,0.00,0.00,0.00,0,-94.00,-10.00,0.00,0.00,47.00,0.00,0,167
668.98,1565931511,0.00,nan,nan,0.00,0.00,0.00,0.00,0,-94.00,-10.00,0.00,0.00,47.00,0.00,0,167
669.98,1565931512,0.00,nan,nan,0.00,0.00,0.00,0.00,0,-95.00,-9.00,0.00,0.00,46.00,0.00,0,167
669.98,1565931512,0.00,nan,nan,0.00,0.00,0.00,0.00,0,-99.00,-14.00,0.00,0.00,46.00,0.00,0,166
669.98,1565931512,0.00,nan,nan,0.00,0.00,0.00,0.00,0,-100.00,-13.00,0.00,0.00,44.00,0.00,0,359
670.97,1565931513,0.00,nan,nan,0.00,0.00,0.00,0.00,0,-95.00,-9.00,0.00,0.00,46.00,0.00,0,167
670.97,1565931513,0.00,nan,nan,0.00,0.00,0.00,0.00,0,-99.00,-14.00,0.00,0.00,46.00,0.00,0,166
670.98,1565931513,0.00,nan,nan,0.00,0.00,0.00,0.00,0,-100.00,-13.00,0.00,0.00,44.00,0.00,0,359
671.98,1565931514,0.00,nan,nan,0.00,0.00,0.00,0.00,0,-98.00,-11.00,0.00,0.00,45.00,0.00,0,166
671.98,1565931514,0.00,nan,nan,0.00,0.00,0.00,0.00,0,-99.00,-11.00,0.00,0.00,44.00,0.00,0,167
671.98,1565931514,0.00,nan,nan,0.00,0.00,0.00,0.00,0,-104.00,-15.00,0.00,0.00,43.00,0.00,0,359
672.98,1565931515,0.00,nan,nan,0.00,0.00,0.00,0.00,0,-98.00,-11.00,0.00,0.00,45.00,0.00,0,166
672.98,1565931515,0.00,nan,nan,0.00,0.00,0.00,0.00,0,-99.00,-11.00,0.00,0.00,44.00,0.00,0,167
672.98,1565931515,0.00,nan,nan,0.00,0.00,0.00,0.00,0,-104.00,-15.00,0.00,0.00,43.00,0.00,0,359
676.98,1565931519,0.00,nan,nan,0.00,0.00,0.00,0.00,0,-100.00,-7.00,0.00,0.00,38.00,0.00,0,95
677.98,1565931520,0.00,nan,nan,0.00,0.00,0.00,0.00,0,-100.00,-7.00,0.00,0.00,38.00,0.00,0,95
678.98,1565931521,0.00,nan,nan,0.00,0.00,0.00,0.00,0,-93.00,-7.00,0.00,0.00,46.00,0.00,0,166
679.98,1565931522,0.00,nan,nan,0.00,0.00,0.00,0.00,0,-93.00,-7.00,0.00,0.00,46.00,0.00,0,166
680.98,1565931523,0.00,nan,nan,0.00,0.00,0.00,0.00,0,-92.00,-8.00,0.00,0.00,48.00,0.00,0,166
681.98,1565931524,0.00,nan,nan,0.00,0.00,0.00,0.00,0,-92.00,-8.00,0.00,0.00,48.00,0.00,0,166
682.98,1565931525,0.00,nan,nan,0.00,0.00,0.00,0.00,0,-93.00,-8.00,0.00,0.00,47.00,0.00,0,166
