0.01,1565153075,0.00,51.44993460,7.48832463,249.24,10.17,0.00,166.14,nan,nan,nan,nan,nan,nan,nan,nan,nan
1.05,1565153076,10.63,51.44984172,7.48835073,249.25,10.66,0.47,167.63,nan,nan,nan,nan,nan,nan,nan,nan,nan
2.05,1565153077,21.28,51.44974201,7.48838108,249.42,11.67,1.00,168.55,nan,nan,nan,nan,nan,nan,nan,nan,nan
3.06,1565153078,33.08,51.44963134,7.48841211,249.51,12.29,0.62,170.85,nan,nan,nan,nan,nan,nan,nan,nan,nan
4.05,1565153079,45.24,51.44951688,7.48843259,249.85,12.48,0.19,173.32,nan,nan,nan,nan,nan,nan,nan,nan,nan
5.05,1565153080,57.72,51.44940406,7.48844153,250.11,12.96,0.49,175.48,nan,nan,nan,nan,nan,nan,nan,nan,nan
6.05,1565153081,70.63,51.44928903,7.48844454,250.30,13.22,0.26,177.34,nan,nan,nan,nan,nan,nan,nan,nan,nan
7.05,1565153082,83.91,51.44917094,7.48844067,250.39,13.29,0.07,179.77,nan,nan,nan,nan,nan,nan,nan,nan,nan
8.05,1565153083,97.19,51.44904708,7.48842825,250.45,13.86,0.58,182.07,nan,nan,nan,nan,nan,nan,nan,nan,nan
9.05,1565153084,111.06,51.44892561,7.48840725,250.43,13.54,-0.32,184.73,nan,nan,nan,nan,nan,nan,nan,nan,nan
10.05,1565153085,124.60,51.44879832,7.48837221,250.79,13.50,-0.04,187.05,nan,nan,nan,nan,nan,nan,nan,nan,nan
11.05,1565153086,138.10,51.44869080,7.48833712,251.08,12.61,-0.89,189.52,nan,nan,nan,nan,nan,nan,nan,nan,nan
12.05,1565153087,150.71,51.44858296,7.48829509,251.19,13.45,0.84,191.53,nan,nan,nan,nan,nan,nan,nan,nan,nan
13.05,1565153088,164.15,51.44845309,7.48824854,251.35,13.71,0.26,192.25,nan,nan,nan,nan,nan,nan,nan,nan,nan
14.04,1565153089,177.79,51.44832221,7.48819532,251.05,13.93,0.22,192.98,nan,nan,nan,nan,nan,nan,nan,nan,nan
15.05,1565153090,191.74,51.44819137,7.48813877,251.01,14.50,0.57,193.34,nan,nan,nan,nan,nan,nan,nan,nan,nan
16.05,1565153091,206.28,51.44806476,7.48808282,251.12,14.42,-0.09,193.89,nan,nan,nan,nan,nan,nan,nan,nan,nan
17.05,1565153092,220.71,51.44793678,7.48802872,251.41,13.95,-0.47,192.89,nan,nan,nan,nan,nan,nan,nan,nan,nan
18.05,1565153093,234.66,51.44781703,7.48797630,251.81,13.39,-0.56,192.20,nan,nan,nan,nan,nan,nan,nan,nan,nan
19.05,1565153094,247.99,51.44769842,7.48793332,252.92,13.25,-0.14,190.93,nan,nan,nan,nan,nan,nan,nan,nan,nan
20.05,1565153095,261.29,51.44757546,7.48789647,253.12,13.39,0.14,189.60,nan,nan,nan,nan,nan,nan,nan,nan,nan
21.05,1565153096,274.63,51.44744648,7.48787296,253.38,14.31,0.93,186.48,nan,nan,nan,nan,nan,nan,nan,nan,nan
22.05,1565153097,288.99,51.44730725,7.48786404,253.27,13.99,-0.32,183.27,nan,nan,nan,nan,nan,nan,nan,nan,nan
23.05,1565153098,302.99,51.44717793,7.48787272,253.74,13.88,-0.11,180.12,nan,nan,nan,nan,nan,nan,nan,nan,nan
24.05,1565153099,316.80,51.44705268,7.48790160,253.75,14.06,0.18,176.66,nan,nan,nan,nan,nan,nan,nan,nan,nan
25.05,1565153100,330.93,51.44691903,7.48793933,254.29,14.11,0.04,173.41,nan,nan,nan,nan,nan,nan,nan,nan,nan
26.05,1565153101,345.05,51.44678401,7.48799351,254.96,14.66,0.56,170.33,nan,nan,nan,nan,nan,nan,nan,nan,nan
27.05,1565153102,359.70,51.44665400,7.48805601,255.93,14.57,-0.09,166.70,nan,nan,nan,nan,nan,nan,nan,nan,nan
28.05,1565153103,374.27,51.44652163,7.48813319,257.13,14.77,0.20,163.08,nan,nan,nan,nan,nan,nan,nan,nan,nan
29.05,1565153104,389.04,51.44639148,7.48822425,258.36,14.83,0.06,160.81,nan,nan,nan,nan,nan,nan,nan,nan,nan
30.05,1565153105,403.87,51.44626540,7.48832006,259.63,14.81,-0.02,157.82,nan,nan,nan,nan,nan,nan,nan,nan,nan
31.05,1565153106,418.68,51.44615623,7.48842825,260.77,15.14,0.33,153.84,nan,nan,nan,nan,nan,nan,nan,nan,nan
32.05,1565153107,433.84,51.44604809,7.48859119,261.72,15.57,0.43,139.96,nan,nan,nan,nan,nan,nan,nan,nan,nan
33.05,1565153108,449.40,51.44593453,7.48875772,262.64,15.73,0.16,139.11,nan,nan,nan,nan,nan,nan,nan,nan,nan
34.05,1565153109,465.13,51.44582499,7.48892955,263.61,15.70,-0.03,138.16,nan,nan,nan,nan,nan,nan,nan,nan,nan
33.94,1565153109,463.36,51.44572565,7.48909737,264.61,15.78,0.00,136.38,1,-101.00,-6.00,12.00,2.00,34.00,7.00,12918809,222
34.93,1565153110,479.08,51.44563147,7.48926836,265.49,16.12,0.34,134.51,1,-101.00,-6.00,12.00,2.00,34.00,7.00,12918809,222
35.94,1565153111,495.27,51.44553561,7.48945584,266.25,15.94,-0.17,132.59,1,-99.00,-6.00,14.00,9.00,34.00,6.00,12918809,222
36.94,1565153112,511.20,51.44544244,7.48964494,266.96,16.21,0.26,130.96,1,-99.00,-6.00,14.00,9.00,34.00,6.00,12918809,222
37.94,1565153113,527.40,51.44535739,7.48982213,267.82,15.78,-0.42,130.34,1,-99.00,-6.00,14.00,13.00,32.00,6.00,12918809,222
38.94,1565153114,543.19,51.44527554,7.48999842,268.66,14.93,-0.85,129.91,1,-99.00,-6.00,14.00,13.00,32.00,6.00,12918809,222
39.94,1565153115,558.13,51.44519736,7.49017368,269.25,13.87,-1.06,129.16,1,-100.00,-7.00,12.00,13.00,32.00,6.00,12918809,222
40.94,1565153116,571.99,51.44512086,7.49033706,270.01,13.43,-0.43,128.41,1,-100.00,-7.00,12.00,13.00,32.00,6.00,12918809,222
41.94,1565153117,585.41,51.44505198,7.49049324,270.55,13.25,-0.19,127.70,1,-100.00,-11.00,13.00,8.00,37.00,6.00,12918809,222
42.94,1565153118,598.65,51.44498517,7.49065176,271.00,13.01,-0.24,127.13,1,-100.00,-11.00,13.00,8.00,37.00,6.00,12918809,222
43.94,1565153119,611.65,51.44493100,7.49078757,271.43,12.61,-0.40,127.88,1,-99.00,-7.00,8.00,15.00,33.00,6.00,12918809,222
44.94,1565153120,624.27,51.44487463,7.49092629,271.66,12.02,-0.59,127.12,1,-99.00,-7.00,8.00,15.00,33.00,6.00,12918809,222
45.94,1565153121,636.38,51.44481983,7.49105798,272.18,11.06,-0.96,127.02,1,-103.00,-8.00,10.00,5.00,30.00,6.00,12918809,222
46.94,1565153122,647.36,51.44476509,7.49118034,272.74,10.01,-1.05,127.81,1,-103.00,-8.00,10.00,5.00,30.00,6.00,12918809,222
47.94,1565153123,657.37,51.44471599,7.49129454,273.17,8.40,-1.61,127.82,1,-103.00,-8.00,10.00,5.00,30.00,6.00,12918809,222
48.94,1565153124,665.77,51.44467925,7.49138252,273.36,6.91,-1.49,127.05,1,-104.00,-7.00,9.00,11.00,29.00,6.00,12918809,222
49.94,1565153125,672.68,51.44464622,7.49146231,273.48,5.72,-1.20,126.76,1,-104.00,-7.00,9.00,11.00,29.00,6.00,12918809,222
50.94,1565153126,678.40,51.44462018,7.49152726,273.69,4.21,-1.51,127.60,1,-106.00,-8.00,8.00,9.00,27.00,6.00,12918809,222
51.93,1565153127,682.59,51.44460389,7.49156177,273.74,2.15,-2.06,129.13,1,-106.00,-8.00,8.00,9.00,27.00,6.00,12918809,222
52.94,1565153128,684.75,51.44459971,7.49157376,273.82,0.28,-1.86,129.13,1,-101.00,-6.00,11.00,13.00,31.00,6.00,12918809,222
53.94,1565153129,685.04,51.44459971,7.49157376,273.82,0.00,-0.28,129.13,1,-101.00,-6.00,11.00,13.00,31.00,6.00,12918809,222
54.94,1565153130,685.04,51.44459971,7.49157376,273.83,0.00,0.00,129.13,1,-104.00,-9.00,4.00,11.00,28.00,6.00,12918809,222
55.94,1565153131,685.04,51.44459971,7.49157376,273.83,0.00,0.00,129.13,1,-104.00,-9.00,4.00,11.00,28.00,6.00,12918809,222
56.94,1565153132,685.04,51.44459971,7.49157376,273.83,0.00,0.00,129.13,1,-106.00,-9.00,4.00,12.00,29.00,6.00,12918809,222
57.94,1565153133,685.04,51.44459971,7.49157376,273.83,0.00,0.00,129.13,1,-106.00,-9.00,4.00,12.00,29.00,6.00,12918809,222
58.94,1565153134,685.04,51.44459971,7.49157376,273.83,0.00,0.00,129.13,1,-106.00,-10.00,3.00,12.00,31.00,6.00,12918809,222
59.94,1565153135,685.04,51.44459971,7.49157376,273.83,0.00,0.00,129.13,1,-106.00,-10.00,3.00,12.00,31.00,6.00,12918809,222
60.94,1565153136,685.04,51.44459971,7.49157376,273.83,0.00,0.00,129.13,1,-103.00,-7.00,6.00,12.00,30.00,6.00,12918809,222
61.94,1565153137,685.04,51.44459971,7.49157376,273.83,0.00,0.00,129.13,1,-103.00,-7.00,6.00,12.00,30.00,6.00,12918809,222
62.94,1565153138,685.04,51.44459971,7.49157376,273.82,0.00,0.00,129.13,1,-103.00,-8.00,7.00,12.00,30.00,6.00,12918809,222
63.94,1565153139,685.04,51.44459971,7.49157376,273.82,0.00,0.00,129.13,1,-103.00,-8.00,7.00,12.00,30.00,6.00,12918809,222
64.94,1565153140,685.04,51.44459971,7.49157376,273.81,0.00,0.00,129.13,1,-102.00,-8.00,5.00,14.00,30.00,6.00,12918809,222
65.94,1565153141,685.04,51.44459971,7.49157376,273.81,0.00,0.00,129.13,1,-102.00,-8.00,5.00,14.00,30.00,6.00,12918809,222
66.94,1565153142,685.04,51.44459971,7.49157376,273.80,0.00,0.00,129.13,1,-102.00,-7.00,10.00,14.00,30.00,6.00,12918809,222
67.94,1565153143,685.04,51.44459971,7.49157376,273.78,0.00,0.00,129.13,1,-102.00,-7.00,10.00,14.00,30.00,6.00,12918809,222
68.94,1565153144,685.04,51.44459971,7.49157376,273.78,0.00,0.00,116.32,1,-102.00,-7.00,10.00,14.00,30.00,6.00,12918809,222
69.94,1565153145,685.04,51.44459971,7.49157376,274.03,0.00,0.00,118.39,1,-104.00,-7.00,13.00,8.00,29.00,6.00,12918809,222
70.94,1565153146,685.04,51.44454197,7.49168862,274.35,5.20,0.00,143.11,1,-104.00,-7.00,13.00,8.00,29.00,6.00,12918809,222
71.94,1565153147,690.24,51.44448579,7.49171341,273.65,6.24,1.04,175.89,1,-101.00,-8.00,9.00,2.00,35.00,6.00,12918809,222
72.93,1565153148,696.46,51.44442453,7.49167831,273.35,8.58,2.34,206.36,1,-101.00,-8.00,9.00,2.00,35.00,6.00,12918809,222
73.94,1565153149,705.10,51.44436102,7.49162833,272.45,8.45,-0.12,210.00,1,-97.00,-7.00,18.00,2.00,36.00,6.00,12918809,222
74.94,1565153150,713.52,51.44429395,7.49155255,271.86,9.50,1.05,212.02,1,-97.00,-7.00,18.00,2.00,36.00,6.00,12918809,222
75.94,1565153151,723.02,51.44422570,7.49147164,271.80,10.45,0.95,213.33,1,-90.00,-6.00,19.00,13.00,42.00,7.00,12918809,222
76.93,1565153152,733.45,51.44414092,7.49137749,271.45,11.17,0.72,214.15,1,-90.00,-6.00,19.00,13.00,42.00,7.00,12918809,222
77.94,1565153153,744.66,51.44405249,7.49127633,271.20,11.66,0.48,214.95,1,-88.00,-6.00,18.00,13.00,44.00,7.00,12918809,222
78.94,1565153154,756.29,51.44396000,7.49117418,271.54,11.97,0.31,214.25,1,-88.00,-6.00,18.00,13.00,44.00,7.00,12918809,222
79.93,1565153155,768.25,51.44385702,7.49106074,271.20,14.60,2.63,213.82,1,-85.00,-6.00,19.00,11.00,47.00,7.00,12918809,222
80.94,1565153156,782.90,51.44374807,7.49093882,271.26,14.91,0.31,214.51,1,-85.00,-6.00,19.00,11.00,47.00,7.00,12918809,222
81.93,1565153157,797.72,51.44363667,7.49080212,271.29,15.10,0.19,215.20,1,-69.00,-4.00,20.00,15.00,63.00,7.00,12918809,222
82.94,1565153158,812.89,51.44352361,7.49066417,271.45,15.43,0.33,215.72,1,-69.00,-4.00,20.00,15.00,63.00,7.00,12918809,222
83.94,1565153159,828.30,51.44341170,7.49052305,271.53,15.57,0.14,216.71,1,-78.00,-4.00,24.00,1.00,54.00,7.00,12918809,222
84.94,1565153160,843.87,51.44329795,7.49038645,272.20,15.75,0.18,216.71,1,-78.00,-4.00,24.00,1.00,54.00,7.00,12918809,222
85.94,1565153161,859.64,51.44318499,7.49024953,273.09,16.01,0.25,216.69,1,-91.00,-7.00,10.00,14.00,42.00,7.00,12918809,222
86.94,1565153162,875.65,51.44307073,7.49011294,273.98,15.99,-0.02,216.80,1,-91.00,-7.00,10.00,14.00,42.00,7.00,12918809,222
87.94,1565153163,891.64,51.44295806,7.48997890,274.72,15.74,-0.25,216.38,1,-91.00,-8.00,11.00,12.00,43.00,7.00,12918809,222
88.94,1565153164,907.38,51.44284225,7.48984653,274.63,15.63,-0.11,216.81,1,-91.00,-8.00,11.00,12.00,43.00,7.00,12918809,222
89.94,1565153165,922.99,51.44273067,7.48971430,274.89,15.59,-0.04,216.74,1,-91.00,-8.00,11.00,12.00,43.00,7.00,12918809,222
90.94,1565153166,938.60,51.44262170,7.48958433,275.92,15.81,0.22,217.36,1,-84.00,-6.00,21.00,15.00,48.00,7.00,12918809,222
91.94,1565153167,954.40,51.44251066,7.48944826,275.84,15.28,-0.53,218.16,1,-84.00,-6.00,21.00,15.00,48.00,7.00,12918809,222
92.94,1565153168,969.68,51.44240563,7.48931613,276.22,14.77,-0.51,217.19,1,-77.00,-6.00,13.00,15.00,55.00,7.00,12918809,222
93.94,1565153169,984.44,51.44229646,7.48918560,276.57,14.93,0.16,217.42,1,-77.00,-6.00,13.00,15.00,55.00,7.00,12918809,222
94.94,1565153170,999.41,51.44218998,7.48905744,276.44,14.51,-0.42,217.92,1,-82.00,-6.00,13.00,12.00,50.00,7.00,12918809,222
95.94,1565153171,1013.92,51.44207868,7.48891663,276.48,14.24,-0.27,218.83,1,-82.00,-6.00,13.00,12.00,50.00,7.00,12918809,222
96.94,1565153172,1028.16,51.44198133,7.48878710,276.20,13.87,-0.37,219.91,1,-77.00,-6.00,9.00,15.00,55.00,7.00,12918809,222
97.94,1565153173,1042.02,51.44188921,7.48865529,275.63,14.00,0.13,221.93,1,-77.00,-6.00,9.00,15.00,55.00,7.00,12918809,222
98.94,1565153174,1056.03,51.44179333,7.48851604,275.44,14.14,0.14,222.89,1,-78.00,-7.00,14.00,11.00,56.00,7.00,12918809,222
99.94,1565153175,1070.17,51.44170002,7.48837400,275.58,13.57,-0.57,223.91,1,-78.00,-7.00,14.00,11.00,56.00,7.00,12918809,222
100.94,1565153176,1083.73,51.44161351,7.48823592,276.24,13.84,0.27,225.29,1,-78.00,-10.00,14.00,14.00,57.00,7.00,12918809,222
101.94,1565153177,1097.57,51.44154721,7.48806287,277.17,13.45,-0.39,238.72,1,-78.00,-10.00,14.00,14.00,57.00,7.00,12918809,222
102.94,1565153178,1111.02,51.44148129,7.48789995,278.48,14.15,0.70,237.34,1,-79.00,-5.00,11.00,14.00,52.00,2.00,12918810,223
103.94,1565153179,1125.17,51.44140923,7.48772324,280.02,14.29,0.14,235.72,1,-79.00,-5.00,11.00,14.00,52.00,2.00,12918810,223
104.94,1565153180,1139.46,51.44133393,7.48754422,280.91,14.66,0.38,234.84,1,-77.00,-5.00,26.00,14.00,53.00,2.00,12918810,223
105.94,1565153181,1154.12,51.44125566,7.48736269,281.45,15.15,0.49,234.35,1,-77.00,-5.00,26.00,14.00,53.00,2.00,12918810,223
106.94,1565153182,1169.27,51.44117757,7.48718675,281.87,15.37,0.22,233.91,1,-80.00,-6.00,27.00,14.00,51.00,2.00,12918810,223
107.94,1565153183,1184.64,51.44109870,7.48701067,281.87,15.46,0.10,233.53,1,-80.00,-6.00,27.00,14.00,51.00,2.00,12918810,223
108.94,1565153184,1200.21,51.44101102,7.48683278,281.63,15.51,0.05,233.00,1,-78.00,-6.00,28.00,15.00,54.00,2.00,12918810,223
109.94,1565153185,1215.60,51.44092066,7.48663371,282.00,15.99,0.48,233.10,1,-78.00,-6.00,28.00,15.00,54.00,2.00,12918810,223
110.94,1565153186,1231.60,51.44083639,7.48645931,282.12,15.76,-0.23,233.49,1,-78.00,-6.00,28.00,15.00,54.00,2.00,12918810,223
111.94,1565153187,1247.36,51.44074630,7.48627742,282.66,16.10,0.34,234.02,1,-75.00,-5.00,23.00,13.00,55.00,2.00,12918810,223
112.94,1565153188,1263.46,51.44065754,7.48608636,282.92,16.32,0.22,234.42,1,-75.00,-5.00,23.00,13.00,55.00,2.00,12918810,223
113.94,1565153189,1279.78,51.44056435,7.48589844,283.51,16.96,0.64,234.04,1,-78.00,-7.00,27.00,13.00,54.00,2.00,12918810,223
114.94,1565153190,1296.74,51.44046408,7.48569117,284.49,17.15,0.19,233.64,1,-78.00,-7.00,27.00,13.00,54.00,2.00,12918810,223
115.94,1565153191,1313.91,51.44036834,7.48549114,285.20,16.59,-0.55,233.28,1,-77.00,-9.00,14.00,12.00,58.00,2.00,12918810,223
116.94,1565153192,1330.48,51.44028281,7.48531620,285.63,15.82,-0.77,233.31,1,-77.00,-9.00,14.00,12.00,58.00,2.00,12918810,223
117.94,1565153193,1346.30,51.44019301,7.48513251,286.04,15.90,0.08,232.85,1,-83.00,-12.00,0.00,2.00,58.00,2.00,12918810,223
118.94,1565153194,1362.18,51.44010102,7.48494102,286.48,15.96,0.06,233.22,1,-83.00,-12.00,0.00,2.00,58.00,2.00,12918810,223
119.94,1565153195,1378.16,51.44001621,7.48476509,286.91,15.59,-0.37,232.48,1,-79.00,-7.00,18.00,2.00,52.00,2.00,12918811,224
120.94,1565153196,1393.75,51.43993229,7.48459220,287.21,14.95,-0.64,232.95,1,-79.00,-7.00,18.00,2.00,52.00,2.00,12918811,224
121.94,1565153197,1408.74,51.43984655,7.48440751,287.43,14.90,-0.05,232.88,1,-80.00,-7.00,19.00,2.00,52.00,2.00,12918811,224
122.94,1565153198,1423.64,51.43976322,7.48423024,287.44,15.32,0.42,232.87,1,-80.00,-7.00,19.00,2.00,52.00,2.00,12918811,224
123.94,1565153199,1438.93,51.43967864,7.48405507,287.28,15.07,-0.25,233.30,1,-77.00,-6.00,17.00,2.00,55.00,2.00,12918811,224
124.94,1565153200,1453.99,51.43959348,7.48387677,287.25,15.19,0.12,233.65,1,-77.00,-6.00,17.00,2.00,55.00,2.00,12918811,224
125.94,1565153201,1469.20,51.43952250,7.48371490,287.03,14.46,-0.73,234.77,1,-74.00,-5.00,16.00,2.00,57.00,2.00,12918811,224
126.94,1565153202,1483.64,51.43944812,7.48353862,287.07,13.84,-0.62,236.35,1,-74.00,-5.00,16.00,2.00,57.00,2.00,12918811,224
127.94,1565153203,1497.50,51.43938252,7.48337315,286.93,13.26,-0.58,237.35,1,-74.00,-5.00,18.00,2.00,57.00,2.00,12918811,224
128.94,1565153204,1510.85,51.43931401,7.48319157,286.87,13.79,0.53,238.59,1,-74.00,-5.00,18.00,2.00,57.00,2.00,12918811,224
129.94,1565153205,1524.63,51.43924055,7.48299986,287.03,14.09,0.31,238.27,1,-79.00,-6.00,19.00,15.00,53.00,4.00,12918811,224
130.94,1565153206,1538.60,51.43916514,7.48280072,287.12,15.05,0.97,238.74,1,-79.00,-6.00,19.00,15.00,53.00,4.00,12918811,224
131.94,1565153207,1553.68,51.43910100,7.48261432,287.14,14.34,-0.72,239.79,1,-79.00,-6.00,19.00,15.00,53.00,4.00,12918811,224
132.94,1565153208,1568.02,51.43903666,7.48240919,287.35,14.20,-0.13,241.08,1,-88.00,-6.00,18.00,15.00,42.00,4.00,12918811,224
133.94,1565153209,1582.22,51.43897251,7.48220855,287.77,14.63,0.42,241.73,1,-88.00,-6.00,18.00,15.00,42.00,4.00,12918811,224
134.94,1565153210,1596.82,51.43890754,7.48200327,287.52,15.32,0.69,242.48,1,-92.00,-6.00,25.00,14.00,39.00,4.00,12918811,224
135.94,1565153211,1612.16,51.43884142,7.48179413,287.64,15.17,-0.14,242.80,1,-92.00,-6.00,25.00,14.00,39.00,4.00,12918811,224
136.94,1565153212,1627.32,51.43877829,7.48159909,287.15,15.24,0.07,241.78,1,-94.00,-5.00,10.00,14.00,34.00,4.00,12918811,224
137.94,1565153213,1642.57,51.43871511,7.48141724,286.86,14.81,-0.43,240.67,1,-94.00,-5.00,10.00,14.00,34.00,4.00,12918811,224
138.93,1565153214,1657.34,51.43865160,7.48123617,286.56,15.68,0.87,239.98,1,-104.00,-6.00,13.00,15.00,27.00,4.00,12918811,224
139.94,1565153215,1673.05,51.43857970,7.48101968,286.82,15.72,0.04,240.72,1,-104.00,-6.00,13.00,15.00,27.00,4.00,12918811,224
140.94,1565153216,1688.78,51.43850786,7.48081184,286.98,15.14,-0.57,241.29,1,-102.00,-6.00,12.00,15.00,28.00,4.00,12918811,224
141.94,1565153217,1703.93,51.43843389,7.48060266,286.42,15.68,0.54,240.73,1,-102.00,-6.00,12.00,15.00,28.00,4.00,12918811,224
142.94,1565153218,1719.61,51.43835636,7.48038065,286.30,16.09,0.41,241.66,1,-103.00,-6.00,4.00,15.00,25.00,4.00,12918811,224
143.94,1565153219,1735.70,51.43828908,7.48017527,285.92,15.72,-0.38,242.09,1,-103.00,-6.00,4.00,15.00,25.00,4.00,12918811,224
144.94,1565153220,1751.45,51.43822079,7.47996335,286.03,15.19,-0.52,242.60,1,-108.00,-8.00,0.00,11.00,24.00,4.00,12918811,224
145.94,1565153221,1766.64,51.43814835,7.47975080,285.92,15.49,0.30,241.95,1,-108.00,-8.00,0.00,11.00,24.00,4.00,12918811,224
146.94,1565153222,1782.10,51.43808218,7.47954199,286.05,14.74,-0.75,241.37,1,-109.00,-10.00,-5.00,7.00,26.00,4.00,12918811,224
147.94,1565153223,1796.85,51.43801289,7.47934728,285.86,15.11,0.38,241.08,1,-109.00,-10.00,-5.00,7.00,26.00,4.00,12918811,224
148.94,1565153224,1811.97,51.43795015,7.47915783,286.34,14.93,-0.19,241.80,1,-111.00,-10.00,2.00,8.00,24.00,4.00,12918811,224
149.94,1565153225,1826.89,51.43789255,7.47897411,287.03,14.04,-0.89,242.40,1,-111.00,-10.00,2.00,8.00,24.00,4.00,12918811,224
150.94,1565153226,1841.03,51.43783403,7.47879240,286.72,13.23,-0.80,242.94,1,-112.00,-10.00,0.00,8.00,23.00,4.00,12918811,224
151.94,1565153227,1854.17,51.43776737,7.47858589,286.08,13.88,0.65,242.40,1,-112.00,-10.00,0.00,8.00,23.00,4.00,12918811,224
152.94,1565153228,1868.04,51.43770186,7.47838455,285.79,13.43,-0.44,241.56,1,-112.00,-10.00,0.00,8.00,23.00,4.00,12918811,224
153.94,1565153229,1881.48,51.43763841,7.47820480,285.59,14.03,0.59,241.12,1,-112.00,-10.00,-4.00,7.00,23.00,4.00,12918811,224
154.94,1565153230,1895.51,51.43757099,7.47801353,285.76,13.71,-0.31,241.64,1,-112.00,-10.00,-4.00,7.00,23.00,4.00,12918811,224
155.94,1565153231,1909.24,51.43750342,7.47782435,285.40,13.13,-0.59,241.84,1,-111.00,-18.00,-5.00,4.00,33.00,219.00,14072323,457
156.94,1565153232,1922.36,51.43744467,7.47764679,285.14,12.11,-1.02,242.53,1,-111.00,-18.00,-5.00,4.00,33.00,219.00,14072323,457
157.94,1565153233,1934.48,51.43737914,7.47745025,285.18,12.63,0.53,242.97,1,-109.00,-15.00,-7.00,4.00,32.00,219.00,14072323,457
158.94,1565153234,1947.12,51.43732395,7.47727928,284.52,12.14,-0.49,243.34,1,-109.00,-15.00,-7.00,4.00,32.00,219.00,14072323,457
159.94,1565153235,1959.26,51.43727008,7.47710360,284.03,12.88,0.73,244.22,1,-106.00,-13.00,-5.00,6.00,32.00,219.00,14072323,457
160.94,1565153236,1972.14,51.43721713,7.47691531,283.77,12.68,-0.20,245.24,1,-106.00,-13.00,-5.00,6.00,32.00,219.00,14072323,457
161.94,1565153237,1984.81,51.43719943,7.47673359,283.66,11.86,-0.82,261.89,1,-112.00,-18.00,-7.00,3.00,31.00,219.00,14072323,457
162.94,1565153238,1996.68,51.43718505,7.47654917,284.02,11.18,-0.68,264.72,1,-112.00,-18.00,-7.00,3.00,31.00,219.00,14072323,457
163.94,1565153239,2007.89,51.43719743,7.47639207,284.83,10.08,-1.10,280.38,1,-113.00,-19.00,-10.00,2.00,32.00,12.00,12918811,457
164.94,1565153240,2017.97,51.43724225,7.47626111,285.12,9.14,-0.94,301.16,1,-113.00,-19.00,-10.00,2.00,32.00,12.00,12918811,457
165.94,1565153241,2027.05,51.43731175,7.47616916,284.67,8.95,-0.19,329.55,1,-106.00,-7.00,14.00,5.00,25.00,12.00,12918811,224
166.94,1565153242,2036.01,51.43738557,7.47614220,284.88,8.90,-0.05,351.01,1,-106.00,-7.00,14.00,5.00,25.00,12.00,12918811,224
167.94,1565153243,2044.90,51.43747587,7.47617380,285.60,9.71,0.82,18.87,1,-102.00,-7.00,14.00,15.00,31.00,12.00,12918811,224
168.94,1565153244,2054.60,51.43755467,7.47625545,286.26,9.98,0.26,42.03,1,-102.00,-7.00,14.00,15.00,31.00,12.00,12918811,224
169.93,1565153245,2064.56,51.43761819,7.47638323,286.68,10.72,0.75,56.59,1,-86.00,-5.00,29.00,15.00,46.00,12.00,12918811,224
170.94,1565153246,2075.31,51.43768580,7.47653029,286.53,12.47,1.74,56.25,1,-86.00,-5.00,29.00,15.00,46.00,12.00,12918811,224
171.94,1565153247,2087.88,51.43775286,7.47668267,286.67,13.46,0.99,55.63,1,-88.00,-5.00,28.00,15.00,44.00,12.00,12918811,224
172.94,1565153248,2101.25,51.43783464,7.47686485,286.49,15.86,2.41,55.13,1,-88.00,-5.00,28.00,15.00,44.00,12.00,12918811,224
173.94,1565153249,2117.09,51.43792100,7.47706377,286.33,16.93,1.08,54.90,1,-88.00,-5.00,28.00,15.00,44.00,12.00,12918811,224
174.94,1565153250,2134.04,51.43800813,7.47726159,286.22,17.87,0.94,55.87,1,-86.00,-6.00,26.00,15.00,46.00,12.00,12918811,224
175.94,1565153251,2151.89,51.43810179,7.47747720,286.07,19.03,1.16,56.39,1,-86.00,-6.00,26.00,15.00,46.00,12.00,12918811,224
176.94,1565153252,2170.90,51.43820263,7.47771405,286.06,19.86,0.83,56.80,1,-86.00,-5.00,29.00,10.00,46.00,12.00,12918811,224
177.94,1565153253,2190.78,51.43830483,7.47795593,285.83,20.42,0.57,56.37,1,-86.00,-5.00,29.00,10.00,46.00,12.00,12918811,224
178.94,1565153254,2211.21,51.43841347,7.47821953,285.41,21.24,0.82,56.82,1,-87.00,-5.00,26.00,13.00,44.00,12.00,12918811,224
179.94,1565153255,2232.45,51.43851897,7.47848120,285.00,21.41,0.17,57.61,1,-87.00,-5.00,26.00,13.00,44.00,12.00,12918811,224
180.94,1565153256,2253.86,51.43862993,7.47874426,284.59,22.84,1.43,56.24,1,-95.00,-5.00,19.00,12.00,35.00,12.00,12918811,224
181.94,1565153257,2276.67,51.43875121,7.47902274,284.26,24.58,1.75,55.13,1,-95.00,-5.00,19.00,12.00,35.00,12.00,12918811,224
182.94,1565153258,2301.28,51.43887149,7.47931416,284.06,24.62,0.04,56.78,1,-94.00,-5.00,20.00,12.00,35.00,12.00,12918811,224
183.94,1565153259,2325.90,51.43899036,7.47960744,283.75,24.81,0.19,57.67,1,-94.00,-5.00,20.00,12.00,35.00,12.00,12918811,224
184.94,1565153260,2350.71,51.43911781,7.47992138,283.69,25.61,0.81,56.47,1,-97.00,-6.00,15.00,12.00,34.00,12.00,12918811,224
185.94,1565153261,2376.32,51.43925658,7.48022346,283.19,26.09,0.47,54.18,1,-97.00,-6.00,15.00,12.00,34.00,12.00,12918811,224
186.94,1565153262,2402.38,51.43938963,7.48051324,282.64,25.50,-0.59,53.45,1,-96.00,-6.00,23.00,12.00,34.00,12.00,12918811,224
187.94,1565153263,2427.91,51.43952396,7.48080079,282.44,24.84,-0.66,53.17,1,-96.00,-6.00,23.00,12.00,34.00,12.00,12918811,224
188.94,1565153264,2452.79,51.43966092,7.48109012,282.10,24.89,0.05,52.97,1,-91.00,-5.00,19.00,2.00,42.00,12.00,12918811,224
189.94,1565153265,2477.65,51.43980423,7.48138274,282.00,25.16,0.27,52.15,1,-91.00,-5.00,19.00,2.00,42.00,12.00,12918811,224
190.94,1565153266,2502.81,51.43995368,7.48169051,282.30,25.47,0.32,51.40,1,-93.00,-6.00,21.00,2.00,40.00,12.00,12918811,224
191.94,1565153267,2528.31,51.44012352,7.48197457,282.71,26.22,0.74,45.77,1,-93.00,-6.00,21.00,2.00,40.00,12.00,12918811,224
192.95,1565153268,2554.73,51.44030145,7.48225008,282.71,26.52,0.30,43.79,1,-91.00,-5.00,25.00,2.00,41.00,12.00,12918811,224
193.93,1565153269,2580.91,51.44047873,7.48252073,282.60,26.70,0.18,42.97,1,-91.00,-5.00,25.00,2.00,41.00,12.00,12918811,224
194.94,1565153270,2607.71,51.44066452,7.48277592,282.54,27.06,0.36,40.36,1,-91.00,-5.00,25.00,2.00,41.00,12.00,12918811,224
195.94,1565153271,2634.74,51.44083866,7.48301804,282.09,26.67,-0.39,39.51,1,-86.00,-6.00,23.00,2.00,46.00,12.00,12918811,224
196.94,1565153272,2661.41,51.44101704,7.48324347,281.52,26.75,0.08,38.36,1,-86.00,-6.00,23.00,2.00,46.00,12.00,12918811,224
197.94,1565153273,2688.13,51.44120457,7.48347119,281.11,26.36,-0.39,37.25,1,-84.00,-6.00,27.00,2.00,48.00,12.00,12918811,224
198.94,1565153274,2714.52,51.44139608,7.48369289,280.73,25.89,-0.47,35.64,1,-84.00,-6.00,27.00,2.00,48.00,12.00,12918811,224
199.94,1565153275,2740.40,51.44158522,7.48388676,280.66,25.94,0.06,32.53,1,-81.00,-6.00,18.00,2.00,50.00,2.00,12918811,224
200.94,1565153276,2766.35,51.44178275,7.48407554,280.57,25.74,-0.20,30.68,1,-81.00,-6.00,18.00,2.00,50.00,2.00,12918811,224
201.94,1565153277,2792.06,51.44199091,7.48425738,280.47,25.78,0.04,28.54,1,-78.00,-5.00,22.00,15.00,52.00,2.00,12918811,224
202.94,1565153278,2817.87,51.44219696,7.48443365,280.24,25.72,-0.06,27.78,1,-78.00,-5.00,22.00,15.00,52.00,2.00,12918811,224
203.94,1565153279,2843.56,51.44240385,7.48460156,279.58,25.50,-0.21,26.70,1,-72.00,-5.00,23.00,14.00,56.00,2.00,12918811,224
204.94,1565153280,2869.09,51.44260583,7.48476630,278.59,25.38,-0.12,25.74,1,-72.00,-5.00,23.00,14.00,56.00,2.00,12918811,224
205.94,1565153281,2894.46,51.44281034,7.48491667,277.53,25.06,-0.32,24.58,1,-78.00,-8.00,20.00,14.00,53.00,2.00,12918811,224
206.94,1565153282,2919.52,51.44301579,7.48506479,276.58,24.83,-0.23,24.13,1,-78.00,-8.00,20.00,14.00,53.00,2.00,12918811,224
207.94,1565153283,2944.35,51.44322352,7.48520765,275.70,24.78,-0.05,23.56,1,-77.00,-10.00,16.00,10.00,60.00,2.00,12918809,224
208.94,1565153284,2969.13,51.44342878,7.48534610,275.01,24.71,-0.06,22.70,1,-77.00,-10.00,16.00,10.00,60.00,2.00,12918809,224
209.94,1565153285,2993.84,51.44361534,7.48547174,274.39,23.64,-1.08,22.56,1,-83.00,-6.00,24.00,14.00,49.00,2.00,12918809,222
210.94,1565153286,3017.48,51.44378667,7.48557716,273.97,20.96,-2.67,21.96,1,-83.00,-6.00,24.00,14.00,49.00,2.00,12918809,222
211.94,1565153287,3038.44,51.44395288,7.48567947,273.57,19.68,-1.28,21.61,1,-66.00,-4.00,30.00,15.00,63.00,2.00,12918809,222
212.94,1565153288,3058.10,51.44410990,7.48577789,273.10,18.76,-0.92,21.34,1,-66.00,-4.00,30.00,15.00,63.00,2.00,12918809,222
213.94,1565153289,3076.92,51.44426552,7.48587601,272.70,16.74,-2.01,22.36,1,-69.00,-4.00,20.00,14.00,62.00,2.00,12918809,222
214.94,1565153290,3093.63,51.44439256,7.48597130,272.21,14.78,-1.97,24.51,1,-69.00,-4.00,20.00,14.00,62.00,2.00,12918809,222
215.94,1565153291,3108.39,51.44450702,7.48607725,271.40,14.28,-0.50,28.04,1,-69.00,-4.00,20.00,14.00,62.00,2.00,12918809,222
216.94,1565153292,3122.69,51.44459439,7.48621175,270.35,13.70,-0.59,43.63,1,-72.00,-5.00,32.00,15.00,60.00,2.00,12918809,222
217.94,1565153293,3136.39,51.44466913,7.48637603,269.49,13.29,-0.40,56.54,1,-72.00,-5.00,32.00,15.00,60.00,2.00,12918809,222
218.94,1565153294,3149.68,51.44471388,7.48655617,268.79,13.35,0.06,70.43,1,-73.00,-6.00,30.00,15.00,59.00,2.00,12918809,222
219.94,1565153295,3163.02,51.44473133,7.48675465,268.30,13.10,-0.25,84.55,1,-73.00,-6.00,30.00,15.00,59.00,2.00,12918809,222
220.94,1565153296,3176.12,51.44471390,7.48695154,267.88,13.79,0.69,101.67,1,-81.00,-5.00,27.00,15.00,50.00,2.00,12918809,222
221.94,1565153297,3189.92,51.44466213,7.48713063,267.44,13.99,0.20,118.26,1,-81.00,-5.00,27.00,15.00,50.00,2.00,12918809,222
222.94,1565153298,3203.90,51.44457825,7.48728549,267.15,14.21,0.23,133.61,1,-79.00,-6.00,38.00,15.00,49.00,2.00,12918809,222
223.94,1565153299,3218.11,51.44447224,7.48740624,266.93,14.25,0.04,148.15,1,-79.00,-6.00,38.00,15.00,49.00,2.00,12918809,222
224.94,1565153300,3232.37,51.44436042,7.48747348,266.41,13.76,-0.49,161.51,1,-65.00,-4.00,39.00,15.00,63.00,2.00,12918809,222
225.94,1565153301,3246.14,51.44423553,7.48749719,266.22,13.73,-0.04,177.67,1,-65.00,-4.00,39.00,15.00,63.00,2.00,12918809,222
226.94,1565153302,3259.87,51.44412580,7.48746465,265.83,13.67,-0.05,194.76,1,-60.00,-4.00,40.00,15.00,63.00,2.00,12918809,222
227.94,1565153303,3273.54,51.44401473,7.48738150,265.58,14.10,0.43,209.31,1,-60.00,-4.00,40.00,15.00,63.00,2.00,12918809,222
228.94,1565153304,3287.64,51.44391548,7.48725394,265.65,14.14,0.03,224.21,1,-64.00,-5.00,40.00,15.00,58.00,2.00,12918809,222
229.94,1565153305,3301.78,51.44385089,7.48709501,265.62,14.44,0.31,239.82,1,-64.00,-5.00,40.00,15.00,58.00,2.00,12918809,222
230.94,1565153306,3316.21,51.44380540,7.48690814,265.45,14.99,0.54,252.50,1,-73.00,-5.00,29.00,2.00,57.00,3.00,12918809,222
231.93,1565153307,3331.16,51.44379524,7.48671459,265.10,15.13,0.15,269.54,1,-73.00,-5.00,29.00,2.00,57.00,3.00,12918809,222
232.93,1565153308,3346.29,51.44378525,7.48649074,264.67,15.75,0.62,269.03,1,-77.00,-6.00,31.00,15.00,53.00,3.00,12918809,222
233.94,1565153309,3362.09,51.44377553,7.48626174,264.49,16.68,0.92,268.62,1,-77.00,-6.00,31.00,15.00,53.00,3.00,12918809,222
234.94,1565153310,3378.77,51.44376600,7.48601461,264.27,17.61,0.93,268.06,1,-79.00,-6.00,31.00,15.00,51.00,3.00,12918809,222
235.94,1565153311,3396.38,51.44375905,7.48573832,264.06,18.50,0.89,268.72,1,-79.00,-6.00,31.00,15.00,51.00,3.00,12918809,222
236.94,1565153312,3415.01,51.44375709,7.48546208,264.33,19.14,0.63,269.29,1,-77.00,-6.00,29.00,15.00,50.00,3.00,12918809,222
237.94,1565153313,3434.01,51.44375455,7.48516666,263.35,19.72,0.58,269.83,1,-77.00,-6.00,29.00,15.00,50.00,3.00,12918809,222
238.94,1565153314,3453.73,51.44375259,7.48487175,263.07,20.17,0.45,270.05,1,-77.00,-6.00,29.00,15.00,50.00,3.00,12918809,222
239.94,1565153315,3473.88,51.44374556,7.48455177,263.14,22.22,2.06,269.58,1,-86.00,-6.00,22.00,1.00,44.00,3.00,12918809,222
240.94,1565153316,3496.12,51.44374168,7.48424242,263.33,23.03,0.81,268.52,1,-86.00,-6.00,22.00,1.00,44.00,3.00,12918809,222
241.94,1565153317,3519.16,51.44373281,7.48391361,263.34,23.66,0.63,268.00,1,-81.00,-6.00,20.00,2.00,51.00,3.00,12918809,222
242.94,1565153318,3542.82,51.44372527,7.48356549,263.53,24.36,0.70,268.37,1,-81.00,-6.00,20.00,2.00,51.00,3.00,12918809,222
243.94,1565153319,3567.18,51.44371741,7.48320541,263.87,24.99,0.63,268.22,1,-80.00,-6.00,16.00,2.00,52.00,3.00,12918809,222
244.94,1565153320,3592.16,51.44370746,7.48282847,264.50,25.66,0.68,267.56,1,-80.00,-6.00,16.00,2.00,52.00,3.00,12918809,222
245.94,1565153321,3617.85,51.44369297,7.48244494,265.20,26.24,0.57,266.94,1,-81.00,-7.00,7.00,2.00,53.00,3.00,12918809,222
246.94,1565153322,3644.06,51.44367793,7.48206586,265.85,26.69,0.46,266.77,1,-81.00,-7.00,7.00,2.00,53.00,3.00,12918809,222
247.94,1565153323,3670.78,51.44366442,7.48168373,265.99,27.00,0.31,266.54,1,-88.00,-10.00,2.00,2.00,49.00,3.00,12918809,222
248.94,1565153324,3697.75,51.44365135,7.48129551,265.92,27.13,0.13,266.07,1,-88.00,-10.00,2.00,2.00,49.00,3.00,12918809,222
249.94,1565153325,3724.88,51.44363296,7.48090173,265.64,27.44,0.31,265.67,1,-89.00,-7.00,15.00,2.00,45.00,3.00,12918811,224
250.94,1565153326,3752.32,51.44361330,7.48051024,265.38,27.59,0.15,265.31,1,-89.00,-7.00,15.00,2.00,45.00,3.00,12918811,224
251.94,1565153327,3779.96,51.44358606,7.48011172,265.13,27.95,0.37,263.85,1,-90.00,-6.00,18.00,2.00,43.00,3.00,12918811,224
252.94,1565153328,3807.91,51.44355458,7.47971520,264.87,28.34,0.39,262.82,1,-90.00,-6.00,18.00,2.00,43.00,3.00,12918811,224
253.93,1565153329,3836.11,51.44352340,7.47931314,264.51,28.05,-0.29,262.47,1,-90.00,-6.00,19.00,2.00,43.00,3.00,12918811,224
254.94,1565153330,3864.27,51.44349118,7.47890684,264.30,28.07,0.02,262.27,1,-90.00,-6.00,19.00,2.00,43.00,3.00,12918811,224
255.94,1565153331,3892.34,51.44345772,7.47850378,264.23,28.15,0.08,262.62,1,-88.00,-6.00,22.00,2.00,44.00,3.00,12918811,224
256.94,1565153332,3920.50,51.44342437,7.47809937,264.19,28.45,0.30,262.63,1,-88.00,-6.00,22.00,2.00,44.00,3.00,12918811,224
257.94,1565153333,3949.15,51.44338876,7.47769345,264.37,28.37,-0.08,262.40,1,-86.00,-6.00,22.00,15.00,45.00,8.00,12918811,224
258.94,1565153334,3977.23,51.44335327,7.47729095,264.48,28.36,-0.01,262.25,1,-86.00,-6.00,22.00,15.00,45.00,8.00,12918811,224
259.94,1565153335,4005.62,51.44331311,7.47688633,264.61,28.62,0.26,261.74,1,-86.00,-6.00,22.00,15.00,45.00,8.00,12918811,224
260.94,1565153336,4034.27,51.44327423,7.47647712,264.46,28.62,0.00,261.48,1,-88.00,-5.00,20.00,13.00,42.00,8.00,12918811,224
261.94,1565153337,4062.85,51.44324340,7.47608865,263.39,28.42,-0.20,260.99,1,-88.00,-5.00,20.00,13.00,42.00,8.00,12918811,224
262.94,1565153338,4091.30,51.44320422,7.47569275,262.13,28.11,-0.31,260.43,1,-81.00,-5.00,21.00,15.00,47.00,8.00,12918811,224
263.94,1565153339,4119.38,51.44316089,7.47530789,260.75,27.73,-0.38,259.36,1,-81.00,-5.00,21.00,15.00,47.00,8.00,12918811,224
264.94,1565153340,4147.11,51.44311281,7.47491683,259.29,27.53,-0.20,258.35,1,-81.00,-5.00,32.00,15.00,50.00,8.00,12918811,224
265.94,1565153341,4174.64,51.44306311,7.47453261,257.92,27.55,0.02,258.23,1,-81.00,-5.00,32.00,15.00,50.00,8.00,12918811,224
266.93,1565153342,4202.13,51.44301262,7.47413827,256.70,28.03,0.48,258.38,1,-99.00,-8.00,19.00,7.00,34.00,8.00,12918811,224
267.94,1565153343,4230.27,51.44296204,7.47374237,255.73,28.27,0.24,259.04,1,-99.00,-8.00,19.00,7.00,34.00,8.00,12918811,224
268.94,1565153344,4258.52,51.44291159,7.47334786,254.76,28.11,-0.17,259.17,1,-90.00,-4.00,8.00,6.00,38.00,14.00,12935194,397
269.94,1565153345,4286.59,51.44286250,7.47295446,253.88,27.86,-0.25,259.17,1,-90.00,-4.00,8.00,6.00,38.00,14.00,12935194,397
270.93,1565153346,4314.37,51.44281766,7.47256685,253.00,27.55,-0.31,259.40,1,-100.00,-6.00,11.00,14.00,30.00,14.00,12935194,397
271.94,1565153347,4342.00,51.44277239,7.47218491,252.16,26.93,-0.62,259.09,1,-100.00,-6.00,11.00,14.00,30.00,14.00,12935194,397
272.94,1565153348,4368.96,51.44272753,7.47180584,251.37,26.60,-0.34,258.87,1,-102.00,-8.00,10.00,11.00,30.00,14.00,12935194,397
273.94,1565153349,4395.51,51.44268438,7.47143373,250.62,26.06,-0.54,258.45,1,-102.00,-8.00,10.00,11.00,30.00,14.00,12935194,397
274.94,1565153350,4421.65,51.44263893,7.47107124,249.92,25.50,-0.56,258.33,1,-109.00,-9.00,6.00,9.00,26.00,14.00,12935194,397
275.94,1565153351,4447.12,51.44259440,7.47071538,249.18,25.22,-0.29,258.21,1,-109.00,-9.00,6.00,9.00,26.00,14.00,12935194,397
276.94,1565153352,4472.36,51.44254977,7.47036445,248.44,25.10,-0.12,258.28,1,-111.00,-11.00,4.00,7.00,24.00,12.00,12935170,397
277.94,1565153353,4497.46,51.44250638,7.47000976,247.75,25.00,-0.10,257.55,1,-111.00,-11.00,4.00,7.00,24.00,12.00,12935170,397
278.95,1565153354,4522.67,51.44246257,7.46965737,247.00,25.02,0.01,257.65,1,-99.00,-7.00,7.00,14.00,34.00,12.00,12935170,268
279.94,1565153355,4547.46,51.44241567,7.46930229,246.42,24.99,-0.02,257.97,1,-99.00,-7.00,7.00,14.00,34.00,12.00,12935170,268
280.94,1565153356,4572.47,51.44236834,7.46894765,246.03,25.03,0.03,258.20,1,-99.00,-7.00,7.00,14.00,34.00,12.00,12935170,268
281.94,1565153357,4597.47,51.44231939,7.46859188,245.92,25.38,0.36,257.94,1,-101.00,-8.00,10.00,11.00,32.00,12.00,12935170,268
282.94,1565153358,4622.83,51.44227087,7.46823493,245.51,25.94,0.56,257.34,1,-101.00,-8.00,10.00,11.00,32.00,12.00,12935170,268
283.94,1565153359,4648.80,51.44221744,7.46785715,244.79,26.87,0.93,257.25,1,-100.00,-7.00,7.00,10.00,33.00,12.00,12935170,268
284.94,1565153360,4675.64,51.44216369,7.46747175,244.06,27.56,0.69,257.46,1,-100.00,-7.00,7.00,10.00,33.00,12.00,12935170,268
285.94,1565153361,4703.23,51.44210550,7.46707790,243.34,28.95,1.39,258.20,1,-103.00,-9.00,4.00,9.00,32.00,12.00,12935170,268
286.94,1565153362,4732.18,51.44205253,7.46665191,242.96,29.96,1.01,258.96,1,-103.00,-9.00,4.00,9.00,32.00,12.00,12935170,268
287.94,1565153363,4762.15,51.44199960,7.46621655,242.11,30.91,0.95,259.70,1,-102.00,-10.00,3.00,7.00,33.00,12.00,12935170,268
288.94,1565153364,4793.06,51.44195309,7.46578175,240.98,31.46,0.55,260.42,1,-102.00,-10.00,3.00,7.00,33.00,12.00,12935170,268
289.94,1565153365,4824.59,51.44190538,7.46533350,240.07,31.60,0.14,260.96,1,-103.00,-11.00,0.00,7.00,33.00,12.00,12935170,268
290.94,1565153366,4856.19,51.44185838,7.46487267,239.74,31.32,-0.28,261.02,1,-103.00,-11.00,0.00,7.00,33.00,12.00,12935170,268
291.94,1565153367,4887.55,51.44181895,7.46442887,239.72,31.00,-0.32,262.00,1,-103.00,-11.00,-1.00,6.00,33.00,12.00,12935170,268
292.94,1565153368,4918.52,51.44177792,7.46397600,240.00,31.40,0.40,262.65,1,-103.00,-11.00,-1.00,6.00,33.00,12.00,12935170,268
293.94,1565153369,4949.98,51.44174409,7.46351848,240.46,31.74,0.33,263.26,1,-108.00,-10.00,-1.00,2.00,27.00,12.00,12897050,118
294.94,1565153370,4981.78,51.44171022,7.46306094,240.91,32.21,0.47,263.48,1,-108.00,-10.00,-1.00,2.00,27.00,12.00,12897050,118
295.94,1565153371,5013.86,51.44167682,7.46260143,241.18,32.63,0.42,264.15,1,-108.00,-9.00,1.00,6.00,26.00,20.00,14301721,72
296.94,1565153372,5046.49,51.44165221,7.46213459,241.09,32.94,0.31,264.83,1,-108.00,-9.00,1.00,6.00,26.00,20.00,14301721,72
297.94,1565153373,5079.43,51.44162582,7.46165744,240.81,33.41,0.47,265.35,1,-105.00,-8.00,6.00,11.00,29.00,20.00,14301721,72
298.94,1565153374,5112.83,51.44160070,7.46117551,240.44,33.79,0.38,265.80,1,-105.00,-8.00,6.00,11.00,29.00,20.00,14301721,72
299.95,1565153375,5146.92,51.44158539,7.46069494,239.70,34.16,0.37,266.44,1,-101.00,-7.00,6.00,11.00,32.00,20.00,14301721,72
300.94,1565153376,5180.77,51.44156700,7.46020123,239.23,33.93,-0.23,266.60,1,-101.00,-7.00,6.00,11.00,32.00,20.00,14301721,72
301.94,1565153377,5214.71,51.44155536,7.45972920,238.86,32.32,-1.61,267.54,1,-101.00,-7.00,6.00,11.00,32.00,20.00,14301721,72
302.94,1565153378,5247.00,51.44154479,7.45927441,238.46,31.36,-0.96,268.22,1,-91.00,-5.00,14.00,12.00,41.00,20.00,14301721,72
303.94,1565153379,5278.36,51.44154614,7.45883727,237.72,30.93,-0.43,269.69,1,-91.00,-5.00,14.00,12.00,41.00,20.00,14301721,72
304.93,1565153380,5309.13,51.44154684,7.45838645,237.00,31.17,0.24,269.78,1,-82.00,-4.00,21.00,15.00,48.00,20.00,14301721,72
305.94,1565153381,5340.42,51.44153941,7.45792888,236.49,31.51,0.35,268.12,1,-82.00,-4.00,21.00,15.00,48.00,20.00,14301721,72
306.94,1565153382,5371.91,51.44153146,7.45747157,236.15,31.79,0.27,269.12,1,-79.00,-4.00,28.00,14.00,51.00,20.00,14301721,72
307.94,1565153383,5403.73,51.44153196,7.45701107,236.00,31.99,0.20,270.12,1,-79.00,-4.00,28.00,14.00,51.00,20.00,14301721,72
308.94,1565153384,5435.82,51.44153347,7.45654618,235.90,32.25,0.26,270.53,1,-79.00,-5.00,26.00,15.00,51.00,20.00,14301721,72
309.94,1565153385,5467.97,51.44153382,7.45608647,235.90,32.17,-0.08,270.89,1,-79.00,-5.00,26.00,15.00,51.00,20.00,14301721,72
310.94,1565153386,5500.10,51.44154040,7.45563096,235.84,31.91,-0.26,271.16,1,-80.00,-6.00,21.00,15.00,52.00,20.00,14301721,72
311.94,1565153387,5532.01,51.44154881,7.45517150,235.61,31.86,-0.04,271.42,1,-80.00,-6.00,21.00,15.00,52.00,20.00,14301721,72
312.94,1565153388,5563.87,51.44156201,7.45469727,235.54,31.98,0.12,272.27,1,-81.00,-5.00,29.00,15.00,50.00,20.00,14301721,72
313.94,1565153389,5595.88,51.44157225,7.45423515,235.74,31.99,0.01,272.83,1,-81.00,-5.00,29.00,15.00,50.00,20.00,14301721,72
314.94,1565153390,5627.87,51.44159042,7.45378186,235.86,31.38,-0.61,273.60,1,-82.00,-6.00,28.00,15.00,50.00,20.00,14301721,72
315.94,1565153391,5659.25,51.44161127,7.45332387,236.06,30.64,-0.74,274.02,1,-82.00,-6.00,28.00,15.00,50.00,20.00,14301721,72
316.94,1565153392,5689.87,51.44163651,7.45289076,236.40,30.12,-0.52,274.81,1,-79.00,-5.00,29.00,15.00,52.00,20.00,14301721,72
317.94,1565153393,5720.05,51.44165762,7.45246960,236.70,29.77,-0.35,275.26,1,-79.00,-5.00,29.00,15.00,52.00,20.00,14301721,72
318.94,1565153394,5749.80,51.44168385,7.45203805,236.77,29.89,0.12,275.87,1,-79.00,-5.00,22.00,15.00,52.00,20.00,14301721,72
319.94,1565153395,5779.66,51.44171155,7.45161211,236.83,29.90,0.01,276.37,1,-79.00,-5.00,22.00,15.00,52.00,20.00,14301721,72
320.94,1565153396,5809.80,51.44174586,7.45118465,236.67,30.05,0.15,277.22,1,-79.00,-4.00,24.00,11.00,51.00,20.00,14301721,72
321.94,1565153397,5839.61,51.44178036,7.45075675,236.41,30.13,0.08,277.46,1,-79.00,-4.00,24.00,11.00,51.00,20.00,14301721,72
322.94,1565153398,5869.81,51.44181696,7.45033453,235.89,30.24,0.10,277.80,1,-79.00,-4.00,24.00,11.00,51.00,20.00,14301721,72
323.94,1565153399,5900.02,51.44185929,7.44991941,235.06,30.42,0.18,278.25,1,-80.00,-4.00,26.00,15.00,48.00,20.00,14301721,72
324.94,1565153400,5930.43,51.44190152,7.44948898,234.16,30.30,-0.12,278.38,1,-80.00,-4.00,26.00,15.00,48.00,20.00,14301721,72
325.94,1565153401,5960.73,51.44194308,7.44907005,233.24,29.88,-0.42,278.52,1,-76.00,-4.00,27.00,15.00,50.00,20.00,14301721,72
326.94,1565153402,5990.62,51.44198542,7.44865187,232.45,29.52,-0.36,278.83,1,-76.00,-4.00,27.00,15.00,50.00,20.00,14301721,72
327.94,1565153403,6020.13,51.44203248,7.44823842,231.85,29.20,-0.32,279.55,1,-77.00,-5.00,27.00,15.00,52.00,20.00,14301721,72
328.94,1565153404,6049.33,51.44207978,7.44782085,231.20,29.33,0.14,280.10,1,-77.00,-5.00,27.00,15.00,52.00,20.00,14301721,72
329.94,1565153405,6078.69,51.44213093,7.44740073,230.65,29.54,0.20,280.67,1,-77.00,-5.00,17.00,15.00,55.00,20.00,14301721,72
330.94,1565153406,6108.23,51.44218130,7.44698428,230.17,29.42,-0.12,281.29,1,-77.00,-5.00,17.00,15.00,55.00,20.00,14301721,72
331.94,1565153407,6137.59,51.44223709,7.44656900,229.70,29.59,0.17,281.96,1,-73.00,-4.00,28.00,15.00,59.00,20.00,14301721,72
332.93,1565153408,6167.09,51.44229323,7.44614968,229.30,29.69,0.10,282.48,1,-73.00,-4.00,28.00,15.00,59.00,20.00,14301721,72
333.94,1565153409,6196.87,51.44235074,7.44573480,228.96,29.86,0.17,282.84,1,-69.00,-5.00,33.00,15.00,63.00,20.00,14301721,72
334.94,1565153410,6226.76,51.44241378,7.44531429,228.64,30.21,0.36,283.31,1,-69.00,-5.00,33.00,15.00,63.00,20.00,14301721,72
335.94,1565153411,6256.97,51.44247739,7.44488765,228.42,30.59,0.38,283.35,1,-74.00,-6.00,32.00,15.00,57.00,20.00,14301721,72
336.94,1565153412,6287.56,51.44254159,7.44445590,228.26,30.94,0.35,283.50,1,-74.00,-6.00,32.00,15.00,57.00,20.00,14301721,72
337.94,1565153413,6318.50,51.44260656,7.44401954,228.06,31.27,0.32,283.62,1,-72.00,-5.00,30.00,15.00,59.00,20.00,14301721,72
338.94,1565153414,6349.80,51.44267607,7.44358630,228.01,31.50,0.23,284.62,1,-72.00,-5.00,30.00,15.00,59.00,20.00,14301721,72
339.94,1565153415,6381.28,51.44274780,7.44314280,227.86,31.76,0.26,285.10,1,-71.00,-5.00,32.00,15.00,58.00,20.00,14301721,72
340.94,1565153416,6413.03,51.44281918,7.44270307,227.73,31.61,-0.15,285.25,1,-71.00,-5.00,32.00,15.00,58.00,20.00,14301721,72
341.94,1565153417,6444.83,51.44289567,7.44226967,227.59,31.30,-0.31,285.75,1,-75.00,-6.00,23.00,15.00,57.00,20.00,14301721,72
342.94,1565153418,6475.95,51.44297332,7.44183731,227.20,31.08,-0.23,286.54,1,-75.00,-6.00,23.00,15.00,57.00,20.00,14301721,72
343.94,1565153419,6507.03,51.44305147,7.44140663,226.68,31.18,0.10,286.66,1,-75.00,-6.00,23.00,15.00,57.00,20.00,14301721,72
344.94,1565153420,6538.24,51.44313707,7.44097907,226.06,31.27,0.09,287.35,1,-82.00,-7.00,11.00,12.00,51.00,20.00,14301721,72
345.94,1565153421,6569.52,51.44322260,7.44055133,225.38,31.47,0.20,287.75,1,-82.00,-7.00,11.00,12.00,51.00,20.00,14301721,72
346.94,1565153422,6600.96,51.44330917,7.44012291,224.61,31.42,-0.06,288.00,1,-78.00,-6.00,8.00,6.00,54.00,2.00,14301723,74
347.94,1565153423,6632.38,51.44339679,7.43969471,223.74,31.11,-0.31,288.22,1,-78.00,-6.00,8.00,6.00,54.00,2.00,14301723,74
348.94,1565153424,6663.48,51.44349034,7.43927231,222.83,31.23,0.13,288.83,1,-77.00,-5.00,40.00,15.00,54.00,2.00,14301723,74
349.94,1565153425,6694.78,51.44358428,7.43884417,221.93,31.49,0.25,289.29,1,-77.00,-5.00,40.00,15.00,54.00,2.00,14301723,74
350.93,1565153426,6726.10,51.44367939,7.43841238,221.00,31.81,0.33,289.60,1,-73.00,-4.00,40.00,15.00,57.00,2.00,14301723,74
351.94,1565153427,6758.01,51.44377550,7.43798092,220.08,32.15,0.34,289.26,1,-73.00,-4.00,40.00,15.00,57.00,2.00,14301723,74
352.94,1565153428,6790.17,51.44387839,7.43754818,219.09,32.36,0.20,289.97,1,-74.00,-5.00,30.00,14.00,56.00,2.00,14301723,74
353.94,1565153429,6822.52,51.44398359,7.43710451,218.23,32.53,0.17,289.97,1,-74.00,-5.00,30.00,14.00,56.00,2.00,14301723,74
354.94,1565153430,6855.05,51.44408909,7.43666084,217.46,32.36,-0.17,290.83,1,-77.00,-6.00,28.00,15.00,54.00,2.00,14301723,74
355.94,1565153431,6887.40,51.44419976,7.43623223,216.60,32.43,0.07,291.60,1,-77.00,-6.00,28.00,15.00,54.00,2.00,14301723,74
356.94,1565153432,6919.80,51.44431507,7.43578182,215.09,32.82,0.39,291.77,1,-79.00,-8.00,24.00,15.00,55.00,2.00,14301723,74
357.94,1565153433,6952.62,51.44443434,7.43536326,213.63,33.30,0.48,293.35,1,-79.00,-8.00,24.00,15.00,55.00,2.00,14301723,74
358.94,1565153434,6985.92,51.44455715,7.43493463,212.31,33.51,0.21,294.29,1,-82.00,-6.00,24.00,15.00,48.00,2.00,14301723,74
359.94,1565153435,7019.43,51.44469202,7.43449371,211.21,33.55,0.04,294.81,1,-82.00,-6.00,24.00,15.00,48.00,2.00,14301723,74
360.94,1565153436,7053.02,51.44482965,7.43406564,210.05,33.68,0.13,296.21,1,-78.00,-6.00,26.00,15.00,50.00,2.00,14301723,74
361.94,1565153437,7086.70,51.44497163,7.43363686,209.13,33.72,0.04,297.25,1,-78.00,-6.00,26.00,15.00,50.00,2.00,14301723,74
362.95,1565153438,7120.72,51.44512005,7.43320990,208.30,33.84,0.12,298.73,1,-81.00,-6.00,27.00,2.00,46.00,2.00,14301723,74
363.94,1565153439,7154.26,51.44526608,7.43277843,207.45,33.79,-0.05,298.77,1,-81.00,-6.00,27.00,2.00,46.00,2.00,14301723,74
364.94,1565153440,7188.02,51.44542507,7.43235587,206.45,34.17,0.38,301.02,1,-81.00,-6.00,27.00,2.00,46.00,2.00,14301723,74
365.94,1565153441,7222.22,51.44559116,7.43194157,205.44,34.42,0.26,303.46,1,-86.00,-6.00,20.00,2.00,44.00,2.00,14301723,74
366.94,1565153442,7256.61,51.44576291,7.43152294,204.57,34.24,-0.19,303.73,1,-86.00,-6.00,20.00,2.00,44.00,2.00,14301723,74
367.94,1565153443,7290.88,51.44594161,7.43111773,203.72,34.41,0.17,305.60,1,-87.00,-5.00,24.00,2.00,43.00,2.00,14301723,74
368.94,1565153444,7325.30,51.44613704,7.43070648,203.14,34.47,0.06,307.15,1,-87.00,-5.00,24.00,2.00,43.00,2.00,14301723,74
369.94,1565153445,7359.77,51.44632654,7.43032052,202.39,34.81,0.33,308.43,1,-88.00,-5.00,23.00,2.00,42.00,2.00,14301723,74
370.94,1565153446,7394.54,51.44651666,7.42993245,201.33,35.17,0.37,309.39,1,-88.00,-5.00,23.00,2.00,42.00,2.00,14301723,74
371.94,1565153447,7429.75,51.44671626,7.42955971,199.96,35.65,0.47,310.82,1,-89.00,-5.00,19.00,2.00,40.00,2.00,14301723,74
372.93,1565153448,7465.29,51.44693056,7.42918541,198.56,35.99,0.35,312.80,1,-89.00,-5.00,19.00,2.00,40.00,2.00,14301723,74
373.94,1565153449,7501.39,51.44715994,7.42881385,196.69,36.46,0.47,314.49,1,-93.00,-6.00,13.00,2.00,37.00,2.00,14301723,74
374.94,1565153450,7537.85,51.44739800,7.42844901,194.73,36.78,0.32,315.96,1,-93.00,-6.00,13.00,2.00,37.00,2.00,14301723,74
375.94,1565153451,7574.64,51.44764546,7.42808656,192.89,37.22,0.43,317.32,1,-101.00,-6.00,13.00,15.00,28.00,13.00,14301723,74
376.94,1565153452,7611.85,51.44790430,7.42772966,191.13,37.53,0.32,318.96,1,-101.00,-6.00,13.00,15.00,28.00,13.00,14301723,74
377.94,1565153453,7649.42,51.44817270,7.42738102,189.41,37.87,0.34,320.67,1,-106.00,-6.00,9.00,13.00,24.00,13.00,14301723,74
378.94,1565153454,7687.29,51.44844576,7.42704764,187.68,38.26,0.40,322.77,1,-106.00,-6.00,9.00,13.00,24.00,13.00,14301723,74
379.94,1565153455,7725.56,51.44872211,7.42672393,185.85,38.44,0.17,323.91,1,-109.00,-8.00,-3.00,8.00,24.00,13.00,14301723,74
380.94,1565153456,7763.99,51.44900686,7.42640968,184.00,38.50,0.06,325.45,1,-109.00,-8.00,-3.00,8.00,24.00,13.00,14301723,74
381.94,1565153457,7802.41,51.44929778,7.42611154,182.18,38.48,-0.02,327.27,1,-110.00,-9.00,2.00,9.00,24.00,16.00,13806082,74
382.94,1565153458,7840.85,51.44959488,7.42582926,180.60,38.38,-0.10,329.32,1,-110.00,-9.00,2.00,9.00,24.00,16.00,13806082,74
383.94,1565153459,7879.58,51.44989504,7.42555434,178.97,38.26,-0.13,330.44,1,-91.00,-6.00,23.00,15.00,41.00,16.00,13806082,70
384.94,1565153460,7917.57,51.45019863,7.42528655,177.32,38.15,-0.11,332.03,1,-91.00,-6.00,23.00,15.00,41.00,16.00,13806082,70
385.94,1565153461,7955.68,51.45050199,7.42502918,175.40,38.16,0.02,333.20,1,-91.00,-6.00,23.00,15.00,41.00,16.00,13806082,70
386.94,1565153462,7993.99,51.45080208,7.42478324,174.19,38.10,-0.06,334.47,1,-95.00,-8.00,2.00,10.00,40.00,16.00,13806082,70
387.94,1565153463,8032.10,51.45111232,7.42455315,172.96,38.51,0.40,336.69,1,-95.00,-8.00,2.00,10.00,40.00,16.00,13806082,70
388.94,1565153464,8070.61,51.45143529,7.42433749,172.02,38.89,0.38,338.46,1,-91.00,-11.00,3.00,8.00,46.00,16.00,13806082,70
389.94,1565153465,8109.34,51.45176486,7.42414131,171.04,39.03,0.14,340.41,1,-91.00,-11.00,3.00,8.00,46.00,16.00,13806082,70
390.94,1565153466,8148.42,51.45209576,7.42395167,169.92,39.25,0.22,341.15,1,-87.00,-12.00,-9.00,5.00,51.00,37.00,12896771,376
391.94,1565153467,8187.67,51.45242555,7.42378163,168.55,38.89,-0.36,341.72,1,-87.00,-12.00,-9.00,5.00,51.00,37.00,12896771,376
392.93,1565153468,8226.44,51.45275553,7.42361627,167.01,38.66,-0.23,342.48,1,-91.00,-11.00,-5.00,6.00,47.00,19.00,12897027,376
393.94,1565153469,8265.26,51.45308938,7.42346100,165.46,38.79,0.13,343.01,1,-91.00,-11.00,-5.00,6.00,47.00,19.00,12897027,376
394.93,1565153470,8303.89,51.45342569,7.42330316,164.05,38.82,0.03,343.48,1,-75.00,-5.00,13.00,1.00,56.00,19.00,12897027,230
395.94,1565153471,8342.76,51.45375758,7.42314863,162.78,38.85,0.03,343.74,1,-75.00,-5.00,13.00,1.00,56.00,19.00,12897027,230
396.94,1565153472,8381.73,51.45409397,7.42299593,161.49,38.91,0.06,343.97,1,-84.00,-8.00,8.00,7.00,50.00,19.00,12897027,230
397.94,1565153473,8420.68,51.45443071,7.42284075,160.34,39.02,0.10,343.79,1,-84.00,-8.00,8.00,7.00,50.00,19.00,12897027,230
398.94,1565153474,8459.66,51.45476858,7.42268496,159.35,39.11,0.09,343.62,1,-77.00,-6.00,1.00,6.00,52.00,10.00,13806082,70
399.94,1565153475,8498.77,51.45510719,7.42252772,158.40,39.31,0.20,343.29,1,-77.00,-6.00,1.00,6.00,52.00,10.00,13806082,70
400.94,1565153476,8538.08,51.45544503,7.42236811,157.58,39.42,0.11,342.72,1,-77.00,-6.00,7.00,11.00,54.00,19.00,12897027,70
401.94,1565153477,8577.54,51.45577945,7.42219894,156.69,39.58,0.16,341.62,1,-77.00,-6.00,7.00,11.00,54.00,19.00,12897027,70
402.94,1565153478,8617.03,51.45611357,7.42202685,155.74,39.74,0.17,340.74,1,-76.00,-7.00,10.00,12.00,55.00,19.00,12897027,230
403.94,1565153479,8656.82,51.45644553,7.42183572,154.87,39.86,0.12,339.63,1,-76.00,-7.00,10.00,12.00,55.00,19.00,12897027,230
404.95,1565153480,8697.16,51.45678418,7.42163451,154.33,39.56,-0.30,338.65,1,-83.00,-12.00,21.00,11.00,54.00,19.00,12897027,230
405.94,1565153481,8736.25,51.45711011,7.42141735,153.93,39.10,-0.47,337.15,1,-83.00,-12.00,21.00,11.00,54.00,19.00,12897027,230
406.94,1565153482,8775.34,51.45743462,7.42118940,153.71,39.00,-0.10,335.95,1,-83.00,-12.00,21.00,11.00,54.00,19.00,12897027,230
407.94,1565153483,8814.38,51.45775448,7.42095056,153.72,39.01,0.01,334.85,1,-83.00,-7.00,5.00,6.00,49.00,19.00,12897027,230
408.94,1565153484,8853.35,51.45807483,7.42070747,153.92,39.22,0.21,334.16,1,-83.00,-7.00,5.00,6.00,49.00,19.00,12897027,230
409.94,1565153485,8892.49,51.45838741,7.42045125,154.11,39.06,-0.17,332.82,1,-78.00,-7.00,0.00,8.00,53.00,19.00,12897027,230
410.94,1565153486,8931.59,51.45869777,7.42018689,154.24,39.11,0.05,331.69,1,-78.00,-7.00,0.00,8.00,53.00,19.00,12897027,230
411.94,1565153487,8970.69,51.45900294,7.41991493,154.38,39.11,0.01,330.63,1,-86.00,-11.00,1.00,2.00,53.00,19.00,12897027,230
412.93,1565153488,9009.69,51.45930764,7.41962448,154.71,39.08,-0.03,329.18,1,-86.00,-11.00,1.00,2.00,53.00,19.00,12897027,230
413.94,1565153489,9048.96,51.45960865,7.41933616,154.83,39.32,0.24,328.43,1,-79.00,-6.00,14.00,2.00,52.00,19.00,12897051,119
414.94,1565153490,9088.29,51.45990191,7.41903480,154.81,39.23,-0.09,327.13,1,-79.00,-6.00,14.00,2.00,52.00,19.00,12897051,119
415.94,1565153491,9127.44,51.46018884,7.41872741,154.79,39.18,-0.05,326.04,1,-80.00,-7.00,12.00,2.00,51.00,22.00,12897051,119
416.94,1565153492,9166.58,51.46047688,7.41840596,154.72,39.22,0.05,324.79,1,-80.00,-7.00,12.00,2.00,51.00,22.00,12897051,119
417.94,1565153493,9205.77,51.46076527,7.41808109,154.63,39.27,0.05,323.85,1,-80.00,-6.00,10.00,11.00,50.00,22.00,12897051,119
418.94,1565153494,9245.11,51.46104573,7.41774248,154.42,39.25,-0.02,322.77,1,-80.00,-6.00,10.00,11.00,50.00,22.00,12897051,119
419.94,1565153495,9284.37,51.46132125,7.41739740,154.08,39.24,-0.01,321.50,1,-82.00,-8.00,4.00,6.00,50.00,6.00,13806105,39
420.94,1565153496,9323.57,51.46159314,7.41704739,153.78,39.27,0.02,320.38,1,-82.00,-8.00,4.00,6.00,50.00,6.00,13806105,39
421.94,1565153497,9362.88,51.46186469,7.41669389,153.50,39.18,-0.09,319.40,1,-84.00,-8.00,5.00,8.00,49.00,6.00,13806105,39
422.94,1565153498,9402.06,51.46213087,7.41632214,153.32,39.23,0.05,318.23,1,-84.00,-8.00,5.00,8.00,49.00,6.00,13806105,39
423.94,1565153499,9441.29,51.46239385,7.41593983,153.17,39.37,0.13,316.98,1,-82.00,-6.00,10.00,9.00,49.00,6.00,13806105,39
424.94,1565153500,9480.62,51.46264945,7.41555013,152.83,39.39,0.02,315.85,1,-82.00,-6.00,10.00,9.00,49.00,6.00,13806105,39
425.95,1565153501,9520.41,51.46290328,7.41515294,152.32,39.40,0.01,314.80,1,-87.00,-9.00,7.00,7.00,47.00,6.00,13806105,39
426.94,1565153502,9559.54,51.46316097,7.41474366,151.98,39.39,-0.01,313.91,1,-87.00,-9.00,7.00,7.00,47.00,6.00,13806105,39
427.94,1565153503,9598.93,51.46340730,7.41432755,151.83,39.37,-0.03,312.82,1,-87.00,-9.00,7.00,7.00,47.00,6.00,13806105,39
428.94,1565153504,9638.29,51.46364341,7.41391058,151.66,39.31,-0.06,311.71,1,-91.00,-10.00,7.00,8.00,45.00,6.00,13806105,39
429.94,1565153505,9677.60,51.46387536,7.41350258,151.27,39.27,-0.04,310.94,1,-91.00,-10.00,7.00,8.00,45.00,6.00,13806105,39
430.94,1565153506,9716.80,51.46410336,7.41307494,150.86,39.27,-0.00,310.08,1,-84.00,-6.00,4.00,2.00,48.00,6.00,13806105,39
431.97,1565153507,9757.21,51.46433367,7.41263679,151.08,38.93,-0.33,309.31,1,-84.00,-6.00,4.00,2.00,48.00,6.00,13806105,39
432.94,1565153508,9795.01,51.46455497,7.41219763,151.29,38.87,-0.06,308.97,1,-91.00,-8.00,-1.00,4.00,43.00,10.00,13806105,39
433.94,1565153509,9834.00,51.46477185,7.41176476,151.57,37.97,-0.90,308.55,1,-91.00,-8.00,-1.00,4.00,43.00,10.00,13806105,39
434.94,1565153510,9872.00,51.46498213,7.41134293,151.91,37.06,-0.90,308.17,1,-96.00,-9.00,-1.00,9.00,38.00,10.00,13806105,39
435.94,1565153511,9909.03,51.46518808,7.41092985,152.83,36.31,-0.75,308.31,1,-96.00,-9.00,-1.00,9.00,38.00,10.00,13806105,39
436.94,1565153512,9945.30,51.46539056,7.41052200,153.94,35.50,-0.82,308.15,1,-107.00,-13.00,-2.00,5.00,31.00,10.00,13806105,39
437.94,1565153513,9980.87,51.46558186,7.41012397,154.54,34.67,-0.82,307.93,1,-107.00,-13.00,-2.00,5.00,31.00,10.00,13806105,39
438.94,1565153514,10015.33,51.46577035,7.40973273,155.42,33.93,-0.75,307.85,1,-106.00,-14.00,-6.00,4.00,33.00,39.00,12896795,179
439.94,1565153515,10049.33,51.46595812,7.40934470,156.43,33.82,-0.11,307.86,1,-106.00,-14.00,-6.00,4.00,33.00,39.00,12896795,179
440.94,1565153516,10083.19,51.46614414,7.40895956,157.51,33.64,-0.18,308.61,1,-99.00,-10.00,-5.00,6.00,36.00,37.00,13823003,149
441.94,1565153517,10116.82,51.46633220,7.40858758,158.00,33.20,-0.44,309.30,1,-99.00,-10.00,-5.00,6.00,36.00,37.00,13823003,149
442.94,1565153518,10150.06,51.46651816,7.40822103,158.30,32.63,-0.57,310.24,1,-106.00,-20.00,-10.00,1.00,39.00,37.00,13823003,149
443.94,1565153519,10182.56,51.46670547,7.40786690,158.46,32.39,-0.25,310.52,1,-106.00,-20.00,-10.00,1.00,39.00,37.00,13823003,149
444.94,1565153520,10215.01,51.46689063,7.40751794,158.63,31.89,-0.49,310.46,1,-89.00,-9.00,10.00,14.00,43.00,25.00,12962329,176
445.94,1565153521,10246.90,51.46707376,7.40717255,158.81,31.31,-0.58,310.16,1,-89.00,-9.00,10.00,14.00,43.00,25.00,12962329,176
446.95,1565153522,10278.52,51.46725550,7.40682926,159.02,31.14,-0.17,309.94,1,-92.00,-8.00,1.00,11.00,41.00,25.00,12962329,176
447.94,1565153523,10309.45,51.46743587,7.40648792,159.20,31.12,-0.02,310.05,1,-92.00,-8.00,1.00,11.00,41.00,25.00,12962329,176
448.94,1565153524,10340.54,51.46761614,7.40614734,159.45,30.93,-0.19,310.42,1,-92.00,-8.00,1.00,11.00,41.00,25.00,12962329,176
449.94,1565153525,10371.50,51.46779547,7.40580937,159.77,30.85,-0.09,310.83,1,-98.00,-11.00,-9.00,6.00,39.00,25.00,12962329,176
450.94,1565153526,10402.20,51.46797469,7.40547389,160.09,30.66,-0.19,311.14,1,-98.00,-11.00,-9.00,6.00,39.00,25.00,12962329,176
451.94,1565153527,10432.92,51.46815227,7.40514421,160.36,30.52,-0.15,311.43,1,-95.00,-10.00,-7.00,5.00,40.00,18.00,13826329,93
452.94,1565153528,10463.41,51.46833437,7.40482330,160.50,30.56,0.05,311.94,1,-95.00,-10.00,-7.00,5.00,40.00,18.00,13826329,93
453.94,1565153529,10494.06,51.46851916,7.40449641,160.63,30.46,-0.11,312.55,1,-100.00,-10.00,-1.00,8.00,36.00,18.00,13826329,93
454.94,1565153530,10524.52,51.46870211,7.40417317,160.75,30.35,-0.11,312.61,1,-100.00,-10.00,-1.00,8.00,36.00,18.00,13826329,93
455.94,1565153531,10554.87,51.46888517,7.40385151,160.93,30.31,-0.04,312.77,1,-96.00,-8.00,2.00,10.00,36.00,51.00,14301723,74
456.94,1565153532,10585.18,51.46907331,7.40353248,161.16,30.43,0.12,313.10,1,-96.00,-8.00,2.00,10.00,36.00,51.00,14301723,74
457.94,1565153533,10615.58,51.46925990,7.40321665,161.48,30.42,-0.01,313.79,1,-92.00,-6.00,21.00,10.00,37.00,51.00,14301723,74
458.94,1565153534,10646.03,51.46944292,7.40290387,161.61,30.72,0.30,313.98,1,-92.00,-6.00,21.00,10.00,37.00,51.00,14301723,74
459.94,1565153535,10676.69,51.46963857,7.40258006,161.95,30.81,0.09,314.19,1,-96.00,-7.00,4.00,12.00,34.00,51.00,14301723,74
460.94,1565153536,10707.53,51.46983193,7.40226323,162.63,30.53,-0.28,314.44,1,-96.00,-7.00,4.00,12.00,34.00,51.00,14301723,74
461.94,1565153537,10738.06,51.47002629,7.40194401,163.21,30.64,0.11,314.99,1,-93.00,-7.00,3.00,15.00,35.00,51.00,14301723,74
462.94,1565153538,10768.69,51.47022430,7.40163281,163.81,30.66,0.02,315.59,1,-93.00,-7.00,3.00,15.00,35.00,51.00,14301723,74
463.94,1565153539,10799.35,51.47042371,7.40131932,164.55,30.84,0.18,316.03,1,-91.00,-5.00,11.00,15.00,36.00,51.00,14301723,74
464.94,1565153540,10830.19,51.47062621,7.40100294,165.37,30.98,0.14,316.32,1,-91.00,-5.00,11.00,15.00,36.00,51.00,14301723,74
465.94,1565153541,10861.20,51.47083093,7.40069133,166.23,31.14,0.16,316.62,1,-89.00,-5.00,12.00,8.00,39.00,51.00,14301723,74
466.94,1565153542,10892.27,51.47103648,7.40037951,167.00,31.31,0.17,316.88,1,-89.00,-5.00,12.00,8.00,39.00,51.00,14301723,74
467.94,1565153543,10923.84,51.47124357,7.40006609,167.71,31.44,0.13,317.14,1,-90.00,-5.00,16.00,10.00,37.00,51.00,14301723,74
468.94,1565153544,10955.09,51.47144950,7.39975721,168.29,31.59,0.15,317.52,1,-90.00,-5.00,16.00,10.00,37.00,51.00,14301723,74
469.94,1565153545,10986.64,51.47166049,7.39945542,168.76,31.72,0.13,318.00,1,-90.00,-5.00,16.00,10.00,37.00,51.00,14301723,74
470.94,1565153546,11018.33,51.47187218,7.39915290,169.12,31.47,-0.25,318.46,1,-88.00,-5.00,17.00,9.00,39.00,51.00,14301723,74
471.94,1565153547,11049.80,51.47208112,7.39885460,169.38,30.87,-0.60,318.68,1,-88.00,-5.00,17.00,9.00,39.00,51.00,14301723,74
472.94,1565153548,11080.66,51.47228932,7.39856810,169.60,30.41,-0.46,319.04,1,-85.00,-4.00,14.00,2.00,42.00,51.00,14301723,74
473.94,1565153549,11111.04,51.47249781,7.39827976,169.79,30.31,-0.10,319.27,1,-85.00,-4.00,14.00,2.00,42.00,51.00,14301723,74
474.93,1565153550,11141.29,51.47270422,7.39799519,169.96,30.29,-0.02,319.56,1,-89.00,-5.00,19.00,2.00,38.00,58.00,14301723,74
475.94,1565153551,11171.68,51.47290940,7.39771329,170.19,30.36,0.07,319.89,1,-89.00,-5.00,19.00,2.00,38.00,58.00,14301723,74
476.94,1565153552,11202.10,51.47311555,7.39743867,170.64,30.48,0.12,320.22,1,-92.00,-6.00,21.00,1.00,33.00,58.00,14301723,74
477.94,1565153553,11232.55,51.47332508,7.39715966,171.17,30.58,0.10,320.55,1,-92.00,-6.00,21.00,1.00,33.00,58.00,14301723,74
478.94,1565153554,11263.14,51.47353701,7.39687736,171.75,30.72,0.14,320.85,1,-95.00,-6.00,15.00,15.00,27.00,58.00,14301723,74
479.94,1565153555,11293.89,51.47375683,7.39660373,172.27,30.89,0.17,321.77,1,-95.00,-6.00,15.00,15.00,27.00,58.00,14301723,74
480.94,1565153556,11324.72,51.47397857,7.39632822,172.78,31.02,0.13,322.31,1,-96.00,-6.00,10.00,12.00,30.00,58.00,14301723,74
481.94,1565153557,11355.68,51.47419761,7.39607020,173.32,30.50,-0.52,322.97,1,-96.00,-6.00,10.00,12.00,30.00,58.00,14301723,74
482.94,1565153558,11386.27,51.47441531,7.39581349,173.80,30.27,-0.23,323.76,1,-106.00,-7.00,7.00,10.00,24.00,58.00,14301723,74
483.94,1565153559,11416.54,51.47463847,7.39555784,174.15,30.30,0.03,324.43,1,-106.00,-7.00,7.00,10.00,24.00,58.00,14301723,74
484.94,1565153560,11446.90,51.47486266,7.39531007,174.62,30.22,-0.08,325.63,1,-112.00,-13.00,6.00,7.00,25.00,58.00,14301723,74
485.94,1565153561,11477.12,51.47509357,7.39506826,174.87,30.33,0.11,327.10,1,-112.00,-13.00,6.00,7.00,25.00,58.00,14301723,74
486.94,1565153562,11507.48,51.47533255,7.39483562,175.18,30.52,0.19,329.19,1,-103.00,-11.00,-9.00,8.00,32.00,13.00,13884162,355
487.94,1565153563,11537.93,51.47557062,7.39459887,175.62,30.35,-0.17,329.06,1,-103.00,-11.00,-9.00,8.00,32.00,13.00,13884162,355
488.95,1565153564,11568.49,51.47580378,7.39437108,176.08,30.21,-0.13,329.55,1,-88.00,-7.00,13.00,12.00,45.00,13.00,13884162,223
489.94,1565153565,11598.49,51.47603862,7.39416049,176.65,29.68,-0.53,331.14,1,-88.00,-7.00,13.00,12.00,45.00,13.00,13884162,223
490.94,1565153566,11628.18,51.47626668,7.39396480,177.04,28.75,-0.94,332.30,1,-88.00,-7.00,13.00,12.00,45.00,13.00,13884162,223
491.94,1565153567,11656.84,51.47649294,7.39377976,177.36,28.11,-0.64,333.62,1,-84.00,-9.00,9.00,9.00,51.00,13.00,13884162,223
492.94,1565153568,11684.98,51.47672029,7.39360561,177.79,27.39,-0.72,334.83,1,-84.00,-9.00,9.00,9.00,51.00,13.00,13884162,223
493.94,1565153569,11712.35,51.47694140,7.39344401,178.26,26.87,-0.52,335.98,1,-91.00,-8.00,11.00,10.00,43.00,13.00,13884162,223
494.94,1565153570,11739.24,51.47715045,7.39330106,178.80,24.89,-1.97,337.85,1,-91.00,-8.00,11.00,10.00,43.00,13.00,13884162,223
495.94,1565153571,11764.14,51.47734639,7.39318047,179.59,22.86,-2.03,340.58,1,-95.00,-8.00,10.00,10.00,38.00,13.00,13884162,223
496.94,1565153572,11787.02,51.47753326,7.39308771,179.99,21.69,-1.17,343.83,1,-95.00,-8.00,10.00,10.00,38.00,13.00,13884162,223
497.94,1565153573,11808.69,51.47771272,7.39303688,180.31,20.97,-0.72,349.73,1,-89.00,-5.00,15.00,2.00,44.00,13.00,13884162,223
498.94,1565153574,11829.66,51.47790043,7.39303180,180.48,20.65,-0.32,0.28,1,-89.00,-5.00,15.00,2.00,44.00,13.00,13884162,223
499.94,1565153575,11850.33,51.47807327,7.39305399,180.92,20.26,-0.39,5.21,1,-101.00,-11.00,10.00,2.00,34.00,13.00,12962329,176
500.94,1565153576,11870.59,51.47826357,7.39312055,181.15,20.29,0.03,14.03,1,-101.00,-11.00,10.00,2.00,34.00,13.00,12962329,176
501.94,1565153577,11890.88,51.47843367,7.39322287,180.96,19.72,-0.57,21.42,1,-99.00,-11.00,1.00,2.00,36.00,13.00,12962329,176
502.94,1565153578,11910.60,51.47858878,7.39335049,181.24,19.84,0.12,29.09,1,-99.00,-11.00,1.00,2.00,36.00,13.00,12962329,176
503.94,1565153579,11930.44,51.47873892,7.39349385,181.41,19.13,-0.70,33.07,1,-98.00,-12.00,2.00,2.00,37.00,13.00,12962329,176
504.94,1565153580,11949.57,51.47888355,7.39363371,182.11,17.56,-1.58,33.63,1,-98.00,-12.00,2.00,2.00,37.00,13.00,12962329,176
505.94,1565153581,11967.14,51.47902334,7.39376185,182.32,16.29,-1.26,30.85,1,-104.00,-14.00,10.00,2.00,36.00,13.00,13884187,449
506.94,1565153582,11983.45,51.47917387,7.39382437,182.49,15.83,-0.47,13.02,1,-104.00,-14.00,10.00,2.00,36.00,13.00,13884187,449
507.94,1565153583,11999.23,51.47930106,7.39385753,183.03,15.43,-0.40,9.07,1,-103.00,-11.00,12.00,2.00,34.00,13.00,13884187,449
508.94,1565153584,12014.66,51.47943361,7.39380591,183.42,15.32,-0.11,343.39,1,-103.00,-11.00,12.00,2.00,34.00,13.00,13884187,449
509.94,1565153585,12030.10,51.47957039,7.39374083,183.60,15.58,0.26,341.32,1,-98.00,-7.00,15.00,2.00,34.00,13.00,13884187,449
510.94,1565153586,12045.54,51.47970150,7.39365524,183.84,15.67,0.10,338.42,1,-98.00,-7.00,15.00,2.00,34.00,13.00,13884187,449
511.94,1565153587,12061.21,51.47982670,7.39355955,184.53,14.97,-0.70,336.60,1,-98.00,-7.00,15.00,2.00,34.00,13.00,13884187,449
512.94,1565153588,12076.19,51.47993868,7.39347251,185.18,13.38,-1.59,336.96,1,-95.00,-6.00,23.00,15.00,37.00,10.00,13884187,449
513.94,1565153589,12089.57,51.48005594,7.39343150,185.52,11.94,-1.44,352.78,1,-95.00,-6.00,23.00,15.00,37.00,10.00,13884187,449
514.94,1565153590,12101.49,51.48015318,7.39344871,186.76,11.41,-0.52,10.69,1,-93.00,-6.00,19.00,10.00,38.00,10.00,13884187,449
515.94,1565153591,12112.91,51.48024194,7.39350985,187.53,11.53,0.12,27.64,1,-93.00,-6.00,19.00,10.00,38.00,10.00,13884187,449
516.93,1565153592,12124.41,51.48031915,7.39363391,187.34,12.46,0.93,50.01,1,-94.00,-6.00,18.00,12.00,38.00,10.00,13884187,449
517.94,1565153593,12136.92,51.48039923,7.39379228,187.41,13.40,0.94,52.85,1,-94.00,-6.00,18.00,12.00,38.00,10.00,13884187,449
518.94,1565153594,12150.30,51.48046909,7.39396006,187.52,14.44,1.05,55.00,1,-96.00,-5.00,14.00,10.00,33.00,10.00,13884187,449
519.94,1565153595,12164.77,51.48054518,7.39414979,187.52,15.25,0.80,56.66,1,-96.00,-5.00,14.00,10.00,33.00,10.00,13884187,449
520.94,1565153596,12180.00,51.48061409,7.39432811,187.33,16.37,1.12,57.72,1,-83.00,-5.00,23.00,15.00,50.00,10.00,13884187,449
521.94,1565153597,12196.37,51.48069541,7.39453769,187.21,17.38,1.00,58.43,1,-83.00,-5.00,23.00,15.00,50.00,10.00,13884187,449
522.94,1565153598,12213.77,51.48077628,7.39474823,187.09,17.42,0.05,58.98,1,-79.00,-5.00,27.00,15.00,54.00,10.00,13884187,449
523.94,1565153599,12231.17,51.48086433,7.39498577,186.97,17.67,0.25,59.42,1,-79.00,-5.00,27.00,15.00,54.00,10.00,13884187,449
524.94,1565153600,12248.84,51.48094340,7.39521073,186.70,18.01,0.34,59.89,1,-82.00,-5.00,26.00,9.00,50.00,10.00,13884187,449
525.94,1565153601,12266.87,51.48102515,7.39544794,186.57,17.93,-0.07,60.33,1,-82.00,-5.00,26.00,9.00,50.00,10.00,13884187,449
526.94,1565153602,12284.77,51.48109800,7.39566364,186.26,17.94,0.00,61.02,1,-91.00,-7.00,7.00,2.00,45.00,10.00,13884187,449
527.94,1565153603,12302.72,51.48116620,7.39587194,186.01,17.77,-0.17,60.53,1,-91.00,-7.00,7.00,2.00,45.00,10.00,13884187,449
528.94,1565153604,12320.49,51.48124557,7.39610619,185.78,17.75,-0.02,60.35,1,-93.00,-7.00,13.00,2.00,40.00,10.00,13884187,449
529.94,1565153605,12338.24,51.48132457,7.39633736,185.26,17.76,0.01,60.36,1,-93.00,-7.00,13.00,2.00,40.00,10.00,13884187,449
530.95,1565153606,12356.15,51.48140438,7.39656568,184.64,17.89,0.13,60.16,1,-90.00,-7.00,4.00,2.00,44.00,10.00,13884187,449
531.94,1565153607,12373.89,51.48147393,7.39677015,184.41,17.81,-0.08,59.40,1,-90.00,-7.00,4.00,2.00,44.00,10.00,13884187,449
532.94,1565153608,12391.68,51.48155953,7.39700125,184.20,18.11,0.30,58.83,1,-90.00,-7.00,4.00,2.00,44.00,10.00,13884187,449
533.94,1565153609,12409.83,51.48163625,7.39721070,184.30,18.14,0.03,57.96,1,-91.00,-8.00,6.00,2.00,42.00,10.00,13884187,449
534.94,1565153610,12427.97,51.48172023,7.39742339,184.46,18.27,0.13,56.74,1,-91.00,-8.00,6.00,2.00,42.00,10.00,13884187,449
535.94,1565153611,12446.24,51.48180808,7.39763095,184.55,17.77,-0.50,55.45,1,-95.00,-8.00,9.00,2.00,38.00,10.00,13884187,449
536.94,1565153612,12464.00,51.48190337,7.39784378,184.61,17.54,-0.22,54.05,1,-95.00,-8.00,9.00,2.00,38.00,10.00,13884187,449
537.94,1565153613,12481.55,51.48200225,7.39804631,184.66,17.14,-0.40,52.70,1,-100.00,-8.00,1.00,2.00,33.00,10.00,13884187,449
538.94,1565153614,12498.67,51.48209712,7.39822288,184.80,16.87,-0.27,51.08,1,-100.00,-8.00,1.00,2.00,33.00,10.00,13884187,449
539.94,1565153615,12515.54,51.48219481,7.39839003,185.11,16.02,-0.85,48.71,1,-98.00,-7.00,8.00,2.00,35.00,10.00,13884187,449
540.94,1565153616,12531.58,51.48228877,7.39853660,185.47,14.13,-1.89,46.65,1,-98.00,-7.00,8.00,2.00,35.00,10.00,13884187,449
541.94,1565153617,12545.71,51.48237864,7.39867348,185.85,13.45,-0.68,44.91,1,-95.00,-7.00,7.00,2.00,38.00,10.00,13884187,449
542.94,1565153618,12559.15,51.48247407,7.39880023,186.39,13.21,-0.24,42.83,1,-95.00,-7.00,7.00,2.00,38.00,10.00,13884187,449
543.94,1565153619,12572.37,51.48258011,7.39892830,186.75,13.10,-0.12,40.29,1,-96.00,-8.00,2.00,2.00,38.00,10.00,13884187,449
544.94,1565153620,12585.47,51.48268083,7.39904177,186.86,13.05,-0.05,38.43,1,-96.00,-8.00,2.00,2.00,38.00,10.00,13884187,449
545.94,1565153621,12598.51,51.48277331,7.39913292,186.65,12.70,-0.35,36.66,1,-98.00,-10.00,0.00,2.00,38.00,10.00,13884187,449
546.94,1565153622,12611.21,51.48287200,7.39923927,186.58,12.92,0.21,35.64,1,-98.00,-10.00,0.00,2.00,38.00,10.00,13884187,449
547.94,1565153623,12624.14,51.48297184,7.39934182,186.79,13.18,0.26,35.15,1,-99.00,-12.00,1.00,2.00,38.00,10.00,13884187,449
548.94,1565153624,12637.31,51.48307894,7.39945294,186.80,14.74,1.56,34.43,1,-99.00,-12.00,1.00,2.00,38.00,10.00,13884187,449
549.94,1565153625,12652.05,51.48319295,7.39957055,186.77,14.84,0.10,34.58,1,-94.00,-7.00,7.00,2.00,39.00,10.00,13884186,217
550.94,1565153626,12666.88,51.48331090,7.39968256,186.65,14.80,-0.04,34.01,1,-94.00,-7.00,7.00,2.00,39.00,10.00,13884186,217
551.95,1565153627,12681.79,51.48342830,7.39980293,186.74,15.01,0.21,34.38,1,-93.00,-7.00,2.00,2.00,38.00,6.00,13884186,217
552.94,1565153628,12696.68,51.48354211,7.39992100,186.63,15.26,0.25,34.25,1,-93.00,-7.00,2.00,2.00,38.00,6.00,13884186,217
553.94,1565153629,12711.96,51.48366226,7.40004817,186.53,15.50,0.24,34.69,1,-93.00,-7.00,2.00,2.00,38.00,6.00,13884186,217
554.94,1565153630,12727.46,51.48378376,7.40018047,186.48,15.77,0.27,35.50,1,-99.00,-8.00,4.00,8.00,33.00,6.00,13884186,217
555.94,1565153631,12743.22,51.48390552,7.40031751,186.50,15.78,0.01,35.89,1,-99.00,-8.00,4.00,8.00,33.00,6.00,13884186,217
556.94,1565153632,12759.00,51.48402038,7.40045367,186.33,15.75,-0.03,36.66,1,-93.00,-7.00,11.00,9.00,40.00,6.00,13884186,217
557.94,1565153633,12774.73,51.48413122,7.40058493,186.02,16.09,0.34,37.00,1,-93.00,-7.00,11.00,9.00,40.00,6.00,13884186,217
558.94,1565153634,12790.84,51.48424573,7.40072596,185.70,15.82,-0.27,37.86,1,-97.00,-8.00,2.00,8.00,36.00,6.00,13884186,217
559.94,1565153635,12806.67,51.48435859,7.40087229,185.48,15.43,-0.38,38.93,1,-97.00,-8.00,2.00,8.00,36.00,6.00,13884186,217
560.94,1565153636,12822.10,51.48446029,7.40101128,185.44,15.08,-0.35,40.17,1,-95.00,-7.00,2.00,7.00,37.00,6.00,13884186,217
561.94,1565153637,12837.18,51.48456502,7.40115814,185.48,15.64,0.56,41.04,1,-95.00,-7.00,2.00,7.00,37.00,6.00,13884186,217
562.94,1565153638,12852.81,51.48467317,7.40131475,185.32,15.85,0.21,41.62,1,-98.00,-8.00,-1.00,7.00,34.00,6.00,13884186,217
563.94,1565153639,12868.66,51.48478327,7.40147454,185.02,15.47,-0.38,42.46,1,-98.00,-8.00,-1.00,7.00,34.00,6.00,13884186,217
564.94,1565153640,12884.14,51.48488420,7.40163313,184.90,15.37,-0.10,43.13,1,-98.00,-7.00,12.00,9.00,35.00,6.00,13884186,217
565.94,1565153641,12899.50,51.48498443,7.40178998,185.09,15.33,-0.05,44.08,1,-98.00,-7.00,12.00,9.00,35.00,6.00,13884186,217
566.94,1565153642,12914.82,51.48508275,7.40194924,185.60,15.65,0.32,44.82,1,-100.00,-7.00,6.00,2.00,36.00,6.00,13884186,217
567.94,1565153643,12930.47,51.48518429,7.40211295,186.27,15.83,0.18,45.44,1,-100.00,-7.00,6.00,2.00,36.00,6.00,13884186,217
568.94,1565153644,12946.30,51.48528604,7.40228799,186.53,15.92,0.09,46.15,1,-100.00,-8.00,9.00,2.00,33.00,6.00,13884186,217
569.94,1565153645,12962.21,51.48538245,7.40245706,186.67,15.96,0.05,46.89,1,-100.00,-8.00,9.00,2.00,33.00,6.00,13884186,217
570.94,1565153646,12978.17,51.48547519,7.40262933,186.93,16.02,0.05,47.75,1,-95.00,-7.00,7.00,2.00,37.00,6.00,13884186,217
571.94,1565153647,12994.20,51.48556494,7.40280711,187.12,15.98,-0.04,48.89,1,-95.00,-7.00,7.00,2.00,37.00,6.00,13884186,217
572.95,1565153648,13010.31,51.48565624,7.40298876,187.30,15.98,0.00,50.01,1,-95.00,-7.00,16.00,2.00,37.00,6.00,13884186,217
573.94,1565153649,13026.16,51.48574899,7.40317283,187.54,16.05,0.07,50.96,1,-95.00,-7.00,16.00,2.00,37.00,6.00,13884186,217
574.94,1565153650,13042.19,51.48583256,7.40335819,187.53,15.85,-0.20,52.23,1,-95.00,-7.00,16.00,2.00,37.00,6.00,13884186,217
575.94,1565153651,13058.06,51.48591691,7.40354953,187.58,15.34,-0.51,53.76,1,-93.00,-6.00,18.00,2.00,39.00,6.00,13884186,217
576.94,1565153652,13073.40,51.48600171,7.40373998,187.75,15.86,0.52,54.33,1,-93.00,-6.00,18.00,2.00,39.00,6.00,13884186,217
577.94,1565153653,13089.25,51.48608447,7.40392973,187.65,15.63,-0.22,54.86,1,-90.00,-6.00,10.00,2.00,43.00,6.00,13884186,217
578.94,1565153654,13104.90,51.48616226,7.40411807,187.64,15.14,-0.49,56.00,1,-90.00,-6.00,10.00,2.00,43.00,6.00,13884186,217
579.94,1565153655,13120.03,51.48623726,7.40430684,187.29,14.91,-0.23,57.18,1,-90.00,-7.00,4.00,2.00,43.00,6.00,13884186,217
580.94,1565153656,13134.94,51.48631223,7.40450633,187.09,14.82,-0.09,58.55,1,-90.00,-7.00,4.00,2.00,43.00,6.00,13884186,217
581.94,1565153657,13149.77,51.48638063,7.40469484,186.93,14.98,0.16,59.22,1,-91.00,-9.00,8.00,2.00,43.00,6.00,13821978,171
582.94,1565153658,13164.75,51.48645232,7.40489003,186.38,15.07,0.09,59.34,1,-91.00,-9.00,8.00,2.00,43.00,6.00,13821978,171
583.94,1565153659,13179.82,51.48652250,7.40507857,186.35,15.85,0.78,58.91,1,-90.00,-8.00,7.00,2.00,43.00,6.00,13821978,171
584.94,1565153660,13195.65,51.48659542,7.40527749,186.08,16.25,0.41,58.97,1,-90.00,-8.00,7.00,2.00,43.00,6.00,13821978,171
585.94,1565153661,13211.92,51.48666450,7.40547950,185.95,16.17,-0.08,59.90,1,-89.00,-9.00,14.00,2.00,45.00,6.00,13821978,171
586.94,1565153662,13228.11,51.48673331,7.40569212,185.65,16.42,0.24,61.13,1,-89.00,-9.00,14.00,2.00,45.00,6.00,13821978,171
587.94,1565153663,13244.51,51.48679921,7.40590581,185.21,16.71,0.29,62.12,1,-79.00,-6.00,10.00,13.00,56.00,10.00,13821978,171
588.94,1565153664,13261.19,51.48686675,7.40613225,184.49,16.75,0.04,63.10,1,-79.00,-6.00,10.00,13.00,56.00,10.00,13821978,171
589.94,1565153665,13277.99,51.48692502,7.40634662,183.85,16.98,0.23,64.02,1,-76.00,-7.00,4.00,6.00,55.00,4.00,13828122,452
590.93,1565153666,13294.89,51.48697983,7.40657303,183.25,16.96,-0.02,65.36,1,-76.00,-7.00,4.00,6.00,55.00,4.00,13828122,452
591.94,1565153667,13311.91,51.48704376,7.40681912,182.71,16.91,-0.05,66.77,1,-79.00,-6.00,14.00,12.00,51.00,4.00,13828122,452
592.94,1565153668,13328.80,51.48710001,7.40705900,182.19,16.84,-0.07,68.29,1,-79.00,-6.00,14.00,12.00,51.00,4.00,13828122,452
593.95,1565153669,13345.80,51.48715026,7.40727684,181.65,17.14,0.29,69.50,1,-77.00,-6.00,19.00,15.00,54.00,4.00,13828122,452
594.94,1565153670,13362.78,51.48719774,7.40750786,181.56,17.00,-0.15,70.81,1,-77.00,-6.00,19.00,15.00,54.00,4.00,13828122,452
595.94,1565153671,13379.79,51.48723827,7.40774343,181.75,17.15,0.15,71.88,1,-77.00,-6.00,19.00,15.00,54.00,4.00,13828122,452
596.94,1565153672,13396.94,51.48727294,7.40798224,182.04,16.70,-0.45,73.49,1,-77.00,-6.00,19.00,9.00,55.00,4.00,13828122,452
597.94,1565153673,13413.64,51.48730377,7.40820801,182.21,16.18,-0.52,74.68,1,-77.00,-6.00,19.00,9.00,55.00,4.00,13828122,452
598.94,1565153674,13429.81,51.48733437,7.40844111,181.92,16.93,0.75,75.39,1,-73.00,-5.00,23.00,15.00,59.00,4.00,13828122,452
599.94,1565153675,13446.74,51.48735765,7.40867514,181.35,17.09,0.17,76.09,1,-73.00,-5.00,23.00,15.00,59.00,4.00,13828122,452
600.94,1565153676,13463.84,51.48739256,7.40893938,180.96,16.88,-0.21,76.92,1,-73.00,-5.00,25.00,15.00,57.00,4.00,13828122,452
601.94,1565153677,13480.72,51.48742446,7.40919548,180.50,17.09,0.21,77.55,1,-73.00,-5.00,25.00,15.00,57.00,4.00,13828122,452
602.94,1565153678,13497.79,51.48745507,7.40944426,179.75,16.96,-0.13,78.09,1,-74.00,-6.00,25.00,2.00,61.00,4.00,13828122,452
603.94,1565153679,13514.77,51.48748245,7.40968472,178.78,16.71,-0.25,78.83,1,-74.00,-6.00,25.00,2.00,61.00,4.00,13828122,452
604.94,1565153680,13531.50,51.48750650,7.40991611,177.82,16.37,-0.34,79.22,1,-77.00,-5.00,23.00,2.00,54.00,4.00,13828122,452
605.94,1565153681,13547.88,51.48752745,7.41013765,176.55,15.41,-0.95,80.35,1,-77.00,-5.00,23.00,2.00,54.00,4.00,13828122,452
606.94,1565153682,13563.28,51.48754512,7.41034701,175.50,14.30,-1.12,81.19,1,-82.00,-6.00,7.00,2.00,49.00,4.00,13828122,452
607.94,1565153683,13577.58,51.48755587,7.41055544,175.13,12.49,-1.81,82.29,1,-82.00,-6.00,7.00,2.00,49.00,4.00,13828122,452
608.94,1565153684,13590.07,51.48756687,7.41071340,174.44,10.15,-2.34,82.99,1,-85.00,-7.00,11.00,2.00,47.00,4.00,13828122,452
609.94,1565153685,13600.23,51.48757571,7.41084139,173.97,6.95,-3.20,82.54,1,-85.00,-7.00,11.00,2.00,47.00,4.00,13828122,452
610.94,1565153686,13607.17,51.48759174,7.41090916,173.38,6.38,-0.58,60.86,1,-87.00,-8.00,8.00,2.00,46.00,4.00,13821978,171
611.94,1565153687,13613.55,51.48762394,7.41094749,173.20,6.66,0.29,37.21,1,-87.00,-8.00,8.00,2.00,46.00,4.00,13821978,171
612.94,1565153688,13620.22,51.48767379,7.41097585,173.08,7.28,0.62,17.28,1,-86.00,-7.00,15.00,2.00,46.00,4.00,13821978,171
613.93,1565153689,13627.47,51.48771686,7.41099121,172.80,7.83,0.55,4.48,1,-86.00,-7.00,15.00,2.00,46.00,4.00,13821978,171
614.95,1565153690,13635.39,51.48777270,7.41100001,172.08,8.66,0.82,0.76,1,-86.00,-7.00,12.00,2.00,46.00,7.00,13821978,171
615.94,1565153691,13643.99,51.48785204,7.41099419,171.34,9.69,1.04,357.63,1,-86.00,-7.00,12.00,2.00,46.00,7.00,13821978,171
616.94,1565153692,13653.67,51.48793869,7.41097941,170.66,10.30,0.61,355.52,1,-86.00,-7.00,12.00,2.00,46.00,7.00,13821978,171
617.94,1565153693,13663.98,51.48803363,7.41095983,170.06,10.67,0.36,353.62,1,-84.00,-6.00,14.00,11.00,48.00,7.00,13821978,171
618.94,1565153694,13674.64,51.48814719,7.41093663,169.50,12.48,1.81,353.06,1,-84.00,-6.00,14.00,11.00,48.00,7.00,13821978,171
619.94,1565153695,13687.12,51.48826209,7.41091283,169.01,12.32,-0.16,352.14,1,-84.00,-6.00,13.00,11.00,47.00,7.00,13821978,171
620.94,1565153696,13699.44,51.48836532,7.41088593,168.67,12.30,-0.03,351.46,1,-84.00,-6.00,13.00,11.00,47.00,7.00,13821978,171
621.94,1565153697,13711.74,51.48847983,7.41085399,168.26,12.12,-0.18,350.69,1,-81.00,-6.00,15.00,11.00,50.00,7.00,13821978,171
622.94,1565153698,13723.86,51.48858345,7.41082184,168.21,12.04,-0.08,350.11,1,-81.00,-6.00,15.00,11.00,50.00,7.00,13821978,171
623.94,1565153699,13735.90,51.48868875,7.41078618,168.62,11.62,-0.42,349.09,1,-72.00,-6.00,14.00,9.00,59.00,7.00,13821978,171
624.94,1565153700,13747.52,51.48879945,7.41074597,168.71,11.88,0.26,348.58,1,-72.00,-6.00,14.00,9.00,59.00,7.00,13821978,171
625.94,1565153701,13759.41,51.48889489,7.41070626,168.98,11.65,-0.24,347.78,1,-81.00,-8.00,18.00,2.00,57.00,7.00,13821978,171
626.94,1565153702,13771.05,51.48899987,7.41065742,169.28,11.38,-0.27,346.70,1,-81.00,-8.00,18.00,2.00,57.00,7.00,13821978,171
627.94,1565153703,13782.43,51.48909913,7.41061122,169.44,11.30,-0.08,347.07,1,-74.00,-6.00,22.00,15.00,54.00,5.00,13821978,171
628.94,1565153704,13793.73,51.48920378,7.41056646,169.62,11.57,0.27,347.51,1,-74.00,-6.00,22.00,15.00,54.00,5.00,13821978,171
629.93,1565153705,13805.28,51.48930362,7.41052845,169.71,11.90,0.33,347.99,1,-69.00,-5.00,25.00,15.00,60.00,5.00,13821978,171
630.94,1565153706,13817.19,51.48941222,7.41048929,170.13,12.07,0.17,347.03,1,-69.00,-5.00,25.00,15.00,60.00,5.00,13821978,171
631.93,1565153707,13829.25,51.48952225,7.41044660,170.69,11.80,-0.26,346.54,1,-72.00,-5.00,24.00,14.00,58.00,5.00,13821978,171
632.94,1565153708,13841.08,51.48962671,7.41040538,170.98,11.63,-0.17,346.43,1,-72.00,-5.00,24.00,14.00,58.00,5.00,13821978,171
633.94,1565153709,13852.71,51.48972587,7.41036155,170.95,11.39,-0.24,345.60,1,-72.00,-5.00,21.00,15.00,57.00,5.00,13821978,171
634.93,1565153710,13864.07,51.48981968,7.41032603,170.97,9.76,-1.64,346.23,1,-72.00,-5.00,21.00,15.00,57.00,5.00,13821978,171
635.95,1565153711,13873.93,51.48990309,7.41029389,171.03,8.03,-1.71,346.41,1,-81.00,-6.00,19.00,12.00,50.00,5.00,13821978,171
636.94,1565153712,13881.90,51.48995551,7.41027565,171.13,5.68,-2.37,349.76,1,-81.00,-6.00,19.00,12.00,50.00,5.00,13821978,171
637.94,1565153713,13887.58,51.48999449,7.41029814,171.19,4.68,-1.00,25.23,1,-81.00,-6.00,19.00,12.00,50.00,5.00,13821978,171
638.94,1565153714,13892.26,51.49001672,7.41033896,170.88,5.29,0.61,47.60,1,-77.00,-6.00,19.00,12.00,52.00,5.00,13821978,171
639.94,1565153715,13897.56,51.49004379,7.41041792,170.19,6.33,1.04,68.32,1,-77.00,-6.00,19.00,12.00,52.00,5.00,13821978,171
640.94,1565153716,13903.88,51.49007204,7.41053000,169.54,7.78,1.45,72.16,1,-80.00,-6.00,16.00,11.00,51.00,5.00,13821978,171
641.94,1565153717,13911.67,51.49009969,7.41066861,169.51,9.64,1.85,72.87,1,-80.00,-6.00,16.00,11.00,51.00,5.00,13821978,171
642.94,1565153718,13921.30,51.49012360,7.41080038,169.42,10.01,0.37,73.93,1,-84.00,-7.00,14.00,13.00,48.00,5.00,13821978,171
643.94,1565153719,13931.32,51.49014612,7.41094355,169.41,10.31,0.30,75.08,1,-84.00,-7.00,14.00,13.00,48.00,5.00,13821978,171
