49.22,1565843772,674.48,51.44462665,7.49154266,267.06,0.00,0.00,131.91,0,-107.00,-14.00,0.00,0.00,30.00,0.00,0,70
50.22,1565843773,674.48,51.44462665,7.49154266,267.07,0.00,0.00,131.91,0,-107.00,-14.00,0.00,0.00,30.00,0.00,0,70
51.22,1565843774,674.48,51.44462665,7.49154266,267.08,0.00,0.00,131.91,0,-110.00,-17.00,0.00,0.00,32.00,0.00,0,70
52.22,1565843775,674.48,51.44462665,7.49154266,267.09,0.00,0.00,131.91,0,-110.00,-17.00,0.00,0.00,32.00,0.00,0,70
53.22,1565843776,674.48,51.44462665,7.49154266,267.11,0.00,0.00,131.91,0,-110.00,-15.00,0.00,0.00,30.00,0.00,0,70
53.22,1565843776,674.48,51.44462665,7.49154266,267.11,0.00,0.00,131.91,0,-110.00,-14.00,0.00,0.00,31.00,0.00,0,223
54.22,1565843777,674.48,51.44462665,7.49154266,267.12,0.00,0.00,131.91,0,-110.00,-15.00,0.00,0.00,30.00,0.00,0,70
54.22,1565843777,674.48,51.44462665,7.49154266,267.12,0.00,0.00,131.91,0,-110.00,-14.00,0.00,0.00,31.00,0.00,0,223
57.22,1565843780,674.48,51.44462665,7.49154266,267.24,0.00,0.00,108.36,0,-107.00,-14.00,0.00,0.00,32.00,0.00,0,223
58.22,1565843781,674.48,51.44462665,7.49154266,267.95,0.00,0.00,125.77,0,-107.00,-14.00,0.00,0.00,32.00,0.00,0,223
83.22,1565843806,974.47,51.44229872,7.48921105,280.59,14.56,0.00,216.65,0,-88.00,-11.00,0.00,0.00,51.00,0.00,0,223
84.22,1565843807,989.07,51.44219104,7.48907666,280.64,14.78,0.00,217.37,0,-88.00,-11.00,0.00,0.00,51.00,0.00,0,223
85.22,1565843808,1003.80,51.44208622,7.48893756,280.57,14.85,0.00,218.05,0,-86.00,-8.00,0.00,0.00,49.00,0.00,0,223
86.22,1565843809,1018.66,51.44198867,7.48879976,280.48,14.51,0.00,219.37,0,-86.00,-8.00,0.00,0.00,49.00,0.00,0,223
87.22,1565843810,1033.16,51.44188999,7.48865702,280.36,14.96,0.00,220.80,0,-75.00,-10.00,0.00,0.00,60.00,0.00,0,223
88.22,1565843811,1048.12,51.44179626,7.48851326,280.06,15.27,0.00,222.54,0,-75.00,-10.00,0.00,0.00,60.00,0.00,0,223
89.22,1565843812,1063.39,51.44171082,7.48836494,280.01,14.17,0.00,225.54,0,-80.00,-8.00,0.00,0.00,54.00,0.00,0,223
90.22,1565843813,1077.55,51.44163501,7.48821169,280.15,14.17,0.00,223.25,0,-80.00,-8.00,0.00,0.00,54.00,0.00,0,223
104.22,1565843827,1287.53,51.44053316,7.48577004,275.99,15.11,0.00,231.49,0,-78.00,-7.00,0.00,0.00,54.00,0.00,0,224
105.22,1565843828,1302.66,51.44044715,7.48559708,276.12,15.32,0.00,231.99,0,-78.00,-7.00,0.00,0.00,54.00,0.00,0,224
106.22,1565843829,1317.98,51.44035835,7.48541978,275.78,15.08,0.00,232.41,0,-80.00,-7.00,0.00,0.00,53.00,0.00,0,224
107.22,1565843830,1333.04,51.44026635,7.48523378,275.74,15.20,0.00,231.81,0,-80.00,-7.00,0.00,0.00,53.00,0.00,0,224
108.22,1565843831,1348.25,51.44017580,7.48505112,275.91,14.99,0.00,232.28,0,-77.00,-6.00,0.00,0.00,56.00,0.00,0,224
109.22,1565843832,1363.29,51.44008857,7.48486814,275.70,14.66,0.00,232.62,0,-77.00,-6.00,0.00,0.00,56.00,0.00,0,224
129.22,1565843852,1658.65,51.43866218,7.48120239,263.40,15.99,0.00,240.66,0,-127.00,-14.00,0.00,0.00,16.00,0.00,0,72
130.22,1565843853,1674.71,51.43859678,7.48097008,263.65,16.49,0.00,242.84,0,-127.00,-14.00,0.00,0.00,16.00,0.00,0,72
131.22,1565843854,1691.11,51.43852975,7.48076268,263.77,15.87,0.00,241.69,0,-123.00,-12.00,0.00,0.00,18.00,0.00,0,72
132.22,1565843855,1706.98,51.43846202,7.48055990,263.59,16.08,0.00,240.97,0,-123.00,-12.00,0.00,0.00,18.00,0.00,0,72
133.22,1565843856,1723.06,51.43838854,7.48035660,263.10,16.22,0.00,241.43,0,-110.00,-10.00,0.00,0.00,26.00,0.00,0,38
133.22,1565843856,1723.07,51.43838854,7.48035660,263.10,16.22,0.00,241.43,0,-120.00,-10.00,0.00,0.00,19.00,0.00,0,72
134.22,1565843857,1739.29,51.43831518,7.48015894,263.37,15.95,0.00,242.00,0,-110.00,-10.00,0.00,0.00,26.00,0.00,0,38
134.22,1565843857,1739.31,51.43831518,7.48015894,263.37,15.95,0.00,242.00,0,-120.00,-10.00,0.00,0.00,19.00,0.00,0,72
135.22,1565843858,1755.22,51.43824389,7.47995518,263.81,15.55,0.00,241.16,0,-107.00,-8.00,0.00,0.00,27.00,0.00,0,38
135.22,1565843858,1755.24,51.43824389,7.47995518,263.81,15.55,0.00,241.16,0,-116.00,-13.00,0.00,0.00,23.00,0.00,0,99
135.22,1565843858,1755.25,51.43824389,7.47995518,263.81,15.55,0.00,241.16,0,-119.00,-9.00,0.00,0.00,19.00,0.00,0,72
136.21,1565843859,1770.58,51.43816910,7.47974653,264.14,15.55,0.00,241.69,0,-107.00,-8.00,0.00,0.00,27.00,0.00,0,38
136.21,1565843859,1770.60,51.43816910,7.47974653,264.14,15.55,0.00,241.69,0,-116.00,-13.00,0.00,0.00,23.00,0.00,0,99
136.21,1565843859,1770.61,51.43816910,7.47974653,264.14,15.55,0.00,241.69,0,-119.00,-9.00,0.00,0.00,19.00,0.00,0,72
139.20,1565843862,1817.48,51.43795539,7.47911613,264.76,15.08,0.00,241.80,0,-113.00,-7.00,0.00,0.00,23.00,0.00,0,72
140.20,1565843863,1832.57,51.43788923,7.47892056,264.86,15.43,0.00,242.40,0,-113.00,-7.00,0.00,0.00,23.00,0.00,0,72
141.20,1565843864,1848.00,51.43782754,7.47872740,264.96,14.38,0.00,242.76,0,-113.00,-11.00,0.00,0.00,24.00,0.00,0,70
141.21,1565843864,1848.02,51.43782754,7.47872740,264.96,14.38,0.00,242.76,0,-113.00,-13.00,0.00,0.00,26.00,0.00,0,224
141.21,1565843864,1848.03,51.43782754,7.47872740,264.96,14.38,0.00,242.76,0,-114.00,-8.00,0.00,0.00,22.00,0.00,0,72
142.20,1565843865,1862.38,51.43776611,7.47854565,264.90,14.38,0.00,242.21,0,-113.00,-11.00,0.00,0.00,24.00,0.00,0,70
142.21,1565843865,1862.40,51.43776611,7.47854565,264.90,14.38,0.00,242.21,0,-113.00,-13.00,0.00,0.00,26.00,0.00,0,224
142.21,1565843865,1862.41,51.43776611,7.47854565,264.90,14.38,0.00,242.21,0,-114.00,-8.00,0.00,0.00,22.00,0.00,0,72
143.21,1565843866,1876.91,51.43770210,7.47835699,265.09,15.36,0.00,241.59,0,-111.00,-12.00,0.00,0.00,26.00,0.00,0,224
143.22,1565843866,1876.93,51.43770210,7.47835699,265.09,15.36,0.00,241.59,0,-113.00,-11.00,0.00,0.00,24.00,0.00,0,70
143.22,1565843866,1876.94,51.43770210,7.47835699,265.09,15.36,0.00,241.59,0,-115.00,-9.00,0.00,0.00,22.00,0.00,0,72
144.20,1565843867,1892.12,51.43763724,7.47815877,265.32,15.52,0.00,241.28,0,-111.00,-12.00,0.00,0.00,26.00,0.00,0,224
144.21,1565843867,1892.13,51.43763724,7.47815877,265.32,15.52,0.00,241.28,0,-113.00,-11.00,0.00,0.00,24.00,0.00,0,70
144.21,1565843867,1892.13,51.43763724,7.47815877,265.32,15.52,0.00,241.28,0,-115.00,-9.00,0.00,0.00,22.00,0.00,0,72
145.20,1565843868,1907.64,51.43757698,7.47796364,265.02,14.69,0.00,241.88,0,-111.00,-12.00,0.00,0.00,26.00,0.00,0,224
145.21,1565843868,1907.65,51.43757698,7.47796364,265.02,14.69,0.00,241.88,0,-113.00,-11.00,0.00,0.00,24.00,0.00,0,70
145.21,1565843868,1907.67,51.43757698,7.47796364,265.02,14.69,0.00,241.88,0,-115.00,-9.00,0.00,0.00,22.00,0.00,0,72
146.20,1565843869,1922.33,51.43751723,7.47775828,264.56,14.68,0.00,242.28,0,-113.00,-11.00,0.00,0.00,24.00,0.00,0,70
146.20,1565843869,1922.33,51.43751723,7.47775828,264.56,14.68,0.00,242.28,0,-113.00,-12.00,0.00,0.00,25.00,0.00,0,224
147.21,1565843870,1937.05,51.43746006,7.47755964,264.67,14.40,0.00,242.68,0,-113.00,-11.00,0.00,0.00,24.00,0.00,0,70
147.21,1565843870,1937.06,51.43746006,7.47755964,264.67,14.40,0.00,242.68,0,-113.00,-12.00,0.00,0.00,25.00,0.00,0,224
148.21,1565843871,1951.48,51.43739289,7.47735102,265.08,15.00,0.00,243.03,0,-112.00,-11.00,0.00,0.00,24.00,0.00,0,70
148.21,1565843871,1951.51,51.43739289,7.47735102,265.08,15.00,0.00,243.03,0,-116.00,-14.00,0.00,0.00,24.00,0.00,0,224
148.21,1565843871,1951.52,51.43739289,7.47735102,265.08,15.00,0.00,243.03,0,-121.00,-19.00,0.00,0.00,23.00,0.00,0,304
149.20,1565843872,1966.42,51.43733744,7.47715512,266.20,14.30,0.00,244.36,0,-112.00,-11.00,0.00,0.00,24.00,0.00,0,70
149.21,1565843872,1966.43,51.43733744,7.47715512,266.20,14.30,0.00,244.36,0,-116.00,-14.00,0.00,0.00,24.00,0.00,0,224
149.21,1565843872,1966.45,51.43733744,7.47715512,266.20,14.30,0.00,244.36,0,-121.00,-19.00,0.00,0.00,23.00,0.00,0,304
150.21,1565843873,1980.74,51.43728712,7.47696571,267.17,13.62,0.00,246.73,0,-112.00,-11.00,0.00,0.00,24.00,0.00,0,70
150.21,1565843873,1980.76,51.43728712,7.47696571,267.17,13.62,0.00,246.73,0,-115.00,-14.00,0.00,0.00,24.00,0.00,0,224
150.21,1565843873,1980.77,51.43728712,7.47696571,267.17,13.62,0.00,246.73,0,-117.00,-15.00,0.00,0.00,24.00,0.00,0,118
151.20,1565843874,1994.33,51.43724819,7.47678275,268.04,12.91,0.00,250.25,0,-112.00,-11.00,0.00,0.00,24.00,0.00,0,70
151.21,1565843874,1994.34,51.43724819,7.47678275,268.04,12.91,0.00,250.25,0,-115.00,-14.00,0.00,0.00,24.00,0.00,0,224
151.21,1565843874,1994.36,51.43724819,7.47678275,268.04,12.91,0.00,250.25,0,-117.00,-15.00,0.00,0.00,24.00,0.00,0,118
152.20,1565843875,2007.15,51.43723959,7.47660509,268.68,11.49,0.00,265.82,0,-113.00,-13.00,0.00,0.00,25.00,0.00,0,224
152.20,1565843875,2007.15,51.43723959,7.47660509,268.68,11.49,0.00,265.82,0,-112.00,-11.00,0.00,0.00,25.00,0.00,0,70
152.20,1565843875,2007.16,51.43723959,7.47660509,268.68,11.49,0.00,265.82,0,-118.00,-17.00,0.00,0.00,23.00,0.00,0,118
153.21,1565843876,2018.73,51.43725504,7.47645585,270.44,10.34,0.00,279.55,0,-113.00,-13.00,0.00,0.00,25.00,0.00,0,224
153.21,1565843876,2018.74,51.43725504,7.47645585,270.44,10.34,0.00,279.55,0,-112.00,-11.00,0.00,0.00,25.00,0.00,0,70
153.21,1565843876,2018.75,51.43725504,7.47645585,270.44,10.34,0.00,279.55,0,-118.00,-17.00,0.00,0.00,23.00,0.00,0,118
156.20,1565843879,2048.10,51.43738626,7.47620609,271.05,8.52,0.00,342.68,0,-133.00,-20.00,0.00,0.00,16.00,0.00,0,36
157.20,1565843880,2056.63,51.43747543,7.47622824,271.21,9.14,0.00,11.38,0,-133.00,-20.00,0.00,0.00,16.00,0.00,0,36
240.21,1565843963,3579.81,51.44370356,7.48332321,257.89,23.17,0.00,268.28,0,-85.00,-9.00,0.00,0.00,49.00,0.00,0,224
241.20,1565843964,3602.94,51.44370281,7.48297295,258.21,24.15,0.00,267.78,0,-85.00,-9.00,0.00,0.00,49.00,0.00,0,224
242.20,1565843965,3627.11,51.44369500,7.48261829,258.33,24.77,0.00,267.50,0,-90.00,-9.00,0.00,0.00,45.00,0.00,0,224
243.20,1565843966,3651.83,51.44368838,7.48226938,258.68,24.99,0.00,267.37,0,-90.00,-9.00,0.00,0.00,45.00,0.00,0,224
244.20,1565843967,3676.84,51.44367725,7.48190827,258.93,25.63,0.00,267.17,0,-91.00,-8.00,0.00,0.00,43.00,0.00,0,224
245.20,1565843968,3702.50,51.44366443,7.48153974,259.39,26.27,0.00,266.57,0,-91.00,-8.00,0.00,0.00,43.00,0.00,0,224
246.20,1565843969,3728.72,51.44364378,7.48115894,259.84,26.92,0.00,265.46,0,-92.00,-8.00,0.00,0.00,42.00,0.00,0,224
247.20,1565843970,3755.67,51.44362117,7.48077789,260.62,26.85,0.00,264.76,0,-92.00,-8.00,0.00,0.00,42.00,0.00,0,224
248.21,1565843971,3782.79,51.44359671,7.48039170,260.84,26.23,0.00,264.47,0,-120.00,-11.00,0.00,0.00,20.00,0.00,0,37
248.21,1565843971,3782.81,51.44359671,7.48039170,260.84,26.23,0.00,264.47,0,-125.00,-14.00,0.00,0.00,19.00,0.00,0,388
249.20,1565843972,3808.78,51.44356747,7.48001525,261.04,25.95,0.00,263.57,0,-120.00,-11.00,0.00,0.00,20.00,0.00,0,37
249.21,1565843972,3808.80,51.44356747,7.48001525,261.04,25.95,0.00,263.57,0,-125.00,-14.00,0.00,0.00,19.00,0.00,0,388
250.20,1565843973,3834.73,51.44353894,7.47963520,261.14,25.97,0.00,262.81,0,-120.00,-11.00,0.00,0.00,20.00,0.00,0,37
250.21,1565843973,3834.75,51.44353894,7.47963520,261.14,25.97,0.00,262.81,0,-125.00,-14.00,0.00,0.00,19.00,0.00,0,388
251.20,1565843974,3860.67,51.44350419,7.47925642,260.78,26.20,0.00,262.12,0,-123.00,-12.00,0.00,0.00,19.00,0.00,0,37
251.20,1565843974,3860.69,51.44350419,7.47925642,260.78,26.20,0.00,262.12,0,-127.00,-16.00,0.00,0.00,18.00,0.00,0,388
252.20,1565843975,3886.89,51.44347048,7.47887663,260.42,26.52,0.00,262.34,0,-123.00,-12.00,0.00,0.00,19.00,0.00,0,37
252.21,1565843975,3886.92,51.44347048,7.47887663,260.42,26.52,0.00,262.34,0,-127.00,-16.00,0.00,0.00,18.00,0.00,0,388
253.21,1565843976,3913.47,51.44343652,7.47849529,260.03,26.54,0.00,262.17,0,-126.00,-16.00,0.00,0.00,18.00,0.00,0,388
253.21,1565843976,3913.49,51.44343652,7.47849529,260.03,26.54,0.00,262.17,0,-128.00,-17.00,0.00,0.00,19.00,0.00,0,36
253.21,1565843976,3913.52,51.44343652,7.47849529,260.03,26.54,0.00,262.17,0,-125.00,-15.00,0.00,0.00,19.00,0.00,0,37
254.20,1565843977,3939.95,51.44340292,7.47811199,259.60,26.59,0.00,262.23,0,-126.00,-16.00,0.00,0.00,18.00,0.00,0,388
254.21,1565843977,3939.98,51.44340292,7.47811199,259.60,26.59,0.00,262.23,0,-128.00,-17.00,0.00,0.00,19.00,0.00,0,36
254.21,1565843977,3939.98,51.44340292,7.47811199,259.60,26.59,0.00,262.23,0,-125.00,-15.00,0.00,0.00,19.00,0.00,0,37
255.20,1565843978,3966.55,51.44337057,7.47773226,259.19,26.86,0.00,262.07,0,-127.00,-16.00,0.00,0.00,18.00,0.00,0,36
255.20,1565843978,3966.55,51.44337057,7.47773226,259.19,26.86,0.00,262.07,0,-128.00,-18.00,0.00,0.00,18.00,0.00,0,388
255.21,1565843978,3966.58,51.44337057,7.47773226,259.19,26.86,0.00,262.07,0,-128.00,-16.00,0.00,0.00,18.00,0.00,0,37
256.21,1565843979,3993.47,51.44333948,7.47735117,258.58,27.09,0.00,261.96,0,-127.00,-16.00,0.00,0.00,18.00,0.00,0,36
256.21,1565843979,3993.49,51.44333948,7.47735117,258.58,27.09,0.00,261.96,0,-128.00,-18.00,0.00,0.00,18.00,0.00,0,388
256.21,1565843979,3993.52,51.44333948,7.47735117,258.58,27.09,0.00,261.96,0,-128.00,-16.00,0.00,0.00,18.00,0.00,0,37
267.20,1565843990,4300.79,51.44286660,7.47301403,249.23,29.19,0.00,258.81,0,-108.00,-11.00,0.00,0.00,28.00,0.00,0,224
267.20,1565843990,4300.82,51.44286660,7.47301403,249.23,29.19,0.00,258.81,0,-112.00,-14.00,0.00,0.00,28.00,0.00,0,155
268.20,1565843991,4329.98,51.44281722,7.47259893,248.22,29.72,0.00,257.94,0,-108.00,-11.00,0.00,0.00,28.00,0.00,0,224
268.20,1565843991,4330.01,51.44281722,7.47259893,248.22,29.72,0.00,257.94,0,-112.00,-14.00,0.00,0.00,28.00,0.00,0,155
269.21,1565843992,4359.88,51.44275991,7.47217222,247.36,30.31,0.00,257.45,0,-109.00,-10.00,0.00,0.00,27.00,0.00,0,224
270.21,1565843993,4390.07,51.44270013,7.47174415,246.72,30.69,0.00,257.62,0,-109.00,-10.00,0.00,0.00,27.00,0.00,0,224
271.21,1565843994,4420.80,51.44263902,7.47130383,246.26,31.19,0.00,257.89,0,-109.00,-10.00,0.00,0.00,27.00,0.00,0,224
272.20,1565843995,4451.90,51.44257927,7.47086548,245.71,31.64,0.00,258.11,0,-109.00,-9.00,0.00,0.00,25.00,0.00,0,224
272.20,1565843995,4451.90,51.44257927,7.47086548,245.71,31.64,0.00,258.11,0,-113.00,-10.00,0.00,0.00,23.00,0.00,0,72
273.20,1565843996,4483.51,51.44251693,7.47041152,245.18,32.36,0.00,258.07,0,-109.00,-9.00,0.00,0.00,25.00,0.00,0,224
273.20,1565843996,4483.55,51.44251693,7.47041152,245.18,32.36,0.00,258.07,0,-113.00,-10.00,0.00,0.00,23.00,0.00,0,72
274.20,1565843997,4515.94,51.44245349,7.46994539,244.63,32.97,0.00,257.90,0,-111.00,-10.00,0.00,0.00,25.00,0.00,0,224
274.21,1565843997,4515.98,51.44245349,7.46994539,244.63,32.97,0.00,257.90,0,-114.00,-13.00,0.00,0.00,24.00,0.00,0,397
275.20,1565843998,4548.84,51.44238868,7.46947595,243.89,33.25,0.00,257.65,0,-111.00,-10.00,0.00,0.00,25.00,0.00,0,224
275.20,1565843998,4548.88,51.44238868,7.46947595,243.89,33.25,0.00,257.65,0,-114.00,-13.00,0.00,0.00,24.00,0.00,0,397
280.20,1565844003,4715.87,51.44208805,7.46712496,239.83,33.80,0.00,258.91,0,-109.00,-16.00,0.00,0.00,34.00,0.00,0,229
281.21,1565844004,4749.73,51.44203181,7.46664696,238.72,33.93,0.00,259.57,0,-109.00,-16.00,0.00,0.00,34.00,0.00,0,229
282.20,1565844005,4783.56,51.44198305,7.46616498,237.53,34.21,0.00,260.22,0,-104.00,-13.00,0.00,0.00,34.00,0.00,0,229
283.20,1565844006,4817.77,51.44193405,7.46568103,236.49,34.21,0.00,260.58,0,-104.00,-13.00,0.00,0.00,34.00,0.00,0,229
284.20,1565844007,4852.02,51.44188487,7.46518751,235.52,34.31,0.00,260.95,0,-105.00,-14.00,0.00,0.00,35.00,0.00,0,229
284.20,1565844007,4852.05,51.44188487,7.46518751,235.52,34.31,0.00,260.95,0,-105.00,-14.00,0.00,0.00,34.00,0.00,0,357
284.21,1565844007,4852.09,51.44188487,7.46518751,235.52,34.31,0.00,260.95,0,-106.00,-13.00,0.00,0.00,33.00,0.00,0,144
285.20,1565844008,4886.33,51.44184229,7.46470318,234.61,33.85,0.00,261.48,0,-105.00,-14.00,0.00,0.00,35.00,0.00,0,229
285.20,1565844008,4886.36,51.44184229,7.46470318,234.61,33.85,0.00,261.48,0,-105.00,-14.00,0.00,0.00,34.00,0.00,0,357
285.21,1565844008,4886.40,51.44184229,7.46470318,234.61,33.85,0.00,261.48,0,-106.00,-13.00,0.00,0.00,33.00,0.00,0,144
286.20,1565844009,4920.18,51.44179990,7.46423124,233.85,33.44,0.00,262.14,0,-104.00,-16.00,0.00,0.00,38.00,0.00,0,357
286.20,1565844009,4920.21,51.44179990,7.46423124,233.85,33.44,0.00,262.14,0,-104.00,-16.00,0.00,0.00,38.00,0.00,0,229
286.20,1565844009,4920.21,51.44179990,7.46423124,233.85,33.44,0.00,262.14,0,-105.00,-17.00,0.00,0.00,37.00,0.00,0,144
287.20,1565844010,4953.66,51.44176395,7.46376035,233.51,32.92,0.00,262.72,0,-104.00,-16.00,0.00,0.00,38.00,0.00,0,357
287.21,1565844010,4953.69,51.44176395,7.46376035,233.51,32.92,0.00,262.72,0,-104.00,-16.00,0.00,0.00,38.00,0.00,0,229
287.21,1565844010,4953.69,51.44176395,7.46376035,233.51,32.92,0.00,262.72,0,-105.00,-17.00,0.00,0.00,37.00,0.00,0,144
288.21,1565844011,4986.64,51.44172789,7.46329303,233.65,32.37,0.00,263.39,0,-103.00,-10.00,0.00,0.00,33.00,0.00,0,144
288.21,1565844011,4986.67,51.44172789,7.46329303,233.65,32.37,0.00,263.39,0,-103.00,-12.00,0.00,0.00,35.00,0.00,0,269
288.21,1565844011,4986.71,51.44172789,7.46329303,233.65,32.37,0.00,263.39,0,-107.00,-15.00,0.00,0.00,34.00,0.00,0,229
289.21,1565844012,5018.97,51.44169767,7.46283209,233.95,32.43,0.00,263.73,0,-103.00,-10.00,0.00,0.00,33.00,0.00,0,144
289.21,1565844012,5019.01,51.44169767,7.46283209,233.95,32.43,0.00,263.73,0,-103.00,-12.00,0.00,0.00,35.00,0.00,0,269
289.21,1565844012,5019.04,51.44169767,7.46283209,233.95,32.43,0.00,263.73,0,-107.00,-15.00,0.00,0.00,34.00,0.00,0,229
290.21,1565844013,5051.63,51.44166883,7.46237482,234.11,32.50,0.00,264.56,0,-98.00,-14.00,0.00,0.00,42.00,0.00,0,269
290.21,1565844013,5051.67,51.44166883,7.46237482,234.11,32.50,0.00,264.56,0,-101.00,-18.00,0.00,0.00,43.00,0.00,0,229
290.21,1565844013,5051.70,51.44166883,7.46237482,234.11,32.50,0.00,264.56,0,-101.00,-19.00,0.00,0.00,44.00,0.00,0,144
291.20,1565844014,5083.85,51.44164632,7.46191363,233.73,32.68,0.00,264.91,0,-98.00,-14.00,0.00,0.00,42.00,0.00,0,269
291.20,1565844014,5083.85,51.44164632,7.46191363,233.73,32.68,0.00,264.91,0,-101.00,-18.00,0.00,0.00,43.00,0.00,0,229
291.20,1565844014,5083.88,51.44164632,7.46191363,233.73,32.68,0.00,264.91,0,-101.00,-19.00,0.00,0.00,44.00,0.00,0,144
292.20,1565844015,5116.56,51.44162430,7.46144465,233.43,32.63,0.00,265.60,0,-98.00,-14.00,0.00,0.00,42.00,0.00,0,269
292.21,1565844015,5116.59,51.44162430,7.46144465,233.43,32.63,0.00,265.60,0,-101.00,-18.00,0.00,0.00,43.00,0.00,0,229
292.21,1565844015,5116.59,51.44162430,7.46144465,233.43,32.63,0.00,265.60,0,-101.00,-19.00,0.00,0.00,44.00,0.00,0,144
293.21,1565844016,5149.22,51.44160868,7.46097387,233.33,32.71,0.00,266.44,0,-99.00,-14.00,0.00,0.00,40.00,0.00,0,269
293.21,1565844016,5149.25,51.44160868,7.46097387,233.33,32.71,0.00,266.44,0,-102.00,-16.00,0.00,0.00,40.00,0.00,0,229
293.21,1565844016,5149.28,51.44160868,7.46097387,233.33,32.71,0.00,266.44,0,-102.00,-18.00,0.00,0.00,41.00,0.00,0,144
293.21,1565844016,5149.28,51.44160868,7.46097387,233.33,32.71,0.00,266.44,0,-105.00,-8.00,0.00,0.00,28.00,0.00,0,118
293.21,1565844016,5149.32,51.44160868,7.46097387,233.33,32.71,0.00,266.44,0,-110.00,-12.00,0.00,0.00,27.00,0.00,0,224
293.21,1565844016,5149.35,51.44160868,7.46097387,233.33,32.71,0.00,266.44,0,-111.00,-10.00,0.00,0.00,25.00,0.00,0,72
294.21,1565844017,5181.92,51.44159200,7.46049997,233.60,32.14,0.00,266.82,0,-99.00,-14.00,0.00,0.00,40.00,0.00,0,269
294.21,1565844017,5181.96,51.44159200,7.46049997,233.60,32.14,0.00,266.82,0,-102.00,-16.00,0.00,0.00,40.00,0.00,0,229
294.21,1565844017,5181.99,51.44159200,7.46049997,233.60,32.14,0.00,266.82,0,-102.00,-18.00,0.00,0.00,41.00,0.00,0,144
294.21,1565844017,5181.99,51.44159200,7.46049997,233.60,32.14,0.00,266.82,0,-105.00,-8.00,0.00,0.00,28.00,0.00,0,118
294.21,1565844017,5182.02,51.44159200,7.46049997,233.60,32.14,0.00,266.82,0,-110.00,-12.00,0.00,0.00,27.00,0.00,0,224
294.21,1565844017,5182.05,51.44159200,7.46049997,233.60,32.14,0.00,266.82,0,-111.00,-10.00,0.00,0.00,25.00,0.00,0,72
295.20,1565844018,5214.00,51.44157737,7.46003157,233.99,32.02,0.00,267.46,0,-106.00,-9.00,0.00,0.00,28.00,0.00,0,72
295.20,1565844018,5214.03,51.44157737,7.46003157,233.99,32.02,0.00,267.46,0,-107.00,-13.00,0.00,0.00,32.00,0.00,0,35
296.20,1565844019,5245.99,51.44156586,7.45957525,234.37,32.04,0.00,267.88,0,-106.00,-9.00,0.00,0.00,28.00,0.00,0,72
296.20,1565844019,5246.02,51.44156586,7.45957525,234.37,32.04,0.00,267.88,0,-107.00,-13.00,0.00,0.00,32.00,0.00,0,35
301.20,1565844024,5405.02,51.44154256,7.45731051,234.74,31.15,0.00,269.98,0,-97.00,-10.00,0.00,0.00,41.00,0.00,0,269
302.20,1565844025,5436.02,51.44154388,7.45686506,234.65,31.16,0.00,270.50,0,-97.00,-10.00,0.00,0.00,41.00,0.00,0,269
305.20,1565844028,5529.20,51.44155464,7.45552463,234.31,30.51,0.00,271.10,0,-91.00,-13.00,0.00,0.00,51.00,0.00,0,269
306.21,1565844029,5559.89,51.44156023,7.45508930,233.96,30.12,0.00,271.85,0,-91.00,-13.00,0.00,0.00,51.00,0.00,0,269
337.21,1565844060,6518.51,51.44303165,7.44150436,228.05,32.86,0.00,286.96,0,-83.00,-9.00,0.00,0.00,52.00,0.00,0,74
338.20,1565844061,6551.14,51.44311696,7.44105021,228.49,32.83,0.00,287.10,0,-83.00,-9.00,0.00,0.00,52.00,0.00,0,74
339.20,1565844062,6584.00,51.44320230,7.44060515,228.15,32.34,0.00,287.90,0,-82.00,-7.00,0.00,0.00,51.00,0.00,0,74
339.20,1565844062,6584.03,51.44320230,7.44060515,228.15,32.34,0.00,287.90,0,-73.00,-7.00,0.00,0.00,63.00,0.00,0,146
340.20,1565844063,6616.34,51.44329446,7.44014978,227.31,32.48,0.00,288.16,0,-82.00,-7.00,0.00,0.00,51.00,0.00,0,74
340.20,1565844063,6616.37,51.44329446,7.44014978,227.31,32.48,0.00,288.16,0,-73.00,-7.00,0.00,0.00,63.00,0.00,0,146
364.20,1565844087,7452.72,51.44673508,7.42954706,196.84,36.90,0.00,311.52,0,-93.00,-7.00,0.00,0.00,40.00,0.00,0,146
364.20,1565844087,7452.76,51.44673508,7.42954706,196.84,36.90,0.00,311.52,0,-90.00,-6.00,0.00,0.00,42.00,0.00,0,74
365.20,1565844088,7489.66,51.44695710,7.42916862,196.24,36.86,0.00,313.01,0,-93.00,-7.00,0.00,0.00,40.00,0.00,0,146
365.20,1565844088,7489.70,51.44695710,7.42916862,196.24,36.86,0.00,313.01,0,-90.00,-6.00,0.00,0.00,42.00,0.00,0,74
379.20,1565844102,8008.37,51.45072960,7.42491459,175.26,36.61,0.00,334.92,0,-93.00,-14.00,0.00,0.00,46.00,0.00,0,357
379.21,1565844102,8008.41,51.45072960,7.42491459,175.26,36.61,0.00,334.92,0,-96.00,-14.00,0.00,0.00,45.00,0.00,0,223
380.21,1565844103,8045.02,51.45102291,7.42470380,173.86,35.91,0.00,336.21,0,-93.00,-14.00,0.00,0.00,46.00,0.00,0,357
380.21,1565844103,8045.05,51.45102291,7.42470380,173.86,35.91,0.00,336.21,0,-96.00,-14.00,0.00,0.00,45.00,0.00,0,223
381.20,1565844104,8080.89,51.45131563,7.42450613,172.28,35.28,0.00,337.99,0,-83.00,-8.00,0.00,0.00,52.00,0.00,0,376
381.21,1565844104,8080.93,51.45131563,7.42450613,172.28,35.28,0.00,337.99,0,-86.00,-11.00,0.00,0.00,52.00,0.00,0,230
381.21,1565844104,8080.96,51.45131563,7.42450613,172.28,35.28,0.00,337.99,0,-89.00,-14.00,0.00,0.00,52.00,0.00,0,386
382.20,1565844105,8116.18,51.45161891,7.42429914,170.56,35.72,0.00,338.68,0,-83.00,-8.00,0.00,0.00,52.00,0.00,0,376
382.20,1565844105,8116.18,51.45161891,7.42429914,170.56,35.72,0.00,338.68,0,-86.00,-11.00,0.00,0.00,52.00,0.00,0,230
382.21,1565844105,8116.21,51.45161891,7.42429914,170.56,35.72,0.00,338.68,0,-89.00,-14.00,0.00,0.00,52.00,0.00,0,386
383.21,1565844106,8151.97,51.45191466,7.42411677,169.27,35.51,0.00,339.76,0,-90.00,-10.00,0.00,0.00,47.00,0.00,0,376
383.21,1565844106,8152.01,51.45191466,7.42411677,169.27,35.51,0.00,339.76,0,-94.00,-15.00,0.00,0.00,46.00,0.00,0,357
383.21,1565844106,8152.04,51.45191466,7.42411677,169.27,35.51,0.00,339.76,0,-94.00,-15.00,0.00,0.00,47.00,0.00,0,70
383.21,1565844106,8152.04,51.45191466,7.42411677,169.27,35.51,0.00,339.76,0,-105.00,-13.00,0.00,0.00,34.00,0.00,0,179
384.21,1565844107,8187.49,51.45221242,7.42394363,168.08,35.15,0.00,340.77,0,-90.00,-10.00,0.00,0.00,47.00,0.00,0,376
384.21,1565844107,8187.49,51.45221242,7.42394363,168.08,35.15,0.00,340.77,0,-94.00,-15.00,0.00,0.00,46.00,0.00,0,357
384.21,1565844107,8187.52,51.45221242,7.42394363,168.08,35.15,0.00,340.77,0,-94.00,-15.00,0.00,0.00,47.00,0.00,0,70
384.21,1565844107,8187.56,51.45221242,7.42394363,168.08,35.15,0.00,340.77,0,-105.00,-13.00,0.00,0.00,34.00,0.00,0,179
389.20,1565844112,8364.92,51.45374448,7.42314860,165.66,35.63,0.00,343.35,0,-81.00,-6.00,0.00,0.00,51.00,0.00,0,70
389.20,1565844112,8364.96,51.45374448,7.42314860,165.66,35.63,0.00,343.35,0,-91.00,-10.00,0.00,0.00,44.00,0.00,0,40
390.20,1565844113,8400.59,51.45405436,7.42299961,165.39,35.92,0.00,343.34,0,-81.00,-6.00,0.00,0.00,51.00,0.00,0,70
390.20,1565844113,8400.59,51.45405436,7.42299961,165.39,35.92,0.00,343.34,0,-91.00,-10.00,0.00,0.00,44.00,0.00,0,40
391.20,1565844114,8436.47,51.45436344,7.42285824,164.94,35.98,0.00,343.24,0,-78.00,-7.00,0.00,0.00,55.00,0.00,0,70
391.20,1565844114,8436.50,51.45436344,7.42285824,164.94,35.98,0.00,343.24,0,-90.00,-8.00,0.00,0.00,47.00,0.00,0,40
392.20,1565844115,8472.48,51.45467248,7.42271640,164.11,36.00,0.00,343.11,0,-78.00,-7.00,0.00,0.00,55.00,0.00,0,70
392.21,1565844115,8472.52,51.45467248,7.42271640,164.11,36.00,0.00,343.11,0,-90.00,-8.00,0.00,0.00,47.00,0.00,0,40
393.21,1565844116,8508.51,51.45498186,7.42257080,163.14,36.27,0.00,342.89,0,-76.00,-7.00,0.00,0.00,58.00,0.00,0,70
393.21,1565844116,8508.55,51.45498186,7.42257080,163.14,36.27,0.00,342.89,0,-86.00,-20.00,0.00,0.00,59.00,0.00,0,223
393.21,1565844116,8508.55,51.45498186,7.42257080,163.14,36.27,0.00,342.89,0,-87.00,-20.00,0.00,0.00,58.00,0.00,0,386
393.21,1565844116,8508.58,51.45498186,7.42257080,163.14,36.27,0.00,342.89,0,-89.00,-7.00,0.00,0.00,44.00,0.00,0,40
393.21,1565844116,8508.62,51.45498186,7.42257080,163.14,36.27,0.00,342.89,0,-90.00,-9.00,0.00,0.00,45.00,0.00,0,119
394.20,1565844117,8544.74,51.45529575,7.42241949,162.32,36.47,0.00,342.46,0,-76.00,-7.00,0.00,0.00,58.00,0.00,0,70
394.21,1565844117,8544.78,51.45529575,7.42241949,162.32,36.47,0.00,342.46,0,-86.00,-20.00,0.00,0.00,59.00,0.00,0,223
394.21,1565844117,8544.81,51.45529575,7.42241949,162.32,36.47,0.00,342.46,0,-87.00,-20.00,0.00,0.00,58.00,0.00,0,386
394.21,1565844117,8544.81,51.45529575,7.42241949,162.32,36.47,0.00,342.46,0,-89.00,-7.00,0.00,0.00,44.00,0.00,0,40
394.21,1565844117,8544.85,51.45529575,7.42241949,162.32,36.47,0.00,342.46,0,-90.00,-9.00,0.00,0.00,45.00,0.00,0,119
395.20,1565844118,8581.18,51.45560635,7.42226088,161.42,36.70,0.00,342.22,0,-88.00,-9.00,0.00,0.00,47.00,0.00,0,119
395.20,1565844118,8581.21,51.45560635,7.42226088,161.42,36.70,0.00,342.22,0,-89.00,-21.00,0.00,0.00,57.00,0.00,0,155
395.21,1565844118,8581.25,51.45560635,7.42226088,161.42,36.70,0.00,342.22,0,-90.00,-22.00,0.00,0.00,58.00,0.00,0,458
396.20,1565844119,8617.88,51.45591932,7.42210258,160.55,36.85,0.00,341.42,0,-88.00,-9.00,0.00,0.00,47.00,0.00,0,119
396.20,1565844119,8617.91,51.45591932,7.42210258,160.55,36.85,0.00,341.42,0,-89.00,-21.00,0.00,0.00,57.00,0.00,0,155
396.21,1565844119,8617.95,51.45591932,7.42210258,160.55,36.85,0.00,341.42,0,-90.00,-22.00,0.00,0.00,58.00,0.00,0,458
397.21,1565844120,8655.13,51.45622544,7.42193343,159.62,36.63,0.00,340.55,0,-89.00,-9.00,0.00,0.00,45.00,0.00,0,40
398.20,1565844121,8691.36,51.45653174,7.42176482,158.90,37.02,0.00,339.97,0,-89.00,-9.00,0.00,0.00,45.00,0.00,0,40
399.21,1565844122,8728.45,51.45683179,7.42157978,158.03,36.43,0.00,338.37,0,-89.00,-9.00,0.00,0.00,45.00,0.00,0,40
408.21,1565844131,9057.60,51.45947624,7.41949984,150.31,36.83,0.00,329.45,0,-93.00,-11.00,0.00,0.00,44.00,0.00,0,39
408.21,1565844131,9057.64,51.45947624,7.41949984,150.31,36.83,0.00,329.45,0,-96.00,-14.00,0.00,0.00,44.00,0.00,0,40
408.21,1565844131,9057.67,51.45947624,7.41949984,150.31,36.83,0.00,329.45,0,-96.00,-15.00,0.00,0.00,44.00,0.00,0,458
409.20,1565844132,9094.39,51.45975850,7.41921447,150.62,36.88,0.00,327.96,0,-93.00,-11.00,0.00,0.00,44.00,0.00,0,39
409.21,1565844132,9094.43,51.45975850,7.41921447,150.62,36.88,0.00,327.96,0,-96.00,-14.00,0.00,0.00,44.00,0.00,0,40
409.21,1565844132,9094.47,51.45975850,7.41921447,150.62,36.88,0.00,327.96,0,-96.00,-15.00,0.00,0.00,44.00,0.00,0,458
414.20,1565844137,9279.54,51.46113361,7.41767957,152.86,37.36,0.00,322.57,0,-89.00,-11.00,0.00,0.00,49.00,0.00,0,39
414.20,1565844137,9279.58,51.46113361,7.41767957,152.86,37.36,0.00,322.57,0,-91.00,-17.00,0.00,0.00,51.00,0.00,0,93
415.21,1565844138,9317.09,51.46139760,7.41734210,153.02,37.39,0.00,321.22,0,-89.00,-11.00,0.00,0.00,49.00,0.00,0,39
415.21,1565844138,9317.16,51.46139760,7.41734210,153.02,37.39,0.00,321.22,0,-91.00,-17.00,0.00,0.00,51.00,0.00,0,93
423.20,1565844146,9619.04,51.46338638,7.41439384,152.82,38.10,0.00,313.06,0,-92.00,-12.00,0.00,0.00,45.00,0.00,0,119
423.20,1565844146,9619.07,51.46338638,7.41439384,152.82,38.10,0.00,313.06,0,-91.00,-12.00,0.00,0.00,50.00,0.00,0,230
424.20,1565844147,9657.29,51.46362120,7.41398502,152.64,38.04,0.00,312.50,0,-92.00,-12.00,0.00,0.00,45.00,0.00,0,119
424.20,1565844147,9657.33,51.46362120,7.41398502,152.64,38.04,0.00,312.50,0,-91.00,-12.00,0.00,0.00,50.00,0.00,0,230
425.20,1565844148,9695.33,51.46384770,7.41357043,152.38,38.22,0.00,311.19,0,-95.00,-12.00,0.00,0.00,43.00,0.00,0,119
425.20,1565844148,9695.37,51.46384770,7.41357043,152.38,38.22,0.00,311.19,0,-89.00,-11.00,0.00,0.00,52.00,0.00,0,132
426.20,1565844149,9733.55,51.46407543,7.41316007,152.14,37.98,0.00,310.37,0,-95.00,-12.00,0.00,0.00,43.00,0.00,0,119
426.20,1565844149,9733.59,51.46407543,7.41316007,152.14,37.98,0.00,310.37,0,-89.00,-11.00,0.00,0.00,52.00,0.00,0,132
429.20,1565844152,9846.08,51.46470802,7.41193608,151.64,37.12,0.00,308.61,0,-96.00,-8.00,0.00,0.00,37.00,0.00,0,39
429.20,1565844152,9846.12,51.46470802,7.41193608,151.64,37.12,0.00,308.61,0,-100.00,-11.00,0.00,0.00,36.00,0.00,0,119
430.20,1565844153,9883.24,51.46491447,7.41151910,151.74,37.08,0.00,307.94,0,-96.00,-8.00,0.00,0.00,37.00,0.00,0,39
430.20,1565844153,9883.28,51.46491447,7.41151910,151.74,37.08,0.00,307.94,0,-100.00,-11.00,0.00,0.00,36.00,0.00,0,119
431.20,1565844154,9920.36,51.46511971,7.41110651,151.76,37.07,0.00,307.95,0,-106.00,-14.00,0.00,0.00,34.00,0.00,0,176
431.21,1565844154,9920.40,51.46511971,7.41110651,151.76,37.07,0.00,307.95,0,-107.00,-18.00,0.00,0.00,35.00,0.00,0,171
431.21,1565844154,9920.44,51.46511971,7.41110651,151.76,37.07,0.00,307.95,0,-107.00,-16.00,0.00,0.00,34.00,0.00,0,93
431.21,1565844154,9920.44,51.46511971,7.41110651,151.76,37.07,0.00,307.95,0,-95.00,-12.00,0.00,0.00,47.00,0.00,0,223
431.21,1565844154,9920.47,51.46511971,7.41110651,151.76,37.07,0.00,307.95,0,-96.00,-13.00,0.00,0.00,48.00,0.00,0,132
432.21,1565844155,9957.58,51.46532557,7.41069046,151.79,37.08,0.00,307.98,0,-106.00,-14.00,0.00,0.00,34.00,0.00,0,176
432.21,1565844155,9957.66,51.46532557,7.41069046,151.79,37.08,0.00,307.98,0,-107.00,-18.00,0.00,0.00,35.00,0.00,0,171
432.21,1565844155,9957.69,51.46532557,7.41069046,151.79,37.08,0.00,307.98,0,-107.00,-16.00,0.00,0.00,34.00,0.00,0,93
432.21,1565844155,9957.73,51.46532557,7.41069046,151.79,37.08,0.00,307.98,0,-95.00,-12.00,0.00,0.00,47.00,0.00,0,223
432.21,1565844155,9957.77,51.46532557,7.41069046,151.79,37.08,0.00,307.98,0,-96.00,-13.00,0.00,0.00,48.00,0.00,0,132
433.20,1565844156,9994.52,51.46553125,7.41027265,151.65,37.08,0.00,308.04,0,-105.00,-10.00,0.00,0.00,31.00,0.00,0,93
433.20,1565844156,9994.52,51.46553125,7.41027265,151.65,37.08,0.00,308.04,0,-106.00,-12.00,0.00,0.00,32.00,0.00,0,119
433.21,1565844156,9994.55,51.46553125,7.41027265,151.65,37.08,0.00,308.04,0,-107.00,-12.00,0.00,0.00,31.00,0.00,0,149
433.21,1565844156,9994.59,51.46553125,7.41027265,151.65,37.08,0.00,308.04,0,-91.00,-10.00,0.00,0.00,48.00,0.00,0,223
434.21,1565844157,10031.64,51.46573706,7.40985565,151.63,37.10,0.00,307.95,0,-105.00,-10.00,0.00,0.00,31.00,0.00,0,93
434.21,1565844157,10031.68,51.46573706,7.40985565,151.63,37.10,0.00,307.95,0,-106.00,-12.00,0.00,0.00,32.00,0.00,0,119
434.21,1565844157,10031.68,51.46573706,7.40985565,151.63,37.10,0.00,307.95,0,-107.00,-12.00,0.00,0.00,31.00,0.00,0,149
434.21,1565844157,10031.71,51.46573706,7.40985565,151.63,37.10,0.00,307.95,0,-91.00,-10.00,0.00,0.00,48.00,0.00,0,223
435.20,1565844158,10068.66,51.46593956,7.40944780,151.93,37.16,0.00,308.03,0,-99.00,-8.00,0.00,0.00,35.00,0.00,0,149
435.20,1565844158,10068.70,51.46593956,7.40944780,151.93,37.16,0.00,308.03,0,-101.00,-11.00,0.00,0.00,35.00,0.00,0,176
436.20,1565844159,10105.79,51.46614443,7.40903413,152.31,37.09,0.00,308.43,0,-99.00,-8.00,0.00,0.00,35.00,0.00,0,149
436.20,1565844159,10105.83,51.46614443,7.40903413,152.31,37.09,0.00,308.43,0,-101.00,-11.00,0.00,0.00,35.00,0.00,0,176
437.20,1565844160,10142.95,51.46634367,7.40862259,152.43,37.15,0.00,308.11,0,-94.00,-9.00,0.00,0.00,41.00,0.00,0,176
437.20,1565844160,10142.95,51.46634367,7.40862259,152.43,37.15,0.00,308.11,0,-92.00,-11.00,0.00,0.00,50.00,0.00,0,355
437.21,1565844160,10142.99,51.46634367,7.40862259,152.43,37.15,0.00,308.11,0,-93.00,-12.00,0.00,0.00,49.00,0.00,0,69
438.20,1565844161,10180.06,51.46654644,7.40820520,152.11,37.12,0.00,308.62,0,-94.00,-9.00,0.00,0.00,41.00,0.00,0,176
438.20,1565844161,10180.10,51.46654644,7.40820520,152.11,37.12,0.00,308.62,0,-92.00,-11.00,0.00,0.00,50.00,0.00,0,355
438.21,1565844161,10180.14,51.46654644,7.40820520,152.11,37.12,0.00,308.62,0,-93.00,-12.00,0.00,0.00,49.00,0.00,0,69
439.21,1565844162,10217.48,51.46675376,7.40778273,151.83,37.03,0.00,308.73,0,-100.00,-13.00,0.00,0.00,39.00,0.00,0,179
440.20,1565844163,10254.17,51.46696251,7.40736048,151.60,37.00,0.00,308.78,0,-100.00,-13.00,0.00,0.00,39.00,0.00,0,179
441.20,1565844164,10291.17,51.46717895,7.40695176,151.34,36.91,0.00,309.57,0,-100.00,-13.00,0.00,0.00,39.00,0.00,0,179
442.21,1565844165,10328.31,51.46739240,7.40654251,150.68,36.56,0.00,310.01,0,-96.00,-13.00,0.00,0.00,46.00,0.00,0,93
442.21,1565844165,10328.34,51.46739240,7.40654251,150.68,36.56,0.00,310.01,0,-97.00,-14.00,0.00,0.00,45.00,0.00,0,179
442.21,1565844165,10328.38,51.46739240,7.40654251,150.68,36.56,0.00,310.01,0,-99.00,-18.00,0.00,0.00,45.00,0.00,0,458
442.21,1565844165,10328.45,51.46739240,7.40654251,150.68,36.56,0.00,310.01,0,-88.00,-13.00,0.00,0.00,53.00,0.00,0,386
443.21,1565844166,10364.87,51.46759932,7.40613893,149.66,35.75,0.00,310.32,0,-96.00,-13.00,0.00,0.00,46.00,0.00,0,93
443.21,1565844166,10364.94,51.46759932,7.40613893,149.66,35.75,0.00,310.32,0,-97.00,-14.00,0.00,0.00,45.00,0.00,0,179
443.21,1565844166,10364.97,51.46759932,7.40613893,149.66,35.75,0.00,310.32,0,-99.00,-18.00,0.00,0.00,45.00,0.00,0,458
443.21,1565844166,10365.01,51.46759932,7.40613893,149.66,35.75,0.00,310.32,0,-88.00,-13.00,0.00,0.00,53.00,0.00,0,386
444.20,1565844167,10400.36,51.46780045,7.40574643,148.96,34.89,0.00,310.27,0,-97.00,-12.00,0.00,0.00,41.00,0.00,0,93
444.20,1565844167,10400.36,51.46780045,7.40574643,148.96,34.89,0.00,310.27,0,-97.00,-13.00,0.00,0.00,42.00,0.00,0,176
444.20,1565844167,10400.36,51.46780045,7.40574643,148.96,34.89,0.00,310.27,0,-98.00,-14.00,0.00,0.00,42.00,0.00,0,143
444.20,1565844167,10400.40,51.46780045,7.40574643,148.96,34.89,0.00,310.27,0,-90.00,-9.00,0.00,0.00,49.00,0.00,0,386
444.20,1565844167,10400.40,51.46780045,7.40574643,148.96,34.89,0.00,310.27,0,-90.00,-9.00,0.00,0.00,48.00,0.00,0,355
445.20,1565844168,10435.35,51.46800810,7.40536818,148.66,34.28,0.00,311.16,0,-97.00,-12.00,0.00,0.00,41.00,0.00,0,93
445.21,1565844168,10435.39,51.46800810,7.40536818,148.66,34.28,0.00,311.16,0,-97.00,-13.00,0.00,0.00,42.00,0.00,0,176
445.21,1565844168,10435.42,51.46800810,7.40536818,148.66,34.28,0.00,311.16,0,-98.00,-14.00,0.00,0.00,42.00,0.00,0,143
445.21,1565844168,10435.42,51.46800810,7.40536818,148.66,34.28,0.00,311.16,0,-90.00,-9.00,0.00,0.00,49.00,0.00,0,386
445.21,1565844168,10435.45,51.46800810,7.40536818,148.66,34.28,0.00,311.16,0,-90.00,-9.00,0.00,0.00,48.00,0.00,0,355
446.20,1565844169,10469.59,51.46821219,7.40500032,148.57,33.46,0.00,311.55,0,-98.00,-12.00,0.00,0.00,39.00,0.00,0,176
446.20,1565844169,10469.63,51.46821219,7.40500032,148.57,33.46,0.00,311.55,0,-99.00,-13.00,0.00,0.00,40.00,0.00,0,39
447.20,1565844170,10503.05,51.46841295,7.40463928,148.54,32.88,0.00,311.98,0,-98.00,-12.00,0.00,0.00,39.00,0.00,0,176
447.20,1565844170,10503.08,51.46841295,7.40463928,148.54,32.88,0.00,311.98,0,-99.00,-13.00,0.00,0.00,40.00,0.00,0,39
448.21,1565844171,10535.99,51.46861843,7.40428380,148.51,32.91,0.00,312.24,0,-100.00,-12.00,0.00,0.00,38.00,0.00,0,176
448.21,1565844171,10535.99,51.46861843,7.40428380,148.51,32.91,0.00,312.24,0,-101.00,-14.00,0.00,0.00,38.00,0.00,0,74
448.21,1565844171,10536.03,51.46861843,7.40428380,148.51,32.91,0.00,312.24,0,-103.00,-15.00,0.00,0.00,38.00,0.00,0,39
449.20,1565844172,10568.87,51.46882134,7.40393446,148.66,32.79,0.00,312.71,0,-100.00,-12.00,0.00,0.00,38.00,0.00,0,176
449.21,1565844172,10568.90,51.46882134,7.40393446,148.66,32.79,0.00,312.71,0,-101.00,-14.00,0.00,0.00,38.00,0.00,0,74
449.21,1565844172,10568.90,51.46882134,7.40393446,148.66,32.79,0.00,312.71,0,-103.00,-15.00,0.00,0.00,38.00,0.00,0,39
450.21,1565844173,10601.69,51.46902074,7.40359103,148.93,32.83,0.00,313.03,0,-100.00,-11.00,0.00,0.00,37.00,0.00,0,176
450.21,1565844173,10601.69,51.46902074,7.40359103,148.93,32.83,0.00,313.03,0,-106.00,-16.00,0.00,0.00,37.00,0.00,0,119
450.21,1565844173,10601.72,51.46902074,7.40359103,148.93,32.83,0.00,313.03,0,-106.00,-16.00,0.00,0.00,36.00,0.00,0,93
450.21,1565844173,10601.76,51.46902074,7.40359103,148.93,32.83,0.00,313.03,0,-98.00,-11.00,0.00,0.00,42.00,0.00,0,69
450.21,1565844173,10601.79,51.46902074,7.40359103,148.93,32.83,0.00,313.03,0,-98.00,-11.00,0.00,0.00,42.00,0.00,0,355
451.20,1565844174,10634.49,51.46922329,7.40324992,148.89,32.89,0.00,313.31,0,-100.00,-11.00,0.00,0.00,37.00,0.00,0,176
451.21,1565844174,10634.52,51.46922329,7.40324992,148.89,32.89,0.00,313.31,0,-106.00,-16.00,0.00,0.00,37.00,0.00,0,119
451.21,1565844174,10634.55,51.46922329,7.40324992,148.89,32.89,0.00,313.31,0,-106.00,-16.00,0.00,0.00,36.00,0.00,0,93
451.21,1565844174,10634.55,51.46922329,7.40324992,148.89,32.89,0.00,313.31,0,-98.00,-11.00,0.00,0.00,42.00,0.00,0,69
451.21,1565844174,10634.58,51.46922329,7.40324992,148.89,32.89,0.00,313.31,0,-98.00,-11.00,0.00,0.00,42.00,0.00,0,355
452.20,1565844175,10667.37,51.46942728,7.40290725,149.22,32.97,0.00,314.12,0,-103.00,-13.00,0.00,0.00,36.00,0.00,0,149
452.21,1565844175,10667.40,51.46942728,7.40290725,149.22,32.97,0.00,314.12,0,-104.00,-14.00,0.00,0.00,39.00,0.00,0,355
452.21,1565844175,10667.44,51.46942728,7.40290725,149.22,32.97,0.00,314.12,0,-104.00,-13.00,0.00,0.00,38.00,0.00,0,69
453.20,1565844176,10700.34,51.46963545,7.40256810,149.68,32.96,0.00,314.35,0,-103.00,-13.00,0.00,0.00,36.00,0.00,0,149
453.20,1565844176,10700.34,51.46963545,7.40256810,149.68,32.96,0.00,314.35,0,-104.00,-14.00,0.00,0.00,39.00,0.00,0,355
453.21,1565844176,10700.37,51.46963545,7.40256810,149.68,32.96,0.00,314.35,0,-104.00,-13.00,0.00,0.00,38.00,0.00,0,69
454.21,1565844177,10733.40,51.46984058,7.40223177,150.31,32.84,0.00,314.93,0,-105.00,-14.00,0.00,0.00,38.00,0.00,0,69
454.21,1565844177,10733.47,51.46984058,7.40223177,150.31,32.84,0.00,314.93,0,-105.00,-15.00,0.00,0.00,39.00,0.00,0,355
455.20,1565844178,10766.08,51.47004824,7.40192043,150.99,32.16,0.00,317.10,0,-105.00,-14.00,0.00,0.00,38.00,0.00,0,69
455.20,1565844178,10766.11,51.47004824,7.40192043,150.99,32.16,0.00,317.10,0,-105.00,-15.00,0.00,0.00,39.00,0.00,0,355
456.20,1565844179,10798.27,51.47025449,7.40161176,151.56,31.69,0.00,317.42,0,-107.00,-16.00,0.00,0.00,39.00,0.00,0,355
456.20,1565844179,10798.30,51.47025449,7.40161176,151.56,31.69,0.00,317.42,0,-110.00,-20.00,0.00,0.00,38.00,0.00,0,69
457.21,1565844180,10830.15,51.47045936,7.40130885,151.88,31.25,0.00,317.24,0,-107.00,-16.00,0.00,0.00,39.00,0.00,0,355
457.21,1565844180,10830.22,51.47045936,7.40130885,151.88,31.25,0.00,317.24,0,-110.00,-20.00,0.00,0.00,38.00,0.00,0,69
458.21,1565844181,10861.34,51.47065983,7.40101209,151.84,30.83,0.00,317.15,0,-106.00,-15.00,0.00,0.00,39.00,0.00,0,355
458.21,1565844181,10861.41,51.47065983,7.40101209,151.84,30.83,0.00,317.15,0,-108.00,-17.00,0.00,0.00,38.00,0.00,0,69
459.20,1565844182,10892.08,51.47085627,7.40071796,151.49,30.67,0.00,317.03,0,-106.00,-15.00,0.00,0.00,39.00,0.00,0,355
459.21,1565844182,10892.11,51.47085627,7.40071796,151.49,30.67,0.00,317.03,0,-108.00,-17.00,0.00,0.00,38.00,0.00,0,69
460.22,1565844183,10923.09,51.47105347,7.40041939,151.28,30.34,0.00,316.84,0,-102.00,-10.00,0.00,0.00,37.00,0.00,0,355
460.22,1565844183,10923.09,51.47105347,7.40041939,151.28,30.34,0.00,316.84,0,-107.00,-13.00,0.00,0.00,35.00,0.00,0,57
461.20,1565844184,10953.06,51.47125068,7.40012152,151.02,30.18,0.00,317.09,0,-102.00,-10.00,0.00,0.00,37.00,0.00,0,355
461.20,1565844184,10953.09,51.47125068,7.40012152,151.02,30.18,0.00,317.09,0,-107.00,-13.00,0.00,0.00,35.00,0.00,0,57
462.21,1565844185,10983.36,51.47145136,7.39982187,151.05,30.09,0.00,317.42,0,-102.00,-10.00,0.00,0.00,37.00,0.00,0,355
462.21,1565844185,10983.39,51.47145136,7.39982187,151.05,30.09,0.00,317.42,0,-107.00,-13.00,0.00,0.00,35.00,0.00,0,57
463.20,1565844186,11013.30,51.47165069,7.39952634,151.66,29.88,0.00,318.06,0,-99.00,-8.00,0.00,0.00,38.00,0.00,0,355
464.20,1565844187,11043.18,51.47185277,7.39923478,152.09,29.72,0.00,318.48,0,-99.00,-8.00,0.00,0.00,38.00,0.00,0,355
465.21,1565844188,11072.99,51.47205232,7.39894946,152.90,29.20,0.00,319.08,0,-100.00,-8.00,0.00,0.00,37.00,0.00,0,355
466.20,1565844189,11102.10,51.47224705,7.39867599,153.80,28.38,0.00,318.73,0,-100.00,-8.00,0.00,0.00,37.00,0.00,0,355
467.20,1565844190,11130.51,51.47243762,7.39840419,154.37,27.86,0.00,319.05,0,-100.00,-10.00,0.00,0.00,38.00,0.00,0,355
468.20,1565844191,11158.36,51.47262693,7.39813888,154.87,27.39,0.00,319.30,0,-100.00,-10.00,0.00,0.00,38.00,0.00,0,355
469.20,1565844192,11185.62,51.47281154,7.39789201,154.97,26.89,0.00,319.88,0,-102.00,-10.00,0.00,0.00,38.00,0.00,0,355
469.20,1565844192,11185.62,51.47281154,7.39789201,154.97,26.89,0.00,319.88,0,-105.00,-11.00,0.00,0.00,35.00,0.00,0,223
470.20,1565844193,11212.67,51.47299259,7.39765091,155.20,26.10,0.00,320.14,0,-102.00,-10.00,0.00,0.00,38.00,0.00,0,355
470.20,1565844193,11212.67,51.47299259,7.39765091,155.20,26.10,0.00,320.14,0,-105.00,-11.00,0.00,0.00,35.00,0.00,0,223
473.20,1565844196,11287.46,51.47350331,7.39698581,155.74,22.96,0.00,321.18,0,-105.00,-8.00,0.00,0.00,29.00,0.00,0,176
474.20,1565844197,11310.39,51.47366489,7.39677833,156.21,22.46,0.00,321.83,0,-105.00,-8.00,0.00,0.00,29.00,0.00,0,176
481.21,1565844204,11454.52,51.47468079,7.39557347,155.09,19.40,0.00,324.80,0,-102.00,-11.00,0.00,0.00,35.00,0.00,0,223
481.21,1565844204,11454.54,51.47468079,7.39557347,155.09,19.40,0.00,324.80,0,-106.00,-14.00,0.00,0.00,34.00,0.00,0,57
481.22,1565844204,11454.56,51.47468079,7.39557347,155.09,19.40,0.00,324.80,0,-107.00,-15.00,0.00,0.00,35.00,0.00,0,431
481.22,1565844204,11454.58,51.47468079,7.39557347,155.09,19.40,0.00,324.80,0,-109.00,-10.00,0.00,0.00,26.00,0.00,0,120
481.22,1565844204,11454.58,51.47468079,7.39557347,155.09,19.40,0.00,324.80,0,-111.00,-11.00,0.00,0.00,28.00,0.00,0,176
482.21,1565844205,11473.78,51.47482565,7.39542073,154.77,19.75,0.00,325.15,0,-102.00,-11.00,0.00,0.00,35.00,0.00,0,223
482.21,1565844205,11473.80,51.47482565,7.39542073,154.77,19.75,0.00,325.15,0,-106.00,-14.00,0.00,0.00,34.00,0.00,0,57
482.21,1565844205,11473.82,51.47482565,7.39542073,154.77,19.75,0.00,325.15,0,-107.00,-15.00,0.00,0.00,35.00,0.00,0,431
482.21,1565844205,11473.82,51.47482565,7.39542073,154.77,19.75,0.00,325.15,0,-109.00,-10.00,0.00,0.00,26.00,0.00,0,120
482.21,1565844205,11473.84,51.47482565,7.39542073,154.77,19.75,0.00,325.15,0,-111.00,-11.00,0.00,0.00,28.00,0.00,0,176
483.21,1565844206,11493.51,51.47497468,7.39525869,154.52,20.20,0.00,325.80,0,-102.00,-11.00,0.00,0.00,35.00,0.00,0,223
483.21,1565844206,11493.53,51.47497468,7.39525869,154.52,20.20,0.00,325.80,0,-106.00,-14.00,0.00,0.00,34.00,0.00,0,57
483.21,1565844206,11493.53,51.47497468,7.39525869,154.52,20.20,0.00,325.80,0,-107.00,-15.00,0.00,0.00,35.00,0.00,0,431
483.21,1565844206,11493.55,51.47497468,7.39525869,154.52,20.20,0.00,325.80,0,-109.00,-10.00,0.00,0.00,26.00,0.00,0,120
483.21,1565844206,11493.57,51.47497468,7.39525869,154.52,20.20,0.00,325.80,0,-111.00,-11.00,0.00,0.00,28.00,0.00,0,176
484.20,1565844207,11513.69,51.47512981,7.39510557,154.73,20.66,0.00,326.64,0,-99.00,-12.00,0.00,0.00,39.00,0.00,0,223
484.21,1565844207,11513.72,51.47512981,7.39510557,154.73,20.66,0.00,326.64,0,-103.00,-17.00,0.00,0.00,40.00,0.00,0,431
484.21,1565844207,11513.72,51.47512981,7.39510557,154.73,20.66,0.00,326.64,0,-104.00,-19.00,0.00,0.00,40.00,0.00,0,271
484.21,1565844207,11513.74,51.47512981,7.39510557,154.73,20.66,0.00,326.64,0,-108.00,-9.00,0.00,0.00,28.00,0.00,0,176
484.21,1565844207,11513.76,51.47512981,7.39510557,154.73,20.66,0.00,326.64,0,-110.00,-8.00,0.00,0.00,25.00,0.00,0,120
485.20,1565844208,11534.36,51.47529300,7.39495616,155.06,20.97,0.00,328.56,0,-99.00,-12.00,0.00,0.00,39.00,0.00,0,223
485.21,1565844208,11534.38,51.47529300,7.39495616,155.06,20.97,0.00,328.56,0,-103.00,-17.00,0.00,0.00,40.00,0.00,0,431
485.21,1565844208,11534.40,51.47529300,7.39495616,155.06,20.97,0.00,328.56,0,-104.00,-19.00,0.00,0.00,40.00,0.00,0,271
485.21,1565844208,11534.42,51.47529300,7.39495616,155.06,20.97,0.00,328.56,0,-108.00,-9.00,0.00,0.00,28.00,0.00,0,176
485.21,1565844208,11534.42,51.47529300,7.39495616,155.06,20.97,0.00,328.56,0,-110.00,-8.00,0.00,0.00,25.00,0.00,0,120
488.21,1565844211,11598.91,51.47581223,7.39450482,156.72,22.40,0.00,330.45,0,-103.00,-8.00,0.00,0.00,30.00,0.00,0,449
488.21,1565844211,11598.93,51.47581223,7.39450482,156.72,22.40,0.00,330.45,0,-109.00,-11.00,0.00,0.00,29.00,0.00,0,176
489.21,1565844212,11621.31,51.47598931,7.39434818,157.50,22.97,0.00,331.12,0,-103.00,-8.00,0.00,0.00,30.00,0.00,0,449
489.21,1565844212,11621.33,51.47598931,7.39434818,157.50,22.97,0.00,331.12,0,-109.00,-11.00,0.00,0.00,29.00,0.00,0,176
496.21,1565844219,11782.10,51.47728323,7.39331439,167.30,21.34,0.00,339.67,0,-98.00,-10.00,0.00,0.00,38.00,0.00,0,355
496.21,1565844219,11782.12,51.47728323,7.39331439,167.30,21.34,0.00,339.67,0,-104.00,-15.00,0.00,0.00,36.00,0.00,0,271
496.21,1565844219,11782.15,51.47728323,7.39331439,167.30,21.34,0.00,339.67,0,-106.00,-12.00,0.00,0.00,34.00,0.00,0,378
496.21,1565844219,11782.17,51.47728323,7.39331439,167.30,21.34,0.00,339.67,0,-107.00,-7.00,0.00,0.00,26.00,0.00,0,120
497.20,1565844220,11803.31,51.47746055,7.39322144,168.44,20.65,0.00,343.64,0,-98.00,-10.00,0.00,0.00,38.00,0.00,0,355
497.20,1565844220,11803.33,51.47746055,7.39322144,168.44,20.65,0.00,343.64,0,-104.00,-15.00,0.00,0.00,36.00,0.00,0,271
497.20,1565844220,11803.33,51.47746055,7.39322144,168.44,20.65,0.00,343.64,0,-106.00,-12.00,0.00,0.00,34.00,0.00,0,378
497.20,1565844220,11803.35,51.47746055,7.39322144,168.44,20.65,0.00,343.64,0,-107.00,-7.00,0.00,0.00,26.00,0.00,0,120
500.20,1565844223,11863.40,51.47795247,7.39307527,171.86,18.21,0.00,0.79,0,-102.00,-11.00,0.00,0.00,37.00,0.00,0,449
500.20,1565844223,11863.42,51.47795247,7.39307527,171.86,18.21,0.00,0.79,0,-105.00,-13.00,0.00,0.00,34.00,0.00,0,91
500.21,1565844223,11863.44,51.47795247,7.39307527,171.86,18.21,0.00,0.79,0,-128.00,-15.00,0.00,0.00,17.00,0.00,0,389
501.20,1565844224,11881.62,51.47811466,7.39308297,172.90,18.38,0.00,4.21,0,-102.00,-11.00,0.00,0.00,37.00,0.00,0,449
501.20,1565844224,11881.64,51.47811466,7.39308297,172.90,18.38,0.00,4.21,0,-105.00,-13.00,0.00,0.00,34.00,0.00,0,91
501.21,1565844224,11881.65,51.47811466,7.39308297,172.90,18.38,0.00,4.21,0,-128.00,-15.00,0.00,0.00,17.00,0.00,0,389
502.22,1565844225,11900.22,51.47828198,7.39311274,173.76,18.90,0.00,7.88,0,-103.00,-10.00,0.00,0.00,34.00,0.00,0,449
502.22,1565844225,11900.25,51.47828198,7.39311274,173.76,18.90,0.00,7.88,0,-130.00,-16.00,0.00,0.00,17.00,0.00,0,389
503.20,1565844226,11918.89,51.47844933,7.39316568,173.98,18.85,0.00,11.93,0,-103.00,-10.00,0.00,0.00,34.00,0.00,0,449
503.20,1565844226,11918.91,51.47844933,7.39316568,173.98,18.85,0.00,11.93,0,-130.00,-16.00,0.00,0.00,17.00,0.00,0,389
504.20,1565844227,11937.72,51.47859344,7.39328478,173.78,18.05,0.00,29.73,0,-103.00,-10.00,0.00,0.00,34.00,0.00,0,449
504.20,1565844227,11937.74,51.47859344,7.39328478,173.78,18.05,0.00,29.73,0,-130.00,-16.00,0.00,0.00,17.00,0.00,0,389
505.20,1565844228,11955.77,51.47873842,7.39341211,173.42,17.88,0.00,30.04,0,-107.00,-10.00,0.00,0.00,30.00,0.00,0,449
506.20,1565844229,11973.65,51.47887886,7.39354537,173.36,17.53,0.00,30.97,0,-107.00,-10.00,0.00,0.00,30.00,0.00,0,449
507.20,1565844230,11991.18,51.47901146,7.39367627,173.13,16.93,0.00,30.37,0,-83.00,-12.00,0.00,0.00,57.00,0.00,0,223
508.21,1565844231,12008.22,51.47913702,7.39378983,172.73,15.77,0.00,27.57,0,-83.00,-12.00,0.00,0.00,57.00,0.00,0,223
509.20,1565844232,12023.89,51.47927786,7.39385199,172.87,15.30,0.00,13.18,0,-85.00,-6.00,0.00,0.00,51.00,0.00,0,223
510.21,1565844233,12039.32,51.47940828,7.39385054,172.75,14.53,0.00,358.02,0,-85.00,-6.00,0.00,0.00,51.00,0.00,0,223
511.20,1565844234,12053.64,51.47952348,7.39378898,173.02,14.24,0.00,340.00,0,-78.00,-10.00,0.00,0.00,61.00,0.00,0,223
512.20,1565844235,12067.94,51.47963740,7.39372294,173.62,14.42,0.00,338.67,0,-78.00,-10.00,0.00,0.00,61.00,0.00,0,223
513.20,1565844236,12082.36,51.47975897,7.39364084,174.63,14.74,0.00,336.59,0,-75.00,-6.00,0.00,0.00,60.00,0.00,0,223
514.21,1565844237,12097.16,51.47988233,7.39355400,175.84,14.54,0.00,335.98,0,-75.00,-6.00,0.00,0.00,60.00,0.00,0,223
515.21,1565844238,12111.76,51.47999616,7.39347536,176.78,14.07,0.00,336.57,0,-76.00,-11.00,0.00,0.00,63.00,0.00,0,223
516.20,1565844239,12125.67,51.48007883,7.39342154,177.66,10.68,0.00,340.16,0,-76.00,-11.00,0.00,0.00,63.00,0.00,0,223
517.21,1565844240,12136.42,51.48017700,7.39342987,178.56,9.82,0.00,4.34,0,-77.00,-6.00,0.00,0.00,58.00,0.00,0,223
518.20,1565844241,12146.20,51.48024818,7.39346187,179.15,9.82,0.00,350.06,0,-77.00,-6.00,0.00,0.00,58.00,0.00,0,223
519.20,1565844242,12155.98,51.48031164,7.39359820,180.07,11.98,0.00,49.82,0,-88.00,-10.00,0.00,0.00,52.00,0.00,0,223
520.20,1565844243,12168.01,51.48037796,7.39375454,181.05,12.52,0.00,53.26,0,-88.00,-10.00,0.00,0.00,52.00,0.00,0,223
521.20,1565844244,12180.55,51.48045032,7.39393052,181.81,13.86,0.00,55.52,0,-83.00,-7.00,0.00,0.00,53.00,0.00,0,223
522.21,1565844245,12194.44,51.48052528,7.39410613,182.58,14.81,0.00,56.62,0,-83.00,-7.00,0.00,0.00,53.00,0.00,0,223
523.21,1565844246,12209.37,51.48060480,7.39429955,183.02,15.98,0.00,57.53,0,-74.00,-8.00,0.00,0.00,63.00,0.00,0,223
524.20,1565844247,12225.19,51.48067886,7.39450238,183.58,16.94,0.00,58.31,0,-74.00,-8.00,0.00,0.00,63.00,0.00,0,223
525.20,1565844248,12242.12,51.48076411,7.39472081,184.02,17.15,0.00,59.12,0,-74.00,-8.00,0.00,0.00,63.00,0.00,0,223
526.20,1565844249,12259.28,51.48084107,7.39494584,184.31,17.48,0.00,59.58,0,-76.00,-7.00,0.00,0.00,61.00,0.00,0,223
527.20,1565844250,12276.75,51.48092023,7.39516831,184.34,17.27,0.00,59.74,0,-76.00,-7.00,0.00,0.00,61.00,0.00,0,223
528.20,1565844251,12294.02,51.48099218,7.39538045,184.41,16.61,0.00,60.36,0,-76.00,-9.00,0.00,0.00,63.00,0.00,0,223
529.20,1565844252,12310.63,51.48106256,7.39558555,184.42,16.38,0.00,60.01,0,-76.00,-9.00,0.00,0.00,63.00,0.00,0,223
530.20,1565844253,12327.04,51.48113386,7.39579514,183.79,16.99,0.00,59.26,0,-78.00,-7.00,0.00,0.00,58.00,0.00,0,223
531.20,1565844254,12344.03,51.48120678,7.39601589,183.76,17.50,0.00,58.85,0,-78.00,-7.00,0.00,0.00,58.00,0.00,0,223
534.21,1565844257,12395.42,51.48142732,7.39665600,182.74,16.64,0.00,59.11,0,-95.00,-12.00,0.00,0.00,42.00,0.00,0,176
535.20,1565844258,12411.99,51.48150155,7.39686413,182.64,16.19,0.00,58.77,0,-95.00,-12.00,0.00,0.00,42.00,0.00,0,176
536.21,1565844259,12428.20,51.48157912,7.39706672,182.50,15.81,0.00,58.07,0,-104.00,-9.00,0.00,0.00,30.00,0.00,0,176
536.21,1565844259,12428.21,51.48157912,7.39706672,182.50,15.81,0.00,58.07,0,-108.00,-13.00,0.00,0.00,30.00,0.00,0,378
536.21,1565844259,12428.23,51.48157912,7.39706672,182.50,15.81,0.00,58.07,0,-91.00,-12.00,0.00,0.00,50.00,0.00,0,223
536.21,1565844259,12428.24,51.48157912,7.39706672,182.50,15.81,0.00,58.07,0,-98.00,-19.00,0.00,0.00,51.00,0.00,0,431
537.21,1565844260,12444.07,51.48165528,7.39726364,182.07,14.78,0.00,57.57,0,-104.00,-9.00,0.00,0.00,30.00,0.00,0,176
537.21,1565844260,12444.08,51.48165528,7.39726364,182.07,14.78,0.00,57.57,0,-108.00,-13.00,0.00,0.00,30.00,0.00,0,378
537.21,1565844260,12444.10,51.48165528,7.39726364,182.07,14.78,0.00,57.57,0,-91.00,-12.00,0.00,0.00,50.00,0.00,0,223
537.21,1565844260,12444.11,51.48165528,7.39726364,182.07,14.78,0.00,57.57,0,-98.00,-19.00,0.00,0.00,51.00,0.00,0,431
538.21,1565844261,12458.83,51.48173195,7.39744378,181.25,14.44,0.00,56.92,0,-88.00,-13.00,0.00,0.00,53.00,0.00,0,223
539.20,1565844262,12473.20,51.48181210,7.39761805,180.44,14.50,0.00,55.74,0,-88.00,-13.00,0.00,0.00,53.00,0.00,0,223
540.20,1565844263,12487.70,51.48189394,7.39778648,180.05,14.34,0.00,54.14,0,-84.00,-10.00,0.00,0.00,55.00,0.00,0,223
541.20,1565844264,12502.05,51.48197335,7.39794690,180.12,13.51,0.00,53.01,0,-84.00,-10.00,0.00,0.00,55.00,0.00,0,223
542.21,1565844265,12515.59,51.48203792,7.39808059,180.98,11.76,0.00,52.54,0,-99.00,-9.00,0.00,0.00,36.00,0.00,0,217
542.21,1565844265,12515.59,51.48203792,7.39808059,180.98,11.76,0.00,52.54,0,-86.00,-12.00,0.00,0.00,54.00,0.00,0,223
543.20,1565844266,12527.33,51.48209627,7.39819680,181.96,10.65,0.00,51.28,0,-99.00,-9.00,0.00,0.00,36.00,0.00,0,217
543.21,1565844266,12527.34,51.48209627,7.39819680,181.96,10.65,0.00,51.28,0,-86.00,-12.00,0.00,0.00,54.00,0.00,0,223
544.21,1565844267,12538.00,51.48214372,7.39828749,182.93,9.19,0.00,49.61,0,-98.00,-10.00,0.00,0.00,39.00,0.00,0,217
544.21,1565844267,12538.01,51.48214372,7.39828749,182.93,9.19,0.00,49.61,0,-84.00,-10.00,0.00,0.00,56.00,0.00,0,223
545.20,1565844268,12547.16,51.48218825,7.39836632,183.50,7.82,0.00,48.45,0,-98.00,-10.00,0.00,0.00,39.00,0.00,0,217
545.21,1565844268,12547.17,51.48218825,7.39836632,183.50,7.82,0.00,48.45,0,-84.00,-10.00,0.00,0.00,56.00,0.00,0,223
546.21,1565844269,12555.06,51.48222832,7.39843367,183.85,6.33,0.00,47.46,0,-85.00,-14.00,0.00,0.00,59.00,0.00,0,223
547.21,1565844270,12561.36,51.48226160,7.39848154,184.14,4.57,0.00,46.58,0,-85.00,-14.00,0.00,0.00,59.00,0.00,0,223
548.20,1565844271,12565.90,51.48228577,7.39850857,184.13,2.10,0.00,45.07,0,-85.00,-14.00,0.00,0.00,59.00,0.00,0,223
549.20,1565844272,12568.00,51.48229780,7.39851678,184.11,0.56,0.00,45.07,0,-97.00,-12.00,0.00,0.00,42.00,0.00,0,217
550.20,1565844273,12568.55,51.48229780,7.39851678,184.12,0.00,0.00,45.07,0,-97.00,-12.00,0.00,0.00,42.00,0.00,0,217
551.20,1565844274,12568.55,51.48229780,7.39851678,184.11,0.00,0.00,45.07,0,-98.00,-10.00,0.00,0.00,39.00,0.00,0,217
552.21,1565844275,12568.55,51.48229780,7.39851678,184.11,0.00,0.00,45.07,0,-98.00,-10.00,0.00,0.00,39.00,0.00,0,217
553.20,1565844276,12568.55,51.48229780,7.39851678,184.11,0.00,0.00,45.07,0,-98.00,-10.00,0.00,0.00,38.00,0.00,0,217
554.20,1565844277,12568.55,51.48229780,7.39851678,184.11,0.00,0.00,45.07,0,-98.00,-10.00,0.00,0.00,38.00,0.00,0,217
555.20,1565844278,12568.55,51.48229780,7.39851678,184.12,0.00,0.00,45.07,0,-98.00,-11.00,0.00,0.00,39.00,0.00,0,217
556.20,1565844279,12568.55,51.48229780,7.39851678,184.13,0.00,0.00,45.07,0,-98.00,-11.00,0.00,0.00,39.00,0.00,0,217
557.20,1565844280,12568.55,51.48229780,7.39851678,184.13,0.00,0.00,45.07,0,-98.00,-11.00,0.00,0.00,39.00,0.00,0,217
558.20,1565844281,12568.55,51.48229780,7.39851678,184.13,0.00,0.00,45.07,0,-98.00,-11.00,0.00,0.00,39.00,0.00,0,217
559.20,1565844282,12568.55,51.48229780,7.39851678,184.13,0.00,0.00,45.07,0,-98.00,-11.00,0.00,0.00,39.00,0.00,0,217
560.20,1565844283,12568.55,51.48229780,7.39851678,184.14,0.00,0.00,45.07,0,-98.00,-11.00,0.00,0.00,39.00,0.00,0,217
561.20,1565844284,12568.55,51.48229780,7.39851678,184.14,0.00,0.00,45.07,0,-98.00,-10.00,0.00,0.00,39.00,0.00,0,217
561.20,1565844284,12568.55,51.48229780,7.39851678,184.14,0.00,0.00,45.07,0,-85.00,-9.00,0.00,0.00,53.00,0.00,0,223
562.20,1565844285,12568.55,51.48229780,7.39851678,184.14,0.00,0.00,45.07,0,-98.00,-10.00,0.00,0.00,39.00,0.00,0,217
562.21,1565844285,12568.55,51.48229780,7.39851678,184.14,0.00,0.00,45.07,0,-85.00,-9.00,0.00,0.00,53.00,0.00,0,223
563.20,1565844286,12568.55,51.48229780,7.39851678,184.14,0.00,0.00,45.07,0,-98.00,-10.00,0.00,0.00,39.00,0.00,0,217
563.21,1565844286,12568.55,51.48229780,7.39851678,184.14,0.00,0.00,45.07,0,-85.00,-11.00,0.00,0.00,54.00,0.00,0,223
564.20,1565844287,12568.55,51.48229780,7.39851678,184.15,0.00,0.00,45.07,0,-98.00,-10.00,0.00,0.00,39.00,0.00,0,217
564.21,1565844287,12568.55,51.48229780,7.39851678,184.15,0.00,0.00,45.07,0,-85.00,-11.00,0.00,0.00,54.00,0.00,0,223
565.20,1565844288,12568.55,51.48229780,7.39851678,184.15,0.00,0.00,45.07,0,-98.00,-10.00,0.00,0.00,39.00,0.00,0,217
565.21,1565844288,12568.55,51.48229780,7.39851678,184.15,0.00,0.00,45.07,0,-85.00,-9.00,0.00,0.00,53.00,0.00,0,223
566.21,1565844289,12568.55,51.48229780,7.39851678,184.15,0.00,0.00,45.07,0,-98.00,-10.00,0.00,0.00,39.00,0.00,0,217
566.21,1565844289,12568.55,51.48229780,7.39851678,184.15,0.00,0.00,45.07,0,-85.00,-9.00,0.00,0.00,53.00,0.00,0,223
567.22,1565844290,12568.55,51.48229780,7.39851678,184.15,0.00,0.00,45.07,0,-99.00,-11.00,0.00,0.00,38.00,0.00,0,217
567.22,1565844290,12568.55,51.48229780,7.39851678,184.15,0.00,0.00,45.07,0,-85.00,-9.00,0.00,0.00,53.00,0.00,0,223
568.20,1565844291,12568.55,51.48229780,7.39851678,184.15,0.00,0.00,45.07,0,-99.00,-11.00,0.00,0.00,38.00,0.00,0,217
568.21,1565844291,12568.55,51.48229780,7.39851678,184.15,0.00,0.00,45.07,0,-85.00,-9.00,0.00,0.00,53.00,0.00,0,223
569.20,1565844292,12568.55,51.48229780,7.39851678,184.15,0.00,0.00,45.07,0,-99.00,-11.00,0.00,0.00,38.00,0.00,0,217
569.20,1565844292,12568.55,51.48229780,7.39851678,184.15,0.00,0.00,45.07,0,-85.00,-9.00,0.00,0.00,53.00,0.00,0,223
570.20,1565844293,12568.55,51.48229780,7.39851678,184.16,0.00,0.00,45.07,0,-98.00,-11.00,0.00,0.00,40.00,0.00,0,217
570.21,1565844293,12568.55,51.48229780,7.39851678,184.16,0.00,0.00,45.07,0,-84.00,-9.00,0.00,0.00,53.00,0.00,0,223
571.20,1565844294,12568.55,51.48229780,7.39851678,184.16,0.00,0.00,45.07,0,-98.00,-11.00,0.00,0.00,40.00,0.00,0,217
571.20,1565844294,12568.55,51.48229780,7.39851678,184.16,0.00,0.00,45.07,0,-84.00,-9.00,0.00,0.00,53.00,0.00,0,223
572.20,1565844295,12568.55,51.48229780,7.39851678,184.16,0.00,0.00,45.07,0,-98.00,-11.00,0.00,0.00,40.00,0.00,0,217
573.21,1565844296,12568.55,51.48229780,7.39851678,184.16,0.00,0.00,45.07,0,-98.00,-11.00,0.00,0.00,40.00,0.00,0,217
574.20,1565844297,12568.55,51.48229780,7.39851678,184.16,0.00,0.00,45.07,0,-98.00,-11.00,0.00,0.00,40.00,0.00,0,217
575.20,1565844298,12568.55,51.48229780,7.39851678,184.16,0.00,0.00,45.07,0,-98.00,-11.00,0.00,0.00,40.00,0.00,0,217
576.20,1565844299,12568.55,51.48229780,7.39851678,184.13,0.00,0.00,45.07,0,-99.00,-10.00,0.00,0.00,37.00,0.00,0,217
576.20,1565844299,12568.55,51.48229780,7.39851678,184.13,0.00,0.00,45.07,0,-84.00,-8.00,0.00,0.00,53.00,0.00,0,223
577.20,1565844300,12568.55,51.48229780,7.39851678,183.39,0.00,0.00,45.51,0,-99.00,-10.00,0.00,0.00,37.00,0.00,0,217
577.21,1565844300,12568.55,51.48229780,7.39851678,183.39,0.00,0.00,45.51,0,-84.00,-8.00,0.00,0.00,53.00,0.00,0,223
578.21,1565844301,12568.55,51.48238942,7.39863665,183.56,0.00,0.00,39.54,0,-102.00,-12.00,0.00,0.00,35.00,0.00,0,217
578.21,1565844301,12568.55,51.48238942,7.39863665,183.56,0.00,0.00,39.54,0,-90.00,-13.00,0.00,0.00,52.00,0.00,0,223
579.21,1565844302,12568.57,51.48243950,7.39870202,184.25,6.84,0.00,40.12,0,-102.00,-12.00,0.00,0.00,35.00,0.00,0,217
579.21,1565844302,12568.58,51.48243950,7.39870202,184.25,6.84,0.00,40.12,0,-90.00,-13.00,0.00,0.00,52.00,0.00,0,223
580.21,1565844303,12575.40,51.48249779,7.39877847,185.00,8.16,0.00,39.41,0,-99.00,-10.00,0.00,0.00,36.00,0.00,0,217
580.21,1565844303,12575.41,51.48249779,7.39877847,185.00,8.16,0.00,39.41,0,-93.00,-11.00,0.00,0.00,47.00,0.00,0,223
581.20,1565844304,12583.55,51.48257389,7.39887389,185.64,10.28,0.00,38.30,0,-99.00,-10.00,0.00,0.00,36.00,0.00,0,217
581.20,1565844304,12583.56,51.48257389,7.39887389,185.64,10.28,0.00,38.30,0,-93.00,-11.00,0.00,0.00,47.00,0.00,0,223
582.20,1565844305,12593.83,51.48264931,7.39896211,186.66,11.59,0.00,36.66,0,-92.00,-8.00,0.00,0.00,42.00,0.00,0,217
582.20,1565844305,12593.84,51.48264931,7.39896211,186.66,11.59,0.00,36.66,0,-89.00,-13.00,0.00,0.00,51.00,0.00,0,223
583.21,1565844306,12605.44,51.48271842,7.39903972,186.90,10.38,0.00,36.11,0,-92.00,-8.00,0.00,0.00,42.00,0.00,0,217
583.21,1565844306,12605.45,51.48271842,7.39903972,186.90,10.38,0.00,36.11,0,-89.00,-13.00,0.00,0.00,51.00,0.00,0,223
584.20,1565844307,12615.81,51.48279447,7.39912670,187.28,10.59,0.00,35.37,0,-95.00,-8.00,0.00,0.00,39.00,0.00,0,217
584.21,1565844307,12615.84,51.48279447,7.39912670,187.28,10.59,0.00,35.37,0,-89.00,-13.00,0.00,0.00,53.00,0.00,0,223
585.21,1565844308,12626.42,51.48287988,7.39921899,187.63,11.77,0.00,34.69,0,-95.00,-8.00,0.00,0.00,39.00,0.00,0,217
585.21,1565844308,12626.42,51.48287988,7.39921899,187.63,11.77,0.00,34.69,0,-89.00,-13.00,0.00,0.00,53.00,0.00,0,223
586.20,1565844309,12638.17,51.48298106,7.39932568,187.88,13.60,0.00,34.09,0,-94.00,-8.00,0.00,0.00,41.00,0.00,0,217
586.20,1565844309,12638.19,51.48298106,7.39932568,187.88,13.60,0.00,34.09,0,-83.00,-13.00,0.00,0.00,58.00,0.00,0,223
587.20,1565844310,12651.79,51.48308515,7.39943886,188.22,13.41,0.00,34.19,0,-94.00,-8.00,0.00,0.00,41.00,0.00,0,217
587.21,1565844310,12651.80,51.48308515,7.39943886,188.22,13.41,0.00,34.19,0,-83.00,-13.00,0.00,0.00,58.00,0.00,0,223
588.21,1565844311,12665.29,51.48319384,7.39955358,188.92,14.36,0.00,33.87,0,-92.00,-7.00,0.00,0.00,42.00,0.00,0,217
589.20,1565844312,12679.54,51.48330817,7.39967104,189.53,15.22,0.00,33.45,0,-92.00,-7.00,0.00,0.00,42.00,0.00,0,217
590.20,1565844313,12694.76,51.48341982,7.39978640,190.11,15.70,0.00,33.76,0,-92.00,-7.00,0.00,0.00,42.00,0.00,0,217
591.20,1565844314,12710.46,51.48353111,7.39990479,190.33,15.77,0.00,34.04,0,-95.00,-12.00,0.00,0.00,43.00,0.00,0,449
592.20,1565844315,12726.23,51.48364940,7.40002815,189.66,15.96,0.00,34.88,0,-95.00,-12.00,0.00,0.00,43.00,0.00,0,449
593.20,1565844316,12742.19,51.48376814,7.40016328,189.10,16.00,0.00,35.58,0,-102.00,-14.00,0.00,0.00,37.00,0.00,0,449
594.21,1565844317,12758.23,51.48389041,7.40030069,188.62,16.25,0.00,35.59,0,-102.00,-14.00,0.00,0.00,37.00,0.00,0,449
601.21,1565844324,12873.55,51.48467139,7.40135740,188.20,16.11,0.00,42.41,0,-102.00,-10.00,0.00,0.00,32.00,0.00,0,451
602.20,1565844325,12889.60,51.48477862,7.40151706,188.28,16.02,0.00,43.28,0,-102.00,-10.00,0.00,0.00,32.00,0.00,0,451
603.20,1565844326,12905.65,51.48488677,7.40168366,188.19,16.06,0.00,44.08,0,-104.00,-11.00,0.00,0.00,32.00,0.00,0,451
604.20,1565844327,12921.69,51.48499232,7.40184489,188.31,15.88,0.00,44.59,0,-104.00,-11.00,0.00,0.00,32.00,0.00,0,451
605.21,1565844328,12937.60,51.48509439,7.40200222,188.48,15.87,0.00,45.06,0,-105.00,-12.00,0.00,0.00,33.00,0.00,0,171
605.21,1565844328,12937.60,51.48509439,7.40200222,188.48,15.87,0.00,45.06,0,-105.00,-12.00,0.00,0.00,32.00,0.00,0,451
606.21,1565844329,12953.51,51.48519647,7.40216767,188.30,15.96,0.00,45.70,0,-105.00,-12.00,0.00,0.00,33.00,0.00,0,171
606.21,1565844329,12953.53,51.48519647,7.40216767,188.30,15.96,0.00,45.70,0,-105.00,-12.00,0.00,0.00,32.00,0.00,0,451
611.21,1565844334,13033.06,51.48566268,7.40302973,184.49,15.66,0.00,50.30,0,-76.00,-6.00,0.00,0.00,59.00,0.00,0,392
612.21,1565844335,13048.62,51.48574790,7.40320033,183.27,15.38,0.00,51.06,0,-76.00,-6.00,0.00,0.00,59.00,0.00,0,392
613.20,1565844336,13063.95,51.48583597,7.40338708,182.37,16.09,0.00,52.00,0,-76.00,-6.00,0.00,0.00,59.00,0.00,0,392
614.20,1565844337,13079.99,51.48592238,7.40358445,181.41,16.55,0.00,53.28,0,-93.00,-12.00,0.00,0.00,45.00,0.00,0,171
614.20,1565844337,13079.99,51.48592238,7.40358445,181.41,16.55,0.00,53.28,0,-79.00,-6.00,0.00,0.00,55.00,0.00,0,392
615.20,1565844338,13096.63,51.48600783,7.40378789,180.59,16.38,0.00,54.67,0,-93.00,-12.00,0.00,0.00,45.00,0.00,0,171
615.21,1565844338,13096.64,51.48600783,7.40378789,180.59,16.38,0.00,54.67,0,-79.00,-6.00,0.00,0.00,55.00,0.00,0,392
616.21,1565844339,13113.06,51.48609628,7.40399713,180.58,16.42,0.00,55.66,0,-97.00,-10.00,0.00,0.00,38.00,0.00,0,171
616.21,1565844339,13113.06,51.48609628,7.40399713,180.58,16.42,0.00,55.66,0,-80.00,-5.00,0.00,0.00,54.00,0.00,0,392
617.21,1565844340,13129.45,51.48618196,7.40420606,179.92,16.55,0.00,55.78,0,-97.00,-10.00,0.00,0.00,38.00,0.00,0,171
617.21,1565844340,13129.46,51.48618196,7.40420606,179.92,16.55,0.00,55.78,0,-80.00,-5.00,0.00,0.00,54.00,0.00,0,392
620.20,1565844343,13178.49,51.48641636,7.40480634,176.98,16.30,0.00,58.08,0,-95.00,-11.00,0.00,0.00,43.00,0.00,0,217
620.21,1565844343,13178.50,51.48641636,7.40480634,176.98,16.30,0.00,58.08,0,-96.00,-12.00,0.00,0.00,42.00,0.00,0,452
621.20,1565844344,13194.79,51.48648879,7.40500361,176.68,16.87,0.00,58.80,0,-95.00,-11.00,0.00,0.00,43.00,0.00,0,217
621.21,1565844344,13194.81,51.48648879,7.40500361,176.68,16.87,0.00,58.80,0,-96.00,-12.00,0.00,0.00,42.00,0.00,0,452
626.20,1565844349,13279.38,51.48684695,7.40606049,176.15,17.03,0.00,63.04,0,-77.00,-6.00,0.00,0.00,55.00,0.00,0,452
627.21,1565844350,13296.45,51.48691618,7.40630601,176.19,17.19,0.00,63.83,0,-77.00,-6.00,0.00,0.00,55.00,0.00,0,452
639.21,1565844362,13503.01,51.48748952,7.40916007,172.85,17.05,0.00,75.55,0,-136.00,-20.00,0.00,0.00,16.00,0.00,0,233
639.21,1565844362,13503.01,51.48748952,7.40916007,172.85,17.05,0.00,75.55,0,-135.00,-23.00,0.00,0.00,16.00,0.00,0,292
639.21,1565844362,13503.03,51.48748952,7.40916007,172.85,17.05,0.00,75.55,0,-136.00,-23.00,0.00,0.00,16.00,0.00,0,157
640.21,1565844363,13520.09,51.48751802,7.40939040,172.45,16.54,0.00,77.28,0,-136.00,-20.00,0.00,0.00,16.00,0.00,0,233
640.21,1565844363,13520.11,51.48751802,7.40939040,172.45,16.54,0.00,77.28,0,-135.00,-23.00,0.00,0.00,16.00,0.00,0,292
640.21,1565844363,13520.11,51.48751802,7.40939040,172.45,16.54,0.00,77.28,0,-136.00,-23.00,0.00,0.00,16.00,0.00,0,157
643.20,1565844366,13569.22,51.48760156,7.41007064,171.45,14.57,0.00,78.72,0,-89.00,-8.00,0.00,0.00,44.00,0.00,0,171
644.20,1565844367,13583.79,51.48761989,7.41027313,171.33,13.54,0.00,79.48,0,-89.00,-8.00,0.00,0.00,44.00,0.00,0,171
645.21,1565844368,13597.38,51.48763030,7.41044614,171.21,12.17,0.00,81.75,0,-88.00,-7.00,0.00,0.00,44.00,0.00,0,171
646.20,1565844369,13609.49,51.48764293,7.41061055,170.71,10.94,0.00,82.42,0,-88.00,-7.00,0.00,0.00,44.00,0.00,0,171
647.20,1565844370,13620.45,51.48764880,7.41077392,170.17,10.75,0.00,81.75,0,-90.00,-8.00,0.00,0.00,45.00,0.00,0,452
648.20,1565844371,13631.18,51.48765462,7.41088066,169.87,7.04,0.00,70.01,0,-90.00,-8.00,0.00,0.00,45.00,0.00,0,452
649.20,1565844372,13638.23,51.48766616,7.41097659,169.72,7.50,0.00,67.36,0,-89.00,-8.00,0.00,0.00,45.00,0.00,0,452
650.20,1565844373,13645.72,51.48766347,7.41102631,169.76,7.50,0.00,72.64,0,-89.00,-8.00,0.00,0.00,45.00,0.00,0,452
651.21,1565844374,13653.23,51.48768390,7.41106739,169.65,8.26,0.00,62.75,0,-90.00,-9.00,0.00,0.00,44.00,0.00,0,452
652.20,1565844375,13661.48,51.48774558,7.41104070,169.66,8.56,0.00,355.88,0,-90.00,-9.00,0.00,0.00,44.00,0.00,0,452
653.21,1565844376,13670.13,51.48781683,7.41102273,169.79,9.51,0.00,354.45,0,-90.00,-9.00,0.00,0.00,45.00,0.00,0,452
654.20,1565844377,13679.55,51.48791244,7.41100357,169.73,10.88,0.00,353.23,0,-90.00,-9.00,0.00,0.00,45.00,0.00,0,452
655.20,1565844378,13690.42,51.48802302,7.41098356,169.58,12.32,0.00,354.02,0,-90.00,-9.00,0.00,0.00,45.00,0.00,0,452
656.20,1565844379,13702.75,51.48813580,7.41096630,169.47,12.49,0.00,354.70,0,-91.00,-11.00,0.00,0.00,45.00,0.00,0,452
657.21,1565844380,13715.25,51.48825183,7.41094985,169.38,13.12,0.00,353.77,0,-91.00,-11.00,0.00,0.00,45.00,0.00,0,452
660.21,1565844383,13756.63,51.48863575,7.41085008,169.12,14.95,0.00,350.49,0,-122.00,-13.00,0.00,0.00,19.00,0.00,0,389
660.21,1565844383,13756.64,51.48863575,7.41085008,169.12,14.95,0.00,350.49,0,-128.00,-20.00,0.00,0.00,20.00,0.00,0,458
660.21,1565844383,13756.66,51.48863575,7.41085008,169.12,14.95,0.00,350.49,0,-127.00,-18.00,0.00,0.00,19.00,0.00,0,215
661.20,1565844384,13771.56,51.48875865,7.41080718,169.48,14.04,0.00,349.50,0,-122.00,-13.00,0.00,0.00,19.00,0.00,0,389
661.21,1565844384,13771.58,51.48875865,7.41080718,169.48,14.04,0.00,349.50,0,-128.00,-20.00,0.00,0.00,20.00,0.00,0,458
661.21,1565844384,13771.59,51.48875865,7.41080718,169.48,14.04,0.00,349.50,0,-127.00,-18.00,0.00,0.00,19.00,0.00,0,215
