0.01,1565066949,0.00,51.44994133,7.48830701,248.55,10.20,0.00,169.08,1,-108.00,-11.00,0.00,7.00,28.00,13.00,12918809,222
1.04,1565066950,10.61,51.44983999,7.48833770,248.45,11.14,0.90,170.17,1,-110.00,-12.00,1.00,7.00,27.00,13.00,12918809,222
2.04,1565066951,21.74,51.44973467,7.48836936,248.24,12.09,0.95,170.90,1,-110.00,-12.00,1.00,7.00,27.00,13.00,12918809,222
3.04,1565066952,33.81,51.44962891,7.48838991,248.17,12.51,0.42,171.84,1,-107.00,-10.00,5.00,10.00,28.00,13.00,12918809,222
4.04,1565066953,46.33,51.44951876,7.48840194,247.88,13.11,0.60,173.67,1,-107.00,-10.00,5.00,10.00,28.00,13.00,12918809,222
5.04,1565066954,59.44,51.44939988,7.48841588,247.40,13.89,0.78,175.30,1,-105.00,-8.00,17.00,9.00,29.00,13.00,12918809,222
6.04,1565066955,73.33,51.44926548,7.48842149,247.09,14.38,0.49,177.75,1,-105.00,-8.00,17.00,9.00,29.00,13.00,12918809,222
7.04,1565066956,87.71,51.44914422,7.48841452,246.83,13.95,-0.43,180.08,1,-101.00,-7.00,16.00,7.00,32.00,13.00,12918809,222
8.04,1565066957,101.66,51.44902066,7.48839932,247.03,13.74,-0.21,182.10,1,-101.00,-7.00,16.00,7.00,32.00,13.00,12918809,222
9.04,1565066958,115.40,51.44889942,7.48837226,247.46,14.10,0.36,184.92,1,-98.00,-7.00,24.00,8.00,35.00,13.00,12918809,222
10.04,1565066959,129.51,51.44876800,7.48833824,248.02,14.95,0.84,187.29,1,-98.00,-7.00,24.00,8.00,35.00,13.00,12918809,222
11.05,1565066960,144.48,51.44864831,7.48829819,248.73,13.63,-1.31,190.29,1,-97.00,-6.00,30.00,10.00,34.00,13.00,12918809,222
12.04,1565066961,158.07,51.44851867,7.48824868,249.37,13.94,0.30,192.09,1,-97.00,-6.00,30.00,10.00,34.00,13.00,12918809,222
13.04,1565066962,172.01,51.44838775,7.48819979,249.77,14.25,0.31,193.23,1,-97.00,-5.00,22.00,4.00,33.00,13.00,12918809,222
14.04,1565066963,186.29,51.44825092,7.48814762,250.58,14.51,0.26,193.65,1,-97.00,-5.00,22.00,4.00,33.00,13.00,12918809,222
15.05,1565066964,200.89,51.44810069,7.48808519,251.79,15.20,0.68,193.07,1,-101.00,-6.00,25.00,9.00,31.00,13.00,12918809,222
16.04,1565066965,215.98,51.44795984,7.48802900,252.87,14.70,-0.51,192.48,1,-101.00,-6.00,25.00,9.00,31.00,13.00,12918809,222
17.04,1565066966,230.66,51.44783313,7.48797845,254.42,12.68,-2.02,192.87,1,-101.00,-6.00,25.00,9.00,31.00,13.00,12918809,222
18.04,1565066967,243.35,51.44771906,7.48793712,255.33,13.24,0.56,191.89,1,-100.00,-6.00,24.00,10.00,32.00,13.00,12918809,222
19.04,1565066968,256.59,51.44760053,7.48790237,255.90,12.98,-0.26,189.50,1,-100.00,-6.00,24.00,10.00,32.00,13.00,12918809,222
20.04,1565066969,269.57,51.44747474,7.48787824,256.28,13.78,0.80,187.70,1,-98.00,-6.00,25.00,15.00,34.00,13.00,12918809,222
21.04,1565066970,283.35,51.44734094,7.48786958,256.94,14.12,0.34,184.94,1,-98.00,-6.00,25.00,15.00,34.00,13.00,12918809,222
22.04,1565066971,297.49,51.44720287,7.48786672,257.65,13.74,-0.39,182.25,1,-97.00,-6.00,21.00,11.00,34.00,13.00,12918809,222
23.04,1565066972,311.22,51.44707284,7.48787598,257.94,13.97,0.23,179.18,1,-97.00,-6.00,21.00,11.00,34.00,13.00,12918809,222
24.04,1565066973,325.19,51.44694374,7.48790653,257.99,14.16,0.19,175.20,1,-99.00,-6.00,23.00,10.00,32.00,13.00,12918809,222
25.04,1565066974,339.35,51.44680152,7.48795488,257.91,14.33,0.17,171.40,1,-99.00,-6.00,23.00,10.00,32.00,13.00,12918809,222
26.04,1565066975,353.66,51.44666459,7.48802116,257.81,14.52,0.19,168.07,1,-98.00,-6.00,26.00,11.00,34.00,13.00,12918809,222
27.04,1565066976,368.20,51.44652989,7.48808565,258.21,14.46,-0.06,165.17,1,-98.00,-6.00,26.00,11.00,34.00,13.00,12918809,222
28.04,1565066977,382.64,51.44641076,7.48815898,258.41,14.92,0.46,162.55,1,-96.00,-5.00,30.00,11.00,34.00,13.00,12918809,222
29.04,1565066978,397.56,51.44629772,7.48825298,259.11,14.85,-0.06,159.04,1,-96.00,-5.00,30.00,11.00,34.00,13.00,12918809,222
30.04,1565066979,412.42,51.44618511,7.48836713,259.69,15.04,0.19,155.12,1,-93.00,-5.00,25.00,12.00,37.00,13.00,12918809,222
31.04,1565066980,427.47,51.44606439,7.48849678,260.40,15.37,0.33,151.08,1,-93.00,-5.00,25.00,12.00,37.00,13.00,12918809,222
32.04,1565066981,442.82,51.44594702,7.48864769,261.37,15.79,0.42,147.62,1,-96.00,-6.00,12.00,11.00,33.00,13.00,12918809,222
33.04,1565066982,458.63,51.44583878,7.48880618,262.32,15.17,-0.62,144.36,1,-96.00,-6.00,12.00,11.00,33.00,13.00,12918809,222
34.04,1565066983,473.79,51.44573160,7.48897252,263.42,15.69,0.52,141.00,1,-97.00,-6.00,29.00,15.00,33.00,13.00,12918809,222
35.04,1565066984,489.48,51.44562547,7.48914905,264.99,15.61,-0.08,137.74,1,-97.00,-6.00,29.00,15.00,33.00,13.00,12918809,222
36.05,1565066985,505.22,51.44551904,7.48934369,266.08,15.51,-0.10,134.84,1,-97.00,-6.00,22.00,13.00,34.00,13.00,12918809,222
37.04,1565066986,520.61,51.44544117,7.48952095,267.09,15.29,-0.22,132.26,1,-97.00,-6.00,22.00,13.00,34.00,13.00,12918809,222
38.04,1565066987,535.88,51.44535486,7.48970752,267.85,15.29,-0.00,130.58,1,-97.00,-6.00,22.00,13.00,34.00,13.00,12918809,222
39.04,1565066988,551.17,51.44527015,7.48989800,268.45,15.20,-0.09,129.72,1,-99.00,-6.00,19.00,5.00,33.00,13.00,12918809,222
40.04,1565066989,566.37,51.44519795,7.49007980,268.85,15.02,-0.18,128.97,1,-99.00,-6.00,19.00,5.00,33.00,13.00,12918809,222
41.04,1565066990,581.40,51.44512727,7.49025832,268.83,14.77,-0.25,128.07,1,-101.00,-7.00,18.00,10.00,31.00,13.00,12918809,222
42.04,1565066991,596.16,51.44505321,7.49043878,268.81,15.36,0.59,127.43,1,-101.00,-7.00,18.00,10.00,31.00,13.00,12918809,222
43.04,1565066992,611.52,51.44497688,7.49061765,269.11,15.47,0.11,126.69,1,-99.00,-11.00,13.00,8.00,38.00,13.00,12918809,222
44.04,1565066993,626.98,51.44490546,7.49079316,269.05,14.86,-0.61,126.60,1,-99.00,-11.00,13.00,8.00,38.00,13.00,12918809,222
45.04,1565066994,641.84,51.44484306,7.49094962,269.43,13.71,-1.15,127.05,1,-103.00,-8.00,9.00,5.00,32.00,13.00,12918809,222
46.04,1565066995,655.56,51.44478136,7.49109226,269.92,12.31,-1.40,127.35,1,-103.00,-8.00,9.00,5.00,32.00,13.00,12918809,222
47.05,1565066996,667.88,51.44472415,7.49122692,270.43,10.17,-2.14,127.27,1,-103.00,-7.00,11.00,12.00,29.00,13.00,12918809,222
48.04,1565066997,678.03,51.44467680,7.49134066,271.03,8.27,-1.90,127.62,1,-103.00,-7.00,11.00,12.00,29.00,13.00,12918809,222
49.04,1565066998,686.30,51.44464062,7.49142786,271.56,6.19,-2.08,127.84,1,-104.00,-7.00,19.00,8.00,28.00,13.00,12918809,222
50.04,1565066999,692.50,51.44461235,7.49149112,271.62,3.95,-2.24,127.48,1,-104.00,-7.00,19.00,8.00,28.00,13.00,12918809,222
51.04,1565067000,696.45,51.44460088,7.49152784,271.66,2.46,-1.50,128.02,1,-106.00,-8.00,10.00,7.00,28.00,13.00,12918809,222
52.04,1565067001,698.91,51.44459931,7.49154839,271.68,0.93,-1.53,128.02,1,-106.00,-8.00,10.00,7.00,28.00,13.00,12918809,222
53.05,1565067002,699.84,51.44459931,7.49154839,271.68,0.00,-0.93,128.02,1,-103.00,-7.00,16.00,7.00,31.00,13.00,12918809,222
54.05,1565067003,699.84,51.44459931,7.49154839,271.68,0.00,0.00,128.02,1,-103.00,-7.00,16.00,7.00,31.00,13.00,12918809,222
55.04,1565067004,699.84,51.44459931,7.49154839,271.67,0.00,0.00,128.02,1,-101.00,-7.00,19.00,11.00,31.00,13.00,12918809,222
56.05,1565067005,699.84,51.44459931,7.49154839,271.67,0.00,0.00,128.02,1,-101.00,-7.00,19.00,11.00,31.00,13.00,12918809,222
57.04,1565067006,699.84,51.44459931,7.49154839,271.66,0.00,0.00,128.02,1,-101.00,-6.00,10.00,11.00,32.00,13.00,12918809,222
58.04,1565067007,699.84,51.44459931,7.49154839,271.66,0.00,0.00,128.02,1,-101.00,-6.00,10.00,11.00,32.00,13.00,12918809,222
59.05,1565067008,699.84,51.44459931,7.49154839,271.66,0.00,0.00,128.02,1,-98.00,-6.00,13.00,8.00,32.00,13.00,12918809,222
60.04,1565067009,699.84,51.44459931,7.49154839,271.65,0.00,0.00,128.02,1,-98.00,-6.00,13.00,8.00,32.00,13.00,12918809,222
61.04,1565067010,699.84,51.44459931,7.49154839,271.66,0.00,0.00,128.02,1,-98.00,-6.00,13.00,8.00,32.00,13.00,12918809,222
62.04,1565067011,699.84,51.44459931,7.49154839,271.66,0.00,0.00,128.02,1,-100.00,-10.00,11.00,12.00,35.00,13.00,12918809,222
63.04,1565067012,699.84,51.44459931,7.49154839,271.67,0.00,0.00,128.02,1,-100.00,-10.00,11.00,12.00,35.00,13.00,12918809,222
64.04,1565067013,699.84,51.44459931,7.49154839,271.68,0.00,0.00,128.02,1,-104.00,-11.00,9.00,12.00,32.00,13.00,12918809,222
65.05,1565067014,699.84,51.44459931,7.49154839,271.69,0.00,0.00,128.02,1,-104.00,-11.00,9.00,12.00,32.00,13.00,12918809,222
66.04,1565067015,699.84,51.44459931,7.49154839,271.70,0.00,0.00,128.02,1,-99.00,-5.00,19.00,8.00,31.00,13.00,12918809,222
67.04,1565067016,699.84,51.44459931,7.49154839,271.73,0.00,0.00,128.02,1,-99.00,-5.00,19.00,8.00,31.00,13.00,12918809,222
68.04,1565067017,699.84,51.44459931,7.49154839,271.76,0.00,0.00,128.02,1,-102.00,-7.00,12.00,8.00,31.00,13.00,12918809,222
69.04,1565067018,699.84,51.44459931,7.49154839,271.78,0.00,0.00,128.02,1,-102.00,-7.00,12.00,8.00,31.00,13.00,12918809,222
70.04,1565067019,699.84,51.44459931,7.49154839,271.93,0.00,0.00,128.02,1,-101.00,-7.00,13.00,14.00,30.00,13.00,12918809,222
71.04,1565067020,699.84,51.44459931,7.49154839,272.50,0.00,0.00,130.66,1,-101.00,-7.00,13.00,14.00,30.00,13.00,12918809,222
72.04,1565067021,699.84,51.44451594,7.49166957,272.42,0.00,0.00,148.62,1,-100.00,-7.00,15.00,15.00,32.00,13.00,12918809,222
73.04,1565067022,699.84,51.44446215,7.49169575,272.39,5.95,0.00,168.17,1,-100.00,-7.00,15.00,15.00,32.00,13.00,12918809,222
74.04,1565067023,705.79,51.44439967,7.49167143,272.84,7.55,1.60,201.59,1,-97.00,-7.00,13.00,10.00,36.00,13.00,12918809,222
75.04,1565067024,713.34,51.44434459,7.49161195,273.16,9.24,1.70,216.65,1,-97.00,-7.00,13.00,10.00,36.00,13.00,12918809,222
76.04,1565067025,722.58,51.44427761,7.49152410,273.44,10.32,1.07,216.06,1,-92.00,-6.00,22.00,12.00,40.00,13.00,12918809,222
77.04,1565067026,732.90,51.44419705,7.49142699,273.35,12.05,1.73,215.27,1,-92.00,-6.00,22.00,12.00,40.00,13.00,12918809,222
78.04,1565067027,744.96,51.44410737,7.49132329,273.18,13.45,1.40,214.60,1,-85.00,-6.00,13.00,2.00,49.00,13.00,12918809,222
79.05,1565067028,758.44,51.44401344,7.49121030,273.53,14.75,1.29,215.00,1,-85.00,-6.00,13.00,2.00,49.00,13.00,12918809,222
80.05,1565067029,773.26,51.44389747,7.49108369,274.24,15.80,1.05,215.54,1,-74.00,-4.00,21.00,15.00,58.00,6.00,12918809,222
81.05,1565067030,788.97,51.44377920,7.49094386,274.79,16.44,0.64,216.44,1,-74.00,-4.00,21.00,15.00,58.00,6.00,12918809,222
82.04,1565067031,805.39,51.44366019,7.49080036,275.19,16.43,-0.01,216.26,1,-74.00,-4.00,21.00,15.00,58.00,6.00,12918809,222
83.05,1565067032,821.83,51.44353047,7.49064983,275.64,16.82,0.39,216.44,1,-70.00,-6.00,26.00,15.00,63.00,6.00,12918809,222
84.04,1565067033,838.62,51.44340766,7.49050645,275.86,17.09,0.27,216.59,1,-70.00,-6.00,26.00,15.00,63.00,6.00,12918809,222
85.04,1565067034,855.72,51.44328332,7.49036423,276.08,17.18,0.09,216.57,1,-80.00,-6.00,23.00,12.00,53.00,6.00,12918809,222
86.04,1565067035,872.90,51.44315679,7.49021696,277.00,17.22,0.04,216.50,1,-80.00,-6.00,23.00,12.00,53.00,6.00,12918809,222
87.04,1565067036,890.11,51.44303146,7.49006874,277.90,17.42,0.19,215.92,1,-91.00,-6.00,10.00,12.00,41.00,6.00,12918809,222
88.04,1565067037,907.54,51.44290924,7.48992534,278.71,16.68,-0.74,216.15,1,-91.00,-6.00,10.00,12.00,41.00,6.00,12918809,222
89.04,1565067038,924.22,51.44279846,7.48978995,279.53,16.40,-0.27,216.65,1,-89.00,-7.00,11.00,12.00,43.00,6.00,12918809,222
90.04,1565067039,940.62,51.44268641,7.48965490,279.54,16.16,-0.24,217.26,1,-89.00,-7.00,11.00,12.00,43.00,6.00,12918809,222
91.04,1565067040,956.78,51.44256928,7.48951637,279.13,16.19,0.03,216.85,1,-80.00,-7.00,10.00,12.00,52.00,6.00,12918809,222
92.04,1565067041,972.97,51.44245104,7.48937487,279.44,15.84,-0.35,216.85,1,-80.00,-7.00,10.00,12.00,52.00,6.00,12918809,222
93.04,1565067042,988.79,51.44234287,7.48924567,279.56,15.42,-0.42,217.28,1,-76.00,-6.00,17.00,2.00,57.00,6.00,12918809,222
94.04,1565067043,1004.21,51.44223463,7.48911227,280.06,15.50,0.07,218.09,1,-76.00,-6.00,17.00,2.00,57.00,6.00,12918809,222
95.04,1565067044,1019.72,51.44212139,7.48897842,280.11,15.18,-0.32,218.67,1,-79.00,-6.00,14.00,2.00,54.00,6.00,12918809,222
96.04,1565067045,1034.88,51.44200931,7.48883746,280.76,15.37,0.19,219.70,1,-79.00,-6.00,14.00,2.00,54.00,6.00,12918809,222
97.04,1565067046,1050.27,51.44190438,7.48868923,280.57,14.93,-0.44,221.08,1,-80.00,-7.00,7.00,15.00,52.00,3.00,12918809,222
98.04,1565067047,1065.19,51.44179678,7.48852824,280.69,16.18,1.25,222.88,1,-80.00,-7.00,7.00,15.00,52.00,3.00,12918809,222
99.04,1565067048,1081.38,51.44169215,7.48836219,280.80,15.44,-0.73,224.88,1,-78.00,-8.00,33.00,13.00,55.00,3.00,12918809,222
100.04,1565067049,1096.82,51.44159711,7.48819030,281.04,15.82,0.38,227.42,1,-78.00,-8.00,33.00,13.00,55.00,3.00,12918809,222
101.05,1565067050,1112.73,51.44151512,7.48802571,280.82,15.89,0.07,229.49,1,-71.00,-6.00,13.00,6.00,60.00,2.00,12918810,223
102.04,1565067051,1128.51,51.44141813,7.48783470,280.60,16.33,0.44,230.21,1,-71.00,-6.00,13.00,6.00,60.00,2.00,12918810,223
103.04,1565067052,1144.85,51.44131696,7.48762154,280.60,16.40,0.07,231.11,1,-71.00,-6.00,13.00,6.00,60.00,2.00,12918810,223
104.04,1565067053,1161.25,51.44123492,7.48743601,279.92,16.47,0.07,231.59,1,-78.00,-5.00,25.00,15.00,51.00,2.00,12918810,223
105.04,1565067054,1177.71,51.44114552,7.48723430,279.54,16.51,0.04,232.25,1,-78.00,-5.00,25.00,15.00,51.00,2.00,12918810,223
106.04,1565067055,1194.23,51.44105738,7.48703877,279.63,16.48,-0.03,232.80,1,-75.00,-6.00,16.00,15.00,55.00,2.00,12918810,223
107.04,1565067056,1210.71,51.44096102,7.48682987,280.03,16.40,-0.08,233.14,1,-75.00,-6.00,16.00,15.00,55.00,2.00,12918810,223
108.04,1565067057,1227.09,51.44087015,7.48663991,280.59,16.52,0.13,232.48,1,-75.00,-5.00,27.00,15.00,55.00,2.00,12918810,223
109.04,1565067058,1243.62,51.44077734,7.48644281,281.03,16.28,-0.25,232.99,1,-75.00,-5.00,27.00,15.00,55.00,2.00,12918810,223
110.04,1565067059,1259.90,51.44069369,7.48626517,281.63,16.21,-0.07,233.08,1,-79.00,-6.00,30.00,15.00,53.00,2.00,12918810,223
111.04,1565067060,1276.12,51.44061668,7.48609365,281.75,15.73,-0.47,233.51,1,-79.00,-6.00,30.00,15.00,53.00,2.00,12918810,223
112.04,1565067061,1291.84,51.44052885,7.48589980,281.92,16.79,1.05,233.00,1,-80.00,-6.00,27.00,15.00,53.00,2.00,12918810,223
113.04,1565067062,1308.64,51.44043842,7.48570670,282.23,16.23,-0.56,232.82,1,-80.00,-6.00,27.00,15.00,53.00,2.00,12918810,223
114.04,1565067063,1324.87,51.44034416,7.48551186,282.28,16.75,0.52,232.11,1,-83.00,-8.00,18.00,12.00,51.00,2.00,12918810,223
115.04,1565067064,1341.62,51.44025306,7.48532877,282.78,16.33,-0.42,232.30,1,-83.00,-8.00,18.00,12.00,51.00,2.00,12918810,223
116.04,1565067065,1357.94,51.44016031,7.48514217,282.81,16.85,0.53,231.99,1,-83.00,-9.00,10.00,10.00,51.00,2.00,12918811,223
117.04,1565067066,1374.80,51.44007797,7.48496647,283.24,16.66,-0.19,231.67,1,-83.00,-9.00,10.00,10.00,51.00,2.00,12918811,223
118.04,1565067067,1391.46,51.44000054,7.48480371,284.13,15.80,-0.86,232.40,1,-82.00,-7.00,19.00,6.00,51.00,2.00,12918811,224
119.04,1565067068,1407.26,51.43991360,7.48462103,285.03,15.27,-0.53,232.96,1,-82.00,-7.00,19.00,6.00,51.00,2.00,12918811,224
120.04,1565067069,1422.51,51.43982895,7.48443902,285.43,15.41,0.14,233.25,1,-78.00,-6.00,13.00,15.00,54.00,2.00,12918811,224
121.04,1565067070,1437.94,51.43974109,7.48425352,286.00,15.55,0.14,233.51,1,-78.00,-6.00,13.00,15.00,54.00,2.00,12918811,224
122.05,1565067071,1453.57,51.43966215,7.48408665,286.21,15.26,-0.29,234.16,1,-73.00,-5.00,16.00,15.00,58.00,2.00,12918811,224
123.05,1565067072,1468.78,51.43958449,7.48391205,286.47,15.37,0.10,235.00,1,-73.00,-5.00,16.00,15.00,58.00,2.00,12918811,224
124.04,1565067073,1484.10,51.43950256,7.48372926,286.63,15.54,0.17,234.88,1,-73.00,-5.00,16.00,15.00,58.00,2.00,12918811,224
125.04,1565067074,1499.64,51.43941336,7.48352548,286.95,16.20,0.66,235.09,1,-74.00,-6.00,30.00,15.00,58.00,2.00,12918811,224
126.04,1565067075,1515.85,51.43933567,7.48333780,287.35,15.19,-1.00,236.18,1,-74.00,-6.00,30.00,15.00,58.00,2.00,12918811,224
127.04,1565067076,1531.03,51.43925341,7.48313583,287.92,15.69,0.50,236.89,1,-82.00,-6.00,22.00,15.00,50.00,2.00,12918811,224
128.04,1565067077,1546.73,51.43918513,7.48294817,288.22,15.70,0.01,238.42,1,-82.00,-6.00,22.00,15.00,50.00,2.00,12918811,224
129.04,1565067078,1562.43,51.43910925,7.48273284,288.84,16.44,0.74,239.11,1,-83.00,-5.00,27.00,15.00,48.00,2.00,12918811,224
130.04,1565067079,1578.86,51.43905217,7.48255695,288.57,14.27,-2.18,240.55,1,-83.00,-5.00,27.00,15.00,48.00,2.00,12918811,224
131.04,1565067080,1593.14,51.43898193,7.48234696,288.05,14.25,-0.02,241.19,1,-91.00,-6.00,25.00,12.00,39.00,2.00,12918811,224
132.04,1565067081,1607.38,51.43891479,7.48214026,287.37,15.14,0.89,240.68,1,-91.00,-6.00,25.00,12.00,39.00,2.00,12918811,224
133.04,1565067082,1622.53,51.43884531,7.48192743,286.52,16.09,0.95,240.74,1,-95.00,-6.00,20.00,15.00,37.00,2.00,12918811,224
134.04,1565067083,1638.63,51.43878063,7.48172086,285.92,15.31,-0.78,242.29,1,-95.00,-6.00,20.00,15.00,37.00,2.00,12918811,224
135.04,1565067084,1653.92,51.43871401,7.48151276,286.02,15.95,0.63,241.87,1,-101.00,-7.00,13.00,12.00,29.00,2.00,12918811,224
136.05,1565067085,1669.92,51.43863864,7.48129823,285.86,17.52,1.57,240.56,1,-101.00,-7.00,13.00,12.00,29.00,2.00,12918811,224
137.04,1565067086,1687.41,51.43856442,7.48107880,286.02,16.67,-0.86,241.41,1,-103.00,-7.00,11.00,11.00,28.00,2.00,12918811,224
138.04,1565067087,1704.06,51.43849900,7.48086355,286.30,16.08,-0.59,242.27,1,-103.00,-7.00,11.00,11.00,28.00,2.00,12918811,224
139.05,1565067088,1720.19,51.43843286,7.48065503,286.34,16.17,0.09,241.47,1,-102.00,-7.00,9.00,12.00,29.00,2.00,12918811,224
140.04,1565067089,1736.32,51.43835966,7.48043711,286.89,16.62,0.45,241.36,1,-102.00,-7.00,9.00,12.00,29.00,2.00,12918811,224
141.04,1565067090,1752.95,51.43828470,7.48021592,286.89,16.75,0.13,241.93,1,-105.00,-8.00,4.00,10.00,24.00,2.00,12918811,224
142.04,1565067091,1769.70,51.43821543,7.48000908,286.31,16.01,-0.74,242.46,1,-105.00,-8.00,4.00,10.00,24.00,2.00,12918811,224
143.05,1565067092,1785.79,51.43814170,7.47978306,286.26,17.12,1.11,242.09,1,-107.00,-8.00,-2.00,9.00,24.00,2.00,12918811,224
144.04,1565067093,1802.82,51.43806920,7.47955697,285.90,16.91,-0.22,243.53,1,-107.00,-8.00,-2.00,9.00,24.00,2.00,12918811,224
145.04,1565067094,1819.75,51.43800492,7.47935476,285.67,15.80,-1.10,244.14,1,-107.00,-8.00,-2.00,9.00,24.00,2.00,12918811,224
146.04,1565067095,1835.55,51.43793453,7.47913894,284.89,15.48,-0.32,243.72,1,-110.00,-10.00,1.00,2.00,23.00,2.00,12918811,224
147.04,1565067096,1851.03,51.43788010,7.47896362,284.00,12.53,-2.96,244.24,1,-110.00,-10.00,1.00,2.00,23.00,2.00,12918811,224
148.04,1565067097,1863.55,51.43783132,7.47881043,283.09,12.31,-0.22,243.87,1,-112.00,-11.00,0.00,2.00,24.00,2.00,12918811,224
149.04,1565067098,1875.86,51.43777217,7.47861093,282.56,13.41,1.11,242.57,1,-112.00,-11.00,0.00,2.00,24.00,2.00,12918811,224
150.04,1565067099,1889.28,51.43770747,7.47841588,282.19,13.56,0.14,242.16,1,-112.00,-11.00,-3.00,2.00,23.00,2.00,12918811,224
151.04,1565067100,1902.84,51.43764235,7.47822160,281.61,13.50,-0.06,241.82,1,-112.00,-11.00,-3.00,2.00,23.00,2.00,12918811,224
152.04,1565067101,1916.32,51.43757986,7.47802859,281.83,13.74,0.24,242.13,1,-112.00,-10.00,-2.00,2.00,23.00,2.00,12918811,224
153.04,1565067102,1930.05,51.43752298,7.47785904,281.84,13.02,-0.72,242.74,1,-112.00,-10.00,-2.00,2.00,23.00,2.00,12918811,224
154.04,1565067103,1943.08,51.43746461,7.47768528,281.83,13.11,0.09,242.05,1,-112.00,-10.00,-3.00,2.00,23.00,2.00,12918811,224
155.04,1565067104,1956.19,51.43741255,7.47752761,281.83,13.38,0.27,242.85,1,-112.00,-10.00,-3.00,2.00,23.00,2.00,12918811,224
156.05,1565067105,1969.58,51.43736024,7.47735444,281.84,13.35,-0.03,243.41,1,-114.00,-11.00,0.00,2.00,22.00,2.00,12918811,224
157.04,1565067106,1982.92,51.43731012,7.47717411,281.43,13.06,-0.29,244.69,1,-114.00,-11.00,0.00,2.00,22.00,2.00,12918811,224
158.04,1565067107,1995.98,51.43726276,7.47699875,280.68,12.14,-0.92,247.18,1,-114.00,-11.00,-2.00,2.00,22.00,2.00,12918811,224
159.04,1565067108,2008.12,51.43724141,7.47681401,279.93,11.76,-0.38,259.77,1,-114.00,-11.00,-2.00,2.00,22.00,2.00,12918811,224
160.05,1565067109,2019.89,51.43722757,7.47664999,278.98,11.16,-0.60,261.60,1,-113.00,-11.00,4.00,2.00,23.00,12.00,12918811,224
161.05,1565067110,2031.06,51.43723140,7.47647857,279.11,10.47,-0.70,275.13,1,-113.00,-11.00,4.00,2.00,23.00,12.00,12918811,224
162.04,1565067111,2041.49,51.43726116,7.47632535,279.20,8.83,-1.64,292.99,1,-107.00,-7.00,10.00,9.00,26.00,12.00,12918811,224
163.04,1565067112,2050.33,51.43730502,7.47622624,279.97,8.17,-0.67,310.90,1,-107.00,-7.00,10.00,9.00,26.00,12.00,12918811,224
164.05,1565067113,2058.54,51.43738679,7.47617757,280.14,9.68,1.51,346.11,1,-107.00,-7.00,10.00,11.00,26.00,12.00,12918811,224
165.04,1565067114,2068.18,51.43745232,7.47614409,280.64,8.97,-0.72,347.56,1,-107.00,-7.00,10.00,11.00,26.00,12.00,12918811,224
166.04,1565067115,2077.15,51.43752457,7.47620944,280.37,9.41,0.44,32.83,1,-107.00,-7.00,10.00,11.00,26.00,12.00,12918811,224
167.04,1565067116,2086.56,51.43758790,7.47632267,281.22,10.82,1.41,46.23,1,-99.00,-7.00,19.00,10.00,33.00,12.00,12918811,224
168.04,1565067117,2097.39,51.43765742,7.47645600,282.39,11.08,0.26,48.22,1,-99.00,-7.00,19.00,10.00,33.00,12.00,12918811,224
169.04,1565067118,2108.46,51.43772448,7.47659107,283.34,12.35,1.27,50.08,1,-91.00,-5.00,21.00,14.00,36.00,12.00,12918811,224
170.04,1565067119,2120.80,51.43781464,7.47676314,284.08,14.50,2.15,51.08,1,-91.00,-5.00,21.00,14.00,36.00,12.00,12918811,224
171.04,1565067120,2135.32,51.43790353,7.47694431,284.71,16.06,1.56,52.11,1,-89.00,-5.00,26.00,15.00,42.00,12.00,12918811,224
172.04,1565067121,2151.38,51.43798650,7.47713122,285.15,16.87,0.81,53.52,1,-89.00,-5.00,26.00,15.00,42.00,12.00,12918811,224
173.04,1565067122,2168.25,51.43807356,7.47733751,285.47,18.20,1.33,54.11,1,-86.00,-6.00,27.00,15.00,46.00,12.00,12918811,224
174.04,1565067123,2186.43,51.43817316,7.47756439,285.85,19.17,0.97,54.56,1,-86.00,-6.00,27.00,15.00,46.00,12.00,12918811,224
175.04,1565067124,2205.62,51.43827589,7.47780109,286.06,20.61,1.45,54.83,1,-85.00,-5.00,27.00,15.00,47.00,12.00,12918811,224
176.04,1565067125,2226.23,51.43837998,7.47805264,285.93,21.07,0.46,55.71,1,-85.00,-5.00,27.00,15.00,47.00,12.00,12918811,224
177.04,1565067126,2247.30,51.43849102,7.47832291,285.37,22.24,1.16,56.73,1,-88.00,-5.00,29.00,15.00,43.00,12.00,12918811,224
178.04,1565067127,2269.54,51.43859856,7.47859422,285.16,23.25,1.02,57.71,1,-88.00,-5.00,29.00,15.00,43.00,12.00,12918811,224
179.04,1565067128,2292.80,51.43870474,7.47886933,285.04,23.68,0.43,57.56,1,-92.00,-5.00,22.00,10.00,39.00,12.00,12918811,224
180.04,1565067129,2316.46,51.43881660,7.47916674,284.32,24.73,1.05,57.89,1,-92.00,-5.00,22.00,10.00,39.00,12.00,12918811,224
181.04,1565067130,2341.19,51.43893589,7.47948526,284.03,25.41,0.68,57.28,1,-94.00,-5.00,15.00,13.00,36.00,12.00,12918811,224
182.04,1565067131,2366.60,51.43906476,7.47979017,283.70,25.99,0.58,54.40,1,-94.00,-5.00,15.00,13.00,36.00,12.00,12918811,224
183.04,1565067132,2392.64,51.43919482,7.48010413,283.71,25.73,-0.26,54.72,1,-97.00,-6.00,16.00,12.00,34.00,12.00,12918811,224
184.04,1565067133,2418.34,51.43932235,7.48039710,283.22,25.14,-0.58,53.71,1,-97.00,-6.00,16.00,12.00,34.00,12.00,12918811,224
185.05,1565067134,2443.58,51.43945261,7.48068903,282.72,24.74,-0.40,53.46,1,-96.00,-6.00,24.00,8.00,36.00,12.00,12918811,224
186.04,1565067135,2468.23,51.43958345,7.48096003,282.44,24.57,-0.17,51.92,1,-96.00,-6.00,24.00,8.00,36.00,12.00,12918811,224
187.04,1565067136,2492.77,51.43972627,7.48124702,281.93,24.19,-0.38,51.29,1,-96.00,-6.00,24.00,8.00,36.00,12.00,12918811,224
188.05,1565067137,2517.03,51.43987165,7.48151831,281.54,23.96,-0.23,49.70,1,-92.00,-6.00,21.00,5.00,40.00,12.00,12918811,224
189.04,1565067138,2540.92,51.44001431,7.48177565,281.80,23.59,-0.38,47.63,1,-92.00,-6.00,21.00,5.00,40.00,12.00,12918811,224
190.04,1565067139,2564.51,51.44016832,7.48202530,281.85,23.42,-0.17,45.36,1,-91.00,-6.00,23.00,12.00,40.00,12.00,12918811,224
191.04,1565067140,2587.95,51.44032371,7.48226003,281.75,23.14,-0.28,43.77,1,-91.00,-6.00,23.00,12.00,40.00,12.00,12918811,224
192.04,1565067141,2611.07,51.44047541,7.48247440,281.71,22.80,-0.34,41.83,1,-90.00,-6.00,22.00,12.00,42.00,12.00,12918811,224
193.04,1565067142,2633.89,51.44062086,7.48268332,281.56,21.80,-1.00,41.46,1,-90.00,-6.00,22.00,12.00,42.00,12.00,12918811,224
194.04,1565067143,2655.66,51.44075774,7.48287486,281.10,21.11,-0.69,40.12,1,-85.00,-6.00,25.00,15.00,47.00,12.00,12918811,224
195.04,1565067144,2676.77,51.44089367,7.48305320,280.97,20.73,-0.37,38.80,1,-85.00,-6.00,25.00,15.00,47.00,12.00,12918811,224
196.04,1565067145,2697.50,51.44103843,7.48323248,280.54,20.55,-0.19,37.57,1,-81.00,-5.00,22.00,15.00,50.00,12.00,12918811,224
197.04,1565067146,2718.05,51.44118467,7.48340672,280.14,20.46,-0.09,36.25,1,-81.00,-5.00,22.00,15.00,50.00,12.00,12918811,224
198.04,1565067147,2738.51,51.44133781,7.48359180,279.78,20.21,-0.25,36.27,1,-78.00,-5.00,16.00,15.00,53.00,12.00,12918811,224
199.04,1565067148,2758.71,51.44149576,7.48376423,279.57,20.00,-0.21,32.96,1,-78.00,-5.00,16.00,15.00,53.00,12.00,12918811,224
200.04,1565067149,2778.74,51.44164845,7.48392028,279.33,20.07,0.06,31.63,1,-76.00,-5.00,27.00,15.00,55.00,12.00,12918811,224
201.04,1565067150,2798.80,51.44179953,7.48407291,279.19,20.00,-0.07,30.66,1,-76.00,-5.00,27.00,15.00,55.00,12.00,12918811,224
202.04,1565067151,2818.80,51.44195530,7.48421211,280.02,20.59,0.59,28.42,1,-77.00,-5.00,14.00,15.00,52.00,12.00,12918811,224
203.04,1565067152,2839.41,51.44211687,7.48435753,280.11,20.62,0.03,27.92,1,-77.00,-5.00,14.00,15.00,52.00,12.00,12918811,224
204.04,1565067153,2859.98,51.44228308,7.48449616,279.92,20.51,-0.11,26.82,1,-80.00,-6.00,19.00,2.00,53.00,12.00,12918811,224
205.05,1565067154,2880.58,51.44244832,7.48463133,279.41,20.36,-0.15,25.94,1,-80.00,-6.00,19.00,2.00,53.00,12.00,12918811,224
206.05,1565067155,2901.02,51.44261575,7.48475625,278.51,20.47,0.11,25.29,1,-79.00,-6.00,12.00,2.00,52.00,12.00,12918811,224
207.04,1565067156,2921.35,51.44278611,7.48488413,276.93,20.56,0.09,25.23,1,-79.00,-6.00,12.00,2.00,52.00,12.00,12918811,224
208.04,1565067157,2941.91,51.44295824,7.48500916,275.49,20.40,-0.16,24.82,1,-79.00,-6.00,12.00,2.00,52.00,12.00,12918811,224
209.04,1565067158,2962.31,51.44312068,7.48512174,274.34,20.34,-0.06,24.25,1,-78.00,-8.00,10.00,2.00,54.00,12.00,12918811,224
210.04,1565067159,2982.67,51.44328271,7.48523699,273.36,20.20,-0.14,23.73,1,-78.00,-8.00,10.00,2.00,54.00,12.00,12918811,224
211.04,1565067160,3002.85,51.44344702,7.48535428,272.54,20.23,0.03,23.58,1,-80.00,-11.00,-3.00,2.00,55.00,12.00,12918811,224
212.04,1565067161,3023.08,51.44360369,7.48546102,271.88,19.65,-0.58,22.72,1,-80.00,-11.00,-3.00,2.00,55.00,12.00,12918811,224
213.05,1565067162,3042.82,51.44375525,7.48555691,271.72,18.78,-0.86,21.67,1,-78.00,-6.00,13.00,2.00,55.00,12.00,12918809,222
214.04,1565067163,3061.53,51.44390400,7.48565323,271.40,16.85,-1.94,21.20,1,-78.00,-6.00,13.00,2.00,55.00,12.00,12918809,222
215.04,1565067164,3078.36,51.44403226,7.48573525,271.25,15.20,-1.65,20.72,1,-69.00,-5.00,19.00,15.00,63.00,3.00,12918809,222
216.04,1565067165,3093.54,51.44415195,7.48581088,271.04,14.77,-0.43,21.21,1,-69.00,-5.00,19.00,15.00,63.00,3.00,12918809,222
217.04,1565067166,3108.31,51.44426737,7.48588408,271.08,14.01,-0.76,21.76,1,-67.00,-5.00,30.00,15.00,63.00,3.00,12918809,222
218.04,1565067167,3122.33,51.44438867,7.48596479,270.56,13.16,-0.85,23.11,1,-67.00,-5.00,30.00,15.00,63.00,3.00,12918809,222
219.04,1565067168,3135.50,51.44448646,7.48604259,269.86,12.52,-0.63,26.54,1,-71.00,-5.00,29.00,15.00,59.00,3.00,12918809,222
220.04,1565067169,3148.01,51.44456867,7.48615669,269.50,12.07,-0.46,41.61,1,-71.00,-5.00,29.00,15.00,59.00,3.00,12918809,222
221.04,1565067170,3160.07,51.44464514,7.48627658,269.37,11.78,-0.29,44.90,1,-73.00,-5.00,34.00,15.00,57.00,3.00,12918809,222
222.04,1565067171,3171.85,51.44470327,7.48644120,268.95,11.59,-0.19,63.97,1,-73.00,-5.00,34.00,15.00,57.00,3.00,12918809,222
223.04,1565067172,3183.45,51.44474174,7.48660375,268.58,11.92,0.33,67.28,1,-77.00,-6.00,28.00,15.00,55.00,3.00,12918809,222
224.04,1565067173,3195.37,51.44474174,7.48677710,267.98,12.09,0.18,88.65,1,-77.00,-6.00,28.00,15.00,55.00,3.00,12918809,222
225.04,1565067174,3207.46,51.44473345,7.48695826,267.26,12.46,0.37,92.69,1,-80.00,-6.00,33.00,15.00,52.00,3.00,12918809,222
226.04,1565067175,3219.91,51.44468017,7.48712772,266.61,12.65,0.19,118.00,1,-80.00,-6.00,33.00,15.00,52.00,3.00,12918809,222
227.05,1565067176,3232.63,51.44459966,7.48728126,266.17,12.50,-0.15,131.76,1,-78.00,-5.00,32.00,15.00,52.00,3.00,12918809,222
228.04,1565067177,3245.06,51.44449895,7.48741149,266.02,12.25,-0.25,144.94,1,-78.00,-5.00,32.00,15.00,52.00,3.00,12918809,222
229.04,1565067178,3257.32,51.44440812,7.48750466,265.82,11.97,-0.28,148.83,1,-78.00,-5.00,32.00,15.00,52.00,3.00,12918809,222
230.04,1565067179,3269.30,51.44430041,7.48754597,265.40,11.81,-0.16,167.74,1,-61.00,-4.00,35.00,2.00,63.00,3.00,12918809,222
231.04,1565067180,3281.08,51.44418711,7.48754758,264.90,11.72,-0.09,183.24,1,-61.00,-4.00,35.00,2.00,63.00,3.00,12918809,222
232.04,1565067181,3292.81,51.44408662,7.48750600,264.47,11.90,0.18,197.40,1,-61.00,-5.00,34.00,2.00,63.00,3.00,12918809,222
233.04,1565067182,3304.71,51.44398605,7.48744236,264.37,12.25,0.35,201.29,1,-61.00,-5.00,34.00,2.00,63.00,3.00,12918809,222
234.04,1565067183,3316.96,51.44389233,7.48731828,264.18,12.10,-0.15,222.00,1,-61.00,-5.00,31.00,2.00,63.00,3.00,12918809,222
235.04,1565067184,3329.04,51.44381566,7.48717084,263.95,12.41,0.31,235.54,1,-61.00,-5.00,31.00,2.00,63.00,3.00,12918809,222
236.05,1565067185,3341.49,51.44377781,7.48701932,263.82,12.36,-0.05,249.89,1,-65.00,-5.00,29.00,2.00,63.00,3.00,12918809,222
237.04,1565067186,3353.82,51.44375489,7.48684602,263.75,13.01,0.64,262.57,1,-65.00,-5.00,29.00,2.00,63.00,3.00,12918809,222
238.04,1565067187,3366.84,51.44373792,7.48664107,263.72,13.30,0.30,264.46,1,-68.00,-5.00,27.00,2.00,62.00,3.00,12918809,222
239.04,1565067188,3380.13,51.44373106,7.48642670,263.92,14.16,0.86,266.15,1,-68.00,-5.00,27.00,2.00,62.00,3.00,12918809,222
240.04,1565067189,3394.30,51.44372845,7.48623301,264.07,15.03,0.87,266.81,1,-77.00,-5.00,29.00,2.00,53.00,4.00,12918809,222
241.04,1565067190,3409.32,51.44372145,7.48599677,264.58,15.93,0.90,267.53,1,-77.00,-5.00,29.00,2.00,53.00,4.00,12918809,222
242.04,1565067191,3425.25,51.44371685,7.48576463,264.83,16.81,0.88,267.37,1,-79.00,-6.00,31.00,15.00,52.00,4.00,12918809,222
243.04,1565067192,3442.05,51.44370907,7.48552001,264.76,17.51,0.70,266.37,1,-79.00,-6.00,31.00,15.00,52.00,4.00,12918809,222
244.04,1565067193,3459.60,51.44370324,7.48520801,264.59,17.39,-0.12,267.79,1,-82.00,-6.00,27.00,15.00,49.00,4.00,12918809,222
245.04,1565067194,3476.97,51.44370242,7.48491411,264.77,18.46,1.08,269.59,1,-82.00,-6.00,27.00,15.00,49.00,4.00,12918809,222
246.04,1565067195,3495.45,51.44370218,7.48467727,264.14,19.62,1.15,269.01,1,-85.00,-6.00,26.00,14.00,46.00,4.00,12918809,222
247.04,1565067196,3515.02,51.44370205,7.48437618,264.03,20.90,1.29,269.00,1,-85.00,-6.00,26.00,14.00,46.00,4.00,12918809,222
248.05,1565067197,3536.03,51.44370111,7.48409171,263.65,21.60,0.70,268.77,1,-79.00,-6.00,26.00,6.00,53.00,4.00,12918809,222
249.04,1565067198,3557.52,51.44369880,7.48378625,263.65,22.29,0.70,268.61,1,-79.00,-6.00,26.00,6.00,53.00,4.00,12918809,222
250.04,1565067199,3579.86,51.44369237,7.48347389,263.40,22.94,0.65,268.41,1,-79.00,-6.00,26.00,6.00,53.00,4.00,12918809,222
251.04,1565067200,3602.76,51.44368840,7.48315080,263.02,23.48,0.54,267.99,1,-81.00,-7.00,24.00,6.00,52.00,4.00,12918809,222
252.04,1565067201,3626.26,51.44368097,7.48281208,262.43,24.15,0.67,267.24,1,-81.00,-7.00,24.00,6.00,52.00,4.00,12918809,222
253.04,1565067202,3650.42,51.44366966,7.48245530,262.12,24.75,0.60,267.28,1,-90.00,-9.00,11.00,10.00,45.00,4.00,12918809,222
254.04,1565067203,3675.17,51.44366030,7.48208365,261.82,25.08,0.33,267.04,1,-90.00,-9.00,11.00,10.00,45.00,4.00,12918809,222
255.04,1565067204,3700.24,51.44364883,7.48172537,261.79,24.82,-0.25,266.41,1,-92.00,-10.00,6.00,2.00,46.00,4.00,12918809,222
256.04,1565067205,3725.04,51.44363229,7.48138042,261.99,24.45,-0.37,265.99,1,-92.00,-10.00,6.00,2.00,46.00,4.00,12918809,222
257.05,1565067206,3749.56,51.44361504,7.48103079,262.23,24.38,-0.07,265.88,1,-90.00,-7.00,7.00,2.00,43.00,4.00,12918811,224
258.04,1565067207,3773.89,51.44360005,7.48068584,262.58,24.53,0.15,265.41,1,-90.00,-7.00,7.00,2.00,43.00,4.00,12918811,224
259.05,1565067208,3798.44,51.44357964,7.48033191,262.74,24.82,0.29,264.40,1,-91.00,-7.00,20.00,2.00,42.00,4.00,12918811,224
260.05,1565067209,3823.27,51.44355276,7.47997834,262.94,24.92,0.10,263.07,1,-91.00,-7.00,20.00,2.00,42.00,4.00,12918811,224
261.04,1565067210,3848.17,51.44352558,7.47962386,263.28,25.14,0.21,262.85,1,-91.00,-7.00,19.00,2.00,42.00,4.00,12918811,224
262.04,1565067211,3873.30,51.44349845,7.47928058,263.27,25.38,0.24,262.70,1,-91.00,-7.00,19.00,2.00,42.00,4.00,12918811,224
263.04,1565067212,3898.65,51.44347147,7.47891255,262.75,25.44,0.07,262.46,1,-86.00,-5.00,18.00,12.00,45.00,7.00,12918811,224
264.04,1565067213,3924.12,51.44344366,7.47853405,262.22,25.51,0.07,262.32,1,-86.00,-5.00,18.00,12.00,45.00,7.00,12918811,224
265.04,1565067214,3949.61,51.44341651,7.47816593,261.52,25.36,-0.15,262.30,1,-85.00,-5.00,24.00,13.00,43.00,7.00,12918811,224
266.04,1565067215,3974.97,51.44339152,7.47781577,261.14,25.34,-0.02,262.53,1,-85.00,-5.00,24.00,13.00,43.00,7.00,12918811,224
267.04,1565067216,4000.31,51.44336393,7.47744790,260.60,25.36,0.02,262.40,1,-87.00,-5.00,22.00,12.00,44.00,7.00,12918811,224
268.04,1565067217,4025.69,51.44333583,7.47708344,259.83,25.41,0.05,262.31,1,-87.00,-5.00,22.00,12.00,44.00,7.00,12918811,224
269.05,1565067218,4051.20,51.44330250,7.47672296,259.07,25.64,0.23,261.87,1,-86.00,-5.00,21.00,14.00,45.00,7.00,12918811,224
270.04,1565067219,4076.71,51.44326815,7.47635499,258.22,25.81,0.17,261.21,1,-86.00,-5.00,21.00,14.00,45.00,7.00,12918811,224
271.04,1565067220,4102.51,51.44323341,7.47598224,257.01,25.89,0.09,260.97,1,-86.00,-5.00,21.00,14.00,45.00,7.00,12918811,224
272.05,1565067221,4128.48,51.44319504,7.47561444,255.81,26.01,0.12,260.76,1,-83.00,-5.00,28.00,15.00,49.00,7.00,12918811,224
273.04,1565067222,4154.44,51.44315622,7.47524645,254.70,26.33,0.32,260.09,1,-83.00,-5.00,28.00,15.00,49.00,7.00,12918811,224
274.05,1565067223,4180.98,51.44310839,7.47487516,253.94,26.71,0.37,259.05,1,-82.00,-6.00,26.00,15.00,49.00,10.00,12918811,224
275.04,1565067224,4207.45,51.44305851,7.47449666,253.27,27.05,0.35,258.86,1,-82.00,-6.00,26.00,15.00,49.00,10.00,12918811,224
276.04,1565067225,4234.52,51.44300860,7.47411219,252.73,27.61,0.56,258.73,1,-98.00,-6.00,8.00,7.00,33.00,10.00,12918811,224
277.04,1565067226,4262.10,51.44295816,7.47372953,252.29,27.66,0.05,258.85,1,-98.00,-6.00,8.00,7.00,33.00,10.00,12918811,224
278.05,1565067227,4289.85,51.44290824,7.47332161,252.07,28.19,0.53,258.72,1,-101.00,-11.00,4.00,7.00,34.00,13.00,12935194,224
279.04,1565067228,4317.98,51.44285618,7.47292126,251.81,28.69,0.50,257.90,1,-101.00,-11.00,4.00,7.00,34.00,13.00,12935194,224
280.04,1565067229,4346.67,51.44280190,7.47252152,251.27,29.39,0.70,257.13,1,-105.00,-7.00,7.00,10.00,27.00,13.00,12935194,397
281.04,1565067230,4376.07,51.44274401,7.47211425,250.52,30.03,0.63,257.40,1,-105.00,-7.00,7.00,10.00,27.00,13.00,12935194,397
282.04,1565067231,4406.09,51.44268407,7.47168393,249.61,30.70,0.67,257.72,1,-103.00,-7.00,11.00,13.00,27.00,13.00,12935194,397
283.04,1565067232,4436.76,51.44262582,7.47125107,248.60,30.92,0.22,257.95,1,-103.00,-7.00,11.00,13.00,27.00,13.00,12935194,397
284.04,1565067233,4467.71,51.44256552,7.47081126,247.30,31.34,0.43,258.11,1,-106.00,-7.00,9.00,12.00,25.00,13.00,12935194,397
285.04,1565067234,4499.06,51.44250533,7.47036608,246.20,31.65,0.31,258.15,1,-106.00,-7.00,9.00,12.00,25.00,13.00,12935194,397
286.05,1565067235,4530.74,51.44244851,7.46992552,245.38,31.60,-0.05,257.88,1,-112.00,-10.00,1.00,7.00,23.00,12.00,12935170,397
287.04,1565067236,4562.31,51.44238919,7.46946793,244.66,32.23,0.63,258.25,1,-112.00,-10.00,1.00,7.00,23.00,12.00,12935170,397
288.04,1565067237,4594.51,51.44233178,7.46902105,244.04,32.35,0.12,258.25,1,-101.00,-9.00,12.00,8.00,33.00,12.00,12935170,268
289.04,1565067238,4626.89,51.44227303,7.46856654,243.20,32.59,0.24,258.39,1,-101.00,-9.00,12.00,8.00,33.00,12.00,12935170,268
290.05,1565067239,4659.68,51.44220972,7.46808828,242.21,32.69,0.09,258.34,1,-98.00,-7.00,8.00,10.00,34.00,12.00,12935170,268
291.04,1565067240,4692.17,51.44214679,7.46762076,241.16,32.74,0.06,258.84,1,-98.00,-7.00,8.00,10.00,34.00,12.00,12935170,268
292.04,1565067241,4724.88,51.44209245,7.46715232,240.25,33.07,0.32,259.42,1,-98.00,-7.00,8.00,10.00,34.00,12.00,12935170,268
293.04,1565067242,4757.95,51.44204002,7.46668774,239.27,33.16,0.09,259.61,1,-103.00,-10.00,1.00,7.00,33.00,12.00,12935170,268
294.04,1565067243,4791.15,51.44198700,7.46622997,238.53,33.29,0.13,260.02,1,-103.00,-10.00,1.00,7.00,33.00,12.00,12935170,268
295.04,1565067244,4824.44,51.44193846,7.46575669,238.16,33.45,0.16,260.76,1,-101.00,-10.00,2.00,7.00,34.00,12.00,12935170,268
296.04,1565067245,4857.89,51.44188839,7.46527253,238.30,33.44,-0.00,260.83,1,-101.00,-10.00,2.00,7.00,34.00,12.00,12935170,268
297.05,1565067246,4891.37,51.44183788,7.46478702,238.71,33.30,-0.14,261.21,1,-103.00,-13.00,-2.00,2.00,36.00,12.00,12935170,268
298.04,1565067247,4924.63,51.44179526,7.46430842,239.22,32.97,-0.33,261.99,1,-103.00,-13.00,-2.00,2.00,36.00,12.00,12935170,268
299.05,1565067248,4957.64,51.44175499,7.46384609,239.53,32.79,-0.18,262.61,1,-107.00,-10.00,-3.00,2.00,28.00,12.00,12897050,118
300.05,1565067249,4990.46,51.44171982,7.46337512,239.71,32.59,-0.19,263.26,1,-107.00,-10.00,-3.00,2.00,28.00,12.00,12897050,118
301.04,1565067250,5022.98,51.44168509,7.46290423,239.94,32.61,0.02,263.94,1,-107.00,-10.00,1.00,2.00,28.00,12.00,12897050,118
302.05,1565067251,5055.63,51.44165758,7.46244346,239.56,32.79,0.18,264.50,1,-107.00,-10.00,1.00,2.00,28.00,12.00,12897050,118
303.04,1565067252,5088.38,51.44163163,7.46198023,238.75,32.97,0.18,265.32,1,-108.00,-10.00,0.00,2.00,26.00,12.00,12897050,118
304.05,1565067253,5121.46,51.44161525,7.46151821,237.46,33.31,0.34,265.59,1,-108.00,-10.00,0.00,2.00,26.00,12.00,12897050,118
305.04,1565067254,5154.67,51.44159393,7.46102783,236.58,33.70,0.39,266.07,1,-108.00,-9.00,2.00,2.00,27.00,12.00,12897050,118
306.05,1565067255,5188.40,51.44157601,7.46053592,236.57,34.15,0.45,266.71,1,-108.00,-9.00,2.00,2.00,27.00,12.00,12897050,118
307.05,1565067256,5222.58,51.44155465,7.46002432,236.74,34.58,0.43,267.26,1,-105.00,-8.00,-3.00,2.00,29.00,12.00,12897050,118
308.04,1565067257,5257.09,51.44153901,7.45951605,237.01,34.90,0.32,267.84,1,-105.00,-8.00,-3.00,2.00,29.00,12.00,12897050,118
309.04,1565067258,5291.96,51.44152508,7.45901500,236.94,35.52,0.62,267.93,1,-101.00,-8.00,20.00,2.00,32.00,12.00,14301721,72
310.04,1565067259,5327.48,51.44151592,7.45850713,236.81,35.85,0.33,268.83,1,-101.00,-8.00,20.00,2.00,32.00,12.00,14301721,72
311.05,1565067260,5363.55,51.44151636,7.45800035,236.90,36.22,0.36,269.30,1,-81.00,-6.00,22.00,15.00,50.00,16.00,14301721,72
312.04,1565067261,5399.59,51.44151632,7.45748810,237.08,36.13,-0.09,269.62,1,-81.00,-6.00,22.00,15.00,50.00,16.00,14301721,72
313.05,1565067262,5435.76,51.44151432,7.45697023,237.27,36.15,0.02,269.81,1,-81.00,-6.00,22.00,15.00,50.00,16.00,14301721,72
314.04,1565067263,5471.87,51.44151185,7.45644148,236.62,36.03,-0.12,270.12,1,-82.00,-5.00,29.00,15.00,47.00,16.00,14301721,72
315.05,1565067264,5507.94,51.44152049,7.45592959,235.35,36.02,-0.01,271.22,1,-82.00,-5.00,29.00,15.00,47.00,16.00,14301721,72
316.04,1565067265,5543.89,51.44153115,7.45541706,233.68,35.85,-0.17,271.35,1,-83.00,-6.00,24.00,15.00,48.00,16.00,14301721,72
317.04,1565067266,5579.77,51.44154145,7.45488584,232.51,36.08,0.23,271.79,1,-83.00,-6.00,24.00,15.00,48.00,16.00,14301721,72
318.04,1565067267,5615.81,51.44156031,7.45434652,231.67,36.34,0.27,272.99,1,-81.00,-6.00,28.00,15.00,50.00,16.00,14301721,72
319.04,1565067268,5652.19,51.44157740,7.45381833,231.23,36.31,-0.03,273.51,1,-81.00,-6.00,28.00,15.00,50.00,16.00,14301721,72
320.04,1565067269,5688.50,51.44160310,7.45330728,231.09,36.41,0.11,274.20,1,-80.00,-5.00,40.00,15.00,52.00,16.00,14301721,72
321.05,1565067270,5725.02,51.44162820,7.45279334,231.34,36.73,0.31,274.65,1,-80.00,-5.00,40.00,15.00,52.00,16.00,14301721,72
322.04,1565067271,5761.60,51.44165424,7.45227681,231.45,36.92,0.19,274.84,1,-80.00,-5.00,39.00,12.00,52.00,16.00,14301721,72
323.05,1565067272,5798.59,51.44169109,7.45177254,231.10,36.08,-0.83,276.24,1,-80.00,-5.00,39.00,12.00,52.00,16.00,14301721,72
324.04,1565067273,5834.60,51.44172798,7.45125998,230.68,36.03,-0.05,276.85,1,-78.00,-5.00,25.00,15.00,54.00,16.00,14301721,72
325.04,1565067274,5870.64,51.44177284,7.45075071,230.07,35.75,-0.29,277.64,1,-78.00,-5.00,25.00,15.00,54.00,16.00,14301721,72
326.04,1565067275,5906.38,51.44181969,7.45023989,230.02,35.67,-0.08,277.76,1,-79.00,-5.00,39.00,15.00,52.00,16.00,14301721,72
327.05,1565067276,5942.12,51.44186819,7.44973372,230.17,35.71,0.05,277.80,1,-79.00,-5.00,39.00,15.00,52.00,16.00,14301721,72
328.04,1565067277,5977.79,51.44191600,7.44922996,230.08,35.02,-0.69,278.40,1,-75.00,-5.00,38.00,15.00,55.00,16.00,14301721,72
329.04,1565067278,6012.78,51.44196815,7.44874634,229.72,34.52,-0.50,278.87,1,-75.00,-5.00,38.00,15.00,55.00,16.00,14301721,72
330.04,1565067279,6047.31,51.44201739,7.44825893,229.84,34.50,-0.02,279.55,1,-74.00,-5.00,40.00,13.00,55.00,16.00,14301721,72
331.05,1565067280,6081.91,51.44207410,7.44776741,229.48,34.48,-0.02,280.24,1,-74.00,-5.00,40.00,13.00,55.00,16.00,14301721,72
332.05,1565067281,6116.50,51.44213304,7.44728265,229.41,34.53,0.05,280.83,1,-74.00,-5.00,37.00,13.00,58.00,16.00,14301721,72
333.04,1565067282,6150.82,51.44219898,7.44679770,229.16,34.60,0.07,281.45,1,-74.00,-5.00,37.00,13.00,58.00,16.00,14301721,72
334.04,1565067283,6185.42,51.44226310,7.44631804,229.30,34.91,0.31,282.18,1,-74.00,-5.00,37.00,13.00,58.00,16.00,14301721,72
335.05,1565067284,6220.40,51.44233386,7.44582027,229.73,35.12,0.21,282.66,1,-70.00,-5.00,39.00,15.00,62.00,16.00,14301721,72
336.04,1565067285,6255.46,51.44240182,7.44531721,230.10,35.34,0.21,283.21,1,-70.00,-5.00,39.00,15.00,62.00,16.00,14301721,72
337.04,1565067286,6290.79,51.44247059,7.44482416,230.09,35.32,-0.01,283.43,1,-75.00,-5.00,37.00,15.00,56.00,16.00,14301721,72
338.04,1565067287,6326.15,51.44253876,7.44433296,229.80,34.74,-0.59,283.60,1,-75.00,-5.00,37.00,15.00,56.00,16.00,14301721,72
339.04,1565067288,6360.85,51.44261060,7.44386186,229.55,34.21,-0.52,284.08,1,-72.00,-5.00,27.00,15.00,58.00,16.00,14301721,72
340.04,1565067289,6395.10,51.44268572,7.44338462,228.91,33.65,-0.56,284.72,1,-72.00,-5.00,27.00,15.00,58.00,16.00,14301721,72
341.04,1565067290,6428.72,51.44276357,7.44292753,228.03,32.88,-0.77,285.17,1,-70.00,-6.00,31.00,15.00,58.00,16.00,14301721,72
342.04,1565067291,6461.63,51.44284053,7.44247923,227.61,32.05,-0.83,285.85,1,-70.00,-6.00,31.00,15.00,58.00,16.00,14301721,72
343.04,1565067292,6493.68,51.44291691,7.44203911,227.20,31.55,-0.50,286.11,1,-77.00,-6.00,37.00,15.00,56.00,16.00,14301721,72
344.04,1565067293,6525.23,51.44299803,7.44160555,226.94,31.20,-0.35,286.40,1,-77.00,-6.00,37.00,15.00,56.00,16.00,14301721,72
345.04,1565067294,6556.42,51.44307679,7.44117815,226.56,30.82,-0.37,286.68,1,-82.00,-7.00,8.00,15.00,49.00,16.00,14301721,72
346.05,1565067295,6587.28,51.44315646,7.44075467,226.23,30.43,-0.39,287.06,1,-82.00,-7.00,8.00,15.00,49.00,16.00,14301721,72
347.04,1565067296,6617.68,51.44323585,7.44035236,225.61,29.54,-0.89,287.71,1,-87.00,-10.00,7.00,12.00,48.00,2.00,14301723,72
348.04,1565067297,6647.22,51.44331608,7.43995456,224.79,28.78,-0.76,288.06,1,-87.00,-10.00,7.00,12.00,48.00,2.00,14301723,72
349.04,1565067298,6675.98,51.44339465,7.43957555,223.67,28.21,-0.57,288.35,1,-76.00,-5.00,23.00,15.00,56.00,2.00,14301723,74
350.04,1565067299,6704.19,51.44347981,7.43919344,222.52,27.89,-0.32,288.88,1,-76.00,-5.00,23.00,15.00,56.00,2.00,14301723,74
351.04,1565067300,6732.11,51.44356514,7.43881803,221.11,27.71,-0.18,288.96,1,-74.00,-5.00,31.00,15.00,57.00,2.00,14301723,74
352.04,1565067301,6759.82,51.44364911,7.43845262,219.68,27.48,-0.23,289.68,1,-74.00,-5.00,31.00,15.00,57.00,2.00,14301723,74
353.05,1565067302,6787.44,51.44373830,7.43809126,218.44,27.21,-0.27,289.97,1,-72.00,-5.00,29.00,15.00,59.00,2.00,14301723,74
354.04,1565067303,6814.49,51.44382588,7.43771032,217.25,27.19,-0.02,290.64,1,-72.00,-5.00,29.00,15.00,59.00,2.00,14301723,74
355.05,1565067304,6841.76,51.44391833,7.43733832,216.12,27.73,0.54,291.15,1,-72.00,-5.00,29.00,15.00,59.00,2.00,14301723,74
356.04,1565067305,6869.44,51.44400877,7.43696838,215.17,28.09,0.36,291.30,1,-76.00,-5.00,29.00,15.00,54.00,2.00,14301723,74
357.04,1565067306,6897.53,51.44410176,7.43659527,214.21,28.49,0.40,291.09,1,-76.00,-5.00,29.00,15.00,54.00,2.00,14301723,74
358.04,1565067307,6925.99,51.44420105,7.43619935,213.16,29.30,0.81,292.05,1,-77.00,-5.00,28.00,15.00,53.00,2.00,14301723,74
359.04,1565067308,6955.30,51.44431022,7.43579870,213.02,29.64,0.34,292.67,1,-77.00,-5.00,28.00,15.00,53.00,2.00,14301723,74
360.04,1565067309,6984.97,51.44441806,7.43540141,212.62,30.30,0.66,292.96,1,-79.00,-5.00,28.00,15.00,51.00,2.00,14301723,74
361.04,1565067310,7015.24,51.44452751,7.43499655,212.58,30.98,0.68,293.44,1,-79.00,-5.00,28.00,15.00,51.00,2.00,14301723,74
362.04,1565067311,7046.21,51.44463546,7.43461565,211.91,31.07,0.09,293.98,1,-80.00,-5.00,27.00,15.00,49.00,2.00,14301723,74
363.04,1565067312,7077.31,51.44475964,7.43420435,211.39,30.99,-0.07,295.77,1,-80.00,-5.00,27.00,15.00,49.00,2.00,14301723,74
364.04,1565067313,7108.30,51.44488164,7.43380562,210.68,31.01,0.02,296.47,1,-80.00,-5.00,28.00,15.00,51.00,2.00,14301723,74
365.05,1565067314,7139.34,51.44500974,7.43340759,210.00,30.86,-0.15,296.96,1,-80.00,-5.00,28.00,15.00,51.00,2.00,14301723,74
366.04,1565067315,7170.14,51.44514655,7.43301010,209.69,30.76,-0.10,299.20,1,-79.00,-6.00,25.00,15.00,47.00,2.00,14301723,74
367.04,1565067316,7200.94,51.44527858,7.43262729,208.99,30.90,0.14,299.80,1,-79.00,-6.00,25.00,15.00,47.00,2.00,14301723,74
368.04,1565067317,7231.81,51.44541993,7.43224999,208.27,30.66,-0.24,301.20,1,-90.00,-6.00,7.00,10.00,41.00,2.00,14301723,74
369.04,1565067318,7262.50,51.44556493,7.43188620,207.25,30.53,-0.13,302.35,1,-90.00,-6.00,7.00,10.00,41.00,2.00,14301723,74
370.04,1565067319,7293.03,51.44572154,7.43151744,206.22,30.20,-0.33,304.06,1,-88.00,-4.00,7.00,12.00,42.00,2.00,14301723,74
371.05,1565067320,7323.29,51.44588530,7.43115739,205.37,30.12,-0.08,305.20,1,-88.00,-4.00,7.00,12.00,42.00,2.00,14301723,74
372.05,1565067321,7353.42,51.44604494,7.43080712,204.45,30.14,0.01,306.10,1,-85.00,-4.00,27.00,15.00,43.00,2.00,14301723,74
373.05,1565067322,7383.59,51.44621154,7.43046860,203.30,29.80,-0.34,306.66,1,-85.00,-4.00,27.00,15.00,43.00,2.00,14301723,74
374.05,1565067323,7413.44,51.44637400,7.43015792,202.40,29.64,-0.16,308.58,1,-87.00,-5.00,23.00,15.00,40.00,2.00,14301723,74
375.04,1565067324,7442.93,51.44654151,7.42984410,201.55,29.45,-0.19,309.88,1,-87.00,-5.00,23.00,15.00,40.00,2.00,14301723,74
376.04,1565067325,7472.36,51.44670936,7.42952830,200.53,29.38,-0.07,310.71,1,-87.00,-5.00,23.00,15.00,40.00,2.00,14301723,74
377.04,1565067326,7501.74,51.44688256,7.42922572,199.46,29.60,0.22,312.10,1,-97.00,-6.00,12.00,15.00,33.00,2.00,14301723,74
378.05,1565067327,7531.43,51.44707227,7.42891321,198.49,29.70,0.10,313.50,1,-97.00,-6.00,12.00,15.00,33.00,2.00,14301723,74
379.05,1565067328,7561.12,51.44726373,7.42860045,197.63,29.70,0.00,314.44,1,-99.00,-6.00,10.00,8.00,31.00,2.00,14301723,74
380.04,1565067329,7590.77,51.44746243,7.42830071,196.69,29.88,0.18,315.88,1,-99.00,-6.00,10.00,8.00,31.00,2.00,14301723,74
381.04,1565067330,7620.65,51.44765391,7.42800822,195.53,30.01,0.13,316.83,1,-102.00,-6.00,7.00,9.00,28.00,2.00,14301723,74
382.04,1565067331,7650.66,51.44785568,7.42773011,194.36,30.14,0.13,318.88,1,-102.00,-6.00,7.00,9.00,28.00,2.00,14301723,74
383.04,1565067332,7680.80,51.44806831,7.42745323,193.08,30.39,0.25,320.08,1,-103.00,-7.00,0.00,12.00,27.00,2.00,14301723,74
384.05,1565067333,7711.22,51.44828506,7.42718861,191.63,30.48,0.09,321.70,1,-103.00,-7.00,0.00,12.00,27.00,2.00,14301723,74
385.04,1565067334,7741.67,51.44851149,7.42691826,190.31,30.46,-0.01,322.81,1,-106.00,-9.00,1.00,11.00,24.00,2.00,14301723,74
386.04,1565067335,7772.13,51.44874033,7.42665801,188.73,30.79,0.33,324.29,1,-106.00,-9.00,1.00,11.00,24.00,2.00,14301723,74
387.04,1565067336,7802.89,51.44897617,7.42640045,187.10,31.25,0.46,325.39,1,-102.00,-11.00,-1.00,2.00,30.00,2.00,14301723,74
388.04,1565067337,7834.14,51.44920921,7.42615613,185.48,31.47,0.22,326.51,1,-102.00,-11.00,-1.00,2.00,30.00,2.00,14301723,74
389.05,1565067338,7865.74,51.44944463,7.42592254,183.84,31.61,0.14,327.95,1,-110.00,-14.00,-7.00,2.00,26.00,2.00,14301723,74
390.04,1565067339,7897.26,51.44968310,7.42569400,182.37,31.97,0.35,329.02,1,-110.00,-14.00,-7.00,2.00,26.00,2.00,14301723,74
391.05,1565067340,7929.26,51.44993368,7.42546624,181.22,32.35,0.38,330.49,1,-108.00,-11.00,4.00,2.00,28.00,2.00,13806106,40
392.05,1565067341,7961.61,51.45018831,7.42524387,180.21,32.26,-0.09,331.50,1,-108.00,-11.00,4.00,2.00,28.00,2.00,13806106,40
393.05,1565067342,7993.87,51.45044661,7.42503273,178.94,32.31,0.06,333.20,1,-109.00,-12.00,1.00,2.00,28.00,2.00,13806106,40
394.05,1565067343,8026.18,51.45070106,7.42482282,177.80,31.88,-0.44,333.74,1,-109.00,-12.00,1.00,2.00,28.00,2.00,13806106,40
395.05,1565067344,8058.22,51.45095768,7.42463252,176.33,32.04,0.16,335.54,1,-111.00,-13.00,0.00,2.00,28.00,2.00,13884185,84
396.04,1565067345,8090.03,51.45122004,7.42445710,174.76,31.95,-0.09,337.34,1,-111.00,-13.00,0.00,2.00,28.00,2.00,13884185,84
397.04,1565067346,8121.98,51.45149442,7.42428887,173.02,31.67,-0.28,338.51,1,-111.00,-13.00,0.00,2.00,28.00,2.00,13884185,84
398.04,1565067347,8153.68,51.45176030,7.42412282,171.95,31.31,-0.36,339.44,1,-101.00,-10.00,4.00,2.00,34.00,2.00,12897051,119
399.05,1565067348,8185.09,51.45202023,7.42398758,170.68,31.31,-0.00,340.82,1,-101.00,-10.00,4.00,2.00,34.00,2.00,12897051,119
400.04,1565067349,8216.31,51.45228062,7.42385179,169.52,31.38,0.07,341.80,1,-98.00,-8.00,8.00,2.00,35.00,2.00,12897051,119
401.05,1565067350,8247.72,51.45254902,7.42371690,168.32,31.39,0.01,341.82,1,-98.00,-8.00,8.00,2.00,35.00,2.00,12897051,119
402.04,1565067351,8279.08,51.45282242,7.42357431,166.62,31.51,0.12,342.22,1,-95.00,-7.00,16.00,2.00,37.00,2.00,12897051,119
403.04,1565067352,8310.59,51.45310483,7.42344174,165.08,32.58,1.07,343.38,1,-95.00,-7.00,16.00,2.00,37.00,2.00,12897051,119
404.04,1565067353,8343.18,51.45338621,7.42331286,163.60,33.07,0.48,343.56,1,-88.00,-7.00,11.00,14.00,44.00,18.00,12897051,119
405.04,1565067354,8376.21,51.45367424,7.42318121,162.45,33.49,0.43,343.57,1,-88.00,-7.00,11.00,14.00,44.00,18.00,12897051,119
406.04,1565067355,8409.74,51.45396832,7.42304688,161.26,34.01,0.51,344.24,1,-89.00,-6.00,7.00,6.00,42.00,12.00,13806106,40
407.04,1565067356,8443.75,51.45425805,7.42291537,160.32,34.18,0.17,343.85,1,-89.00,-6.00,7.00,6.00,42.00,12.00,13806106,40
408.05,1565067357,8477.96,51.45454016,7.42278499,159.58,34.14,-0.04,343.89,1,-88.00,-10.00,8.00,8.00,47.00,12.00,13806106,40
409.05,1565067358,8512.11,51.45482691,7.42265055,158.86,33.97,-0.18,343.40,1,-88.00,-10.00,8.00,8.00,47.00,12.00,13806106,40
410.04,1565067359,8546.04,51.45512075,7.42251465,158.55,34.27,0.30,342.96,1,-89.00,-10.00,22.00,10.00,46.00,12.00,13806106,40
411.05,1565067360,8580.38,51.45541694,7.42236889,158.54,34.45,0.18,342.28,1,-89.00,-10.00,22.00,10.00,46.00,12.00,13806106,40
412.04,1565067361,8614.73,51.45571696,7.42221822,158.53,34.66,0.21,341.60,1,-85.00,-7.00,9.00,6.00,48.00,20.00,12897051,119
413.04,1565067362,8649.42,51.45601787,7.42205689,158.47,34.79,0.13,341.00,1,-85.00,-7.00,9.00,6.00,48.00,20.00,12897051,119
414.04,1565067363,8684.22,51.45632134,7.42188115,158.25,35.13,0.34,339.91,1,-87.00,-7.00,13.00,13.00,45.00,20.00,12897051,119
415.05,1565067364,8719.38,51.45662320,7.42170106,158.44,35.10,-0.04,338.84,1,-87.00,-7.00,13.00,13.00,45.00,20.00,12897051,119
416.05,1565067365,8754.62,51.45692443,7.42152235,158.58,34.87,-0.23,337.88,1,-90.00,-11.00,11.00,10.00,46.00,20.00,12897051,119
417.05,1565067366,8789.46,51.45721821,7.42132896,158.63,34.77,-0.10,336.86,1,-90.00,-11.00,11.00,10.00,46.00,20.00,12897051,119
418.04,1565067367,8824.09,51.45750596,7.42112927,158.66,34.61,-0.16,335.85,1,-90.00,-11.00,11.00,10.00,46.00,20.00,12897051,119
419.04,1565067368,8858.71,51.45778917,7.42093116,158.41,34.45,-0.17,334.91,1,-85.00,-7.00,15.00,15.00,48.00,20.00,12897051,119
420.04,1565067369,8893.15,51.45806987,7.42071149,158.26,34.43,-0.01,333.93,1,-85.00,-7.00,15.00,15.00,48.00,20.00,12897051,119
421.04,1565067370,8927.55,51.45834195,7.42049104,158.03,33.94,-0.49,332.90,1,-85.00,-7.00,12.00,15.00,48.00,20.00,12897051,119
422.05,1565067371,8961.60,51.45861445,7.42026612,157.77,33.88,-0.06,332.25,1,-85.00,-7.00,12.00,15.00,48.00,20.00,12897051,119
423.05,1565067372,8995.44,51.45888226,7.42002851,157.56,33.90,0.02,331.21,1,-90.00,-10.00,12.00,9.00,45.00,20.00,12897051,119
424.05,1565067373,9029.34,51.45914693,7.41978994,157.35,33.76,-0.15,330.23,1,-90.00,-10.00,12.00,9.00,45.00,20.00,12897051,119
425.05,1565067374,9063.10,51.45941095,7.41954124,156.77,34.14,0.38,329.40,1,-87.00,-7.00,13.00,12.00,47.00,20.00,12897051,119
426.05,1565067375,9097.24,51.45967996,7.41927690,155.86,34.27,0.13,328.10,1,-87.00,-7.00,13.00,12.00,47.00,20.00,12897051,119
427.04,1565067376,9131.48,51.45994028,7.41902344,155.47,34.52,0.25,327.26,1,-82.00,-8.00,10.00,6.00,50.00,20.00,12897051,119
428.04,1565067377,9166.00,51.46018628,7.41876091,154.84,34.74,0.21,326.30,1,-82.00,-8.00,10.00,6.00,50.00,20.00,12897051,119
429.04,1565067378,9200.70,51.46043919,7.41847725,154.33,35.03,0.29,324.92,1,-86.00,-8.00,3.00,6.00,44.00,13.00,13826329,93
430.04,1565067379,9235.73,51.46069350,7.41819554,153.89,35.47,0.44,324.13,1,-86.00,-8.00,3.00,6.00,44.00,13.00,13826329,93
431.05,1565067380,9271.27,51.46094696,7.41790284,154.01,35.75,0.28,323.35,1,-92.00,-11.00,0.00,6.00,44.00,22.00,12897051,119
432.04,1565067381,9306.98,51.46121088,7.41758681,154.12,36.03,0.28,322.14,1,-92.00,-11.00,0.00,6.00,44.00,22.00,12897051,119
433.04,1565067382,9343.01,51.46147019,7.41725979,154.61,36.46,0.43,321.07,1,-81.00,-6.00,16.00,14.00,50.00,7.00,13806105,39
434.04,1565067383,9379.47,51.46172523,7.41691583,155.09,36.75,0.29,319.97,1,-81.00,-6.00,16.00,14.00,50.00,7.00,13806105,39
435.05,1565067384,9416.26,51.46198410,7.41656603,155.55,37.12,0.37,318.97,1,-83.00,-7.00,18.00,10.00,49.00,7.00,13806105,39
436.04,1565067385,9453.34,51.46222873,7.41621395,155.68,36.99,-0.13,318.13,1,-83.00,-7.00,18.00,10.00,49.00,7.00,13806105,39
437.05,1565067386,9490.51,51.46247072,7.41585024,155.85,36.99,0.00,316.75,1,-85.00,-7.00,11.00,10.00,45.00,7.00,13806105,39
438.04,1565067387,9527.28,51.46270358,7.41549892,155.89,37.16,0.17,315.76,1,-85.00,-7.00,11.00,10.00,45.00,7.00,13806105,39
439.04,1565067388,9564.48,51.46293691,7.41512589,155.99,37.33,0.17,314.71,1,-85.00,-7.00,11.00,10.00,45.00,7.00,13806105,39
440.05,1565067389,9601.89,51.46317645,7.41474465,156.40,37.06,-0.27,313.79,1,-86.00,-7.00,10.00,14.00,46.00,7.00,13806105,39
441.04,1565067390,9638.87,51.46340837,7.41434807,156.68,36.66,-0.40,312.78,1,-86.00,-7.00,10.00,14.00,46.00,7.00,13806105,39
442.05,1565067391,9675.57,51.46362566,7.41395879,156.69,35.90,-0.76,311.67,1,-90.00,-9.00,8.00,10.00,43.00,7.00,13806105,39
443.04,1565067392,9711.44,51.46383861,7.41356992,156.43,35.61,-0.29,311.09,1,-90.00,-9.00,8.00,10.00,43.00,7.00,13806105,39
444.04,1565067393,9747.04,51.46403867,7.41318855,156.18,35.06,-0.55,310.26,1,-85.00,-6.00,16.00,15.00,48.00,7.00,13806105,39
445.05,1565067394,9782.14,51.46423797,7.41281215,155.95,34.27,-0.79,309.74,1,-85.00,-6.00,16.00,15.00,48.00,7.00,13806105,39
446.05,1565067395,9816.45,51.46443172,7.41242653,155.50,33.50,-0.77,309.19,1,-100.00,-14.00,1.00,6.00,38.00,7.00,13806105,39
447.04,1565067396,9849.88,51.46462102,7.41205329,155.31,32.79,-0.71,308.61,1,-100.00,-14.00,1.00,6.00,38.00,7.00,13806105,39
448.04,1565067397,9882.67,51.46480515,7.41168677,155.43,32.11,-0.68,308.27,1,-99.00,-13.00,-3.00,6.00,39.00,10.00,13806105,39
449.04,1565067398,9914.78,51.46498611,7.41132509,155.27,32.06,-0.05,308.41,1,-99.00,-13.00,-3.00,6.00,39.00,10.00,13806105,39
450.05,1565067399,9946.87,51.46515835,7.41097912,155.58,32.00,-0.06,308.44,1,-104.00,-12.00,3.00,7.00,32.00,10.00,13806105,39
451.05,1565067400,9978.88,51.46533061,7.41062152,155.72,31.33,-0.67,308.00,1,-104.00,-12.00,3.00,7.00,32.00,10.00,13806105,39
452.05,1565067401,10010.21,51.46549662,7.41027277,156.02,30.82,-0.51,307.73,1,-109.00,-15.00,-3.00,4.00,32.00,37.00,12896795,39
453.05,1565067402,10041.03,51.46566344,7.40991910,156.44,30.52,-0.31,307.71,1,-109.00,-15.00,-3.00,4.00,32.00,37.00,12896795,39
454.05,1565067403,10071.55,51.46583035,7.40957530,156.88,29.93,-0.59,308.28,1,-106.00,-17.00,-6.00,2.00,37.00,37.00,12896795,179
455.05,1565067404,10101.48,51.46599530,7.40923503,157.21,29.66,-0.27,308.28,1,-106.00,-17.00,-6.00,2.00,37.00,37.00,12896795,179
456.04,1565067405,10131.09,51.46615944,7.40889408,157.89,29.47,-0.20,308.42,1,-99.00,-9.00,-5.00,6.00,34.00,25.00,12962329,176
457.04,1565067406,10160.56,51.46632272,7.40855792,158.69,29.51,0.04,308.52,1,-99.00,-9.00,-5.00,6.00,34.00,25.00,12962329,176
458.04,1565067407,10190.09,51.46648343,7.40822643,159.50,29.39,-0.12,308.76,1,-100.00,-13.00,-4.00,5.00,40.00,25.00,12962329,176
459.05,1565067408,10219.57,51.46664710,7.40789494,160.09,28.96,-0.43,308.97,1,-100.00,-13.00,-4.00,5.00,40.00,25.00,12962329,176
460.05,1565067409,10248.56,51.46681442,7.40756681,160.58,28.87,-0.08,309.00,1,-90.00,-7.00,22.00,15.00,40.00,25.00,12962329,176
461.04,1565067410,10277.31,51.46698121,7.40724328,161.06,28.91,0.03,309.19,1,-90.00,-7.00,22.00,15.00,40.00,25.00,12962329,176
462.04,1565067411,10306.19,51.46714819,7.40691394,161.41,29.03,0.12,309.56,1,-90.00,-7.00,22.00,15.00,40.00,25.00,12962329,176
463.05,1565067412,10335.37,51.46731519,7.40658437,161.72,29.21,0.17,309.85,1,-91.00,-7.00,2.00,10.00,40.00,25.00,12962329,176
464.05,1565067413,10364.49,51.46748717,7.40625920,162.05,29.42,0.21,310.21,1,-91.00,-7.00,2.00,10.00,40.00,25.00,12962329,176
465.05,1565067414,10393.90,51.46766075,7.40593237,162.20,29.65,0.24,310.65,1,-92.00,-7.00,1.00,9.00,41.00,25.00,12962329,176
466.05,1565067415,10423.62,51.46783967,7.40560072,162.37,29.91,0.26,310.86,1,-92.00,-7.00,1.00,9.00,41.00,25.00,12962329,176
467.04,1565067416,10453.44,51.46801581,7.40527504,162.75,30.18,0.27,311.14,1,-95.00,-11.00,-3.00,6.00,41.00,40.00,12896795,179
468.04,1565067417,10483.62,51.46819935,7.40494990,163.05,30.46,0.29,311.91,1,-95.00,-11.00,-3.00,6.00,41.00,40.00,12896795,179
469.05,1565067418,10514.11,51.46838260,7.40462308,163.34,30.72,0.26,312.26,1,-101.00,-10.00,0.00,6.00,33.00,16.00,13826329,93
470.04,1565067419,10544.81,51.46855923,7.40431007,163.82,30.74,0.01,312.52,1,-101.00,-10.00,0.00,6.00,33.00,16.00,13826329,93
471.04,1565067420,10575.54,51.46874731,7.40399334,164.64,30.92,0.18,313.33,1,-98.00,-8.00,-3.00,4.00,34.00,51.00,14301723,74
472.04,1565067421,10606.46,51.46894133,7.40368312,165.59,30.97,0.05,314.95,1,-98.00,-8.00,-3.00,4.00,34.00,51.00,14301723,74
473.05,1565067422,10637.55,51.46914111,7.40336533,166.19,30.79,-0.18,315.56,1,-96.00,-8.00,-1.00,5.00,34.00,51.00,14301723,74
474.05,1565067423,10668.25,51.46933860,7.40304435,166.25,30.09,-0.70,315.46,1,-96.00,-8.00,-1.00,5.00,34.00,51.00,14301723,74
475.05,1565067424,10698.35,51.46952773,7.40274492,165.99,29.22,-0.88,314.57,1,-93.00,-6.00,10.00,15.00,35.00,51.00,14301723,74
476.05,1565067425,10727.56,51.46971363,7.40245053,165.32,28.69,-0.53,314.86,1,-93.00,-6.00,10.00,15.00,35.00,51.00,14301723,74
477.05,1565067426,10756.25,51.46989380,7.40216804,164.65,28.05,-0.63,315.01,1,-96.00,-8.00,0.00,12.00,33.00,51.00,14301723,74
478.05,1565067427,10784.30,51.47007690,7.40187551,164.48,27.68,-0.37,315.41,1,-96.00,-8.00,0.00,12.00,33.00,51.00,14301723,74
479.05,1565067428,10811.99,51.47025754,7.40159926,164.17,27.63,-0.05,315.98,1,-95.00,-7.00,1.00,15.00,32.00,51.00,14301723,74
480.04,1565067429,10839.59,51.47043967,7.40131932,164.05,27.54,-0.09,316.04,1,-95.00,-7.00,1.00,15.00,32.00,51.00,14301723,74
481.05,1565067430,10867.30,51.47061803,7.40104174,164.16,27.49,-0.05,316.10,1,-92.00,-6.00,11.00,15.00,34.00,51.00,14301723,74
482.04,1565067431,10894.63,51.47078889,7.40077298,164.69,27.35,-0.15,316.28,1,-92.00,-6.00,11.00,15.00,34.00,51.00,14301723,74
483.05,1565067432,10922.03,51.47096092,7.40050535,165.18,27.41,0.06,316.73,1,-92.00,-6.00,11.00,15.00,34.00,51.00,14301723,74
484.04,1565067433,10949.38,51.47114049,7.40023861,165.23,27.60,0.20,316.98,1,-89.00,-5.00,18.00,11.00,36.00,51.00,14301723,74
485.04,1565067434,10976.98,51.47132763,7.39996222,165.06,27.87,0.27,317.29,1,-89.00,-5.00,18.00,11.00,36.00,51.00,14301723,74
486.04,1565067435,11004.85,51.47150916,7.39969462,164.83,28.18,0.31,317.60,1,-91.00,-6.00,12.00,10.00,35.00,51.00,14301723,74
487.05,1565067436,11033.06,51.47169930,7.39942264,164.81,28.52,0.34,318.07,1,-91.00,-6.00,12.00,10.00,35.00,51.00,14301723,74
488.04,1565067437,11061.55,51.47188924,7.39915145,164.89,28.52,-0.00,318.21,1,-85.00,-5.00,20.00,11.00,36.00,51.00,14301723,74
489.04,1565067438,11090.07,51.47207957,7.39887609,165.08,28.25,-0.27,318.60,1,-85.00,-5.00,20.00,11.00,36.00,51.00,14301723,74
490.04,1565067439,11118.32,51.47227886,7.39860444,165.76,28.11,-0.14,319.18,1,-84.00,-5.00,18.00,9.00,34.00,51.00,14301723,74
491.05,1565067440,11146.51,51.47246926,7.39834165,166.51,27.81,-0.30,319.20,1,-84.00,-5.00,18.00,9.00,34.00,51.00,14301723,74
492.04,1565067441,11174.24,51.47265578,7.39807923,167.18,27.96,0.15,319.60,1,-87.00,-6.00,16.00,9.00,32.00,51.00,14301723,74
493.05,1565067442,11202.25,51.47284570,7.39780932,167.73,28.09,0.13,319.61,1,-87.00,-6.00,16.00,9.00,32.00,51.00,14301723,74
494.04,1565067443,11230.28,51.47303619,7.39754305,168.44,28.29,0.21,320.13,1,-92.00,-5.00,21.00,10.00,29.00,51.00,14301723,74
495.04,1565067444,11258.57,51.47323062,7.39728378,169.36,28.51,0.21,320.35,1,-92.00,-5.00,21.00,10.00,29.00,51.00,14301723,74
496.05,1565067445,11287.11,51.47342750,7.39702082,170.00,28.76,0.26,320.91,1,-95.00,-6.00,13.00,10.00,26.00,51.00,14301723,74
497.04,1565067446,11315.84,51.47362903,7.39675392,170.74,28.37,-0.39,321.03,1,-95.00,-6.00,13.00,10.00,26.00,51.00,14301723,74
498.04,1565067447,11344.21,51.47381867,7.39651284,171.46,27.73,-0.64,321.78,1,-100.00,-8.00,9.00,15.00,29.00,51.00,14301723,74
499.04,1565067448,11371.94,51.47401139,7.39627486,171.80,26.58,-1.14,323.14,1,-100.00,-8.00,9.00,15.00,29.00,51.00,14301723,74
500.05,1565067449,11398.60,51.47420388,7.39604488,172.07,26.32,-0.26,322.92,1,-103.00,-6.00,5.00,15.00,24.00,51.00,14301723,74
501.05,1565067450,11424.92,51.47439662,7.39581603,172.22,25.82,-0.50,323.58,1,-103.00,-6.00,5.00,15.00,24.00,51.00,14301723,74
502.05,1565067451,11450.86,51.47458940,7.39558345,173.10,25.31,-0.51,323.80,1,-109.00,-10.00,-2.00,6.00,25.00,51.00,14301723,74
503.05,1565067452,11475.99,51.47477181,7.39536996,174.11,24.69,-0.62,324.57,1,-109.00,-10.00,-2.00,6.00,25.00,51.00,14301723,74
504.05,1565067453,11500.68,51.47495865,7.39516747,175.01,23.91,-0.79,326.50,1,-109.00,-10.00,-2.00,6.00,25.00,51.00,14301723,74
505.05,1565067454,11524.71,51.47514242,7.39497949,175.57,23.36,-0.54,327.93,1,-102.00,-10.00,-2.00,6.00,32.00,13.00,13884162,223
506.05,1565067455,11547.98,51.47532693,7.39479985,176.16,23.33,-0.03,329.54,1,-102.00,-10.00,-2.00,6.00,32.00,13.00,13884162,223
507.05,1565067456,11571.29,51.47550730,7.39462771,176.39,23.31,-0.03,329.77,1,-95.00,-8.00,10.00,6.00,39.00,13.00,13884162,223
508.05,1565067457,11594.60,51.47568761,7.39445820,176.77,23.17,-0.14,329.80,1,-95.00,-8.00,10.00,6.00,39.00,13.00,13884162,223
509.05,1565067458,11617.76,51.47585777,7.39430613,177.10,22.19,-0.97,330.90,1,-90.00,-8.00,11.00,15.00,43.00,13.00,13884162,223
510.04,1565067459,11639.94,51.47601694,7.39416234,177.53,21.26,-0.93,331.02,1,-90.00,-8.00,11.00,15.00,43.00,13.00,13884162,223
511.04,1565067460,11661.20,51.47618216,7.39401790,177.81,21.15,-0.12,331.96,1,-85.00,-6.00,18.00,15.00,48.00,13.00,13884162,223
512.04,1565067461,11682.35,51.47634764,7.39387157,178.04,21.44,0.30,332.70,1,-85.00,-6.00,18.00,15.00,48.00,13.00,13884162,223
513.04,1565067462,11703.79,51.47651305,7.39373811,178.00,21.21,-0.23,333.92,1,-91.00,-7.00,10.00,12.00,43.00,13.00,13884162,223
514.05,1565067463,11725.07,51.47668011,7.39360224,177.90,20.55,-0.66,334.57,1,-91.00,-7.00,10.00,12.00,43.00,13.00,13884162,223
515.04,1565067464,11745.57,51.47684556,7.39347477,177.92,20.11,-0.43,335.31,1,-97.00,-9.00,7.00,6.00,37.00,13.00,13884162,223
516.04,1565067465,11765.67,51.47701224,7.39335428,177.98,19.84,-0.28,336.59,1,-97.00,-9.00,7.00,6.00,37.00,13.00,13884162,223
517.04,1565067466,11785.49,51.47718135,7.39324711,178.20,19.88,0.04,338.36,1,-96.00,-9.00,8.00,7.00,39.00,13.00,13884162,223
518.04,1565067467,11805.39,51.47735022,7.39314738,178.58,19.82,-0.06,340.34,1,-96.00,-9.00,8.00,7.00,39.00,13.00,13884162,223
519.05,1565067468,11825.25,51.47751335,7.39308510,178.64,19.30,-0.52,345.70,1,-91.00,-9.00,17.00,15.00,45.00,13.00,13884162,223
520.04,1565067469,11844.51,51.47768348,7.39303033,178.75,18.69,-0.61,347.32,1,-91.00,-9.00,17.00,15.00,45.00,13.00,13884162,223
521.04,1565067470,11863.20,51.47785985,7.39299363,178.84,18.59,-0.10,351.00,1,-91.00,-11.00,16.00,10.00,46.00,13.00,13884162,223
522.04,1565067471,11881.80,51.47803929,7.39301313,178.57,18.66,0.08,4.52,1,-91.00,-11.00,16.00,10.00,46.00,13.00,13884162,223
523.05,1565067472,11900.60,51.47820912,7.39304447,178.08,17.59,-1.07,7.32,1,-85.00,-6.00,17.00,15.00,46.00,13.00,13884162,223
524.04,1565067473,11918.03,51.47838017,7.39309746,177.68,18.33,0.74,10.44,1,-85.00,-6.00,17.00,15.00,46.00,13.00,13884162,223
525.04,1565067474,11936.35,51.47854385,7.39316933,177.61,18.09,-0.24,14.44,1,-85.00,-6.00,17.00,15.00,46.00,13.00,13884162,223
526.04,1565067475,11954.46,51.47867926,7.39330798,177.55,17.55,-0.53,31.55,1,-86.00,-10.00,19.00,11.00,50.00,13.00,13884162,223
527.04,1565067476,11971.99,51.47881243,7.39346266,177.68,17.17,-0.39,33.36,1,-86.00,-10.00,19.00,11.00,50.00,13.00,13884162,223
528.04,1565067477,11989.16,51.47892626,7.39361308,177.97,15.75,-1.42,34.44,1,-88.00,-10.00,19.00,15.00,47.00,13.00,13884162,223
529.04,1565067478,12004.93,51.47904240,7.39374428,178.32,14.42,-1.33,32.28,1,-88.00,-10.00,19.00,15.00,47.00,13.00,13884162,223
530.04,1565067479,12019.33,51.47917746,7.39381631,178.46,14.60,0.18,13.50,1,-79.00,-5.00,19.00,12.00,53.00,13.00,13884162,223
531.04,1565067480,12033.93,51.47930107,7.39385415,178.96,14.22,-0.39,9.84,1,-79.00,-5.00,19.00,12.00,53.00,13.00,13884162,223
532.04,1565067481,12048.15,51.47942059,7.39382388,179.63,14.68,0.46,349.20,1,-82.00,-6.00,18.00,11.00,49.00,13.00,13884162,223
533.04,1565067482,12062.83,51.47953155,7.39377914,180.39,14.40,-0.28,345.71,1,-82.00,-6.00,18.00,11.00,49.00,13.00,13884162,223
534.05,1565067483,12077.27,51.47965745,7.39370909,181.61,14.69,0.29,341.97,1,-93.00,-5.00,14.00,2.00,35.00,13.00,13884187,449
535.04,1565067484,12091.93,51.47978219,7.39362863,182.68,14.40,-0.30,339.34,1,-93.00,-5.00,14.00,2.00,35.00,13.00,13884187,449
536.04,1565067485,12106.32,51.47989887,7.39353829,183.70,13.75,-0.65,338.15,1,-90.00,-6.00,22.00,2.00,39.00,13.00,13884187,449
537.04,1565067486,12120.07,51.48000985,7.39345547,184.49,13.46,-0.29,338.57,1,-90.00,-6.00,22.00,2.00,39.00,13.00,13884187,449
538.04,1565067487,12133.53,51.48010538,7.39344806,185.40,10.66,-2.80,1.24,1,-89.00,-6.00,11.00,2.00,40.00,13.00,13884187,449
539.04,1565067488,12144.21,51.48020448,7.39347389,185.89,10.69,0.03,16.32,1,-89.00,-6.00,11.00,2.00,40.00,13.00,13884187,449
540.04,1565067489,12154.91,51.48028406,7.39354683,186.58,11.43,0.74,34.81,1,-89.00,-6.00,14.00,2.00,41.00,13.00,13884187,449
541.04,1565067490,12166.32,51.48035252,7.39367699,187.50,12.12,0.69,56.01,1,-89.00,-6.00,14.00,2.00,41.00,13.00,13884187,449
542.04,1565067491,12178.44,51.48042080,7.39382920,187.93,12.94,0.82,57.30,1,-95.00,-6.00,14.00,2.00,35.00,13.00,13884187,449
543.04,1565067492,12191.37,51.48048477,7.39398650,188.56,13.77,0.83,58.45,1,-95.00,-6.00,14.00,2.00,35.00,13.00,13884187,449
544.05,1565067493,12205.23,51.48054310,7.39416209,189.06,15.21,1.44,59.81,1,-95.00,-6.00,21.00,2.00,37.00,13.00,13884187,449
545.04,1565067494,12220.35,51.48060807,7.39434330,189.66,15.79,0.58,60.78,1,-95.00,-6.00,21.00,2.00,37.00,13.00,13884187,449
546.04,1565067495,12236.16,51.48067890,7.39455231,190.17,16.43,0.64,61.13,1,-95.00,-6.00,21.00,2.00,37.00,13.00,13884187,449
547.04,1565067496,12252.58,51.48075393,7.39477449,190.75,16.69,0.26,60.48,1,-80.00,-4.00,20.00,9.00,52.00,10.00,13884187,449
548.04,1565067497,12269.25,51.48083084,7.39499548,190.93,16.92,0.23,60.07,1,-80.00,-4.00,20.00,9.00,52.00,10.00,13884187,449
549.04,1565067498,12286.17,51.48090896,7.39521479,191.15,17.26,0.34,60.10,1,-87.00,-5.00,38.00,15.00,45.00,10.00,13884187,449
550.04,1565067499,12303.43,51.48098815,7.39542951,191.84,17.49,0.23,59.81,1,-87.00,-5.00,38.00,15.00,45.00,10.00,13884187,449
551.04,1565067500,12320.94,51.48106045,7.39563208,193.09,17.62,0.12,59.94,1,-88.00,-5.00,28.00,15.00,43.00,10.00,13884187,449
552.04,1565067501,12338.54,51.48113996,7.39585120,193.40,17.40,-0.22,60.42,1,-88.00,-5.00,28.00,15.00,43.00,10.00,13884187,449
553.04,1565067502,12355.94,51.48121953,7.39606699,193.34,17.22,-0.18,59.84,1,-95.00,-7.00,20.00,13.00,38.00,10.00,13884187,449
554.04,1565067503,12373.16,51.48129643,7.39627702,193.18,16.83,-0.38,59.85,1,-95.00,-7.00,20.00,13.00,38.00,10.00,13884187,449
555.04,1565067504,12389.97,51.48137255,7.39647967,193.13,16.82,-0.02,59.45,1,-94.00,-7.00,25.00,5.00,39.00,10.00,13884187,449
556.04,1565067505,12406.80,51.48144865,7.39668457,192.95,16.61,-0.20,59.14,1,-94.00,-7.00,25.00,5.00,39.00,10.00,13884187,449
557.04,1565067506,12423.42,51.48152609,7.39688249,193.28,16.31,-0.30,58.68,1,-99.00,-7.00,7.00,10.00,34.00,10.00,13884187,449
558.04,1565067507,12439.73,51.48160900,7.39709992,193.43,16.22,-0.09,58.06,1,-99.00,-7.00,7.00,10.00,34.00,10.00,13884187,449
559.05,1565067508,12455.98,51.48168285,7.39729072,193.26,16.19,-0.03,57.07,1,-104.00,-9.00,5.00,9.00,30.00,10.00,13884187,449
560.04,1565067509,12472.14,51.48176303,7.39748217,193.08,15.86,-0.33,55.84,1,-104.00,-9.00,5.00,9.00,30.00,10.00,13884187,449
561.04,1565067510,12487.99,51.48183927,7.39765989,193.12,15.12,-0.74,55.30,1,-102.00,-9.00,7.00,7.00,32.00,10.00,13884187,449
562.04,1565067511,12503.11,51.48191635,7.39782425,192.93,14.22,-0.90,54.38,1,-102.00,-9.00,7.00,7.00,32.00,10.00,13884187,449
563.04,1565067512,12517.34,51.48198729,7.39797475,192.44,13.30,-0.92,53.23,1,-100.00,-8.00,22.00,11.00,32.00,10.00,13884187,449
564.05,1565067513,12530.67,51.48205407,7.39811272,191.61,12.43,-0.87,51.93,1,-100.00,-8.00,22.00,11.00,32.00,10.00,13884187,449
565.05,1565067514,12543.16,51.48211765,7.39823863,190.66,11.22,-1.21,50.46,1,-97.00,-7.00,9.00,2.00,36.00,10.00,13884187,449
566.04,1565067515,12554.30,51.48217507,7.39834689,189.99,9.69,-1.53,49.01,1,-97.00,-7.00,9.00,2.00,36.00,10.00,13884187,449
567.04,1565067516,12563.99,51.48223709,7.39845410,189.10,7.87,-1.82,47.73,1,-97.00,-7.00,9.00,2.00,36.00,10.00,13884187,449
568.04,1565067517,12571.86,51.48227497,7.39851620,188.64,5.73,-2.14,47.31,1,-94.00,-7.00,7.00,2.00,39.00,10.00,13884187,449
569.04,1565067518,12577.59,51.48230410,7.39855662,188.64,4.01,-1.73,46.72,1,-94.00,-7.00,7.00,2.00,39.00,10.00,13884187,449
570.04,1565067519,12581.60,51.48233097,7.39859620,188.65,2.59,-1.41,44.08,1,-93.00,-7.00,5.00,2.00,41.00,10.00,13884187,449
571.04,1565067520,12584.19,51.48234992,7.39862342,188.61,1.01,-1.58,45.44,1,-93.00,-7.00,5.00,2.00,41.00,10.00,13884187,449
572.05,1565067521,12585.21,51.48234992,7.39862342,188.61,0.00,-1.01,45.44,1,-97.00,-9.00,4.00,2.00,38.00,10.00,13884187,449
573.04,1565067522,12585.21,51.48234992,7.39862342,188.60,0.00,0.00,45.44,1,-97.00,-9.00,4.00,2.00,38.00,10.00,13884187,449
574.04,1565067523,12585.21,51.48234992,7.39862342,188.60,0.00,0.00,45.44,1,-100.00,-10.00,3.00,10.00,35.00,4.00,13884187,449
575.05,1565067524,12585.21,51.48234992,7.39862342,188.59,0.00,0.00,45.44,1,-100.00,-10.00,3.00,10.00,35.00,4.00,13884187,449
576.04,1565067525,12585.21,51.48234992,7.39862342,188.58,0.00,0.00,45.44,1,-102.00,-11.00,4.00,10.00,34.00,4.00,13884187,449
577.04,1565067526,12585.21,51.48234992,7.39862342,188.56,0.00,0.00,45.44,1,-102.00,-11.00,4.00,10.00,34.00,4.00,13884187,449
578.04,1565067527,12585.21,51.48234992,7.39862342,188.54,0.00,0.00,45.44,1,-104.00,-11.00,2.00,8.00,32.00,4.00,13884187,449
579.04,1565067528,12585.21,51.48234992,7.39862342,188.52,0.00,0.00,45.44,1,-104.00,-11.00,2.00,8.00,32.00,4.00,13884187,449
580.04,1565067529,12585.21,51.48234992,7.39862342,188.50,0.00,0.00,45.44,1,-99.00,-8.00,2.00,10.00,34.00,4.00,13884187,449
581.04,1565067530,12585.21,51.48234992,7.39862342,188.48,0.00,0.00,45.44,1,-99.00,-8.00,2.00,10.00,34.00,4.00,13884187,449
582.04,1565067531,12585.21,51.48234992,7.39862342,188.47,0.00,0.00,45.44,1,-102.00,-9.00,3.00,10.00,32.00,4.00,13884187,449
583.04,1565067532,12585.21,51.48234992,7.39862342,188.45,0.00,0.00,45.44,1,-102.00,-9.00,3.00,10.00,32.00,4.00,13884187,449
584.04,1565067533,12585.21,51.48234992,7.39862342,188.43,0.00,0.00,45.44,1,-101.00,-10.00,4.00,2.00,38.00,4.00,13884187,449
585.04,1565067534,12585.21,51.48234992,7.39862342,188.42,0.00,0.00,45.44,1,-101.00,-10.00,4.00,2.00,38.00,4.00,13884187,449
586.05,1565067535,12585.21,51.48234992,7.39862342,188.40,0.00,0.00,45.44,1,-103.00,-10.00,3.00,2.00,32.00,4.00,13884187,449
587.04,1565067536,12585.21,51.48234992,7.39862342,188.39,0.00,0.00,45.44,1,-103.00,-10.00,3.00,2.00,32.00,4.00,13884187,449
588.04,1565067537,12585.21,51.48234992,7.39862342,188.38,0.00,0.00,45.44,1,-103.00,-10.00,3.00,2.00,32.00,4.00,13884187,449
589.04,1565067538,12585.21,51.48234992,7.39862342,188.38,0.00,0.00,45.44,1,-104.00,-11.00,1.00,2.00,32.00,4.00,13884187,449
590.04,1565067539,12585.21,51.48234992,7.39862342,188.38,0.00,0.00,45.44,1,-104.00,-11.00,1.00,2.00,32.00,4.00,13884187,449
591.04,1565067540,12585.21,51.48234992,7.39862342,188.38,0.00,0.00,45.44,1,-104.00,-11.00,2.00,2.00,32.00,4.00,13884187,449
592.04,1565067541,12585.21,51.48234992,7.39862342,188.38,0.00,0.00,45.44,1,-104.00,-11.00,2.00,2.00,32.00,4.00,13884187,449
593.05,1565067542,12585.21,51.48234992,7.39862342,188.38,0.00,0.00,45.44,1,-104.00,-10.00,1.00,2.00,32.00,4.00,13884187,449
594.04,1565067543,12585.21,51.48234992,7.39862342,188.39,0.00,0.00,45.44,1,-104.00,-10.00,1.00,2.00,32.00,4.00,13884187,449
595.04,1565067544,12585.21,51.48234992,7.39862342,188.39,0.00,0.00,45.44,1,-103.00,-11.00,4.00,2.00,33.00,4.00,13884187,449
596.04,1565067545,12585.21,51.48234992,7.39862342,188.40,0.00,0.00,45.44,1,-103.00,-11.00,4.00,2.00,33.00,4.00,13884187,449
597.04,1565067546,12585.21,51.48234992,7.39862342,188.40,0.00,0.00,45.44,1,-104.00,-11.00,4.00,2.00,32.00,4.00,13884187,449
598.04,1565067547,12585.21,51.48234992,7.39862342,188.41,0.00,0.00,45.44,1,-104.00,-11.00,4.00,2.00,32.00,4.00,13884187,449
599.04,1565067548,12585.21,51.48234992,7.39862342,188.42,0.00,0.00,45.44,1,-106.00,-12.00,5.00,10.00,32.00,6.00,13884187,449
600.04,1565067549,12585.21,51.48234992,7.39862342,188.42,0.00,0.00,45.44,1,-106.00,-12.00,5.00,10.00,32.00,6.00,13884187,449
601.04,1565067550,12585.21,51.48234992,7.39862342,188.43,0.00,0.00,45.44,1,-103.00,-10.00,4.00,10.00,32.00,6.00,13884187,449
602.04,1565067551,12585.21,51.48234992,7.39862342,188.44,0.00,0.00,45.44,1,-103.00,-10.00,4.00,10.00,32.00,6.00,13884187,449
603.05,1565067552,12585.21,51.48234992,7.39862342,188.45,0.00,0.00,45.44,1,-104.00,-11.00,3.00,9.00,32.00,6.00,13884187,449
604.04,1565067553,12585.21,51.48234992,7.39862342,188.45,0.00,0.00,45.44,1,-104.00,-11.00,3.00,9.00,32.00,6.00,13884187,449
605.05,1565067554,12585.21,51.48234992,7.39862342,188.46,0.00,0.00,45.44,1,-103.00,-11.00,16.00,9.00,32.00,6.00,13884187,449
606.04,1565067555,12585.21,51.48234992,7.39862342,188.48,0.00,0.00,45.44,1,-103.00,-11.00,16.00,9.00,32.00,6.00,13884187,449
607.05,1565067556,12585.21,51.48234992,7.39862342,188.48,0.00,0.00,45.44,1,-101.00,-9.00,5.00,11.00,32.00,6.00,13884187,449
608.04,1565067557,12585.21,51.48234992,7.39862342,188.49,0.00,0.00,45.44,1,-101.00,-9.00,5.00,11.00,32.00,6.00,13884187,449
609.04,1565067558,12585.21,51.48234992,7.39862342,188.50,0.00,0.00,45.44,1,-101.00,-9.00,5.00,11.00,32.00,6.00,13884187,449
610.05,1565067559,12585.21,51.48234992,7.39862342,188.58,0.00,0.00,45.44,1,-104.00,-13.00,3.00,6.00,34.00,6.00,13884187,449
611.05,1565067560,12585.21,51.48234992,7.39862342,189.25,0.00,0.00,40.23,1,-104.00,-13.00,3.00,6.00,34.00,6.00,13884187,449
612.05,1565067561,12585.21,51.48242615,7.39869741,189.59,0.00,0.00,40.67,1,-101.00,-10.00,4.00,6.00,34.00,6.00,13884187,449
613.05,1565067562,12585.21,51.48248107,7.39876749,189.64,8.34,0.00,40.87,1,-101.00,-10.00,4.00,6.00,34.00,6.00,13884187,449
614.04,1565067563,12593.52,51.48254454,7.39884734,189.56,9.98,1.64,39.58,1,-103.00,-11.00,1.00,6.00,34.00,6.00,13884187,449
615.04,1565067564,12603.50,51.48262307,7.39894093,189.35,10.36,0.38,38.34,1,-103.00,-11.00,1.00,6.00,34.00,6.00,13884187,449
616.04,1565067565,12613.85,51.48269210,7.39901866,189.19,10.05,-0.31,37.36,1,-100.00,-12.00,6.00,12.00,35.00,6.00,13884187,449
617.05,1565067566,12623.92,51.48278127,7.39911745,188.99,10.51,0.45,36.36,1,-100.00,-12.00,6.00,12.00,35.00,6.00,13884187,449
618.04,1565067567,12634.41,51.48287040,7.39921485,188.89,11.85,1.34,34.74,1,-100.00,-12.00,1.00,8.00,38.00,6.00,13884187,449
619.04,1565067568,12646.25,51.48296430,7.39931331,188.35,12.45,0.60,34.71,1,-100.00,-12.00,1.00,8.00,38.00,6.00,13884187,449
620.04,1565067569,12658.71,51.48306745,7.39942124,188.30,13.85,1.40,34.02,1,-96.00,-11.00,4.00,2.00,46.00,6.00,13884187,449
621.05,1565067570,12672.58,51.48317957,7.39953657,188.57,14.66,0.81,33.43,1,-96.00,-11.00,4.00,2.00,46.00,6.00,13884187,449
622.05,1565067571,12687.24,51.48329378,7.39965498,188.87,15.08,0.42,33.44,1,-91.00,-7.00,8.00,2.00,40.00,6.00,13884186,217
623.04,1565067572,12702.29,51.48340397,7.39977129,189.62,15.04,-0.04,34.17,1,-91.00,-7.00,8.00,2.00,40.00,6.00,13884186,217
624.04,1565067573,12717.33,51.48351639,7.39989294,190.16,15.13,0.09,34.66,1,-90.00,-7.00,1.00,2.00,39.00,6.00,13884186,217
625.05,1565067574,12732.49,51.48362995,7.40001977,190.53,15.38,0.26,33.94,1,-90.00,-7.00,1.00,2.00,39.00,6.00,13884186,217
626.04,1565067575,12747.86,51.48374279,7.40014545,191.12,15.55,0.17,34.42,1,-95.00,-8.00,5.00,2.00,37.00,6.00,13884186,217
627.04,1565067576,12763.38,51.48386411,7.40028234,191.27,16.15,0.60,35.29,1,-95.00,-8.00,5.00,2.00,37.00,6.00,13884186,217
628.05,1565067577,12779.65,51.48397632,7.40041428,191.62,16.11,-0.05,36.02,1,-96.00,-7.00,4.00,2.00,37.00,6.00,13884186,217
629.04,1565067578,12795.66,51.48409589,7.40054942,191.91,16.01,-0.10,36.86,1,-96.00,-7.00,4.00,2.00,37.00,6.00,13884186,217
630.04,1565067579,12811.68,51.48421534,7.40068880,191.93,16.26,0.25,36.93,1,-96.00,-7.00,4.00,2.00,37.00,6.00,13884186,217
631.04,1565067580,12827.94,51.48433737,7.40084361,191.53,16.24,-0.02,38.19,1,-96.00,-8.00,8.00,2.00,36.00,6.00,13884186,217
632.04,1565067581,12844.16,51.48444468,7.40099812,191.33,15.76,-0.48,40.26,1,-96.00,-8.00,8.00,2.00,36.00,6.00,13884186,217
633.04,1565067582,12859.93,51.48455841,7.40116264,191.08,16.53,0.77,41.32,1,-96.00,-7.00,7.00,8.00,36.00,6.00,13884186,217
634.04,1565067583,12876.45,51.48467287,7.40132589,190.79,16.72,0.19,42.00,1,-96.00,-7.00,7.00,8.00,36.00,6.00,13884186,217
635.04,1565067584,12893.17,51.48478271,7.40149073,190.48,16.91,0.19,42.77,1,-99.00,-9.00,5.00,7.00,34.00,6.00,13884186,217
636.04,1565067585,12910.08,51.48488885,7.40166246,190.07,17.33,0.42,43.55,1,-99.00,-9.00,5.00,7.00,34.00,6.00,13884186,217
637.04,1565067586,12927.40,51.48499436,7.40183486,189.68,17.63,0.30,44.34,1,-98.00,-11.00,1.00,9.00,38.00,6.00,13884186,217
638.04,1565067587,12945.05,51.48510935,7.40201851,189.20,17.63,-0.00,45.18,1,-98.00,-11.00,1.00,9.00,38.00,6.00,13884186,217
639.04,1565067588,12962.66,51.48521647,7.40219885,188.72,17.74,0.11,46.03,1,-94.00,-7.00,5.00,15.00,39.00,6.00,13884186,217
640.04,1565067589,12980.41,51.48532404,7.40238378,188.34,17.64,-0.10,46.72,1,-94.00,-7.00,5.00,15.00,39.00,6.00,13884186,217
641.04,1565067590,12998.04,51.48543129,7.40258852,187.91,17.89,0.25,47.87,1,-93.00,-6.00,4.00,10.00,39.00,6.00,13884186,217
642.05,1565067591,13015.97,51.48553609,7.40278965,187.47,17.97,0.08,48.85,1,-93.00,-6.00,4.00,10.00,39.00,6.00,13884186,217
643.04,1565067592,13033.90,51.48565115,7.40301535,186.81,17.97,0.01,49.69,1,-93.00,-6.00,8.00,10.00,40.00,6.00,13884186,217
644.04,1565067593,13051.85,51.48576028,7.40323519,186.08,17.95,-0.03,50.77,1,-93.00,-6.00,8.00,10.00,40.00,6.00,13884186,217
645.04,1565067594,13069.82,51.48586361,7.40344795,185.40,18.16,0.21,51.59,1,-88.00,-6.00,14.00,12.00,43.00,6.00,13884186,217
646.04,1565067595,13087.97,51.48595732,7.40366108,184.53,18.02,-0.14,52.77,1,-88.00,-6.00,14.00,12.00,43.00,6.00,13884186,217
647.04,1565067596,13105.99,51.48604863,7.40387395,183.45,17.02,-0.99,53.93,1,-88.00,-6.00,9.00,2.00,44.00,6.00,13884186,217
648.05,1565067597,13123.05,51.48612778,7.40406722,182.99,17.12,0.10,54.74,1,-88.00,-6.00,9.00,2.00,44.00,6.00,13884186,217
649.05,1565067598,13140.23,51.48621705,7.40427318,182.81,17.31,0.18,54.66,1,-93.00,-11.00,5.00,6.00,44.00,13.00,13821978,171
650.04,1565067599,13157.45,51.48630109,7.40447475,183.01,16.86,-0.45,55.76,1,-93.00,-11.00,5.00,6.00,44.00,13.00,13821978,171
651.04,1565067600,13174.30,51.48638394,7.40468399,182.74,16.52,-0.33,57.01,1,-93.00,-11.00,5.00,6.00,44.00,13.00,13821978,171
652.04,1565067601,13190.81,51.48646850,7.40490474,182.59,16.46,-0.06,58.08,1,-90.00,-7.00,5.00,11.00,43.00,13.00,13821978,171
653.04,1565067602,13207.27,51.48655265,7.40513055,182.26,16.85,0.39,58.88,1,-90.00,-7.00,5.00,11.00,43.00,13.00,13821978,171
654.05,1565067603,13224.19,51.48662089,7.40533764,182.09,17.61,0.76,59.68,1,-90.00,-8.00,10.00,7.00,43.00,13.00,13821978,171
655.04,1565067604,13241.75,51.48669231,7.40555714,182.03,18.15,0.54,60.42,1,-90.00,-8.00,10.00,7.00,43.00,13.00,13821978,171
656.05,1565067605,13259.93,51.48675863,7.40578787,182.32,18.06,-0.09,61.96,1,-79.00,-5.00,13.00,15.00,53.00,13.00,13821978,171
657.04,1565067606,13277.95,51.48682515,7.40603249,182.49,18.30,0.24,63.39,1,-79.00,-5.00,13.00,15.00,53.00,13.00,13821978,171
658.04,1565067607,13296.25,51.48688546,7.40627538,182.49,18.49,0.20,64.59,1,-84.00,-9.00,11.00,10.00,52.00,4.00,13828122,171
659.04,1565067608,13314.72,51.48694109,7.40651580,182.71,18.47,-0.03,66.09,1,-84.00,-9.00,11.00,10.00,52.00,4.00,13828122,171
660.04,1565067609,13333.19,51.48700451,7.40677639,182.42,18.07,-0.40,67.45,1,-79.00,-5.00,22.00,12.00,51.00,4.00,13828122,452
661.04,1565067610,13351.26,51.48706762,7.40704624,181.94,17.84,-0.23,68.92,1,-79.00,-5.00,22.00,12.00,51.00,4.00,13828122,452
662.04,1565067611,13369.13,51.48711939,7.40728999,181.09,18.01,0.17,70.09,1,-74.00,-5.00,22.00,15.00,55.00,4.00,13828122,452
663.04,1565067612,13387.13,51.48717737,7.40755554,180.61,18.04,0.02,70.70,1,-74.00,-5.00,22.00,15.00,55.00,4.00,13828122,452
664.04,1565067613,13405.14,51.48721817,7.40779154,180.43,17.70,-0.33,71.82,1,-76.00,-6.00,16.00,8.00,54.00,4.00,13828122,452
665.04,1565067614,13422.85,51.48725822,7.40802377,179.92,17.10,-0.60,73.31,1,-76.00,-6.00,16.00,8.00,54.00,4.00,13828122,452
666.04,1565067615,13439.95,51.48729682,7.40827181,179.60,17.32,0.22,74.41,1,-73.00,-5.00,21.00,14.00,57.00,4.00,13828122,452
667.04,1565067616,13457.28,51.48733061,7.40851493,178.83,17.27,-0.05,75.41,1,-73.00,-5.00,21.00,14.00,57.00,4.00,13828122,452
668.04,1565067617,13474.55,51.48736342,7.40876517,178.39,16.99,-0.29,76.86,1,-73.00,-5.00,24.00,2.00,62.00,4.00,13828122,452
669.04,1565067618,13491.54,51.48739476,7.40900970,177.93,16.92,-0.06,77.80,1,-73.00,-5.00,24.00,2.00,62.00,4.00,13828122,452
670.05,1565067619,13508.58,51.48742172,7.40925662,177.51,17.09,0.17,78.69,1,-71.00,-6.00,22.00,2.00,61.00,4.00,13828122,452
671.04,1565067620,13525.53,51.48744691,7.40948971,177.12,16.91,-0.18,79.00,1,-71.00,-6.00,22.00,2.00,61.00,4.00,13828122,452
672.05,1565067621,13542.51,51.48747386,7.40972626,176.49,16.19,-0.72,79.32,1,-71.00,-6.00,22.00,2.00,61.00,4.00,13828122,452
673.04,1565067622,13558.66,51.48749684,7.40995874,175.88,16.46,0.27,79.75,1,-82.00,-6.00,17.00,10.00,49.00,4.00,13828122,452
674.04,1565067623,13575.10,51.48752096,7.41018162,175.19,15.08,-1.38,80.31,1,-82.00,-6.00,17.00,10.00,49.00,4.00,13828122,452
675.04,1565067624,13590.18,51.48754377,7.41039199,174.64,12.91,-2.17,80.70,1,-85.00,-5.00,24.00,13.00,46.00,4.00,13828122,452
676.04,1565067625,13603.10,51.48755850,7.41058080,174.25,11.70,-1.20,82.47,1,-85.00,-5.00,24.00,13.00,46.00,4.00,13828122,452
677.05,1565067626,13614.83,51.48756664,7.41072443,173.76,9.85,-1.85,82.93,1,-89.00,-7.00,7.00,10.00,44.00,4.00,13828122,452
678.05,1565067627,13624.68,51.48756845,7.41084353,173.39,7.32,-2.52,82.37,1,-89.00,-7.00,7.00,10.00,44.00,4.00,13828122,452
679.04,1565067628,13631.98,51.48759721,7.41091173,173.33,6.68,-0.64,51.72,1,-90.00,-8.00,19.00,12.00,43.00,4.00,13828122,452
680.04,1565067629,13638.66,51.48765489,7.41097039,172.99,7.47,0.79,23.14,1,-90.00,-8.00,19.00,12.00,43.00,4.00,13828122,452
681.04,1565067630,13646.12,51.48768544,7.41098698,172.57,6.94,-0.53,9.92,1,-87.00,-6.00,1.00,6.00,43.00,7.00,13821978,171
682.04,1565067631,13653.06,51.48771785,7.41099699,172.08,6.86,-0.08,6.82,1,-87.00,-6.00,1.00,6.00,43.00,7.00,13821978,171
683.04,1565067632,13659.91,51.48776194,7.41098880,171.53,7.67,0.81,354.14,1,-87.00,-5.00,26.00,5.00,44.00,7.00,13821978,171
684.04,1565067633,13667.59,51.48782410,7.41097824,171.12,8.38,0.71,353.33,1,-87.00,-5.00,26.00,5.00,44.00,7.00,13821978,171
685.04,1565067634,13675.96,51.48790203,7.41096366,170.99,9.73,1.35,352.69,1,-84.00,-5.00,27.00,10.00,47.00,7.00,13821978,171
686.04,1565067635,13685.70,51.48799133,7.41094633,170.82,10.20,0.47,351.93,1,-84.00,-5.00,27.00,10.00,47.00,7.00,13821978,171
687.04,1565067636,13695.90,51.48808634,7.41092249,170.83,10.40,0.20,351.59,1,-86.00,-5.00,26.00,7.00,45.00,7.00,13821978,171
688.04,1565067637,13706.30,51.48819195,7.41089640,170.82,11.05,0.65,350.98,1,-86.00,-5.00,26.00,7.00,45.00,7.00,13821978,171
689.04,1565067638,13717.34,51.48829834,7.41086601,170.97,11.20,0.14,350.46,1,-85.00,-6.00,32.00,11.00,47.00,7.00,13821978,171
690.04,1565067639,13728.54,51.48841813,7.41083292,171.15,12.71,1.52,351.36,1,-85.00,-6.00,32.00,11.00,47.00,7.00,13821978,171
691.05,1565067640,13741.35,51.48853022,7.41080391,171.25,12.23,-0.48,350.77,1,-71.00,-6.00,18.00,2.00,61.00,7.00,13821978,171
692.04,1565067641,13753.49,51.48864715,7.41077387,171.21,12.05,-0.17,349.92,1,-71.00,-6.00,18.00,2.00,61.00,7.00,13821978,171
693.04,1565067642,13765.54,51.48876453,7.41073585,171.27,12.37,0.32,349.23,1,-71.00,-6.00,18.00,2.00,61.00,7.00,13821978,171
694.05,1565067643,13777.95,51.48888618,7.41069042,171.38,12.32,-0.06,348.83,1,-75.00,-6.00,18.00,2.00,54.00,7.00,13821978,171
695.04,1565067644,13790.23,51.48897776,7.41064956,171.60,10.74,-1.58,347.25,1,-75.00,-6.00,18.00,2.00,54.00,7.00,13821978,171
696.04,1565067645,13800.97,51.48908348,7.41060994,171.89,12.63,1.89,347.48,1,-76.00,-6.00,11.00,2.00,53.00,7.00,13821978,171
697.04,1565067646,13813.60,51.48919157,7.41056700,172.32,12.53,-0.10,346.76,1,-76.00,-6.00,11.00,2.00,53.00,7.00,13821978,171
698.04,1565067647,13826.13,51.48930610,7.41051627,172.89,12.50,-0.02,347.13,1,-73.00,-6.00,26.00,2.00,57.00,7.00,13821978,171
699.04,1565067648,13838.63,51.48941893,7.41047007,172.98,12.59,0.09,347.96,1,-73.00,-6.00,26.00,2.00,57.00,7.00,13821978,171
700.04,1565067649,13851.22,51.48952495,7.41042773,172.97,12.84,0.25,348.04,1,-70.00,-6.00,24.00,2.00,59.00,7.00,13821978,171
701.04,1565067650,13864.06,51.48962497,7.41038553,172.89,12.16,-0.68,347.14,1,-70.00,-6.00,24.00,2.00,59.00,7.00,13821978,171
702.04,1565067651,13876.21,51.48972521,7.41034806,172.88,10.90,-1.26,347.47,1,-71.00,-6.00,19.00,2.00,55.00,7.00,13821978,171
703.04,1565067652,13887.11,51.48980772,7.41031918,172.70,9.35,-1.54,346.59,1,-71.00,-6.00,19.00,2.00,55.00,7.00,13821978,171
704.04,1565067653,13896.47,51.48988660,7.41028407,172.66,7.49,-1.86,346.09,1,-74.00,-6.00,16.00,2.00,53.00,7.00,13821978,171
705.04,1565067654,13903.96,51.48993712,7.41027829,172.59,5.02,-2.47,1.62,1,-74.00,-6.00,16.00,2.00,53.00,7.00,13821978,171
706.04,1565067655,13908.98,51.48997029,7.41031457,172.50,5.06,0.05,34.67,1,-77.00,-6.00,13.00,2.00,52.00,7.00,13821978,171
707.04,1565067656,13914.04,51.49000078,7.41036353,172.41,4.99,-0.07,58.13,1,-77.00,-6.00,13.00,2.00,52.00,7.00,13821978,171
708.04,1565067657,13919.03,51.49002306,7.41043509,172.37,3.79,-1.21,95.64,1,-78.00,-6.00,18.00,2.00,53.00,7.00,13821978,171
709.04,1565067658,13922.82,51.49004295,7.41049120,172.34,4.10,0.32,76.67,1,-78.00,-6.00,18.00,2.00,53.00,7.00,13821978,171
710.04,1565067659,13926.93,51.49005961,7.41057973,172.11,5.51,1.41,80.24,1,-79.00,-6.00,17.00,2.00,53.00,7.00,13821978,171
711.04,1565067660,13932.44,51.49007745,7.41069529,171.52,7.42,1.91,79.49,1,-79.00,-6.00,17.00,2.00,53.00,7.00,13821978,171
712.05,1565067661,13939.89,51.49009865,7.41081989,171.09,9.13,1.70,78.38,1,-79.00,-7.00,20.00,15.00,53.00,4.00,13821978,171
713.04,1565067662,13948.97,51.49012144,7.41094522,170.70,10.18,1.06,78.04,1,-79.00,-7.00,20.00,15.00,53.00,4.00,13821978,171
714.04,1565067663,13959.16,51.49014403,7.41109159,170.27,11.09,0.91,78.65,1,-79.00,-7.00,20.00,15.00,53.00,4.00,13821978,171
715.05,1565067664,13970.28,51.49017273,7.41125615,170.08,11.56,0.47,79.20,1,-81.00,-7.00,29.00,11.00,48.00,4.00,13821978,171
716.05,1565067665,13981.83,51.49019564,7.41142875,169.75,11.67,0.11,78.62,1,-81.00,-7.00,29.00,11.00,48.00,4.00,13821978,171
717.05,1565067666,13993.50,51.49021610,7.41158343,169.23,11.79,0.12,78.36,1,-80.00,-7.00,17.00,14.00,49.00,4.00,13821978,171
718.04,1565067667,14005.25,51.49023599,7.41173691,168.64,11.14,-0.65,79.14,1,-80.00,-7.00,17.00,14.00,49.00,4.00,13821978,171
719.04,1565067668,14016.40,51.49025502,7.41190829,168.52,9.30,-1.84,77.06,1,-82.00,-6.00,19.00,15.00,49.00,4.00,13821978,171
720.04,1565067669,14025.70,51.49026860,7.41201755,168.27,7.28,-2.02,77.47,1,-82.00,-6.00,19.00,15.00,49.00,4.00,13821978,171
721.04,1565067670,14032.98,51.49027537,7.41208284,167.87,4.97,-2.31,80.75,1,-82.00,-6.00,18.00,15.00,49.00,4.00,13821978,171
722.05,1565067671,14037.96,51.49027935,7.41214471,167.79,3.07,-1.90,80.93,1,-82.00,-6.00,18.00,15.00,49.00,4.00,13821978,171
723.04,1565067672,14041.02,51.49024941,7.41218665,167.70,3.35,0.28,142.19,1,-83.00,-7.00,18.00,9.00,49.00,4.00,13821978,171
724.04,1565067673,14044.38,51.49024424,7.41222049,167.59,2.75,-0.60,106.64,1,-83.00,-7.00,18.00,9.00,49.00,4.00,13821978,171
725.04,1565067674,14047.12,51.49023322,7.41226528,167.53,3.48,0.73,104.31,1,-80.00,-6.00,19.00,2.00,54.00,4.00,13821978,171
726.04,1565067675,14050.60,51.49023500,7.41230837,167.48,3.53,0.06,78.71,1,-80.00,-6.00,19.00,2.00,54.00,4.00,13821978,171
727.05,1565067676,14054.16,51.49023310,7.41234996,167.41,3.13,-0.40,80.13,1,-81.00,-6.00,19.00,2.00,50.00,4.00,13821978,171
728.04,1565067677,14057.28,51.49023461,7.41240045,167.33,2.85,-0.29,76.79,1,-81.00,-6.00,19.00,2.00,50.00,4.00,13821978,171
