0.00,1565671325,0.00,nan,nan,0.00,0.00,0.00,0.00,1,-100.00,-11.00,0.00,2.00,42.00,6.00,28371201,66
1.07,1565671326,0.00,nan,nan,0.00,0.00,0.00,0.00,1,-100.00,-11.00,0.00,2.00,42.00,6.00,28371201,66
1.97,1565671327,0.00,nan,nan,0.00,0.00,0.00,0.00,1,-102.00,-10.00,4.00,9.00,39.00,7.00,28371201,66
2.97,1565671328,0.00,nan,nan,0.00,0.00,0.00,0.00,1,-102.00,-10.00,4.00,9.00,39.00,7.00,28371201,66
3.98,1565671329,0.00,nan,nan,0.00,0.00,0.00,0.00,1,-101.00,-11.00,2.00,9.00,42.00,7.00,28371201,66
4.98,1565671330,0.00,nan,nan,0.00,0.00,0.00,0.00,1,-101.00,-11.00,2.00,9.00,42.00,7.00,28371201,66
5.98,1565671331,0.00,nan,nan,0.00,0.00,0.00,0.00,1,-103.00,-11.00,1.00,8.00,40.00,7.00,28371201,66
6.97,1565671332,0.00,nan,nan,0.00,0.00,0.00,0.00,1,-103.00,-11.00,1.00,8.00,40.00,7.00,28371201,66
7.97,1565671333,0.00,nan,nan,0.00,0.00,0.00,0.00,1,-103.00,-11.00,1.00,8.00,40.00,7.00,28371201,66
8.97,1565671334,0.00,nan,nan,0.00,0.00,0.00,0.00,1,-96.00,-7.00,16.00,14.00,43.00,10.00,27771909,125
9.97,1565671335,0.00,nan,nan,0.00,0.00,0.00,0.00,1,-96.00,-7.00,16.00,14.00,43.00,10.00,27771909,125
10.97,1565671336,0.00,nan,nan,0.00,0.00,0.00,0.00,1,-94.00,-8.00,16.00,13.00,45.00,10.00,27771909,125
11.97,1565671337,0.00,nan,nan,0.00,0.00,0.00,0.00,1,-94.00,-8.00,16.00,13.00,45.00,10.00,27771909,125
12.97,1565671338,0.00,nan,nan,0.00,0.00,0.00,0.00,1,-94.00,-6.00,12.00,12.00,44.00,10.00,27771909,125
13.97,1565671339,0.00,nan,nan,0.00,0.00,0.00,0.00,1,-94.00,-6.00,12.00,12.00,44.00,10.00,27771909,125
14.97,1565671340,0.00,nan,nan,0.00,0.00,0.00,0.00,1,-95.00,-6.00,11.00,14.00,42.00,10.00,27771909,125
15.97,1565671341,0.00,nan,nan,0.00,0.00,0.00,0.00,1,-95.00,-6.00,11.00,14.00,42.00,10.00,27771909,125
16.97,1565671342,0.00,nan,nan,0.00,0.00,0.00,0.00,1,-96.00,-6.00,13.00,11.00,41.00,10.00,27771909,125
17.97,1565671343,0.00,nan,nan,0.00,0.00,0.00,0.00,1,-96.00,-6.00,13.00,11.00,41.00,10.00,27771909,125
18.97,1565671344,0.00,nan,nan,0.00,0.00,0.00,0.00,1,-95.00,-6.00,13.00,12.00,43.00,10.00,27771909,125
19.97,1565671345,0.00,nan,nan,0.00,0.00,0.00,0.00,1,-95.00,-6.00,13.00,12.00,43.00,10.00,27771909,125
20.97,1565671346,0.00,nan,nan,0.00,0.00,0.00,0.00,1,-97.00,-6.00,14.00,12.00,40.00,10.00,27771909,125
21.97,1565671347,0.00,nan,nan,0.00,0.00,0.00,0.00,1,-97.00,-6.00,14.00,12.00,40.00,10.00,27771909,125
22.97,1565671348,0.00,nan,nan,0.00,0.00,0.00,0.00,1,-96.00,-6.00,20.00,2.00,42.00,10.00,27771909,125
23.97,1565671349,0.00,nan,nan,0.00,0.00,0.00,0.00,1,-96.00,-6.00,20.00,2.00,42.00,10.00,27771909,125
24.97,1565671350,0.00,nan,nan,0.00,0.00,0.00,0.00,1,-96.00,-7.00,14.00,2.00,42.00,10.00,27771909,125
25.97,1565671351,0.00,nan,nan,0.00,0.00,0.00,0.00,1,-96.00,-7.00,14.00,2.00,42.00,10.00,27771909,125
26.98,1565671352,0.00,nan,nan,0.00,0.00,0.00,0.00,1,-97.00,-8.00,15.00,2.00,41.00,10.00,27771909,125
27.97,1565671353,0.00,nan,nan,0.00,0.00,0.00,0.00,1,-97.00,-8.00,15.00,2.00,41.00,10.00,27771909,125
28.97,1565671354,0.00,nan,nan,0.00,0.00,0.00,0.00,1,-97.00,-8.00,15.00,2.00,41.00,10.00,27771909,125
29.97,1565671355,0.00,nan,nan,0.00,0.00,0.00,0.00,1,-97.00,-8.00,9.00,2.00,43.00,10.00,27771909,125
30.97,1565671356,0.00,nan,nan,0.00,0.00,0.00,0.00,1,-97.00,-8.00,9.00,2.00,43.00,10.00,27771909,125
31.97,1565671357,0.00,nan,nan,0.00,0.00,0.00,0.00,1,-95.00,-7.00,13.00,2.00,43.00,10.00,27771909,125
32.97,1565671358,0.00,nan,nan,0.00,0.00,0.00,0.00,1,-95.00,-7.00,13.00,2.00,43.00,10.00,27771909,125
33.97,1565671359,0.00,nan,nan,0.00,0.00,0.00,0.00,1,-95.00,-7.00,11.00,2.00,43.00,10.00,27771909,125
34.97,1565671360,0.00,nan,nan,0.00,0.00,0.00,0.00,1,-95.00,-7.00,11.00,2.00,43.00,10.00,27771909,125
35.97,1565671361,0.00,nan,nan,0.00,0.00,0.00,0.00,1,-98.00,-8.00,5.00,2.00,41.00,10.00,27771909,125
36.97,1565671362,0.00,nan,nan,0.00,0.00,0.00,0.00,1,-98.00,-8.00,5.00,2.00,41.00,10.00,27771909,125
37.97,1565671363,0.00,nan,nan,0.00,0.00,0.00,0.00,1,-100.00,-9.00,7.00,2.00,39.00,10.00,27771909,125
38.97,1565671364,0.00,nan,nan,0.00,0.00,0.00,0.00,1,-100.00,-9.00,7.00,2.00,39.00,10.00,27771909,125
39.97,1565671365,0.00,nan,nan,0.00,0.00,0.00,0.00,1,-101.00,-9.00,6.00,2.00,39.00,10.00,27771909,125
40.97,1565671366,0.00,nan,nan,0.00,0.00,0.00,0.00,1,-101.00,-9.00,6.00,2.00,39.00,10.00,27771909,125
41.97,1565671367,0.00,nan,nan,0.00,0.00,0.00,0.00,1,-101.00,-8.00,6.00,2.00,38.00,10.00,27771907,124
42.97,1565671368,0.00,nan,nan,0.00,0.00,0.00,0.00,1,-101.00,-8.00,6.00,2.00,38.00,10.00,27771907,124
43.97,1565671369,0.00,nan,nan,0.00,0.00,0.00,0.00,1,-102.00,-8.00,11.00,2.00,37.00,10.00,27771907,124
44.97,1565671370,0.00,nan,nan,0.00,0.00,0.00,0.00,1,-102.00,-8.00,11.00,2.00,37.00,10.00,27771907,124
45.97,1565671371,0.00,nan,nan,0.00,0.00,0.00,0.00,1,-101.00,-7.00,10.00,2.00,37.00,10.00,27771907,124
46.97,1565671372,0.00,nan,nan,0.00,0.00,0.00,0.00,1,-101.00,-7.00,10.00,2.00,37.00,10.00,27771907,124
47.98,1565671373,0.00,nan,nan,0.00,0.00,0.00,0.00,1,-101.00,-7.00,14.00,2.00,37.00,10.00,27771907,124
48.97,1565671374,0.00,nan,nan,0.00,0.00,0.00,0.00,1,-101.00,-7.00,14.00,2.00,37.00,10.00,27771907,124
49.97,1565671375,0.00,nan,nan,0.00,0.00,0.00,0.00,1,-101.00,-7.00,14.00,2.00,37.00,10.00,27771907,124
50.97,1565671376,0.00,nan,nan,0.00,0.00,0.00,0.00,1,-102.00,-7.00,14.00,2.00,36.00,10.00,27771907,124
51.97,1565671377,0.00,nan,nan,0.00,0.00,0.00,0.00,1,-102.00,-7.00,14.00,2.00,36.00,10.00,27771907,124
52.97,1565671378,0.00,nan,nan,0.00,0.00,0.00,0.00,1,-103.00,-7.00,16.00,2.00,35.00,10.00,27771907,124
53.97,1565671379,0.00,nan,nan,0.00,0.00,0.00,0.00,1,-103.00,-7.00,16.00,2.00,35.00,10.00,27771907,124
54.97,1565671380,0.00,nan,nan,0.00,0.00,0.00,0.00,1,-102.00,-6.00,14.00,2.00,35.00,10.00,27771907,124
55.97,1565671381,0.00,nan,nan,0.00,0.00,0.00,0.00,1,-102.00,-6.00,14.00,2.00,35.00,10.00,27771907,124
56.97,1565671382,0.00,nan,nan,0.00,0.00,0.00,0.00,1,-102.00,-6.00,16.00,2.00,35.00,10.00,27771907,124
57.97,1565671383,0.00,nan,nan,0.00,0.00,0.00,0.00,1,-102.00,-6.00,16.00,2.00,35.00,10.00,27771907,124
58.97,1565671384,0.00,nan,nan,0.00,0.00,0.00,0.00,1,-102.00,-6.00,13.00,2.00,35.00,10.00,27771907,124
59.97,1565671385,0.00,nan,nan,0.00,0.00,0.00,0.00,1,-102.00,-6.00,13.00,2.00,35.00,10.00,27771907,124
60.97,1565671386,0.00,nan,nan,0.00,0.00,0.00,0.00,1,-101.00,-6.00,16.00,2.00,35.00,10.00,27771907,124
61.97,1565671387,0.00,nan,nan,0.00,0.00,0.00,0.00,1,-101.00,-6.00,16.00,2.00,35.00,10.00,27771907,124
62.97,1565671388,0.00,nan,nan,0.00,0.00,0.00,0.00,1,-101.00,-6.00,16.00,2.00,36.00,10.00,27771907,124
63.97,1565671389,0.00,nan,nan,0.00,0.00,0.00,0.00,1,-101.00,-6.00,16.00,2.00,36.00,10.00,27771907,124
64.97,1565671390,0.00,nan,nan,0.00,0.00,0.00,0.00,1,-101.00,-6.00,15.00,2.00,36.00,10.00,27771907,124
65.97,1565671391,0.00,nan,nan,0.00,0.00,0.00,0.00,1,-101.00,-6.00,15.00,2.00,36.00,10.00,27771907,124
66.97,1565671392,0.00,nan,nan,0.00,0.00,0.00,0.00,1,-102.00,-6.00,13.00,2.00,35.00,10.00,27771907,124
67.97,1565671393,0.00,nan,nan,0.00,0.00,0.00,0.00,1,-102.00,-6.00,13.00,2.00,35.00,10.00,27771907,124
68.98,1565671394,0.00,nan,nan,0.00,0.00,0.00,0.00,1,-102.00,-6.00,17.00,2.00,35.00,10.00,27771907,124
69.97,1565671395,0.00,nan,nan,0.00,0.00,0.00,0.00,1,-102.00,-6.00,17.00,2.00,35.00,10.00,27771907,124
70.97,1565671396,0.00,nan,nan,0.00,0.00,0.00,0.00,1,-102.00,-6.00,17.00,2.00,35.00,10.00,27771907,124
71.97,1565671397,0.00,nan,nan,0.00,0.00,0.00,0.00,1,-101.00,-6.00,15.00,2.00,35.00,10.00,27771907,124
72.97,1565671398,0.00,nan,nan,0.00,0.00,0.00,0.00,1,-101.00,-6.00,15.00,2.00,35.00,10.00,27771907,124
73.97,1565671399,0.00,nan,nan,0.00,0.00,0.00,0.00,1,-102.00,-6.00,16.00,2.00,35.00,10.00,27771907,124
74.97,1565671400,0.00,nan,nan,0.00,0.00,0.00,0.00,1,-102.00,-6.00,16.00,2.00,35.00,10.00,27771907,124
75.97,1565671401,0.00,nan,nan,0.00,0.00,0.00,0.00,1,-102.00,-6.00,14.00,2.00,35.00,10.00,27771907,124
76.97,1565671402,0.00,nan,nan,0.00,0.00,0.00,0.00,1,-102.00,-6.00,14.00,2.00,35.00,10.00,27771907,124
77.97,1565671403,0.00,nan,nan,0.00,0.00,0.00,0.00,1,-102.00,-6.00,15.00,2.00,35.00,10.00,27771907,124
78.97,1565671404,0.00,nan,nan,0.00,0.00,0.00,0.00,1,-102.00,-6.00,15.00,2.00,35.00,10.00,27771907,124
79.97,1565671405,0.00,nan,nan,0.00,0.00,0.00,0.00,1,-102.00,-6.00,17.00,2.00,34.00,10.00,27771907,124
80.97,1565671406,0.00,nan,nan,0.00,0.00,0.00,0.00,1,-102.00,-6.00,17.00,2.00,34.00,10.00,27771907,124
81.97,1565671407,0.00,nan,nan,0.00,0.00,0.00,0.00,1,-102.00,-6.00,18.00,2.00,34.00,10.00,27771907,124
82.97,1565671408,0.00,nan,nan,0.00,0.00,0.00,0.00,1,-102.00,-6.00,18.00,2.00,34.00,10.00,27771907,124
83.97,1565671409,0.00,nan,nan,0.00,0.00,0.00,0.00,1,-100.00,-6.00,14.00,2.00,36.00,10.00,27771907,124
84.97,1565671410,0.00,nan,nan,0.00,0.00,0.00,0.00,1,-100.00,-6.00,14.00,2.00,36.00,10.00,27771907,124
85.97,1565671411,0.00,nan,nan,0.00,0.00,0.00,0.00,1,-100.00,-6.00,19.00,2.00,37.00,10.00,27771907,124
86.97,1565671412,0.00,nan,nan,0.00,0.00,0.00,0.00,1,-100.00,-6.00,19.00,2.00,37.00,10.00,27771907,124
87.97,1565671413,0.00,nan,nan,0.00,0.00,0.00,0.00,1,-97.00,-6.00,20.00,2.00,41.00,10.00,27771907,124
88.97,1565671414,0.00,nan,nan,0.00,0.00,0.00,0.00,1,-97.00,-6.00,20.00,2.00,41.00,10.00,27771907,124
89.98,1565671415,0.00,nan,nan,0.00,0.00,0.00,0.00,1,-91.00,-5.00,21.00,2.00,46.00,10.00,27771907,124
91.09,1565671416,0.00,nan,nan,0.00,0.00,0.00,0.00,1,-91.00,-5.00,21.00,2.00,46.00,10.00,27771907,124
92.08,1565671417,0.00,nan,nan,0.00,0.00,0.00,0.00,1,-83.00,-6.00,23.00,15.00,55.00,5.00,27771907,124
93.07,1565671418,0.00,nan,nan,0.00,0.00,0.00,0.00,1,-83.00,-6.00,23.00,15.00,55.00,5.00,27771907,124
94.07,1565671419,0.00,nan,nan,0.00,0.00,0.00,0.00,1,-83.00,-6.00,23.00,15.00,55.00,5.00,27771907,124
95.07,1565671420,0.00,nan,nan,0.00,0.00,0.00,0.00,1,-77.00,-5.00,30.00,15.00,61.00,5.00,27771907,124
96.07,1565671421,0.00,nan,nan,0.00,0.00,0.00,0.00,1,-77.00,-5.00,30.00,15.00,61.00,5.00,27771907,124
97.07,1565671422,0.00,nan,nan,0.00,0.00,0.00,0.00,1,-71.00,-5.00,31.00,15.00,63.00,5.00,27771907,124
98.07,1565671423,0.00,nan,nan,0.00,0.00,0.00,0.00,1,-71.00,-5.00,31.00,15.00,63.00,5.00,27771907,124
99.07,1565671424,0.00,nan,nan,0.00,0.00,0.00,0.00,1,-67.00,-5.00,33.00,15.00,63.00,5.00,27771907,124
100.07,1565671425,0.00,nan,nan,0.00,0.00,0.00,0.00,1,-67.00,-5.00,33.00,15.00,63.00,5.00,27771907,124
101.07,1565671426,0.00,nan,nan,0.00,0.00,0.00,0.00,1,-72.00,-4.00,31.00,15.00,63.00,5.00,27771907,124
102.08,1565671427,0.00,nan,nan,0.00,0.00,0.00,0.00,1,-72.00,-4.00,31.00,15.00,63.00,5.00,27771907,124
103.07,1565671428,0.00,nan,nan,0.00,0.00,0.00,0.00,1,-87.00,-5.00,21.00,15.00,50.00,5.00,27771907,124
104.07,1565671429,0.00,nan,nan,0.00,0.00,0.00,0.00,1,-87.00,-5.00,21.00,15.00,50.00,5.00,27771907,124
105.07,1565671430,0.00,nan,nan,0.00,0.00,0.00,0.00,1,-85.00,-5.00,26.00,15.00,51.00,5.00,27771907,124
106.07,1565671431,0.00,nan,nan,0.00,0.00,0.00,0.00,1,-85.00,-5.00,26.00,15.00,51.00,5.00,27771907,124
107.07,1565671432,0.00,nan,nan,0.00,0.00,0.00,0.00,1,-78.00,-5.00,17.00,15.00,58.00,5.00,27771907,124
108.07,1565671433,0.00,nan,nan,0.00,0.00,0.00,0.00,1,-78.00,-5.00,17.00,15.00,58.00,5.00,27771907,124
109.07,1565671434,0.00,nan,nan,0.00,0.00,0.00,0.00,1,-72.00,-5.00,31.00,15.00,63.00,5.00,27771907,124
110.07,1565671435,0.00,nan,nan,0.00,0.00,0.00,0.00,1,-72.00,-5.00,31.00,15.00,63.00,5.00,27771907,124
111.07,1565671436,0.00,nan,nan,0.00,0.00,0.00,0.00,1,-77.00,-5.00,31.00,15.00,59.00,5.00,27771907,124
112.07,1565671437,0.00,nan,nan,0.00,0.00,0.00,0.00,1,-77.00,-5.00,31.00,15.00,59.00,5.00,27771907,124
113.08,1565671438,0.00,nan,nan,0.00,0.00,0.00,0.00,1,-75.00,-6.00,32.00,15.00,63.00,5.00,27771907,124
114.07,1565671439,0.00,nan,nan,0.00,0.00,0.00,0.00,1,-75.00,-6.00,32.00,15.00,63.00,5.00,27771907,124
115.07,1565671440,0.00,nan,nan,0.00,0.00,0.00,0.00,1,-75.00,-6.00,32.00,15.00,63.00,5.00,27771907,124
116.07,1565671441,0.00,nan,nan,0.00,0.00,0.00,0.00,1,-76.00,-5.00,28.00,15.00,62.00,5.00,27771907,124
117.07,1565671442,0.00,nan,nan,0.00,0.00,0.00,0.00,1,-76.00,-5.00,28.00,15.00,62.00,5.00,27771907,124
118.07,1565671443,0.00,nan,nan,0.00,0.00,0.00,0.00,1,-80.00,-5.00,27.00,15.00,57.00,5.00,27771907,124
119.07,1565671444,0.00,nan,nan,0.00,0.00,0.00,0.00,1,-80.00,-5.00,27.00,15.00,57.00,5.00,27771907,124
120.07,1565671445,0.00,nan,nan,0.00,0.00,0.00,0.00,1,-86.00,-6.00,25.00,15.00,51.00,5.00,27771907,124
121.07,1565671446,0.00,nan,nan,0.00,0.00,0.00,0.00,1,-86.00,-6.00,25.00,15.00,51.00,5.00,27771907,124
122.07,1565671447,0.00,nan,nan,0.00,0.00,0.00,0.00,1,-84.00,-6.00,13.00,15.00,53.00,5.00,27771907,124
123.07,1565671448,0.00,nan,nan,0.00,0.00,0.00,0.00,1,-84.00,-6.00,13.00,15.00,53.00,5.00,27771907,124
124.07,1565671449,0.00,nan,nan,0.00,0.00,0.00,0.00,1,-87.00,-9.00,11.00,15.00,53.00,5.00,27771907,124
125.07,1565671450,0.00,nan,nan,0.00,0.00,0.00,0.00,1,-87.00,-9.00,11.00,15.00,53.00,5.00,27771907,124
126.07,1565671451,0.00,nan,nan,0.00,0.00,0.00,0.00,1,-80.00,-5.00,8.00,6.00,53.00,1.00,27771908,123
127.07,1565671452,0.00,nan,nan,0.00,0.00,0.00,0.00,1,-80.00,-5.00,8.00,6.00,53.00,1.00,27771908,123
128.07,1565671453,0.00,nan,nan,0.00,0.00,0.00,0.00,1,-83.00,-6.00,21.00,15.00,54.00,1.00,27771908,123
129.07,1565671454,0.00,nan,nan,0.00,0.00,0.00,0.00,1,-83.00,-6.00,21.00,15.00,54.00,1.00,27771908,123
130.07,1565671455,0.00,nan,nan,0.00,0.00,0.00,0.00,1,-78.00,-6.00,26.00,14.00,60.00,1.00,27771908,123
131.07,1565671456,0.00,nan,nan,0.00,0.00,0.00,0.00,1,-78.00,-6.00,26.00,14.00,60.00,1.00,27771908,123
132.07,1565671457,0.00,nan,nan,0.00,0.00,0.00,0.00,1,-78.00,-6.00,30.00,15.00,59.00,1.00,27771908,123
133.07,1565671458,0.00,nan,nan,0.00,0.00,0.00,0.00,1,-78.00,-6.00,30.00,15.00,59.00,1.00,27771908,123
134.08,1565671459,0.00,nan,nan,0.00,0.00,0.00,0.00,1,-77.00,-6.00,29.00,15.00,62.00,1.00,27771908,123
135.07,1565671460,0.00,nan,nan,0.00,0.00,0.00,0.00,1,-77.00,-6.00,29.00,15.00,62.00,1.00,27771908,123
136.07,1565671461,0.00,nan,nan,0.00,0.00,0.00,0.00,1,-77.00,-6.00,29.00,15.00,62.00,1.00,27771908,123
137.07,1565671462,0.00,nan,nan,0.00,0.00,0.00,0.00,1,-74.00,-9.00,29.00,15.00,63.00,1.00,27771908,123
138.07,1565671463,0.00,nan,nan,0.00,0.00,0.00,0.00,1,-74.00,-9.00,29.00,15.00,63.00,1.00,27771908,123
139.07,1565671464,0.00,nan,nan,0.00,0.00,0.00,0.00,1,-70.00,-6.00,30.00,15.00,63.00,1.00,27771908,123
140.07,1565671465,0.00,nan,nan,0.00,0.00,0.00,0.00,1,-70.00,-6.00,30.00,15.00,63.00,1.00,27771908,123
141.07,1565671466,0.00,nan,nan,0.00,0.00,0.00,0.00,1,-73.00,-5.00,30.00,2.00,63.00,1.00,27771908,123
142.07,1565671467,0.00,nan,nan,0.00,0.00,0.00,0.00,1,-73.00,-5.00,30.00,2.00,63.00,1.00,27771908,123
143.07,1565671468,0.00,nan,nan,0.00,0.00,0.00,0.00,1,-75.00,-5.00,29.00,2.00,62.00,1.00,27771908,123
144.07,1565671469,0.00,nan,nan,0.00,0.00,0.00,0.00,1,-75.00,-5.00,29.00,2.00,62.00,1.00,27771908,123
145.07,1565671470,0.00,nan,nan,0.00,0.00,0.00,0.00,1,-76.00,-5.00,31.00,2.00,60.00,1.00,27771908,123
146.07,1565671471,0.00,nan,nan,0.00,0.00,0.00,0.00,1,-76.00,-5.00,31.00,2.00,60.00,1.00,27771908,123
147.07,1565671472,0.00,nan,nan,0.00,0.00,0.00,0.00,1,-79.00,-6.00,24.00,2.00,57.00,1.00,27771908,123
148.07,1565671473,0.00,nan,nan,0.00,0.00,0.00,0.00,1,-79.00,-6.00,24.00,2.00,57.00,1.00,27771908,123
149.07,1565671474,0.00,nan,nan,0.00,0.00,0.00,0.00,1,-82.00,-5.00,27.00,2.00,54.00,1.00,27771908,123
150.07,1565671475,0.00,nan,nan,0.00,0.00,0.00,0.00,1,-82.00,-5.00,27.00,2.00,54.00,1.00,27771908,123
151.07,1565671476,0.00,nan,nan,0.00,0.00,0.00,0.00,1,-85.00,-6.00,25.00,2.00,51.00,1.00,27771908,123
152.07,1565671477,0.00,nan,nan,0.00,0.00,0.00,0.00,1,-85.00,-6.00,25.00,2.00,51.00,1.00,27771908,123
153.07,1565671478,0.00,nan,nan,0.00,0.00,0.00,0.00,1,-91.00,-6.00,22.00,2.00,46.00,1.00,27771908,123
154.07,1565671479,0.00,nan,nan,0.00,0.00,0.00,0.00,1,-91.00,-6.00,22.00,2.00,46.00,1.00,27771908,123
155.08,1565671480,0.00,nan,nan,0.00,0.00,0.00,0.00,1,-94.00,-6.00,19.00,2.00,40.00,1.00,27771908,123
156.07,1565671481,0.00,nan,nan,0.00,0.00,0.00,0.00,1,-94.00,-6.00,19.00,2.00,40.00,1.00,27771908,123
157.07,1565671482,0.00,nan,nan,0.00,0.00,0.00,0.00,1,-94.00,-6.00,19.00,2.00,40.00,1.00,27771908,123
158.07,1565671483,0.00,nan,nan,0.00,0.00,0.00,0.00,1,-97.00,-8.00,14.00,2.00,38.00,1.00,27771908,123
159.07,1565671484,0.00,nan,nan,0.00,0.00,0.00,0.00,1,-97.00,-8.00,14.00,2.00,38.00,1.00,27771908,123
160.07,1565671485,0.00,nan,nan,0.00,0.00,0.00,0.00,1,-99.00,-9.00,16.00,2.00,39.00,1.00,27771908,123
161.07,1565671486,0.00,nan,nan,0.00,0.00,0.00,0.00,1,-99.00,-9.00,16.00,2.00,39.00,1.00,27771908,123
162.07,1565671487,0.00,nan,nan,0.00,0.00,0.00,0.00,1,-101.00,-9.00,9.00,2.00,37.00,1.00,27771908,123
163.07,1565671488,0.00,nan,nan,0.00,0.00,0.00,0.00,1,-101.00,-9.00,9.00,2.00,37.00,1.00,27771908,123
164.07,1565671489,0.00,nan,nan,0.00,0.00,0.00,0.00,1,-105.00,-7.00,8.00,2.00,32.00,1.00,27771908,123
165.07,1565671490,0.00,nan,nan,0.00,0.00,0.00,0.00,1,-105.00,-7.00,8.00,2.00,32.00,1.00,27771908,123
166.07,1565671491,0.00,nan,nan,0.00,0.00,0.00,0.00,1,-107.00,-7.00,8.00,2.00,29.00,1.00,27771908,123
167.07,1565671492,0.00,nan,nan,0.00,0.00,0.00,0.00,1,-107.00,-7.00,8.00,2.00,29.00,1.00,27771908,123
168.07,1565671493,0.00,nan,nan,0.00,0.00,0.00,0.00,1,-109.00,-8.00,5.00,2.00,30.00,1.00,27771908,123
169.07,1565671494,0.00,nan,nan,0.00,0.00,0.00,0.00,1,-109.00,-8.00,5.00,2.00,30.00,1.00,27771908,123
170.07,1565671495,0.00,nan,nan,0.00,0.00,0.00,0.00,1,-109.00,-9.00,4.00,2.00,31.00,1.00,27771908,123
171.07,1565671496,0.00,nan,nan,0.00,0.00,0.00,0.00,1,-109.00,-9.00,4.00,2.00,31.00,1.00,27771908,123
172.07,1565671497,0.00,nan,nan,0.00,0.00,0.00,0.00,1,-113.00,-9.00,4.00,8.00,27.00,10.00,27771908,123
173.07,1565671498,0.00,nan,nan,0.00,0.00,0.00,0.00,1,-113.00,-9.00,4.00,8.00,27.00,10.00,27771908,123
174.07,1565671499,0.00,nan,nan,0.00,0.00,0.00,0.00,1,-113.00,-10.00,2.00,8.00,29.00,11.00,35484416,123
175.07,1565671500,0.00,nan,nan,0.00,0.00,0.00,0.00,1,-113.00,-10.00,2.00,8.00,29.00,11.00,35484416,123
176.08,1565671501,0.00,nan,nan,0.00,0.00,0.00,0.00,1,-98.00,-10.00,5.00,13.00,40.00,11.00,35484416,88
177.07,1565671502,0.00,nan,nan,0.00,0.00,0.00,0.00,1,-98.00,-10.00,5.00,13.00,40.00,11.00,35484416,88
178.07,1565671503,0.00,nan,nan,0.00,0.00,0.00,0.00,1,-98.00,-10.00,5.00,13.00,40.00,11.00,35484416,88
179.07,1565671504,0.00,nan,nan,0.00,0.00,0.00,0.00,1,-96.00,-9.00,6.00,8.00,43.00,11.00,35484416,88
180.07,1565671505,0.00,nan,nan,0.00,0.00,0.00,0.00,1,-96.00,-9.00,6.00,8.00,43.00,11.00,35484416,88
181.07,1565671506,0.00,nan,nan,0.00,0.00,0.00,0.00,1,-100.00,-10.00,3.00,6.00,38.00,11.00,35484416,88
182.07,1565671507,0.00,nan,nan,0.00,0.00,0.00,0.00,1,-100.00,-10.00,3.00,6.00,38.00,11.00,35484416,88
183.07,1565671508,0.00,nan,nan,0.00,0.00,0.00,0.00,1,-100.00,-9.00,12.00,9.00,39.00,11.00,35484416,88
184.07,1565671509,0.00,nan,nan,0.00,0.00,0.00,0.00,1,-100.00,-9.00,12.00,9.00,39.00,11.00,35484416,88
185.07,1565671510,0.00,nan,nan,0.00,0.00,0.00,0.00,1,-92.00,-6.00,0.00,6.00,44.00,13.00,27771905,488
186.07,1565671511,0.00,nan,nan,0.00,0.00,0.00,0.00,1,-92.00,-6.00,0.00,6.00,44.00,13.00,27771905,488
187.07,1565671512,0.00,nan,nan,0.00,0.00,0.00,0.00,1,-87.00,-6.00,19.00,15.00,47.00,13.00,27771905,488
188.07,1565671513,0.00,nan,nan,0.00,0.00,0.00,0.00,1,-87.00,-6.00,19.00,15.00,47.00,13.00,27771905,488
189.07,1565671514,0.00,nan,nan,0.00,0.00,0.00,0.00,1,-76.00,-5.00,18.00,14.00,59.00,13.00,27771905,488
190.07,1565671515,0.00,nan,nan,0.00,0.00,0.00,0.00,1,-76.00,-5.00,18.00,14.00,59.00,13.00,27771905,488
191.07,1565671516,0.00,nan,nan,0.00,0.00,0.00,0.00,1,-78.00,-6.00,27.00,15.00,57.00,13.00,27771905,488
192.07,1565671517,0.00,nan,nan,0.00,0.00,0.00,0.00,1,-78.00,-6.00,27.00,15.00,57.00,13.00,27771905,488
193.07,1565671518,0.00,nan,nan,0.00,0.00,0.00,0.00,1,-79.00,-6.00,26.00,14.00,56.00,13.00,27771905,488
194.07,1565671519,0.00,nan,nan,0.00,0.00,0.00,0.00,1,-79.00,-6.00,26.00,14.00,56.00,13.00,27771905,488
195.07,1565671520,0.00,nan,nan,0.00,0.00,0.00,0.00,1,-74.00,-4.00,27.00,15.00,62.00,13.00,27771905,488
196.07,1565671521,0.00,nan,nan,0.00,0.00,0.00,0.00,1,-74.00,-4.00,27.00,15.00,62.00,13.00,27771905,488
197.08,1565671522,0.00,nan,nan,0.00,0.00,0.00,0.00,1,-75.00,-5.00,19.00,14.00,61.00,13.00,27771905,488
198.07,1565671523,0.00,nan,nan,0.00,0.00,0.00,0.00,1,-75.00,-5.00,19.00,14.00,61.00,13.00,27771905,488
199.07,1565671524,0.00,nan,nan,0.00,0.00,0.00,0.00,1,-75.00,-5.00,19.00,14.00,61.00,13.00,27771905,488
200.07,1565671525,0.00,nan,nan,0.00,0.00,0.00,0.00,1,-76.00,-5.00,27.00,15.00,59.00,13.00,27771905,488
201.07,1565671526,0.00,nan,nan,0.00,0.00,0.00,0.00,1,-76.00,-5.00,27.00,15.00,59.00,13.00,27771905,488
202.07,1565671527,0.00,nan,nan,0.00,0.00,0.00,0.00,1,-78.00,-5.00,28.00,15.00,57.00,13.00,27771905,488
203.07,1565671528,0.00,nan,nan,0.00,0.00,0.00,0.00,1,-78.00,-5.00,28.00,15.00,57.00,13.00,27771905,488
204.07,1565671529,0.00,nan,nan,0.00,0.00,0.00,0.00,1,-78.00,-5.00,19.00,14.00,57.00,13.00,27771905,488
205.07,1565671530,0.00,nan,nan,0.00,0.00,0.00,0.00,1,-78.00,-5.00,19.00,14.00,57.00,13.00,27771905,488
206.07,1565671531,0.00,nan,nan,0.00,0.00,0.00,0.00,1,-83.00,-5.00,18.00,12.00,51.00,13.00,27771905,488
207.07,1565671532,0.00,nan,nan,0.00,0.00,0.00,0.00,1,-83.00,-5.00,18.00,12.00,51.00,13.00,27771905,488
208.07,1565671533,0.00,nan,nan,0.00,0.00,0.00,0.00,1,-82.00,-6.00,12.00,13.00,52.00,13.00,27771905,488
209.07,1565671534,0.00,nan,nan,0.00,0.00,0.00,0.00,1,-82.00,-6.00,12.00,13.00,52.00,13.00,27771905,488
210.07,1565671535,0.00,nan,nan,0.00,0.00,0.00,0.00,1,-80.00,-6.00,25.00,14.00,55.00,13.00,27771905,488
211.07,1565671536,0.00,nan,nan,0.00,0.00,0.00,0.00,1,-80.00,-6.00,25.00,14.00,55.00,13.00,27771905,488
212.08,1565671537,0.00,nan,nan,0.00,0.00,0.00,0.00,1,-77.00,-6.00,25.00,14.00,58.00,13.00,27771905,488
213.07,1565671538,0.00,nan,nan,0.00,0.00,0.00,0.00,1,-77.00,-6.00,25.00,14.00,58.00,13.00,27771905,488
214.07,1565671539,0.00,nan,nan,0.00,0.00,0.00,0.00,1,-73.00,-6.00,23.00,15.00,62.00,13.00,27771905,488
215.07,1565671540,0.00,nan,nan,0.00,0.00,0.00,0.00,1,-73.00,-6.00,23.00,15.00,62.00,13.00,27771905,488
216.07,1565671541,0.00,nan,nan,0.00,0.00,0.00,0.00,1,-70.00,-5.00,23.00,15.00,63.00,13.00,27771905,488
217.07,1565671542,0.00,nan,nan,0.00,0.00,0.00,0.00,1,-70.00,-5.00,23.00,15.00,63.00,13.00,27771905,488
218.08,1565671543,0.00,nan,nan,0.00,0.00,0.00,0.00,1,-68.00,-5.00,22.00,15.00,63.00,13.00,27771905,488
219.07,1565671544,0.00,nan,nan,0.00,0.00,0.00,0.00,1,-68.00,-5.00,22.00,15.00,63.00,13.00,27771905,488
220.07,1565671545,0.00,nan,nan,0.00,0.00,0.00,0.00,1,-68.00,-5.00,22.00,15.00,63.00,13.00,27771905,488
221.07,1565671546,0.00,nan,nan,0.00,0.00,0.00,0.00,1,-64.00,-5.00,29.00,15.00,63.00,13.00,27771905,488
222.07,1565671547,0.00,nan,nan,0.00,0.00,0.00,0.00,1,-64.00,-5.00,29.00,15.00,63.00,13.00,27771905,488
223.07,1565671548,0.00,nan,nan,0.00,0.00,0.00,0.00,1,-68.00,-5.00,16.00,11.00,63.00,13.00,27771905,488
224.07,1565671549,0.00,nan,nan,0.00,0.00,0.00,0.00,1,-68.00,-5.00,16.00,11.00,63.00,13.00,27771905,488
225.07,1565671550,0.00,nan,nan,0.00,0.00,0.00,0.00,1,-74.00,-9.00,6.00,6.00,63.00,1.00,27771906,486
226.07,1565671551,0.00,nan,nan,0.00,0.00,0.00,0.00,1,-74.00,-9.00,6.00,6.00,63.00,1.00,27771906,486
227.07,1565671552,0.00,nan,nan,0.00,0.00,0.00,0.00,1,-72.00,-9.00,8.00,12.00,63.00,1.00,27771906,486
228.07,1565671553,0.00,nan,nan,0.00,0.00,0.00,0.00,1,-72.00,-9.00,8.00,12.00,63.00,1.00,27771906,486
229.07,1565671554,0.00,nan,nan,0.00,0.00,0.00,0.00,1,-62.00,-6.00,13.00,11.00,63.00,1.00,27771906,486
230.07,1565671555,0.00,nan,nan,0.00,0.00,0.00,0.00,1,-62.00,-6.00,13.00,11.00,63.00,1.00,27771906,486
231.07,1565671556,0.00,nan,nan,0.00,0.00,0.00,0.00,1,-64.00,-5.00,28.00,15.00,63.00,1.00,27771906,486
232.07,1565671557,0.00,nan,nan,0.00,0.00,0.00,0.00,1,-64.00,-5.00,28.00,15.00,63.00,1.00,27771906,486
233.07,1565671558,0.00,nan,nan,0.00,0.00,0.00,0.00,1,-62.00,-5.00,12.00,15.00,63.00,1.00,27771906,486
234.07,1565671559,0.00,nan,nan,0.00,0.00,0.00,0.00,1,-62.00,-5.00,12.00,15.00,63.00,1.00,27771906,486
235.07,1565671560,0.00,nan,nan,0.00,0.00,0.00,0.00,1,-63.00,-5.00,11.00,15.00,63.00,1.00,27771906,486
236.07,1565671561,0.00,nan,nan,0.00,0.00,0.00,0.00,1,-63.00,-5.00,11.00,15.00,63.00,1.00,27771906,486
237.07,1565671562,0.00,nan,nan,0.00,0.00,0.00,0.00,1,-70.00,-6.00,19.00,15.00,63.00,1.00,27771906,486
238.07,1565671563,0.00,nan,nan,0.00,0.00,0.00,0.00,1,-70.00,-6.00,19.00,15.00,63.00,1.00,27771906,486
239.08,1565671564,0.00,nan,nan,0.00,0.00,0.00,0.00,1,-71.00,-6.00,27.00,12.00,63.00,1.00,27771906,486
240.07,1565671565,0.00,nan,nan,0.00,0.00,0.00,0.00,1,-71.00,-6.00,27.00,12.00,63.00,1.00,27771906,486
241.07,1565671566,0.00,nan,nan,0.00,0.00,0.00,0.00,1,-71.00,-6.00,27.00,12.00,63.00,1.00,27771906,486
242.07,1565671567,0.00,nan,nan,0.00,0.00,0.00,0.00,1,-74.00,-9.00,-2.00,15.00,63.00,1.00,27771906,486
243.07,1565671568,0.00,nan,nan,0.00,0.00,0.00,0.00,1,-74.00,-9.00,-2.00,15.00,63.00,1.00,27771906,486
244.07,1565671569,0.00,nan,nan,0.00,0.00,0.00,0.00,1,-69.00,-6.00,6.00,2.00,63.00,1.00,27771906,486
245.07,1565671570,0.00,nan,nan,0.00,0.00,0.00,0.00,1,-69.00,-6.00,6.00,2.00,63.00,1.00,27771906,486
246.07,1565671571,0.00,nan,nan,0.00,0.00,0.00,0.00,1,-90.00,-10.00,16.00,13.00,50.00,4.00,27771909,125
247.07,1565671572,0.00,nan,nan,0.00,0.00,0.00,0.00,1,-90.00,-10.00,16.00,13.00,50.00,4.00,27771909,125
248.07,1565671573,0.00,nan,nan,0.00,0.00,0.00,0.00,1,-84.00,-6.00,21.00,14.00,54.00,4.00,27771909,125
249.07,1565671574,0.00,nan,nan,0.00,0.00,0.00,0.00,1,-84.00,-6.00,21.00,14.00,54.00,4.00,27771909,125
250.07,1565671575,0.00,nan,nan,0.00,0.00,0.00,0.00,1,-84.00,-8.00,25.00,13.00,57.00,4.00,27771909,125
251.07,1565671576,0.00,nan,nan,0.00,0.00,0.00,0.00,1,-84.00,-8.00,25.00,13.00,57.00,4.00,27771909,125
252.07,1565671577,0.00,nan,nan,0.00,0.00,0.00,0.00,1,-90.00,-9.00,16.00,9.00,52.00,4.00,27771909,125
253.07,1565671578,0.00,nan,nan,0.00,0.00,0.00,0.00,1,-90.00,-9.00,16.00,9.00,52.00,4.00,27771909,125
254.07,1565671579,0.00,nan,nan,0.00,0.00,0.00,0.00,1,-89.00,-10.00,22.00,14.00,53.00,4.00,27771909,125
255.07,1565671580,0.00,nan,nan,0.00,0.00,0.00,0.00,1,-89.00,-10.00,22.00,14.00,53.00,4.00,27771909,125
256.07,1565671581,0.00,nan,nan,0.00,0.00,0.00,0.00,1,-90.00,-9.00,23.00,13.00,50.00,4.00,27771909,125
257.07,1565671582,0.00,nan,nan,0.00,0.00,0.00,0.00,1,-90.00,-9.00,23.00,13.00,50.00,4.00,27771909,125
258.07,1565671583,0.00,nan,nan,0.00,0.00,0.00,0.00,1,-89.00,-8.00,22.00,15.00,49.00,4.00,27771909,125
259.07,1565671584,0.00,nan,nan,0.00,0.00,0.00,0.00,1,-89.00,-8.00,22.00,15.00,49.00,4.00,27771909,125
260.08,1565671585,0.00,nan,nan,0.00,0.00,0.00,0.00,1,-97.00,-9.00,25.00,12.00,44.00,4.00,27771909,125
261.07,1565671586,0.00,nan,nan,0.00,0.00,0.00,0.00,1,-97.00,-9.00,25.00,12.00,44.00,4.00,27771909,125
262.07,1565671587,0.00,nan,nan,0.00,0.00,0.00,0.00,1,-97.00,-9.00,25.00,12.00,44.00,4.00,27771909,125
263.07,1565671588,0.00,nan,nan,0.00,0.00,0.00,0.00,1,-81.00,-8.00,25.00,14.00,56.00,4.00,27771909,125
264.07,1565671589,0.00,nan,nan,0.00,0.00,0.00,0.00,1,-81.00,-8.00,25.00,14.00,56.00,4.00,27771909,125
265.07,1565671590,0.00,nan,nan,0.00,0.00,0.00,0.00,1,-84.00,-5.00,26.00,2.00,51.00,4.00,27771909,125
266.07,1565671591,0.00,nan,nan,0.00,0.00,0.00,0.00,1,-84.00,-5.00,26.00,2.00,51.00,4.00,27771909,125
267.07,1565671592,0.00,nan,nan,0.00,0.00,0.00,0.00,1,-87.00,-7.00,25.00,2.00,51.00,4.00,27771909,125
268.07,1565671593,0.00,nan,nan,0.00,0.00,0.00,0.00,1,-87.00,-7.00,25.00,2.00,51.00,4.00,27771909,125
269.07,1565671594,0.00,nan,nan,0.00,0.00,0.00,0.00,1,-89.00,-7.00,21.00,2.00,50.00,4.00,27771909,125
270.07,1565671595,0.00,nan,nan,0.00,0.00,0.00,0.00,1,-89.00,-7.00,21.00,2.00,50.00,4.00,27771909,125
271.07,1565671596,0.00,nan,nan,0.00,0.00,0.00,0.00,1,-92.00,-8.00,18.00,2.00,47.00,4.00,27771909,125
272.07,1565671597,0.00,nan,nan,0.00,0.00,0.00,0.00,1,-92.00,-8.00,18.00,2.00,47.00,4.00,27771909,125
273.07,1565671598,0.00,nan,nan,0.00,0.00,0.00,0.00,1,-92.00,-8.00,20.00,2.00,48.00,4.00,27771909,125
274.07,1565671599,0.00,nan,nan,0.00,0.00,0.00,0.00,1,-92.00,-8.00,20.00,2.00,48.00,4.00,27771909,125
275.07,1565671600,0.00,nan,nan,0.00,0.00,0.00,0.00,1,-92.00,-8.00,17.00,2.00,47.00,4.00,27771909,125
276.07,1565671601,0.00,nan,nan,0.00,0.00,0.00,0.00,1,-92.00,-8.00,17.00,2.00,47.00,4.00,27771909,125
277.07,1565671602,0.00,nan,nan,0.00,0.00,0.00,0.00,1,-91.00,-7.00,14.00,2.00,47.00,4.00,27771909,125
278.07,1565671603,0.00,nan,nan,0.00,0.00,0.00,0.00,1,-91.00,-7.00,14.00,2.00,47.00,4.00,27771909,125
279.07,1565671604,0.00,nan,nan,0.00,0.00,0.00,0.00,1,-91.00,-8.00,15.00,2.00,47.00,4.00,27771909,125
280.07,1565671605,0.00,nan,nan,0.00,0.00,0.00,0.00,1,-91.00,-8.00,15.00,2.00,47.00,4.00,27771909,125
281.08,1565671606,0.00,nan,nan,0.00,0.00,0.00,0.00,1,-93.00,-10.00,15.00,2.00,49.00,4.00,27771909,125
282.07,1565671607,0.00,nan,nan,0.00,0.00,0.00,0.00,1,-93.00,-10.00,15.00,2.00,49.00,4.00,27771909,125
283.07,1565671608,0.00,nan,nan,0.00,0.00,0.00,0.00,1,-93.00,-10.00,15.00,2.00,49.00,4.00,27771909,125
284.07,1565671609,0.00,nan,nan,0.00,0.00,0.00,0.00,1,-90.00,-9.00,14.00,2.00,51.00,4.00,27771909,125
285.07,1565671610,0.00,nan,nan,0.00,0.00,0.00,0.00,1,-90.00,-9.00,14.00,2.00,51.00,4.00,27771909,125
286.07,1565671611,0.00,nan,nan,0.00,0.00,0.00,0.00,1,-89.00,-8.00,13.00,2.00,50.00,4.00,27771909,125
287.07,1565671612,0.00,nan,nan,0.00,0.00,0.00,0.00,1,-89.00,-8.00,13.00,2.00,50.00,4.00,27771909,125
288.07,1565671613,0.00,nan,nan,0.00,0.00,0.00,0.00,1,-96.00,-9.00,4.00,2.00,41.00,4.00,27771909,125
289.07,1565671614,0.00,nan,nan,0.00,0.00,0.00,0.00,1,-96.00,-9.00,4.00,2.00,41.00,4.00,27771909,125
290.07,1565671615,0.00,nan,nan,0.00,0.00,0.00,0.00,1,-107.00,-11.00,-8.00,2.00,35.00,4.00,27771909,125
291.07,1565671616,0.00,nan,nan,0.00,0.00,0.00,0.00,1,-107.00,-11.00,-8.00,2.00,35.00,4.00,27771909,125
292.07,1565671617,0.00,nan,nan,0.00,0.00,0.00,0.00,1,-104.00,-7.00,11.00,2.00,35.00,4.00,30422273,403
293.07,1565671618,0.00,nan,nan,0.00,0.00,0.00,0.00,1,-104.00,-7.00,11.00,2.00,35.00,4.00,30422273,403
294.07,1565671619,0.00,nan,nan,0.00,0.00,0.00,0.00,1,-105.00,-7.00,1.00,2.00,34.00,4.00,30422273,403
295.07,1565671620,0.00,nan,nan,0.00,0.00,0.00,0.00,1,-105.00,-7.00,1.00,2.00,34.00,4.00,30422273,403
296.07,1565671621,0.00,nan,nan,0.00,0.00,0.00,0.00,1,-108.00,-8.00,1.00,2.00,32.00,4.00,30422273,403
297.07,1565671622,0.00,nan,nan,0.00,0.00,0.00,0.00,1,-108.00,-8.00,1.00,2.00,32.00,4.00,30422273,403
298.07,1565671623,0.00,nan,nan,0.00,0.00,0.00,0.00,1,-109.00,-8.00,-2.00,2.00,31.00,4.00,30422273,403
299.07,1565671624,0.00,nan,nan,0.00,0.00,0.00,0.00,1,-109.00,-8.00,-2.00,2.00,31.00,4.00,30422273,403
300.07,1565671625,0.00,nan,nan,0.00,0.00,0.00,0.00,1,-110.00,-9.00,5.00,2.00,30.00,4.00,30422273,403
301.07,1565671626,0.00,nan,nan,0.00,0.00,0.00,0.00,1,-110.00,-9.00,5.00,2.00,30.00,4.00,30422273,403
302.08,1565671627,0.00,nan,nan,0.00,0.00,0.00,0.00,1,-111.00,-9.00,0.00,2.00,29.00,4.00,30422273,403
303.07,1565671628,0.00,nan,nan,0.00,0.00,0.00,0.00,1,-111.00,-9.00,0.00,2.00,29.00,4.00,30422273,403
304.07,1565671629,0.00,nan,nan,0.00,0.00,0.00,0.00,1,-111.00,-9.00,0.00,2.00,29.00,4.00,30422273,403
305.07,1565671630,0.00,nan,nan,0.00,0.00,0.00,0.00,1,-111.00,-9.00,-4.00,2.00,29.00,4.00,30422273,403
306.07,1565671631,0.00,nan,nan,0.00,0.00,0.00,0.00,1,-111.00,-9.00,-4.00,2.00,29.00,4.00,30422273,403
307.07,1565671632,0.00,nan,nan,0.00,0.00,0.00,0.00,1,-116.00,-11.00,-2.00,2.00,27.00,4.00,31281409,195
308.07,1565671633,0.00,nan,nan,0.00,0.00,0.00,0.00,1,-116.00,-11.00,-2.00,2.00,27.00,4.00,31281409,195
309.07,1565671634,0.00,nan,nan,0.00,0.00,0.00,0.00,1,-115.00,-11.00,3.00,2.00,27.00,4.00,31281409,195
310.07,1565671635,0.00,nan,nan,0.00,0.00,0.00,0.00,1,-115.00,-11.00,3.00,2.00,27.00,4.00,31281409,195
311.07,1565671636,0.00,nan,nan,0.00,0.00,0.00,0.00,1,-114.00,-11.00,-6.00,2.00,28.00,4.00,31281409,195
312.07,1565671637,0.00,nan,nan,0.00,0.00,0.00,0.00,1,-114.00,-11.00,-6.00,2.00,28.00,4.00,31281409,195
313.08,1565671638,0.00,nan,nan,0.00,0.00,0.00,0.00,1,-116.00,-12.00,-5.00,2.00,28.00,4.00,31281409,195
314.08,1565671639,0.00,nan,nan,0.00,0.00,0.00,0.00,1,-116.00,-12.00,-5.00,2.00,28.00,4.00,31281409,195
315.07,1565671640,0.00,nan,nan,0.00,0.00,0.00,0.00,1,-114.00,-12.00,3.00,2.00,29.00,4.00,33527552,231
316.07,1565671641,0.00,nan,nan,0.00,0.00,0.00,0.00,1,-114.00,-12.00,3.00,2.00,29.00,4.00,33527552,231
317.07,1565671642,0.00,nan,nan,0.00,0.00,0.00,0.00,1,-111.00,-11.00,5.00,2.00,31.00,4.00,33527552,231
318.07,1565671643,0.00,nan,nan,0.00,0.00,0.00,0.00,1,-111.00,-11.00,5.00,2.00,31.00,4.00,33527552,231
319.07,1565671644,0.00,nan,nan,0.00,0.00,0.00,0.00,1,-109.00,-10.00,7.00,2.00,33.00,4.00,33527552,231
320.07,1565671645,0.00,nan,nan,0.00,0.00,0.00,0.00,1,-109.00,-10.00,7.00,2.00,33.00,4.00,33527552,231
321.07,1565671646,0.00,nan,nan,0.00,0.00,0.00,0.00,1,-108.00,-10.00,2.00,2.00,33.00,4.00,33527552,231
322.07,1565671647,0.00,nan,nan,0.00,0.00,0.00,0.00,1,-108.00,-10.00,2.00,2.00,33.00,4.00,33527552,231
323.08,1565671648,0.00,nan,nan,0.00,0.00,0.00,0.00,1,-106.00,-9.00,7.00,2.00,34.00,4.00,33527552,231
324.07,1565671649,0.00,nan,nan,0.00,0.00,0.00,0.00,1,-106.00,-9.00,7.00,2.00,34.00,4.00,33527552,231
325.07,1565671650,0.00,nan,nan,0.00,0.00,0.00,0.00,1,-106.00,-9.00,7.00,2.00,34.00,4.00,33527552,231
326.07,1565671651,0.00,nan,nan,0.00,0.00,0.00,0.00,1,-103.00,-8.00,12.00,2.00,36.00,4.00,33527552,231
327.07,1565671652,0.00,nan,nan,0.00,0.00,0.00,0.00,1,-103.00,-8.00,12.00,2.00,36.00,4.00,33527552,231
328.07,1565671653,0.00,nan,nan,0.00,0.00,0.00,0.00,1,-100.00,-7.00,16.00,2.00,39.00,4.00,33527552,231
329.07,1565671654,0.00,nan,nan,0.00,0.00,0.00,0.00,1,-100.00,-7.00,16.00,2.00,39.00,4.00,33527552,231
330.07,1565671655,0.00,nan,nan,0.00,0.00,0.00,0.00,1,-95.00,-6.00,16.00,2.00,43.00,4.00,33527552,231
331.07,1565671656,0.00,nan,nan,0.00,0.00,0.00,0.00,1,-95.00,-6.00,16.00,2.00,43.00,4.00,33527552,231
332.08,1565671657,0.00,nan,nan,0.00,0.00,0.00,0.00,1,-86.00,-5.00,24.00,11.00,53.00,14.00,33527552,231
333.07,1565671658,0.00,nan,nan,0.00,0.00,0.00,0.00,1,-86.00,-5.00,24.00,11.00,53.00,14.00,33527552,231
334.07,1565671659,0.00,nan,nan,0.00,0.00,0.00,0.00,1,-85.00,-6.00,24.00,12.00,53.00,14.00,33527552,231
335.07,1565671660,0.00,nan,nan,0.00,0.00,0.00,0.00,1,-85.00,-6.00,24.00,12.00,53.00,14.00,33527552,231
336.07,1565671661,0.00,nan,nan,0.00,0.00,0.00,0.00,1,-83.00,-5.00,31.00,15.00,54.00,14.00,33527552,231
337.07,1565671662,0.00,nan,nan,0.00,0.00,0.00,0.00,1,-83.00,-5.00,31.00,15.00,54.00,14.00,33527552,231
338.07,1565671663,0.00,nan,nan,0.00,0.00,0.00,0.00,1,-81.00,-6.00,28.00,15.00,56.00,14.00,33527552,231
339.07,1565671664,0.00,nan,nan,0.00,0.00,0.00,0.00,1,-81.00,-6.00,28.00,15.00,56.00,14.00,33527552,231
340.07,1565671665,0.00,nan,nan,0.00,0.00,0.00,0.00,1,-83.00,-4.00,30.00,12.00,54.00,14.00,33527552,231
341.07,1565671666,0.00,nan,nan,0.00,0.00,0.00,0.00,1,-83.00,-4.00,30.00,12.00,54.00,14.00,33527552,231
342.07,1565671667,0.00,nan,nan,0.00,0.00,0.00,0.00,1,-79.00,-4.00,24.00,12.00,59.00,14.00,33527552,231
343.07,1565671668,0.00,nan,nan,0.00,0.00,0.00,0.00,1,-79.00,-4.00,24.00,12.00,59.00,14.00,33527552,231
344.08,1565671669,0.00,nan,nan,0.00,0.00,0.00,0.00,1,-76.00,-5.00,29.00,12.00,63.00,14.00,33527552,231
345.07,1565671670,0.00,nan,nan,0.00,0.00,0.00,0.00,1,-76.00,-5.00,29.00,12.00,63.00,14.00,33527552,231
346.07,1565671671,0.00,nan,nan,0.00,0.00,0.00,0.00,1,-76.00,-5.00,29.00,12.00,63.00,14.00,33527552,231
347.07,1565671672,0.00,nan,nan,0.00,0.00,0.00,0.00,1,-72.00,-4.00,19.00,14.00,63.00,14.00,33527552,231
348.07,1565671673,0.00,nan,nan,0.00,0.00,0.00,0.00,1,-72.00,-4.00,19.00,14.00,63.00,14.00,33527552,231
349.07,1565671674,0.00,nan,nan,0.00,0.00,0.00,0.00,1,-67.00,-4.00,32.00,14.00,63.00,14.00,33527552,231
350.07,1565671675,0.00,nan,nan,0.00,0.00,0.00,0.00,1,-67.00,-4.00,32.00,14.00,63.00,14.00,33527552,231
351.07,1565671676,0.00,nan,nan,0.00,0.00,0.00,0.00,1,-67.00,-5.00,32.00,12.00,63.00,14.00,33527552,231
352.07,1565671677,0.00,nan,nan,0.00,0.00,0.00,0.00,1,-67.00,-5.00,32.00,12.00,63.00,14.00,33527552,231
353.08,1565671678,0.00,nan,nan,0.00,0.00,0.00,0.00,1,-70.00,-5.00,23.00,12.00,63.00,14.00,33527552,231
354.07,1565671679,0.00,nan,nan,0.00,0.00,0.00,0.00,1,-70.00,-5.00,23.00,12.00,63.00,14.00,33527552,231
355.07,1565671680,0.00,nan,nan,0.00,0.00,0.00,0.00,1,-68.00,-5.00,34.00,2.00,63.00,14.00,33527552,231
356.07,1565671681,0.00,nan,nan,0.00,0.00,0.00,0.00,1,-68.00,-5.00,34.00,2.00,63.00,14.00,33527552,231
357.07,1565671682,0.00,nan,nan,0.00,0.00,0.00,0.00,1,-69.00,-5.00,32.00,2.00,63.00,14.00,33527552,231
358.07,1565671683,0.00,nan,nan,0.00,0.00,0.00,0.00,1,-69.00,-5.00,32.00,2.00,63.00,14.00,33527552,231
359.07,1565671684,0.00,nan,nan,0.00,0.00,0.00,0.00,1,-71.00,-5.00,25.00,2.00,63.00,14.00,33527552,231
360.07,1565671685,0.00,nan,nan,0.00,0.00,0.00,0.00,1,-71.00,-5.00,25.00,2.00,63.00,14.00,33527552,231
361.07,1565671686,0.00,nan,nan,0.00,0.00,0.00,0.00,1,-74.00,-6.00,27.00,2.00,63.00,14.00,33527552,231
362.07,1565671687,0.00,nan,nan,0.00,0.00,0.00,0.00,1,-74.00,-6.00,27.00,2.00,63.00,14.00,33527552,231
363.07,1565671688,0.00,nan,nan,0.00,0.00,0.00,0.00,1,-76.00,-5.00,18.00,2.00,60.00,14.00,33527552,231
364.07,1565671689,0.00,nan,nan,0.00,0.00,0.00,0.00,1,-76.00,-5.00,18.00,2.00,60.00,14.00,33527552,231
365.08,1565671690,0.00,nan,nan,0.00,0.00,0.00,0.00,1,-77.00,-6.00,1.00,2.00,59.00,14.00,33527552,231
366.07,1565671691,0.00,nan,nan,0.00,0.00,0.00,0.00,1,-77.00,-6.00,1.00,2.00,59.00,14.00,33527552,231
367.07,1565671692,0.00,nan,nan,0.00,0.00,0.00,0.00,1,-77.00,-6.00,1.00,2.00,59.00,14.00,33527552,231
368.07,1565671693,0.00,nan,nan,0.00,0.00,0.00,0.00,1,-79.00,-6.00,22.00,2.00,57.00,14.00,33527554,233
369.07,1565671694,0.00,nan,nan,0.00,0.00,0.00,0.00,1,-79.00,-6.00,22.00,2.00,57.00,14.00,33527554,233
370.07,1565671695,0.00,nan,nan,0.00,0.00,0.00,0.00,1,-83.00,-7.00,26.00,2.00,54.00,14.00,33527554,233
371.07,1565671696,0.00,nan,nan,0.00,0.00,0.00,0.00,1,-83.00,-7.00,26.00,2.00,54.00,14.00,33527554,233
372.07,1565671697,0.00,nan,nan,0.00,0.00,0.00,0.00,1,-85.00,-8.00,19.00,2.00,54.00,14.00,33527554,233
373.07,1565671698,0.00,nan,nan,0.00,0.00,0.00,0.00,1,-85.00,-8.00,19.00,2.00,54.00,14.00,33527554,233
374.07,1565671699,0.00,nan,nan,0.00,0.00,0.00,0.00,1,-87.00,-10.00,17.00,2.00,53.00,14.00,33527554,233
375.07,1565671700,0.00,nan,nan,0.00,0.00,0.00,0.00,1,-87.00,-10.00,17.00,2.00,53.00,14.00,33527554,233
376.07,1565671701,0.00,nan,nan,0.00,0.00,0.00,0.00,1,-87.00,-10.00,19.00,2.00,53.00,14.00,33527554,233
377.07,1565671702,0.00,nan,nan,0.00,0.00,0.00,0.00,1,-87.00,-10.00,19.00,2.00,53.00,14.00,33527554,233
378.07,1565671703,0.00,nan,nan,0.00,0.00,0.00,0.00,1,-88.00,-8.00,19.00,2.00,50.00,14.00,33527554,233
379.07,1565671704,0.00,nan,nan,0.00,0.00,0.00,0.00,1,-88.00,-8.00,19.00,2.00,50.00,14.00,33527554,233
380.07,1565671705,0.00,nan,nan,0.00,0.00,0.00,0.00,1,-88.00,-7.00,25.00,2.00,49.00,14.00,33527554,233
381.07,1565671706,0.00,nan,nan,0.00,0.00,0.00,0.00,1,-88.00,-7.00,25.00,2.00,49.00,14.00,33527554,233
382.07,1565671707,0.00,nan,nan,0.00,0.00,0.00,0.00,1,-86.00,-6.00,25.00,2.00,51.00,14.00,33527554,233
383.07,1565671708,0.00,nan,nan,0.00,0.00,0.00,0.00,1,-86.00,-6.00,25.00,2.00,51.00,14.00,33527554,233
384.07,1565671709,0.00,nan,nan,0.00,0.00,0.00,0.00,1,-80.00,-5.00,15.00,2.00,56.00,14.00,33527554,233
385.07,1565671710,0.00,nan,nan,0.00,0.00,0.00,0.00,1,-80.00,-5.00,15.00,2.00,56.00,14.00,33527554,233
386.08,1565671711,0.00,nan,nan,0.00,0.00,0.00,0.00,1,-82.00,-5.00,26.00,2.00,53.00,14.00,33527554,233
387.07,1565671712,0.00,nan,nan,0.00,0.00,0.00,0.00,1,-82.00,-5.00,26.00,2.00,53.00,14.00,33527554,233
388.07,1565671713,0.00,nan,nan,0.00,0.00,0.00,0.00,1,-82.00,-5.00,26.00,2.00,53.00,14.00,33527554,233
389.07,1565671714,0.00,nan,nan,0.00,0.00,0.00,0.00,1,-87.00,-5.00,24.00,2.00,49.00,14.00,33527554,233
390.07,1565671715,0.00,nan,nan,0.00,0.00,0.00,0.00,1,-87.00,-5.00,24.00,2.00,49.00,14.00,33527554,233
391.07,1565671716,0.00,nan,nan,0.00,0.00,0.00,0.00,1,-90.00,-6.00,16.00,2.00,45.00,14.00,33527554,233
392.07,1565671717,0.00,nan,nan,0.00,0.00,0.00,0.00,1,-90.00,-6.00,16.00,2.00,45.00,14.00,33527554,233
393.07,1565671718,0.00,nan,nan,0.00,0.00,0.00,0.00,1,-93.00,-6.00,16.00,2.00,44.00,14.00,33527554,233
394.07,1565671719,0.00,nan,nan,0.00,0.00,0.00,0.00,1,-93.00,-6.00,16.00,2.00,44.00,14.00,33527554,233
395.07,1565671720,0.00,nan,nan,0.00,0.00,0.00,0.00,1,-94.00,-6.00,17.00,2.00,43.00,14.00,33527554,233
396.07,1565671721,0.00,nan,nan,0.00,0.00,0.00,0.00,1,-94.00,-6.00,17.00,2.00,43.00,14.00,33527554,233
397.07,1565671722,0.00,nan,nan,0.00,0.00,0.00,0.00,1,-94.00,-6.00,11.00,2.00,43.00,14.00,33527554,233
398.07,1565671723,0.00,nan,nan,0.00,0.00,0.00,0.00,1,-94.00,-6.00,11.00,2.00,43.00,14.00,33527554,233
399.07,1565671724,0.00,nan,nan,0.00,0.00,0.00,0.00,1,-99.00,-7.00,-2.00,2.00,39.00,14.00,33527554,233
400.07,1565671725,0.00,nan,nan,0.00,0.00,0.00,0.00,1,-99.00,-7.00,-2.00,2.00,39.00,14.00,33527554,233
401.07,1565671726,0.00,nan,nan,0.00,0.00,0.00,0.00,1,-104.00,-10.00,-9.00,2.00,38.00,14.00,29568770,414
402.07,1565671727,0.00,nan,nan,0.00,0.00,0.00,0.00,1,-104.00,-10.00,-9.00,2.00,38.00,14.00,29568770,414
403.07,1565671728,0.00,nan,nan,0.00,0.00,0.00,0.00,1,-105.00,-10.00,-7.00,2.00,38.00,14.00,28365057,358
404.07,1565671729,0.00,nan,nan,0.00,0.00,0.00,0.00,1,-105.00,-10.00,-7.00,2.00,38.00,14.00,28365057,358
405.07,1565671730,0.00,nan,nan,0.00,0.00,0.00,0.00,1,-105.00,-13.00,4.00,2.00,39.00,14.00,27770883,375
406.07,1565671731,0.00,nan,nan,0.00,0.00,0.00,0.00,1,-105.00,-13.00,4.00,2.00,39.00,14.00,27770883,375
407.07,1565671732,0.00,nan,nan,0.00,0.00,0.00,0.00,1,-99.00,-11.00,8.00,2.00,42.00,14.00,27770883,375
408.07,1565671733,0.00,nan,nan,0.00,0.00,0.00,0.00,1,-99.00,-11.00,8.00,2.00,42.00,14.00,27770883,375
409.08,1565671734,0.00,nan,nan,0.00,0.00,0.00,0.00,1,-99.00,-10.00,4.00,2.00,43.00,14.00,27770883,375
410.07,1565671735,0.00,nan,nan,0.00,0.00,0.00,0.00,1,-99.00,-10.00,4.00,2.00,43.00,14.00,27770883,375
411.07,1565671736,0.00,nan,nan,0.00,0.00,0.00,0.00,1,-99.00,-10.00,4.00,2.00,43.00,14.00,27770883,375
412.07,1565671737,0.00,nan,nan,0.00,0.00,0.00,0.00,1,-102.00,-9.00,1.00,2.00,40.00,14.00,27770883,375
413.07,1565671738,0.00,nan,nan,0.00,0.00,0.00,0.00,1,-102.00,-9.00,1.00,2.00,40.00,14.00,27770883,375
414.07,1565671739,0.00,nan,nan,0.00,0.00,0.00,0.00,1,-98.00,-10.00,-6.00,2.00,44.00,14.00,33837570,348
415.07,1565671740,0.00,nan,nan,0.00,0.00,0.00,0.00,1,-98.00,-10.00,-6.00,2.00,44.00,14.00,33837570,348
416.07,1565671741,0.00,nan,nan,0.00,0.00,0.00,0.00,1,-99.00,-10.00,1.00,2.00,43.00,14.00,27770883,375
417.07,1565671742,0.00,nan,nan,0.00,0.00,0.00,0.00,1,-99.00,-10.00,1.00,2.00,43.00,14.00,27770883,375
418.07,1565671743,0.00,nan,nan,0.00,0.00,0.00,0.00,1,-97.00,-10.00,4.00,2.00,43.00,14.00,27770883,375
419.07,1565671744,0.00,nan,nan,0.00,0.00,0.00,0.00,1,-97.00,-10.00,4.00,2.00,43.00,14.00,27770883,375
420.07,1565671745,0.00,nan,nan,0.00,0.00,0.00,0.00,1,-97.00,-9.00,8.00,2.00,44.00,14.00,27770883,375
421.07,1565671746,0.00,nan,nan,0.00,0.00,0.00,0.00,1,-97.00,-9.00,8.00,2.00,44.00,14.00,27770883,375
422.07,1565671747,0.00,nan,nan,0.00,0.00,0.00,0.00,1,-91.00,-8.00,2.00,2.00,49.00,14.00,33527554,233
423.07,1565671748,0.00,nan,nan,0.00,0.00,0.00,0.00,1,-91.00,-8.00,2.00,2.00,49.00,14.00,33527554,233
424.07,1565671749,0.00,nan,nan,0.00,0.00,0.00,0.00,1,-88.00,-8.00,1.00,11.00,49.00,27.00,33527554,233
425.07,1565671750,0.00,nan,nan,0.00,0.00,0.00,0.00,1,-88.00,-8.00,1.00,11.00,49.00,27.00,33527554,233
426.07,1565671751,0.00,nan,nan,0.00,0.00,0.00,0.00,1,-85.00,-9.00,1.00,9.00,54.00,7.00,33837570,348
427.07,1565671752,0.00,nan,nan,0.00,0.00,0.00,0.00,1,-85.00,-9.00,1.00,9.00,54.00,7.00,33837570,348
428.07,1565671753,0.00,nan,nan,0.00,0.00,0.00,0.00,1,-82.00,-7.00,11.00,12.00,56.00,7.00,33837570,348
429.07,1565671754,0.00,nan,nan,0.00,0.00,0.00,0.00,1,-82.00,-7.00,11.00,12.00,56.00,7.00,33837570,348
430.08,1565671755,0.00,nan,nan,0.00,0.00,0.00,0.00,1,-82.00,-7.00,-1.00,6.00,56.00,8.00,27770883,375
431.07,1565671756,0.00,nan,nan,0.00,0.00,0.00,0.00,1,-82.00,-7.00,-1.00,6.00,56.00,8.00,27770883,375
432.07,1565671757,0.00,nan,nan,0.00,0.00,0.00,0.00,1,-82.00,-7.00,-1.00,6.00,56.00,8.00,27770883,375
433.07,1565671758,0.00,nan,nan,0.00,0.00,0.00,0.00,1,-79.00,-7.00,17.00,13.00,59.00,8.00,27770883,375
434.07,1565671759,0.00,nan,nan,0.00,0.00,0.00,0.00,1,-79.00,-7.00,17.00,13.00,59.00,8.00,27770883,375
435.07,1565671760,0.00,nan,nan,0.00,0.00,0.00,0.00,1,-77.00,-6.00,34.00,14.00,60.00,8.00,27770883,375
436.07,1565671761,0.00,nan,nan,0.00,0.00,0.00,0.00,1,-77.00,-6.00,34.00,14.00,60.00,8.00,27770883,375
437.07,1565671762,0.00,nan,nan,0.00,0.00,0.00,0.00,1,-76.00,-6.00,36.00,12.00,62.00,8.00,27770883,375
438.07,1565671763,0.00,nan,nan,0.00,0.00,0.00,0.00,1,-76.00,-6.00,36.00,12.00,62.00,8.00,27770883,375
439.07,1565671764,0.00,nan,nan,0.00,0.00,0.00,0.00,1,-71.00,-7.00,35.00,14.00,63.00,8.00,27770883,375
440.07,1565671765,0.00,nan,nan,0.00,0.00,0.00,0.00,1,-71.00,-7.00,35.00,14.00,63.00,8.00,27770883,375
441.07,1565671766,0.00,nan,nan,0.00,0.00,0.00,0.00,1,-89.00,-6.00,7.00,8.00,48.00,8.00,27770883,375
442.07,1565671767,0.00,nan,nan,0.00,0.00,0.00,0.00,1,-89.00,-6.00,7.00,8.00,48.00,8.00,27770883,375
443.07,1565671768,0.00,nan,nan,0.00,0.00,0.00,0.00,1,-79.00,-7.00,21.00,13.00,53.00,8.00,27770883,375
444.07,1565671769,0.00,nan,nan,0.00,0.00,0.00,0.00,1,-79.00,-7.00,21.00,13.00,53.00,8.00,27770883,375
445.07,1565671770,0.00,nan,nan,0.00,0.00,0.00,0.00,1,-75.00,-8.00,2.00,2.00,55.00,8.00,27770883,375
446.07,1565671771,0.00,nan,nan,0.00,0.00,0.00,0.00,1,-75.00,-8.00,2.00,2.00,55.00,8.00,27770883,375
447.07,1565671772,0.00,nan,nan,0.00,0.00,0.00,0.00,1,-93.00,-12.00,-3.00,2.00,47.00,8.00,27770883,375
448.07,1565671773,0.00,nan,nan,0.00,0.00,0.00,0.00,1,-93.00,-12.00,-3.00,2.00,47.00,8.00,27770883,375
449.07,1565671774,0.00,nan,nan,0.00,0.00,0.00,0.00,1,-98.00,-8.00,2.00,2.00,41.00,8.00,27770885,376
450.07,1565671775,0.00,nan,nan,0.00,0.00,0.00,0.00,1,-98.00,-8.00,2.00,2.00,41.00,8.00,27770885,376
451.08,1565671776,0.00,nan,nan,0.00,0.00,0.00,0.00,1,-93.00,-7.00,13.00,2.00,45.00,8.00,27770885,376
452.07,1565671777,0.00,nan,nan,0.00,0.00,0.00,0.00,1,-93.00,-7.00,13.00,2.00,45.00,8.00,27770885,376
453.07,1565671778,0.00,nan,nan,0.00,0.00,0.00,0.00,1,-93.00,-7.00,13.00,2.00,45.00,8.00,27770885,376
454.07,1565671779,0.00,nan,nan,0.00,0.00,0.00,0.00,1,-91.00,-7.00,25.00,2.00,47.00,8.00,27770885,376
455.07,1565671780,0.00,nan,nan,0.00,0.00,0.00,0.00,1,-91.00,-7.00,25.00,2.00,47.00,8.00,27770885,376
456.07,1565671781,0.00,nan,nan,0.00,0.00,0.00,0.00,1,-91.00,-7.00,14.00,2.00,47.00,8.00,27770885,376
457.07,1565671782,0.00,nan,nan,0.00,0.00,0.00,0.00,1,-91.00,-7.00,14.00,2.00,47.00,8.00,27770885,376
458.07,1565671783,0.00,nan,nan,0.00,0.00,0.00,0.00,1,-79.00,-6.00,19.00,14.00,57.00,7.00,27770885,376
459.07,1565671784,0.00,nan,nan,0.00,0.00,0.00,0.00,1,-79.00,-6.00,19.00,14.00,57.00,7.00,27770885,376
460.07,1565671785,0.00,nan,nan,0.00,0.00,0.00,0.00,1,-80.00,-6.00,26.00,15.00,57.00,7.00,27770885,376
461.07,1565671786,0.00,nan,nan,0.00,0.00,0.00,0.00,1,-80.00,-6.00,26.00,15.00,57.00,7.00,27770885,376
462.07,1565671787,0.00,nan,nan,0.00,0.00,0.00,0.00,1,-87.00,-6.00,14.00,11.00,47.00,7.00,27770885,376
463.07,1565671788,0.00,nan,nan,0.00,0.00,0.00,0.00,1,-87.00,-6.00,14.00,11.00,47.00,7.00,27770885,376
464.07,1565671789,0.00,nan,nan,0.00,0.00,0.00,0.00,1,-85.00,-6.00,22.00,12.00,53.00,7.00,27770885,376
465.07,1565671790,0.00,nan,nan,0.00,0.00,0.00,0.00,1,-85.00,-6.00,22.00,12.00,53.00,7.00,27770885,376
466.07,1565671791,0.00,nan,nan,0.00,0.00,0.00,0.00,1,-85.00,-7.00,12.00,15.00,53.00,7.00,27770885,376
467.07,1565671792,0.00,nan,nan,0.00,0.00,0.00,0.00,1,-85.00,-7.00,12.00,15.00,53.00,7.00,27770885,376
468.07,1565671793,0.00,nan,nan,0.00,0.00,0.00,0.00,1,-85.00,-6.00,1.00,6.00,53.00,18.00,27771140,49
469.07,1565671794,0.00,nan,nan,0.00,0.00,0.00,0.00,1,-85.00,-6.00,1.00,6.00,53.00,18.00,27771140,49
470.07,1565671795,0.00,nan,nan,0.00,0.00,0.00,0.00,1,-85.00,-7.00,8.00,12.00,53.00,18.00,27771140,49
471.07,1565671796,0.00,nan,nan,0.00,0.00,0.00,0.00,1,-85.00,-7.00,8.00,12.00,53.00,18.00,27771140,49
472.08,1565671797,0.00,nan,nan,0.00,0.00,0.00,0.00,1,-88.00,-7.00,14.00,12.00,51.00,18.00,27771140,49
473.07,1565671798,0.00,nan,nan,0.00,0.00,0.00,0.00,1,-88.00,-7.00,14.00,12.00,51.00,18.00,27771140,49
474.07,1565671799,0.00,nan,nan,0.00,0.00,0.00,0.00,1,-88.00,-7.00,14.00,12.00,51.00,18.00,27771140,49
475.07,1565671800,0.00,nan,nan,0.00,0.00,0.00,0.00,1,-81.00,-6.00,22.00,14.00,57.00,18.00,27771140,49
476.07,1565671801,0.00,nan,nan,0.00,0.00,0.00,0.00,1,-81.00,-6.00,22.00,14.00,57.00,18.00,27771140,49
477.07,1565671802,0.00,nan,nan,0.00,0.00,0.00,0.00,1,-84.00,-6.00,23.00,15.00,54.00,18.00,27771140,49
478.07,1565671803,0.00,nan,nan,0.00,0.00,0.00,0.00,1,-84.00,-6.00,23.00,15.00,54.00,18.00,27771140,49
479.07,1565671804,0.00,nan,nan,0.00,0.00,0.00,0.00,1,-85.00,-6.00,24.00,15.00,53.00,18.00,27771140,49
480.07,1565671805,0.00,nan,nan,0.00,0.00,0.00,0.00,1,-85.00,-6.00,24.00,15.00,53.00,18.00,27771140,49
481.07,1565671806,0.00,nan,nan,0.00,0.00,0.00,0.00,1,-83.00,-6.00,15.00,15.00,55.00,18.00,27771140,49
482.07,1565671807,0.00,nan,nan,0.00,0.00,0.00,0.00,1,-83.00,-6.00,15.00,15.00,55.00,18.00,27771140,49
483.07,1565671808,0.00,nan,nan,0.00,0.00,0.00,0.00,1,-82.00,-6.00,20.00,12.00,56.00,18.00,27771140,49
484.07,1565671809,0.00,nan,nan,0.00,0.00,0.00,0.00,1,-82.00,-6.00,20.00,12.00,56.00,18.00,27771140,49
485.07,1565671810,0.00,nan,nan,0.00,0.00,0.00,0.00,1,-85.00,-6.00,23.00,15.00,54.00,18.00,27771140,49
486.07,1565671811,0.00,nan,nan,0.00,0.00,0.00,0.00,1,-85.00,-6.00,23.00,15.00,54.00,18.00,27771140,49
487.07,1565671812,0.00,nan,nan,0.00,0.00,0.00,0.00,1,-85.00,-6.00,14.00,15.00,53.00,18.00,27771140,49
488.07,1565671813,0.00,nan,nan,0.00,0.00,0.00,0.00,1,-85.00,-6.00,14.00,15.00,53.00,18.00,27771140,49
489.07,1565671814,0.00,nan,nan,0.00,0.00,0.00,0.00,1,-91.00,-7.00,7.00,11.00,48.00,55.00,27771140,49
490.07,1565671815,0.00,nan,nan,0.00,0.00,0.00,0.00,1,-91.00,-7.00,7.00,11.00,48.00,55.00,27771140,49
491.07,1565671816,0.00,nan,nan,0.00,0.00,0.00,0.00,1,-88.00,-7.00,16.00,14.00,49.00,55.00,33527554,233
492.07,1565671817,0.00,nan,nan,0.00,0.00,0.00,0.00,1,-88.00,-7.00,16.00,14.00,49.00,55.00,33527554,233
493.08,1565671818,0.00,nan,nan,0.00,0.00,0.00,0.00,1,-86.00,-6.00,38.00,15.00,50.00,55.00,33527554,233
494.07,1565671819,0.00,nan,nan,0.00,0.00,0.00,0.00,1,-86.00,-6.00,38.00,15.00,50.00,55.00,33527554,233
495.07,1565671820,0.00,nan,nan,0.00,0.00,0.00,0.00,1,-86.00,-6.00,38.00,15.00,50.00,55.00,33527554,233
496.07,1565671821,0.00,nan,nan,0.00,0.00,0.00,0.00,1,-87.00,-6.00,3.00,6.00,51.00,7.00,27771140,49
497.07,1565671822,0.00,nan,nan,0.00,0.00,0.00,0.00,1,-87.00,-6.00,3.00,6.00,51.00,7.00,27771140,49
498.07,1565671823,0.00,nan,nan,0.00,0.00,0.00,0.00,1,-79.00,-5.00,19.00,15.00,59.00,7.00,27771140,49
499.07,1565671824,0.00,nan,nan,0.00,0.00,0.00,0.00,1,-79.00,-5.00,19.00,15.00,59.00,7.00,27771140,49
500.07,1565671825,0.00,nan,nan,0.00,0.00,0.00,0.00,1,-82.00,-5.00,33.00,13.00,55.00,7.00,27771140,49
501.07,1565671826,0.00,nan,nan,0.00,0.00,0.00,0.00,1,-82.00,-5.00,33.00,13.00,55.00,7.00,27771140,49
502.07,1565671827,0.00,nan,nan,0.00,0.00,0.00,0.00,1,-73.00,-6.00,27.00,15.00,63.00,7.00,27771140,49
503.07,1565671828,0.00,nan,nan,0.00,0.00,0.00,0.00,1,-73.00,-6.00,27.00,15.00,63.00,7.00,27771140,49
504.07,1565671829,0.00,nan,nan,0.00,0.00,0.00,0.00,1,-69.00,-5.00,26.00,15.00,63.00,7.00,27771140,49
505.07,1565671830,0.00,nan,nan,0.00,0.00,0.00,0.00,1,-69.00,-5.00,26.00,15.00,63.00,7.00,27771140,49
506.07,1565671831,0.00,nan,nan,0.00,0.00,0.00,0.00,1,-84.00,-7.00,29.00,11.00,55.00,7.00,27771140,49
507.07,1565671832,0.00,nan,nan,0.00,0.00,0.00,0.00,1,-84.00,-7.00,29.00,11.00,55.00,7.00,27771140,49
508.07,1565671833,0.00,nan,nan,0.00,0.00,0.00,0.00,1,-84.00,-8.00,21.00,12.00,55.00,7.00,27771140,49
509.07,1565671834,0.00,nan,nan,0.00,0.00,0.00,0.00,1,-84.00,-8.00,21.00,12.00,55.00,7.00,27771140,49
510.07,1565671835,0.00,nan,nan,0.00,0.00,0.00,0.00,1,-74.00,-5.00,12.00,6.00,61.00,4.00,27771139,48
511.07,1565671836,0.00,nan,nan,0.00,0.00,0.00,0.00,1,-74.00,-5.00,12.00,6.00,61.00,4.00,27771139,48
512.07,1565671837,0.00,nan,nan,0.00,0.00,0.00,0.00,1,-86.00,-6.00,13.00,15.00,51.00,4.00,27771139,48
513.07,1565671838,0.00,nan,nan,0.00,0.00,0.00,0.00,1,-86.00,-6.00,13.00,15.00,51.00,4.00,27771139,48
514.08,1565671839,0.00,nan,nan,0.00,0.00,0.00,0.00,1,-75.00,-5.00,32.00,12.00,57.00,4.00,27771139,48
515.07,1565671840,0.00,nan,nan,0.00,0.00,0.00,0.00,1,-75.00,-5.00,32.00,12.00,57.00,4.00,27771139,48
516.07,1565671841,0.00,nan,nan,0.00,0.00,0.00,0.00,1,-75.00,-5.00,32.00,12.00,57.00,4.00,27771139,48
517.07,1565671842,0.00,nan,nan,0.00,0.00,0.00,0.00,1,-89.00,-5.00,21.00,12.00,47.00,4.00,27771139,48
518.07,1565671843,0.00,nan,nan,0.00,0.00,0.00,0.00,1,-89.00,-5.00,21.00,12.00,47.00,4.00,27771139,48
519.07,1565671844,0.00,nan,nan,0.00,0.00,0.00,0.00,1,-83.00,-4.00,23.00,15.00,51.00,4.00,27771139,48
520.07,1565671845,0.00,nan,nan,0.00,0.00,0.00,0.00,1,-83.00,-4.00,23.00,15.00,51.00,4.00,27771139,48
521.07,1565671846,0.00,nan,nan,0.00,0.00,0.00,0.00,1,-93.00,-6.00,22.00,12.00,44.00,4.00,27771139,48
522.07,1565671847,0.00,nan,nan,0.00,0.00,0.00,0.00,1,-93.00,-6.00,22.00,12.00,44.00,4.00,27771139,48
523.07,1565671848,0.00,nan,nan,0.00,0.00,0.00,0.00,1,-93.00,-6.00,14.00,11.00,44.00,4.00,27771139,48
524.07,1565671849,0.00,nan,nan,0.00,0.00,0.00,0.00,1,-93.00,-6.00,14.00,11.00,44.00,4.00,27771139,48
525.07,1565671850,0.00,nan,nan,0.00,0.00,0.00,0.00,1,-90.00,-5.00,12.00,2.00,46.00,4.00,27771139,48
526.07,1565671851,0.00,nan,nan,0.00,0.00,0.00,0.00,1,-90.00,-5.00,12.00,2.00,46.00,4.00,27771139,48
527.07,1565671852,0.00,nan,nan,0.00,0.00,0.00,0.00,1,-89.00,-7.00,22.00,2.00,47.00,4.00,27771139,48
528.07,1565671853,0.00,nan,nan,0.00,0.00,0.00,0.00,1,-89.00,-7.00,22.00,2.00,47.00,4.00,27771139,48
529.07,1565671854,0.00,nan,nan,0.00,0.00,0.00,0.00,1,-87.00,-6.00,22.00,2.00,49.00,4.00,27771139,48
530.07,1565671855,0.00,nan,nan,0.00,0.00,0.00,0.00,1,-87.00,-6.00,22.00,2.00,49.00,4.00,27771139,48
531.07,1565671856,0.00,nan,nan,0.00,0.00,0.00,0.00,1,-86.00,-6.00,22.00,2.00,50.00,4.00,27771139,48
532.07,1565671857,0.00,nan,nan,0.00,0.00,0.00,0.00,1,-86.00,-6.00,22.00,2.00,50.00,4.00,27771139,48
533.07,1565671858,0.00,nan,nan,0.00,0.00,0.00,0.00,1,-86.00,-5.00,13.00,2.00,51.00,4.00,27771139,48
534.07,1565671859,0.00,nan,nan,0.00,0.00,0.00,0.00,1,-86.00,-5.00,13.00,2.00,51.00,4.00,27771139,48
535.08,1565671860,0.00,nan,nan,0.00,0.00,0.00,0.00,1,-85.00,-5.00,24.00,2.00,51.00,4.00,27771139,48
536.07,1565671861,0.00,nan,nan,0.00,0.00,0.00,0.00,1,-85.00,-5.00,24.00,2.00,51.00,4.00,27771139,48
537.07,1565671862,0.00,nan,nan,0.00,0.00,0.00,0.00,1,-85.00,-5.00,24.00,2.00,51.00,4.00,27771139,48
538.07,1565671863,0.00,nan,nan,0.00,0.00,0.00,0.00,1,-84.00,-5.00,22.00,2.00,52.00,4.00,27771139,48
539.07,1565671864,0.00,nan,nan,0.00,0.00,0.00,0.00,1,-84.00,-5.00,22.00,2.00,52.00,4.00,27771139,48
540.07,1565671865,0.00,nan,nan,0.00,0.00,0.00,0.00,1,-86.00,-5.00,16.00,2.00,51.00,4.00,27771139,48
541.07,1565671866,0.00,nan,nan,0.00,0.00,0.00,0.00,1,-86.00,-5.00,16.00,2.00,51.00,4.00,27771139,48
542.07,1565671867,0.00,nan,nan,0.00,0.00,0.00,0.00,1,-87.00,-5.00,8.00,2.00,49.00,4.00,27771139,48
543.07,1565671868,0.00,nan,nan,0.00,0.00,0.00,0.00,1,-87.00,-5.00,8.00,2.00,49.00,4.00,27771139,48
544.07,1565671869,0.00,nan,nan,0.00,0.00,0.00,0.00,1,-89.00,-6.00,16.00,2.00,48.00,4.00,27771139,48
545.07,1565671870,0.00,nan,nan,0.00,0.00,0.00,0.00,1,-89.00,-6.00,16.00,2.00,48.00,4.00,27771139,48
546.07,1565671871,0.00,nan,nan,0.00,0.00,0.00,0.00,1,-90.00,-6.00,19.00,2.00,47.00,4.00,27771139,48
547.07,1565671872,0.00,nan,nan,0.00,0.00,0.00,0.00,1,-90.00,-6.00,19.00,2.00,47.00,4.00,27771139,48
548.07,1565671873,0.00,nan,nan,0.00,0.00,0.00,0.00,1,-90.00,-6.00,19.00,2.00,47.00,4.00,27771139,48
549.07,1565671874,0.00,nan,nan,0.00,0.00,0.00,0.00,1,-90.00,-6.00,19.00,2.00,47.00,4.00,27771139,48
550.07,1565671875,0.00,nan,nan,0.00,0.00,0.00,0.00,1,-90.00,-6.00,19.00,2.00,47.00,4.00,27771139,48
551.07,1565671876,0.00,nan,nan,0.00,0.00,0.00,0.00,1,-90.00,-6.00,19.00,2.00,47.00,4.00,27771139,48
552.07,1565671877,0.00,nan,nan,0.00,0.00,0.00,0.00,1,-91.00,-5.00,21.00,2.00,45.00,4.00,27771139,48
553.07,1565671878,0.00,nan,nan,0.00,0.00,0.00,0.00,1,-91.00,-5.00,21.00,2.00,45.00,4.00,27771139,48
554.07,1565671879,0.00,nan,nan,0.00,0.00,0.00,0.00,1,-87.00,-6.00,27.00,2.00,48.00,4.00,27771139,48
555.07,1565671880,0.00,nan,nan,0.00,0.00,0.00,0.00,1,-87.00,-6.00,27.00,2.00,48.00,4.00,27771139,48
556.08,1565671881,0.00,nan,nan,0.00,0.00,0.00,0.00,1,-85.00,-6.00,20.00,2.00,51.00,4.00,27771139,48
557.07,1565671882,0.00,nan,nan,0.00,0.00,0.00,0.00,1,-85.00,-6.00,20.00,2.00,51.00,4.00,27771139,48
558.07,1565671883,0.00,nan,nan,0.00,0.00,0.00,0.00,1,-85.00,-6.00,20.00,2.00,51.00,4.00,27771139,48
559.07,1565671884,0.00,nan,nan,0.00,0.00,0.00,0.00,1,-84.00,-6.00,19.00,2.00,51.00,4.00,27771139,48
560.07,1565671885,0.00,nan,nan,0.00,0.00,0.00,0.00,1,-84.00,-6.00,19.00,2.00,51.00,4.00,27771139,48
561.07,1565671886,0.00,nan,nan,0.00,0.00,0.00,0.00,1,-88.00,-5.00,15.00,2.00,47.00,4.00,27771139,48
562.07,1565671887,0.00,nan,nan,0.00,0.00,0.00,0.00,1,-88.00,-5.00,15.00,2.00,47.00,4.00,27771139,48
563.07,1565671888,0.00,nan,nan,0.00,0.00,0.00,0.00,1,-91.00,-5.00,15.00,2.00,44.00,4.00,27771139,48
564.07,1565671889,0.00,nan,nan,0.00,0.00,0.00,0.00,1,-91.00,-5.00,15.00,2.00,44.00,4.00,27771139,48
565.07,1565671890,0.00,nan,nan,0.00,0.00,0.00,0.00,1,-91.00,-5.00,10.00,2.00,43.00,4.00,27771139,48
566.07,1565671891,0.00,nan,nan,0.00,0.00,0.00,0.00,1,-91.00,-5.00,10.00,2.00,43.00,4.00,27771139,48
567.07,1565671892,0.00,nan,nan,0.00,0.00,0.00,0.00,1,-99.00,-8.00,11.00,2.00,40.00,4.00,28365058,357
568.07,1565671893,0.00,nan,nan,0.00,0.00,0.00,0.00,1,-99.00,-8.00,11.00,2.00,40.00,4.00,28365058,357
569.07,1565671894,0.00,nan,nan,0.00,0.00,0.00,0.00,1,-98.00,-7.00,5.00,2.00,40.00,4.00,28365058,357
570.07,1565671895,0.00,nan,nan,0.00,0.00,0.00,0.00,1,-98.00,-7.00,5.00,2.00,40.00,4.00,28365058,357
571.07,1565671896,0.00,nan,nan,0.00,0.00,0.00,0.00,1,-99.00,-7.00,5.00,2.00,40.00,4.00,28365058,357
572.07,1565671897,0.00,nan,nan,0.00,0.00,0.00,0.00,1,-99.00,-7.00,5.00,2.00,40.00,4.00,28365058,357
573.07,1565671898,0.00,nan,nan,0.00,0.00,0.00,0.00,1,-100.00,-8.00,4.00,2.00,39.00,4.00,28365058,357
574.07,1565671899,0.00,nan,nan,0.00,0.00,0.00,0.00,1,-100.00,-8.00,4.00,2.00,39.00,4.00,28365058,357
575.07,1565671900,0.00,nan,nan,0.00,0.00,0.00,0.00,1,-101.00,-8.00,3.00,2.00,38.00,4.00,28365058,357
576.07,1565671901,0.00,nan,nan,0.00,0.00,0.00,0.00,1,-101.00,-8.00,3.00,2.00,38.00,4.00,28365058,357
577.08,1565671902,0.00,nan,nan,0.00,0.00,0.00,0.00,1,-104.00,-9.00,4.00,9.00,36.00,8.00,28365058,357
578.07,1565671903,0.00,nan,nan,0.00,0.00,0.00,0.00,1,-104.00,-9.00,4.00,9.00,36.00,8.00,28365058,357
579.07,1565671904,0.00,nan,nan,0.00,0.00,0.00,0.00,1,-104.00,-9.00,4.00,9.00,36.00,8.00,28365058,357
580.08,1565671905,0.00,nan,nan,0.00,0.00,0.00,0.00,1,-102.00,-10.00,4.00,6.00,38.00,8.00,28365058,357
581.08,1565671906,0.00,nan,nan,0.00,0.00,0.00,0.00,1,-102.00,-10.00,4.00,6.00,38.00,8.00,28365058,357
582.08,1565671907,0.00,nan,nan,0.00,0.00,0.00,0.00,1,-107.00,-10.00,1.00,8.00,33.00,8.00,28365058,357
583.08,1565671908,0.00,nan,nan,0.00,0.00,0.00,0.00,1,-107.00,-10.00,1.00,8.00,33.00,8.00,28365058,357
584.07,1565671909,0.00,nan,nan,0.00,0.00,0.00,0.00,1,-107.00,-9.00,4.00,8.00,33.00,8.00,28365058,357
585.07,1565671910,0.00,nan,nan,0.00,0.00,0.00,0.00,1,-107.00,-9.00,4.00,8.00,33.00,8.00,28365058,357
586.07,1565671911,0.00,nan,nan,0.00,0.00,0.00,0.00,1,-102.00,-8.00,10.00,6.00,37.00,8.00,28365058,357
587.07,1565671912,0.00,nan,nan,0.00,0.00,0.00,0.00,1,-102.00,-8.00,10.00,6.00,37.00,8.00,28365058,357
588.08,1565671913,0.00,nan,nan,0.00,0.00,0.00,0.00,1,-102.00,-8.00,1.00,6.00,38.00,15.00,29391105,167
589.08,1565671914,0.00,nan,nan,0.00,0.00,0.00,0.00,1,-102.00,-8.00,1.00,6.00,38.00,15.00,29391105,167
590.07,1565671915,0.00,nan,nan,0.00,0.00,0.00,0.00,1,-103.00,-8.00,11.00,13.00,37.00,15.00,29391105,167
591.07,1565671916,0.00,nan,nan,0.00,0.00,0.00,0.00,1,-103.00,-8.00,11.00,13.00,37.00,15.00,29391105,167
592.07,1565671917,0.00,nan,nan,0.00,0.00,0.00,0.00,1,-97.00,-8.00,19.00,11.00,43.00,15.00,29391105,167
593.07,1565671918,0.00,nan,nan,0.00,0.00,0.00,0.00,1,-97.00,-8.00,19.00,11.00,43.00,15.00,29391105,167
594.08,1565671919,0.00,nan,nan,0.00,0.00,0.00,0.00,1,-98.00,-8.00,5.00,9.00,41.00,15.00,29391105,167
595.08,1565671920,0.00,nan,nan,0.00,0.00,0.00,0.00,1,-98.00,-8.00,5.00,9.00,41.00,15.00,29391105,167
596.07,1565671921,0.00,nan,nan,0.00,0.00,0.00,0.00,1,-92.00,-7.00,9.00,14.00,46.00,15.00,29391105,167
597.07,1565671922,0.00,nan,nan,0.00,0.00,0.00,0.00,1,-92.00,-7.00,9.00,14.00,46.00,15.00,29391105,167
598.08,1565671923,0.00,nan,nan,0.00,0.00,0.00,0.00,1,-98.00,-10.00,6.00,10.00,43.00,15.00,29391105,167
599.08,1565671924,0.00,nan,nan,0.00,0.00,0.00,0.00,1,-98.00,-10.00,6.00,10.00,43.00,15.00,29391105,167
600.08,1565671925,0.00,nan,nan,0.00,0.00,0.00,0.00,1,-98.00,-10.00,6.00,10.00,43.00,15.00,29391105,167
601.08,1565671926,0.00,nan,nan,0.00,0.00,0.00,0.00,1,-97.00,-9.00,1.00,7.00,43.00,15.00,29391105,167
602.07,1565671927,0.00,nan,nan,0.00,0.00,0.00,0.00,1,-97.00,-9.00,1.00,7.00,43.00,15.00,29391105,167
603.07,1565671928,0.00,nan,nan,0.00,0.00,0.00,0.00,1,-92.00,-7.00,10.00,2.00,46.00,15.00,29391105,167
604.07,1565671929,0.00,nan,nan,0.00,0.00,0.00,0.00,1,-92.00,-7.00,10.00,2.00,46.00,15.00,29391105,167
605.07,1565671930,0.00,nan,nan,0.00,0.00,0.00,0.00,1,-93.00,-9.00,9.00,2.00,46.00,15.00,29391106,166
606.07,1565671931,0.00,nan,nan,0.00,0.00,0.00,0.00,1,-93.00,-9.00,9.00,2.00,46.00,15.00,29391106,166
607.07,1565671932,0.00,nan,nan,0.00,0.00,0.00,0.00,1,-94.00,-7.00,10.00,2.00,43.00,15.00,26385408,95
608.07,1565671933,0.00,nan,nan,0.00,0.00,0.00,0.00,1,-94.00,-7.00,10.00,2.00,43.00,15.00,26385408,95
609.07,1565671934,0.00,nan,nan,0.00,0.00,0.00,0.00,1,-91.00,-6.00,5.00,2.00,44.00,15.00,26385408,95
610.07,1565671935,0.00,nan,nan,0.00,0.00,0.00,0.00,1,-91.00,-6.00,5.00,2.00,44.00,15.00,26385408,95
611.07,1565671936,0.00,nan,nan,0.00,0.00,0.00,0.00,1,-87.00,-4.00,13.00,10.00,46.00,5.00,26385408,95
612.07,1565671937,0.00,nan,nan,0.00,0.00,0.00,0.00,1,-87.00,-4.00,13.00,10.00,46.00,5.00,26385408,95
613.07,1565671938,0.00,nan,nan,0.00,0.00,0.00,0.00,1,-92.00,-5.00,11.00,13.00,43.00,5.00,26385408,95
614.07,1565671939,0.00,nan,nan,0.00,0.00,0.00,0.00,1,-92.00,-5.00,11.00,13.00,43.00,5.00,26385408,95
615.07,1565671940,0.00,nan,nan,0.00,0.00,0.00,0.00,1,-89.00,-4.00,14.00,11.00,48.00,5.00,26385408,95
616.07,1565671941,0.00,nan,nan,0.00,0.00,0.00,0.00,1,-89.00,-4.00,14.00,11.00,48.00,5.00,26385408,95
617.07,1565671942,0.00,nan,nan,0.00,0.00,0.00,0.00,1,-95.00,-6.00,25.00,14.00,42.00,5.00,26385408,95
618.07,1565671943,0.00,nan,nan,0.00,0.00,0.00,0.00,1,-95.00,-6.00,25.00,14.00,42.00,5.00,26385408,95
619.08,1565671944,0.00,nan,nan,0.00,0.00,0.00,0.00,1,-95.00,-5.00,7.00,9.00,41.00,5.00,26385408,95
620.07,1565671945,0.00,nan,nan,0.00,0.00,0.00,0.00,1,-95.00,-5.00,7.00,9.00,41.00,5.00,26385408,95
621.07,1565671946,0.00,nan,nan,0.00,0.00,0.00,0.00,1,-95.00,-5.00,7.00,9.00,41.00,5.00,26385408,95
622.07,1565671947,0.00,nan,nan,0.00,0.00,0.00,0.00,1,-94.00,-7.00,7.00,13.00,43.00,7.00,28365056,359
623.07,1565671948,0.00,nan,nan,0.00,0.00,0.00,0.00,1,-94.00,-7.00,7.00,13.00,43.00,7.00,28365056,359
624.07,1565671949,0.00,nan,nan,0.00,0.00,0.00,0.00,1,-92.00,-6.00,14.00,3.00,45.00,7.00,28365056,359
625.07,1565671950,0.00,nan,nan,0.00,0.00,0.00,0.00,1,-92.00,-6.00,14.00,3.00,45.00,7.00,28365056,359
626.07,1565671951,0.00,nan,nan,0.00,0.00,0.00,0.00,1,-87.00,-6.00,14.00,10.00,50.00,7.00,28365056,359
627.07,1565671952,0.00,nan,nan,0.00,0.00,0.00,0.00,1,-87.00,-6.00,14.00,10.00,50.00,7.00,28365056,359
628.07,1565671953,0.00,nan,nan,0.00,0.00,0.00,0.00,1,-84.00,-6.00,21.00,14.00,54.00,7.00,28365056,359
629.07,1565671954,0.00,nan,nan,0.00,0.00,0.00,0.00,1,-84.00,-6.00,21.00,14.00,54.00,7.00,28365056,359
630.07,1565671955,0.00,nan,nan,0.00,0.00,0.00,0.00,1,-88.00,-6.00,15.00,10.00,46.00,7.00,28365056,359
631.07,1565671956,0.00,nan,nan,0.00,0.00,0.00,0.00,1,-88.00,-6.00,15.00,10.00,46.00,7.00,28365056,359
632.07,1565671957,0.00,nan,nan,0.00,0.00,0.00,0.00,1,-91.00,-6.00,13.00,15.00,45.00,7.00,28365056,359
633.07,1565671958,0.00,nan,nan,0.00,0.00,0.00,0.00,1,-91.00,-6.00,13.00,15.00,45.00,7.00,28365056,359
634.07,1565671959,0.00,nan,nan,0.00,0.00,0.00,0.00,1,-93.00,-7.00,8.00,13.00,45.00,7.00,28365056,359
635.07,1565671960,0.00,nan,nan,0.00,0.00,0.00,0.00,1,-93.00,-7.00,8.00,13.00,45.00,7.00,28365056,359
636.07,1565671961,0.00,nan,nan,0.00,0.00,0.00,0.00,1,-89.00,-4.00,2.00,2.00,43.00,7.00,28365056,359
637.07,1565671962,0.00,nan,nan,0.00,0.00,0.00,0.00,1,-89.00,-4.00,2.00,2.00,43.00,7.00,28365056,359
638.07,1565671963,0.00,nan,nan,0.00,0.00,0.00,0.00,1,-94.00,-10.00,3.00,2.00,46.00,7.00,28365056,359
639.07,1565671964,0.00,nan,nan,0.00,0.00,0.00,0.00,1,-94.00,-10.00,3.00,2.00,46.00,7.00,28365056,359
640.08,1565671965,0.00,nan,nan,0.00,0.00,0.00,0.00,1,-94.00,-8.00,12.00,2.00,46.00,7.00,26385408,95
641.07,1565671966,0.00,nan,nan,0.00,0.00,0.00,0.00,1,-94.00,-8.00,12.00,2.00,46.00,7.00,26385408,95
642.07,1565671967,0.00,nan,nan,0.00,0.00,0.00,0.00,1,-94.00,-8.00,12.00,2.00,46.00,7.00,26385408,95
643.07,1565671968,0.00,nan,nan,0.00,0.00,0.00,0.00,1,-92.00,-7.00,15.00,2.00,46.00,7.00,26385408,95
644.07,1565671969,0.00,nan,nan,0.00,0.00,0.00,0.00,1,-92.00,-7.00,15.00,2.00,46.00,7.00,26385408,95
645.07,1565671970,0.00,nan,nan,0.00,0.00,0.00,0.00,1,-89.00,-4.00,-1.00,2.00,45.00,7.00,26385408,95
646.07,1565671971,0.00,nan,nan,0.00,0.00,0.00,0.00,1,-89.00,-4.00,-1.00,2.00,45.00,7.00,26385408,95
647.07,1565671972,0.00,nan,nan,0.00,0.00,0.00,0.00,1,-94.00,-8.00,14.00,2.00,45.00,7.00,29391106,166
648.08,1565671973,0.00,nan,nan,0.00,0.00,0.00,0.00,1,-94.00,-8.00,14.00,2.00,45.00,7.00,29391106,166
649.07,1565671974,0.00,nan,nan,0.00,0.00,0.00,0.00,1,-94.00,-8.00,11.00,2.00,45.00,7.00,29391106,166
650.07,1565671975,0.00,nan,nan,0.00,0.00,0.00,0.00,1,-94.00,-8.00,11.00,2.00,45.00,7.00,29391106,166
651.07,1565671976,0.00,nan,nan,0.00,0.00,0.00,0.00,1,-94.00,-7.00,7.00,2.00,44.00,7.00,29391106,166
652.07,1565671977,0.00,nan,nan,0.00,0.00,0.00,0.00,1,-94.00,-7.00,7.00,2.00,44.00,7.00,29391106,166
653.07,1565671978,0.00,nan,nan,0.00,0.00,0.00,0.00,1,-97.00,-6.00,11.00,2.00,42.00,7.00,26385408,95
654.07,1565671979,0.00,nan,nan,0.00,0.00,0.00,0.00,1,-97.00,-6.00,11.00,2.00,42.00,7.00,26385408,95
655.07,1565671980,0.00,nan,nan,0.00,0.00,0.00,0.00,1,-94.00,-5.00,15.00,2.00,44.00,7.00,26385408,95
656.07,1565671981,0.00,nan,nan,0.00,0.00,0.00,0.00,1,-94.00,-5.00,15.00,2.00,44.00,7.00,26385408,95
657.07,1565671982,0.00,nan,nan,0.00,0.00,0.00,0.00,1,-89.00,-5.00,10.00,2.00,47.00,7.00,26385408,95
658.07,1565671983,0.00,nan,nan,0.00,0.00,0.00,0.00,1,-89.00,-5.00,10.00,2.00,47.00,7.00,26385408,95
659.07,1565671984,0.00,nan,nan,0.00,0.00,0.00,0.00,1,-88.00,-5.00,13.00,2.00,48.00,7.00,26385408,95
660.07,1565671985,0.00,nan,nan,0.00,0.00,0.00,0.00,1,-88.00,-5.00,13.00,2.00,48.00,7.00,26385408,95
