0.00,1565153074,0.00,nan,nan,0.00,0.00,0.00,0.00,1,-100.00,-10.00,11.00,2.00,41.00,7.00,28371201,66
1.06,1565153076,0.00,nan,nan,0.00,0.00,0.00,0.00,1,-100.00,-10.00,11.00,2.00,41.00,7.00,28371201,66
2.02,1565153077,0.00,nan,nan,0.00,0.00,0.00,0.00,1,-99.00,-10.00,8.00,2.00,42.00,7.00,28371201,66
3.02,1565153078,0.00,nan,nan,0.00,0.00,0.00,0.00,1,-99.00,-10.00,8.00,2.00,42.00,7.00,28371201,66
4.02,1565153079,0.00,nan,nan,0.00,0.00,0.00,0.00,1,-101.00,-10.00,8.00,2.00,41.00,7.00,28371201,66
5.02,1565153080,0.00,nan,nan,0.00,0.00,0.00,0.00,1,-101.00,-10.00,8.00,2.00,41.00,7.00,28371201,66
6.02,1565153081,0.00,nan,nan,0.00,0.00,0.00,0.00,1,-102.00,-10.00,5.00,2.00,39.00,7.00,28371201,66
7.02,1565153082,0.00,nan,nan,0.00,0.00,0.00,0.00,1,-102.00,-10.00,5.00,2.00,39.00,7.00,28371201,66
8.02,1565153083,0.00,nan,nan,0.00,0.00,0.00,0.00,1,-103.00,-10.00,8.00,2.00,38.00,7.00,28371201,66
9.02,1565153084,0.00,nan,nan,0.00,0.00,0.00,0.00,1,-103.00,-10.00,8.00,2.00,38.00,7.00,28371201,66
10.02,1565153085,0.00,nan,nan,0.00,0.00,0.00,0.00,1,-103.00,-10.00,3.00,2.00,38.00,7.00,28371201,66
11.02,1565153086,0.00,nan,nan,0.00,0.00,0.00,0.00,1,-103.00,-10.00,3.00,2.00,38.00,7.00,28371201,66
12.02,1565153087,0.00,nan,nan,0.00,0.00,0.00,0.00,1,-103.00,-9.00,3.00,2.00,37.00,7.00,28371201,66
13.02,1565153088,0.00,nan,nan,0.00,0.00,0.00,0.00,1,-103.00,-9.00,3.00,2.00,37.00,7.00,28371201,66
14.02,1565153089,0.00,nan,nan,0.00,0.00,0.00,0.00,1,-104.00,-10.00,0.00,2.00,38.00,7.00,28371201,66
15.02,1565153090,0.00,nan,nan,0.00,0.00,0.00,0.00,1,-104.00,-10.00,0.00,2.00,38.00,7.00,28371201,66
16.02,1565153091,0.00,nan,nan,0.00,0.00,0.00,0.00,1,-112.00,-13.00,2.00,8.00,32.00,9.00,28371201,66
17.02,1565153092,0.00,nan,nan,0.00,0.00,0.00,0.00,1,-112.00,-13.00,2.00,8.00,32.00,9.00,28371201,66
18.03,1565153093,0.00,nan,nan,0.00,0.00,0.00,0.00,1,-113.00,-13.00,0.00,5.00,31.00,9.00,28371201,66
19.02,1565153094,0.00,nan,nan,0.00,0.00,0.00,0.00,1,-113.00,-13.00,0.00,5.00,31.00,9.00,28371201,66
20.02,1565153095,0.00,nan,nan,0.00,0.00,0.00,0.00,1,-113.00,-13.00,0.00,5.00,31.00,9.00,28371201,66
21.02,1565153096,0.00,nan,nan,0.00,0.00,0.00,0.00,1,-89.00,-7.00,0.00,15.00,47.00,10.00,27771906,486
22.02,1565153097,0.00,nan,nan,0.00,0.00,0.00,0.00,1,-89.00,-7.00,0.00,15.00,47.00,10.00,27771906,486
23.02,1565153098,0.00,nan,nan,0.00,0.00,0.00,0.00,1,-87.00,-6.00,20.00,15.00,48.00,10.00,27771906,486
24.02,1565153099,0.00,nan,nan,0.00,0.00,0.00,0.00,1,-87.00,-6.00,20.00,15.00,48.00,10.00,27771906,486
25.02,1565153100,0.00,nan,nan,0.00,0.00,0.00,0.00,1,-86.00,-6.00,19.00,12.00,49.00,10.00,27771906,486
26.02,1565153101,0.00,nan,nan,0.00,0.00,0.00,0.00,1,-86.00,-6.00,19.00,12.00,49.00,10.00,27771906,486
27.02,1565153102,0.00,nan,nan,0.00,0.00,0.00,0.00,1,-88.00,-7.00,17.00,12.00,48.00,10.00,27771906,486
28.02,1565153103,0.00,nan,nan,0.00,0.00,0.00,0.00,1,-88.00,-7.00,17.00,12.00,48.00,10.00,27771906,486
29.02,1565153104,0.00,nan,nan,0.00,0.00,0.00,0.00,1,-85.00,-7.00,12.00,13.00,51.00,10.00,27771906,486
30.02,1565153105,0.00,nan,nan,0.00,0.00,0.00,0.00,1,-85.00,-7.00,12.00,13.00,51.00,10.00,27771906,486
31.02,1565153106,0.00,nan,nan,0.00,0.00,0.00,0.00,1,-87.00,-8.00,15.00,11.00,49.00,10.00,27771906,486
32.02,1565153107,0.00,nan,nan,0.00,0.00,0.00,0.00,1,-87.00,-8.00,15.00,11.00,49.00,10.00,27771906,486
33.02,1565153108,0.00,nan,nan,0.00,0.00,0.00,0.00,1,-87.00,-9.00,13.00,10.00,51.00,10.00,27771906,486
34.02,1565153109,0.00,nan,nan,0.00,0.00,0.00,0.00,1,-87.00,-9.00,13.00,10.00,51.00,10.00,27771906,486
35.02,1565153110,0.00,nan,nan,0.00,0.00,0.00,0.00,1,-88.00,-9.00,15.00,10.00,50.00,10.00,27771906,486
36.02,1565153111,0.00,nan,nan,0.00,0.00,0.00,0.00,1,-88.00,-9.00,15.00,10.00,50.00,10.00,27771906,486
37.02,1565153112,0.00,nan,nan,0.00,0.00,0.00,0.00,1,-90.00,-10.00,1.00,13.00,49.00,10.00,27771906,486
38.02,1565153113,0.00,nan,nan,0.00,0.00,0.00,0.00,1,-90.00,-10.00,1.00,13.00,49.00,10.00,27771906,486
39.03,1565153114,0.00,nan,nan,0.00,0.00,0.00,0.00,1,-93.00,-12.00,10.00,2.00,47.00,10.00,27771906,486
40.02,1565153115,0.00,nan,nan,0.00,0.00,0.00,0.00,1,-93.00,-12.00,10.00,2.00,47.00,10.00,27771906,486
41.02,1565153116,0.00,nan,nan,0.00,0.00,0.00,0.00,1,-93.00,-12.00,10.00,2.00,47.00,10.00,27771906,486
42.02,1565153117,0.00,nan,nan,0.00,0.00,0.00,0.00,1,-106.00,-9.00,6.00,2.00,35.00,10.00,28371201,66
43.02,1565153118,0.00,nan,nan,0.00,0.00,0.00,0.00,1,-106.00,-9.00,6.00,2.00,35.00,10.00,28371201,66
44.02,1565153119,0.00,nan,nan,0.00,0.00,0.00,0.00,1,-107.00,-10.00,2.00,2.00,34.00,10.00,28371201,66
45.02,1565153120,0.00,nan,nan,0.00,0.00,0.00,0.00,1,-107.00,-10.00,2.00,2.00,34.00,10.00,28371201,66
46.02,1565153121,0.00,nan,nan,0.00,0.00,0.00,0.00,1,-108.00,-10.00,7.00,2.00,34.00,10.00,28371201,66
47.02,1565153122,0.00,nan,nan,0.00,0.00,0.00,0.00,1,-108.00,-10.00,7.00,2.00,34.00,10.00,28371201,66
48.02,1565153123,0.00,nan,nan,0.00,0.00,0.00,0.00,1,-107.00,-10.00,2.00,2.00,34.00,10.00,28371201,66
49.02,1565153124,0.00,nan,nan,0.00,0.00,0.00,0.00,1,-107.00,-10.00,2.00,2.00,34.00,10.00,28371201,66
50.02,1565153125,0.00,nan,nan,0.00,0.00,0.00,0.00,1,-108.00,-9.00,3.00,2.00,33.00,10.00,28371201,66
51.02,1565153126,0.00,nan,nan,0.00,0.00,0.00,0.00,1,-108.00,-9.00,3.00,2.00,33.00,10.00,28371201,66
52.02,1565153127,0.00,nan,nan,0.00,0.00,0.00,0.00,1,-110.00,-10.00,-1.00,2.00,31.00,10.00,28371201,66
53.02,1565153128,0.00,nan,nan,0.00,0.00,0.00,0.00,1,-110.00,-10.00,-1.00,2.00,31.00,10.00,28371201,66
54.02,1565153129,0.00,nan,nan,0.00,0.00,0.00,0.00,1,-112.00,-11.00,-1.00,2.00,30.00,10.00,28371201,66
55.02,1565153130,0.00,nan,nan,0.00,0.00,0.00,0.00,1,-112.00,-11.00,-1.00,2.00,30.00,10.00,28371201,66
56.02,1565153131,0.00,nan,nan,0.00,0.00,0.00,0.00,1,-113.00,-10.00,3.00,2.00,28.00,10.00,27771907,124
57.02,1565153132,0.00,nan,nan,0.00,0.00,0.00,0.00,1,-113.00,-10.00,3.00,2.00,28.00,10.00,27771907,124
58.02,1565153133,0.00,nan,nan,0.00,0.00,0.00,0.00,1,-112.00,-10.00,1.00,2.00,29.00,10.00,27771907,124
59.02,1565153134,0.00,nan,nan,0.00,0.00,0.00,0.00,1,-112.00,-10.00,1.00,2.00,29.00,10.00,27771907,124
60.02,1565153135,0.00,nan,nan,0.00,0.00,0.00,0.00,1,-113.00,-10.00,1.00,2.00,29.00,10.00,27771907,124
61.02,1565153136,0.00,nan,nan,0.00,0.00,0.00,0.00,1,-113.00,-10.00,1.00,2.00,29.00,10.00,27771907,124
62.02,1565153137,0.00,nan,nan,0.00,0.00,0.00,0.00,1,-113.00,-10.00,1.00,2.00,29.00,10.00,27771907,124
63.02,1565153138,0.00,nan,nan,0.00,0.00,0.00,0.00,1,-113.00,-10.00,2.00,2.00,29.00,10.00,27771907,124
64.02,1565153139,0.00,nan,nan,0.00,0.00,0.00,0.00,1,-113.00,-10.00,2.00,2.00,29.00,10.00,27771907,124
65.02,1565153140,0.00,nan,nan,0.00,0.00,0.00,0.00,1,-112.00,-10.00,2.00,2.00,29.00,10.00,27771907,124
66.02,1565153141,0.00,nan,nan,0.00,0.00,0.00,0.00,1,-112.00,-10.00,2.00,2.00,29.00,10.00,27771907,124
67.02,1565153142,0.00,nan,nan,0.00,0.00,0.00,0.00,1,-112.00,-9.00,-1.00,2.00,29.00,10.00,27771907,124
68.02,1565153143,0.00,nan,nan,0.00,0.00,0.00,0.00,1,-112.00,-9.00,-1.00,2.00,29.00,10.00,27771907,124
69.02,1565153144,0.00,nan,nan,0.00,0.00,0.00,0.00,1,-112.00,-10.00,1.00,2.00,30.00,10.00,27771907,124
70.02,1565153145,0.00,nan,nan,0.00,0.00,0.00,0.00,1,-112.00,-10.00,1.00,2.00,30.00,10.00,27771907,124
71.02,1565153146,0.00,nan,nan,0.00,0.00,0.00,0.00,1,-113.00,-11.00,1.00,2.00,30.00,10.00,27771907,124
72.02,1565153147,0.00,nan,nan,0.00,0.00,0.00,0.00,1,-113.00,-11.00,1.00,2.00,30.00,10.00,27771907,124
73.02,1565153148,0.00,nan,nan,0.00,0.00,0.00,0.00,1,-112.00,-10.00,5.00,2.00,30.00,10.00,27771907,124
74.02,1565153149,0.00,nan,nan,0.00,0.00,0.00,0.00,1,-112.00,-10.00,5.00,2.00,30.00,10.00,27771907,124
75.02,1565153150,0.00,nan,nan,0.00,0.00,0.00,0.00,1,-110.00,-9.00,7.00,2.00,31.00,10.00,27771907,124
76.02,1565153151,0.00,nan,nan,0.00,0.00,0.00,0.00,1,-110.00,-9.00,7.00,2.00,31.00,10.00,27771907,124
77.02,1565153152,0.00,nan,nan,0.00,0.00,0.00,0.00,1,-100.00,-7.00,9.00,14.00,38.00,6.00,27771907,124
78.02,1565153153,0.00,nan,nan,0.00,0.00,0.00,0.00,1,-100.00,-7.00,9.00,14.00,38.00,6.00,27771907,124
79.02,1565153154,0.00,nan,nan,0.00,0.00,0.00,0.00,1,-97.00,-6.00,14.00,10.00,42.00,6.00,27771907,124
80.02,1565153155,0.00,nan,nan,0.00,0.00,0.00,0.00,1,-97.00,-6.00,14.00,10.00,42.00,6.00,27771907,124
81.03,1565153156,0.00,nan,nan,0.00,0.00,0.00,0.00,1,-93.00,-5.00,21.00,14.00,45.00,6.00,27771907,124
82.20,1565153157,0.00,nan,nan,0.00,0.00,0.00,0.00,1,-93.00,-5.00,21.00,14.00,45.00,6.00,27771907,124
83.22,1565153158,0.00,nan,nan,0.00,0.00,0.00,0.00,1,-79.00,-5.00,27.00,14.00,60.00,6.00,27771907,124
84.22,1565153159,0.00,nan,nan,0.00,0.00,0.00,0.00,1,-79.00,-5.00,27.00,14.00,60.00,6.00,27771907,124
85.23,1565153160,0.00,nan,nan,0.00,0.00,0.00,0.00,1,-75.00,-5.00,27.00,14.00,61.00,6.00,27771907,124
86.22,1565153161,0.00,nan,nan,0.00,0.00,0.00,0.00,1,-75.00,-5.00,27.00,14.00,61.00,6.00,27771907,124
87.22,1565153162,0.00,nan,nan,0.00,0.00,0.00,0.00,1,-75.00,-5.00,27.00,14.00,61.00,6.00,27771907,124
88.22,1565153163,0.00,nan,nan,0.00,0.00,0.00,0.00,1,-79.00,-4.00,24.00,13.00,57.00,6.00,27771907,124
89.22,1565153164,0.00,nan,nan,0.00,0.00,0.00,0.00,1,-79.00,-4.00,24.00,13.00,57.00,6.00,27771907,124
90.22,1565153165,0.00,nan,nan,0.00,0.00,0.00,0.00,1,-93.00,-6.00,10.00,8.00,45.00,6.00,27771907,124
91.22,1565153166,0.00,nan,nan,0.00,0.00,0.00,0.00,1,-93.00,-6.00,10.00,8.00,45.00,6.00,27771907,124
92.22,1565153167,0.00,nan,nan,0.00,0.00,0.00,0.00,1,-87.00,-5.00,27.00,12.00,50.00,6.00,27771907,124
93.22,1565153168,0.00,nan,nan,0.00,0.00,0.00,0.00,1,-87.00,-5.00,27.00,12.00,50.00,6.00,27771907,124
94.22,1565153169,0.00,nan,nan,0.00,0.00,0.00,0.00,1,-79.00,-4.00,30.00,13.00,57.00,6.00,27771907,124
95.22,1565153170,0.00,nan,nan,0.00,0.00,0.00,0.00,1,-79.00,-4.00,30.00,13.00,57.00,6.00,27771907,124
96.22,1565153171,0.00,nan,nan,0.00,0.00,0.00,0.00,1,-69.00,-5.00,32.00,13.00,63.00,6.00,27771907,124
97.22,1565153172,0.00,nan,nan,0.00,0.00,0.00,0.00,1,-69.00,-5.00,32.00,13.00,63.00,6.00,27771907,124
98.22,1565153173,0.00,nan,nan,0.00,0.00,0.00,0.00,1,-74.00,-5.00,32.00,14.00,62.00,6.00,27771907,124
99.22,1565153174,0.00,nan,nan,0.00,0.00,0.00,0.00,1,-74.00,-5.00,32.00,14.00,62.00,6.00,27771907,124
100.22,1565153175,0.00,nan,nan,0.00,0.00,0.00,0.00,1,-72.00,-5.00,32.00,2.00,63.00,6.00,27771907,124
101.22,1565153176,0.00,nan,nan,0.00,0.00,0.00,0.00,1,-72.00,-5.00,32.00,2.00,63.00,6.00,27771907,124
102.22,1565153177,0.00,nan,nan,0.00,0.00,0.00,0.00,1,-70.00,-5.00,31.00,2.00,63.00,6.00,27771907,124
103.22,1565153178,0.00,nan,nan,0.00,0.00,0.00,0.00,1,-70.00,-5.00,31.00,2.00,63.00,6.00,27771907,124
104.22,1565153179,0.00,nan,nan,0.00,0.00,0.00,0.00,1,-69.00,-5.00,31.00,2.00,63.00,6.00,27771907,124
105.22,1565153180,0.00,nan,nan,0.00,0.00,0.00,0.00,1,-69.00,-5.00,31.00,2.00,63.00,6.00,27771907,124
106.23,1565153181,0.00,nan,nan,0.00,0.00,0.00,0.00,1,-69.00,-6.00,28.00,2.00,63.00,6.00,27771907,124
107.22,1565153182,0.00,nan,nan,0.00,0.00,0.00,0.00,1,-69.00,-6.00,28.00,2.00,63.00,6.00,27771907,124
108.22,1565153183,0.00,nan,nan,0.00,0.00,0.00,0.00,1,-69.00,-6.00,28.00,2.00,63.00,6.00,27771907,124
109.22,1565153184,0.00,nan,nan,0.00,0.00,0.00,0.00,1,-75.00,-6.00,21.00,2.00,62.00,6.00,27771907,124
110.22,1565153185,0.00,nan,nan,0.00,0.00,0.00,0.00,1,-75.00,-6.00,21.00,2.00,62.00,6.00,27771907,124
111.22,1565153186,0.00,nan,nan,0.00,0.00,0.00,0.00,1,-79.00,-6.00,19.00,2.00,58.00,6.00,27771907,124
112.22,1565153187,0.00,nan,nan,0.00,0.00,0.00,0.00,1,-79.00,-6.00,19.00,2.00,58.00,6.00,27771907,124
113.22,1565153188,0.00,nan,nan,0.00,0.00,0.00,0.00,1,-84.00,-6.00,10.00,2.00,53.00,6.00,27771907,124
114.22,1565153189,0.00,nan,nan,0.00,0.00,0.00,0.00,1,-84.00,-6.00,10.00,2.00,53.00,6.00,27771907,124
115.22,1565153190,0.00,nan,nan,0.00,0.00,0.00,0.00,1,-86.00,-7.00,10.00,2.00,52.00,6.00,27771907,124
116.22,1565153191,0.00,nan,nan,0.00,0.00,0.00,0.00,1,-86.00,-7.00,10.00,2.00,52.00,6.00,27771907,124
117.22,1565153192,0.00,nan,nan,0.00,0.00,0.00,0.00,1,-84.00,-7.00,14.00,2.00,54.00,6.00,27771908,123
118.22,1565153193,0.00,nan,nan,0.00,0.00,0.00,0.00,1,-84.00,-7.00,14.00,2.00,54.00,6.00,27771908,123
119.22,1565153194,0.00,nan,nan,0.00,0.00,0.00,0.00,1,-84.00,-7.00,25.00,2.00,55.00,6.00,27771908,123
120.22,1565153195,0.00,nan,nan,0.00,0.00,0.00,0.00,1,-84.00,-7.00,25.00,2.00,55.00,6.00,27771908,123
121.22,1565153196,0.00,nan,nan,0.00,0.00,0.00,0.00,1,-82.00,-7.00,25.00,2.00,56.00,6.00,27771908,123
122.22,1565153197,0.00,nan,nan,0.00,0.00,0.00,0.00,1,-82.00,-7.00,25.00,2.00,56.00,6.00,27771908,123
123.22,1565153198,0.00,nan,nan,0.00,0.00,0.00,0.00,1,-76.00,-7.00,29.00,15.00,62.00,3.00,27771908,123
124.22,1565153199,0.00,nan,nan,0.00,0.00,0.00,0.00,1,-76.00,-7.00,29.00,15.00,62.00,3.00,27771908,123
125.22,1565153200,0.00,nan,nan,0.00,0.00,0.00,0.00,1,-78.00,-5.00,31.00,14.00,59.00,3.00,27771908,123
126.22,1565153201,0.00,nan,nan,0.00,0.00,0.00,0.00,1,-78.00,-5.00,31.00,14.00,59.00,3.00,27771908,123
127.23,1565153202,0.00,nan,nan,0.00,0.00,0.00,0.00,1,-74.00,-5.00,30.00,15.00,62.00,3.00,27771908,123
128.22,1565153203,0.00,nan,nan,0.00,0.00,0.00,0.00,1,-74.00,-5.00,30.00,15.00,62.00,3.00,27771908,123
129.22,1565153204,0.00,nan,nan,0.00,0.00,0.00,0.00,1,-74.00,-5.00,30.00,15.00,62.00,3.00,27771908,123
130.22,1565153205,0.00,nan,nan,0.00,0.00,0.00,0.00,1,-73.00,-5.00,32.00,13.00,63.00,3.00,27771908,123
131.22,1565153206,0.00,nan,nan,0.00,0.00,0.00,0.00,1,-73.00,-5.00,32.00,13.00,63.00,3.00,27771908,123
132.22,1565153207,0.00,nan,nan,0.00,0.00,0.00,0.00,1,-79.00,-5.00,33.00,9.00,58.00,3.00,27771908,123
133.22,1565153208,0.00,nan,nan,0.00,0.00,0.00,0.00,1,-79.00,-5.00,33.00,9.00,58.00,3.00,27771908,123
134.22,1565153209,0.00,nan,nan,0.00,0.00,0.00,0.00,1,-79.00,-5.00,25.00,15.00,56.00,3.00,27771908,123
135.22,1565153210,0.00,nan,nan,0.00,0.00,0.00,0.00,1,-79.00,-5.00,25.00,15.00,56.00,3.00,27771908,123
136.22,1565153211,0.00,nan,nan,0.00,0.00,0.00,0.00,1,-86.00,-5.00,21.00,15.00,49.00,3.00,27771908,123
137.22,1565153212,0.00,nan,nan,0.00,0.00,0.00,0.00,1,-86.00,-5.00,21.00,15.00,49.00,3.00,27771908,123
138.22,1565153213,0.00,nan,nan,0.00,0.00,0.00,0.00,1,-90.00,-5.00,24.00,15.00,46.00,3.00,27771908,123
139.22,1565153214,0.00,nan,nan,0.00,0.00,0.00,0.00,1,-90.00,-5.00,24.00,15.00,46.00,3.00,27771908,123
140.22,1565153215,0.00,nan,nan,0.00,0.00,0.00,0.00,1,-94.00,-5.00,23.00,12.00,42.00,5.00,27771908,123
141.22,1565153216,0.00,nan,nan,0.00,0.00,0.00,0.00,1,-94.00,-5.00,23.00,12.00,42.00,5.00,27771908,123
142.22,1565153217,0.00,nan,nan,0.00,0.00,0.00,0.00,1,-99.00,-6.00,16.00,12.00,37.00,5.00,27771908,123
143.22,1565153218,0.00,nan,nan,0.00,0.00,0.00,0.00,1,-99.00,-6.00,16.00,12.00,37.00,5.00,27771908,123
144.22,1565153219,0.00,nan,nan,0.00,0.00,0.00,0.00,1,-100.00,-5.00,17.00,12.00,37.00,5.00,27771908,123
145.22,1565153220,0.00,nan,nan,0.00,0.00,0.00,0.00,1,-100.00,-5.00,17.00,12.00,37.00,5.00,27771908,123
146.22,1565153221,0.00,nan,nan,0.00,0.00,0.00,0.00,1,-102.00,-6.00,11.00,10.00,35.00,5.00,27771908,123
147.22,1565153222,0.00,nan,nan,0.00,0.00,0.00,0.00,1,-102.00,-6.00,11.00,10.00,35.00,5.00,27771908,123
148.23,1565153223,0.00,nan,nan,0.00,0.00,0.00,0.00,1,-104.00,-6.00,10.00,12.00,32.00,5.00,27771908,123
149.22,1565153224,0.00,nan,nan,0.00,0.00,0.00,0.00,1,-104.00,-6.00,10.00,12.00,32.00,5.00,27771908,123
150.22,1565153225,0.00,nan,nan,0.00,0.00,0.00,0.00,1,-104.00,-6.00,10.00,12.00,32.00,5.00,27771908,123
151.22,1565153226,0.00,nan,nan,0.00,0.00,0.00,0.00,1,-106.00,-6.00,12.00,8.00,31.00,5.00,27771908,123
152.22,1565153227,0.00,nan,nan,0.00,0.00,0.00,0.00,1,-106.00,-6.00,12.00,8.00,31.00,5.00,27771908,123
153.22,1565153228,0.00,nan,nan,0.00,0.00,0.00,0.00,1,-108.00,-7.00,6.00,9.00,31.00,5.00,27771908,123
154.22,1565153229,0.00,nan,nan,0.00,0.00,0.00,0.00,1,-108.00,-7.00,6.00,9.00,31.00,5.00,27771908,123
155.22,1565153230,0.00,nan,nan,0.00,0.00,0.00,0.00,1,-108.00,-8.00,8.00,10.00,31.00,5.00,27771908,123
156.22,1565153231,0.00,nan,nan,0.00,0.00,0.00,0.00,1,-108.00,-8.00,8.00,10.00,31.00,5.00,27771908,123
157.22,1565153232,0.00,nan,nan,0.00,0.00,0.00,0.00,1,-109.00,-9.00,5.00,7.00,31.00,5.00,27771908,123
158.22,1565153233,0.00,nan,nan,0.00,0.00,0.00,0.00,1,-109.00,-9.00,5.00,7.00,31.00,5.00,27771908,123
159.22,1565153234,0.00,nan,nan,0.00,0.00,0.00,0.00,1,-112.00,-9.00,1.00,8.00,28.00,5.00,27771908,123
160.22,1565153235,0.00,nan,nan,0.00,0.00,0.00,0.00,1,-112.00,-9.00,1.00,8.00,28.00,5.00,27771908,123
161.22,1565153236,0.00,nan,nan,0.00,0.00,0.00,0.00,1,-95.00,-8.00,4.00,9.00,42.00,11.00,35484416,88
162.22,1565153237,0.00,nan,nan,0.00,0.00,0.00,0.00,1,-95.00,-8.00,4.00,9.00,42.00,11.00,35484416,88
163.22,1565153238,0.00,nan,nan,0.00,0.00,0.00,0.00,1,-95.00,-8.00,2.00,8.00,41.00,11.00,35484416,88
164.22,1565153239,0.00,nan,nan,0.00,0.00,0.00,0.00,1,-95.00,-8.00,2.00,8.00,41.00,11.00,35484416,88
165.22,1565153240,0.00,nan,nan,0.00,0.00,0.00,0.00,1,-98.00,-8.00,7.00,7.00,39.00,11.00,35484416,88
166.22,1565153241,0.00,nan,nan,0.00,0.00,0.00,0.00,1,-98.00,-8.00,7.00,7.00,39.00,11.00,35484416,88
167.22,1565153242,0.00,nan,nan,0.00,0.00,0.00,0.00,1,-100.00,-9.00,5.00,7.00,37.00,11.00,35484416,88
168.22,1565153243,0.00,nan,nan,0.00,0.00,0.00,0.00,1,-100.00,-9.00,5.00,7.00,37.00,11.00,35484416,88
169.23,1565153244,0.00,nan,nan,0.00,0.00,0.00,0.00,1,-95.00,-7.00,6.00,10.00,41.00,11.00,35484416,88
170.22,1565153245,0.00,nan,nan,0.00,0.00,0.00,0.00,1,-95.00,-7.00,6.00,10.00,41.00,11.00,35484416,88
171.22,1565153246,0.00,nan,nan,0.00,0.00,0.00,0.00,1,-95.00,-7.00,6.00,10.00,41.00,11.00,35484416,88
172.22,1565153247,0.00,nan,nan,0.00,0.00,0.00,0.00,1,-90.00,-6.00,14.00,14.00,44.00,11.00,27771905,488
173.22,1565153248,0.00,nan,nan,0.00,0.00,0.00,0.00,1,-90.00,-6.00,14.00,14.00,44.00,11.00,27771905,488
174.22,1565153249,0.00,nan,nan,0.00,0.00,0.00,0.00,1,-79.00,-4.00,24.00,15.00,56.00,11.00,27771905,488
175.22,1565153250,0.00,nan,nan,0.00,0.00,0.00,0.00,1,-79.00,-4.00,24.00,15.00,56.00,11.00,27771905,488
176.22,1565153251,0.00,nan,nan,0.00,0.00,0.00,0.00,1,-81.00,-6.00,23.00,14.00,54.00,11.00,27771905,488
177.22,1565153252,0.00,nan,nan,0.00,0.00,0.00,0.00,1,-81.00,-6.00,23.00,14.00,54.00,11.00,27771905,488
178.22,1565153253,0.00,nan,nan,0.00,0.00,0.00,0.00,1,-81.00,-5.00,27.00,14.00,54.00,11.00,27771905,488
179.22,1565153254,0.00,nan,nan,0.00,0.00,0.00,0.00,1,-81.00,-5.00,27.00,14.00,54.00,11.00,27771905,488
180.22,1565153255,0.00,nan,nan,0.00,0.00,0.00,0.00,1,-74.00,-5.00,25.00,15.00,60.00,11.00,27771905,488
181.22,1565153256,0.00,nan,nan,0.00,0.00,0.00,0.00,1,-74.00,-5.00,25.00,15.00,60.00,11.00,27771905,488
182.22,1565153257,0.00,nan,nan,0.00,0.00,0.00,0.00,1,-75.00,-6.00,28.00,15.00,60.00,11.00,27771905,488
183.22,1565153258,0.00,nan,nan,0.00,0.00,0.00,0.00,1,-75.00,-6.00,28.00,15.00,60.00,11.00,27771905,488
184.22,1565153259,0.00,nan,nan,0.00,0.00,0.00,0.00,1,-78.00,-6.00,25.00,14.00,57.00,11.00,27771905,488
185.22,1565153260,0.00,nan,nan,0.00,0.00,0.00,0.00,1,-78.00,-6.00,25.00,14.00,57.00,11.00,27771905,488
186.22,1565153261,0.00,nan,nan,0.00,0.00,0.00,0.00,1,-79.00,-5.00,22.00,15.00,56.00,11.00,27771905,488
187.22,1565153262,0.00,nan,nan,0.00,0.00,0.00,0.00,1,-79.00,-5.00,22.00,15.00,56.00,11.00,27771905,488
188.22,1565153263,0.00,nan,nan,0.00,0.00,0.00,0.00,1,-79.00,-5.00,19.00,15.00,56.00,11.00,27771905,488
189.22,1565153264,0.00,nan,nan,0.00,0.00,0.00,0.00,1,-79.00,-5.00,19.00,15.00,56.00,11.00,27771905,488
190.23,1565153265,0.00,nan,nan,0.00,0.00,0.00,0.00,1,-82.00,-6.00,22.00,12.00,53.00,11.00,27771905,488
191.22,1565153266,0.00,nan,nan,0.00,0.00,0.00,0.00,1,-82.00,-6.00,22.00,12.00,53.00,11.00,27771905,488
192.22,1565153267,0.00,nan,nan,0.00,0.00,0.00,0.00,1,-82.00,-6.00,22.00,12.00,53.00,11.00,27771905,488
193.22,1565153268,0.00,nan,nan,0.00,0.00,0.00,0.00,1,-81.00,-5.00,20.00,14.00,53.00,11.00,27771905,488
194.22,1565153269,0.00,nan,nan,0.00,0.00,0.00,0.00,1,-81.00,-5.00,20.00,14.00,53.00,11.00,27771905,488
195.22,1565153270,0.00,nan,nan,0.00,0.00,0.00,0.00,1,-79.00,-5.00,19.00,14.00,55.00,11.00,27771905,488
196.22,1565153271,0.00,nan,nan,0.00,0.00,0.00,0.00,1,-79.00,-5.00,19.00,14.00,55.00,11.00,27771905,488
197.22,1565153272,0.00,nan,nan,0.00,0.00,0.00,0.00,1,-76.00,-5.00,29.00,14.00,58.00,11.00,27771905,488
198.22,1565153273,0.00,nan,nan,0.00,0.00,0.00,0.00,1,-76.00,-5.00,29.00,14.00,58.00,11.00,27771905,488
199.22,1565153274,0.00,nan,nan,0.00,0.00,0.00,0.00,1,-73.00,-5.00,24.00,12.00,61.00,11.00,27771905,488
200.22,1565153275,0.00,nan,nan,0.00,0.00,0.00,0.00,1,-73.00,-5.00,24.00,12.00,61.00,11.00,27771905,488
201.22,1565153276,0.00,nan,nan,0.00,0.00,0.00,0.00,1,-67.00,-5.00,19.00,14.00,63.00,11.00,27771905,488
202.22,1565153277,0.00,nan,nan,0.00,0.00,0.00,0.00,1,-67.00,-5.00,19.00,14.00,63.00,11.00,27771905,488
203.22,1565153278,0.00,nan,nan,0.00,0.00,0.00,0.00,1,-64.00,-5.00,27.00,14.00,63.00,11.00,27771905,488
204.22,1565153279,0.00,nan,nan,0.00,0.00,0.00,0.00,1,-64.00,-5.00,27.00,14.00,63.00,11.00,27771905,488
205.22,1565153280,0.00,nan,nan,0.00,0.00,0.00,0.00,1,-69.00,-5.00,14.00,14.00,63.00,11.00,27771905,488
206.22,1565153281,0.00,nan,nan,0.00,0.00,0.00,0.00,1,-69.00,-5.00,14.00,14.00,63.00,11.00,27771905,488
207.22,1565153282,0.00,nan,nan,0.00,0.00,0.00,0.00,1,-71.00,-6.00,16.00,13.00,63.00,11.00,27771905,488
208.22,1565153283,0.00,nan,nan,0.00,0.00,0.00,0.00,1,-71.00,-6.00,16.00,13.00,63.00,11.00,27771905,488
209.22,1565153284,0.00,nan,nan,0.00,0.00,0.00,0.00,1,-71.00,-5.00,13.00,1.00,63.00,2.00,27771906,486
210.22,1565153285,0.00,nan,nan,0.00,0.00,0.00,0.00,1,-71.00,-5.00,13.00,1.00,63.00,2.00,27771906,486
211.22,1565153286,0.00,nan,nan,0.00,0.00,0.00,0.00,1,-60.00,-5.00,28.00,15.00,63.00,2.00,27771906,486
212.22,1565153287,0.00,nan,nan,0.00,0.00,0.00,0.00,1,-60.00,-5.00,28.00,15.00,63.00,2.00,27771906,486
213.22,1565153288,0.00,nan,nan,0.00,0.00,0.00,0.00,1,-60.00,-5.00,28.00,15.00,63.00,2.00,27771906,486
214.22,1565153289,0.00,nan,nan,0.00,0.00,0.00,0.00,1,-71.00,-6.00,25.00,15.00,63.00,2.00,27771906,486
215.22,1565153290,0.00,nan,nan,0.00,0.00,0.00,0.00,1,-71.00,-6.00,25.00,15.00,63.00,2.00,27771906,486
216.22,1565153291,0.00,nan,nan,0.00,0.00,0.00,0.00,1,-65.00,-5.00,35.00,15.00,63.00,2.00,27771906,486
217.22,1565153292,0.00,nan,nan,0.00,0.00,0.00,0.00,1,-65.00,-5.00,35.00,15.00,63.00,2.00,27771906,486
218.22,1565153293,0.00,nan,nan,0.00,0.00,0.00,0.00,1,-62.00,-5.00,38.00,15.00,63.00,2.00,27771906,486
219.22,1565153294,0.00,nan,nan,0.00,0.00,0.00,0.00,1,-62.00,-5.00,38.00,15.00,63.00,2.00,27771906,486
220.22,1565153295,0.00,nan,nan,0.00,0.00,0.00,0.00,1,-69.00,-5.00,38.00,15.00,63.00,2.00,27771906,486
221.22,1565153296,0.00,nan,nan,0.00,0.00,0.00,0.00,1,-69.00,-5.00,38.00,15.00,63.00,2.00,27771906,486
222.22,1565153297,0.00,nan,nan,0.00,0.00,0.00,0.00,1,-71.00,-6.00,25.00,15.00,63.00,2.00,27771906,486
223.22,1565153298,0.00,nan,nan,0.00,0.00,0.00,0.00,1,-71.00,-6.00,25.00,15.00,63.00,2.00,27771906,486
224.22,1565153299,0.00,nan,nan,0.00,0.00,0.00,0.00,1,-70.00,-6.00,24.00,14.00,63.00,2.00,27771906,486
225.22,1565153300,0.00,nan,nan,0.00,0.00,0.00,0.00,1,-70.00,-6.00,24.00,14.00,63.00,2.00,27771906,486
226.22,1565153301,0.00,nan,nan,0.00,0.00,0.00,0.00,1,-73.00,-8.00,17.00,15.00,63.00,2.00,27771906,486
227.22,1565153302,0.00,nan,nan,0.00,0.00,0.00,0.00,1,-73.00,-8.00,17.00,15.00,63.00,2.00,27771906,486
228.22,1565153303,0.00,nan,nan,0.00,0.00,0.00,0.00,1,-61.00,-8.00,5.00,13.00,63.00,2.00,27771906,486
229.22,1565153304,0.00,nan,nan,0.00,0.00,0.00,0.00,1,-61.00,-8.00,5.00,13.00,63.00,2.00,27771906,486
230.22,1565153305,0.00,nan,nan,0.00,0.00,0.00,0.00,1,-60.00,-8.00,18.00,10.00,63.00,2.00,27771906,486
231.22,1565153306,0.00,nan,nan,0.00,0.00,0.00,0.00,1,-60.00,-8.00,18.00,10.00,63.00,2.00,27771906,486
232.23,1565153307,0.00,nan,nan,0.00,0.00,0.00,0.00,1,-62.00,-8.00,11.00,2.00,63.00,2.00,27771906,486
233.22,1565153308,0.00,nan,nan,0.00,0.00,0.00,0.00,1,-62.00,-8.00,11.00,2.00,63.00,2.00,27771906,486
234.22,1565153309,0.00,nan,nan,0.00,0.00,0.00,0.00,1,-62.00,-8.00,11.00,2.00,63.00,2.00,27771906,486
235.22,1565153310,0.00,nan,nan,0.00,0.00,0.00,0.00,1,-78.00,-6.00,26.00,2.00,58.00,2.00,27771909,125
236.22,1565153311,0.00,nan,nan,0.00,0.00,0.00,0.00,1,-78.00,-6.00,26.00,2.00,58.00,2.00,27771909,125
237.22,1565153312,0.00,nan,nan,0.00,0.00,0.00,0.00,1,-81.00,-6.00,27.00,2.00,56.00,2.00,27771909,125
238.22,1565153313,0.00,nan,nan,0.00,0.00,0.00,0.00,1,-81.00,-6.00,27.00,2.00,56.00,2.00,27771909,125
239.22,1565153314,0.00,nan,nan,0.00,0.00,0.00,0.00,1,-81.00,-6.00,27.00,2.00,56.00,2.00,27771909,125
240.22,1565153315,0.00,nan,nan,0.00,0.00,0.00,0.00,1,-81.00,-6.00,27.00,2.00,56.00,2.00,27771909,125
241.22,1565153316,0.00,nan,nan,0.00,0.00,0.00,0.00,1,-81.00,-6.00,23.00,2.00,56.00,2.00,27771909,125
242.22,1565153317,0.00,nan,nan,0.00,0.00,0.00,0.00,1,-81.00,-6.00,23.00,2.00,56.00,2.00,27771909,125
243.22,1565153318,0.00,nan,nan,0.00,0.00,0.00,0.00,1,-84.00,-7.00,27.00,14.00,55.00,3.00,27771909,125
244.22,1565153319,0.00,nan,nan,0.00,0.00,0.00,0.00,1,-84.00,-7.00,27.00,14.00,55.00,3.00,27771909,125
245.22,1565153320,0.00,nan,nan,0.00,0.00,0.00,0.00,1,-72.00,-5.00,15.00,15.00,57.00,3.00,27771909,125
246.22,1565153321,0.00,nan,nan,0.00,0.00,0.00,0.00,1,-72.00,-5.00,15.00,15.00,57.00,3.00,27771909,125
247.22,1565153322,0.00,nan,nan,0.00,0.00,0.00,0.00,1,-72.00,-4.00,16.00,15.00,58.00,3.00,27771909,125
248.22,1565153323,0.00,nan,nan,0.00,0.00,0.00,0.00,1,-72.00,-4.00,16.00,15.00,58.00,3.00,27771909,125
249.22,1565153324,0.00,nan,nan,0.00,0.00,0.00,0.00,1,-81.00,-5.00,21.00,15.00,53.00,3.00,27771909,125
250.22,1565153325,0.00,nan,nan,0.00,0.00,0.00,0.00,1,-81.00,-5.00,21.00,15.00,53.00,3.00,27771909,125
251.22,1565153326,0.00,nan,nan,0.00,0.00,0.00,0.00,1,-87.00,-5.00,22.00,14.00,50.00,3.00,27771909,125
252.22,1565153327,0.00,nan,nan,0.00,0.00,0.00,0.00,1,-87.00,-5.00,22.00,14.00,50.00,3.00,27771909,125
253.23,1565153328,0.00,nan,nan,0.00,0.00,0.00,0.00,1,-91.00,-5.00,22.00,12.00,46.00,3.00,27771909,125
254.22,1565153329,0.00,nan,nan,0.00,0.00,0.00,0.00,1,-91.00,-5.00,22.00,12.00,46.00,3.00,27771909,125
255.22,1565153330,0.00,nan,nan,0.00,0.00,0.00,0.00,1,-91.00,-5.00,22.00,12.00,46.00,3.00,27771909,125
256.22,1565153331,0.00,nan,nan,0.00,0.00,0.00,0.00,1,-91.00,-6.00,10.00,12.00,46.00,3.00,27771909,125
257.22,1565153332,0.00,nan,nan,0.00,0.00,0.00,0.00,1,-91.00,-6.00,10.00,12.00,46.00,3.00,27771909,125
258.22,1565153333,0.00,nan,nan,0.00,0.00,0.00,0.00,1,-90.00,-6.00,18.00,12.00,46.00,3.00,27771909,125
259.22,1565153334,0.00,nan,nan,0.00,0.00,0.00,0.00,1,-90.00,-6.00,18.00,12.00,46.00,3.00,27771909,125
260.22,1565153335,0.00,nan,nan,0.00,0.00,0.00,0.00,1,-85.00,-5.00,14.00,2.00,44.00,3.00,27771909,125
261.22,1565153336,0.00,nan,nan,0.00,0.00,0.00,0.00,1,-85.00,-5.00,14.00,2.00,44.00,3.00,27771909,125
262.22,1565153337,0.00,nan,nan,0.00,0.00,0.00,0.00,1,-89.00,-6.00,18.00,2.00,47.00,3.00,27771909,125
263.22,1565153338,0.00,nan,nan,0.00,0.00,0.00,0.00,1,-89.00,-6.00,18.00,2.00,47.00,3.00,27771909,125
264.22,1565153339,0.00,nan,nan,0.00,0.00,0.00,0.00,1,-90.00,-6.00,15.00,2.00,47.00,3.00,27771909,125
265.22,1565153340,0.00,nan,nan,0.00,0.00,0.00,0.00,1,-90.00,-6.00,15.00,2.00,47.00,3.00,27771909,125
266.22,1565153341,0.00,nan,nan,0.00,0.00,0.00,0.00,1,-92.00,-7.00,13.00,2.00,47.00,3.00,27771909,125
267.22,1565153342,0.00,nan,nan,0.00,0.00,0.00,0.00,1,-92.00,-7.00,13.00,2.00,47.00,3.00,27771909,125
268.22,1565153343,0.00,nan,nan,0.00,0.00,0.00,0.00,1,-91.00,-7.00,14.00,2.00,47.00,3.00,27771909,125
269.22,1565153344,0.00,nan,nan,0.00,0.00,0.00,0.00,1,-91.00,-7.00,14.00,2.00,47.00,3.00,27771909,125
270.22,1565153345,0.00,nan,nan,0.00,0.00,0.00,0.00,1,-95.00,-8.00,1.00,2.00,41.00,3.00,27771909,125
271.22,1565153346,0.00,nan,nan,0.00,0.00,0.00,0.00,1,-95.00,-8.00,1.00,2.00,41.00,3.00,27771909,125
272.22,1565153347,0.00,nan,nan,0.00,0.00,0.00,0.00,1,-102.00,-6.00,9.00,2.00,35.00,3.00,30422273,403
273.22,1565153348,0.00,nan,nan,0.00,0.00,0.00,0.00,1,-102.00,-6.00,9.00,2.00,35.00,3.00,30422273,403
274.23,1565153349,0.00,nan,nan,0.00,0.00,0.00,0.00,1,-101.00,-6.00,6.00,2.00,36.00,3.00,30422273,403
275.22,1565153350,0.00,nan,nan,0.00,0.00,0.00,0.00,1,-101.00,-6.00,6.00,2.00,36.00,3.00,30422273,403
276.22,1565153351,0.00,nan,nan,0.00,0.00,0.00,0.00,1,-101.00,-6.00,6.00,2.00,36.00,3.00,30422273,403
277.22,1565153352,0.00,nan,nan,0.00,0.00,0.00,0.00,1,-100.00,-5.00,2.00,2.00,36.00,3.00,30422273,403
278.22,1565153353,0.00,nan,nan,0.00,0.00,0.00,0.00,1,-100.00,-5.00,2.00,2.00,36.00,3.00,30422273,403
279.22,1565153354,0.00,nan,nan,0.00,0.00,0.00,0.00,1,-104.00,-6.00,5.00,2.00,34.00,3.00,30422273,403
280.22,1565153355,0.00,nan,nan,0.00,0.00,0.00,0.00,1,-104.00,-6.00,5.00,2.00,34.00,3.00,30422273,403
281.22,1565153356,0.00,nan,nan,0.00,0.00,0.00,0.00,1,-109.00,-7.00,6.00,2.00,30.00,3.00,30422273,403
282.22,1565153357,0.00,nan,nan,0.00,0.00,0.00,0.00,1,-109.00,-7.00,6.00,2.00,30.00,3.00,30422273,403
283.22,1565153358,0.00,nan,nan,0.00,0.00,0.00,0.00,1,-110.00,-7.00,0.00,2.00,29.00,3.00,30422273,403
284.22,1565153359,0.00,nan,nan,0.00,0.00,0.00,0.00,1,-110.00,-7.00,0.00,2.00,29.00,3.00,30422273,403
285.22,1565153360,0.00,nan,nan,0.00,0.00,0.00,0.00,1,-111.00,-8.00,7.00,2.00,28.00,3.00,30422273,403
286.22,1565153361,0.00,nan,nan,0.00,0.00,0.00,0.00,1,-111.00,-8.00,7.00,2.00,28.00,3.00,30422273,403
287.22,1565153362,0.00,nan,nan,0.00,0.00,0.00,0.00,1,-110.00,-7.00,7.00,2.00,28.00,3.00,30422273,403
288.22,1565153363,0.00,nan,nan,0.00,0.00,0.00,0.00,1,-110.00,-7.00,7.00,2.00,28.00,3.00,30422273,403
289.22,1565153364,0.00,nan,nan,0.00,0.00,0.00,0.00,1,-110.00,-8.00,0.00,2.00,29.00,3.00,30422273,403
290.22,1565153365,0.00,nan,nan,0.00,0.00,0.00,0.00,1,-110.00,-8.00,0.00,2.00,29.00,3.00,30422273,403
291.22,1565153366,0.00,nan,nan,0.00,0.00,0.00,0.00,1,-112.00,-10.00,-6.00,2.00,28.00,3.00,30422273,403
292.22,1565153367,0.00,nan,nan,0.00,0.00,0.00,0.00,1,-112.00,-10.00,-6.00,2.00,28.00,3.00,30422273,403
293.22,1565153368,0.00,nan,nan,0.00,0.00,0.00,0.00,1,-115.00,-12.00,-8.00,2.00,28.00,3.00,33527552,403
294.22,1565153369,0.00,nan,nan,0.00,0.00,0.00,0.00,1,-115.00,-12.00,-8.00,2.00,28.00,3.00,33527552,403
295.23,1565153370,0.00,nan,nan,0.00,0.00,0.00,0.00,1,-114.00,-13.00,-6.00,2.00,30.00,3.00,33527552,231
296.22,1565153371,0.00,nan,nan,0.00,0.00,0.00,0.00,1,-114.00,-13.00,-6.00,2.00,30.00,3.00,33527552,231
297.22,1565153372,0.00,nan,nan,0.00,0.00,0.00,0.00,1,-114.00,-13.00,-6.00,2.00,30.00,3.00,33527552,231
298.22,1565153373,0.00,nan,nan,0.00,0.00,0.00,0.00,1,-114.00,-12.00,-2.00,2.00,29.00,3.00,33527552,231
299.22,1565153374,0.00,nan,nan,0.00,0.00,0.00,0.00,1,-114.00,-12.00,-2.00,2.00,29.00,3.00,33527552,231
300.22,1565153375,0.00,nan,nan,0.00,0.00,0.00,0.00,1,-114.00,-11.00,5.00,2.00,28.00,3.00,33527552,231
301.22,1565153376,0.00,nan,nan,0.00,0.00,0.00,0.00,1,-114.00,-11.00,5.00,2.00,28.00,3.00,33527552,231
302.22,1565153377,0.00,nan,nan,0.00,0.00,0.00,0.00,1,-114.00,-11.00,-2.00,2.00,29.00,3.00,33527552,231
303.22,1565153378,0.00,nan,nan,0.00,0.00,0.00,0.00,1,-114.00,-11.00,-2.00,2.00,29.00,3.00,33527552,231
304.22,1565153379,0.00,nan,nan,0.00,0.00,0.00,0.00,1,-114.00,-12.00,2.00,2.00,29.00,3.00,33527552,231
305.22,1565153380,0.00,nan,nan,0.00,0.00,0.00,0.00,1,-114.00,-12.00,2.00,2.00,29.00,3.00,33527552,231
306.22,1565153381,0.00,nan,nan,0.00,0.00,0.00,0.00,1,-112.00,-11.00,0.00,2.00,31.00,3.00,33527552,231
307.22,1565153382,0.00,nan,nan,0.00,0.00,0.00,0.00,1,-112.00,-11.00,0.00,2.00,31.00,3.00,33527552,231
308.22,1565153383,0.00,nan,nan,0.00,0.00,0.00,0.00,1,-109.00,-9.00,0.00,2.00,31.00,3.00,33527552,231
309.22,1565153384,0.00,nan,nan,0.00,0.00,0.00,0.00,1,-109.00,-9.00,0.00,2.00,31.00,3.00,33527552,231
310.22,1565153385,0.00,nan,nan,0.00,0.00,0.00,0.00,1,-106.00,-9.00,0.00,2.00,34.00,3.00,33527552,231
311.22,1565153386,0.00,nan,nan,0.00,0.00,0.00,0.00,1,-106.00,-9.00,0.00,2.00,34.00,3.00,33527552,231
312.22,1565153387,0.00,nan,nan,0.00,0.00,0.00,0.00,1,-105.00,-9.00,-6.00,2.00,35.00,3.00,33527552,231
313.22,1565153388,0.00,nan,nan,0.00,0.00,0.00,0.00,1,-105.00,-9.00,-6.00,2.00,35.00,3.00,33527552,231
314.22,1565153389,0.00,nan,nan,0.00,0.00,0.00,0.00,1,-102.00,-8.00,-2.00,2.00,38.00,3.00,27771908,123
315.22,1565153390,0.00,nan,nan,0.00,0.00,0.00,0.00,1,-102.00,-8.00,-2.00,2.00,38.00,3.00,27771908,123
316.23,1565153391,0.00,nan,nan,0.00,0.00,0.00,0.00,1,-98.00,-8.00,-7.00,2.00,42.00,3.00,27771908,123
317.22,1565153392,0.00,nan,nan,0.00,0.00,0.00,0.00,1,-98.00,-8.00,-7.00,2.00,42.00,3.00,27771908,123
318.22,1565153393,0.00,nan,nan,0.00,0.00,0.00,0.00,1,-98.00,-8.00,-7.00,2.00,42.00,3.00,27771908,123
319.22,1565153394,0.00,nan,nan,0.00,0.00,0.00,0.00,1,-88.00,-8.00,18.00,2.00,52.00,3.00,33527552,231
320.22,1565153395,0.00,nan,nan,0.00,0.00,0.00,0.00,1,-88.00,-8.00,18.00,2.00,52.00,3.00,33527552,231
321.22,1565153396,0.00,nan,nan,0.00,0.00,0.00,0.00,1,-84.00,-5.00,22.00,13.00,53.00,14.00,33527552,231
322.22,1565153397,0.00,nan,nan,0.00,0.00,0.00,0.00,1,-84.00,-5.00,22.00,13.00,53.00,14.00,33527552,231
323.22,1565153398,0.00,nan,nan,0.00,0.00,0.00,0.00,1,-84.00,-6.00,22.00,12.00,54.00,14.00,33527552,231
324.22,1565153399,0.00,nan,nan,0.00,0.00,0.00,0.00,1,-84.00,-6.00,22.00,12.00,54.00,14.00,33527552,231
325.22,1565153400,0.00,nan,nan,0.00,0.00,0.00,0.00,1,-84.00,-6.00,25.00,15.00,53.00,14.00,33527552,231
326.22,1565153401,0.00,nan,nan,0.00,0.00,0.00,0.00,1,-84.00,-6.00,25.00,15.00,53.00,14.00,33527552,231
327.22,1565153402,0.00,nan,nan,0.00,0.00,0.00,0.00,1,-83.00,-5.00,25.00,15.00,53.00,14.00,33527552,231
328.22,1565153403,0.00,nan,nan,0.00,0.00,0.00,0.00,1,-83.00,-5.00,25.00,15.00,53.00,14.00,33527552,231
329.22,1565153404,0.00,nan,nan,0.00,0.00,0.00,0.00,1,-80.00,-4.00,23.00,15.00,56.00,14.00,33527552,231
330.22,1565153405,0.00,nan,nan,0.00,0.00,0.00,0.00,1,-80.00,-4.00,23.00,15.00,56.00,14.00,33527552,231
331.22,1565153406,0.00,nan,nan,0.00,0.00,0.00,0.00,1,-77.00,-4.00,27.00,1.00,60.00,14.00,33527552,231
332.22,1565153407,0.00,nan,nan,0.00,0.00,0.00,0.00,1,-77.00,-4.00,27.00,1.00,60.00,14.00,33527552,231
333.22,1565153408,0.00,nan,nan,0.00,0.00,0.00,0.00,1,-78.00,-5.00,26.00,15.00,60.00,14.00,33527552,231
334.22,1565153409,0.00,nan,nan,0.00,0.00,0.00,0.00,1,-78.00,-5.00,26.00,15.00,60.00,14.00,33527552,231
335.22,1565153410,0.00,nan,nan,0.00,0.00,0.00,0.00,1,-77.00,-5.00,27.00,15.00,61.00,14.00,33527552,231
336.22,1565153411,0.00,nan,nan,0.00,0.00,0.00,0.00,1,-77.00,-5.00,27.00,15.00,61.00,14.00,33527552,231
337.23,1565153412,0.00,nan,nan,0.00,0.00,0.00,0.00,1,-68.00,-4.00,32.00,2.00,63.00,14.00,33527552,231
338.22,1565153413,0.00,nan,nan,0.00,0.00,0.00,0.00,1,-68.00,-4.00,32.00,2.00,63.00,14.00,33527552,231
339.22,1565153414,0.00,nan,nan,0.00,0.00,0.00,0.00,1,-68.00,-4.00,32.00,2.00,63.00,14.00,33527552,231
340.22,1565153415,0.00,nan,nan,0.00,0.00,0.00,0.00,1,-70.00,-5.00,29.00,2.00,63.00,14.00,33527552,231
341.22,1565153416,0.00,nan,nan,0.00,0.00,0.00,0.00,1,-70.00,-5.00,29.00,2.00,63.00,14.00,33527552,231
342.22,1565153417,0.00,nan,nan,0.00,0.00,0.00,0.00,1,-68.00,-7.00,32.00,2.00,63.00,14.00,33527552,231
343.22,1565153418,0.00,nan,nan,0.00,0.00,0.00,0.00,1,-68.00,-7.00,32.00,2.00,63.00,14.00,33527552,231
344.22,1565153419,0.00,nan,nan,0.00,0.00,0.00,0.00,1,-66.00,-7.00,29.00,2.00,63.00,14.00,33527552,231
345.22,1565153420,0.00,nan,nan,0.00,0.00,0.00,0.00,1,-66.00,-7.00,29.00,2.00,63.00,14.00,33527552,231
346.22,1565153421,0.00,nan,nan,0.00,0.00,0.00,0.00,1,-66.00,-6.00,30.00,2.00,63.00,14.00,33527552,231
347.22,1565153422,0.00,nan,nan,0.00,0.00,0.00,0.00,1,-66.00,-6.00,30.00,2.00,63.00,14.00,33527552,231
348.22,1565153423,0.00,nan,nan,0.00,0.00,0.00,0.00,1,-68.00,-5.00,33.00,2.00,63.00,14.00,33527552,231
349.22,1565153424,0.00,nan,nan,0.00,0.00,0.00,0.00,1,-68.00,-5.00,33.00,2.00,63.00,14.00,33527552,231
350.22,1565153425,0.00,nan,nan,0.00,0.00,0.00,0.00,1,-69.00,-5.00,24.00,2.00,63.00,14.00,33527552,231
351.22,1565153426,0.00,nan,nan,0.00,0.00,0.00,0.00,1,-69.00,-5.00,24.00,2.00,63.00,14.00,33527552,231
352.22,1565153427,0.00,nan,nan,0.00,0.00,0.00,0.00,1,-77.00,-6.00,22.00,2.00,60.00,14.00,33527552,231
353.22,1565153428,0.00,nan,nan,0.00,0.00,0.00,0.00,1,-77.00,-6.00,22.00,2.00,60.00,14.00,33527552,231
354.22,1565153429,0.00,nan,nan,0.00,0.00,0.00,0.00,1,-81.00,-5.00,25.00,2.00,55.00,14.00,33527552,231
355.22,1565153430,0.00,nan,nan,0.00,0.00,0.00,0.00,1,-81.00,-5.00,25.00,2.00,55.00,14.00,33527552,231
356.22,1565153431,0.00,nan,nan,0.00,0.00,0.00,0.00,1,-79.00,-5.00,22.00,2.00,57.00,14.00,33527552,231
357.22,1565153432,0.00,nan,nan,0.00,0.00,0.00,0.00,1,-79.00,-5.00,22.00,2.00,57.00,14.00,33527552,231
358.23,1565153433,0.00,nan,nan,0.00,0.00,0.00,0.00,1,-80.00,-8.00,1.00,2.00,60.00,14.00,33527552,231
359.22,1565153434,0.00,nan,nan,0.00,0.00,0.00,0.00,1,-80.00,-8.00,1.00,2.00,60.00,14.00,33527552,231
360.22,1565153435,0.00,nan,nan,0.00,0.00,0.00,0.00,1,-80.00,-8.00,1.00,2.00,60.00,14.00,33527552,231
361.22,1565153436,0.00,nan,nan,0.00,0.00,0.00,0.00,1,-81.00,-6.00,22.00,2.00,54.00,14.00,33527554,233
362.22,1565153437,0.00,nan,nan,0.00,0.00,0.00,0.00,1,-81.00,-6.00,22.00,2.00,54.00,14.00,33527554,233
363.22,1565153438,0.00,nan,nan,0.00,0.00,0.00,0.00,1,-82.00,-6.00,23.00,12.00,54.00,2.00,33527554,233
364.22,1565153439,0.00,nan,nan,0.00,0.00,0.00,0.00,1,-82.00,-6.00,23.00,12.00,54.00,2.00,33527554,233
365.22,1565153440,0.00,nan,nan,0.00,0.00,0.00,0.00,1,-92.00,-5.00,20.00,11.00,45.00,2.00,33527554,233
366.22,1565153441,0.00,nan,nan,0.00,0.00,0.00,0.00,1,-92.00,-5.00,20.00,11.00,45.00,2.00,33527554,233
367.22,1565153442,0.00,nan,nan,0.00,0.00,0.00,0.00,1,-86.00,-6.00,13.00,12.00,46.00,2.00,33527554,233
368.22,1565153443,0.00,nan,nan,0.00,0.00,0.00,0.00,1,-86.00,-6.00,13.00,12.00,46.00,2.00,33527554,233
369.22,1565153444,0.00,nan,nan,0.00,0.00,0.00,0.00,1,-89.00,-6.00,19.00,12.00,49.00,2.00,33527554,233
370.22,1565153445,0.00,nan,nan,0.00,0.00,0.00,0.00,1,-89.00,-6.00,19.00,12.00,49.00,2.00,33527554,233
371.22,1565153446,0.00,nan,nan,0.00,0.00,0.00,0.00,1,-86.00,-5.00,22.00,12.00,52.00,2.00,33527554,233
372.22,1565153447,0.00,nan,nan,0.00,0.00,0.00,0.00,1,-86.00,-5.00,22.00,12.00,52.00,2.00,33527554,233
373.22,1565153448,0.00,nan,nan,0.00,0.00,0.00,0.00,1,-81.00,-6.00,29.00,15.00,55.00,2.00,33527554,233
374.22,1565153449,0.00,nan,nan,0.00,0.00,0.00,0.00,1,-81.00,-6.00,29.00,15.00,55.00,2.00,33527554,233
375.22,1565153450,0.00,nan,nan,0.00,0.00,0.00,0.00,1,-72.00,-5.00,25.00,13.00,63.00,2.00,33527554,233
376.22,1565153451,0.00,nan,nan,0.00,0.00,0.00,0.00,1,-72.00,-5.00,25.00,13.00,63.00,2.00,33527554,233
377.22,1565153452,0.00,nan,nan,0.00,0.00,0.00,0.00,1,-83.00,-6.00,18.00,12.00,54.00,2.00,33527554,233
378.22,1565153453,0.00,nan,nan,0.00,0.00,0.00,0.00,1,-83.00,-6.00,18.00,12.00,54.00,2.00,33527554,233
379.23,1565153454,0.00,nan,nan,0.00,0.00,0.00,0.00,1,-81.00,-5.00,25.00,2.00,52.00,2.00,33527554,233
380.22,1565153455,0.00,nan,nan,0.00,0.00,0.00,0.00,1,-81.00,-5.00,25.00,2.00,52.00,2.00,33527554,233
381.22,1565153456,0.00,nan,nan,0.00,0.00,0.00,0.00,1,-81.00,-5.00,25.00,2.00,52.00,2.00,33527554,233
382.22,1565153457,0.00,nan,nan,0.00,0.00,0.00,0.00,1,-83.00,-5.00,19.00,2.00,51.00,2.00,33527554,233
383.22,1565153458,0.00,nan,nan,0.00,0.00,0.00,0.00,1,-83.00,-5.00,19.00,2.00,51.00,2.00,33527554,233
384.22,1565153459,0.00,nan,nan,0.00,0.00,0.00,0.00,1,-86.00,-6.00,18.00,2.00,50.00,2.00,33527554,233
385.22,1565153460,0.00,nan,nan,0.00,0.00,0.00,0.00,1,-86.00,-6.00,18.00,2.00,50.00,2.00,33527554,233
386.22,1565153461,0.00,nan,nan,0.00,0.00,0.00,0.00,1,-92.00,-6.00,7.00,2.00,45.00,2.00,33527554,233
387.22,1565153462,0.00,nan,nan,0.00,0.00,0.00,0.00,1,-92.00,-6.00,7.00,2.00,45.00,2.00,33527554,233
388.22,1565153463,0.00,nan,nan,0.00,0.00,0.00,0.00,1,-94.00,-6.00,16.00,2.00,44.00,2.00,33527554,233
389.22,1565153464,0.00,nan,nan,0.00,0.00,0.00,0.00,1,-94.00,-6.00,16.00,2.00,44.00,2.00,33527554,233
390.22,1565153465,0.00,nan,nan,0.00,0.00,0.00,0.00,1,-96.00,-7.00,12.00,2.00,42.00,2.00,33527554,233
391.22,1565153466,0.00,nan,nan,0.00,0.00,0.00,0.00,1,-96.00,-7.00,12.00,2.00,42.00,2.00,33527554,233
392.22,1565153467,0.00,nan,nan,0.00,0.00,0.00,0.00,1,-99.00,-7.00,-3.00,2.00,40.00,2.00,33527554,233
393.22,1565153468,0.00,nan,nan,0.00,0.00,0.00,0.00,1,-99.00,-7.00,-3.00,2.00,40.00,2.00,33527554,233
394.22,1565153469,0.00,nan,nan,0.00,0.00,0.00,0.00,1,-105.00,-12.00,-7.00,2.00,39.00,2.00,29568770,414
395.22,1565153470,0.00,nan,nan,0.00,0.00,0.00,0.00,1,-105.00,-12.00,-7.00,2.00,39.00,2.00,29568770,414
396.22,1565153471,0.00,nan,nan,0.00,0.00,0.00,0.00,1,-106.00,-13.00,-7.00,2.00,39.00,2.00,27771140,49
397.22,1565153472,0.00,nan,nan,0.00,0.00,0.00,0.00,1,-106.00,-13.00,-7.00,2.00,39.00,2.00,27771140,49
398.22,1565153473,0.00,nan,nan,0.00,0.00,0.00,0.00,1,-104.00,-12.00,4.00,2.00,40.00,2.00,27770883,375
399.22,1565153474,0.00,nan,nan,0.00,0.00,0.00,0.00,1,-104.00,-12.00,4.00,2.00,40.00,2.00,27770883,375
400.23,1565153475,0.00,nan,nan,0.00,0.00,0.00,0.00,1,-103.00,-13.00,4.00,2.00,41.00,2.00,27770883,375
401.22,1565153476,0.00,nan,nan,0.00,0.00,0.00,0.00,1,-103.00,-13.00,4.00,2.00,41.00,2.00,27770883,375
402.22,1565153477,0.00,nan,nan,0.00,0.00,0.00,0.00,1,-103.00,-13.00,4.00,2.00,41.00,2.00,27770883,375
403.22,1565153478,0.00,nan,nan,0.00,0.00,0.00,0.00,1,-102.00,-12.00,-2.00,2.00,41.00,2.00,27770883,375
404.22,1565153479,0.00,nan,nan,0.00,0.00,0.00,0.00,1,-102.00,-12.00,-2.00,2.00,41.00,2.00,27770883,375
405.22,1565153480,0.00,nan,nan,0.00,0.00,0.00,0.00,1,-98.00,-10.00,2.00,2.00,43.00,2.00,33837570,348
406.22,1565153481,0.00,nan,nan,0.00,0.00,0.00,0.00,1,-98.00,-10.00,2.00,2.00,43.00,2.00,33837570,348
407.22,1565153482,0.00,nan,nan,0.00,0.00,0.00,0.00,1,-96.00,-9.00,-3.00,2.00,45.00,2.00,33837570,348
408.22,1565153483,0.00,nan,nan,0.00,0.00,0.00,0.00,1,-96.00,-9.00,-3.00,2.00,45.00,2.00,33837570,348
409.22,1565153484,0.00,nan,nan,0.00,0.00,0.00,0.00,1,-95.00,-8.00,0.00,2.00,45.00,2.00,33837570,348
410.22,1565153485,0.00,nan,nan,0.00,0.00,0.00,0.00,1,-95.00,-8.00,0.00,2.00,45.00,2.00,33837570,348
411.22,1565153486,0.00,nan,nan,0.00,0.00,0.00,0.00,1,-97.00,-9.00,-1.00,2.00,45.00,2.00,33837570,348
412.22,1565153487,0.00,nan,nan,0.00,0.00,0.00,0.00,1,-97.00,-9.00,-1.00,2.00,45.00,2.00,33837570,348
413.22,1565153488,0.00,nan,nan,0.00,0.00,0.00,0.00,1,-94.00,-8.00,6.00,2.00,46.00,2.00,33837570,348
414.22,1565153489,0.00,nan,nan,0.00,0.00,0.00,0.00,1,-94.00,-8.00,6.00,2.00,46.00,2.00,33837570,348
415.22,1565153490,0.00,nan,nan,0.00,0.00,0.00,0.00,1,-91.00,-7.00,2.00,2.00,48.00,2.00,33837570,348
416.22,1565153491,0.00,nan,nan,0.00,0.00,0.00,0.00,1,-91.00,-7.00,2.00,2.00,48.00,2.00,33837570,348
417.22,1565153492,0.00,nan,nan,0.00,0.00,0.00,0.00,1,-89.00,-8.00,-8.00,2.00,51.00,2.00,33837570,348
418.22,1565153493,0.00,nan,nan,0.00,0.00,0.00,0.00,1,-89.00,-8.00,-8.00,2.00,51.00,2.00,33837570,348
419.22,1565153494,0.00,nan,nan,0.00,0.00,0.00,0.00,1,-84.00,-7.00,7.00,2.00,54.00,2.00,27770883,375
420.22,1565153495,0.00,nan,nan,0.00,0.00,0.00,0.00,1,-84.00,-7.00,7.00,2.00,54.00,2.00,27770883,375
421.23,1565153496,0.00,nan,nan,0.00,0.00,0.00,0.00,1,-85.00,-8.00,17.00,14.00,54.00,8.00,27770883,375
422.22,1565153497,0.00,nan,nan,0.00,0.00,0.00,0.00,1,-85.00,-8.00,17.00,14.00,54.00,8.00,27770883,375
423.22,1565153498,0.00,nan,nan,0.00,0.00,0.00,0.00,1,-85.00,-8.00,17.00,14.00,54.00,8.00,27770883,375
424.22,1565153499,0.00,nan,nan,0.00,0.00,0.00,0.00,1,-78.00,-7.00,16.00,15.00,59.00,8.00,27770883,375
425.22,1565153500,0.00,nan,nan,0.00,0.00,0.00,0.00,1,-78.00,-7.00,16.00,15.00,59.00,8.00,27770883,375
426.22,1565153501,0.00,nan,nan,0.00,0.00,0.00,0.00,1,-74.00,-6.00,11.00,11.00,63.00,8.00,27770883,375
427.22,1565153502,0.00,nan,nan,0.00,0.00,0.00,0.00,1,-74.00,-6.00,11.00,11.00,63.00,8.00,27770883,375
428.22,1565153503,0.00,nan,nan,0.00,0.00,0.00,0.00,1,-79.00,-6.00,14.00,15.00,59.00,8.00,27770883,375
429.22,1565153504,0.00,nan,nan,0.00,0.00,0.00,0.00,1,-79.00,-6.00,14.00,15.00,59.00,8.00,27770883,375
430.22,1565153505,0.00,nan,nan,0.00,0.00,0.00,0.00,1,-85.00,-7.00,13.00,14.00,53.00,8.00,27770883,375
431.22,1565153506,0.00,nan,nan,0.00,0.00,0.00,0.00,1,-85.00,-7.00,13.00,14.00,53.00,8.00,27770883,375
432.22,1565153507,0.00,nan,nan,0.00,0.00,0.00,0.00,1,-86.00,-7.00,13.00,12.00,52.00,8.00,27770883,375
433.22,1565153508,0.00,nan,nan,0.00,0.00,0.00,0.00,1,-86.00,-7.00,13.00,12.00,52.00,8.00,27770883,375
434.22,1565153509,0.00,nan,nan,0.00,0.00,0.00,0.00,1,-88.00,-6.00,6.00,6.00,50.00,14.00,29563905,97
435.22,1565153510,0.00,nan,nan,0.00,0.00,0.00,0.00,1,-88.00,-6.00,6.00,6.00,50.00,14.00,29563905,97
436.22,1565153511,0.00,nan,nan,0.00,0.00,0.00,0.00,1,-75.00,-8.00,8.00,6.00,57.00,4.00,27770883,375
437.22,1565153512,0.00,nan,nan,0.00,0.00,0.00,0.00,1,-75.00,-8.00,8.00,6.00,57.00,4.00,27770883,375
438.22,1565153513,0.00,nan,nan,0.00,0.00,0.00,0.00,1,-98.00,-11.00,-1.00,5.00,42.00,4.00,27770883,375
439.22,1565153514,0.00,nan,nan,0.00,0.00,0.00,0.00,1,-98.00,-11.00,-1.00,5.00,42.00,4.00,27770883,375
440.22,1565153515,0.00,nan,nan,0.00,0.00,0.00,0.00,1,-98.00,-8.00,0.00,6.00,41.00,4.00,27770885,376
441.22,1565153516,0.00,nan,nan,0.00,0.00,0.00,0.00,1,-98.00,-8.00,0.00,6.00,41.00,4.00,27770885,376
442.23,1565153517,0.00,nan,nan,0.00,0.00,0.00,0.00,1,-87.00,-7.00,10.00,12.00,46.00,4.00,27770885,376
443.22,1565153518,0.00,nan,nan,0.00,0.00,0.00,0.00,1,-87.00,-7.00,10.00,12.00,46.00,4.00,27770885,376
444.22,1565153519,0.00,nan,nan,0.00,0.00,0.00,0.00,1,-87.00,-7.00,10.00,12.00,46.00,4.00,27770885,376
445.22,1565153520,0.00,nan,nan,0.00,0.00,0.00,0.00,1,-94.00,-7.00,8.00,8.00,43.00,4.00,27770885,376
446.22,1565153521,0.00,nan,nan,0.00,0.00,0.00,0.00,1,-94.00,-7.00,8.00,8.00,43.00,4.00,27770885,376
447.22,1565153522,0.00,nan,nan,0.00,0.00,0.00,0.00,1,-87.00,-7.00,10.00,13.00,51.00,4.00,27770885,376
448.22,1565153523,0.00,nan,nan,0.00,0.00,0.00,0.00,1,-87.00,-7.00,10.00,13.00,51.00,4.00,27770885,376
449.22,1565153524,0.00,nan,nan,0.00,0.00,0.00,0.00,1,-86.00,-7.00,17.00,11.00,52.00,4.00,27770885,376
450.22,1565153525,0.00,nan,nan,0.00,0.00,0.00,0.00,1,-86.00,-7.00,17.00,11.00,52.00,4.00,27770885,376
451.22,1565153526,0.00,nan,nan,0.00,0.00,0.00,0.00,1,-80.00,-6.00,19.00,11.00,57.00,4.00,27770885,376
452.22,1565153527,0.00,nan,nan,0.00,0.00,0.00,0.00,1,-80.00,-6.00,19.00,11.00,57.00,4.00,27770885,376
453.22,1565153528,0.00,nan,nan,0.00,0.00,0.00,0.00,1,-82.00,-7.00,9.00,15.00,55.00,4.00,27770885,376
454.22,1565153529,0.00,nan,nan,0.00,0.00,0.00,0.00,1,-82.00,-7.00,9.00,15.00,55.00,4.00,27770885,376
455.22,1565153530,0.00,nan,nan,0.00,0.00,0.00,0.00,1,-85.00,-7.00,12.00,7.00,52.00,4.00,27770885,376
456.22,1565153531,0.00,nan,nan,0.00,0.00,0.00,0.00,1,-85.00,-7.00,12.00,7.00,52.00,4.00,27770885,376
457.22,1565153532,0.00,nan,nan,0.00,0.00,0.00,0.00,1,-85.00,-7.00,6.00,11.00,53.00,4.00,27770885,376
458.22,1565153533,0.00,nan,nan,0.00,0.00,0.00,0.00,1,-85.00,-7.00,6.00,11.00,53.00,4.00,27770885,376
459.22,1565153534,0.00,nan,nan,0.00,0.00,0.00,0.00,1,-86.00,-7.00,0.00,6.00,52.00,19.00,27771140,49
460.22,1565153535,0.00,nan,nan,0.00,0.00,0.00,0.00,1,-86.00,-7.00,0.00,6.00,52.00,19.00,27771140,49
461.22,1565153536,0.00,nan,nan,0.00,0.00,0.00,0.00,1,-84.00,-7.00,25.00,10.00,54.00,19.00,27771140,49
462.22,1565153537,0.00,nan,nan,0.00,0.00,0.00,0.00,1,-84.00,-7.00,25.00,10.00,54.00,19.00,27771140,49
463.23,1565153538,0.00,nan,nan,0.00,0.00,0.00,0.00,1,-87.00,-6.00,14.00,10.00,51.00,19.00,27771140,49
464.22,1565153539,0.00,nan,nan,0.00,0.00,0.00,0.00,1,-87.00,-6.00,14.00,10.00,51.00,19.00,27771140,49
465.22,1565153540,0.00,nan,nan,0.00,0.00,0.00,0.00,1,-87.00,-6.00,14.00,10.00,51.00,19.00,27771140,49
466.22,1565153541,0.00,nan,nan,0.00,0.00,0.00,0.00,1,-86.00,-6.00,19.00,10.00,52.00,19.00,27771140,49
467.22,1565153542,0.00,nan,nan,0.00,0.00,0.00,0.00,1,-86.00,-6.00,19.00,10.00,52.00,19.00,27771140,49
468.22,1565153543,0.00,nan,nan,0.00,0.00,0.00,0.00,1,-84.00,-5.00,13.00,12.00,54.00,19.00,27771140,49
469.22,1565153544,0.00,nan,nan,0.00,0.00,0.00,0.00,1,-84.00,-5.00,13.00,12.00,54.00,19.00,27771140,49
470.22,1565153545,0.00,nan,nan,0.00,0.00,0.00,0.00,1,-84.00,-5.00,22.00,1.00,55.00,19.00,27771140,49
471.22,1565153546,0.00,nan,nan,0.00,0.00,0.00,0.00,1,-84.00,-5.00,22.00,1.00,55.00,19.00,27771140,49
472.22,1565153547,0.00,nan,nan,0.00,0.00,0.00,0.00,1,-85.00,-6.00,19.00,14.00,53.00,19.00,27771140,49
473.22,1565153548,0.00,nan,nan,0.00,0.00,0.00,0.00,1,-85.00,-6.00,19.00,14.00,53.00,19.00,27771140,49
474.22,1565153549,0.00,nan,nan,0.00,0.00,0.00,0.00,1,-85.00,-10.00,18.00,2.00,56.00,19.00,27771140,49
475.22,1565153550,0.00,nan,nan,0.00,0.00,0.00,0.00,1,-85.00,-10.00,18.00,2.00,56.00,19.00,27771140,49
476.22,1565153551,0.00,nan,nan,0.00,0.00,0.00,0.00,1,-87.00,-6.00,19.00,2.00,51.00,19.00,27771140,49
477.22,1565153552,0.00,nan,nan,0.00,0.00,0.00,0.00,1,-87.00,-6.00,19.00,2.00,51.00,19.00,27771140,49
478.22,1565153553,0.00,nan,nan,0.00,0.00,0.00,0.00,1,-87.00,-6.00,21.00,2.00,52.00,19.00,27771140,49
479.22,1565153554,0.00,nan,nan,0.00,0.00,0.00,0.00,1,-87.00,-6.00,21.00,2.00,52.00,19.00,27771140,49
480.22,1565153555,0.00,nan,nan,0.00,0.00,0.00,0.00,1,-88.00,-6.00,8.00,2.00,50.00,19.00,27771140,49
481.22,1565153556,0.00,nan,nan,0.00,0.00,0.00,0.00,1,-88.00,-6.00,8.00,2.00,50.00,19.00,27771140,49
482.22,1565153557,0.00,nan,nan,0.00,0.00,0.00,0.00,1,-91.00,-7.00,15.00,14.00,48.00,10.00,27771140,49
483.22,1565153558,0.00,nan,nan,0.00,0.00,0.00,0.00,1,-91.00,-7.00,15.00,14.00,48.00,10.00,27771140,49
484.23,1565153559,0.00,nan,nan,0.00,0.00,0.00,0.00,1,-92.00,-7.00,8.00,11.00,48.00,10.00,27771140,49
485.22,1565153560,0.00,nan,nan,0.00,0.00,0.00,0.00,1,-92.00,-7.00,8.00,11.00,48.00,10.00,27771140,49
486.22,1565153561,0.00,nan,nan,0.00,0.00,0.00,0.00,1,-92.00,-7.00,8.00,11.00,48.00,10.00,27771140,49
487.22,1565153562,0.00,nan,nan,0.00,0.00,0.00,0.00,1,-89.00,-7.00,9.00,11.00,48.00,56.00,33527554,233
488.22,1565153563,0.00,nan,nan,0.00,0.00,0.00,0.00,1,-89.00,-7.00,9.00,11.00,48.00,56.00,33527554,233
489.22,1565153564,0.00,nan,nan,0.00,0.00,0.00,0.00,1,-87.00,-7.00,11.00,11.00,49.00,7.00,27771140,49
490.22,1565153565,0.00,nan,nan,0.00,0.00,0.00,0.00,1,-87.00,-7.00,11.00,11.00,49.00,7.00,27771140,49
491.22,1565153566,0.00,nan,nan,0.00,0.00,0.00,0.00,1,-79.00,-6.00,39.00,15.00,59.00,7.00,27771140,49
492.22,1565153567,0.00,nan,nan,0.00,0.00,0.00,0.00,1,-79.00,-6.00,39.00,15.00,59.00,7.00,27771140,49
493.22,1565153568,0.00,nan,nan,0.00,0.00,0.00,0.00,1,-82.00,-8.00,29.00,12.00,58.00,7.00,27771140,49
494.22,1565153569,0.00,nan,nan,0.00,0.00,0.00,0.00,1,-82.00,-8.00,29.00,12.00,58.00,7.00,27771140,49
495.22,1565153570,0.00,nan,nan,0.00,0.00,0.00,0.00,1,-70.00,-5.00,38.00,15.00,63.00,7.00,27771140,49
496.22,1565153571,0.00,nan,nan,0.00,0.00,0.00,0.00,1,-70.00,-5.00,38.00,15.00,63.00,7.00,27771140,49
497.22,1565153572,0.00,nan,nan,0.00,0.00,0.00,0.00,1,-69.00,-6.00,22.00,13.00,63.00,7.00,27771140,49
498.22,1565153573,0.00,nan,nan,0.00,0.00,0.00,0.00,1,-69.00,-6.00,22.00,13.00,63.00,7.00,27771140,49
499.22,1565153574,0.00,nan,nan,0.00,0.00,0.00,0.00,1,-83.00,-7.00,22.00,11.00,56.00,7.00,27771140,49
500.22,1565153575,0.00,nan,nan,0.00,0.00,0.00,0.00,1,-83.00,-7.00,22.00,11.00,56.00,7.00,27771140,49
501.22,1565153576,0.00,nan,nan,0.00,0.00,0.00,0.00,1,-86.00,-9.00,19.00,10.00,54.00,7.00,27771140,49
502.22,1565153577,0.00,nan,nan,0.00,0.00,0.00,0.00,1,-86.00,-9.00,19.00,10.00,54.00,7.00,27771140,49
503.22,1565153578,0.00,nan,nan,0.00,0.00,0.00,0.00,1,-85.00,-7.00,15.00,12.00,52.00,4.00,27771139,48
504.22,1565153579,0.00,nan,nan,0.00,0.00,0.00,0.00,1,-85.00,-7.00,15.00,12.00,52.00,4.00,27771139,48
505.23,1565153580,0.00,nan,nan,0.00,0.00,0.00,0.00,1,-84.00,-5.00,23.00,15.00,53.00,4.00,27771139,48
506.22,1565153581,0.00,nan,nan,0.00,0.00,0.00,0.00,1,-84.00,-5.00,23.00,15.00,53.00,4.00,27771139,48
507.22,1565153582,0.00,nan,nan,0.00,0.00,0.00,0.00,1,-84.00,-5.00,23.00,15.00,53.00,4.00,27771139,48
508.22,1565153583,0.00,nan,nan,0.00,0.00,0.00,0.00,1,-79.00,-5.00,22.00,15.00,54.00,4.00,27771139,48
509.22,1565153584,0.00,nan,nan,0.00,0.00,0.00,0.00,1,-79.00,-5.00,22.00,15.00,54.00,4.00,27771139,48
510.22,1565153585,0.00,nan,nan,0.00,0.00,0.00,0.00,1,-88.00,-6.00,22.00,15.00,48.00,4.00,27771139,48
511.22,1565153586,0.00,nan,nan,0.00,0.00,0.00,0.00,1,-88.00,-6.00,22.00,15.00,48.00,4.00,27771139,48
512.22,1565153587,0.00,nan,nan,0.00,0.00,0.00,0.00,1,-86.00,-5.00,13.00,9.00,48.00,4.00,27771139,48
513.22,1565153588,0.00,nan,nan,0.00,0.00,0.00,0.00,1,-86.00,-5.00,13.00,9.00,48.00,4.00,27771139,48
514.22,1565153589,0.00,nan,nan,0.00,0.00,0.00,0.00,1,-94.00,-7.00,13.00,12.00,44.00,4.00,27771139,48
515.22,1565153590,0.00,nan,nan,0.00,0.00,0.00,0.00,1,-94.00,-7.00,13.00,12.00,44.00,4.00,27771139,48
516.22,1565153591,0.00,nan,nan,0.00,0.00,0.00,0.00,1,-90.00,-6.00,19.00,11.00,47.00,4.00,27771139,48
517.22,1565153592,0.00,nan,nan,0.00,0.00,0.00,0.00,1,-90.00,-6.00,19.00,11.00,47.00,4.00,27771139,48
518.22,1565153593,0.00,nan,nan,0.00,0.00,0.00,0.00,1,-89.00,-5.00,14.00,13.00,48.00,4.00,27771139,48
519.22,1565153594,0.00,nan,nan,0.00,0.00,0.00,0.00,1,-89.00,-5.00,14.00,13.00,48.00,4.00,27771139,48
520.22,1565153595,0.00,nan,nan,0.00,0.00,0.00,0.00,1,-84.00,-5.00,26.00,12.00,51.00,4.00,27771139,48
521.22,1565153596,0.00,nan,nan,0.00,0.00,0.00,0.00,1,-84.00,-5.00,26.00,12.00,51.00,4.00,27771139,48
522.22,1565153597,0.00,nan,nan,0.00,0.00,0.00,0.00,1,-86.00,-5.00,25.00,13.00,51.00,4.00,27771139,48
523.22,1565153598,0.00,nan,nan,0.00,0.00,0.00,0.00,1,-86.00,-5.00,25.00,13.00,51.00,4.00,27771139,48
524.22,1565153599,0.00,nan,nan,0.00,0.00,0.00,0.00,1,-87.00,-6.00,16.00,13.00,51.00,4.00,27771139,48
525.22,1565153600,0.00,nan,nan,0.00,0.00,0.00,0.00,1,-87.00,-6.00,16.00,13.00,51.00,4.00,27771139,48
526.23,1565153601,0.00,nan,nan,0.00,0.00,0.00,0.00,1,-83.00,-7.00,14.00,11.00,55.00,4.00,27771139,48
527.22,1565153602,0.00,nan,nan,0.00,0.00,0.00,0.00,1,-83.00,-7.00,14.00,11.00,55.00,4.00,27771139,48
528.22,1565153603,0.00,nan,nan,0.00,0.00,0.00,0.00,1,-83.00,-7.00,14.00,11.00,55.00,4.00,27771139,48
529.22,1565153604,0.00,nan,nan,0.00,0.00,0.00,0.00,1,-86.00,-6.00,13.00,14.00,50.00,4.00,27771139,48
530.22,1565153605,0.00,nan,nan,0.00,0.00,0.00,0.00,1,-86.00,-6.00,13.00,14.00,50.00,4.00,27771139,48
531.22,1565153606,0.00,nan,nan,0.00,0.00,0.00,0.00,1,-88.00,-6.00,8.00,2.00,49.00,4.00,27771139,48
532.22,1565153607,0.00,nan,nan,0.00,0.00,0.00,0.00,1,-88.00,-6.00,8.00,2.00,49.00,4.00,27771139,48
533.22,1565153608,0.00,nan,nan,0.00,0.00,0.00,0.00,1,-90.00,-8.00,7.00,2.00,49.00,4.00,27771139,48
534.22,1565153609,0.00,nan,nan,0.00,0.00,0.00,0.00,1,-90.00,-8.00,7.00,2.00,49.00,4.00,27771139,48
535.22,1565153610,0.00,nan,nan,0.00,0.00,0.00,0.00,1,-91.00,-8.00,2.00,2.00,49.00,4.00,27771139,48
536.22,1565153611,0.00,nan,nan,0.00,0.00,0.00,0.00,1,-91.00,-8.00,2.00,2.00,49.00,4.00,27771139,48
537.22,1565153612,0.00,nan,nan,0.00,0.00,0.00,0.00,1,-91.00,-9.00,11.00,2.00,50.00,4.00,27771139,48
538.22,1565153613,0.00,nan,nan,0.00,0.00,0.00,0.00,1,-91.00,-9.00,11.00,2.00,50.00,4.00,27771139,48
539.22,1565153614,0.00,nan,nan,0.00,0.00,0.00,0.00,1,-92.00,-8.00,13.00,2.00,48.00,4.00,27771139,48
540.22,1565153615,0.00,nan,nan,0.00,0.00,0.00,0.00,1,-92.00,-8.00,13.00,2.00,48.00,4.00,27771139,48
541.22,1565153616,0.00,nan,nan,0.00,0.00,0.00,0.00,1,-91.00,-7.00,16.00,2.00,47.00,4.00,27771139,48
542.22,1565153617,0.00,nan,nan,0.00,0.00,0.00,0.00,1,-91.00,-7.00,16.00,2.00,47.00,4.00,27771139,48
543.22,1565153618,0.00,nan,nan,0.00,0.00,0.00,0.00,1,-89.00,-5.00,20.00,2.00,47.00,4.00,27771139,48
544.22,1565153619,0.00,nan,nan,0.00,0.00,0.00,0.00,1,-89.00,-5.00,20.00,2.00,47.00,4.00,27771139,48
545.22,1565153620,0.00,nan,nan,0.00,0.00,0.00,0.00,1,-86.00,-5.00,25.00,2.00,50.00,4.00,27771139,48
546.22,1565153621,0.00,nan,nan,0.00,0.00,0.00,0.00,1,-86.00,-5.00,25.00,2.00,50.00,4.00,27771139,48
547.23,1565153622,0.00,nan,nan,0.00,0.00,0.00,0.00,1,-84.00,-6.00,13.00,2.00,51.00,4.00,27771139,48
548.22,1565153623,0.00,nan,nan,0.00,0.00,0.00,0.00,1,-84.00,-6.00,13.00,2.00,51.00,4.00,27771139,48
549.22,1565153624,0.00,nan,nan,0.00,0.00,0.00,0.00,1,-84.00,-6.00,13.00,2.00,51.00,4.00,27771139,48
550.22,1565153625,0.00,nan,nan,0.00,0.00,0.00,0.00,1,-85.00,-6.00,16.00,2.00,51.00,4.00,27771139,48
551.22,1565153626,0.00,nan,nan,0.00,0.00,0.00,0.00,1,-85.00,-6.00,16.00,2.00,51.00,4.00,27771139,48
552.22,1565153627,0.00,nan,nan,0.00,0.00,0.00,0.00,1,-88.00,-6.00,16.00,2.00,48.00,4.00,27771139,48
553.22,1565153628,0.00,nan,nan,0.00,0.00,0.00,0.00,1,-88.00,-6.00,16.00,2.00,48.00,4.00,27771139,48
554.22,1565153629,0.00,nan,nan,0.00,0.00,0.00,0.00,1,-89.00,-6.00,12.00,2.00,48.00,4.00,27771139,48
555.22,1565153630,0.00,nan,nan,0.00,0.00,0.00,0.00,1,-89.00,-6.00,12.00,2.00,48.00,4.00,27771139,48
556.22,1565153631,0.00,nan,nan,0.00,0.00,0.00,0.00,1,-91.00,-6.00,6.00,2.00,46.00,4.00,27771139,48
557.22,1565153632,0.00,nan,nan,0.00,0.00,0.00,0.00,1,-91.00,-6.00,6.00,2.00,46.00,4.00,27771139,48
558.22,1565153633,0.00,nan,nan,0.00,0.00,0.00,0.00,1,-97.00,-7.00,3.00,2.00,41.00,4.00,27771139,48
559.22,1565153634,0.00,nan,nan,0.00,0.00,0.00,0.00,1,-97.00,-7.00,3.00,2.00,41.00,4.00,27771139,48
560.22,1565153635,0.00,nan,nan,0.00,0.00,0.00,0.00,1,-100.00,-9.00,10.00,2.00,39.00,4.00,28365058,357
561.22,1565153636,0.00,nan,nan,0.00,0.00,0.00,0.00,1,-100.00,-9.00,10.00,2.00,39.00,4.00,28365058,357
562.22,1565153637,0.00,nan,nan,0.00,0.00,0.00,0.00,1,-98.00,-7.00,10.00,2.00,40.00,4.00,28365058,357
563.22,1565153638,0.00,nan,nan,0.00,0.00,0.00,0.00,1,-98.00,-7.00,10.00,2.00,40.00,4.00,28365058,357
564.22,1565153639,0.00,nan,nan,0.00,0.00,0.00,0.00,1,-99.00,-7.00,7.00,2.00,40.00,4.00,28365058,357
565.22,1565153640,0.00,nan,nan,0.00,0.00,0.00,0.00,1,-99.00,-7.00,7.00,2.00,40.00,4.00,28365058,357
566.22,1565153641,0.00,nan,nan,0.00,0.00,0.00,0.00,1,-100.00,-7.00,8.00,2.00,39.00,4.00,28365058,357
567.22,1565153642,0.00,nan,nan,0.00,0.00,0.00,0.00,1,-100.00,-7.00,8.00,2.00,39.00,4.00,28365058,357
568.23,1565153643,0.00,nan,nan,0.00,0.00,0.00,0.00,1,-100.00,-7.00,7.00,2.00,38.00,4.00,28365058,357
569.22,1565153644,0.00,nan,nan,0.00,0.00,0.00,0.00,1,-100.00,-7.00,7.00,2.00,38.00,4.00,28365058,357
570.22,1565153645,0.00,nan,nan,0.00,0.00,0.00,0.00,1,-100.00,-7.00,7.00,2.00,38.00,4.00,28365058,357
571.22,1565153646,0.00,nan,nan,0.00,0.00,0.00,0.00,1,-101.00,-7.00,8.00,2.00,37.00,4.00,28365058,357
572.22,1565153647,0.00,nan,nan,0.00,0.00,0.00,0.00,1,-101.00,-7.00,8.00,2.00,37.00,4.00,28365058,357
573.22,1565153648,0.00,nan,nan,0.00,0.00,0.00,0.00,1,-103.00,-9.00,4.00,2.00,37.00,4.00,28365058,357
574.22,1565153649,0.00,nan,nan,0.00,0.00,0.00,0.00,1,-103.00,-9.00,4.00,2.00,37.00,4.00,28365058,357
575.22,1565153650,0.00,nan,nan,0.00,0.00,0.00,0.00,1,-102.00,-9.00,-3.00,2.00,39.00,4.00,28365058,357
576.22,1565153651,0.00,nan,nan,0.00,0.00,0.00,0.00,1,-102.00,-9.00,-3.00,2.00,39.00,4.00,28365058,357
577.22,1565153652,0.00,nan,nan,0.00,0.00,0.00,0.00,1,-102.00,-9.00,6.00,2.00,39.00,4.00,28365058,357
578.22,1565153653,0.00,nan,nan,0.00,0.00,0.00,0.00,1,-102.00,-9.00,6.00,2.00,39.00,4.00,28365058,357
579.22,1565153654,0.00,nan,nan,0.00,0.00,0.00,0.00,1,-103.00,-9.00,6.00,2.00,38.00,4.00,28365058,357
580.22,1565153655,0.00,nan,nan,0.00,0.00,0.00,0.00,1,-103.00,-9.00,6.00,2.00,38.00,4.00,28365058,357
581.22,1565153656,0.00,nan,nan,0.00,0.00,0.00,0.00,1,-102.00,-8.00,-2.00,2.00,37.00,4.00,28365058,357
582.22,1565153657,0.00,nan,nan,0.00,0.00,0.00,0.00,1,-102.00,-8.00,-2.00,2.00,37.00,4.00,28365058,357
583.22,1565153658,0.00,nan,nan,0.00,0.00,0.00,0.00,1,-105.00,-9.00,-5.00,2.00,37.00,4.00,28365058,357
584.22,1565153659,0.00,nan,nan,0.00,0.00,0.00,0.00,1,-105.00,-9.00,-5.00,2.00,37.00,4.00,28365058,357
585.22,1565153660,0.00,nan,nan,0.00,0.00,0.00,0.00,1,-99.00,-7.00,12.00,2.00,40.00,4.00,29391105,167
586.22,1565153661,0.00,nan,nan,0.00,0.00,0.00,0.00,1,-99.00,-7.00,12.00,2.00,40.00,4.00,29391105,167
587.22,1565153662,0.00,nan,nan,0.00,0.00,0.00,0.00,1,-97.00,-7.00,3.00,2.00,41.00,4.00,29391105,167
588.22,1565153663,0.00,nan,nan,0.00,0.00,0.00,0.00,1,-97.00,-7.00,3.00,2.00,41.00,4.00,29391105,167
589.23,1565153664,0.00,nan,nan,0.00,0.00,0.00,0.00,1,-98.00,-9.00,6.00,2.00,43.00,4.00,29391105,167
590.22,1565153665,0.00,nan,nan,0.00,0.00,0.00,0.00,1,-98.00,-9.00,6.00,2.00,43.00,4.00,29391105,167
591.22,1565153666,0.00,nan,nan,0.00,0.00,0.00,0.00,1,-98.00,-9.00,6.00,2.00,43.00,4.00,29391105,167
592.22,1565153667,0.00,nan,nan,0.00,0.00,0.00,0.00,1,-98.00,-10.00,8.00,2.00,43.00,4.00,29391105,167
593.22,1565153668,0.00,nan,nan,0.00,0.00,0.00,0.00,1,-98.00,-10.00,8.00,2.00,43.00,4.00,29391105,167
594.22,1565153669,0.00,nan,nan,0.00,0.00,0.00,0.00,1,-98.00,-10.00,5.00,2.00,44.00,4.00,29391105,167
595.22,1565153670,0.00,nan,nan,0.00,0.00,0.00,0.00,1,-98.00,-10.00,5.00,2.00,44.00,4.00,29391105,167
596.22,1565153671,0.00,nan,nan,0.00,0.00,0.00,0.00,1,-96.00,-9.00,5.00,2.00,44.00,4.00,29391105,167
597.22,1565153672,0.00,nan,nan,0.00,0.00,0.00,0.00,1,-96.00,-9.00,5.00,2.00,44.00,4.00,29391105,167
598.22,1565153673,0.00,nan,nan,0.00,0.00,0.00,0.00,1,-95.00,-10.00,0.00,2.00,46.00,4.00,29391105,167
599.22,1565153674,0.00,nan,nan,0.00,0.00,0.00,0.00,1,-95.00,-10.00,0.00,2.00,46.00,4.00,29391105,167
600.22,1565153675,0.00,nan,nan,0.00,0.00,0.00,0.00,1,-91.00,-8.00,7.00,2.00,45.00,4.00,26385408,95
601.22,1565153676,0.00,nan,nan,0.00,0.00,0.00,0.00,1,-91.00,-8.00,7.00,2.00,45.00,4.00,26385408,95
602.22,1565153677,0.00,nan,nan,0.00,0.00,0.00,0.00,1,-92.00,-7.00,4.00,11.00,47.00,4.00,26385408,95
603.22,1565153678,0.00,nan,nan,0.00,0.00,0.00,0.00,1,-92.00,-7.00,4.00,11.00,47.00,4.00,26385408,95
604.22,1565153679,0.00,nan,nan,0.00,0.00,0.00,0.00,1,-87.00,-9.00,2.00,15.00,48.00,4.00,26385408,95
605.22,1565153680,0.00,nan,nan,0.00,0.00,0.00,0.00,1,-87.00,-9.00,2.00,15.00,48.00,4.00,26385408,95
606.22,1565153681,0.00,nan,nan,0.00,0.00,0.00,0.00,1,-90.00,-5.00,14.00,15.00,47.00,4.00,26385408,95
607.22,1565153682,0.00,nan,nan,0.00,0.00,0.00,0.00,1,-90.00,-5.00,14.00,15.00,47.00,4.00,26385408,95
608.22,1565153683,0.00,nan,nan,0.00,0.00,0.00,0.00,1,-93.00,-4.00,8.00,12.00,43.00,4.00,26385408,95
609.22,1565153684,0.00,nan,nan,0.00,0.00,0.00,0.00,1,-93.00,-4.00,8.00,12.00,43.00,4.00,26385408,95
610.23,1565153685,0.00,nan,nan,0.00,0.00,0.00,0.00,1,-93.00,-8.00,8.00,10.00,45.00,7.00,28365056,359
611.22,1565153686,0.00,nan,nan,0.00,0.00,0.00,0.00,1,-93.00,-8.00,8.00,10.00,45.00,7.00,28365056,359
612.22,1565153687,0.00,nan,nan,0.00,0.00,0.00,0.00,1,-93.00,-8.00,8.00,10.00,45.00,7.00,28365056,359
613.22,1565153688,0.00,nan,nan,0.00,0.00,0.00,0.00,1,-87.00,-5.00,16.00,15.00,49.00,7.00,28365056,359
614.22,1565153689,0.00,nan,nan,0.00,0.00,0.00,0.00,1,-87.00,-5.00,16.00,15.00,49.00,7.00,28365056,359
615.22,1565153690,0.00,nan,nan,0.00,0.00,0.00,0.00,1,-84.00,-6.00,27.00,15.00,52.00,7.00,28365056,359
616.22,1565153691,0.00,nan,nan,0.00,0.00,0.00,0.00,1,-84.00,-6.00,27.00,15.00,52.00,7.00,28365056,359
617.22,1565153692,0.00,nan,nan,0.00,0.00,0.00,0.00,1,-86.00,-8.00,18.00,15.00,52.00,7.00,28365056,359
618.22,1565153693,0.00,nan,nan,0.00,0.00,0.00,0.00,1,-86.00,-8.00,18.00,15.00,52.00,7.00,28365056,359
619.22,1565153694,0.00,nan,nan,0.00,0.00,0.00,0.00,1,-90.00,-7.00,19.00,12.00,48.00,7.00,28365056,359
620.22,1565153695,0.00,nan,nan,0.00,0.00,0.00,0.00,1,-90.00,-7.00,19.00,12.00,48.00,7.00,28365056,359
621.22,1565153696,0.00,nan,nan,0.00,0.00,0.00,0.00,1,-91.00,-6.00,19.00,11.00,44.00,7.00,28365056,359
622.22,1565153697,0.00,nan,nan,0.00,0.00,0.00,0.00,1,-91.00,-6.00,19.00,11.00,44.00,7.00,28365056,359
623.22,1565153698,0.00,nan,nan,0.00,0.00,0.00,0.00,1,-90.00,-7.00,8.00,15.00,48.00,7.00,28365056,359
624.22,1565153699,0.00,nan,nan,0.00,0.00,0.00,0.00,1,-90.00,-7.00,8.00,15.00,48.00,7.00,28365056,359
625.22,1565153700,0.00,nan,nan,0.00,0.00,0.00,0.00,1,-89.00,-5.00,9.00,2.00,47.00,7.00,28365056,359
626.22,1565153701,0.00,nan,nan,0.00,0.00,0.00,0.00,1,-89.00,-5.00,9.00,2.00,47.00,7.00,28365056,359
627.22,1565153702,0.00,nan,nan,0.00,0.00,0.00,0.00,1,-91.00,-9.00,5.00,2.00,49.00,7.00,28365056,359
628.22,1565153703,0.00,nan,nan,0.00,0.00,0.00,0.00,1,-91.00,-9.00,5.00,2.00,49.00,7.00,28365056,359
629.22,1565153704,0.00,nan,nan,0.00,0.00,0.00,0.00,1,-94.00,-9.00,-1.00,2.00,46.00,7.00,28365056,359
630.22,1565153705,0.00,nan,nan,0.00,0.00,0.00,0.00,1,-94.00,-9.00,-1.00,2.00,46.00,7.00,28365056,359
631.23,1565153706,0.00,nan,nan,0.00,0.00,0.00,0.00,1,-94.00,-8.00,-2.00,2.00,46.00,7.00,26385408,95
632.22,1565153707,0.00,nan,nan,0.00,0.00,0.00,0.00,1,-94.00,-8.00,-2.00,2.00,46.00,7.00,26385408,95
633.22,1565153708,0.00,nan,nan,0.00,0.00,0.00,0.00,1,-94.00,-8.00,-2.00,2.00,46.00,7.00,26385408,95
634.22,1565153709,0.00,nan,nan,0.00,0.00,0.00,0.00,1,-95.00,-9.00,11.00,2.00,47.00,7.00,29391106,166
635.22,1565153710,0.00,nan,nan,0.00,0.00,0.00,0.00,1,-95.00,-9.00,11.00,2.00,47.00,7.00,29391106,166
636.22,1565153711,0.00,nan,nan,0.00,0.00,0.00,0.00,1,-94.00,-8.00,13.00,2.00,46.00,7.00,29391106,166
637.22,1565153712,0.00,nan,nan,0.00,0.00,0.00,0.00,1,-94.00,-8.00,13.00,2.00,46.00,7.00,29391106,166
638.22,1565153713,0.00,nan,nan,0.00,0.00,0.00,0.00,1,-94.00,-7.00,8.00,2.00,45.00,7.00,29391106,166
639.22,1565153714,0.00,nan,nan,0.00,0.00,0.00,0.00,1,-94.00,-7.00,8.00,2.00,45.00,7.00,29391106,166
640.22,1565153715,0.00,nan,nan,0.00,0.00,0.00,0.00,1,-94.00,-7.00,11.00,2.00,45.00,7.00,29391106,166
641.22,1565153716,0.00,nan,nan,0.00,0.00,0.00,0.00,1,-94.00,-7.00,11.00,2.00,45.00,7.00,29391106,166
642.22,1565153717,0.00,nan,nan,0.00,0.00,0.00,0.00,1,-91.00,-6.00,11.00,2.00,46.00,7.00,26385408,95
643.22,1565153718,0.00,nan,nan,0.00,0.00,0.00,0.00,1,-91.00,-6.00,11.00,2.00,46.00,7.00,26385408,95
644.22,1565153719,0.00,nan,nan,0.00,0.00,0.00,0.00,1,-88.00,-6.00,6.00,2.00,48.00,7.00,26385408,95
645.22,1565153720,0.00,nan,nan,0.00,0.00,0.00,0.00,1,-88.00,-6.00,6.00,2.00,48.00,7.00,26385408,95
