0.01,1565930836,0.00,51.45005114,7.48826284,246.93,9.06,0.00,166.28,nan,nan,nan,nan,nan,nan,nan,nan,nan
0.99,1565930837,8.94,51.44997675,7.48829429,247.12,9.72,0.67,167.34,nan,nan,nan,nan,nan,nan,nan,nan,nan
1.99,1565930838,18.66,51.44988870,7.48832650,247.28,9.97,0.24,167.48,nan,nan,nan,nan,nan,nan,nan,nan,nan
2.99,1565930839,28.63,51.44978935,7.48835481,247.35,11.43,1.46,168.61,nan,nan,nan,nan,nan,nan,nan,nan,nan
3.99,1565930840,40.06,51.44967863,7.48837615,247.67,11.58,0.15,171.63,nan,nan,nan,nan,nan,nan,nan,nan,nan
4.99,1565930841,51.63,51.44956632,7.48839405,247.88,11.53,-0.06,174.14,nan,nan,nan,nan,nan,nan,nan,nan,nan
5.99,1565930842,63.17,51.44945223,7.48840930,247.88,12.43,0.90,175.14,nan,nan,nan,nan,nan,nan,nan,nan,nan
6.99,1565930843,75.54,51.44932981,7.48841999,247.81,12.82,0.40,176.41,nan,nan,nan,nan,nan,nan,nan,nan,nan
7.99,1565930844,88.39,51.44920534,7.48842585,248.01,12.77,-0.06,178.32,nan,nan,nan,nan,nan,nan,nan,nan,nan
8.99,1565930845,101.18,51.44908352,7.48842245,247.73,13.19,0.42,181.33,nan,nan,nan,nan,nan,nan,nan,nan,nan
9.99,1565930846,114.39,51.44895662,7.48840802,247.48,13.72,0.52,183.95,nan,nan,nan,nan,nan,nan,nan,nan,nan
10.99,1565930847,128.09,51.44883338,7.48838361,247.67,14.22,0.50,185.94,nan,nan,nan,nan,nan,nan,nan,nan,nan
12.00,1565930848,142.45,51.44870563,7.48834965,247.78,14.13,-0.09,188.11,nan,nan,nan,nan,nan,nan,nan,nan,nan
12.99,1565930849,156.45,51.44858071,7.48830453,247.87,13.81,-0.32,191.04,nan,nan,nan,nan,nan,nan,nan,nan,nan
13.99,1565930850,170.26,51.44845683,7.48825634,248.15,14.84,1.02,192.26,nan,nan,nan,nan,nan,nan,nan,nan,nan
16.05,1565930852,200.72,51.44832752,7.48820608,249.02,14.67,-0.08,191.91,1,-99.00,-5.00,11.00,7.00,33.00,10.00,12918809,222
17.04,1565930853,215.24,51.44820227,7.48815361,249.82,14.87,0.21,192.87,1,-99.00,-5.00,11.00,7.00,33.00,10.00,12918809,222
18.04,1565930854,230.19,51.44806472,7.48809277,249.84,15.04,0.17,193.65,1,-100.00,-6.00,14.00,10.00,31.00,10.00,12918809,222
19.04,1565930855,245.21,51.44792467,7.48803400,249.60,14.98,-0.06,193.04,1,-100.00,-6.00,14.00,10.00,31.00,10.00,12918809,222
20.04,1565930856,260.18,51.44778615,7.48798499,249.42,14.27,-0.71,191.06,1,-103.00,-6.00,13.00,12.00,29.00,10.00,12918809,222
21.04,1565930857,274.40,51.44766452,7.48794510,249.37,13.66,-0.62,189.62,1,-103.00,-6.00,13.00,12.00,29.00,10.00,12918809,222
22.04,1565930858,288.10,51.44754407,7.48791524,249.31,13.18,-0.47,188.13,1,-102.00,-6.00,13.00,14.00,28.00,10.00,12918809,222
23.04,1565930859,301.28,51.44742353,7.48789532,249.88,14.00,0.82,184.94,1,-102.00,-6.00,13.00,14.00,28.00,10.00,12918809,222
24.04,1565930860,315.28,51.44730908,7.48789504,250.62,13.85,-0.15,181.15,1,-95.00,-6.00,16.00,11.00,36.00,10.00,12918809,222
25.04,1565930861,329.13,51.44719013,7.48790075,250.93,13.57,-0.28,178.22,1,-95.00,-6.00,16.00,11.00,36.00,10.00,12918809,222
26.04,1565930862,342.70,51.44706946,7.48792045,251.53,13.91,0.34,175.07,1,-101.00,-6.00,11.00,9.00,31.00,10.00,12918809,222
27.04,1565930863,356.61,51.44694947,7.48795419,252.06,13.92,0.01,171.88,1,-101.00,-6.00,11.00,9.00,31.00,10.00,12918809,222
28.04,1565930864,370.53,51.44682944,7.48799686,252.58,13.42,-0.50,169.12,1,-102.00,-7.00,13.00,14.00,30.00,10.00,12918809,222
29.04,1565930865,383.91,51.44671201,7.48805020,253.06,13.55,0.13,166.49,1,-102.00,-7.00,13.00,14.00,30.00,10.00,12918809,222
30.04,1565930866,397.52,51.44659028,7.48811681,253.54,13.95,0.40,163.23,1,-97.00,-5.00,11.00,2.00,36.00,10.00,12918809,222
31.04,1565930867,411.41,51.44647528,7.48819682,253.79,14.28,0.33,159.90,1,-97.00,-5.00,11.00,2.00,36.00,10.00,12918809,222
32.04,1565930868,425.73,51.44636655,7.48828873,253.94,14.09,-0.18,156.47,1,-98.00,-6.00,19.00,2.00,34.00,10.00,12918809,222
33.04,1565930869,439.83,51.44625130,7.48839803,254.19,14.67,0.57,153.29,1,-98.00,-6.00,19.00,2.00,34.00,10.00,12918809,222
34.05,1565930870,454.61,51.44613644,7.48851690,254.61,14.82,0.15,150.22,1,-96.00,-6.00,19.00,2.00,35.00,10.00,12918809,222
35.04,1565930871,469.34,51.44602789,7.48864930,254.96,14.92,0.10,146.55,1,-96.00,-6.00,19.00,2.00,35.00,10.00,12918809,222
36.04,1565930872,484.23,51.44592117,7.48879743,255.52,15.01,0.09,142.94,1,-96.00,-6.00,19.00,2.00,35.00,10.00,12918809,222
37.04,1565930873,499.25,51.44581710,7.48895958,255.94,15.28,0.27,140.24,1,-93.00,-5.00,17.00,12.00,35.00,7.00,12918809,222
38.04,1565930874,514.51,51.44571065,7.48913225,256.50,15.39,0.11,137.28,1,-93.00,-5.00,17.00,12.00,35.00,7.00,12918809,222
39.04,1565930875,529.90,51.44561701,7.48930655,256.81,15.33,-0.06,134.24,1,-101.00,-6.00,13.00,12.00,29.00,7.00,12918809,222
40.04,1565930876,545.24,51.44551999,7.48949298,257.36,15.55,0.21,131.94,1,-101.00,-6.00,13.00,12.00,29.00,7.00,12918809,222
41.04,1565930877,560.78,51.44542349,7.48968906,258.39,15.76,0.22,130.47,1,-101.00,-7.00,18.00,4.00,31.00,7.00,12918809,222
42.04,1565930878,576.55,51.44533248,7.48987721,259.42,16.03,0.26,129.80,1,-101.00,-7.00,18.00,4.00,31.00,7.00,12918809,222
43.04,1565930879,592.59,51.44524975,7.49006001,261.03,15.56,-0.47,129.16,1,-102.00,-7.00,18.00,11.00,30.00,7.00,12918809,222
44.04,1565930880,608.13,51.44516955,7.49023670,262.96,14.62,-0.94,128.53,1,-102.00,-7.00,18.00,11.00,30.00,7.00,12918809,222
45.04,1565930881,622.75,51.44510005,7.49040088,264.79,13.69,-0.93,127.74,1,-103.00,-7.00,13.00,5.00,29.00,7.00,12918809,222
46.04,1565930882,636.43,51.44503261,7.49055617,266.46,13.22,-0.47,127.85,1,-103.00,-7.00,13.00,5.00,29.00,7.00,12918809,222
47.04,1565930883,649.67,51.44497125,7.49069617,267.96,11.93,-1.29,128.26,1,-103.00,-7.00,18.00,11.00,29.00,7.00,12918809,222
48.03,1565930884,661.55,51.44491874,7.49081022,268.95,9.05,-2.90,127.55,1,-103.00,-7.00,18.00,11.00,29.00,7.00,12918809,222
49.05,1565930885,670.74,51.44487848,7.49090235,269.77,6.92,-2.10,127.11,1,-104.00,-8.00,4.00,2.00,32.00,7.00,12918809,222
50.04,1565930886,677.58,51.44483963,7.49098352,270.74,5.80,-1.13,126.74,1,-104.00,-8.00,4.00,2.00,32.00,7.00,12918809,222
51.04,1565930887,683.38,51.44480703,7.49105331,271.78,4.54,-1.26,126.48,1,-104.00,-8.00,5.00,2.00,29.00,7.00,12918809,222
52.04,1565930888,687.91,51.44479657,7.49110377,271.85,2.93,-1.60,127.11,1,-104.00,-8.00,5.00,2.00,29.00,7.00,12918809,222
53.04,1565930889,690.85,51.44479344,7.49113678,271.94,1.76,-1.17,126.72,1,-105.00,-7.00,5.00,2.00,28.00,7.00,12918809,222
54.04,1565930890,692.61,51.44478480,7.49117868,272.07,3.11,1.35,125.94,1,-105.00,-7.00,5.00,2.00,28.00,7.00,12918809,222
55.05,1565930891,695.75,51.44477085,7.49123642,273.64,4.76,1.63,126.05,1,-105.00,-7.00,11.00,2.00,27.00,7.00,12918809,222
56.04,1565930892,700.46,51.44475176,7.49129357,275.06,4.67,-0.09,126.46,1,-105.00,-7.00,11.00,2.00,27.00,7.00,12918809,222
57.04,1565930893,705.13,51.44473304,7.49134518,275.67,4.77,0.10,126.87,1,-105.00,-7.00,11.00,2.00,27.00,7.00,12918809,222
58.04,1565930894,709.90,51.44470775,7.49140874,275.87,5.88,1.11,127.13,1,-105.00,-7.00,9.00,2.00,27.00,7.00,12918809,222
59.04,1565930895,715.78,51.44467939,7.49147339,275.62,6.36,0.48,127.37,1,-105.00,-7.00,9.00,2.00,27.00,7.00,12918809,222
60.04,1565930896,722.13,51.44464666,7.49154796,275.35,6.55,0.20,127.13,1,-107.00,-8.00,9.00,11.00,26.00,7.00,12918809,222
61.04,1565930897,728.69,51.44460912,7.49162840,275.21,6.76,0.21,127.73,1,-107.00,-8.00,9.00,11.00,26.00,7.00,12918809,222
62.04,1565930898,735.46,51.44456467,7.49168335,274.94,6.57,-0.19,143.28,1,-106.00,-7.00,8.00,9.00,27.00,7.00,12918809,222
63.04,1565930899,742.03,51.44450597,7.49171555,274.68,6.76,0.19,164.74,1,-106.00,-7.00,8.00,9.00,27.00,7.00,12918809,222
64.04,1565930900,748.79,51.44444786,7.49169827,274.45,7.86,1.10,196.24,1,-99.00,-7.00,11.00,6.00,33.00,7.00,12918809,222
65.04,1565930901,756.64,51.44438969,7.49164015,273.83,8.58,0.72,214.10,1,-99.00,-7.00,11.00,6.00,33.00,7.00,12918809,222
66.04,1565930902,765.22,51.44432237,7.49157213,272.86,9.36,0.78,214.72,1,-96.00,-7.00,15.00,10.00,35.00,7.00,12918809,222
67.04,1565930903,774.58,51.44424284,7.49149943,271.59,10.11,0.75,215.08,1,-96.00,-7.00,15.00,10.00,35.00,7.00,12918809,222
68.04,1565930904,784.69,51.44416193,7.49141620,270.49,10.63,0.52,215.63,1,-90.00,-5.00,20.00,14.00,41.00,7.00,12918809,222
69.04,1565930905,795.33,51.44407537,7.49132634,269.37,11.08,0.45,215.30,1,-90.00,-5.00,20.00,14.00,41.00,7.00,12918809,222
70.04,1565930906,806.42,51.44398105,7.49122465,268.58,11.47,0.38,214.66,1,-83.00,-6.00,25.00,12.00,47.00,7.00,12918809,222
71.04,1565930907,817.86,51.44388504,7.49112400,268.31,11.92,0.45,214.26,1,-83.00,-6.00,25.00,12.00,47.00,7.00,12918809,222
72.04,1565930908,829.79,51.44379193,7.49102157,268.29,12.97,1.05,214.74,1,-75.00,-5.00,21.00,15.00,58.00,7.00,12918809,222
73.04,1565930909,842.78,51.44369092,7.49090621,268.42,13.47,0.49,215.22,1,-75.00,-5.00,21.00,15.00,58.00,7.00,12918809,222
74.04,1565930910,856.23,51.44359314,7.49078961,268.73,13.82,0.35,215.72,1,-74.00,-6.00,28.00,15.00,58.00,7.00,12918809,222
75.04,1565930911,870.07,51.44349629,7.49067150,269.14,13.81,-0.01,216.10,1,-74.00,-6.00,28.00,15.00,58.00,7.00,12918809,222
76.05,1565930912,883.96,51.44340202,7.49054895,269.60,13.95,0.14,217.04,1,-86.00,-6.00,13.00,12.00,46.00,7.00,12918809,222
77.04,1565930913,897.82,51.44330272,7.49042518,269.79,14.27,0.32,216.66,1,-86.00,-6.00,13.00,12.00,46.00,7.00,12918809,222
78.04,1565930914,912.08,51.44319519,7.49029304,269.83,14.67,0.40,216.33,1,-86.00,-6.00,13.00,12.00,46.00,7.00,12918809,222
79.04,1565930915,926.76,51.44308843,7.49016396,269.95,14.60,-0.07,216.20,1,-93.00,-7.00,12.00,14.00,39.00,7.00,12918809,222
80.04,1565930916,941.36,51.44298660,7.49004082,270.02,14.44,-0.16,216.25,1,-93.00,-7.00,12.00,14.00,39.00,7.00,12918809,222
81.04,1565930917,955.80,51.44288171,7.48991925,270.11,14.55,0.11,215.80,1,-93.00,-8.00,14.00,12.00,41.00,7.00,12918809,222
82.04,1565930918,970.35,51.44277941,7.48979989,270.16,14.37,-0.18,215.52,1,-93.00,-8.00,14.00,12.00,41.00,7.00,12918809,222
83.04,1565930919,984.73,51.44267455,7.48968293,270.25,13.63,-0.74,214.24,1,-86.00,-8.00,18.00,11.00,48.00,7.00,12918809,222
84.04,1565930920,998.36,51.44257316,7.48957148,270.38,13.47,-0.16,213.47,1,-86.00,-8.00,18.00,11.00,48.00,7.00,12918809,222
85.04,1565930921,1011.83,51.44247454,7.48946311,270.66,13.23,-0.24,214.18,1,-79.00,-6.00,20.00,12.00,53.00,7.00,12918809,222
86.04,1565930922,1025.06,51.44236823,7.48934209,270.83,12.91,-0.32,215.54,1,-79.00,-6.00,20.00,12.00,53.00,7.00,12918809,222
87.04,1565930923,1037.96,51.44227914,7.48923933,271.20,13.38,0.47,216.29,1,-86.00,-7.00,13.00,2.00,50.00,7.00,12918809,222
88.04,1565930924,1051.34,51.44218335,7.48911815,271.54,13.52,0.14,217.28,1,-86.00,-7.00,13.00,2.00,50.00,7.00,12918809,222
89.04,1565930925,1064.89,51.44208117,7.48898932,271.74,14.13,0.61,217.91,1,-81.00,-8.00,3.00,2.00,51.00,7.00,12918809,222
90.04,1565930926,1079.02,51.44198229,7.48885379,271.90,13.93,-0.20,218.79,1,-81.00,-8.00,3.00,2.00,51.00,7.00,12918809,222
91.04,1565930927,1092.93,51.44188075,7.48871167,272.29,14.42,0.49,219.89,1,-82.00,-8.00,15.00,13.00,52.00,3.00,12918809,222
92.04,1565930928,1107.35,51.44179373,7.48857668,272.07,13.85,-0.57,223.20,1,-82.00,-8.00,15.00,13.00,52.00,3.00,12918809,222
93.04,1565930929,1121.19,51.44170203,7.48841729,271.64,13.65,-0.20,225.48,1,-79.00,-7.00,-2.00,14.00,53.00,3.00,12918809,222
94.04,1565930930,1134.84,51.44161568,7.48826208,271.30,14.24,0.59,227.44,1,-79.00,-7.00,-2.00,14.00,53.00,3.00,12918809,222
95.04,1565930931,1149.08,51.44153151,7.48810835,270.83,14.27,0.03,228.25,1,-78.00,-6.00,18.00,12.00,53.00,2.00,12918810,223
96.04,1565930932,1163.35,51.44143764,7.48792427,270.22,15.56,1.29,229.52,1,-78.00,-6.00,18.00,12.00,53.00,2.00,12918810,223
97.04,1565930933,1179.01,51.44135466,7.48775122,269.58,15.41,-0.15,231.08,1,-79.00,-5.00,28.00,14.00,52.00,2.00,12918810,223
98.03,1565930934,1194.28,51.44127483,7.48757699,269.63,15.11,-0.31,231.81,1,-79.00,-5.00,28.00,14.00,52.00,2.00,12918810,223
99.04,1565930935,1209.44,51.44119448,7.48739219,269.55,14.81,-0.30,232.20,1,-79.00,-5.00,28.00,14.00,52.00,2.00,12918810,223
100.04,1565930936,1224.24,51.44111519,7.48720863,269.51,14.83,0.02,232.25,1,-81.00,-5.00,30.00,15.00,50.00,2.00,12918810,223
101.04,1565930937,1239.07,51.44103848,7.48703442,269.94,14.30,-0.52,231.99,1,-81.00,-5.00,30.00,15.00,50.00,2.00,12918810,223
102.04,1565930938,1253.37,51.44097130,7.48688146,270.59,13.95,-0.36,232.03,1,-79.00,-5.00,39.00,15.00,51.00,2.00,12918810,223
103.04,1565930939,1267.32,51.44089845,7.48671816,270.97,13.65,-0.29,231.72,1,-79.00,-5.00,39.00,15.00,51.00,2.00,12918810,223
104.04,1565930940,1280.97,51.44083083,7.48656468,270.99,13.51,-0.14,232.92,1,-77.00,-5.00,33.00,15.00,52.00,2.00,12918810,223
105.04,1565930941,1294.49,51.44077130,7.48642346,271.69,12.72,-0.80,234.06,1,-77.00,-5.00,33.00,15.00,52.00,2.00,12918810,223
106.04,1565930942,1307.19,51.44070013,7.48626589,272.02,13.35,0.64,233.66,1,-79.00,-5.00,28.00,1.00,52.00,2.00,12918810,223
107.04,1565930943,1320.55,51.44062589,7.48609922,272.33,13.76,0.41,234.45,1,-79.00,-5.00,28.00,1.00,52.00,2.00,12918810,223
108.04,1565930944,1334.31,51.44054653,7.48592790,273.07,14.46,0.70,234.05,1,-80.00,-6.00,25.00,15.00,52.00,2.00,12918810,223
109.04,1565930945,1348.78,51.44046360,7.48574062,273.52,14.65,0.19,233.34,1,-80.00,-6.00,25.00,15.00,52.00,2.00,12918810,223
110.04,1565930946,1363.43,51.44038205,7.48556695,274.00,15.03,0.38,233.88,1,-82.00,-8.00,13.00,2.00,54.00,2.00,12918810,223
111.04,1565930947,1378.45,51.44031174,7.48539857,274.82,13.89,-1.14,235.57,1,-82.00,-8.00,13.00,2.00,54.00,2.00,12918810,223
112.04,1565930948,1392.39,51.44024428,7.48524110,274.88,13.09,-0.80,235.20,1,-80.00,-7.00,12.00,2.00,52.00,2.00,12918811,224
113.04,1565930949,1405.48,51.44017219,7.48508012,275.56,13.21,0.12,234.54,1,-80.00,-7.00,12.00,2.00,52.00,2.00,12918811,224
114.04,1565930950,1418.67,51.44009905,7.48492253,276.05,13.30,0.09,233.39,1,-80.00,-7.00,18.00,2.00,52.00,2.00,12918811,224
115.04,1565930951,1431.97,51.44002095,7.48475436,276.64,13.61,0.32,232.92,1,-80.00,-7.00,18.00,2.00,52.00,2.00,12918811,224
116.04,1565930952,1445.57,51.43994842,7.48459115,276.71,12.90,-0.71,234.77,1,-79.00,-6.00,19.00,2.00,52.00,2.00,12918811,224
117.04,1565930953,1458.47,51.43988435,7.48443400,277.19,12.27,-0.63,236.71,1,-79.00,-6.00,19.00,2.00,52.00,2.00,12918811,224
118.05,1565930954,1470.87,51.43981518,7.48426634,277.36,13.28,1.00,236.23,1,-81.00,-7.00,18.00,2.00,51.00,2.00,12918811,224
119.04,1565930955,1484.03,51.43974435,7.48410488,277.63,13.43,0.15,235.23,1,-81.00,-7.00,18.00,2.00,51.00,2.00,12918811,224
120.04,1565930956,1497.47,51.43967460,7.48394688,277.06,13.91,0.48,236.22,1,-81.00,-7.00,18.00,2.00,51.00,2.00,12918811,224
121.04,1565930957,1511.35,51.43960530,7.48379236,276.08,13.89,-0.03,235.76,1,-80.00,-7.00,11.00,2.00,52.00,2.00,12918811,224
122.04,1565930958,1525.25,51.43953594,7.48363934,275.85,12.98,-0.91,236.11,1,-80.00,-7.00,11.00,2.00,52.00,2.00,12918811,224
123.04,1565930959,1538.22,51.43947122,7.48348968,276.38,11.75,-1.23,237.22,1,-78.00,-6.00,23.00,15.00,54.00,4.00,12918811,224
124.04,1565930960,1550.00,51.43941406,7.48334903,276.79,11.12,-0.64,238.37,1,-78.00,-6.00,23.00,15.00,54.00,4.00,12918811,224
125.04,1565930961,1561.07,51.43936472,7.48321372,277.07,10.52,-0.60,240.58,1,-81.00,-6.00,18.00,13.00,47.00,4.00,12918811,224
126.04,1565930962,1571.61,51.43931652,7.48308950,277.47,8.80,-1.71,240.45,1,-81.00,-6.00,18.00,13.00,47.00,4.00,12918811,224
127.04,1565930963,1580.40,51.43927742,7.48298023,277.56,7.58,-1.22,239.83,1,-86.00,-6.00,18.00,15.00,45.00,4.00,12918811,224
128.04,1565930964,1587.99,51.43924684,7.48289021,277.88,5.71,-1.87,239.67,1,-86.00,-6.00,18.00,15.00,45.00,4.00,12918811,224
129.04,1565930965,1593.71,51.43921974,7.48281212,278.74,5.33,-0.38,242.64,1,-88.00,-6.00,22.00,12.00,42.00,4.00,12918811,224
130.04,1565930966,1599.04,51.43919035,7.48271594,279.06,6.60,1.26,243.04,1,-88.00,-6.00,22.00,12.00,42.00,4.00,12918811,224
131.04,1565930967,1605.63,51.43916046,7.48261296,279.08,7.41,0.82,241.72,1,-88.00,-7.00,16.00,14.00,45.00,4.00,12918811,224
132.04,1565930968,1613.04,51.43911212,7.48247922,278.79,9.34,1.92,241.08,1,-88.00,-7.00,16.00,14.00,45.00,4.00,12918811,224
133.04,1565930969,1622.38,51.43906365,7.48234609,278.26,10.52,1.18,240.65,1,-95.00,-7.00,19.00,15.00,33.00,4.00,12918811,224
134.04,1565930970,1632.90,51.43900406,7.48218026,277.86,11.73,1.21,241.16,1,-95.00,-7.00,19.00,15.00,33.00,4.00,12918811,224
135.04,1565930971,1644.63,51.43894511,7.48200596,277.91,12.07,0.34,241.64,1,-96.00,-6.00,24.00,15.00,35.00,4.00,12918811,224
136.04,1565930972,1656.70,51.43888821,7.48182596,277.92,12.10,0.03,242.22,1,-96.00,-6.00,24.00,15.00,35.00,4.00,12918811,224
137.04,1565930973,1668.80,51.43882697,7.48163040,278.26,13.45,1.35,242.01,1,-102.00,-6.00,13.00,8.00,28.00,4.00,12918811,224
138.04,1565930974,1682.25,51.43876253,7.48144960,278.33,13.26,-0.19,240.62,1,-102.00,-6.00,13.00,8.00,28.00,4.00,12918811,224
139.04,1565930975,1695.60,51.43869822,7.48126842,278.62,14.42,1.16,241.22,1,-106.00,-7.00,9.00,12.00,26.00,4.00,12918811,224
140.04,1565930976,1709.92,51.43862515,7.48106744,278.75,15.08,0.66,241.22,1,-106.00,-7.00,9.00,12.00,26.00,4.00,12918811,224
141.04,1565930977,1725.00,51.43855000,7.48085375,278.99,15.79,0.71,241.79,1,-106.00,-7.00,9.00,12.00,26.00,4.00,12918811,224
142.04,1565930978,1740.81,51.43847628,7.48064965,278.88,15.77,-0.02,242.50,1,-108.00,-7.00,12.00,2.00,26.00,4.00,12918811,224
143.04,1565930979,1756.57,51.43840480,7.48045156,279.27,15.16,-0.61,242.16,1,-108.00,-7.00,12.00,2.00,26.00,4.00,12918811,224
144.04,1565930980,1771.73,51.43833067,7.48025296,279.46,15.83,0.67,242.51,1,-107.00,-9.00,2.00,2.00,27.00,4.00,12918811,224
145.04,1565930981,1787.57,51.43826163,7.48005447,279.64,15.43,-0.40,242.92,1,-107.00,-9.00,2.00,2.00,27.00,4.00,12918811,224
146.04,1565930982,1803.01,51.43819886,7.47986840,279.88,14.45,-0.97,242.74,1,-109.00,-9.00,-3.00,2.00,26.00,4.00,12918811,224
147.04,1565930983,1817.45,51.43813466,7.47966601,279.87,15.42,0.97,243.71,1,-109.00,-9.00,-3.00,2.00,26.00,4.00,12918811,224
148.04,1565930984,1832.88,51.43806765,7.47945923,279.60,15.51,0.08,243.08,1,-110.00,-9.00,-4.00,2.00,24.00,4.00,12918811,224
149.04,1565930985,1848.39,51.43800559,7.47926183,279.56,14.97,-0.53,242.14,1,-110.00,-9.00,-4.00,2.00,24.00,4.00,12918811,224
150.04,1565930986,1863.33,51.43793935,7.47906547,279.57,15.29,0.31,241.61,1,-110.00,-13.00,3.00,2.00,33.00,76.00,13534235,38
151.04,1565930987,1878.62,51.43787253,7.47886974,279.84,15.17,-0.12,242.29,1,-110.00,-13.00,3.00,2.00,33.00,76.00,13534235,38
152.04,1565930988,1893.82,51.43781765,7.47869597,279.70,14.22,-0.94,243.29,1,-109.00,-10.00,1.00,2.00,27.00,76.00,13534235,38
153.04,1565930989,1908.04,51.43776632,7.47853824,279.80,13.68,-0.54,242.56,1,-109.00,-10.00,1.00,2.00,27.00,76.00,13534235,38
154.04,1565930990,1921.72,51.43771020,7.47835988,279.63,13.79,0.11,243.39,1,-109.00,-9.00,4.00,2.00,25.00,76.00,13534235,38
155.04,1565930991,1935.51,51.43765414,7.47817520,279.57,14.24,0.45,244.30,1,-109.00,-9.00,4.00,2.00,25.00,76.00,13534235,38
156.04,1565930992,1949.74,51.43759948,7.47800331,279.38,13.67,-0.57,243.90,1,-108.00,-8.00,8.00,2.00,24.00,76.00,13534235,38
157.04,1565930993,1963.43,51.43753797,7.47781490,279.10,13.79,0.12,244.88,1,-108.00,-8.00,8.00,2.00,24.00,76.00,13534235,38
158.04,1565930994,1977.20,51.43748655,7.47765184,278.60,13.04,-0.75,244.66,1,-109.00,-8.00,0.00,2.00,24.00,76.00,13534235,38
159.04,1565930995,1990.24,51.43742875,7.47747318,278.14,13.38,0.34,243.81,1,-109.00,-8.00,0.00,2.00,24.00,76.00,13534235,38
160.05,1565930996,2003.75,51.43738053,7.47733129,278.00,12.08,-1.29,242.77,1,-110.00,-8.00,1.00,2.00,24.00,76.00,13534235,38
161.04,1565930997,2015.72,51.43733049,7.47715519,278.37,11.71,-0.38,244.22,1,-110.00,-8.00,1.00,2.00,24.00,76.00,13534235,38
162.04,1565930998,2027.43,51.43727950,7.47697578,278.24,12.11,0.40,245.79,1,-110.00,-8.00,1.00,2.00,24.00,76.00,13534235,38
163.04,1565930999,2039.55,51.43723965,7.47681520,278.49,11.51,-0.60,248.77,1,-113.00,-10.00,-1.00,2.00,23.00,76.00,13534235,38
164.04,1565931000,2051.08,51.43721873,7.47665562,278.20,10.72,-0.79,261.93,1,-113.00,-10.00,-1.00,2.00,23.00,76.00,13534235,38
165.04,1565931001,2061.80,51.43720901,7.47651281,278.83,10.18,-0.54,265.12,1,-115.00,-11.00,-4.00,5.00,22.00,73.00,13534235,38
166.04,1565931002,2071.99,51.43722674,7.47639745,279.66,9.37,-0.82,285.70,1,-115.00,-11.00,-4.00,5.00,22.00,73.00,13534235,38
167.04,1565931003,2081.36,51.43726386,7.47629297,280.42,8.61,-0.76,301.29,1,-110.00,-15.00,-6.00,4.00,32.00,249.00,14068483,167
168.04,1565931004,2089.96,51.43732541,7.47622287,281.13,8.03,-0.58,328.17,1,-110.00,-15.00,-6.00,4.00,32.00,249.00,14068483,167
169.04,1565931005,2097.99,51.43739572,7.47621057,281.72,8.75,0.72,1.41,1,-110.00,-15.00,-8.00,5.00,31.00,249.00,14068483,167
170.04,1565931006,2106.74,51.43747183,7.47620970,282.29,8.33,-0.42,5.22,1,-110.00,-15.00,-8.00,5.00,31.00,249.00,14068483,167
171.04,1565931007,2115.05,51.43753592,7.47627450,282.99,9.72,1.39,40.48,1,-92.00,-5.00,3.00,14.00,40.00,12.00,12918811,224
172.04,1565931008,2124.77,51.43760266,7.47636162,284.18,10.99,1.27,43.52,1,-92.00,-5.00,3.00,14.00,40.00,12.00,12918811,224
173.04,1565931009,2135.78,51.43768485,7.47649296,284.77,11.44,0.45,46.92,1,-90.00,-7.00,27.00,12.00,42.00,12.00,12918811,224
174.04,1565931010,2147.21,51.43776198,7.47663529,286.14,12.89,1.44,48.46,1,-90.00,-7.00,27.00,12.00,42.00,12.00,12918811,224
175.04,1565931011,2160.09,51.43783606,7.47677787,287.50,13.54,0.65,49.96,1,-92.00,-6.00,27.00,15.00,40.00,12.00,12918811,224
176.04,1565931012,2173.63,51.43791893,7.47694840,288.94,14.44,0.90,51.64,1,-92.00,-6.00,27.00,15.00,40.00,12.00,12918811,224
177.04,1565931013,2188.07,51.43799728,7.47711969,290.09,15.41,0.97,53.19,1,-89.00,-5.00,26.00,15.00,43.00,12.00,12918811,224
178.04,1565931014,2203.48,51.43808407,7.47730889,290.79,15.77,0.36,54.54,1,-89.00,-5.00,26.00,15.00,43.00,12.00,12918811,224
179.04,1565931015,2219.25,51.43816916,7.47750243,291.51,16.97,1.20,55.07,1,-88.00,-5.00,27.00,15.00,43.00,12.00,12918811,224
180.04,1565931016,2236.22,51.43825427,7.47770820,292.16,18.07,1.10,55.58,1,-88.00,-5.00,27.00,15.00,43.00,12.00,12918811,224
181.05,1565931017,2254.43,51.43835400,7.47794245,292.27,18.92,0.84,56.52,1,-87.00,-5.00,29.00,15.00,43.00,12.00,12918811,224
182.04,1565931018,2273.20,51.43844566,7.47817456,292.02,19.55,0.63,56.92,1,-87.00,-5.00,29.00,15.00,43.00,12.00,12918811,224
183.04,1565931019,2292.75,51.43854244,7.47841389,292.02,19.60,0.05,57.41,1,-87.00,-5.00,29.00,15.00,43.00,12.00,12918811,224
184.04,1565931020,2312.35,51.43863981,7.47865308,291.50,20.52,0.92,56.93,1,-93.00,-5.00,25.00,15.00,38.00,12.00,12918811,224
185.04,1565931021,2332.88,51.43874704,7.47890911,290.73,21.60,1.07,56.91,1,-93.00,-5.00,25.00,15.00,38.00,12.00,12918811,224
186.04,1565931022,2354.47,51.43886164,7.47918582,289.86,22.23,0.63,57.15,1,-97.00,-6.00,24.00,10.00,34.00,12.00,12918811,224
187.04,1565931023,2376.70,51.43897676,7.47946104,289.15,22.77,0.54,55.67,1,-97.00,-6.00,24.00,10.00,34.00,12.00,12918811,224
188.04,1565931024,2399.48,51.43909794,7.47973796,288.64,23.66,0.89,53.48,1,-96.00,-6.00,10.00,15.00,35.00,12.00,12918811,224
189.04,1565931025,2423.12,51.43921943,7.48001119,287.71,24.05,0.39,53.39,1,-96.00,-6.00,10.00,15.00,35.00,12.00,12918811,224
190.04,1565931026,2447.15,51.43935349,7.48028724,286.55,24.76,0.71,52.35,1,-97.00,-5.00,10.00,13.00,36.00,12.00,12918811,224
191.04,1565931027,2471.93,51.43949264,7.48057961,285.86,25.03,0.27,52.73,1,-97.00,-5.00,10.00,13.00,36.00,12.00,12918811,224
192.04,1565931028,2496.97,51.43962848,7.48086788,285.48,25.20,0.17,51.58,1,-96.00,-5.00,16.00,13.00,35.00,12.00,12918811,224
193.04,1565931029,2522.17,51.43976890,7.48114538,285.02,25.08,-0.12,50.21,1,-96.00,-5.00,16.00,13.00,35.00,12.00,12918811,224
194.04,1565931030,2547.25,51.43991165,7.48142298,284.53,25.08,-0.00,49.24,1,-93.00,-10.00,23.00,12.00,43.00,12.00,12918811,224
195.04,1565931031,2572.33,51.44007496,7.48169859,284.23,25.31,0.23,45.86,1,-93.00,-10.00,23.00,12.00,43.00,12.00,12918811,224
196.04,1565931032,2597.64,51.44023272,7.48195821,284.22,25.97,0.66,43.85,1,-92.00,-6.00,22.00,12.00,40.00,12.00,12918811,224
197.04,1565931033,2623.61,51.44039078,7.48222800,284.24,25.61,-0.36,43.68,1,-92.00,-6.00,22.00,12.00,40.00,12.00,12918811,224
198.04,1565931034,2649.16,51.44055240,7.48248424,284.09,25.81,0.20,42.20,1,-90.00,-7.00,26.00,13.00,43.00,12.00,12918811,224
199.04,1565931035,2675.03,51.44071984,7.48273176,283.84,25.94,0.13,40.59,1,-90.00,-7.00,26.00,13.00,43.00,12.00,12918811,224
200.04,1565931036,2700.96,51.44089367,7.48297764,283.79,26.10,0.17,39.19,1,-85.00,-7.00,18.00,12.00,47.00,12.00,12918811,224
201.04,1565931037,2727.07,51.44107134,7.48320929,283.48,26.17,0.07,38.07,1,-85.00,-7.00,18.00,12.00,47.00,12.00,12918811,224
202.04,1565931038,2753.42,51.44126399,7.48345012,283.04,25.90,-0.27,36.03,1,-81.00,-5.00,38.00,15.00,50.00,12.00,12918811,224
203.04,1565931039,2779.14,51.44144053,7.48365243,282.76,25.49,-0.41,34.81,1,-81.00,-5.00,38.00,15.00,50.00,12.00,12918811,224
204.04,1565931040,2804.63,51.44162611,7.48385183,282.69,25.06,-0.43,32.63,1,-81.00,-5.00,38.00,15.00,50.00,12.00,12918811,224
205.04,1565931041,2829.69,51.44181749,7.48404048,282.65,24.70,-0.37,30.04,1,-77.00,-5.00,32.00,15.00,53.00,12.00,12918811,224
206.04,1565931042,2854.39,51.44200805,7.48421334,282.50,24.50,-0.20,28.24,1,-77.00,-5.00,32.00,15.00,53.00,12.00,12918811,224
207.04,1565931043,2878.89,51.44219549,7.48437436,282.14,24.20,-0.30,27.05,1,-75.00,-4.00,29.00,15.00,55.00,12.00,12918811,224
208.04,1565931044,2903.09,51.44237807,7.48453020,281.60,23.93,-0.27,26.12,1,-75.00,-4.00,29.00,15.00,55.00,12.00,12918811,224
209.04,1565931045,2927.02,51.44256659,7.48467973,281.06,23.75,-0.17,25.40,1,-74.00,-7.00,18.00,10.00,54.00,12.00,12918811,224
210.04,1565931046,2950.77,51.44276201,7.48483149,280.57,23.64,-0.12,24.66,1,-74.00,-7.00,18.00,10.00,54.00,12.00,12918811,224
211.04,1565931047,2974.43,51.44295605,7.48497114,279.89,23.62,-0.01,23.89,1,-77.00,-6.00,18.00,10.00,56.00,12.00,12918811,224
212.04,1565931048,2998.05,51.44314828,7.48510685,279.21,23.63,0.01,23.51,1,-77.00,-6.00,18.00,10.00,56.00,12.00,12918811,224
213.04,1565931049,3021.69,51.44334127,7.48524287,278.62,23.41,-0.22,23.32,1,-83.00,-10.00,18.00,10.00,50.00,12.00,12918811,224
214.04,1565931050,3045.07,51.44353460,7.48537312,278.37,23.00,-0.41,22.81,1,-83.00,-10.00,18.00,10.00,50.00,12.00,12918811,224
215.04,1565931051,3068.07,51.44371706,7.48549489,278.13,22.40,-0.60,22.52,1,-78.00,-5.00,28.00,2.00,57.00,2.00,12918809,222
216.04,1565931052,3090.47,51.44388770,7.48560160,277.95,20.42,-1.98,21.48,1,-78.00,-5.00,28.00,2.00,57.00,2.00,12918809,222
217.04,1565931053,3110.88,51.44404708,7.48570251,277.78,18.89,-1.53,20.65,1,-69.00,-6.00,27.00,2.00,63.00,2.00,12918809,222
218.04,1565931054,3129.77,51.44420130,7.48579906,277.43,17.62,-1.27,21.41,1,-69.00,-6.00,27.00,2.00,63.00,2.00,12918809,222
219.04,1565931055,3147.40,51.44433055,7.48588943,276.95,16.21,-1.42,22.85,1,-72.00,-7.00,31.00,2.00,61.00,2.00,12918809,222
220.04,1565931056,3163.60,51.44445361,7.48598888,276.31,15.05,-1.16,25.69,1,-72.00,-7.00,31.00,2.00,61.00,2.00,12918809,222
221.04,1565931057,3178.66,51.44456220,7.48612833,275.60,13.86,-1.18,39.89,1,-73.00,-7.00,31.00,2.00,59.00,4.00,12918809,222
222.04,1565931058,3192.51,51.44466178,7.48626932,274.71,13.22,-0.64,43.80,1,-73.00,-7.00,31.00,2.00,59.00,4.00,12918809,222
223.04,1565931059,3205.82,51.44471540,7.48643714,274.12,13.23,0.01,62.56,1,-74.00,-5.00,24.00,15.00,57.00,4.00,12918809,222
224.04,1565931060,3218.96,51.44473843,7.48662793,273.59,13.16,-0.08,79.57,1,-74.00,-5.00,24.00,15.00,57.00,4.00,12918809,222
225.04,1565931061,3232.11,51.44472994,7.48682666,273.17,13.89,0.73,93.49,1,-74.00,-5.00,24.00,15.00,57.00,4.00,12918809,222
226.04,1565931062,3246.01,51.44468629,7.48702109,272.74,13.94,0.06,108.83,1,-81.00,-5.00,26.00,15.00,49.00,4.00,12918809,222
227.04,1565931063,3259.95,51.44461895,7.48720220,271.59,13.71,-0.23,123.09,1,-81.00,-5.00,26.00,15.00,49.00,4.00,12918809,222
228.04,1565931064,3273.67,51.44454514,7.48736421,270.77,13.51,-0.21,126.88,1,-79.00,-5.00,28.00,15.00,51.00,4.00,12918809,222
229.04,1565931065,3287.19,51.44442667,7.48747180,269.53,14.05,0.54,154.95,1,-79.00,-5.00,28.00,15.00,51.00,4.00,12918809,222
230.04,1565931066,3301.22,51.44430189,7.48752810,268.09,14.10,0.05,169.13,1,-65.00,-4.00,33.00,15.00,63.00,4.00,12918809,222
231.04,1565931067,3315.33,51.44418094,7.48752154,266.80,14.33,0.23,184.52,1,-65.00,-4.00,33.00,15.00,63.00,4.00,12918809,222
232.04,1565931068,3329.66,51.44405720,7.48745953,265.69,14.53,0.20,199.29,1,-63.00,-4.00,33.00,2.00,63.00,4.00,12918809,222
233.04,1565931069,3344.19,51.44395520,7.48734498,264.84,14.51,-0.02,215.07,1,-63.00,-4.00,33.00,2.00,63.00,4.00,12918809,222
234.04,1565931070,3358.70,51.44387571,7.48720111,263.85,13.96,-0.56,231.31,1,-70.00,-5.00,33.00,15.00,62.00,3.00,12918809,222
235.04,1565931071,3372.66,51.44381773,7.48702726,262.73,13.92,-0.04,246.82,1,-70.00,-5.00,33.00,15.00,62.00,3.00,12918809,222
236.04,1565931072,3386.58,51.44378159,7.48681983,261.79,14.01,0.09,260.41,1,-73.00,-5.00,25.00,14.00,58.00,3.00,12918809,222
237.04,1565931073,3400.59,51.44376187,7.48661891,261.08,14.75,0.74,263.19,1,-73.00,-5.00,25.00,14.00,58.00,3.00,12918809,222
238.04,1565931074,3415.34,51.44375183,7.48641335,260.61,15.67,0.92,264.91,1,-75.00,-5.00,19.00,15.00,55.00,3.00,12918809,222
239.04,1565931075,3431.01,51.44374181,7.48618506,260.22,16.60,0.92,265.85,1,-75.00,-5.00,19.00,15.00,55.00,3.00,12918809,222
240.04,1565931076,3447.61,51.44373526,7.48592747,259.83,17.64,1.05,266.56,1,-79.00,-6.00,25.00,15.00,52.00,3.00,12918809,222
241.04,1565931077,3465.25,51.44372879,7.48566357,259.81,18.45,0.81,267.14,1,-79.00,-6.00,25.00,15.00,52.00,3.00,12918809,222
242.04,1565931078,3483.71,51.44372212,7.48540460,260.39,17.84,-0.62,266.67,1,-80.00,-6.00,31.00,15.00,50.00,3.00,12918809,222
243.04,1565931079,3501.54,51.44372129,7.48515639,260.72,15.55,-2.29,268.95,1,-80.00,-6.00,31.00,15.00,50.00,3.00,12918809,222
244.05,1565931080,3517.22,51.44372377,7.48489041,260.94,18.52,2.95,270.35,1,-91.00,-8.00,25.00,12.00,42.00,3.00,12918809,222
245.03,1565931081,3535.53,51.44372824,7.48456307,261.28,22.08,3.60,269.55,1,-91.00,-8.00,25.00,12.00,42.00,3.00,12918809,222
246.04,1565931082,3557.70,51.44373006,7.48423221,261.34,22.76,0.68,268.90,1,-91.00,-8.00,25.00,12.00,42.00,3.00,12918809,222
247.04,1565931083,3580.41,51.44373086,7.48389145,261.07,23.42,0.66,268.74,1,-78.00,-7.00,35.00,8.00,55.00,3.00,12918809,222
248.03,1565931084,3603.79,51.44373164,7.48353848,260.92,23.90,0.49,268.54,1,-78.00,-7.00,35.00,8.00,55.00,3.00,12918809,222
249.04,1565931085,3627.76,51.44372339,7.48317553,261.42,24.84,0.93,266.47,1,-81.00,-7.00,17.00,15.00,50.00,3.00,12918809,222
250.04,1565931086,3652.60,51.44371363,7.48280921,262.30,25.57,0.73,267.21,1,-81.00,-7.00,17.00,15.00,50.00,3.00,12918809,222
251.04,1565931087,3678.20,51.44370762,7.48243511,263.08,26.60,1.02,267.98,1,-90.00,-9.00,8.00,12.00,44.00,3.00,12918809,222
252.04,1565931088,3704.79,51.44370061,7.48204180,263.77,27.33,0.74,267.00,1,-90.00,-9.00,8.00,12.00,44.00,3.00,12918809,222
253.04,1565931089,3732.10,51.44368606,7.48163543,264.32,28.36,1.02,266.34,1,-90.00,-7.00,12.00,6.00,42.00,4.00,12918811,224
254.04,1565931090,3760.46,51.44367047,7.48122496,264.75,29.18,0.82,265.57,1,-90.00,-7.00,12.00,6.00,42.00,4.00,12918811,224
255.04,1565931091,3789.64,51.44365424,7.48081560,264.75,29.68,0.50,265.69,1,-93.00,-6.00,12.00,10.00,39.00,4.00,12918811,224
256.04,1565931092,3819.32,51.44362807,7.48038597,264.38,30.93,1.25,264.44,1,-93.00,-6.00,12.00,10.00,39.00,4.00,12918811,224
257.04,1565931093,3850.25,51.44359347,7.47993948,263.96,31.58,0.65,263.08,1,-89.00,-5.00,18.00,13.00,40.00,4.00,12918811,224
258.04,1565931094,3881.84,51.44355852,7.47948027,263.67,31.97,0.39,262.28,1,-89.00,-5.00,18.00,13.00,40.00,4.00,12918811,224
259.04,1565931095,3913.81,51.44352162,7.47902027,263.38,31.68,-0.29,262.10,1,-88.00,-6.00,28.00,12.00,43.00,4.00,12918811,224
260.04,1565931096,3945.55,51.44348656,7.47858376,262.83,31.07,-0.61,262.36,1,-88.00,-6.00,28.00,12.00,43.00,4.00,12918811,224
261.04,1565931097,3976.57,51.44345131,7.47813547,262.66,30.61,-0.46,262.45,1,-86.00,-6.00,20.00,15.00,45.00,4.00,12918811,224
262.04,1565931098,4007.18,51.44341564,7.47769378,262.59,30.09,-0.52,262.60,1,-86.00,-6.00,20.00,15.00,45.00,4.00,12918811,224
263.04,1565931099,4037.27,51.44337985,7.47726388,262.61,29.63,-0.46,262.46,1,-86.00,-5.00,32.00,15.00,42.00,4.00,12918811,224
264.04,1565931100,4066.90,51.44334411,7.47683689,262.63,29.45,-0.18,262.24,1,-86.00,-5.00,32.00,15.00,42.00,4.00,12918811,224
265.05,1565931101,4096.59,51.44330324,7.47641476,262.58,29.12,-0.32,261.41,1,-84.00,-5.00,34.00,15.00,44.00,4.00,12918811,224
266.04,1565931102,4125.48,51.44326189,7.47600447,262.47,28.74,-0.39,261.00,1,-84.00,-5.00,34.00,15.00,44.00,4.00,12918811,224
267.04,1565931103,4154.22,51.44321590,7.47561321,262.02,28.34,-0.40,259.75,1,-84.00,-5.00,34.00,15.00,44.00,4.00,12918811,224
268.04,1565931104,4182.56,51.44316571,7.47522455,261.34,27.99,-0.35,258.55,1,-83.00,-5.00,36.00,15.00,47.00,4.00,12918811,224
269.04,1565931105,4210.54,51.44311344,7.47481955,260.89,27.93,-0.06,258.20,1,-83.00,-5.00,36.00,15.00,47.00,4.00,12918811,224
270.04,1565931106,4238.47,51.44306366,7.47442848,260.24,27.75,-0.18,258.82,1,-89.00,-6.00,33.00,15.00,42.00,4.00,12918811,224
271.04,1565931107,4266.22,51.44301572,7.47404430,259.49,27.37,-0.38,258.87,1,-89.00,-6.00,33.00,15.00,42.00,4.00,12918811,224
272.04,1565931108,4293.61,51.44296733,7.47365926,258.74,27.21,-0.16,258.78,1,-106.00,-13.00,1.00,2.00,35.00,4.00,12918811,224
273.04,1565931109,4320.80,51.44291989,7.47327860,257.95,26.85,-0.37,258.80,1,-106.00,-13.00,1.00,2.00,35.00,4.00,12918811,224
274.04,1565931110,4347.73,51.44287331,7.47290257,257.09,27.04,0.19,258.88,1,-102.00,-10.00,0.00,2.00,32.00,4.00,12918811,224
275.04,1565931111,4374.74,51.44282223,7.47252062,256.14,27.50,0.47,258.36,1,-102.00,-10.00,0.00,2.00,32.00,4.00,12918811,224
276.04,1565931112,4402.27,51.44277034,7.47213249,255.08,28.15,0.65,257.70,1,-105.00,-10.00,3.00,2.00,28.00,4.00,12918811,224
277.04,1565931113,4430.42,51.44271356,7.47172883,254.25,28.52,0.37,257.41,1,-105.00,-10.00,3.00,2.00,28.00,4.00,12918811,224
278.04,1565931114,4458.91,51.44265732,7.47132162,253.38,29.04,0.52,257.25,1,-108.00,-10.00,-1.00,2.00,26.00,4.00,12918811,224
279.04,1565931115,4487.95,51.44259927,7.47090200,252.66,29.64,0.60,257.58,1,-108.00,-10.00,-1.00,2.00,26.00,4.00,12918811,224
280.04,1565931116,4517.56,51.44254075,7.47047735,251.99,30.16,0.53,258.20,1,-111.00,-10.00,2.00,2.00,24.00,4.00,12918811,224
281.04,1565931117,4547.72,51.44248086,7.47004502,251.32,30.71,0.54,258.24,1,-111.00,-10.00,2.00,2.00,24.00,4.00,12918811,224
282.04,1565931118,4578.46,51.44242031,7.46960196,250.76,31.60,0.89,258.33,1,-112.00,-11.00,-1.00,2.00,24.00,4.00,12918811,224
283.04,1565931119,4610.09,51.44235879,7.46915484,250.16,32.14,0.53,258.30,1,-112.00,-11.00,-1.00,2.00,24.00,4.00,12918811,224
284.04,1565931120,4642.20,51.44229813,7.46869935,249.50,32.59,0.46,258.25,1,-113.00,-11.00,2.00,2.00,24.00,4.00,12918811,224
285.04,1565931121,4674.79,51.44223832,7.46823980,248.87,32.94,0.34,258.22,1,-113.00,-11.00,2.00,2.00,24.00,4.00,12918811,224
286.06,1565931122,4708.22,51.44218413,7.46776776,248.18,33.54,0.59,258.98,1,-113.00,-11.00,-4.00,2.00,24.00,4.00,12918811,224
287.04,1565931123,4741.39,51.44212863,7.46729186,247.36,34.07,0.54,259.27,1,-113.00,-11.00,-4.00,2.00,24.00,4.00,12918811,224
288.05,1565931124,4775.50,51.44207160,7.46680763,246.43,34.39,0.31,259.30,1,-113.00,-11.00,-4.00,2.00,24.00,4.00,12918811,224
289.05,1565931125,4809.89,51.44201520,7.46632059,245.44,34.64,0.25,259.62,1,-114.00,-12.00,-4.00,2.00,24.00,4.00,12918811,224
290.05,1565931126,4844.52,51.44196580,7.46581858,244.49,34.69,0.05,260.49,1,-114.00,-12.00,-4.00,2.00,24.00,4.00,12918811,224
291.04,1565931127,4879.04,51.44191923,7.46534362,243.33,34.34,-0.35,261.13,1,-108.00,-11.00,-2.00,8.00,29.00,31.00,12897050,118
292.04,1565931128,4913.38,51.44187259,7.46487963,241.94,34.03,-0.31,261.37,1,-108.00,-11.00,-2.00,8.00,29.00,31.00,12897050,118
293.04,1565931129,4947.44,51.44183343,7.46440472,240.43,33.98,-0.05,261.98,1,-108.00,-11.00,-1.00,8.00,28.00,31.00,12897050,118
294.04,1565931130,4981.42,51.44179521,7.46392926,238.87,33.99,0.01,262.46,1,-108.00,-11.00,-1.00,8.00,28.00,31.00,12897050,118
295.04,1565931131,5015.38,51.44176158,7.46345359,237.30,34.09,0.10,263.14,1,-107.00,-8.00,10.00,9.00,27.00,31.00,12897050,118
296.04,1565931132,5049.46,51.44172737,7.46296967,235.91,34.18,0.09,263.69,1,-107.00,-8.00,10.00,9.00,27.00,31.00,12897050,118
297.04,1565931133,5083.71,51.44170112,7.46247982,234.80,34.26,0.08,264.58,1,-111.00,-10.00,1.00,8.00,23.00,31.00,12897050,118
298.04,1565931134,5117.94,51.44167404,7.46197962,234.16,34.34,0.08,265.07,1,-111.00,-10.00,1.00,8.00,23.00,31.00,12897050,118
299.04,1565931135,5152.25,51.44164657,7.46146792,234.22,34.47,0.13,265.26,1,-106.00,-8.00,5.00,11.00,27.00,31.00,12897050,118
300.04,1565931136,5186.72,51.44162575,7.46096128,234.30,34.90,0.43,265.97,1,-106.00,-8.00,5.00,11.00,27.00,31.00,12897050,118
301.04,1565931137,5221.58,51.44160557,7.46045831,234.31,34.70,-0.20,266.94,1,-104.00,-8.00,7.00,2.00,29.00,31.00,12897050,118
302.04,1565931138,5256.27,51.44159342,7.45995583,234.29,34.88,0.19,267.63,1,-104.00,-8.00,7.00,2.00,29.00,31.00,12897050,118
303.04,1565931139,5291.16,51.44158095,7.45944950,234.36,35.05,0.16,267.72,1,-104.00,-7.00,-3.00,2.00,28.00,28.00,12897050,118
304.04,1565931140,5326.28,51.44156930,7.45894760,234.43,34.91,-0.13,268.26,1,-104.00,-7.00,-3.00,2.00,28.00,28.00,12897050,118
305.04,1565931141,5361.15,51.44156456,7.45844464,234.58,34.75,-0.16,269.03,1,-89.00,-10.00,-6.00,11.00,45.00,10.00,12935171,269
306.04,1565931142,5395.90,51.44155986,7.45794316,234.85,34.41,-0.34,269.29,1,-89.00,-10.00,-6.00,11.00,45.00,10.00,12935171,269
307.05,1565931143,5430.52,51.44155654,7.45745909,234.94,33.75,-0.66,269.83,1,-86.00,-7.00,1.00,6.00,47.00,15.00,14301697,144
308.04,1565931144,5464.03,51.44156062,7.45699274,234.54,33.26,-0.49,270.36,1,-86.00,-7.00,1.00,6.00,47.00,15.00,14301697,144
309.04,1565931145,5497.29,51.44156578,7.45653086,233.94,33.33,0.07,270.46,1,-86.00,-7.00,1.00,6.00,47.00,15.00,14301697,144
310.04,1565931146,5530.59,51.44157094,7.45606570,233.23,33.32,-0.02,270.62,1,-86.00,-7.00,26.00,11.00,47.00,15.00,14301697,144
311.04,1565931147,5563.91,51.44157670,7.45560174,232.35,33.04,-0.27,271.09,1,-86.00,-7.00,26.00,11.00,47.00,15.00,14301697,144
312.04,1565931148,5596.99,51.44159032,7.45513538,231.51,33.10,0.05,271.97,1,-83.00,-7.00,6.00,10.00,51.00,15.00,14301697,144
313.04,1565931149,5630.05,51.44160267,7.45465358,230.96,33.41,0.31,272.80,1,-83.00,-7.00,6.00,10.00,51.00,15.00,14301697,144
314.04,1565931150,5663.46,51.44162258,7.45417729,230.49,33.54,0.13,273.55,1,-84.00,-7.00,22.00,15.00,49.00,15.00,14301697,144
315.05,1565931151,5697.26,51.44164173,7.45369246,230.29,33.66,0.13,274.38,1,-84.00,-7.00,22.00,15.00,49.00,15.00,14301697,144
316.04,1565931152,5730.59,51.44166796,7.45321453,230.18,33.86,0.20,274.83,1,-84.00,-7.00,26.00,15.00,49.00,15.00,14301697,144
317.04,1565931153,5764.52,51.44169517,7.45273280,230.17,33.95,0.09,275.35,1,-84.00,-7.00,26.00,15.00,49.00,15.00,14301697,144
318.04,1565931154,5798.44,51.44172814,7.45224580,230.06,34.24,0.28,275.86,1,-78.00,-7.00,19.00,12.00,54.00,15.00,14301697,144
319.04,1565931155,5832.71,51.44175997,7.45175745,230.11,34.24,0.01,276.45,1,-78.00,-7.00,19.00,12.00,54.00,15.00,14301697,144
320.04,1565931156,5866.95,51.44179836,7.45126310,230.09,34.45,0.21,277.00,1,-76.00,-6.00,25.00,15.00,56.00,15.00,14301697,144
321.04,1565931157,5901.40,51.44183766,7.45076645,230.00,34.70,0.25,277.55,1,-76.00,-6.00,25.00,15.00,56.00,15.00,14301697,144
322.04,1565931158,5936.10,51.44187700,7.45027230,230.04,34.74,0.03,277.76,1,-74.00,-5.00,28.00,15.00,58.00,15.00,14301697,144
323.04,1565931159,5970.84,51.44191633,7.44977478,230.32,34.23,-0.51,277.72,1,-74.00,-5.00,28.00,15.00,58.00,15.00,14301697,144
324.04,1565931160,6005.07,51.44196102,7.44928448,230.62,33.69,-0.54,278.05,1,-72.00,-5.00,27.00,15.00,58.00,15.00,14301697,144
325.04,1565931161,6038.76,51.44200545,7.44879671,230.98,33.70,0.01,278.54,1,-72.00,-5.00,27.00,15.00,58.00,15.00,14301697,144
326.04,1565931162,6072.45,51.44205473,7.44830425,231.28,33.61,-0.09,279.18,1,-70.00,-5.00,19.00,15.00,62.00,15.00,14301697,144
327.04,1565931163,6106.06,51.44210448,7.44782324,231.32,33.53,-0.08,280.18,1,-70.00,-5.00,19.00,15.00,62.00,15.00,14301697,144
328.05,1565931164,6139.89,51.44216034,7.44735525,231.26,33.57,0.04,280.94,1,-67.00,-5.00,21.00,2.00,63.00,15.00,14301697,144
329.04,1565931165,6173.16,51.44221686,7.44687833,231.17,33.56,-0.01,281.17,1,-67.00,-5.00,21.00,2.00,63.00,15.00,14301697,144
330.04,1565931166,6206.72,51.44227942,7.44639964,231.17,33.75,0.19,282.01,1,-67.00,-5.00,21.00,2.00,63.00,15.00,14301697,144
331.04,1565931167,6240.47,51.44234278,7.44592392,231.00,33.97,0.22,282.55,1,-79.00,-5.00,29.00,2.00,51.00,15.00,14301721,72
332.04,1565931168,6274.37,51.44241135,7.44545269,230.87,34.27,0.30,283.17,1,-79.00,-5.00,29.00,2.00,51.00,15.00,14301721,72
333.04,1565931169,6308.71,51.44248169,7.44497247,230.74,34.43,0.16,283.51,1,-78.00,-5.00,29.00,15.00,53.00,4.00,14301721,72
334.04,1565931170,6343.17,51.44255279,7.44449016,230.61,34.73,0.30,283.70,1,-78.00,-5.00,29.00,15.00,53.00,4.00,14301721,72
335.04,1565931171,6377.86,51.44263036,7.44400803,230.23,34.92,0.19,284.26,1,-73.00,-5.00,31.00,15.00,58.00,4.00,14301721,72
336.04,1565931172,6412.78,51.44270825,7.44352053,229.80,35.24,0.32,284.75,1,-73.00,-5.00,31.00,15.00,58.00,4.00,14301721,72
337.04,1565931173,6448.01,51.44278732,7.44302943,229.27,35.57,0.34,285.17,1,-68.00,-6.00,22.00,13.00,63.00,4.00,14301721,72
338.04,1565931174,6483.59,51.44287344,7.44253584,228.75,35.62,0.04,285.51,1,-68.00,-6.00,22.00,13.00,63.00,4.00,14301721,72
339.04,1565931175,6519.20,51.44296090,7.44204002,228.19,36.07,0.46,286.03,1,-72.00,-6.00,27.00,14.00,60.00,4.00,14301721,72
340.04,1565931176,6555.28,51.44305753,7.44152494,227.70,36.36,0.28,286.54,1,-72.00,-6.00,27.00,14.00,60.00,4.00,14301721,72
341.04,1565931177,6591.67,51.44315484,7.44101552,227.20,36.76,0.40,287.21,1,-79.00,-7.00,17.00,12.00,54.00,2.00,14301723,72
342.04,1565931178,6628.43,51.44325656,7.44051158,226.76,36.91,0.15,287.75,1,-79.00,-7.00,17.00,12.00,54.00,2.00,14301723,72
343.04,1565931179,6665.30,51.44336002,7.43999742,226.41,37.06,0.15,288.21,1,-76.00,-5.00,28.00,15.00,54.00,2.00,14301723,74
344.04,1565931180,6702.36,51.44346385,7.43951615,225.73,37.10,0.03,288.84,1,-76.00,-5.00,28.00,15.00,54.00,2.00,14301723,74
345.04,1565931181,6739.46,51.44357017,7.43902519,224.89,36.62,-0.48,289.37,1,-74.00,-5.00,37.00,15.00,57.00,2.00,14301723,74
346.04,1565931182,6776.08,51.44368499,7.43853145,223.94,36.30,-0.31,290.16,1,-74.00,-5.00,37.00,15.00,57.00,2.00,14301723,74
347.04,1565931183,6812.38,51.44379619,7.43804961,222.99,36.15,-0.16,290.29,1,-73.00,-5.00,30.00,15.00,58.00,2.00,14301723,74
348.04,1565931184,6848.52,51.44390845,7.43756617,222.01,36.22,0.07,290.67,1,-73.00,-5.00,30.00,15.00,58.00,2.00,14301723,74
349.05,1565931185,6885.00,51.44402938,7.43707707,221.03,36.24,0.02,291.28,1,-78.00,-5.00,25.00,15.00,53.00,2.00,14301723,74
350.04,1565931186,6920.99,51.44415013,7.43659578,220.11,36.04,-0.21,291.92,1,-78.00,-5.00,25.00,15.00,53.00,2.00,14301723,74
351.04,1565931187,6957.02,51.44427313,7.43612596,218.83,36.10,0.06,292.78,1,-78.00,-5.00,25.00,15.00,53.00,2.00,14301723,74
352.04,1565931188,6993.12,51.44439851,7.43564234,218.48,36.13,0.03,292.64,1,-82.00,-5.00,23.00,15.00,48.00,2.00,14301723,74
353.04,1565931189,7029.25,51.44451996,7.43516632,217.68,36.24,0.11,293.55,1,-82.00,-5.00,23.00,15.00,48.00,2.00,14301723,74
354.04,1565931190,7065.48,51.44465240,7.43469282,216.67,36.26,0.03,294.69,1,-81.00,-5.00,26.00,14.00,49.00,2.00,14301723,74
355.04,1565931191,7101.78,51.44478866,7.43422168,215.58,36.10,-0.17,295.72,1,-81.00,-5.00,26.00,14.00,49.00,2.00,14301723,74
356.04,1565931192,7137.84,51.44492795,7.43375628,214.34,36.05,-0.05,296.60,1,-85.00,-6.00,25.00,2.00,50.00,2.00,14301723,74
357.04,1565931193,7173.89,51.44508020,7.43330099,213.19,35.94,-0.11,298.29,1,-85.00,-6.00,25.00,2.00,50.00,2.00,14301723,74
358.04,1565931194,7209.86,51.44523580,7.43286778,211.70,35.77,-0.17,299.72,1,-83.00,-6.00,28.00,2.00,47.00,2.00,14301723,74
359.04,1565931195,7245.59,51.44539757,7.43243591,210.17,35.50,-0.27,300.97,1,-83.00,-6.00,28.00,2.00,47.00,2.00,14301723,74
360.04,1565931196,7281.09,51.44556093,7.43202095,208.52,35.25,-0.25,302.08,1,-86.00,-6.00,21.00,2.00,45.00,2.00,14301723,74
361.04,1565931197,7316.34,51.44573156,7.43161575,206.75,34.91,-0.33,303.80,1,-86.00,-6.00,21.00,2.00,45.00,2.00,14301723,74
362.04,1565931198,7351.25,51.44590860,7.43121545,204.97,34.63,-0.29,305.10,1,-87.00,-6.00,25.00,2.00,43.00,2.00,14301723,74
363.04,1565931199,7385.88,51.44609188,7.43083019,203.08,34.24,-0.38,307.25,1,-87.00,-6.00,25.00,2.00,43.00,2.00,14301723,74
364.04,1565931200,7420.12,51.44627404,7.43045425,201.21,33.98,-0.27,308.21,1,-90.00,-6.00,25.00,2.00,41.00,2.00,14301723,74
365.04,1565931201,7454.10,51.44646937,7.43008002,199.43,34.42,0.44,309.51,1,-90.00,-6.00,25.00,2.00,41.00,2.00,14301723,74
366.04,1565931202,7488.52,51.44667675,7.42972736,197.53,34.47,0.05,313.26,1,-92.00,-6.00,20.00,2.00,38.00,2.00,14301723,74
367.04,1565931203,7522.99,51.44689054,7.42938006,195.83,33.33,-1.14,314.77,1,-92.00,-6.00,20.00,2.00,38.00,2.00,14301723,74
368.04,1565931204,7556.32,51.44709432,7.42905252,194.34,32.20,-1.13,314.84,1,-95.00,-6.00,14.00,2.00,36.00,2.00,14301723,74
369.04,1565931205,7588.52,51.44729646,7.42872659,192.39,31.88,-0.33,315.00,1,-95.00,-6.00,14.00,2.00,36.00,2.00,14301723,74
370.05,1565931206,7620.65,51.44749946,7.42840191,190.34,31.73,-0.14,315.47,1,-100.00,-6.00,16.00,2.00,31.00,14.00,14301723,74
371.04,1565931207,7652.16,51.44770808,7.42809738,188.72,31.44,-0.29,317.39,1,-100.00,-6.00,16.00,2.00,31.00,14.00,14301723,74
372.04,1565931208,7683.60,51.44792052,7.42778971,187.20,31.37,-0.07,318.28,1,-100.00,-6.00,16.00,2.00,31.00,14.00,14301723,74
373.04,1565931209,7714.97,51.44813384,7.42749710,185.75,31.67,0.30,318.74,1,-106.00,-5.00,12.00,8.00,25.00,14.00,14301723,74
374.04,1565931210,7746.63,51.44834915,7.42720056,184.49,32.05,0.38,319.71,1,-106.00,-5.00,12.00,8.00,25.00,14.00,14301723,74
375.04,1565931211,7778.68,51.44857657,7.42691522,183.34,32.51,0.46,321.62,1,-108.00,-7.00,13.00,9.00,24.00,14.00,14301723,74
376.04,1565931212,7811.22,51.44880918,7.42664076,182.59,33.48,0.97,323.59,1,-108.00,-7.00,13.00,9.00,24.00,14.00,14301723,74
377.04,1565931213,7844.63,51.44905540,7.42636252,181.99,33.84,0.36,324.97,1,-112.00,-8.00,19.00,10.00,21.00,18.00,13806082,70
378.04,1565931214,7878.51,51.44931427,7.42608702,181.47,34.62,0.78,326.55,1,-112.00,-8.00,19.00,10.00,21.00,18.00,13806082,70
379.04,1565931215,7913.16,51.44958456,7.42581545,180.89,35.34,0.72,328.19,1,-91.00,-6.00,12.00,8.00,40.00,18.00,13806082,70
380.04,1565931216,7948.51,51.44986017,7.42556572,179.95,36.15,0.80,330.25,1,-91.00,-6.00,12.00,8.00,40.00,18.00,13806082,70
381.04,1565931217,7984.59,51.45015478,7.42531036,179.10,36.96,0.81,331.56,1,-93.00,-7.00,5.00,9.00,40.00,18.00,13806082,70
382.04,1565931218,8021.55,51.45045233,7.42506628,178.45,37.43,0.46,332.86,1,-93.00,-7.00,5.00,9.00,40.00,18.00,13806082,70
383.04,1565931219,8059.01,51.45076515,7.42482867,177.55,37.86,0.43,334.54,1,-93.00,-10.00,2.00,9.00,41.00,18.00,13806082,70
384.04,1565931220,8096.87,51.45108191,7.42461113,176.81,38.53,0.67,336.50,1,-93.00,-10.00,2.00,9.00,41.00,18.00,13806082,70
385.04,1565931221,8135.37,51.45139132,7.42441132,175.58,38.23,-0.30,338.15,1,-90.00,-10.00,3.00,10.00,46.00,18.00,13806082,70
386.04,1565931222,8173.64,51.45170228,7.42422392,174.34,37.67,-0.56,339.71,1,-90.00,-10.00,3.00,10.00,46.00,18.00,13806082,70
387.04,1565931223,8211.34,51.45201600,7.42404993,173.03,37.51,-0.16,340.90,1,-93.00,-13.00,1.00,9.00,45.00,19.00,12897027,230
388.04,1565931224,8248.89,51.45232961,7.42388177,171.64,36.54,-0.97,341.73,1,-93.00,-13.00,1.00,9.00,45.00,19.00,12897027,230
389.04,1565931225,8285.32,51.45264320,7.42372666,170.08,36.69,0.15,342.12,1,-84.00,-7.00,22.00,11.00,49.00,19.00,12897027,230
390.04,1565931226,8322.01,51.45296594,7.42356435,168.65,36.90,0.21,342.72,1,-84.00,-7.00,22.00,11.00,49.00,19.00,12897027,230
391.05,1565931227,8359.17,51.45328629,7.42340583,167.33,37.07,0.17,343.11,1,-78.00,-6.00,19.00,12.00,53.00,19.00,12897027,230
392.04,1565931228,8395.98,51.45360751,7.42325836,166.10,37.42,0.35,343.43,1,-78.00,-6.00,19.00,12.00,53.00,19.00,12897027,230
393.04,1565931229,8433.40,51.45393051,7.42310883,165.04,37.38,-0.04,343.81,1,-78.00,-6.00,19.00,12.00,53.00,19.00,12897027,230
394.04,1565931230,8470.85,51.45425288,7.42296109,164.02,37.33,-0.05,343.91,1,-81.00,-7.00,-2.00,10.00,53.00,11.00,13806082,230
395.04,1565931231,8508.22,51.45457651,7.42281127,163.03,37.34,0.01,343.56,1,-81.00,-7.00,-2.00,10.00,53.00,11.00,13806082,230
396.04,1565931232,8545.37,51.45489441,7.42266479,161.96,37.37,0.03,343.30,1,-78.00,-7.00,5.00,15.00,56.00,11.00,13806082,70
397.04,1565931233,8582.90,51.45521457,7.42251511,160.92,37.35,-0.02,342.82,1,-78.00,-7.00,5.00,15.00,56.00,11.00,13806082,70
398.04,1565931234,8620.21,51.45553205,7.42235627,159.99,37.30,-0.05,342.33,1,-78.00,-10.00,11.00,11.00,57.00,11.00,13806082,70
399.04,1565931235,8657.55,51.45585007,7.42219372,159.14,37.11,-0.19,341.53,1,-78.00,-10.00,11.00,11.00,57.00,11.00,13806082,70
400.04,1565931236,8694.58,51.45616535,7.42201876,158.32,37.12,0.01,340.73,1,-74.00,-7.00,13.00,15.00,60.00,11.00,13806082,70
401.04,1565931237,8731.74,51.45647719,7.42183504,157.56,36.97,-0.15,339.45,1,-74.00,-7.00,13.00,15.00,60.00,11.00,13806082,70
402.04,1565931238,8768.68,51.45678397,7.42164281,156.92,36.83,-0.14,338.36,1,-78.00,-9.00,15.00,7.00,59.00,11.00,13806082,70
403.04,1565931239,8805.51,51.45709006,7.42144175,156.27,36.64,-0.20,337.22,1,-78.00,-9.00,15.00,7.00,59.00,11.00,13806082,70
404.04,1565931240,8842.15,51.45739349,7.42123926,155.82,36.55,-0.09,336.37,1,-82.00,-9.00,5.00,10.00,52.00,11.00,13806082,70
405.04,1565931241,8878.70,51.45769153,7.42102103,155.42,36.38,-0.17,335.06,1,-82.00,-9.00,5.00,10.00,52.00,11.00,13806082,70
406.04,1565931242,8915.15,51.45798981,7.42080068,155.01,36.24,-0.14,334.08,1,-82.00,-9.00,18.00,5.00,52.00,11.00,13806082,70
407.04,1565931243,8951.39,51.45827927,7.42056499,154.77,36.07,-0.17,332.86,1,-82.00,-9.00,18.00,5.00,52.00,11.00,13806082,70
408.04,1565931244,8987.32,51.45856927,7.42032751,154.50,36.01,-0.06,332.26,1,-84.00,-14.00,3.00,8.00,56.00,20.00,12897027,230
409.04,1565931245,9023.55,51.45885588,7.42008156,154.32,36.12,0.10,331.26,1,-84.00,-14.00,3.00,8.00,56.00,20.00,12897027,230
410.04,1565931246,9059.63,51.45913592,7.41982488,154.16,36.23,0.11,330.21,1,-79.00,-8.00,11.00,7.00,55.00,7.00,13806081,69
411.04,1565931247,9095.85,51.45942039,7.41956359,154.11,36.35,0.13,329.28,1,-79.00,-8.00,11.00,7.00,55.00,7.00,13806081,69
412.05,1565931248,9132.43,51.45969825,7.41928752,154.27,36.39,0.03,328.08,1,-71.00,-7.00,11.00,14.00,63.00,7.00,13806081,69
413.04,1565931249,9168.48,51.45997012,7.41900208,154.39,36.50,0.11,326.62,1,-71.00,-7.00,11.00,14.00,63.00,7.00,13806081,69
414.04,1565931250,9205.02,51.46024388,7.41870598,154.63,36.67,0.17,325.59,1,-71.00,-7.00,11.00,14.00,63.00,7.00,13806081,69
415.04,1565931251,9241.73,51.46051904,7.41840671,154.90,36.82,0.15,324.71,1,-76.00,-10.00,1.00,7.00,60.00,7.00,13806081,69
416.04,1565931252,9278.58,51.46078859,7.41809766,154.92,37.02,0.20,323.98,1,-76.00,-10.00,1.00,7.00,60.00,7.00,13806081,69
417.04,1565931253,9315.50,51.46105947,7.41778246,154.98,37.23,0.21,323.15,1,-79.00,-9.00,6.00,7.00,55.00,7.00,13806081,69
418.04,1565931254,9352.73,51.46132741,7.41744033,155.38,37.16,-0.07,321.59,1,-79.00,-9.00,6.00,7.00,55.00,7.00,13806081,69
419.04,1565931255,9389.89,51.46159175,7.41710134,155.99,37.35,0.18,320.69,1,-63.00,-5.00,20.00,2.00,63.00,7.00,13806081,69
420.04,1565931256,9427.27,51.46184657,7.41674995,156.58,37.42,0.07,319.63,1,-63.00,-5.00,20.00,2.00,63.00,7.00,13806081,69
421.04,1565931257,9464.65,51.46210210,7.41639606,157.21,37.56,0.15,318.79,1,-82.00,-7.00,12.00,2.00,51.00,7.00,13806105,39
422.04,1565931258,9502.25,51.46234867,7.41603143,157.60,37.62,0.06,317.57,1,-82.00,-7.00,12.00,2.00,51.00,7.00,13806105,39
423.04,1565931259,9539.84,51.46259365,7.41565478,158.07,37.72,0.10,316.45,1,-83.00,-6.00,10.00,2.00,49.00,7.00,13806105,39
424.04,1565931260,9577.56,51.46283448,7.41527394,158.37,37.83,0.11,315.31,1,-83.00,-6.00,10.00,2.00,49.00,7.00,13806105,39
425.04,1565931261,9615.38,51.46307693,7.41489081,158.63,37.92,0.09,314.43,1,-86.00,-6.00,5.00,2.00,46.00,7.00,13806105,39
426.04,1565931262,9653.30,51.46331169,7.41449488,158.79,37.98,0.06,313.47,1,-86.00,-6.00,5.00,2.00,46.00,7.00,13806105,39
427.04,1565931263,9691.17,51.46354452,7.41408701,158.78,37.95,-0.02,312.09,1,-85.00,-7.00,4.00,2.00,46.00,7.00,13806105,39
428.04,1565931264,9729.20,51.46377560,7.41368114,158.64,38.14,0.18,311.12,1,-85.00,-7.00,4.00,2.00,46.00,7.00,13806105,39
429.04,1565931265,9767.37,51.46400110,7.41326911,158.33,38.25,0.11,310.92,1,-90.00,-7.00,9.00,13.00,41.00,9.00,13806105,39
430.04,1565931266,9805.62,51.46422201,7.41284563,158.22,38.27,0.01,309.76,1,-90.00,-7.00,9.00,13.00,41.00,9.00,13806105,39
431.04,1565931267,9843.92,51.46444009,7.41242692,158.24,38.39,0.12,309.48,1,-93.00,-8.00,-6.00,6.00,38.00,25.00,12962329,176
432.04,1565931268,9882.31,51.46465833,7.41199136,158.17,38.38,-0.01,308.63,1,-93.00,-8.00,-6.00,6.00,38.00,25.00,12962329,176
433.05,1565931269,9920.92,51.46487368,7.41156025,158.03,38.38,0.00,308.89,1,-97.00,-10.00,-3.00,2.00,37.00,11.00,13806105,39
434.04,1565931270,9959.07,51.46508974,7.41113074,157.83,38.51,0.12,308.18,1,-97.00,-10.00,-3.00,2.00,37.00,11.00,13806105,39
435.04,1565931271,9997.58,51.46530261,7.41071060,157.65,37.75,-0.76,308.27,1,-97.00,-10.00,-3.00,2.00,37.00,11.00,13806105,39
436.04,1565931272,10035.40,51.46551134,7.41029708,157.86,37.07,-0.68,308.07,1,-106.00,-13.00,-2.00,5.00,30.00,11.00,13806105,39
437.04,1565931273,10072.47,51.46572061,7.40987720,158.03,36.89,-0.18,308.13,1,-106.00,-13.00,-2.00,5.00,30.00,11.00,13806105,39
438.04,1565931274,10109.36,51.46592605,7.40946665,158.03,36.82,-0.07,308.08,1,-107.00,-13.00,-4.00,5.00,31.00,27.00,12962329,176
439.04,1565931275,10146.18,51.46613151,7.40905569,157.88,36.84,0.02,308.09,1,-107.00,-13.00,-4.00,5.00,31.00,27.00,12962329,176
440.04,1565931276,10182.95,51.46633649,7.40864015,157.95,36.57,-0.27,307.65,1,-101.00,-8.00,-1.00,6.00,31.00,25.00,12962329,176
441.04,1565931277,10219.48,51.46653591,7.40823793,158.25,35.64,-0.93,308.09,1,-101.00,-8.00,-1.00,6.00,31.00,25.00,12962329,176
442.04,1565931278,10255.15,51.46673244,7.40784345,158.63,34.74,-0.90,308.55,1,-90.00,-6.00,13.00,9.00,40.00,25.00,12962329,176
443.04,1565931279,10289.89,51.46693023,7.40746598,159.01,33.88,-0.86,309.98,1,-90.00,-6.00,13.00,9.00,40.00,25.00,12962329,176
444.04,1565931280,10323.81,51.46712713,7.40710492,159.40,33.07,-0.81,311.47,1,-90.00,-9.00,11.00,10.00,43.00,25.00,12962329,176
445.04,1565931281,10356.88,51.46732174,7.40675009,159.80,32.44,-0.63,312.15,1,-90.00,-9.00,11.00,10.00,43.00,25.00,12962329,176
446.04,1565931282,10389.32,51.46751285,7.40640176,160.11,31.83,-0.62,311.73,1,-91.00,-11.00,5.00,7.00,44.00,16.00,12962329,176
447.04,1565931283,10421.18,51.46769818,7.40606216,160.37,31.01,-0.81,310.76,1,-91.00,-11.00,5.00,7.00,44.00,16.00,12962329,176
448.04,1565931284,10452.19,51.46788019,7.40572683,160.64,30.65,-0.37,310.96,1,-99.00,-15.00,-5.00,4.00,40.00,40.00,12896795,176
449.04,1565931285,10482.84,51.46806030,7.40539692,160.74,30.49,-0.15,311.48,1,-99.00,-15.00,-5.00,4.00,40.00,40.00,12896795,176
450.04,1565931286,10513.30,51.46823847,7.40506925,160.88,30.19,-0.31,311.67,1,-96.00,-9.00,-3.00,6.00,37.00,17.00,13826329,93
451.04,1565931287,10543.52,51.46841735,7.40473904,161.10,30.06,-0.13,311.99,1,-96.00,-9.00,-3.00,6.00,37.00,17.00,13826329,93
452.04,1565931288,10573.43,51.46859868,7.40441900,161.35,29.89,-0.17,312.67,1,-100.00,-9.00,-2.00,5.00,34.00,50.00,14301723,74
453.04,1565931289,10603.38,51.46878039,7.40409839,161.64,29.89,-0.01,312.68,1,-100.00,-9.00,-2.00,5.00,34.00,50.00,14301723,74
454.05,1565931290,10633.57,51.46896237,7.40377546,162.03,29.92,0.03,312.89,1,-98.00,-9.00,2.00,7.00,37.00,50.00,14301723,74
455.04,1565931291,10663.28,51.46914583,7.40345466,162.52,29.89,-0.03,312.93,1,-98.00,-9.00,2.00,7.00,37.00,50.00,14301723,74
456.04,1565931292,10693.14,51.46932389,7.40314122,162.62,29.86,-0.03,313.29,1,-98.00,-9.00,2.00,7.00,37.00,50.00,14301723,74
457.04,1565931293,10723.03,51.46950845,7.40283164,162.67,30.25,0.39,313.97,1,-99.00,-9.00,1.00,8.00,35.00,50.00,14301723,74
458.04,1565931294,10753.25,51.46969703,7.40251141,162.55,30.36,0.11,314.37,1,-99.00,-9.00,1.00,8.00,35.00,50.00,14301723,74
459.04,1565931295,10783.61,51.46988914,7.40218906,162.73,30.49,0.13,314.75,1,-96.00,-7.00,7.00,5.00,36.00,50.00,14301723,74
460.04,1565931296,10814.10,51.47008636,7.40187239,162.99,30.67,0.18,315.25,1,-96.00,-7.00,7.00,5.00,36.00,50.00,14301723,74
461.04,1565931297,10844.74,51.47028420,7.40155503,163.47,30.74,0.07,315.63,1,-96.00,-7.00,10.00,9.00,36.00,50.00,14301723,74
462.04,1565931298,10875.48,51.47048325,7.40123774,164.41,30.92,0.18,316.06,1,-96.00,-7.00,10.00,9.00,36.00,50.00,14301723,74
463.04,1565931299,10906.37,51.47068777,7.40092109,165.42,31.05,0.13,316.36,1,-95.00,-6.00,17.00,2.00,42.00,50.00,14301723,74
464.04,1565931300,10937.42,51.47089113,7.40060403,166.37,31.09,0.04,316.55,1,-95.00,-6.00,17.00,2.00,42.00,50.00,14301723,74
465.04,1565931301,10968.53,51.47109597,7.40028942,167.48,31.26,0.17,316.92,1,-93.00,-5.00,18.00,2.00,39.00,55.00,14301723,74
466.04,1565931302,10999.76,51.47130225,7.39997563,168.61,31.37,0.11,317.21,1,-93.00,-5.00,18.00,2.00,39.00,55.00,14301723,74
467.04,1565931303,11031.16,51.47151130,7.39966769,169.65,31.53,0.16,317.47,1,-93.00,-5.00,8.00,14.00,39.00,55.00,14301723,74
468.04,1565931304,11062.68,51.47171720,7.39936408,170.57,31.13,-0.39,317.89,1,-93.00,-5.00,8.00,14.00,39.00,55.00,14301723,74
469.04,1565931305,11093.82,51.47192708,7.39906791,171.55,30.97,-0.17,318.53,1,-91.00,-6.00,11.00,12.00,41.00,55.00,14301723,74
470.04,1565931306,11124.76,51.47213390,7.39877350,172.29,30.93,-0.04,318.89,1,-91.00,-6.00,11.00,12.00,41.00,55.00,14301723,74
471.04,1565931307,11155.72,51.47234135,7.39848278,172.98,30.82,-0.12,319.07,1,-90.00,-5.00,24.00,13.00,40.00,55.00,14301723,74
472.04,1565931308,11186.54,51.47254910,7.39819414,173.61,30.81,-0.00,319.24,1,-90.00,-5.00,24.00,13.00,40.00,55.00,14301723,74
473.04,1565931309,11217.38,51.47276127,7.39790878,174.10,30.90,0.08,319.57,1,-91.00,-4.00,13.00,11.00,38.00,55.00,14301723,74
474.04,1565931310,11248.28,51.47297288,7.39762195,174.45,30.94,0.04,319.91,1,-91.00,-4.00,13.00,11.00,38.00,55.00,14301723,74
475.05,1565931311,11279.44,51.47318617,7.39733372,174.82,30.98,0.03,320.33,1,-94.00,-4.00,19.00,11.00,34.00,55.00,14301723,74
476.04,1565931312,11310.16,51.47340419,7.39705143,175.21,31.06,0.09,320.75,1,-94.00,-4.00,19.00,11.00,34.00,55.00,14301723,74
477.04,1565931313,11341.22,51.47362213,7.39676814,175.60,31.14,0.08,321.09,1,-94.00,-4.00,19.00,11.00,34.00,55.00,14301723,74
478.04,1565931314,11372.34,51.47383953,7.39648580,175.90,31.16,0.01,321.74,1,-95.00,-5.00,14.00,2.00,37.00,55.00,14301723,74
479.04,1565931315,11403.50,51.47406204,7.39621330,176.17,31.09,-0.06,322.57,1,-95.00,-5.00,14.00,2.00,37.00,55.00,14301723,74
480.04,1565931316,11434.59,51.47428032,7.39594676,176.35,30.65,-0.44,322.82,1,-97.00,-5.00,10.00,2.00,31.00,55.00,14301723,74
481.04,1565931317,11465.24,51.47450069,7.39569124,176.50,30.10,-0.55,323.93,1,-97.00,-5.00,10.00,2.00,31.00,55.00,14301723,74
482.04,1565931318,11495.46,51.47472288,7.39544780,176.58,29.89,-0.21,325.46,1,-111.00,-9.00,5.00,8.00,23.00,61.00,14301723,74
483.04,1565931319,11525.33,51.47494646,7.39520508,176.82,29.69,-0.20,326.14,1,-111.00,-9.00,5.00,8.00,23.00,61.00,14301723,74
484.04,1565931320,11555.02,51.47517463,7.39496879,177.29,29.75,0.05,326.87,1,-101.00,-11.00,-1.00,8.00,35.00,14.00,13884162,223
485.04,1565931321,11584.77,51.47540415,7.39475005,177.83,29.55,-0.20,328.85,1,-101.00,-11.00,-1.00,8.00,35.00,14.00,13884162,223
486.04,1565931322,11614.22,51.47563819,7.39453525,178.37,29.72,0.17,330.09,1,-90.00,-6.00,25.00,11.00,41.00,14.00,13884162,223
487.04,1565931323,11643.94,51.47586594,7.39433692,178.52,29.43,-0.29,331.14,1,-90.00,-6.00,25.00,11.00,41.00,14.00,13884162,223
488.04,1565931324,11673.31,51.47609241,7.39414608,178.40,28.76,-0.67,332.14,1,-88.00,-11.00,14.00,13.00,48.00,14.00,13884162,223
489.04,1565931325,11702.19,51.47631358,7.39395917,178.16,28.04,-0.72,332.49,1,-88.00,-11.00,14.00,13.00,48.00,14.00,13884162,223
490.04,1565931326,11730.20,51.47653259,7.39378258,177.93,27.48,-0.56,333.87,1,-91.00,-8.00,9.00,8.00,42.00,14.00,13884162,223
491.04,1565931327,11757.66,51.47674713,7.39361777,177.73,25.81,-1.67,335.30,1,-91.00,-8.00,9.00,8.00,42.00,14.00,13884162,223
492.04,1565931328,11783.47,51.47695225,7.39345906,177.72,24.42,-1.40,336.10,1,-97.00,-10.00,22.00,9.00,38.00,14.00,13884162,223
493.04,1565931329,11807.89,51.47714431,7.39332725,177.92,22.90,-1.51,337.55,1,-97.00,-10.00,22.00,9.00,38.00,14.00,13884162,223
494.04,1565931330,11830.84,51.47733064,7.39321224,178.31,20.96,-1.94,340.58,1,-96.00,-11.00,7.00,11.00,41.00,14.00,13884162,223
495.04,1565931331,11851.78,51.47750510,7.39312475,178.66,19.53,-1.43,344.24,1,-96.00,-11.00,7.00,11.00,41.00,14.00,13884162,223
496.05,1565931332,11871.43,51.47767401,7.39306867,178.95,18.86,-0.67,349.65,1,-86.00,-12.00,26.00,15.00,51.00,14.00,13884162,223
497.04,1565931333,11890.15,51.47784255,7.39302663,179.31,18.73,-0.13,352.16,1,-86.00,-12.00,26.00,15.00,51.00,14.00,13884162,223
498.04,1565931334,11908.88,51.47802288,7.39300757,179.49,19.43,0.71,356.19,1,-86.00,-12.00,26.00,15.00,51.00,14.00,13884162,223
499.04,1565931335,11928.31,51.47819191,7.39305655,179.61,18.91,-0.52,10.22,1,-91.00,-10.00,22.00,12.00,44.00,14.00,13884162,223
500.04,1565931336,11947.23,51.47835444,7.39311532,179.91,18.27,-0.64,12.80,1,-91.00,-10.00,22.00,12.00,44.00,14.00,13884162,223
501.04,1565931337,11965.51,51.47851336,7.39319478,179.97,17.38,-0.89,16.64,1,-88.00,-10.00,10.00,2.00,50.00,14.00,13884162,223
502.04,1565931338,11982.87,51.47864687,7.39332752,180.29,16.97,-0.41,31.49,1,-88.00,-10.00,10.00,2.00,50.00,14.00,13884162,223
503.04,1565931339,11999.84,51.47878086,7.39346195,181.00,17.05,0.08,32.66,1,-104.00,-9.00,4.00,2.00,29.00,14.00,12962329,176
504.04,1565931340,12016.91,51.47890984,7.39359688,181.77,16.91,-0.15,33.15,1,-104.00,-9.00,4.00,2.00,29.00,14.00,12962329,176
505.04,1565931341,12033.82,51.47903822,7.39373254,182.73,16.39,-0.51,32.10,1,-106.00,-9.00,-5.00,2.00,27.00,14.00,12962329,176
506.04,1565931342,12050.21,51.47917853,7.39381233,183.29,14.87,-1.53,15.95,1,-106.00,-9.00,-5.00,2.00,27.00,14.00,12962329,176
507.04,1565931343,12065.09,51.47929997,7.39386105,183.67,14.57,-0.30,12.48,1,-105.00,-8.00,10.00,2.00,27.00,14.00,13884187,449
508.04,1565931344,12079.64,51.47941870,7.39382775,184.37,14.55,-0.01,349.33,1,-105.00,-8.00,10.00,2.00,27.00,14.00,13884187,449
509.04,1565931345,12094.18,51.47953873,7.39377913,185.40,14.66,0.10,346.02,1,-102.00,-7.00,12.00,12.00,30.00,10.00,13884187,449
510.04,1565931346,12108.85,51.47965722,7.39371173,186.20,14.87,0.22,342.05,1,-102.00,-7.00,12.00,12.00,30.00,10.00,13884187,449
511.04,1565931347,12123.72,51.47977960,7.39362915,187.00,15.15,0.28,339.18,1,-87.00,-5.00,19.00,14.00,42.00,10.00,13884187,449
512.04,1565931348,12138.87,51.47990280,7.39354134,187.83,14.68,-0.47,338.25,1,-87.00,-5.00,19.00,14.00,42.00,10.00,13884187,449
513.04,1565931349,12153.55,51.48001017,7.39346711,188.48,12.48,-2.20,340.06,1,-95.00,-6.00,23.00,15.00,36.00,10.00,13884187,449
514.04,1565931350,12166.03,51.48010653,7.39344604,188.99,10.64,-1.85,357.28,1,-95.00,-6.00,23.00,15.00,36.00,10.00,13884187,449
515.04,1565931351,12176.67,51.48020203,7.39347415,189.26,9.87,-0.77,18.17,1,-92.00,-5.00,15.00,11.00,37.00,10.00,13884187,449
516.04,1565931352,12186.54,51.48027095,7.39354226,189.47,10.58,0.71,38.72,1,-92.00,-5.00,15.00,11.00,37.00,10.00,13884187,449
517.05,1565931353,12197.19,51.48033252,7.39366570,189.75,11.40,0.82,56.81,1,-99.00,-6.00,10.00,9.00,30.00,10.00,13884187,449
518.04,1565931354,12208.51,51.48039107,7.39380187,190.01,12.38,0.98,57.81,1,-99.00,-6.00,10.00,9.00,30.00,10.00,13884187,449
519.04,1565931355,12220.89,51.48045104,7.39395370,190.44,13.18,0.80,58.56,1,-99.00,-6.00,10.00,9.00,30.00,10.00,13884187,449
520.04,1565931356,12234.06,51.48051713,7.39412977,190.77,14.13,0.95,59.27,1,-97.00,-6.00,16.00,12.00,35.00,10.00,13884187,449
521.04,1565931357,12248.19,51.48058284,7.39430761,191.18,15.02,0.90,59.61,1,-97.00,-6.00,16.00,12.00,35.00,10.00,13884187,449
522.04,1565931358,12263.20,51.48065230,7.39449867,191.57,15.87,0.84,59.98,1,-91.00,-6.00,14.00,2.00,38.00,10.00,13884187,449
523.04,1565931359,12279.06,51.48072440,7.39470170,191.94,16.47,0.61,60.42,1,-91.00,-6.00,14.00,2.00,38.00,10.00,13884187,449
524.04,1565931360,12295.53,51.48079950,7.39491216,192.36,16.92,0.45,60.76,1,-88.00,-6.00,7.00,2.00,44.00,10.00,13884187,449
525.04,1565931361,12312.46,51.48087428,7.39512816,192.50,17.11,0.19,61.56,1,-88.00,-6.00,7.00,2.00,44.00,10.00,13884187,449
526.04,1565931362,12329.57,51.48095121,7.39535251,192.74,17.38,0.27,61.10,1,-86.00,-6.00,16.00,2.00,46.00,10.00,13884187,449
527.04,1565931363,12346.95,51.48102742,7.39556436,192.64,17.55,0.17,60.55,1,-86.00,-6.00,16.00,2.00,46.00,10.00,13884187,449
528.04,1565931364,12364.50,51.48110313,7.39578111,192.49,17.34,-0.22,60.39,1,-87.00,-6.00,6.00,2.00,45.00,10.00,13884187,449
529.04,1565931365,12381.84,51.48117786,7.39599196,192.25,17.28,-0.06,59.97,1,-87.00,-6.00,6.00,2.00,45.00,10.00,13884187,449
530.04,1565931366,12399.12,51.48126027,7.39621673,192.03,17.53,0.25,59.47,1,-90.00,-6.00,9.00,2.00,42.00,10.00,13884187,449
531.04,1565931367,12416.65,51.48134133,7.39643234,191.76,16.49,-1.04,58.66,1,-90.00,-6.00,9.00,2.00,42.00,10.00,13884187,449
532.04,1565931368,12433.19,51.48142905,7.39665766,191.59,16.76,0.26,58.69,1,-103.00,-10.00,8.00,8.00,31.00,7.00,13884187,449
533.04,1565931369,12449.95,51.48150174,7.39685646,191.77,16.39,-0.37,59.10,1,-103.00,-10.00,8.00,8.00,31.00,7.00,13884187,449
534.04,1565931370,12466.34,51.48157820,7.39705353,191.76,16.20,-0.19,59.15,1,-106.00,-9.00,9.00,10.00,28.00,7.00,13884187,449
535.04,1565931371,12482.53,51.48166226,7.39725193,191.44,16.12,-0.08,57.74,1,-106.00,-9.00,9.00,10.00,28.00,7.00,13884187,449
536.04,1565931372,12498.63,51.48174094,7.39743586,191.26,15.87,-0.25,56.91,1,-105.00,-11.00,1.00,7.00,30.00,7.00,13884187,449
537.04,1565931373,12514.50,51.48181925,7.39761155,191.19,15.42,-0.45,55.84,1,-105.00,-11.00,1.00,7.00,30.00,7.00,13884187,449
538.04,1565931374,12529.92,51.48190028,7.39778556,191.10,15.08,-0.34,54.40,1,-103.00,-7.00,10.00,11.00,29.00,7.00,13884187,449
539.04,1565931375,12545.01,51.48197556,7.39794036,191.22,14.67,-0.41,53.35,1,-103.00,-7.00,10.00,11.00,29.00,7.00,13884187,449
540.05,1565931376,12559.78,51.48205236,7.39809384,191.45,13.71,-0.96,52.18,1,-100.00,-9.00,5.00,11.00,32.00,7.00,13884187,449
541.04,1565931377,12573.39,51.48212801,7.39823342,191.66,12.33,-1.39,50.59,1,-100.00,-9.00,5.00,11.00,32.00,7.00,13884187,449
542.04,1565931378,12585.71,51.48219571,7.39835331,191.84,10.62,-1.71,48.71,1,-100.00,-9.00,5.00,11.00,32.00,7.00,13884187,449
543.04,1565931379,12596.32,51.48224797,7.39843954,192.02,8.37,-2.24,47.67,1,-93.00,-8.00,10.00,10.00,41.00,7.00,13884187,449
544.04,1565931380,12604.71,51.48229601,7.39851021,191.98,6.22,-2.15,46.62,1,-93.00,-8.00,10.00,10.00,41.00,7.00,13884187,449
545.04,1565931381,12610.93,51.48233653,7.39856703,191.69,4.42,-1.80,43.46,1,-94.00,-8.00,20.00,13.00,38.00,7.00,13884187,449
546.04,1565931382,12615.35,51.48235937,7.39858872,191.66,2.63,-1.80,39.61,1,-94.00,-8.00,20.00,13.00,38.00,7.00,13884187,449
547.04,1565931383,12617.98,51.48237362,7.39859805,191.66,0.73,-1.90,39.61,1,-102.00,-10.00,7.00,9.00,32.00,7.00,13884187,449
548.04,1565931384,12618.70,51.48237362,7.39859805,191.67,0.00,-0.73,39.61,1,-102.00,-10.00,7.00,9.00,32.00,7.00,13884187,449
549.04,1565931385,12618.70,51.48237362,7.39859805,191.67,0.00,0.00,39.61,1,-102.00,-9.00,4.00,8.00,30.00,7.00,13884187,449
550.04,1565931386,12618.70,51.48237362,7.39859805,191.67,0.00,0.00,39.61,1,-102.00,-9.00,4.00,8.00,30.00,7.00,13884187,449
551.04,1565931387,12618.70,51.48237362,7.39859805,191.68,0.00,0.00,39.61,1,-101.00,-8.00,14.00,10.00,31.00,7.00,13884187,449
552.04,1565931388,12618.70,51.48237362,7.39859805,191.68,0.00,0.00,39.61,1,-101.00,-8.00,14.00,10.00,31.00,7.00,13884187,449
553.04,1565931389,12618.70,51.48237362,7.39859805,191.69,0.00,0.00,39.61,1,-102.00,-10.00,1.00,10.00,31.00,7.00,13884187,449
554.04,1565931390,12618.70,51.48237362,7.39859805,191.70,0.00,0.00,39.61,1,-102.00,-10.00,1.00,10.00,31.00,7.00,13884187,449
555.04,1565931391,12618.70,51.48237362,7.39859805,191.71,0.00,0.00,39.61,1,-102.00,-8.00,2.00,7.00,30.00,7.00,13884187,449
556.04,1565931392,12618.70,51.48237362,7.39859805,191.72,0.00,0.00,39.61,1,-102.00,-8.00,2.00,7.00,30.00,7.00,13884187,449
557.04,1565931393,12618.70,51.48237362,7.39859805,191.73,0.00,0.00,39.61,1,-103.00,-9.00,2.00,8.00,30.00,7.00,13884187,449
558.04,1565931394,12618.70,51.48237362,7.39859805,191.74,0.00,0.00,39.61,1,-103.00,-9.00,2.00,8.00,30.00,7.00,13884187,449
559.04,1565931395,12618.70,51.48237362,7.39859805,191.75,0.00,0.00,39.61,1,-100.00,-9.00,4.00,11.00,31.00,7.00,13884187,449
560.04,1565931396,12618.70,51.48237362,7.39859805,191.77,0.00,0.00,39.61,1,-100.00,-9.00,4.00,11.00,31.00,7.00,13884187,449
561.05,1565931397,12618.70,51.48237362,7.39859805,191.78,0.00,0.00,39.61,1,-103.00,-10.00,3.00,11.00,31.00,7.00,13884187,449
562.04,1565931398,12618.70,51.48237362,7.39859805,191.80,0.00,0.00,39.61,1,-103.00,-10.00,3.00,11.00,31.00,7.00,13884187,449
563.04,1565931399,12618.70,51.48237362,7.39859805,191.81,0.00,0.00,39.61,1,-103.00,-10.00,3.00,11.00,31.00,7.00,13884187,449
564.04,1565931400,12618.70,51.48237362,7.39859805,191.83,0.00,0.00,39.61,1,-104.00,-10.00,1.00,6.00,30.00,7.00,13884187,449
565.04,1565931401,12618.70,51.48237362,7.39859805,191.84,0.00,0.00,39.61,1,-104.00,-10.00,1.00,6.00,30.00,7.00,13884187,449
566.04,1565931402,12618.70,51.48237362,7.39859805,191.85,0.00,0.00,39.61,1,-103.00,-9.00,2.00,2.00,30.00,7.00,13884187,449
567.04,1565931403,12618.70,51.48237362,7.39859805,191.87,0.00,0.00,39.61,1,-103.00,-9.00,2.00,2.00,30.00,7.00,13884187,449
568.04,1565931404,12618.70,51.48237362,7.39859805,191.88,0.00,0.00,39.61,1,-103.00,-10.00,3.00,2.00,31.00,7.00,13884187,449
569.04,1565931405,12618.70,51.48237362,7.39859805,191.89,0.00,0.00,39.61,1,-103.00,-10.00,3.00,2.00,31.00,7.00,13884187,449
570.04,1565931406,12618.70,51.48237362,7.39859805,191.90,0.00,0.00,39.61,1,-103.00,-10.00,4.00,2.00,31.00,7.00,13884187,449
571.04,1565931407,12618.70,51.48237362,7.39859805,191.91,0.00,0.00,39.61,1,-103.00,-10.00,4.00,2.00,31.00,7.00,13884187,449
572.04,1565931408,12618.70,51.48237362,7.39859805,191.92,0.00,0.00,39.61,1,-101.00,-9.00,2.00,10.00,32.00,7.00,13884187,449
573.04,1565931409,12618.70,51.48237362,7.39859805,191.93,0.00,0.00,39.61,1,-101.00,-9.00,2.00,10.00,32.00,7.00,13884187,449
574.04,1565931410,12618.70,51.48237362,7.39859805,191.94,0.00,0.00,39.61,1,-103.00,-9.00,3.00,9.00,31.00,7.00,13884187,449
575.04,1565931411,12618.70,51.48237362,7.39859805,191.95,0.00,0.00,39.61,1,-103.00,-9.00,3.00,9.00,31.00,7.00,13884187,449
576.04,1565931412,12618.70,51.48237362,7.39859805,191.95,0.00,0.00,39.61,1,-103.00,-9.00,1.00,7.00,30.00,7.00,13884187,449
577.04,1565931413,12618.70,51.48237362,7.39859805,191.96,0.00,0.00,39.61,1,-103.00,-9.00,1.00,7.00,30.00,7.00,13884187,449
578.04,1565931414,12618.70,51.48237362,7.39859805,191.97,0.00,0.00,39.61,1,-103.00,-10.00,1.00,6.00,31.00,7.00,13884187,449
579.04,1565931415,12618.70,51.48237362,7.39859805,191.97,0.00,0.00,39.61,1,-103.00,-10.00,1.00,6.00,31.00,7.00,13884187,449
580.04,1565931416,12618.70,51.48237362,7.39859805,192.03,0.00,0.00,41.46,1,-101.00,-9.00,1.00,7.00,30.00,7.00,13884187,449
581.04,1565931417,12618.70,51.48242543,7.39866352,192.12,0.00,0.00,42.44,1,-101.00,-9.00,1.00,7.00,30.00,7.00,13884187,449
582.05,1565931418,12618.70,51.48247063,7.39872219,192.89,7.13,0.00,41.19,1,-104.00,-9.00,2.00,2.00,35.00,7.00,13884187,449
583.04,1565931419,12625.77,51.48253267,7.39879964,193.66,9.07,1.95,40.09,1,-104.00,-9.00,2.00,2.00,35.00,7.00,13884187,449
584.04,1565931420,12634.84,51.48260576,7.39888726,194.39,10.13,1.06,38.94,1,-104.00,-9.00,2.00,2.00,35.00,7.00,13884187,449
585.04,1565931421,12644.98,51.48266937,7.39895873,194.53,10.52,0.39,37.69,1,-103.00,-9.00,2.00,2.00,32.00,7.00,13884187,449
586.04,1565931422,12655.49,51.48275098,7.39904826,194.67,10.31,-0.21,36.66,1,-103.00,-9.00,2.00,2.00,32.00,7.00,13884187,449
587.04,1565931423,12665.81,51.48283338,7.39913567,194.74,10.24,-0.07,35.63,1,-98.00,-10.00,-1.00,2.00,35.00,7.00,13884187,449
588.04,1565931424,12676.04,51.48292427,7.39923257,194.84,11.75,1.52,35.12,1,-98.00,-10.00,-1.00,2.00,35.00,7.00,13884187,449
589.04,1565931425,12687.80,51.48302168,7.39933815,195.16,12.74,0.98,34.35,1,-95.00,-11.00,2.00,2.00,37.00,7.00,13884187,449
590.04,1565931426,12700.52,51.48311901,7.39943933,195.48,13.05,0.32,34.01,1,-95.00,-11.00,2.00,2.00,37.00,7.00,13884187,449
591.04,1565931427,12713.59,51.48322047,7.39954572,195.82,13.76,0.71,33.57,1,-95.00,-11.00,4.00,2.00,37.00,7.00,13884187,449
592.04,1565931428,12727.35,51.48332175,7.39965324,195.94,14.40,0.64,33.68,1,-95.00,-11.00,4.00,2.00,37.00,7.00,13884187,449
593.04,1565931429,12741.74,51.48342566,7.39976343,195.79,14.47,0.07,34.02,1,-92.00,-8.00,6.00,2.00,38.00,7.00,13884186,217
594.04,1565931430,12756.19,51.48353035,7.39987780,195.50,14.70,0.24,34.32,1,-92.00,-8.00,6.00,2.00,38.00,7.00,13884186,217
595.04,1565931431,12770.91,51.48363535,7.39999150,194.91,14.98,0.27,35.08,1,-94.00,-7.00,3.00,9.00,36.00,6.00,13884186,217
596.04,1565931432,12785.89,51.48374811,7.40011677,194.53,15.24,0.26,35.76,1,-94.00,-7.00,3.00,9.00,36.00,6.00,13884186,217
597.04,1565931433,12801.14,51.48386413,7.40024678,194.48,15.18,-0.05,36.18,1,-94.00,-6.00,11.00,10.00,37.00,6.00,13884186,217
598.04,1565931434,12816.33,51.48397950,7.40037429,194.43,15.33,0.14,36.66,1,-94.00,-6.00,11.00,10.00,37.00,6.00,13884186,217
599.04,1565931435,12831.66,51.48409177,7.40050874,194.44,15.31,-0.02,37.13,1,-98.00,-7.00,3.00,7.00,33.00,6.00,13884186,217
600.04,1565931436,12846.96,51.48420237,7.40064176,194.31,15.28,-0.03,37.50,1,-98.00,-7.00,3.00,7.00,33.00,6.00,13884186,217
601.04,1565931437,12862.23,51.48431035,7.40077955,194.15,15.52,0.24,38.52,1,-98.00,-7.00,6.00,8.00,32.00,6.00,13884186,217
602.04,1565931438,12877.77,51.48441591,7.40091027,193.82,15.56,0.04,39.28,1,-98.00,-7.00,6.00,8.00,32.00,6.00,13884186,217
603.05,1565931439,12893.43,51.48452070,7.40105087,193.42,15.64,0.08,40.34,1,-101.00,-8.00,11.00,7.00,31.00,6.00,13884186,217
604.04,1565931440,12908.96,51.48462741,7.40119790,193.16,15.78,0.14,40.89,1,-101.00,-8.00,11.00,7.00,31.00,6.00,13884186,217
605.04,1565931441,12924.75,51.48473763,7.40136665,193.22,16.06,0.28,41.82,1,-101.00,-8.00,11.00,7.00,31.00,6.00,13884186,217
606.04,1565931442,12940.79,51.48484196,7.40152306,193.15,16.23,0.17,42.64,1,-96.00,-7.00,11.00,9.00,35.00,6.00,13884186,217
607.04,1565931443,12957.07,51.48494535,7.40169223,193.04,16.27,0.04,43.51,1,-96.00,-7.00,11.00,9.00,35.00,6.00,13884186,217
608.04,1565931444,12973.37,51.48504649,7.40185685,192.98,16.19,-0.08,44.38,1,-103.00,-11.00,4.00,9.00,33.00,6.00,13884186,217
609.04,1565931445,12989.51,51.48514654,7.40202920,192.87,16.48,0.29,45.27,1,-103.00,-11.00,4.00,9.00,33.00,6.00,13884186,217
610.04,1565931446,13005.92,51.48524727,7.40220497,192.81,16.44,-0.03,46.27,1,-100.00,-9.00,1.00,10.00,34.00,6.00,13884186,217
611.04,1565931447,13022.42,51.48534350,7.40238449,192.74,16.36,-0.08,47.21,1,-100.00,-9.00,1.00,10.00,34.00,6.00,13884186,217
612.04,1565931448,13038.78,51.48543962,7.40256456,192.60,16.54,0.18,47.89,1,-96.00,-7.00,10.00,12.00,33.00,6.00,13884186,217
613.04,1565931449,13055.32,51.48552939,7.40273968,192.29,16.15,-0.39,48.44,1,-96.00,-7.00,10.00,12.00,33.00,6.00,13884186,217
614.04,1565931450,13071.47,51.48562195,7.40291880,191.98,16.03,-0.12,49.09,1,-99.00,-7.00,4.00,11.00,33.00,6.00,13884186,217
615.04,1565931451,13087.50,51.48570667,7.40308572,191.81,16.13,0.10,49.57,1,-99.00,-7.00,4.00,11.00,33.00,6.00,13884186,217
616.04,1565931452,13103.64,51.48579554,7.40326224,191.45,15.97,-0.16,50.53,1,-93.00,-6.00,27.00,9.00,37.00,6.00,13884186,217
617.04,1565931453,13119.59,51.48588279,7.40344429,191.09,15.88,-0.09,51.65,1,-93.00,-6.00,27.00,9.00,37.00,6.00,13884186,217
618.04,1565931454,13135.49,51.48596958,7.40362969,190.79,15.94,0.06,52.13,1,-91.00,-6.00,23.00,8.00,39.00,6.00,13884186,217
619.04,1565931455,13151.45,51.48605742,7.40382286,190.16,16.00,0.06,52.77,1,-91.00,-6.00,23.00,8.00,39.00,6.00,13884186,217
620.04,1565931456,13167.44,51.48614049,7.40401777,189.07,15.61,-0.38,54.40,1,-93.00,-7.00,12.00,13.00,38.00,6.00,13884186,217
621.04,1565931457,13183.04,51.48621458,7.40421085,188.12,15.20,-0.42,56.73,1,-93.00,-7.00,12.00,13.00,38.00,6.00,13884186,217
622.04,1565931458,13198.25,51.48627905,7.40439133,187.62,15.17,-0.03,57.84,1,-100.00,-11.00,0.00,2.00,36.00,6.00,13821978,217
623.04,1565931459,13213.43,51.48634502,7.40457575,187.10,15.81,0.64,58.22,1,-100.00,-11.00,0.00,2.00,36.00,6.00,13821978,217
624.05,1565931460,13229.39,51.48641316,7.40477333,186.69,15.73,-0.08,59.01,1,-93.00,-8.00,4.00,2.00,40.00,6.00,13821978,171
625.04,1565931461,13244.97,51.48648073,7.40497359,186.10,15.61,-0.13,59.08,1,-93.00,-8.00,4.00,2.00,40.00,6.00,13821978,171
626.04,1565931462,13260.56,51.48655018,7.40518195,185.78,15.81,0.20,59.57,1,-93.00,-8.00,4.00,2.00,40.00,6.00,13821978,171
627.04,1565931463,13276.39,51.48662444,7.40540546,185.57,16.24,0.43,60.41,1,-93.00,-8.00,12.00,2.00,40.00,6.00,13821978,171
628.04,1565931464,13292.62,51.48669244,7.40561541,185.65,16.72,0.48,61.27,1,-93.00,-8.00,12.00,2.00,40.00,6.00,13821978,171
629.04,1565931465,13309.32,51.48675920,7.40583260,185.26,16.58,-0.14,62.21,1,-90.00,-8.00,2.00,2.00,44.00,6.00,13821978,171
630.04,1565931466,13325.90,51.48682634,7.40605003,184.69,16.67,0.09,63.29,1,-90.00,-8.00,2.00,2.00,44.00,6.00,13821978,171
631.04,1565931467,13342.55,51.48689038,7.40628015,184.04,16.94,0.28,64.52,1,-87.00,-8.00,-4.00,2.00,45.00,6.00,13821978,171
632.04,1565931468,13359.49,51.48694622,7.40650387,183.31,16.97,0.03,65.84,1,-87.00,-8.00,-4.00,2.00,45.00,6.00,13821978,171
633.04,1565931469,13376.48,51.48699647,7.40672625,182.57,16.97,0.00,67.29,1,-81.00,-7.00,9.00,2.00,50.00,6.00,13828122,452
634.04,1565931470,13393.50,51.48704239,7.40694613,181.91,16.86,-0.12,68.69,1,-81.00,-7.00,9.00,2.00,50.00,6.00,13828122,452
635.04,1565931471,13410.29,51.48708918,7.40716677,181.39,16.94,0.08,69.64,1,-78.00,-6.00,11.00,11.00,53.00,4.00,13828122,452
636.04,1565931472,13427.23,51.48713290,7.40738638,180.72,16.36,-0.58,70.45,1,-78.00,-6.00,11.00,11.00,53.00,4.00,13828122,452
637.04,1565931473,13443.59,51.48717646,7.40762222,179.64,16.65,0.29,71.56,1,-74.00,-5.00,34.00,12.00,56.00,4.00,13828122,452
638.04,1565931474,13460.23,51.48721877,7.40785598,178.84,16.51,-0.13,72.29,1,-74.00,-5.00,34.00,12.00,56.00,4.00,13828122,452
639.04,1565931475,13476.73,51.48725917,7.40809638,177.84,16.49,-0.02,72.42,1,-72.00,-5.00,12.00,13.00,56.00,4.00,13828122,452
640.04,1565931476,13493.24,51.48729604,7.40833393,177.50,16.43,-0.06,73.69,1,-72.00,-5.00,12.00,13.00,56.00,4.00,13828122,452
641.04,1565931477,13509.67,51.48732910,7.40857087,177.64,16.34,-0.09,74.91,1,-72.00,-5.00,23.00,11.00,57.00,4.00,13828122,452
642.04,1565931478,13526.00,51.48735840,7.40880509,177.98,16.24,-0.10,75.99,1,-72.00,-5.00,23.00,11.00,57.00,4.00,13828122,452
643.04,1565931479,13542.26,51.48738973,7.40903772,178.37,16.22,-0.02,76.88,1,-75.00,-4.00,22.00,15.00,54.00,4.00,13828122,452
644.04,1565931480,13558.48,51.48741535,7.40926228,179.14,16.29,0.07,77.84,1,-75.00,-4.00,22.00,15.00,54.00,4.00,13828122,452
645.05,1565931481,13574.91,51.48744078,7.40948024,179.44,15.89,-0.39,78.01,1,-77.00,-5.00,19.00,11.00,49.00,4.00,13828122,452
646.04,1565931482,13590.66,51.48746664,7.40970609,179.72,16.05,0.16,78.82,1,-77.00,-5.00,19.00,11.00,49.00,4.00,13828122,452
647.04,1565931483,13606.74,51.48748691,7.40992838,179.71,15.56,-0.49,79.46,1,-77.00,-5.00,19.00,11.00,49.00,4.00,13828122,452
648.04,1565931484,13622.27,51.48750566,7.41014966,179.97,14.63,-0.93,80.38,1,-84.00,-7.00,7.00,10.00,48.00,5.00,13828122,452
649.04,1565931485,13636.90,51.48751801,7.41036123,180.66,13.65,-0.99,81.36,1,-84.00,-7.00,7.00,10.00,48.00,5.00,13828122,452
650.04,1565931486,13650.56,51.48752685,7.41053565,181.30,11.70,-1.94,82.68,1,-90.00,-8.00,4.00,11.00,43.00,5.00,13828122,452
651.04,1565931487,13662.26,51.48753218,7.41069120,182.09,9.55,-2.16,83.75,1,-90.00,-8.00,4.00,11.00,43.00,5.00,13828122,452
652.04,1565931488,13671.81,51.48753710,7.41080462,181.82,7.13,-2.42,81.95,1,-87.00,-6.00,6.00,6.00,45.00,7.00,13821978,171
653.04,1565931489,13678.94,51.48756865,7.41089918,181.37,7.38,0.25,56.93,1,-87.00,-6.00,6.00,6.00,45.00,7.00,13821978,171
654.04,1565931490,13686.32,51.48761916,7.41096195,180.43,7.64,0.26,30.33,1,-88.00,-7.00,5.00,8.00,42.00,7.00,13821978,171
655.04,1565931491,13693.96,51.48767144,7.41099510,179.26,7.85,0.21,13.96,1,-88.00,-7.00,5.00,8.00,42.00,7.00,13821978,171
656.04,1565931492,13701.80,51.48772985,7.41099977,178.03,8.04,0.19,358.76,1,-86.00,-6.00,11.00,9.00,43.00,7.00,13821978,171
657.04,1565931493,13709.84,51.48780065,7.41099511,176.86,8.77,0.73,357.08,1,-86.00,-6.00,11.00,9.00,43.00,7.00,13821978,171
658.04,1565931494,13718.61,51.48789010,7.41098705,176.09,10.39,1.62,356.02,1,-87.00,-9.00,14.00,10.00,47.00,7.00,13821978,171
659.04,1565931495,13729.01,51.48799101,7.41097079,175.52,11.39,0.99,354.34,1,-87.00,-9.00,14.00,10.00,47.00,7.00,13821978,171
660.04,1565931496,13740.38,51.48810310,7.41095309,175.18,12.63,1.24,353.93,1,-88.00,-9.00,13.00,10.00,46.00,7.00,13821978,171
661.04,1565931497,13753.01,51.48821605,7.41092942,174.86,12.74,0.11,353.21,1,-88.00,-9.00,13.00,10.00,46.00,7.00,13821978,171
662.04,1565931498,13765.75,51.48833107,7.41090456,175.00,12.94,0.19,352.44,1,-84.00,-7.00,16.00,11.00,47.00,7.00,13821978,171
663.04,1565931499,13778.69,51.48844386,7.41087030,175.31,12.73,-0.21,351.22,1,-84.00,-7.00,16.00,11.00,47.00,7.00,13821978,171
664.04,1565931500,13791.44,51.48855788,7.41083345,175.54,12.33,-0.40,350.86,1,-82.00,-5.00,19.00,2.00,49.00,7.00,13821978,171
665.04,1565931501,13803.77,51.48866477,7.41080058,175.54,12.25,-0.08,350.50,1,-82.00,-5.00,19.00,2.00,49.00,7.00,13821978,171
666.05,1565931502,13816.13,51.48877568,7.41075368,175.67,12.49,0.23,349.65,1,-80.00,-6.00,11.00,2.00,51.00,7.00,13821978,171
667.04,1565931503,13828.52,51.48888868,7.41070154,175.95,12.60,0.11,349.02,1,-80.00,-6.00,11.00,2.00,51.00,7.00,13821978,171
668.04,1565931504,13841.10,51.48900142,7.41064940,176.13,13.17,0.57,348.51,1,-80.00,-6.00,11.00,2.00,51.00,7.00,13821978,171
669.04,1565931505,13854.26,51.48911275,7.41060631,176.12,13.39,0.22,347.72,1,-81.00,-6.00,7.00,2.00,50.00,7.00,13821978,171
670.04,1565931506,13867.67,51.48922736,7.41055724,176.10,13.53,0.14,347.22,1,-81.00,-6.00,7.00,2.00,50.00,7.00,13821978,171
671.04,1565931507,13881.18,51.48934618,7.41050885,175.90,13.61,0.09,346.29,1,-76.00,-7.00,24.00,2.00,55.00,7.00,13821978,171
672.04,1565931508,13894.76,51.48946159,7.41046260,175.66,13.68,0.07,346.39,1,-76.00,-7.00,24.00,2.00,55.00,7.00,13821978,171
673.04,1565931509,13908.45,51.48957795,7.41041661,175.56,13.51,-0.16,346.41,1,-72.00,-9.00,21.00,15.00,62.00,5.00,13821978,171
674.04,1565931510,13921.97,51.48969275,7.41036453,175.79,12.87,-0.64,345.56,1,-72.00,-9.00,21.00,15.00,62.00,5.00,13821978,171
675.04,1565931511,13934.84,51.48979276,7.41032385,176.06,11.22,-1.65,346.48,1,-77.00,-7.00,24.00,11.00,54.00,5.00,13821978,171
676.04,1565931512,13946.06,51.48987335,7.41029311,176.32,8.83,-2.40,346.96,1,-77.00,-7.00,24.00,11.00,54.00,5.00,13821978,171
677.04,1565931513,13954.89,51.48994054,7.41026694,176.47,6.48,-2.34,347.84,1,-80.00,-7.00,16.00,12.00,52.00,5.00,13821978,171
678.04,1565931514,13961.37,51.48998591,7.41027725,176.46,4.25,-2.23,5.32,1,-80.00,-7.00,16.00,12.00,52.00,5.00,13821978,171
679.04,1565931515,13965.62,51.49001445,7.41030654,176.41,4.11,-0.15,35.66,1,-80.00,-9.00,15.00,10.00,54.00,5.00,13821978,171
680.04,1565931516,13969.73,51.49005565,7.41035617,175.89,5.75,1.65,36.93,1,-80.00,-9.00,15.00,10.00,54.00,5.00,13821978,171
681.04,1565931517,13975.48,51.49007954,7.41046757,175.44,7.21,1.46,75.69,1,-81.00,-7.00,5.00,7.00,50.00,5.00,13821978,171
682.04,1565931518,13982.69,51.49009447,7.41058973,174.88,8.19,0.98,75.20,1,-81.00,-7.00,5.00,7.00,50.00,5.00,13821978,171
683.04,1565931519,13990.89,51.49011122,7.41071812,174.42,9.58,1.38,75.59,1,-85.00,-10.00,8.00,10.00,51.00,5.00,13821978,171
684.04,1565931520,14000.46,51.49013386,7.41086800,173.82,10.28,0.70,76.46,1,-85.00,-10.00,8.00,10.00,51.00,5.00,13821978,171
685.03,1565931521,14010.70,51.49015326,7.41101765,173.27,10.22,-0.05,76.82,1,-86.00,-9.00,12.00,2.00,48.00,5.00,13821978,171
