0.01,1565325851,0.00,nan,nan,0.00,0.00,0.00,0.00,0,-98.00,-8.00,0.00,0.00,42.00,0.00,0,67
0.97,1565325852,0.00,nan,nan,0.00,0.00,0.00,0.00,0,-98.00,-8.00,0.00,0.00,42.00,0.00,0,67
2.08,1565325853,0.00,nan,nan,0.00,0.00,0.00,0.00,0,-98.00,-8.00,0.00,0.00,42.00,0.00,0,67
3.07,1565325854,0.00,nan,nan,0.00,0.00,0.00,0.00,0,-98.00,-8.00,0.00,0.00,42.00,0.00,0,67
4.07,1565325855,0.00,nan,nan,0.00,0.00,0.00,0.00,0,-98.00,-8.00,0.00,0.00,42.00,0.00,0,67
5.07,1565325856,0.00,nan,nan,0.00,0.00,0.00,0.00,0,-100.00,-8.00,0.00,0.00,40.00,0.00,0,67
6.07,1565325857,0.00,nan,nan,0.00,0.00,0.00,0.00,0,-100.00,-8.00,0.00,0.00,40.00,0.00,0,67
7.07,1565325858,0.00,nan,nan,0.00,0.00,0.00,0.00,0,-103.00,-9.00,0.00,0.00,38.00,0.00,0,67
8.07,1565325859,0.00,nan,nan,0.00,0.00,0.00,0.00,0,-103.00,-9.00,0.00,0.00,38.00,0.00,0,67
9.07,1565325860,0.00,nan,nan,0.00,0.00,0.00,0.00,0,-103.00,-10.00,0.00,0.00,38.00,0.00,0,67
10.07,1565325861,0.00,nan,nan,0.00,0.00,0.00,0.00,0,-103.00,-10.00,0.00,0.00,38.00,0.00,0,67
11.07,1565325862,0.00,nan,nan,0.00,0.00,0.00,0.00,0,-105.00,-11.00,0.00,0.00,37.00,0.00,0,67
12.07,1565325863,0.00,nan,nan,0.00,0.00,0.00,0.00,0,-105.00,-11.00,0.00,0.00,37.00,0.00,0,67
13.07,1565325864,0.00,nan,nan,0.00,0.00,0.00,0.00,0,-105.00,-10.00,0.00,0.00,37.00,0.00,0,67
14.07,1565325865,0.00,nan,nan,0.00,0.00,0.00,0.00,0,-105.00,-10.00,0.00,0.00,37.00,0.00,0,67
15.07,1565325866,0.00,nan,nan,0.00,0.00,0.00,0.00,0,-106.00,-11.00,0.00,0.00,37.00,0.00,0,67
16.07,1565325867,0.00,nan,nan,0.00,0.00,0.00,0.00,0,-106.00,-11.00,0.00,0.00,37.00,0.00,0,67
17.07,1565325868,0.00,nan,nan,0.00,0.00,0.00,0.00,0,-109.00,-12.00,0.00,0.00,36.00,0.00,0,67
17.07,1565325868,0.00,nan,nan,0.00,0.00,0.00,0.00,0,-113.00,-14.00,0.00,0.00,32.00,0.00,0,125
18.07,1565325869,0.00,nan,nan,0.00,0.00,0.00,0.00,0,-109.00,-12.00,0.00,0.00,36.00,0.00,0,67
18.07,1565325869,0.00,nan,nan,0.00,0.00,0.00,0.00,0,-113.00,-14.00,0.00,0.00,32.00,0.00,0,125
19.07,1565325870,0.00,nan,nan,0.00,0.00,0.00,0.00,0,-111.00,-12.00,0.00,0.00,32.00,0.00,0,125
19.07,1565325870,0.00,nan,nan,0.00,0.00,0.00,0.00,0,-114.00,-13.00,0.00,0.00,31.00,0.00,0,124
19.07,1565325870,0.00,nan,nan,0.00,0.00,0.00,0.00,0,-113.00,-14.00,0.00,0.00,33.00,0.00,0,67
20.07,1565325871,0.00,nan,nan,0.00,0.00,0.00,0.00,0,-111.00,-12.00,0.00,0.00,32.00,0.00,0,125
20.07,1565325871,0.00,nan,nan,0.00,0.00,0.00,0.00,0,-114.00,-13.00,0.00,0.00,31.00,0.00,0,124
20.07,1565325871,0.00,nan,nan,0.00,0.00,0.00,0.00,0,-113.00,-14.00,0.00,0.00,33.00,0.00,0,67
21.07,1565325872,0.00,nan,nan,0.00,0.00,0.00,0.00,0,-113.00,-13.00,0.00,0.00,32.00,0.00,0,124
21.07,1565325872,0.00,nan,nan,0.00,0.00,0.00,0.00,0,-117.00,-16.00,0.00,0.00,31.00,0.00,0,340
22.07,1565325873,0.00,nan,nan,0.00,0.00,0.00,0.00,0,-113.00,-13.00,0.00,0.00,32.00,0.00,0,124
22.07,1565325873,0.00,nan,nan,0.00,0.00,0.00,0.00,0,-117.00,-16.00,0.00,0.00,31.00,0.00,0,340
23.08,1565325874,0.00,nan,nan,0.00,0.00,0.00,0.00,0,-112.00,-13.00,0.00,0.00,33.00,0.00,0,124
24.07,1565325875,0.00,nan,nan,0.00,0.00,0.00,0.00,0,-112.00,-13.00,0.00,0.00,33.00,0.00,0,124
25.07,1565325876,0.00,nan,nan,0.00,0.00,0.00,0.00,0,-112.00,-13.00,0.00,0.00,33.00,0.00,0,124
26.07,1565325877,0.00,nan,nan,0.00,0.00,0.00,0.00,0,-112.00,-13.00,0.00,0.00,33.00,0.00,0,124
26.07,1565325877,0.00,nan,nan,0.00,0.00,0.00,0.00,0,-115.00,-16.00,0.00,0.00,32.00,0.00,0,66
26.07,1565325877,0.00,nan,nan,0.00,0.00,0.00,0.00,0,-115.00,-12.00,0.00,0.00,28.00,0.00,0,167
27.07,1565325878,0.00,nan,nan,0.00,0.00,0.00,0.00,0,-112.00,-13.00,0.00,0.00,33.00,0.00,0,124
27.07,1565325878,0.00,nan,nan,0.00,0.00,0.00,0.00,0,-115.00,-16.00,0.00,0.00,32.00,0.00,0,66
27.07,1565325878,0.00,nan,nan,0.00,0.00,0.00,0.00,0,-115.00,-12.00,0.00,0.00,28.00,0.00,0,167
28.07,1565325879,0.00,nan,nan,0.00,0.00,0.00,0.00,0,-112.00,-13.00,0.00,0.00,33.00,0.00,0,124
28.07,1565325879,0.00,nan,nan,0.00,0.00,0.00,0.00,0,-114.00,-15.00,0.00,0.00,32.00,0.00,0,66
28.07,1565325879,0.00,nan,nan,0.00,0.00,0.00,0.00,0,-116.00,-17.00,0.00,0.00,32.00,0.00,0,67
29.07,1565325880,0.00,nan,nan,0.00,0.00,0.00,0.00,0,-112.00,-13.00,0.00,0.00,33.00,0.00,0,124
29.07,1565325880,0.00,nan,nan,0.00,0.00,0.00,0.00,0,-114.00,-15.00,0.00,0.00,32.00,0.00,0,66
29.07,1565325880,0.00,nan,nan,0.00,0.00,0.00,0.00,0,-116.00,-17.00,0.00,0.00,32.00,0.00,0,67
30.07,1565325881,0.00,nan,nan,0.00,0.00,0.00,0.00,0,-111.00,-13.00,0.00,0.00,33.00,0.00,0,124
30.07,1565325881,0.00,nan,nan,0.00,0.00,0.00,0.00,0,-112.00,-14.00,0.00,0.00,33.00,0.00,0,66
30.07,1565325881,0.00,nan,nan,0.00,0.00,0.00,0.00,0,-114.00,-16.00,0.00,0.00,33.00,0.00,0,67
31.07,1565325882,0.00,nan,nan,0.00,0.00,0.00,0.00,0,-111.00,-13.00,0.00,0.00,33.00,0.00,0,124
31.07,1565325882,0.00,nan,nan,0.00,0.00,0.00,0.00,0,-112.00,-14.00,0.00,0.00,33.00,0.00,0,66
31.07,1565325882,0.00,nan,nan,0.00,0.00,0.00,0.00,0,-114.00,-16.00,0.00,0.00,33.00,0.00,0,67
32.07,1565325883,0.00,nan,nan,0.00,0.00,0.00,0.00,0,-105.00,-12.00,0.00,0.00,38.00,0.00,0,125
32.07,1565325883,0.00,nan,nan,0.00,0.00,0.00,0.00,0,-108.00,-13.00,0.00,0.00,37.00,0.00,0,67
32.07,1565325883,0.00,nan,nan,0.00,0.00,0.00,0.00,0,-108.00,-14.00,0.00,0.00,38.00,0.00,0,124
33.07,1565325884,0.00,nan,nan,0.00,0.00,0.00,0.00,0,-105.00,-12.00,0.00,0.00,38.00,0.00,0,125
33.07,1565325884,0.00,nan,nan,0.00,0.00,0.00,0.00,0,-108.00,-13.00,0.00,0.00,37.00,0.00,0,67
33.07,1565325884,0.00,nan,nan,0.00,0.00,0.00,0.00,0,-108.00,-14.00,0.00,0.00,38.00,0.00,0,124
34.07,1565325885,0.00,nan,nan,0.00,0.00,0.00,0.00,0,-108.00,-13.00,0.00,0.00,37.00,0.00,0,67
34.07,1565325885,0.00,nan,nan,0.00,0.00,0.00,0.00,0,-107.00,-13.00,0.00,0.00,36.00,0.00,0,125
34.07,1565325885,0.00,nan,nan,0.00,0.00,0.00,0.00,0,-109.00,-16.00,0.00,0.00,38.00,0.00,0,124
35.07,1565325886,0.00,nan,nan,0.00,0.00,0.00,0.00,0,-108.00,-13.00,0.00,0.00,37.00,0.00,0,67
35.07,1565325886,0.00,nan,nan,0.00,0.00,0.00,0.00,0,-107.00,-13.00,0.00,0.00,36.00,0.00,0,125
35.07,1565325886,0.00,nan,nan,0.00,0.00,0.00,0.00,0,-109.00,-16.00,0.00,0.00,38.00,0.00,0,124
36.07,1565325887,0.00,nan,nan,0.00,0.00,0.00,0.00,0,-109.00,-12.00,0.00,0.00,35.00,0.00,0,125
36.07,1565325887,0.00,nan,nan,0.00,0.00,0.00,0.00,0,-110.00,-14.00,0.00,0.00,36.00,0.00,0,67
36.07,1565325887,0.00,nan,nan,0.00,0.00,0.00,0.00,0,-111.00,-15.00,0.00,0.00,36.00,0.00,0,124
37.07,1565325888,0.00,nan,nan,0.00,0.00,0.00,0.00,0,-109.00,-12.00,0.00,0.00,35.00,0.00,0,125
37.07,1565325888,0.00,nan,nan,0.00,0.00,0.00,0.00,0,-110.00,-14.00,0.00,0.00,36.00,0.00,0,67
37.07,1565325888,0.00,nan,nan,0.00,0.00,0.00,0.00,0,-111.00,-15.00,0.00,0.00,36.00,0.00,0,124
38.07,1565325889,0.00,nan,nan,0.00,0.00,0.00,0.00,0,-109.00,-12.00,0.00,0.00,35.00,0.00,0,125
38.07,1565325889,0.00,nan,nan,0.00,0.00,0.00,0.00,0,-110.00,-13.00,0.00,0.00,35.00,0.00,0,124
38.07,1565325889,0.00,nan,nan,0.00,0.00,0.00,0.00,0,-110.00,-14.00,0.00,0.00,35.00,0.00,0,67
39.07,1565325890,0.00,nan,nan,0.00,0.00,0.00,0.00,0,-109.00,-12.00,0.00,0.00,35.00,0.00,0,125
39.07,1565325890,0.00,nan,nan,0.00,0.00,0.00,0.00,0,-110.00,-13.00,0.00,0.00,35.00,0.00,0,124
39.07,1565325890,0.00,nan,nan,0.00,0.00,0.00,0.00,0,-110.00,-14.00,0.00,0.00,35.00,0.00,0,67
40.07,1565325891,0.00,nan,nan,0.00,0.00,0.00,0.00,0,-110.00,-13.00,0.00,0.00,35.00,0.00,0,124
40.07,1565325891,0.00,nan,nan,0.00,0.00,0.00,0.00,0,-111.00,-14.00,0.00,0.00,35.00,0.00,0,67
40.07,1565325891,0.00,nan,nan,0.00,0.00,0.00,0.00,0,-111.00,-13.00,0.00,0.00,35.00,0.00,0,125
41.07,1565325892,0.00,nan,nan,0.00,0.00,0.00,0.00,0,-110.00,-13.00,0.00,0.00,35.00,0.00,0,124
41.07,1565325892,0.00,nan,nan,0.00,0.00,0.00,0.00,0,-111.00,-14.00,0.00,0.00,35.00,0.00,0,67
41.07,1565325892,0.00,nan,nan,0.00,0.00,0.00,0.00,0,-111.00,-13.00,0.00,0.00,35.00,0.00,0,125
42.07,1565325893,0.00,nan,nan,0.00,0.00,0.00,0.00,0,-109.00,-12.00,0.00,0.00,34.00,0.00,0,124
42.07,1565325893,0.00,nan,nan,0.00,0.00,0.00,0.00,0,-112.00,-14.00,0.00,0.00,34.00,0.00,0,125
42.07,1565325893,0.00,nan,nan,0.00,0.00,0.00,0.00,0,-114.00,-16.00,0.00,0.00,34.00,0.00,0,67
43.07,1565325894,0.00,nan,nan,0.00,0.00,0.00,0.00,0,-109.00,-12.00,0.00,0.00,34.00,0.00,0,124
43.07,1565325894,0.00,nan,nan,0.00,0.00,0.00,0.00,0,-112.00,-14.00,0.00,0.00,34.00,0.00,0,125
43.07,1565325894,0.00,nan,nan,0.00,0.00,0.00,0.00,0,-114.00,-16.00,0.00,0.00,34.00,0.00,0,67
44.08,1565325895,0.00,nan,nan,0.00,0.00,0.00,0.00,0,-109.00,-11.00,0.00,0.00,33.00,0.00,0,124
45.07,1565325896,0.00,nan,nan,0.00,0.00,0.00,0.00,0,-109.00,-11.00,0.00,0.00,33.00,0.00,0,124
46.07,1565325897,0.00,nan,nan,0.00,0.00,0.00,0.00,0,-109.00,-11.00,0.00,0.00,33.00,0.00,0,124
47.07,1565325898,0.00,nan,nan,0.00,0.00,0.00,0.00,0,-110.00,-11.00,0.00,0.00,32.00,0.00,0,124
48.07,1565325899,0.00,nan,nan,0.00,0.00,0.00,0.00,0,-110.00,-11.00,0.00,0.00,32.00,0.00,0,124
49.07,1565325900,0.00,nan,nan,0.00,0.00,0.00,0.00,0,-112.00,-11.00,0.00,0.00,30.00,0.00,0,124
49.07,1565325900,0.00,nan,nan,0.00,0.00,0.00,0.00,0,-117.00,-13.00,0.00,0.00,27.00,0.00,0,25
49.07,1565325900,0.00,nan,nan,0.00,0.00,0.00,0.00,0,-122.00,-15.00,0.00,0.00,25.00,0.00,0,167
50.07,1565325901,0.00,nan,nan,0.00,0.00,0.00,0.00,0,-112.00,-11.00,0.00,0.00,30.00,0.00,0,124
50.07,1565325901,0.00,nan,nan,0.00,0.00,0.00,0.00,0,-117.00,-13.00,0.00,0.00,27.00,0.00,0,25
50.07,1565325901,0.00,nan,nan,0.00,0.00,0.00,0.00,0,-122.00,-15.00,0.00,0.00,25.00,0.00,0,167
53.07,1565325904,0.00,nan,nan,0.00,0.00,0.00,0.00,0,-116.00,-13.00,0.00,0.00,28.00,0.00,0,66
53.07,1565325904,0.00,nan,nan,0.00,0.00,0.00,0.00,0,-117.00,-13.00,0.00,0.00,27.00,0.00,0,25
53.07,1565325904,0.00,nan,nan,0.00,0.00,0.00,0.00,0,-120.00,-16.00,0.00,0.00,27.00,0.00,0,394
54.07,1565325905,0.00,nan,nan,0.00,0.00,0.00,0.00,0,-116.00,-13.00,0.00,0.00,28.00,0.00,0,66
54.07,1565325905,0.00,nan,nan,0.00,0.00,0.00,0.00,0,-117.00,-13.00,0.00,0.00,27.00,0.00,0,25
54.07,1565325905,0.00,nan,nan,0.00,0.00,0.00,0.00,0,-120.00,-16.00,0.00,0.00,27.00,0.00,0,394
55.07,1565325906,0.00,nan,nan,0.00,0.00,0.00,0.00,0,-117.00,-13.00,0.00,0.00,28.00,0.00,0,25
55.08,1565325906,0.00,nan,nan,0.00,0.00,0.00,0.00,0,-119.00,-15.00,0.00,0.00,27.00,0.00,0,394
55.08,1565325906,0.00,nan,nan,0.00,0.00,0.00,0.00,0,-117.00,-15.00,0.00,0.00,28.00,0.00,0,66
56.07,1565325907,0.00,nan,nan,0.00,0.00,0.00,0.00,0,-117.00,-13.00,0.00,0.00,28.00,0.00,0,25
56.07,1565325907,0.00,nan,nan,0.00,0.00,0.00,0.00,0,-119.00,-15.00,0.00,0.00,27.00,0.00,0,394
56.07,1565325907,0.00,nan,nan,0.00,0.00,0.00,0.00,0,-117.00,-15.00,0.00,0.00,28.00,0.00,0,66
57.07,1565325908,0.00,nan,nan,0.00,0.00,0.00,0.00,0,-118.00,-14.00,0.00,0.00,27.00,0.00,0,394
57.07,1565325908,0.00,nan,nan,0.00,0.00,0.00,0.00,0,-118.00,-15.00,0.00,0.00,28.00,0.00,0,66
57.07,1565325908,0.00,nan,nan,0.00,0.00,0.00,0.00,0,-118.00,-15.00,0.00,0.00,28.00,0.00,0,25
58.07,1565325909,0.00,nan,nan,0.00,0.00,0.00,0.00,0,-118.00,-14.00,0.00,0.00,27.00,0.00,0,394
58.07,1565325909,0.00,nan,nan,0.00,0.00,0.00,0.00,0,-118.00,-15.00,0.00,0.00,28.00,0.00,0,66
58.07,1565325909,0.00,nan,nan,0.00,0.00,0.00,0.00,0,-118.00,-15.00,0.00,0.00,28.00,0.00,0,25
59.07,1565325910,0.00,nan,nan,0.00,0.00,0.00,0.00,0,-117.00,-15.00,0.00,0.00,29.00,0.00,0,66
60.07,1565325911,0.00,nan,nan,0.00,0.00,0.00,0.00,0,-117.00,-15.00,0.00,0.00,29.00,0.00,0,66
101.17,1565325952,0.00,nan,nan,0.00,0.00,0.00,0.00,0,-84.00,-6.00,0.00,0.00,53.00,0.00,0,123
102.17,1565325953,0.00,nan,nan,0.00,0.00,0.00,0.00,0,-84.00,-6.00,0.00,0.00,53.00,0.00,0,123
139.17,1565325990,0.00,nan,nan,0.00,0.00,0.00,0.00,0,-113.00,-10.00,0.00,0.00,28.00,0.00,0,458
140.17,1565325991,0.00,nan,nan,0.00,0.00,0.00,0.00,0,-113.00,-10.00,0.00,0.00,28.00,0.00,0,458
141.17,1565325992,0.00,nan,nan,0.00,0.00,0.00,0.00,0,-114.00,-10.00,0.00,0.00,28.00,0.00,0,458
142.17,1565325993,0.00,nan,nan,0.00,0.00,0.00,0.00,0,-114.00,-10.00,0.00,0.00,28.00,0.00,0,458
143.17,1565325994,0.00,nan,nan,0.00,0.00,0.00,0.00,0,-112.00,-11.00,0.00,0.00,31.00,0.00,0,205
143.18,1565325994,0.00,nan,nan,0.00,0.00,0.00,0.00,0,-114.00,-13.00,0.00,0.00,30.00,0.00,0,100
143.18,1565325994,0.00,nan,nan,0.00,0.00,0.00,0.00,0,-110.00,-11.00,0.00,0.00,29.00,0.00,0,334
144.17,1565325995,0.00,nan,nan,0.00,0.00,0.00,0.00,0,-112.00,-11.00,0.00,0.00,31.00,0.00,0,205
144.18,1565325995,0.00,nan,nan,0.00,0.00,0.00,0.00,0,-114.00,-13.00,0.00,0.00,30.00,0.00,0,100
144.18,1565325995,0.00,nan,nan,0.00,0.00,0.00,0.00,0,-110.00,-11.00,0.00,0.00,29.00,0.00,0,334
145.18,1565325996,0.00,nan,nan,0.00,0.00,0.00,0.00,0,-113.00,-12.00,0.00,0.00,31.00,0.00,0,205
145.18,1565325996,0.00,nan,nan,0.00,0.00,0.00,0.00,0,-113.00,-13.00,0.00,0.00,30.00,0.00,0,100
145.18,1565325996,0.00,nan,nan,0.00,0.00,0.00,0.00,0,-114.00,-12.00,0.00,0.00,30.00,0.00,0,458
145.18,1565325996,0.00,nan,nan,0.00,0.00,0.00,0.00,0,-109.00,-9.00,0.00,0.00,29.00,0.00,0,334
145.18,1565325996,0.00,nan,nan,0.00,0.00,0.00,0.00,0,-110.00,-10.00,0.00,0.00,28.00,0.00,0,383
146.18,1565325997,0.00,nan,nan,0.00,0.00,0.00,0.00,0,-113.00,-12.00,0.00,0.00,31.00,0.00,0,205
146.18,1565325997,0.00,nan,nan,0.00,0.00,0.00,0.00,0,-113.00,-13.00,0.00,0.00,30.00,0.00,0,100
146.18,1565325997,0.00,nan,nan,0.00,0.00,0.00,0.00,0,-114.00,-12.00,0.00,0.00,30.00,0.00,0,458
146.18,1565325997,0.00,nan,nan,0.00,0.00,0.00,0.00,0,-109.00,-9.00,0.00,0.00,29.00,0.00,0,334
146.18,1565325997,0.00,nan,nan,0.00,0.00,0.00,0.00,0,-110.00,-10.00,0.00,0.00,28.00,0.00,0,383
147.17,1565325998,0.00,nan,nan,0.00,0.00,0.00,0.00,0,-110.00,-13.00,0.00,0.00,34.00,0.00,0,205
147.18,1565325998,0.00,nan,nan,0.00,0.00,0.00,0.00,0,-112.00,-16.00,0.00,0.00,35.00,0.00,0,100
147.18,1565325998,0.00,nan,nan,0.00,0.00,0.00,0.00,0,-112.00,-17.00,0.00,0.00,36.00,0.00,0,458
148.17,1565325999,0.00,nan,nan,0.00,0.00,0.00,0.00,0,-110.00,-13.00,0.00,0.00,34.00,0.00,0,205
148.17,1565325999,0.00,nan,nan,0.00,0.00,0.00,0.00,0,-112.00,-16.00,0.00,0.00,35.00,0.00,0,100
148.18,1565325999,0.00,nan,nan,0.00,0.00,0.00,0.00,0,-112.00,-17.00,0.00,0.00,36.00,0.00,0,458
149.17,1565326000,0.00,nan,nan,0.00,0.00,0.00,0.00,0,-113.00,-11.00,0.00,0.00,30.00,0.00,0,205
149.17,1565326000,0.00,nan,nan,0.00,0.00,0.00,0.00,0,-116.00,-15.00,0.00,0.00,30.00,0.00,0,458
149.18,1565326000,0.00,nan,nan,0.00,0.00,0.00,0.00,0,-116.00,-14.00,0.00,0.00,30.00,0.00,0,100
150.17,1565326001,0.00,nan,nan,0.00,0.00,0.00,0.00,0,-113.00,-11.00,0.00,0.00,30.00,0.00,0,205
150.18,1565326001,0.00,nan,nan,0.00,0.00,0.00,0.00,0,-116.00,-15.00,0.00,0.00,30.00,0.00,0,458
150.18,1565326001,0.00,nan,nan,0.00,0.00,0.00,0.00,0,-116.00,-14.00,0.00,0.00,30.00,0.00,0,100
153.18,1565326004,0.00,nan,nan,0.00,0.00,0.00,0.00,0,-115.00,-12.00,0.00,0.00,28.00,0.00,0,205
153.18,1565326004,0.00,nan,nan,0.00,0.00,0.00,0.00,0,-116.00,-13.00,0.00,0.00,28.00,0.00,0,100
153.19,1565326004,0.00,nan,nan,0.00,0.00,0.00,0.00,0,-111.00,-10.00,0.00,0.00,25.00,0.00,0,334
153.19,1565326004,0.00,nan,nan,0.00,0.00,0.00,0.00,0,-117.00,-13.00,0.00,0.00,24.00,0.00,0,383
153.19,1565326004,0.00,nan,nan,0.00,0.00,0.00,0.00,0,-114.00,-7.00,0.00,0.00,25.00,0.00,0,196
153.19,1565326004,0.00,nan,nan,0.00,0.00,0.00,0.00,0,-96.00,-8.00,0.00,0.00,41.00,0.00,0,88
154.18,1565326005,0.00,nan,nan,0.00,0.00,0.00,0.00,0,-115.00,-12.00,0.00,0.00,28.00,0.00,0,205
154.18,1565326005,0.00,nan,nan,0.00,0.00,0.00,0.00,0,-116.00,-13.00,0.00,0.00,28.00,0.00,0,100
154.18,1565326005,0.00,nan,nan,0.00,0.00,0.00,0.00,0,-111.00,-10.00,0.00,0.00,25.00,0.00,0,334
154.18,1565326005,0.00,nan,nan,0.00,0.00,0.00,0.00,0,-117.00,-13.00,0.00,0.00,24.00,0.00,0,383
154.18,1565326005,0.00,nan,nan,0.00,0.00,0.00,0.00,0,-114.00,-7.00,0.00,0.00,25.00,0.00,0,196
154.18,1565326005,0.00,nan,nan,0.00,0.00,0.00,0.00,0,-96.00,-8.00,0.00,0.00,41.00,0.00,0,88
155.18,1565326006,0.00,nan,nan,0.00,0.00,0.00,0.00,0,-115.00,-12.00,0.00,0.00,28.00,0.00,0,205
155.18,1565326006,0.00,nan,nan,0.00,0.00,0.00,0.00,0,-116.00,-13.00,0.00,0.00,28.00,0.00,0,100
155.18,1565326006,0.00,nan,nan,0.00,0.00,0.00,0.00,0,-111.00,-10.00,0.00,0.00,25.00,0.00,0,334
155.18,1565326006,0.00,nan,nan,0.00,0.00,0.00,0.00,0,-117.00,-13.00,0.00,0.00,24.00,0.00,0,383
155.18,1565326006,0.00,nan,nan,0.00,0.00,0.00,0.00,0,-114.00,-7.00,0.00,0.00,25.00,0.00,0,196
155.18,1565326006,0.00,nan,nan,0.00,0.00,0.00,0.00,0,-96.00,-8.00,0.00,0.00,41.00,0.00,0,88
156.18,1565326007,0.00,nan,nan,0.00,0.00,0.00,0.00,0,-114.00,-7.00,0.00,0.00,26.00,0.00,0,196
156.18,1565326007,0.00,nan,nan,0.00,0.00,0.00,0.00,0,-96.00,-8.00,0.00,0.00,40.00,0.00,0,88
156.18,1565326007,0.00,nan,nan,0.00,0.00,0.00,0.00,0,-100.00,-10.00,0.00,0.00,39.00,0.00,0,488
156.18,1565326007,0.00,nan,nan,0.00,0.00,0.00,0.00,0,-94.00,-7.00,0.00,0.00,38.00,0.00,0,430
157.18,1565326008,0.00,nan,nan,0.00,0.00,0.00,0.00,0,-114.00,-7.00,0.00,0.00,26.00,0.00,0,196
157.18,1565326008,0.00,nan,nan,0.00,0.00,0.00,0.00,0,-96.00,-8.00,0.00,0.00,40.00,0.00,0,88
157.18,1565326008,0.00,nan,nan,0.00,0.00,0.00,0.00,0,-100.00,-10.00,0.00,0.00,39.00,0.00,0,488
157.18,1565326008,0.00,nan,nan,0.00,0.00,0.00,0.00,0,-94.00,-7.00,0.00,0.00,38.00,0.00,0,430
195.18,1565326046,0.00,nan,nan,0.00,0.00,0.00,0.00,0,-93.00,-10.00,0.00,0.00,48.00,0.00,0,125
196.17,1565326047,0.00,nan,nan,0.00,0.00,0.00,0.00,0,-93.00,-10.00,0.00,0.00,48.00,0.00,0,125
197.17,1565326048,0.00,nan,nan,0.00,0.00,0.00,0.00,0,-93.00,-10.00,0.00,0.00,48.00,0.00,0,125
198.17,1565326049,0.00,nan,nan,0.00,0.00,0.00,0.00,0,-90.00,-9.00,0.00,0.00,50.00,0.00,0,125
199.17,1565326050,0.00,nan,nan,0.00,0.00,0.00,0.00,0,-90.00,-9.00,0.00,0.00,50.00,0.00,0,125
200.17,1565326051,0.00,nan,nan,0.00,0.00,0.00,0.00,0,-87.00,-11.00,0.00,0.00,56.00,0.00,0,124
201.17,1565326052,0.00,nan,nan,0.00,0.00,0.00,0.00,0,-87.00,-11.00,0.00,0.00,56.00,0.00,0,124
254.17,1565326105,0.00,nan,nan,0.00,0.00,0.00,0.00,0,-95.00,-11.00,0.00,0.00,46.00,0.00,0,77
255.17,1565326106,0.00,nan,nan,0.00,0.00,0.00,0.00,0,-95.00,-11.00,0.00,0.00,46.00,0.00,0,77
256.17,1565326107,0.00,nan,nan,0.00,0.00,0.00,0.00,0,-88.00,-9.00,0.00,0.00,52.00,0.00,0,123
256.17,1565326107,0.00,nan,nan,0.00,0.00,0.00,0.00,0,-86.00,-9.00,0.00,0.00,51.00,0.00,0,77
257.17,1565326108,0.00,nan,nan,0.00,0.00,0.00,0.00,0,-88.00,-9.00,0.00,0.00,52.00,0.00,0,123
257.17,1565326108,0.00,nan,nan,0.00,0.00,0.00,0.00,0,-86.00,-9.00,0.00,0.00,51.00,0.00,0,77
261.17,1565326112,0.00,nan,nan,0.00,0.00,0.00,0.00,0,-96.00,-10.00,0.00,0.00,46.00,0.00,0,123
262.17,1565326113,0.00,nan,nan,0.00,0.00,0.00,0.00,0,-96.00,-10.00,0.00,0.00,46.00,0.00,0,123
263.17,1565326114,0.00,nan,nan,0.00,0.00,0.00,0.00,0,-100.00,-11.00,0.00,0.00,43.00,0.00,0,123
264.17,1565326115,0.00,nan,nan,0.00,0.00,0.00,0.00,0,-100.00,-11.00,0.00,0.00,43.00,0.00,0,123
265.17,1565326116,0.00,nan,nan,0.00,0.00,0.00,0.00,0,-103.00,-8.00,0.00,0.00,36.00,0.00,0,403
265.18,1565326116,0.00,nan,nan,0.00,0.00,0.00,0.00,0,-108.00,-13.00,0.00,0.00,37.00,0.00,0,123
265.18,1565326116,0.00,nan,nan,0.00,0.00,0.00,0.00,0,-116.00,-22.00,0.00,0.00,37.00,0.00,0,404
266.17,1565326117,0.00,nan,nan,0.00,0.00,0.00,0.00,0,-103.00,-8.00,0.00,0.00,36.00,0.00,0,403
266.18,1565326117,0.00,nan,nan,0.00,0.00,0.00,0.00,0,-108.00,-13.00,0.00,0.00,37.00,0.00,0,123
266.18,1565326117,0.00,nan,nan,0.00,0.00,0.00,0.00,0,-116.00,-22.00,0.00,0.00,37.00,0.00,0,404
273.17,1565326124,0.00,nan,nan,0.00,0.00,0.00,0.00,0,-117.00,-12.00,0.00,0.00,26.00,0.00,0,231
273.18,1565326124,0.00,nan,nan,0.00,0.00,0.00,0.00,0,-119.00,-13.00,0.00,0.00,27.00,0.00,0,125
273.18,1565326124,0.00,nan,nan,0.00,0.00,0.00,0.00,0,-119.00,-14.00,0.00,0.00,26.00,0.00,0,123
274.17,1565326125,0.00,nan,nan,0.00,0.00,0.00,0.00,0,-117.00,-12.00,0.00,0.00,26.00,0.00,0,231
274.18,1565326125,0.00,nan,nan,0.00,0.00,0.00,0.00,0,-119.00,-13.00,0.00,0.00,27.00,0.00,0,125
274.18,1565326125,0.00,nan,nan,0.00,0.00,0.00,0.00,0,-119.00,-14.00,0.00,0.00,26.00,0.00,0,123
275.17,1565326126,0.00,nan,nan,0.00,0.00,0.00,0.00,0,-117.00,-12.00,0.00,0.00,27.00,0.00,0,231
275.17,1565326126,0.00,nan,nan,0.00,0.00,0.00,0.00,0,-118.00,-13.00,0.00,0.00,27.00,0.00,0,123
276.17,1565326127,0.00,nan,nan,0.00,0.00,0.00,0.00,0,-117.00,-12.00,0.00,0.00,27.00,0.00,0,231
276.17,1565326127,0.00,nan,nan,0.00,0.00,0.00,0.00,0,-118.00,-13.00,0.00,0.00,27.00,0.00,0,123
277.17,1565326128,0.00,nan,nan,0.00,0.00,0.00,0.00,0,-117.00,-13.00,0.00,0.00,27.00,0.00,0,231
278.17,1565326129,0.00,nan,nan,0.00,0.00,0.00,0.00,0,-117.00,-13.00,0.00,0.00,27.00,0.00,0,231
279.18,1565326130,0.00,nan,nan,0.00,0.00,0.00,0.00,0,-115.00,-13.00,0.00,0.00,29.00,0.00,0,231
279.18,1565326130,0.00,nan,nan,0.00,0.00,0.00,0.00,0,-116.00,-13.00,0.00,0.00,29.00,0.00,0,195
279.18,1565326130,0.00,nan,nan,0.00,0.00,0.00,0.00,0,-117.00,-16.00,0.00,0.00,30.00,0.00,0,249
280.17,1565326131,0.00,nan,nan,0.00,0.00,0.00,0.00,0,-115.00,-13.00,0.00,0.00,29.00,0.00,0,231
280.18,1565326131,0.00,nan,nan,0.00,0.00,0.00,0.00,0,-116.00,-13.00,0.00,0.00,29.00,0.00,0,195
280.18,1565326131,0.00,nan,nan,0.00,0.00,0.00,0.00,0,-117.00,-16.00,0.00,0.00,30.00,0.00,0,249
281.17,1565326132,0.00,nan,nan,0.00,0.00,0.00,0.00,0,-115.00,-13.00,0.00,0.00,29.00,0.00,0,231
281.17,1565326132,0.00,nan,nan,0.00,0.00,0.00,0.00,0,-116.00,-13.00,0.00,0.00,29.00,0.00,0,195
281.17,1565326132,0.00,nan,nan,0.00,0.00,0.00,0.00,0,-117.00,-16.00,0.00,0.00,30.00,0.00,0,249
282.18,1565326133,0.00,nan,nan,0.00,0.00,0.00,0.00,0,-115.00,-12.00,0.00,0.00,28.00,0.00,0,195
282.18,1565326133,0.00,nan,nan,0.00,0.00,0.00,0.00,0,-115.00,-13.00,0.00,0.00,29.00,0.00,0,231
282.18,1565326133,0.00,nan,nan,0.00,0.00,0.00,0.00,0,-117.00,-15.00,0.00,0.00,29.00,0.00,0,249
282.18,1565326133,0.00,nan,nan,0.00,0.00,0.00,0.00,0,-117.00,-9.00,0.00,0.00,24.00,0.00,0,13
282.18,1565326133,0.00,nan,nan,0.00,0.00,0.00,0.00,0,0.00,0.00,0.00,0.00,63.00,0.00,0,321
282.18,1565326133,0.00,nan,nan,0.00,0.00,0.00,0.00,0,0.00,0.00,0.00,0.00,63.00,0.00,0,20
283.18,1565326134,0.00,nan,nan,0.00,0.00,0.00,0.00,0,-115.00,-12.00,0.00,0.00,28.00,0.00,0,195
283.18,1565326134,0.00,nan,nan,0.00,0.00,0.00,0.00,0,-115.00,-13.00,0.00,0.00,29.00,0.00,0,231
283.18,1565326134,0.00,nan,nan,0.00,0.00,0.00,0.00,0,-117.00,-15.00,0.00,0.00,29.00,0.00,0,249
283.18,1565326134,0.00,nan,nan,0.00,0.00,0.00,0.00,0,-117.00,-9.00,0.00,0.00,24.00,0.00,0,13
283.18,1565326134,0.00,nan,nan,0.00,0.00,0.00,0.00,0,0.00,0.00,0.00,0.00,63.00,0.00,0,321
283.18,1565326134,0.00,nan,nan,0.00,0.00,0.00,0.00,0,0.00,0.00,0.00,0.00,63.00,0.00,0,20
284.18,1565326135,0.00,nan,nan,0.00,0.00,0.00,0.00,0,-116.00,-13.00,0.00,0.00,28.00,0.00,0,231
284.18,1565326135,0.00,nan,nan,0.00,0.00,0.00,0.00,0,-119.00,-15.00,0.00,0.00,27.00,0.00,0,123
284.18,1565326135,0.00,nan,nan,0.00,0.00,0.00,0.00,0,-121.00,-16.00,0.00,0.00,27.00,0.00,0,352
285.17,1565326136,0.00,nan,nan,0.00,0.00,0.00,0.00,0,-116.00,-13.00,0.00,0.00,28.00,0.00,0,231
285.18,1565326136,0.00,nan,nan,0.00,0.00,0.00,0.00,0,-119.00,-15.00,0.00,0.00,27.00,0.00,0,123
285.18,1565326136,0.00,nan,nan,0.00,0.00,0.00,0.00,0,-121.00,-16.00,0.00,0.00,27.00,0.00,0,352
286.17,1565326137,0.00,nan,nan,0.00,0.00,0.00,0.00,0,-115.00,-12.00,0.00,0.00,28.00,0.00,0,231
286.18,1565326137,0.00,nan,nan,0.00,0.00,0.00,0.00,0,-117.00,-13.00,0.00,0.00,28.00,0.00,0,123
286.18,1565326137,0.00,nan,nan,0.00,0.00,0.00,0.00,0,-119.00,-16.00,0.00,0.00,29.00,0.00,0,125
287.17,1565326138,0.00,nan,nan,0.00,0.00,0.00,0.00,0,-115.00,-12.00,0.00,0.00,28.00,0.00,0,231
287.18,1565326138,0.00,nan,nan,0.00,0.00,0.00,0.00,0,-117.00,-13.00,0.00,0.00,28.00,0.00,0,123
287.18,1565326138,0.00,nan,nan,0.00,0.00,0.00,0.00,0,-119.00,-16.00,0.00,0.00,29.00,0.00,0,125
288.17,1565326139,0.00,nan,nan,0.00,0.00,0.00,0.00,0,-115.00,-12.00,0.00,0.00,28.00,0.00,0,231
288.18,1565326139,0.00,nan,nan,0.00,0.00,0.00,0.00,0,-117.00,-13.00,0.00,0.00,28.00,0.00,0,123
288.18,1565326139,0.00,nan,nan,0.00,0.00,0.00,0.00,0,-119.00,-16.00,0.00,0.00,29.00,0.00,0,125
289.17,1565326140,0.00,nan,nan,0.00,0.00,0.00,0.00,0,-115.00,-12.00,0.00,0.00,28.00,0.00,0,231
289.17,1565326140,0.00,nan,nan,0.00,0.00,0.00,0.00,0,-117.00,-13.00,0.00,0.00,28.00,0.00,0,123
289.17,1565326140,0.00,nan,nan,0.00,0.00,0.00,0.00,0,-119.00,-16.00,0.00,0.00,29.00,0.00,0,125
290.17,1565326141,0.00,nan,nan,0.00,0.00,0.00,0.00,0,-114.00,-13.00,0.00,0.00,30.00,0.00,0,195
290.18,1565326141,0.00,nan,nan,0.00,0.00,0.00,0.00,0,-119.00,-16.00,0.00,0.00,28.00,0.00,0,404
290.18,1565326141,0.00,nan,nan,0.00,0.00,0.00,0.00,0,-116.00,-14.00,0.00,0.00,30.00,0.00,0,123
291.17,1565326142,0.00,nan,nan,0.00,0.00,0.00,0.00,0,-114.00,-13.00,0.00,0.00,30.00,0.00,0,195
291.18,1565326142,0.00,nan,nan,0.00,0.00,0.00,0.00,0,-119.00,-16.00,0.00,0.00,28.00,0.00,0,404
291.18,1565326142,0.00,nan,nan,0.00,0.00,0.00,0.00,0,-116.00,-14.00,0.00,0.00,30.00,0.00,0,123
292.17,1565326143,0.00,nan,nan,0.00,0.00,0.00,0.00,0,-115.00,-14.00,0.00,0.00,32.00,0.00,0,123
293.17,1565326144,0.00,nan,nan,0.00,0.00,0.00,0.00,0,-115.00,-14.00,0.00,0.00,32.00,0.00,0,123
294.17,1565326145,0.00,nan,nan,0.00,0.00,0.00,0.00,0,-111.00,-12.00,0.00,0.00,33.00,0.00,0,123
295.17,1565326146,0.00,nan,nan,0.00,0.00,0.00,0.00,0,-111.00,-12.00,0.00,0.00,33.00,0.00,0,123
296.17,1565326147,0.00,nan,nan,0.00,0.00,0.00,0.00,0,-109.00,-10.00,0.00,0.00,34.00,0.00,0,123
297.17,1565326148,0.00,nan,nan,0.00,0.00,0.00,0.00,0,-109.00,-10.00,0.00,0.00,34.00,0.00,0,123
300.18,1565326151,0.00,nan,nan,0.00,0.00,0.00,0.00,0,-99.00,-8.00,0.00,0.00,41.00,0.00,0,231
301.17,1565326152,0.00,nan,nan,0.00,0.00,0.00,0.00,0,-99.00,-8.00,0.00,0.00,41.00,0.00,0,231
302.17,1565326153,0.00,nan,nan,0.00,0.00,0.00,0.00,0,-99.00,-8.00,0.00,0.00,41.00,0.00,0,231
340.17,1565326191,0.00,nan,nan,0.00,0.00,0.00,0.00,0,-82.00,-6.00,0.00,0.00,57.00,0.00,0,233
340.18,1565326191,0.00,nan,nan,0.00,0.00,0.00,0.00,0,0.00,0.00,0.00,0.00,63.00,0.00,0,14
340.18,1565326191,0.00,nan,nan,0.00,0.00,0.00,0.00,0,0.00,0.00,0.00,0.00,63.00,0.00,0,5
340.18,1565326191,0.00,nan,nan,0.00,0.00,0.00,0.00,0,0.00,0.00,0.00,0.00,63.00,0.00,0,20
341.18,1565326192,0.00,nan,nan,0.00,0.00,0.00,0.00,0,-82.00,-6.00,0.00,0.00,57.00,0.00,0,233
341.18,1565326192,0.00,nan,nan,0.00,0.00,0.00,0.00,0,0.00,0.00,0.00,0.00,63.00,0.00,0,14
341.18,1565326192,0.00,nan,nan,0.00,0.00,0.00,0.00,0,0.00,0.00,0.00,0.00,63.00,0.00,0,5
341.18,1565326192,0.00,nan,nan,0.00,0.00,0.00,0.00,0,0.00,0.00,0.00,0.00,63.00,0.00,0,20
359.17,1565326210,0.00,nan,nan,0.00,0.00,0.00,0.00,0,-98.00,-9.00,0.00,0.00,43.00,0.00,0,49
360.17,1565326211,0.00,nan,nan,0.00,0.00,0.00,0.00,0,-98.00,-9.00,0.00,0.00,43.00,0.00,0,49
361.17,1565326212,0.00,nan,nan,0.00,0.00,0.00,0.00,0,-98.00,-9.00,0.00,0.00,43.00,0.00,0,49
362.17,1565326213,0.00,nan,nan,0.00,0.00,0.00,0.00,0,-98.00,-9.00,0.00,0.00,43.00,0.00,0,49
368.17,1565326219,0.00,nan,nan,0.00,0.00,0.00,0.00,0,-105.00,-11.00,0.00,0.00,36.00,0.00,0,26
368.17,1565326219,0.00,nan,nan,0.00,0.00,0.00,0.00,0,-106.00,-9.00,0.00,0.00,35.00,0.00,0,97
369.17,1565326220,0.00,nan,nan,0.00,0.00,0.00,0.00,0,-105.00,-11.00,0.00,0.00,36.00,0.00,0,26
369.18,1565326220,0.00,nan,nan,0.00,0.00,0.00,0.00,0,-106.00,-9.00,0.00,0.00,35.00,0.00,0,97
370.17,1565326221,0.00,nan,nan,0.00,0.00,0.00,0.00,0,-105.00,-9.00,0.00,0.00,37.00,0.00,0,358
370.18,1565326221,0.00,nan,nan,0.00,0.00,0.00,0.00,0,-107.00,-13.00,0.00,0.00,37.00,0.00,0,249
370.18,1565326221,0.00,nan,nan,0.00,0.00,0.00,0.00,0,-108.00,-11.00,0.00,0.00,35.00,0.00,0,49
371.17,1565326222,0.00,nan,nan,0.00,0.00,0.00,0.00,0,-105.00,-9.00,0.00,0.00,37.00,0.00,0,358
371.18,1565326222,0.00,nan,nan,0.00,0.00,0.00,0.00,0,-107.00,-13.00,0.00,0.00,37.00,0.00,0,249
371.18,1565326222,0.00,nan,nan,0.00,0.00,0.00,0.00,0,-108.00,-11.00,0.00,0.00,35.00,0.00,0,49
372.17,1565326223,0.00,nan,nan,0.00,0.00,0.00,0.00,0,-106.00,-12.00,0.00,0.00,38.00,0.00,0,375
372.18,1565326223,0.00,nan,nan,0.00,0.00,0.00,0.00,0,-105.00,-11.00,0.00,0.00,37.00,0.00,0,49
372.18,1565326223,0.00,nan,nan,0.00,0.00,0.00,0.00,0,-107.00,-10.00,0.00,0.00,36.00,0.00,0,97
373.17,1565326224,0.00,nan,nan,0.00,0.00,0.00,0.00,0,-106.00,-12.00,0.00,0.00,38.00,0.00,0,375
373.18,1565326224,0.00,nan,nan,0.00,0.00,0.00,0.00,0,-105.00,-11.00,0.00,0.00,37.00,0.00,0,49
373.18,1565326224,0.00,nan,nan,0.00,0.00,0.00,0.00,0,-107.00,-10.00,0.00,0.00,36.00,0.00,0,97
374.17,1565326225,0.00,nan,nan,0.00,0.00,0.00,0.00,0,-102.00,-10.00,0.00,0.00,39.00,0.00,0,49
374.17,1565326225,0.00,nan,nan,0.00,0.00,0.00,0.00,0,-105.00,-13.00,0.00,0.00,40.00,0.00,0,375
374.18,1565326225,0.00,nan,nan,0.00,0.00,0.00,0.00,0,-105.00,-10.00,0.00,0.00,38.00,0.00,0,97
375.17,1565326226,0.00,nan,nan,0.00,0.00,0.00,0.00,0,-102.00,-10.00,0.00,0.00,39.00,0.00,0,49
375.18,1565326226,0.00,nan,nan,0.00,0.00,0.00,0.00,0,-105.00,-13.00,0.00,0.00,40.00,0.00,0,375
375.18,1565326226,0.00,nan,nan,0.00,0.00,0.00,0.00,0,-105.00,-10.00,0.00,0.00,38.00,0.00,0,97
380.17,1565326231,0.00,nan,nan,0.00,0.00,0.00,0.00,0,-97.00,-8.00,0.00,0.00,43.00,0.00,0,414
380.18,1565326231,0.00,nan,nan,0.00,0.00,0.00,0.00,0,-100.00,-11.00,0.00,0.00,43.00,0.00,0,348
380.18,1565326231,0.00,nan,nan,0.00,0.00,0.00,0.00,0,-101.00,-10.00,0.00,0.00,42.00,0.00,0,375
381.17,1565326232,0.00,nan,nan,0.00,0.00,0.00,0.00,0,-97.00,-8.00,0.00,0.00,43.00,0.00,0,414
381.18,1565326232,0.00,nan,nan,0.00,0.00,0.00,0.00,0,-100.00,-11.00,0.00,0.00,43.00,0.00,0,348
381.18,1565326232,0.00,nan,nan,0.00,0.00,0.00,0.00,0,-101.00,-10.00,0.00,0.00,42.00,0.00,0,375
382.17,1565326233,0.00,nan,nan,0.00,0.00,0.00,0.00,0,-98.00,-9.00,0.00,0.00,43.00,0.00,0,414
382.18,1565326233,0.00,nan,nan,0.00,0.00,0.00,0.00,0,-100.00,-10.00,0.00,0.00,42.00,0.00,0,375
382.18,1565326233,0.00,nan,nan,0.00,0.00,0.00,0.00,0,-99.00,-11.00,0.00,0.00,44.00,0.00,0,348
383.17,1565326234,0.00,nan,nan,0.00,0.00,0.00,0.00,0,-98.00,-9.00,0.00,0.00,43.00,0.00,0,414
383.18,1565326234,0.00,nan,nan,0.00,0.00,0.00,0.00,0,-100.00,-10.00,0.00,0.00,42.00,0.00,0,375
383.18,1565326234,0.00,nan,nan,0.00,0.00,0.00,0.00,0,-99.00,-11.00,0.00,0.00,44.00,0.00,0,348
387.17,1565326238,0.00,nan,nan,0.00,0.00,0.00,0.00,0,-101.00,-13.00,0.00,0.00,44.00,0.00,0,233
387.18,1565326238,0.00,nan,nan,0.00,0.00,0.00,0.00,0,-99.00,-9.00,0.00,0.00,42.00,0.00,0,375
387.18,1565326238,0.00,nan,nan,0.00,0.00,0.00,0.00,0,-101.00,-13.00,0.00,0.00,44.00,0.00,0,414
388.17,1565326239,0.00,nan,nan,0.00,0.00,0.00,0.00,0,-101.00,-13.00,0.00,0.00,44.00,0.00,0,233
388.18,1565326239,0.00,nan,nan,0.00,0.00,0.00,0.00,0,-99.00,-9.00,0.00,0.00,42.00,0.00,0,375
388.18,1565326239,0.00,nan,nan,0.00,0.00,0.00,0.00,0,-101.00,-13.00,0.00,0.00,44.00,0.00,0,414
389.17,1565326240,0.00,nan,nan,0.00,0.00,0.00,0.00,0,-96.00,-8.00,0.00,0.00,44.00,0.00,0,375
389.18,1565326240,0.00,nan,nan,0.00,0.00,0.00,0.00,0,-96.00,-11.00,0.00,0.00,47.00,0.00,0,233
389.18,1565326240,0.00,nan,nan,0.00,0.00,0.00,0.00,0,-99.00,-14.00,0.00,0.00,47.00,0.00,0,414
390.17,1565326241,0.00,nan,nan,0.00,0.00,0.00,0.00,0,-96.00,-8.00,0.00,0.00,44.00,0.00,0,375
390.18,1565326241,0.00,nan,nan,0.00,0.00,0.00,0.00,0,-96.00,-11.00,0.00,0.00,47.00,0.00,0,233
390.18,1565326241,0.00,nan,nan,0.00,0.00,0.00,0.00,0,-99.00,-14.00,0.00,0.00,47.00,0.00,0,414
391.17,1565326242,0.00,nan,nan,0.00,0.00,0.00,0.00,0,-91.00,-9.00,0.00,0.00,50.00,0.00,0,233
391.17,1565326242,0.00,nan,nan,0.00,0.00,0.00,0.00,0,-90.00,-8.00,0.00,0.00,51.00,0.00,0,348
392.17,1565326243,0.00,nan,nan,0.00,0.00,0.00,0.00,0,-91.00,-9.00,0.00,0.00,50.00,0.00,0,233
392.18,1565326243,0.00,nan,nan,0.00,0.00,0.00,0.00,0,-90.00,-8.00,0.00,0.00,51.00,0.00,0,348
395.17,1565326246,0.00,nan,nan,0.00,0.00,0.00,0.00,0,-85.00,-8.00,0.00,0.00,55.00,0.00,0,348
395.17,1565326246,0.00,nan,nan,0.00,0.00,0.00,0.00,0,-87.00,-9.00,0.00,0.00,55.00,0.00,0,233
395.17,1565326246,0.00,nan,nan,0.00,0.00,0.00,0.00,0,-94.00,-15.00,0.00,0.00,55.00,0.00,0,249
396.17,1565326247,0.00,nan,nan,0.00,0.00,0.00,0.00,0,-85.00,-8.00,0.00,0.00,55.00,0.00,0,348
396.17,1565326247,0.00,nan,nan,0.00,0.00,0.00,0.00,0,-87.00,-9.00,0.00,0.00,55.00,0.00,0,233
396.17,1565326247,0.00,nan,nan,0.00,0.00,0.00,0.00,0,-94.00,-15.00,0.00,0.00,55.00,0.00,0,249
405.18,1565326256,0.00,nan,nan,0.00,0.00,0.00,0.00,0,-88.00,-9.00,0.00,0.00,49.00,0.00,0,436
406.17,1565326257,0.00,nan,nan,0.00,0.00,0.00,0.00,0,-88.00,-9.00,0.00,0.00,49.00,0.00,0,436
407.17,1565326258,0.00,nan,nan,0.00,0.00,0.00,0.00,0,-88.00,-9.00,0.00,0.00,49.00,0.00,0,436
414.17,1565326265,0.00,nan,nan,0.00,0.00,0.00,0.00,0,-94.00,-10.00,0.00,0.00,47.00,0.00,0,376
414.18,1565326265,0.00,nan,nan,0.00,0.00,0.00,0.00,0,-99.00,-9.00,0.00,0.00,41.00,0.00,0,233
414.18,1565326265,0.00,nan,nan,0.00,0.00,0.00,0.00,0,-87.00,-9.00,0.00,0.00,50.00,0.00,0,146
415.17,1565326266,0.00,nan,nan,0.00,0.00,0.00,0.00,0,-94.00,-10.00,0.00,0.00,47.00,0.00,0,376
415.18,1565326266,0.00,nan,nan,0.00,0.00,0.00,0.00,0,-99.00,-9.00,0.00,0.00,41.00,0.00,0,233
415.18,1565326266,0.00,nan,nan,0.00,0.00,0.00,0.00,0,-87.00,-9.00,0.00,0.00,50.00,0.00,0,146
433.17,1565326284,0.00,nan,nan,0.00,0.00,0.00,0.00,0,-90.00,-8.00,0.00,0.00,51.00,0.00,0,49
434.17,1565326285,0.00,nan,nan,0.00,0.00,0.00,0.00,0,-90.00,-8.00,0.00,0.00,51.00,0.00,0,49
435.17,1565326286,0.00,nan,nan,0.00,0.00,0.00,0.00,0,-88.00,-6.00,0.00,0.00,51.00,0.00,0,49
436.17,1565326287,0.00,nan,nan,0.00,0.00,0.00,0.00,0,-88.00,-6.00,0.00,0.00,51.00,0.00,0,49
437.17,1565326288,0.00,nan,nan,0.00,0.00,0.00,0.00,0,-84.00,-10.00,0.00,0.00,57.00,0.00,0,286
438.17,1565326289,0.00,nan,nan,0.00,0.00,0.00,0.00,0,-84.00,-10.00,0.00,0.00,57.00,0.00,0,286
439.17,1565326290,0.00,nan,nan,0.00,0.00,0.00,0.00,0,-87.00,-10.00,0.00,0.00,52.00,0.00,0,286
440.17,1565326291,0.00,nan,nan,0.00,0.00,0.00,0.00,0,-87.00,-10.00,0.00,0.00,52.00,0.00,0,286
447.18,1565326298,0.00,nan,nan,0.00,0.00,0.00,0.00,0,-88.00,-12.00,0.00,0.00,53.00,0.00,0,307
448.17,1565326299,0.00,nan,nan,0.00,0.00,0.00,0.00,0,-88.00,-12.00,0.00,0.00,53.00,0.00,0,307
449.17,1565326300,0.00,nan,nan,0.00,0.00,0.00,0.00,0,-88.00,-12.00,0.00,0.00,53.00,0.00,0,307
454.17,1565326305,0.00,nan,nan,0.00,0.00,0.00,0.00,0,-91.00,-7.00,0.00,0.00,48.00,0.00,0,233
455.17,1565326306,0.00,nan,nan,0.00,0.00,0.00,0.00,0,-91.00,-7.00,0.00,0.00,48.00,0.00,0,233
468.18,1565326319,0.00,nan,nan,0.00,0.00,0.00,0.00,0,-79.00,-12.00,0.00,0.00,63.00,0.00,0,48
468.18,1565326319,0.00,nan,nan,0.00,0.00,0.00,0.00,0,-71.00,-11.00,0.00,0.00,63.00,0.00,0,307
469.17,1565326320,0.00,nan,nan,0.00,0.00,0.00,0.00,0,-79.00,-12.00,0.00,0.00,63.00,0.00,0,48
469.17,1565326320,0.00,nan,nan,0.00,0.00,0.00,0.00,0,-71.00,-11.00,0.00,0.00,63.00,0.00,0,307
470.17,1565326321,0.00,nan,nan,0.00,0.00,0.00,0.00,0,-79.00,-12.00,0.00,0.00,63.00,0.00,0,48
470.18,1565326321,0.00,nan,nan,0.00,0.00,0.00,0.00,0,-71.00,-11.00,0.00,0.00,63.00,0.00,0,307
471.17,1565326322,0.00,nan,nan,0.00,0.00,0.00,0.00,0,-70.00,-11.00,0.00,0.00,63.00,0.00,0,307
472.17,1565326323,0.00,nan,nan,0.00,0.00,0.00,0.00,0,-70.00,-11.00,0.00,0.00,63.00,0.00,0,307
473.17,1565326324,0.00,nan,nan,0.00,0.00,0.00,0.00,0,-75.00,-10.00,0.00,0.00,63.00,0.00,0,307
474.17,1565326325,0.00,nan,nan,0.00,0.00,0.00,0.00,0,-75.00,-10.00,0.00,0.00,63.00,0.00,0,307
475.17,1565326326,0.00,nan,nan,0.00,0.00,0.00,0.00,0,-83.00,-8.00,0.00,0.00,57.00,0.00,0,48
475.17,1565326326,0.00,nan,nan,0.00,0.00,0.00,0.00,0,-71.00,-7.00,0.00,0.00,63.00,0.00,0,307
476.17,1565326327,0.00,nan,nan,0.00,0.00,0.00,0.00,0,-83.00,-8.00,0.00,0.00,57.00,0.00,0,48
476.17,1565326327,0.00,nan,nan,0.00,0.00,0.00,0.00,0,-71.00,-7.00,0.00,0.00,63.00,0.00,0,307
477.17,1565326328,0.00,nan,nan,0.00,0.00,0.00,0.00,0,-88.00,-10.00,0.00,0.00,53.00,0.00,0,49
477.17,1565326328,0.00,nan,nan,0.00,0.00,0.00,0.00,0,-67.00,-9.00,0.00,0.00,63.00,0.00,0,308
478.17,1565326329,0.00,nan,nan,0.00,0.00,0.00,0.00,0,-88.00,-10.00,0.00,0.00,53.00,0.00,0,49
478.17,1565326329,0.00,nan,nan,0.00,0.00,0.00,0.00,0,-67.00,-9.00,0.00,0.00,63.00,0.00,0,308
479.17,1565326330,0.00,nan,nan,0.00,0.00,0.00,0.00,0,-82.00,-12.00,0.00,0.00,59.00,0.00,0,308
480.17,1565326331,0.00,nan,nan,0.00,0.00,0.00,0.00,0,-82.00,-12.00,0.00,0.00,59.00,0.00,0,308
489.18,1565326340,0.00,nan,nan,0.00,0.00,0.00,0.00,0,-88.00,-5.00,0.00,0.00,49.00,0.00,0,357
490.17,1565326341,0.00,nan,nan,0.00,0.00,0.00,0.00,0,-88.00,-5.00,0.00,0.00,49.00,0.00,0,357
491.17,1565326342,0.00,nan,nan,0.00,0.00,0.00,0.00,0,-88.00,-5.00,0.00,0.00,49.00,0.00,0,357
492.17,1565326343,0.00,nan,nan,0.00,0.00,0.00,0.00,0,-95.00,-6.00,0.00,0.00,45.00,0.00,0,357
493.17,1565326344,0.00,nan,nan,0.00,0.00,0.00,0.00,0,-95.00,-6.00,0.00,0.00,45.00,0.00,0,357
500.17,1565326351,0.00,nan,nan,0.00,0.00,0.00,0.00,0,-88.00,-6.00,0.00,0.00,49.00,0.00,0,357
501.17,1565326352,0.00,nan,nan,0.00,0.00,0.00,0.00,0,-88.00,-6.00,0.00,0.00,49.00,0.00,0,357
502.17,1565326353,0.00,nan,nan,0.00,0.00,0.00,0.00,0,-89.00,-6.00,0.00,0.00,47.00,0.00,0,453
503.17,1565326354,0.00,nan,nan,0.00,0.00,0.00,0.00,0,-89.00,-6.00,0.00,0.00,47.00,0.00,0,453
506.17,1565326357,0.00,nan,nan,0.00,0.00,0.00,0.00,0,-95.00,-10.00,0.00,0.00,46.00,0.00,0,453
507.17,1565326358,0.00,nan,nan,0.00,0.00,0.00,0.00,0,-95.00,-10.00,0.00,0.00,46.00,0.00,0,453
508.17,1565326359,0.00,nan,nan,0.00,0.00,0.00,0.00,0,-95.00,-9.00,0.00,0.00,47.00,0.00,0,453
509.17,1565326360,0.00,nan,nan,0.00,0.00,0.00,0.00,0,-95.00,-9.00,0.00,0.00,47.00,0.00,0,453
567.17,1565326418,0.00,nan,nan,0.00,0.00,0.00,0.00,0,-99.00,-9.00,0.00,0.00,42.00,0.00,0,357
568.17,1565326419,0.00,nan,nan,0.00,0.00,0.00,0.00,0,-99.00,-9.00,0.00,0.00,42.00,0.00,0,357
569.17,1565326420,0.00,nan,nan,0.00,0.00,0.00,0.00,0,-100.00,-9.00,0.00,0.00,41.00,0.00,0,357
570.17,1565326421,0.00,nan,nan,0.00,0.00,0.00,0.00,0,-100.00,-9.00,0.00,0.00,41.00,0.00,0,357
571.17,1565326422,0.00,nan,nan,0.00,0.00,0.00,0.00,0,-100.00,-9.00,0.00,0.00,41.00,0.00,0,357
572.17,1565326423,0.00,nan,nan,0.00,0.00,0.00,0.00,0,-100.00,-9.00,0.00,0.00,41.00,0.00,0,357
573.18,1565326424,0.00,nan,nan,0.00,0.00,0.00,0.00,0,-99.00,-8.00,0.00,0.00,41.00,0.00,0,357
573.18,1565326424,0.00,nan,nan,0.00,0.00,0.00,0.00,0,-105.00,-14.00,0.00,0.00,40.00,0.00,0,398
574.17,1565326425,0.00,nan,nan,0.00,0.00,0.00,0.00,0,-99.00,-8.00,0.00,0.00,41.00,0.00,0,357
574.17,1565326425,0.00,nan,nan,0.00,0.00,0.00,0.00,0,-105.00,-14.00,0.00,0.00,40.00,0.00,0,398
575.17,1565326426,0.00,nan,nan,0.00,0.00,0.00,0.00,0,-99.00,-8.00,0.00,0.00,41.00,0.00,0,357
575.17,1565326426,0.00,nan,nan,0.00,0.00,0.00,0.00,0,-105.00,-14.00,0.00,0.00,40.00,0.00,0,398
580.17,1565326431,0.00,nan,nan,0.00,0.00,0.00,0.00,0,-106.00,-10.00,0.00,0.00,35.00,0.00,0,48
580.17,1565326431,0.00,nan,nan,0.00,0.00,0.00,0.00,0,-108.00,-12.00,0.00,0.00,36.00,0.00,0,398
580.18,1565326431,0.00,nan,nan,0.00,0.00,0.00,0.00,0,-109.00,-14.00,0.00,0.00,37.00,0.00,0,167
581.17,1565326432,0.00,nan,nan,0.00,0.00,0.00,0.00,0,-106.00,-10.00,0.00,0.00,35.00,0.00,0,48
581.17,1565326432,0.00,nan,nan,0.00,0.00,0.00,0.00,0,-108.00,-12.00,0.00,0.00,36.00,0.00,0,398
581.18,1565326432,0.00,nan,nan,0.00,0.00,0.00,0.00,0,-109.00,-14.00,0.00,0.00,37.00,0.00,0,167
582.17,1565326433,0.00,nan,nan,0.00,0.00,0.00,0.00,0,-107.00,-11.00,0.00,0.00,35.00,0.00,0,398
582.17,1565326433,0.00,nan,nan,0.00,0.00,0.00,0.00,0,-108.00,-11.00,0.00,0.00,35.00,0.00,0,48
582.17,1565326433,0.00,nan,nan,0.00,0.00,0.00,0.00,0,-109.00,-13.00,0.00,0.00,36.00,0.00,0,167
583.17,1565326434,0.00,nan,nan,0.00,0.00,0.00,0.00,0,-107.00,-11.00,0.00,0.00,35.00,0.00,0,398
583.17,1565326434,0.00,nan,nan,0.00,0.00,0.00,0.00,0,-108.00,-11.00,0.00,0.00,35.00,0.00,0,48
583.17,1565326434,0.00,nan,nan,0.00,0.00,0.00,0.00,0,-109.00,-13.00,0.00,0.00,36.00,0.00,0,167
584.17,1565326435,0.00,nan,nan,0.00,0.00,0.00,0.00,0,-106.00,-11.00,0.00,0.00,36.00,0.00,0,398
584.17,1565326435,0.00,nan,nan,0.00,0.00,0.00,0.00,0,-108.00,-11.00,0.00,0.00,34.00,0.00,0,48
584.17,1565326435,0.00,nan,nan,0.00,0.00,0.00,0.00,0,-109.00,-12.00,0.00,0.00,35.00,0.00,0,167
585.17,1565326436,0.00,nan,nan,0.00,0.00,0.00,0.00,0,-106.00,-11.00,0.00,0.00,36.00,0.00,0,398
585.17,1565326436,0.00,nan,nan,0.00,0.00,0.00,0.00,0,-108.00,-11.00,0.00,0.00,34.00,0.00,0,48
585.17,1565326436,0.00,nan,nan,0.00,0.00,0.00,0.00,0,-109.00,-12.00,0.00,0.00,35.00,0.00,0,167
586.17,1565326437,0.00,nan,nan,0.00,0.00,0.00,0.00,0,-106.00,-11.00,0.00,0.00,36.00,0.00,0,398
586.17,1565326437,0.00,nan,nan,0.00,0.00,0.00,0.00,0,-108.00,-12.00,0.00,0.00,35.00,0.00,0,167
586.18,1565326437,0.00,nan,nan,0.00,0.00,0.00,0.00,0,-108.00,-11.00,0.00,0.00,34.00,0.00,0,48
587.17,1565326438,0.00,nan,nan,0.00,0.00,0.00,0.00,0,-106.00,-11.00,0.00,0.00,36.00,0.00,0,398
587.17,1565326438,0.00,nan,nan,0.00,0.00,0.00,0.00,0,-108.00,-12.00,0.00,0.00,35.00,0.00,0,167
587.17,1565326438,0.00,nan,nan,0.00,0.00,0.00,0.00,0,-108.00,-11.00,0.00,0.00,34.00,0.00,0,48
588.17,1565326439,0.00,nan,nan,0.00,0.00,0.00,0.00,0,-106.00,-11.00,0.00,0.00,36.00,0.00,0,167
588.17,1565326439,0.00,nan,nan,0.00,0.00,0.00,0.00,0,-107.00,-10.00,0.00,0.00,35.00,0.00,0,48
589.17,1565326440,0.00,nan,nan,0.00,0.00,0.00,0.00,0,-106.00,-11.00,0.00,0.00,36.00,0.00,0,167
589.17,1565326440,0.00,nan,nan,0.00,0.00,0.00,0.00,0,-107.00,-10.00,0.00,0.00,35.00,0.00,0,48
590.17,1565326441,0.00,nan,nan,0.00,0.00,0.00,0.00,0,-104.00,-9.00,0.00,0.00,37.00,0.00,0,167
590.17,1565326441,0.00,nan,nan,0.00,0.00,0.00,0.00,0,-106.00,-9.00,0.00,0.00,35.00,0.00,0,48
591.17,1565326442,0.00,nan,nan,0.00,0.00,0.00,0.00,0,-104.00,-9.00,0.00,0.00,37.00,0.00,0,167
591.17,1565326442,0.00,nan,nan,0.00,0.00,0.00,0.00,0,-106.00,-9.00,0.00,0.00,35.00,0.00,0,48
592.17,1565326443,0.00,nan,nan,0.00,0.00,0.00,0.00,0,-104.00,-9.00,0.00,0.00,37.00,0.00,0,167
592.17,1565326443,0.00,nan,nan,0.00,0.00,0.00,0.00,0,-107.00,-11.00,0.00,0.00,36.00,0.00,0,48
592.17,1565326443,0.00,nan,nan,0.00,0.00,0.00,0.00,0,-111.00,-16.00,0.00,0.00,36.00,0.00,0,188
593.17,1565326444,0.00,nan,nan,0.00,0.00,0.00,0.00,0,-104.00,-9.00,0.00,0.00,37.00,0.00,0,167
593.17,1565326444,0.00,nan,nan,0.00,0.00,0.00,0.00,0,-107.00,-11.00,0.00,0.00,36.00,0.00,0,48
593.18,1565326444,0.00,nan,nan,0.00,0.00,0.00,0.00,0,-111.00,-16.00,0.00,0.00,36.00,0.00,0,188
594.18,1565326445,0.00,nan,nan,0.00,0.00,0.00,0.00,0,-107.00,-13.00,0.00,0.00,38.00,0.00,0,359
594.18,1565326445,0.00,nan,nan,0.00,0.00,0.00,0.00,0,-107.00,-10.00,0.00,0.00,35.00,0.00,0,384
595.17,1565326446,0.00,nan,nan,0.00,0.00,0.00,0.00,0,-107.00,-13.00,0.00,0.00,38.00,0.00,0,359
595.17,1565326446,0.00,nan,nan,0.00,0.00,0.00,0.00,0,-107.00,-10.00,0.00,0.00,35.00,0.00,0,384
596.17,1565326447,0.00,nan,nan,0.00,0.00,0.00,0.00,0,-107.00,-13.00,0.00,0.00,38.00,0.00,0,359
596.17,1565326447,0.00,nan,nan,0.00,0.00,0.00,0.00,0,-107.00,-10.00,0.00,0.00,35.00,0.00,0,384
597.17,1565326448,0.00,nan,nan,0.00,0.00,0.00,0.00,0,-108.00,-12.00,0.00,0.00,37.00,0.00,0,188
598.17,1565326449,0.00,nan,nan,0.00,0.00,0.00,0.00,0,-108.00,-12.00,0.00,0.00,37.00,0.00,0,188
601.17,1565326452,0.00,nan,nan,0.00,0.00,0.00,0.00,0,-98.00,-8.00,0.00,0.00,42.00,0.00,0,357
601.17,1565326452,0.00,nan,nan,0.00,0.00,0.00,0.00,0,-101.00,-12.00,0.00,0.00,43.00,0.00,0,166
601.17,1565326452,0.00,nan,nan,0.00,0.00,0.00,0.00,0,-102.00,-11.00,0.00,0.00,41.00,0.00,0,95
602.17,1565326453,0.00,nan,nan,0.00,0.00,0.00,0.00,0,-98.00,-8.00,0.00,0.00,42.00,0.00,0,357
602.17,1565326453,0.00,nan,nan,0.00,0.00,0.00,0.00,0,-101.00,-12.00,0.00,0.00,43.00,0.00,0,166
602.17,1565326453,0.00,nan,nan,0.00,0.00,0.00,0.00,0,-102.00,-11.00,0.00,0.00,41.00,0.00,0,95
603.17,1565326454,0.00,nan,nan,0.00,0.00,0.00,0.00,0,-98.00,-9.00,0.00,0.00,42.00,0.00,0,357
603.17,1565326454,0.00,nan,nan,0.00,0.00,0.00,0.00,0,-101.00,-13.00,0.00,0.00,44.00,0.00,0,166
603.18,1565326454,0.00,nan,nan,0.00,0.00,0.00,0.00,0,-102.00,-12.00,0.00,0.00,42.00,0.00,0,95
604.17,1565326455,0.00,nan,nan,0.00,0.00,0.00,0.00,0,-98.00,-9.00,0.00,0.00,42.00,0.00,0,357
604.17,1565326455,0.00,nan,nan,0.00,0.00,0.00,0.00,0,-101.00,-13.00,0.00,0.00,44.00,0.00,0,166
604.18,1565326455,0.00,nan,nan,0.00,0.00,0.00,0.00,0,-102.00,-12.00,0.00,0.00,42.00,0.00,0,95
605.17,1565326456,0.00,nan,nan,0.00,0.00,0.00,0.00,0,-98.00,-11.00,0.00,0.00,45.00,0.00,0,166
605.17,1565326456,0.00,nan,nan,0.00,0.00,0.00,0.00,0,-101.00,-12.00,0.00,0.00,44.00,0.00,0,95
605.18,1565326456,0.00,nan,nan,0.00,0.00,0.00,0.00,0,-100.00,-12.00,0.00,0.00,44.00,0.00,0,357
606.17,1565326457,0.00,nan,nan,0.00,0.00,0.00,0.00,0,-98.00,-11.00,0.00,0.00,45.00,0.00,0,166
606.17,1565326457,0.00,nan,nan,0.00,0.00,0.00,0.00,0,-101.00,-12.00,0.00,0.00,44.00,0.00,0,95
606.17,1565326457,0.00,nan,nan,0.00,0.00,0.00,0.00,0,-100.00,-12.00,0.00,0.00,44.00,0.00,0,357
607.17,1565326458,0.00,nan,nan,0.00,0.00,0.00,0.00,0,-97.00,-10.00,0.00,0.00,45.00,0.00,0,95
607.17,1565326458,0.00,nan,nan,0.00,0.00,0.00,0.00,0,-97.00,-11.00,0.00,0.00,45.00,0.00,0,166
608.17,1565326459,0.00,nan,nan,0.00,0.00,0.00,0.00,0,-97.00,-10.00,0.00,0.00,45.00,0.00,0,95
608.17,1565326459,0.00,nan,nan,0.00,0.00,0.00,0.00,0,-97.00,-11.00,0.00,0.00,45.00,0.00,0,166
609.17,1565326460,0.00,nan,nan,0.00,0.00,0.00,0.00,0,-97.00,-10.00,0.00,0.00,45.00,0.00,0,166
609.17,1565326460,0.00,nan,nan,0.00,0.00,0.00,0.00,0,-99.00,-12.00,0.00,0.00,45.00,0.00,0,167
610.17,1565326461,0.00,nan,nan,0.00,0.00,0.00,0.00,0,-97.00,-10.00,0.00,0.00,45.00,0.00,0,166
610.17,1565326461,0.00,nan,nan,0.00,0.00,0.00,0.00,0,-99.00,-12.00,0.00,0.00,45.00,0.00,0,167
615.18,1565326466,0.00,nan,nan,0.00,0.00,0.00,0.00,0,-94.00,-10.00,0.00,0.00,47.00,0.00,0,166
616.18,1565326467,0.00,nan,nan,0.00,0.00,0.00,0.00,0,-94.00,-10.00,0.00,0.00,47.00,0.00,0,166
617.17,1565326468,0.00,nan,nan,0.00,0.00,0.00,0.00,0,-94.00,-10.00,0.00,0.00,47.00,0.00,0,166
620.17,1565326471,0.00,nan,nan,0.00,0.00,0.00,0.00,0,-97.00,-7.00,0.00,0.00,41.00,0.00,0,359
621.17,1565326472,0.00,nan,nan,0.00,0.00,0.00,0.00,0,-97.00,-7.00,0.00,0.00,41.00,0.00,0,359
636.18,1565326487,0.00,nan,nan,0.00,0.00,0.00,0.00,0,-91.00,-7.00,0.00,0.00,48.00,0.00,0,167
636.18,1565326487,0.00,nan,nan,0.00,0.00,0.00,0.00,0,-93.00,-8.00,0.00,0.00,43.00,0.00,0,243
637.17,1565326488,0.00,nan,nan,0.00,0.00,0.00,0.00,0,-91.00,-7.00,0.00,0.00,48.00,0.00,0,167
637.17,1565326488,0.00,nan,nan,0.00,0.00,0.00,0.00,0,-93.00,-8.00,0.00,0.00,43.00,0.00,0,243
638.17,1565326489,0.00,nan,nan,0.00,0.00,0.00,0.00,0,-91.00,-7.00,0.00,0.00,48.00,0.00,0,167
638.17,1565326489,0.00,nan,nan,0.00,0.00,0.00,0.00,0,-93.00,-8.00,0.00,0.00,43.00,0.00,0,243
639.17,1565326490,0.00,nan,nan,0.00,0.00,0.00,0.00,0,-95.00,-9.00,0.00,0.00,46.00,0.00,0,167
639.17,1565326490,0.00,nan,nan,0.00,0.00,0.00,0.00,0,-93.00,-6.00,0.00,0.00,44.00,0.00,0,95
640.17,1565326491,0.00,nan,nan,0.00,0.00,0.00,0.00,0,-95.00,-9.00,0.00,0.00,46.00,0.00,0,167
640.17,1565326491,0.00,nan,nan,0.00,0.00,0.00,0.00,0,-93.00,-6.00,0.00,0.00,44.00,0.00,0,95
641.17,1565326492,0.00,nan,nan,0.00,0.00,0.00,0.00,0,-93.00,-8.00,0.00,0.00,46.00,0.00,0,167
642.17,1565326493,0.00,nan,nan,0.00,0.00,0.00,0.00,0,-93.00,-8.00,0.00,0.00,46.00,0.00,0,167
643.17,1565326494,0.00,nan,nan,0.00,0.00,0.00,0.00,0,-92.00,-8.00,0.00,0.00,48.00,0.00,0,167
644.17,1565326495,0.00,nan,nan,0.00,0.00,0.00,0.00,0,-92.00,-8.00,0.00,0.00,48.00,0.00,0,167
645.17,1565326496,0.00,nan,nan,0.00,0.00,0.00,0.00,0,-94.00,-9.00,0.00,0.00,48.00,0.00,0,167
646.17,1565326497,0.00,nan,nan,0.00,0.00,0.00,0.00,0,-94.00,-9.00,0.00,0.00,48.00,0.00,0,167
651.17,1565326502,0.00,nan,nan,0.00,0.00,0.00,0.00,0,-100.00,-10.00,0.00,0.00,42.00,0.00,0,95
652.17,1565326503,0.00,nan,nan,0.00,0.00,0.00,0.00,0,-100.00,-10.00,0.00,0.00,42.00,0.00,0,95
653.17,1565326504,0.00,nan,nan,0.00,0.00,0.00,0.00,0,-95.00,-7.00,0.00,0.00,44.00,0.00,0,95
654.17,1565326505,0.00,nan,nan,0.00,0.00,0.00,0.00,0,-95.00,-7.00,0.00,0.00,44.00,0.00,0,95
657.18,1565326508,0.00,nan,nan,0.00,0.00,0.00,0.00,0,-91.00,-10.00,0.00,0.00,51.00,0.00,0,166
