0.00,1565238451,0.00,51.45004883,7.48825405,246.98,11.73,0.00,166.44,1,-107.00,-10.00,5.00,9.00,28.00,13.00,12918809,222
1.03,1565238452,12.09,51.44993945,7.48829540,247.39,12.12,0.37,167.40,1,-107.00,-10.00,-1.00,8.00,28.00,13.00,12918809,222
2.03,1565238453,24.17,51.44982492,7.48833831,247.42,12.26,0.15,168.30,1,-107.00,-10.00,-1.00,8.00,28.00,13.00,12918809,222
3.03,1565238454,36.44,51.44970670,7.48837445,247.83,13.35,1.08,169.99,1,-107.00,-9.00,6.00,10.00,28.00,13.00,12918809,222
4.03,1565238455,49.80,51.44957897,7.48840037,248.43,13.92,0.57,171.72,1,-107.00,-9.00,6.00,10.00,28.00,13.00,12918809,222
5.03,1565238456,63.70,51.44944253,7.48842365,248.87,14.91,0.99,173.96,1,-102.00,-8.00,11.00,8.00,31.00,13.00,12918809,222
6.03,1565238457,78.60,51.44930553,7.48843073,249.40,15.45,0.54,177.20,1,-102.00,-8.00,11.00,8.00,31.00,13.00,12918809,222
7.03,1565238458,94.06,51.44917668,7.48842788,249.98,14.84,-0.62,179.56,1,-96.00,-5.00,11.00,12.00,34.00,13.00,12918809,222
8.03,1565238459,108.89,51.44904412,7.48841594,250.47,14.51,-0.32,181.78,1,-96.00,-5.00,11.00,12.00,34.00,13.00,12918809,222
9.03,1565238460,123.41,51.44891333,7.48839598,250.78,14.91,0.40,184.42,1,-98.00,-5.00,11.00,13.00,34.00,13.00,12918809,222
10.03,1565238461,138.32,51.44878222,7.48835682,251.28,15.05,0.14,188.15,1,-98.00,-5.00,11.00,13.00,34.00,13.00,12918809,222
11.04,1565238462,153.55,51.44863893,7.48830636,251.67,15.08,0.03,189.83,1,-101.00,-5.00,16.00,2.00,30.00,13.00,12918809,222
12.03,1565238463,168.48,51.44849946,7.48824435,251.58,15.26,0.19,192.39,1,-101.00,-5.00,16.00,2.00,30.00,13.00,12918809,222
13.03,1565238464,183.74,51.44836741,7.48817868,251.11,15.89,0.63,193.74,1,-101.00,-5.00,16.00,2.00,30.00,13.00,12918809,222
14.03,1565238465,199.63,51.44823066,7.48811722,251.04,15.95,0.06,194.26,1,-100.00,-6.00,15.00,2.00,31.00,13.00,12918809,222
15.03,1565238466,215.59,51.44810270,7.48805433,251.37,15.32,-0.64,193.74,1,-100.00,-6.00,15.00,2.00,31.00,13.00,12918809,222
16.03,1565238467,230.92,51.44796305,7.48798945,251.71,14.99,-0.33,193.12,1,-101.00,-6.00,12.00,2.00,31.00,13.00,12918809,222
17.03,1565238468,245.89,51.44782780,7.48793302,251.83,15.18,0.19,192.75,1,-101.00,-6.00,12.00,2.00,31.00,13.00,12918809,222
18.03,1565238469,261.07,51.44770229,7.48788960,252.26,13.93,-1.24,191.38,1,-101.00,-6.00,14.00,2.00,31.00,9.00,12918809,222
19.03,1565238470,274.99,51.44757168,7.48785538,252.30,14.09,0.16,190.32,1,-101.00,-6.00,14.00,2.00,31.00,9.00,12918809,222
20.03,1565238471,289.06,51.44742366,7.48783249,252.45,15.23,1.14,186.27,1,-98.00,-6.00,30.00,14.00,34.00,9.00,12918809,222
21.03,1565238472,304.30,51.44728861,7.48782518,252.46,14.74,-0.48,183.78,1,-98.00,-6.00,30.00,14.00,34.00,9.00,12918809,222
22.03,1565238473,319.03,51.44715575,7.48783437,252.91,14.86,0.12,180.44,1,-98.00,-6.00,7.00,11.00,33.00,9.00,12918809,222
23.03,1565238474,333.88,51.44702119,7.48785834,253.60,15.18,0.33,176.70,1,-98.00,-6.00,7.00,11.00,33.00,9.00,12918809,222
24.03,1565238475,349.07,51.44688375,7.48792928,254.74,15.14,-0.04,163.93,1,-101.00,-6.00,10.00,11.00,31.00,9.00,12918809,222
25.03,1565238476,364.21,51.44674967,7.48800298,255.90,15.32,0.18,163.28,1,-101.00,-6.00,10.00,11.00,31.00,9.00,12918809,222
26.03,1565238477,379.53,51.44662080,7.48807629,256.67,15.06,-0.26,162.30,1,-96.00,-6.00,14.00,11.00,35.00,9.00,12918809,222
27.03,1565238478,394.59,51.44649469,7.48815782,257.21,15.37,0.31,160.49,1,-96.00,-6.00,14.00,11.00,35.00,9.00,12918809,222
28.03,1565238479,409.96,51.44637007,7.48824925,257.69,15.50,0.13,158.58,1,-90.00,-5.00,36.00,9.00,39.00,9.00,12918809,222
29.03,1565238480,425.47,51.44624667,7.48835322,258.52,15.44,-0.05,155.54,1,-90.00,-5.00,36.00,9.00,39.00,9.00,12918809,222
30.03,1565238481,440.90,51.44612564,7.48846805,259.71,15.28,-0.17,152.27,1,-96.00,-5.00,27.00,14.00,35.00,9.00,12918809,222
31.03,1565238482,456.17,51.44601127,7.48858715,260.85,14.96,-0.32,149.81,1,-96.00,-5.00,27.00,14.00,35.00,9.00,12918809,222
32.04,1565238483,471.27,51.44591020,7.48875608,261.88,15.40,0.44,135.35,1,-97.00,-5.00,31.00,10.00,32.00,9.00,12918809,222
33.03,1565238484,486.53,51.44581215,7.48892859,262.71,15.29,-0.11,134.55,1,-97.00,-5.00,31.00,10.00,32.00,9.00,12918809,222
34.03,1565238485,501.82,51.44571698,7.48911158,263.52,15.22,-0.07,133.63,1,-97.00,-5.00,31.00,10.00,32.00,9.00,12918809,222
35.03,1565238486,517.06,51.44561782,7.48931413,264.56,14.94,-0.29,131.84,1,-98.00,-5.00,27.00,12.00,31.00,9.00,12918809,222
36.03,1565238487,531.98,51.44552776,7.48950476,265.81,14.82,-0.12,130.68,1,-98.00,-5.00,27.00,12.00,31.00,9.00,12918809,222
37.03,1565238488,546.81,51.44544917,7.48967660,267.36,14.88,0.06,129.47,1,-99.00,-6.00,24.00,10.00,33.00,9.00,12918809,222
38.03,1565238489,561.68,51.44536919,7.48986011,268.62,14.83,-0.05,128.26,1,-99.00,-6.00,24.00,10.00,33.00,9.00,12918809,222
39.03,1565238490,576.57,51.44529229,7.49003535,269.80,14.65,-0.17,127.28,1,-102.00,-7.00,22.00,7.00,30.00,9.00,12918809,222
40.03,1565238491,591.16,51.44521428,7.49021779,271.00,14.74,0.09,126.51,1,-102.00,-7.00,22.00,7.00,30.00,9.00,12918809,222
41.04,1565238492,606.07,51.44514117,7.49039078,271.85,14.55,-0.19,127.12,1,-102.00,-7.00,21.00,10.00,31.00,9.00,12918809,222
42.03,1565238493,620.49,51.44506456,7.49056076,272.91,14.34,-0.21,127.65,1,-102.00,-7.00,21.00,10.00,31.00,9.00,12918809,222
43.03,1565238494,634.79,51.44499571,7.49071984,273.57,13.65,-0.69,128.30,1,-102.00,-7.00,12.00,7.00,30.00,9.00,12918809,222
44.03,1565238495,648.44,51.44492566,7.49087861,274.15,12.69,-0.96,127.92,1,-102.00,-7.00,12.00,7.00,30.00,9.00,12918809,222
45.03,1565238496,661.13,51.44486568,7.49101494,274.61,11.76,-0.93,127.96,1,-104.00,-7.00,19.00,10.00,29.00,9.00,12918809,222
46.03,1565238497,672.89,51.44481052,7.49114156,275.12,11.08,-0.68,127.08,1,-104.00,-7.00,19.00,10.00,29.00,9.00,12918809,222
47.03,1565238498,683.98,51.44475325,7.49126294,275.71,9.73,-1.34,126.69,1,-106.00,-8.00,6.00,12.00,27.00,9.00,12918809,222
48.03,1565238499,693.70,51.44470502,7.49137422,276.18,8.35,-1.38,127.06,1,-106.00,-8.00,6.00,12.00,27.00,9.00,12918809,222
49.03,1565238500,702.06,51.44466632,7.49146121,276.67,6.66,-1.69,126.67,1,-105.00,-8.00,16.00,11.00,28.00,9.00,12918809,222
50.03,1565238501,708.72,51.44464133,7.49151977,277.06,4.36,-2.30,127.25,1,-105.00,-8.00,16.00,11.00,28.00,9.00,12918809,222
51.03,1565238502,713.08,51.44462402,7.49156543,277.09,2.67,-1.69,126.76,1,-103.00,-8.00,22.00,4.00,30.00,9.00,12918809,222
52.03,1565238503,715.76,51.44461673,7.49158440,277.12,0.81,-1.86,126.76,1,-103.00,-8.00,22.00,4.00,30.00,9.00,12918809,222
53.04,1565238504,716.57,51.44461673,7.49158440,277.12,0.00,-0.80,126.76,1,-105.00,-8.00,19.00,8.00,30.00,9.00,12918809,222
54.03,1565238505,716.57,51.44461673,7.49158440,277.12,0.00,0.00,126.76,1,-105.00,-8.00,19.00,8.00,30.00,9.00,12918809,222
55.03,1565238506,716.57,51.44461673,7.49158440,277.12,0.00,0.00,126.76,1,-105.00,-8.00,19.00,8.00,30.00,9.00,12918809,222
56.03,1565238507,716.57,51.44461673,7.49158440,277.12,0.00,0.00,126.76,1,-104.00,-7.00,19.00,8.00,29.00,9.00,12918809,222
57.03,1565238508,716.57,51.44461673,7.49158440,277.12,0.00,0.00,126.76,1,-104.00,-7.00,19.00,8.00,29.00,9.00,12918809,222
58.03,1565238509,716.57,51.44461673,7.49158440,277.11,0.00,0.00,126.76,1,-105.00,-8.00,17.00,8.00,29.00,9.00,12918809,222
59.03,1565238510,716.57,51.44461673,7.49158440,277.11,0.00,0.00,126.76,1,-105.00,-8.00,17.00,8.00,29.00,9.00,12918809,222
60.03,1565238511,716.57,51.44461673,7.49158440,277.11,0.00,0.00,126.76,1,-104.00,-7.00,21.00,12.00,29.00,9.00,12918809,222
61.03,1565238512,716.57,51.44461673,7.49158440,277.11,0.00,0.00,126.76,1,-104.00,-7.00,21.00,12.00,29.00,9.00,12918809,222
62.03,1565238513,716.57,51.44461673,7.49158440,277.11,0.00,0.00,126.76,1,-104.00,-7.00,19.00,8.00,29.00,9.00,12918809,222
63.03,1565238514,716.57,51.44461673,7.49158440,277.11,0.00,0.00,126.76,1,-104.00,-7.00,19.00,8.00,29.00,9.00,12918809,222
64.03,1565238515,716.57,51.44461673,7.49158440,277.11,0.00,0.00,126.76,1,-103.00,-6.00,4.00,2.00,33.00,9.00,12918809,222
65.03,1565238516,716.57,51.44461673,7.49158440,277.12,0.00,0.00,126.76,1,-103.00,-6.00,4.00,2.00,33.00,9.00,12918809,222
66.03,1565238517,716.57,51.44461673,7.49158440,277.12,0.00,0.00,126.76,1,-103.00,-7.00,8.00,2.00,30.00,9.00,12918809,222
67.03,1565238518,716.57,51.44461673,7.49158440,277.12,0.00,0.00,126.76,1,-103.00,-7.00,8.00,2.00,30.00,9.00,12918809,222
68.03,1565238519,716.57,51.44461673,7.49158440,277.12,0.00,0.00,126.76,1,-103.00,-7.00,10.00,2.00,30.00,9.00,12918809,222
69.03,1565238520,716.57,51.44461673,7.49158440,277.12,0.00,0.00,126.76,1,-103.00,-7.00,10.00,2.00,30.00,9.00,12918809,222
70.03,1565238521,716.57,51.44461673,7.49158440,277.13,0.00,0.00,126.76,1,-103.00,-8.00,11.00,2.00,32.00,9.00,12918809,222
71.03,1565238522,716.57,51.44461673,7.49158440,277.13,0.00,0.00,126.76,1,-103.00,-8.00,11.00,2.00,32.00,9.00,12918809,222
72.03,1565238523,716.57,51.44461673,7.49158440,277.14,0.00,0.00,126.76,1,-102.00,-8.00,9.00,2.00,32.00,9.00,12918809,222
73.03,1565238524,716.57,51.44461673,7.49158440,277.14,0.00,0.00,126.76,1,-102.00,-8.00,9.00,2.00,32.00,9.00,12918809,222
74.04,1565238525,716.57,51.44461673,7.49158440,277.18,0.00,0.00,126.76,1,-103.00,-7.00,6.00,2.00,30.00,9.00,12918809,222
75.03,1565238526,716.57,51.44461673,7.49158440,277.19,0.00,0.00,126.24,1,-103.00,-7.00,6.00,2.00,30.00,9.00,12918809,222
76.03,1565238527,716.57,51.44461673,7.49158440,276.86,0.00,0.00,140.78,1,-103.00,-7.00,6.00,2.00,30.00,9.00,12918809,222
77.03,1565238528,716.57,51.44454343,7.49168779,275.96,5.16,0.00,144.53,1,-103.00,-7.00,8.00,2.00,30.00,9.00,12918809,222
78.03,1565238529,721.74,51.44446986,7.49167856,275.45,7.60,2.43,189.89,1,-103.00,-7.00,8.00,2.00,30.00,9.00,12918809,222
79.03,1565238530,729.34,51.44440162,7.49162803,275.28,9.00,1.40,209.65,1,-99.00,-7.00,16.00,2.00,33.00,9.00,12918809,222
80.03,1565238531,738.33,51.44432637,7.49156084,275.31,9.58,0.58,211.97,1,-99.00,-7.00,16.00,2.00,33.00,9.00,12918809,222
81.03,1565238532,747.94,51.44425179,7.49147916,275.46,11.40,1.81,212.88,1,-90.00,-6.00,23.00,13.00,42.00,7.00,12918809,222
82.03,1565238533,759.34,51.44415341,7.49138078,275.73,12.88,1.48,213.57,1,-90.00,-6.00,23.00,13.00,42.00,7.00,12918809,222
83.03,1565238534,772.19,51.44405159,7.49127748,276.00,13.67,0.79,214.27,1,-84.00,-6.00,28.00,12.00,48.00,7.00,12918809,222
84.03,1565238535,785.81,51.44395073,7.49116801,276.10,14.66,1.00,214.86,1,-84.00,-6.00,28.00,12.00,48.00,7.00,12918809,222
85.03,1565238536,800.51,51.44383631,7.49103545,276.26,15.56,0.89,215.22,1,-74.00,-6.00,21.00,15.00,58.00,7.00,12918809,222
86.03,1565238537,816.07,51.44371829,7.49089957,276.34,16.30,0.74,215.58,1,-74.00,-6.00,21.00,15.00,58.00,7.00,12918809,222
87.03,1565238538,832.37,51.44360013,7.49075579,276.33,16.23,-0.07,215.95,1,-75.00,-6.00,10.00,15.00,57.00,7.00,12918809,222
88.03,1565238539,848.62,51.44348864,7.49061646,276.07,16.21,-0.02,216.40,1,-75.00,-6.00,10.00,15.00,57.00,7.00,12918809,222
89.03,1565238540,864.81,51.44337478,7.49047404,275.73,16.33,0.12,216.70,1,-85.00,-7.00,25.00,11.00,50.00,7.00,12918809,222
90.03,1565238541,881.16,51.44325910,7.49033305,275.55,16.19,-0.14,216.64,1,-85.00,-7.00,25.00,11.00,50.00,7.00,12918809,222
91.03,1565238542,897.33,51.44313987,7.49018957,275.31,16.21,0.02,216.51,1,-92.00,-7.00,13.00,11.00,40.00,7.00,12918809,222
92.03,1565238543,913.56,51.44302158,7.49004654,274.97,16.27,0.06,216.31,1,-92.00,-7.00,13.00,11.00,40.00,7.00,12918809,222
93.03,1565238544,929.73,51.44290512,7.48990945,274.91,16.31,0.04,216.62,1,-91.00,-7.00,20.00,13.00,42.00,7.00,12918809,222
94.03,1565238545,946.12,51.44278482,7.48976742,275.02,16.76,0.45,216.04,1,-91.00,-7.00,20.00,13.00,42.00,7.00,12918809,222
95.04,1565238546,963.02,51.44266598,7.48962647,275.20,16.82,0.06,216.87,1,-82.00,-6.00,19.00,12.00,51.00,7.00,12918809,222
96.03,1565238547,979.72,51.44255427,7.48948644,275.38,16.70,-0.12,217.45,1,-82.00,-6.00,19.00,12.00,51.00,7.00,12918809,222
97.03,1565238548,996.43,51.44244146,7.48934908,275.68,16.19,-0.51,216.26,1,-82.00,-6.00,19.00,12.00,51.00,7.00,12918809,222
98.03,1565238549,1012.61,51.44233184,7.48921899,275.86,15.56,-0.63,216.81,1,-82.00,-7.00,10.00,14.00,51.00,7.00,12918809,222
99.03,1565238550,1028.19,51.44221923,7.48908149,276.33,15.86,0.29,217.53,1,-82.00,-7.00,10.00,14.00,51.00,7.00,12918809,222
100.03,1565238551,1044.01,51.44210851,7.48894422,276.45,15.50,-0.35,218.37,1,-85.00,-9.00,-4.00,12.00,50.00,7.00,12918809,222
101.03,1565238552,1059.53,51.44199629,7.48879607,276.89,16.38,0.88,219.41,1,-85.00,-9.00,-4.00,12.00,50.00,7.00,12918809,222
102.03,1565238553,1075.91,51.44189116,7.48864957,276.87,15.85,-0.53,221.21,1,-74.00,-7.00,21.00,15.00,60.00,7.00,12918809,222
103.03,1565238554,1091.76,51.44178457,7.48849335,276.63,16.61,0.76,222.07,1,-74.00,-7.00,21.00,15.00,60.00,7.00,12918809,222
104.03,1565238555,1108.37,51.44168332,7.48833049,276.41,15.19,-1.41,224.37,1,-84.00,-10.00,8.00,14.00,52.00,7.00,12918809,222
105.03,1565238556,1123.56,51.44159049,7.48816647,276.26,15.38,0.19,226.65,1,-84.00,-10.00,8.00,14.00,52.00,7.00,12918809,222
106.03,1565238557,1138.93,51.44149747,7.48798762,276.54,15.17,-0.22,228.37,1,-78.00,-6.00,24.00,13.00,54.00,2.00,12918810,223
107.03,1565238558,1154.14,51.44140543,7.48780298,276.97,14.89,-0.28,229.69,1,-78.00,-6.00,24.00,13.00,54.00,2.00,12918810,223
108.03,1565238559,1168.99,51.44132028,7.48763066,277.36,14.70,-0.19,230.91,1,-79.00,-6.00,31.00,15.00,52.00,2.00,12918810,223
109.03,1565238560,1183.69,51.44124035,7.48746496,277.49,14.51,-0.19,231.64,1,-79.00,-6.00,31.00,15.00,52.00,2.00,12918810,223
110.03,1565238561,1198.22,51.44115406,7.48727457,277.99,15.11,0.60,232.32,1,-81.00,-6.00,21.00,15.00,51.00,2.00,12918810,223
111.03,1565238562,1213.31,51.44107071,7.48709152,278.31,15.02,-0.09,232.87,1,-81.00,-6.00,21.00,15.00,51.00,2.00,12918810,223
112.03,1565238563,1228.33,51.44098750,7.48690498,278.53,14.89,-0.12,232.66,1,-79.00,-7.00,28.00,15.00,53.00,2.00,12918810,223
113.03,1565238564,1243.22,51.44090785,7.48673188,278.72,15.15,0.25,232.08,1,-79.00,-7.00,28.00,15.00,53.00,2.00,12918810,223
114.03,1565238565,1258.37,51.44082942,7.48655985,278.98,14.45,-0.70,232.22,1,-74.00,-6.00,33.00,15.00,57.00,2.00,12918810,223
115.03,1565238566,1272.82,51.44075142,7.48639496,279.15,14.23,-0.22,231.47,1,-74.00,-6.00,33.00,15.00,57.00,2.00,12918810,223
116.04,1565238567,1287.14,51.44067902,7.48624478,279.13,13.51,-0.71,231.38,1,-76.00,-6.00,18.00,15.00,57.00,2.00,12918810,223
117.03,1565238568,1300.56,51.44059895,7.48608943,279.07,13.18,-0.34,230.77,1,-76.00,-6.00,18.00,15.00,57.00,2.00,12918810,223
118.03,1565238569,1313.74,51.44051451,7.48591574,279.44,14.73,1.55,231.30,1,-76.00,-6.00,18.00,15.00,57.00,2.00,12918810,223
119.03,1565238570,1328.49,51.44043280,7.48573549,279.23,14.52,-0.20,232.12,1,-83.00,-9.00,13.00,12.00,52.00,2.00,12918810,223
120.03,1565238571,1343.00,51.44035560,7.48556540,278.82,14.41,-0.12,233.05,1,-83.00,-9.00,13.00,12.00,52.00,2.00,12918810,223
121.03,1565238572,1357.36,51.44027302,7.48538449,278.93,14.97,0.56,232.40,1,-83.00,-10.00,7.00,12.00,52.00,2.00,12918810,223
122.03,1565238573,1372.38,51.44020166,7.48523270,278.93,14.22,-0.74,232.45,1,-83.00,-10.00,7.00,12.00,52.00,2.00,12918810,223
123.03,1565238574,1386.57,51.44012661,7.48507350,278.79,13.46,-0.77,232.89,1,-85.00,-11.00,6.00,2.00,54.00,2.00,12918810,223
124.03,1565238575,1400.04,51.44004974,7.48490776,278.05,13.58,0.12,231.99,1,-85.00,-11.00,6.00,2.00,54.00,2.00,12918810,223
125.03,1565238576,1413.66,51.43998039,7.48476653,277.86,12.63,-0.94,232.30,1,-80.00,-6.00,15.00,2.00,53.00,2.00,12918811,224
126.03,1565238577,1426.29,51.43991271,7.48462089,277.73,12.89,0.26,232.93,1,-80.00,-6.00,15.00,2.00,53.00,2.00,12918811,224
127.03,1565238578,1439.14,51.43984259,7.48446828,278.46,12.52,-0.37,232.36,1,-76.00,-6.00,14.00,14.00,56.00,3.00,12918811,224
128.03,1565238579,1451.69,51.43976486,7.48430646,279.07,13.60,1.08,232.72,1,-76.00,-6.00,14.00,14.00,56.00,3.00,12918811,224
129.03,1565238580,1465.25,51.43969237,7.48413287,279.89,13.76,0.17,233.55,1,-76.00,-5.00,36.00,15.00,52.00,3.00,12918811,224
130.03,1565238581,1479.06,51.43961982,7.48395716,280.25,15.05,1.28,234.43,1,-76.00,-5.00,36.00,15.00,52.00,3.00,12918811,224
131.03,1565238582,1494.04,51.43954485,7.48377831,280.13,14.98,-0.06,234.61,1,-76.00,-6.00,22.00,15.00,56.00,3.00,12918811,224
132.03,1565238583,1509.03,51.43947109,7.48360024,279.74,14.80,-0.18,235.08,1,-76.00,-6.00,22.00,15.00,56.00,3.00,12918811,224
133.03,1565238584,1523.86,51.43940294,7.48342033,279.26,14.67,-0.13,235.99,1,-80.00,-5.00,27.00,15.00,48.00,3.00,12918811,224
134.03,1565238585,1538.52,51.43934020,7.48324510,279.87,13.68,-0.99,237.02,1,-80.00,-5.00,27.00,15.00,48.00,3.00,12918811,224
135.03,1565238586,1552.19,51.43927819,7.48307207,280.01,12.06,-1.62,238.47,1,-86.00,-6.00,17.00,12.00,45.00,3.00,12918811,224
136.03,1565238587,1564.26,51.43921430,7.48288555,279.84,13.44,1.38,239.56,1,-86.00,-6.00,17.00,12.00,45.00,3.00,12918811,224
137.04,1565238588,1577.78,51.43914817,7.48269398,279.82,14.32,0.88,238.88,1,-87.00,-5.00,32.00,15.00,43.00,3.00,12918811,224
138.03,1565238589,1592.01,51.43907841,7.48249398,279.40,14.09,-0.23,239.26,1,-87.00,-5.00,32.00,15.00,43.00,3.00,12918811,224
139.03,1565238590,1606.11,51.43900382,7.48228658,279.81,15.35,1.25,239.63,1,-87.00,-5.00,32.00,15.00,43.00,3.00,12918811,224
140.03,1565238591,1621.45,51.43893551,7.48209887,280.19,16.02,0.67,240.09,1,-92.00,-6.00,33.00,11.00,34.00,3.00,12918811,224
141.03,1565238592,1637.47,51.43886909,7.48189966,280.59,15.82,-0.19,240.71,1,-92.00,-6.00,33.00,11.00,34.00,3.00,12918811,224
142.03,1565238593,1653.29,51.43881202,7.48170912,280.93,15.30,-0.52,242.05,1,-96.00,-6.00,21.00,10.00,34.00,3.00,12918811,224
143.03,1565238594,1668.59,51.43875163,7.48151653,281.84,15.21,-0.09,242.65,1,-96.00,-6.00,21.00,10.00,34.00,3.00,12918811,224
144.03,1565238595,1683.80,51.43868459,7.48130825,282.31,15.99,0.78,241.98,1,-101.00,-6.00,13.00,2.00,34.00,3.00,12918811,224
145.03,1565238596,1699.79,51.43861202,7.48108826,282.88,15.70,-0.29,242.35,1,-101.00,-6.00,13.00,2.00,34.00,3.00,12918811,224
146.03,1565238597,1715.50,51.43854038,7.48086968,283.35,15.86,0.16,241.38,1,-101.00,-6.00,8.00,2.00,30.00,3.00,12918811,224
147.03,1565238598,1731.34,51.43847180,7.48066060,283.42,16.62,0.77,241.79,1,-101.00,-6.00,8.00,2.00,30.00,3.00,12918811,224
148.03,1565238599,1747.98,51.43840059,7.48044346,283.91,16.49,-0.13,241.33,1,-102.00,-6.00,5.00,2.00,28.00,3.00,12918811,224
149.03,1565238600,1764.47,51.43833163,7.48023057,283.74,16.38,-0.11,241.59,1,-102.00,-6.00,5.00,2.00,28.00,3.00,12918811,224
150.03,1565238601,1780.88,51.43825433,7.48001904,283.23,16.34,-0.03,240.47,1,-104.00,-7.00,-7.00,2.00,26.00,3.00,12918811,224
151.03,1565238602,1797.21,51.43818586,7.47982333,282.93,14.53,-1.81,240.39,1,-104.00,-7.00,-7.00,2.00,26.00,3.00,12918811,224
152.03,1565238603,1811.73,51.43811866,7.47963305,283.27,15.33,0.79,240.75,1,-106.00,-8.00,-2.00,2.00,24.00,3.00,12918811,224
153.03,1565238604,1827.06,51.43805188,7.47943901,283.38,15.04,-0.28,241.12,1,-106.00,-8.00,-2.00,2.00,24.00,3.00,12918811,224
154.03,1565238605,1842.12,51.43798284,7.47922600,283.76,15.00,-0.04,242.11,1,-111.00,-11.00,-3.00,6.00,26.00,9.00,12918811,224
154.41,1565238605,1847.73,51.43791475,7.47901697,283.34,14.59,-1.10,243.06,1,-111.00,-11.00,-3.00,6.00,26.00,9.00,12918811,224
155.39,1565238606,1862.01,51.43785059,7.47881885,282.68,14.65,0.07,242.31,1,-107.00,-18.00,-6.00,3.00,37.00,160.00,13070083,401
156.39,1565238607,1876.68,51.43779087,7.47862915,282.04,14.58,-0.08,242.42,1,-107.00,-18.00,-6.00,3.00,37.00,160.00,13070083,401
157.40,1565238608,1891.39,51.43773693,7.47845471,281.88,13.81,-0.76,241.83,1,-109.00,-19.00,-8.00,2.00,35.00,160.00,13070083,401
158.38,1565238609,1905.05,51.43768035,7.47827205,282.27,14.13,0.32,242.33,1,-109.00,-19.00,-8.00,2.00,35.00,160.00,13070083,401
159.39,1565238610,1919.25,51.43761605,7.47807792,282.09,14.35,0.22,241.92,1,-109.00,-19.00,-8.00,2.00,35.00,160.00,13070083,401
160.39,1565238611,1933.62,51.43755366,7.47787665,281.63,14.44,0.09,243.46,1,-110.00,-18.00,-9.00,3.00,35.00,160.00,13070083,401
161.39,1565238612,1948.05,51.43749328,7.47768680,281.13,14.57,0.13,242.88,1,-110.00,-18.00,-9.00,3.00,35.00,160.00,13070083,401
162.39,1565238613,1962.63,51.43743057,7.47749843,281.01,14.90,0.33,242.11,1,-107.00,-15.00,-8.00,4.00,34.00,160.00,13070083,401
163.39,1565238614,1977.46,51.43736746,7.47730187,280.57,15.35,0.45,241.34,1,-107.00,-15.00,-8.00,4.00,34.00,160.00,13070083,401
164.39,1565238615,1992.84,51.43730425,7.47711461,280.54,14.59,-0.75,240.41,1,-109.00,-18.00,-9.00,2.00,35.00,219.00,14072323,457
165.39,1565238616,2007.43,51.43724883,7.47693422,281.10,13.58,-1.02,243.44,1,-109.00,-18.00,-9.00,2.00,35.00,219.00,14072323,457
166.39,1565238617,2021.03,51.43720168,7.47675040,281.46,13.22,-0.36,247.27,1,-110.00,-18.00,-9.00,2.00,34.00,219.00,14072323,457
167.39,1565238618,2034.25,51.43719117,7.47656218,281.79,11.82,-1.40,265.53,1,-110.00,-18.00,-9.00,2.00,34.00,219.00,14072323,457
168.39,1565238619,2046.09,51.43721058,7.47640386,282.64,9.53,-2.29,285.55,1,-111.00,-18.00,-9.00,3.00,33.00,219.00,14072323,457
169.39,1565238620,2055.63,51.43724953,7.47627092,283.31,8.79,-0.73,302.23,1,-111.00,-18.00,-9.00,3.00,33.00,219.00,14072323,457
170.39,1565238621,2064.36,51.43731539,7.47617258,283.88,8.83,0.04,325.46,1,-106.00,-7.00,-2.00,13.00,27.00,11.00,12918811,224
171.39,1565238622,2073.21,51.43739390,7.47613649,285.22,9.51,0.67,346.37,1,-106.00,-7.00,-2.00,13.00,27.00,11.00,12918811,224
172.39,1565238623,2082.72,51.43748541,7.47616320,286.66,9.74,0.23,16.81,1,-102.00,-6.00,19.00,11.00,30.00,11.00,12918811,224
173.40,1565238624,2092.54,51.43756145,7.47624273,287.17,9.87,0.13,39.66,1,-102.00,-6.00,19.00,11.00,30.00,11.00,12918811,224
174.39,1565238625,2102.37,51.43762046,7.47635063,287.38,10.58,0.71,52.47,1,-86.00,-5.00,30.00,15.00,46.00,11.00,12918811,224
175.39,1565238626,2112.90,51.43769423,7.47649651,287.71,12.57,2.00,51.97,1,-86.00,-5.00,30.00,15.00,46.00,11.00,12918811,224
176.39,1565238627,2125.47,51.43777507,7.47666303,288.22,13.96,1.39,52.48,1,-89.00,-5.00,27.00,15.00,43.00,11.00,12918811,224
177.39,1565238628,2139.43,51.43785877,7.47684224,288.90,15.23,1.27,53.48,1,-89.00,-5.00,27.00,15.00,43.00,11.00,12918811,224
178.40,1565238629,2154.77,51.43794738,7.47702649,289.70,16.43,1.18,54.04,1,-87.00,-4.00,25.00,15.00,43.00,11.00,12918811,224
179.39,1565238630,2171.09,51.43803386,7.47722101,290.30,17.50,1.08,54.58,1,-87.00,-4.00,25.00,15.00,43.00,11.00,12918811,224
180.39,1565238631,2188.59,51.43813224,7.47743270,290.86,18.42,0.91,55.19,1,-87.00,-4.00,25.00,15.00,43.00,11.00,12918811,224
181.39,1565238632,2207.00,51.43822930,7.47765996,291.18,19.20,0.79,55.91,1,-84.00,-8.00,26.00,15.00,50.00,11.00,12918811,224
182.39,1565238633,2226.21,51.43833021,7.47789385,291.43,20.05,0.85,56.42,1,-84.00,-8.00,26.00,15.00,50.00,11.00,12918811,224
183.39,1565238634,2246.26,51.43843538,7.47814434,291.61,21.16,1.10,56.12,1,-87.00,-5.00,27.00,15.00,44.00,11.00,12918811,224
184.39,1565238635,2267.42,51.43854140,7.47839887,291.69,21.78,0.62,56.51,1,-87.00,-5.00,27.00,15.00,44.00,11.00,12918811,224
185.39,1565238636,2289.19,51.43864528,7.47866686,291.83,22.39,0.61,57.80,1,-94.00,-5.00,16.00,15.00,38.00,11.00,12918811,224
186.39,1565238637,2311.59,51.43875275,7.47893455,291.81,23.03,0.63,57.51,1,-94.00,-5.00,16.00,15.00,38.00,11.00,12918811,224
187.39,1565238638,2334.61,51.43887387,7.47921331,291.76,24.17,1.15,55.61,1,-99.00,-7.00,23.00,2.00,33.00,11.00,12918811,224
188.39,1565238639,2358.76,51.43899597,7.47950199,291.24,24.12,-0.06,55.51,1,-99.00,-7.00,23.00,2.00,33.00,11.00,12918811,224
189.39,1565238640,2382.90,51.43911769,7.47978725,290.72,23.95,-0.17,55.48,1,-95.00,-6.00,18.00,2.00,36.00,11.00,12918811,224
190.39,1565238641,2406.88,51.43924258,7.48007405,290.26,24.10,0.15,55.49,1,-95.00,-6.00,18.00,2.00,36.00,11.00,12918811,224
191.39,1565238642,2430.96,51.43936647,7.48034964,289.46,24.20,0.10,54.37,1,-94.00,-6.00,18.00,2.00,38.00,11.00,12918811,224
192.39,1565238643,2455.13,51.43949602,7.48062684,288.82,24.25,0.04,53.34,1,-94.00,-6.00,18.00,2.00,38.00,11.00,12918811,224
193.39,1565238644,2479.40,51.43962472,7.48089539,287.88,24.33,0.09,52.42,1,-93.00,-5.00,19.00,2.00,38.00,11.00,12918811,224
194.39,1565238645,2503.74,51.43976103,7.48117084,287.30,24.23,-0.10,52.26,1,-93.00,-5.00,19.00,2.00,38.00,11.00,12918811,224
195.39,1565238646,2527.97,51.43989681,7.48144307,286.85,23.93,-0.30,52.30,1,-94.00,-5.00,15.00,2.00,36.00,11.00,12918811,224
196.39,1565238647,2551.90,51.44003751,7.48170830,286.38,24.14,0.21,50.16,1,-94.00,-5.00,15.00,2.00,36.00,11.00,12918811,224
197.39,1565238648,2576.04,51.44018974,7.48196470,285.82,24.19,0.05,46.95,1,-92.00,-5.00,18.00,2.00,36.00,11.00,12918811,224
198.38,1565238649,2600.11,51.44034818,7.48221356,285.32,24.67,0.48,45.07,1,-92.00,-5.00,18.00,2.00,36.00,11.00,12918811,224
199.39,1565238650,2624.91,51.44051368,7.48244700,284.83,25.01,0.34,41.92,1,-88.00,-6.00,22.00,2.00,41.00,11.00,12918811,224
200.39,1565238651,2649.91,51.44068798,7.48268519,284.53,25.07,0.06,40.68,1,-88.00,-6.00,22.00,2.00,41.00,11.00,12918811,224
201.40,1565238652,2675.21,51.44086020,7.48292148,284.21,25.23,0.16,39.69,1,-87.00,-5.00,27.00,2.00,44.00,11.00,12918811,224
202.39,1565238653,2700.20,51.44103768,7.48314893,283.78,25.25,0.02,38.11,1,-87.00,-5.00,27.00,2.00,44.00,11.00,12918811,224
203.39,1565238654,2725.45,51.44121843,7.48337208,283.26,25.44,0.19,37.03,1,-87.00,-5.00,27.00,2.00,44.00,11.00,12918811,224
204.39,1565238655,2750.90,51.44139975,7.48358697,282.62,25.38,-0.06,35.85,1,-86.00,-6.00,26.00,2.00,46.00,11.00,12918811,224
205.39,1565238656,2776.40,51.44158404,7.48378725,281.78,25.18,-0.20,33.44,1,-86.00,-6.00,26.00,2.00,46.00,11.00,12918811,224
206.39,1565238657,2801.51,51.44177116,7.48397149,280.86,25.01,-0.18,30.78,1,-79.00,-5.00,19.00,2.00,52.00,2.00,12918811,224
207.39,1565238658,2826.42,51.44195783,7.48414488,279.79,24.87,-0.13,28.70,1,-79.00,-5.00,19.00,2.00,52.00,2.00,12918811,224
208.39,1565238659,2851.34,51.44214600,7.48430876,278.78,24.74,-0.14,27.14,1,-78.00,-6.00,21.00,12.00,52.00,2.00,12918811,224
209.39,1565238660,2876.10,51.44233658,7.48447131,277.96,24.59,-0.14,26.30,1,-78.00,-6.00,21.00,12.00,52.00,2.00,12918811,224
210.39,1565238661,2900.67,51.44252900,7.48462575,277.11,24.71,0.12,25.74,1,-77.00,-8.00,19.00,14.00,57.00,2.00,12918811,224
211.39,1565238662,2925.40,51.44271634,7.48477411,276.48,24.54,-0.17,25.00,1,-77.00,-8.00,19.00,14.00,57.00,2.00,12918811,224
212.39,1565238663,2949.94,51.44290767,7.48491395,275.85,24.57,0.03,23.79,1,-75.00,-10.00,10.00,11.00,60.00,2.00,12918811,224
213.39,1565238664,2974.52,51.44310888,7.48505583,275.34,24.52,-0.06,23.42,1,-75.00,-10.00,10.00,11.00,60.00,2.00,12918811,224
214.39,1565238665,2999.03,51.44331517,7.48520150,274.87,24.51,-0.01,23.18,1,-84.00,-9.00,13.00,14.00,51.00,2.00,12918811,224
215.39,1565238666,3023.54,51.44351466,7.48534201,274.35,23.95,-0.56,22.94,1,-84.00,-9.00,13.00,14.00,51.00,2.00,12918811,224
216.39,1565238667,3047.45,51.44370563,7.48546952,273.89,22.15,-1.80,22.08,1,-69.00,-6.00,10.00,6.00,63.00,2.00,12918809,222
217.39,1565238668,3069.62,51.44388890,7.48558616,273.64,20.57,-1.58,20.86,1,-69.00,-6.00,10.00,6.00,63.00,2.00,12918809,222
218.39,1565238669,3090.19,51.44404824,7.48568555,273.13,18.59,-1.98,20.49,1,-71.00,-6.00,32.00,15.00,61.00,2.00,12918809,222
219.39,1565238670,3108.78,51.44418292,7.48577133,272.68,16.81,-1.78,21.03,1,-71.00,-6.00,32.00,15.00,61.00,2.00,12918809,222
220.39,1565238671,3125.62,51.44432197,7.48586531,271.75,15.61,-1.20,22.51,1,-72.00,-6.00,37.00,15.00,60.00,2.00,12918809,222
221.39,1565238672,3141.24,51.44444412,7.48596302,270.84,14.85,-0.76,25.21,1,-72.00,-6.00,37.00,15.00,60.00,2.00,12918809,222
222.39,1565238673,3156.07,51.44454259,7.48609397,269.62,14.17,-0.68,40.17,1,-75.00,-5.00,34.00,14.00,55.00,2.00,12918809,222
223.39,1565238674,3170.24,51.44462903,7.48622561,268.57,13.45,-0.73,42.50,1,-75.00,-5.00,34.00,14.00,55.00,2.00,12918809,222
224.40,1565238675,3183.79,51.44468666,7.48640324,267.79,13.12,-0.33,63.39,1,-79.00,-5.00,26.00,15.00,53.00,2.00,12918809,222
225.39,1565238676,3196.81,51.44471450,7.48659655,267.06,13.20,0.08,78.40,1,-79.00,-5.00,26.00,15.00,53.00,2.00,12918809,222
226.39,1565238677,3210.00,51.44470872,7.48678361,266.52,12.93,-0.26,92.85,1,-79.00,-5.00,26.00,15.00,53.00,2.00,12918809,222
227.39,1565238678,3222.93,51.44467817,7.48698783,265.83,13.51,0.58,108.40,1,-80.00,-5.00,35.00,15.00,51.00,2.00,12918809,222
228.39,1565238679,3236.44,51.44461414,7.48715937,265.57,13.82,0.31,124.57,1,-80.00,-5.00,35.00,15.00,51.00,2.00,12918809,222
229.39,1565238680,3250.26,51.44452845,7.48730145,265.39,13.99,0.17,138.68,1,-75.00,-5.00,39.00,14.00,56.00,2.00,12918809,222
230.39,1565238681,3264.25,51.44442412,7.48740551,265.62,14.21,0.21,153.12,1,-75.00,-5.00,39.00,14.00,56.00,2.00,12918809,222
231.39,1565238682,3278.45,51.44431557,7.48748755,265.85,14.02,-0.19,157.23,1,-65.00,-5.00,40.00,15.00,63.00,2.00,12918809,222
232.39,1565238683,3292.47,51.44418179,7.48748924,266.26,14.01,-0.01,181.67,1,-65.00,-5.00,40.00,15.00,63.00,2.00,12918809,222
233.39,1565238684,3306.48,51.44405651,7.48743879,266.51,13.84,-0.17,198.97,1,-64.00,-5.00,40.00,15.00,63.00,2.00,12918809,222
234.39,1565238685,3320.31,51.44394845,7.48734365,266.76,14.09,0.25,214.27,1,-64.00,-5.00,40.00,15.00,63.00,2.00,12918809,222
235.39,1565238686,3334.40,51.44386000,7.48720005,267.00,14.42,0.34,229.21,1,-63.00,-6.00,33.00,2.00,63.00,2.00,12918809,222
236.39,1565238687,3348.83,51.44381023,7.48702118,266.83,15.00,0.58,245.65,1,-63.00,-6.00,33.00,2.00,63.00,2.00,12918809,222
237.39,1565238688,3363.82,51.44379178,7.48681927,266.27,15.15,0.14,262.14,1,-70.00,-6.00,29.00,2.00,61.00,2.00,12918809,222
238.39,1565238689,3378.97,51.44377606,7.48660032,265.91,15.73,0.58,264.82,1,-70.00,-6.00,29.00,2.00,61.00,2.00,12918809,222
239.39,1565238690,3394.69,51.44376789,7.48638006,265.49,16.50,0.78,266.28,1,-75.00,-6.00,28.00,2.00,56.00,2.00,12918809,222
240.39,1565238691,3411.20,51.44375846,7.48613983,265.25,17.40,0.90,266.84,1,-75.00,-6.00,28.00,2.00,56.00,2.00,12918809,222
241.39,1565238692,3428.60,51.44374905,7.48587655,264.98,18.32,0.92,266.45,1,-78.00,-5.00,19.00,2.00,53.00,2.00,12918809,222
242.39,1565238693,3446.92,51.44374201,7.48561791,264.89,19.10,0.78,267.42,1,-78.00,-5.00,19.00,2.00,53.00,2.00,12918809,222
243.39,1565238694,3466.02,51.44373437,7.48534559,265.16,19.42,0.32,266.57,1,-80.00,-6.00,16.00,2.00,51.00,2.00,12918809,222
244.39,1565238695,3485.44,51.44372675,7.48505174,264.41,20.97,1.55,267.37,1,-80.00,-6.00,16.00,2.00,51.00,2.00,12918809,222
245.40,1565238696,3506.58,51.44371859,7.48474475,264.23,21.59,0.62,268.34,1,-86.00,-6.00,19.00,2.00,46.00,2.00,12918809,222
246.39,1565238697,3528.06,51.44371798,7.48442271,264.70,22.67,1.09,269.55,1,-86.00,-6.00,19.00,2.00,46.00,2.00,12918809,222
247.39,1565238698,3550.67,51.44371797,7.48410204,265.53,23.52,0.85,269.62,1,-86.00,-6.00,19.00,2.00,46.00,2.00,12918809,222
248.39,1565238699,3574.21,51.44371758,7.48374747,265.52,24.02,0.50,269.03,1,-85.00,-6.00,15.00,15.00,47.00,3.00,12918809,222
249.39,1565238700,3598.29,51.44371081,7.48338656,265.47,24.81,0.79,268.45,1,-85.00,-6.00,15.00,15.00,47.00,3.00,12918809,222
250.39,1565238701,3623.05,51.44370099,7.48301799,265.46,25.49,0.68,267.30,1,-88.00,-8.00,-8.00,11.00,46.00,3.00,12918809,222
251.39,1565238702,3648.52,51.44369007,7.48264920,265.34,26.04,0.55,267.49,1,-88.00,-8.00,-8.00,11.00,46.00,3.00,12918809,222
252.39,1565238703,3674.58,51.44367791,7.48226991,265.32,26.69,0.66,267.15,1,-91.00,-10.00,4.00,12.00,42.00,3.00,12918809,222
253.39,1565238704,3701.25,51.44366632,7.48187459,265.18,27.38,0.69,266.70,1,-91.00,-10.00,4.00,12.00,42.00,3.00,12918809,222
254.39,1565238705,3728.65,51.44365043,7.48146940,265.07,27.97,0.59,266.13,1,-92.00,-7.00,8.00,6.00,41.00,6.00,12918811,224
255.39,1565238706,3756.60,51.44363397,7.48106071,264.89,28.44,0.47,265.97,1,-92.00,-7.00,8.00,6.00,41.00,6.00,12918811,224
256.39,1565238707,3785.04,51.44361666,7.48064943,264.70,28.85,0.41,265.26,1,-87.00,-5.00,22.00,11.00,43.00,6.00,12918811,224
257.39,1565238708,3813.89,51.44359031,7.48023161,264.31,29.32,0.47,264.01,1,-87.00,-5.00,22.00,11.00,43.00,6.00,12918811,224
258.39,1565238709,3843.21,51.44355928,7.47980408,263.77,29.69,0.37,262.94,1,-88.00,-6.00,7.00,11.00,44.00,6.00,12918811,224
259.39,1565238710,3872.86,51.44352646,7.47937225,263.20,30.09,0.40,262.57,1,-88.00,-6.00,7.00,11.00,44.00,6.00,12918811,224
260.39,1565238711,3902.98,51.44349371,7.47894086,262.55,30.53,0.44,262.46,1,-87.00,-6.00,25.00,13.00,44.00,6.00,12918811,224
261.39,1565238712,3933.47,51.44346115,7.47850603,261.96,30.91,0.38,262.74,1,-87.00,-6.00,25.00,13.00,44.00,6.00,12918811,224
262.39,1565238713,3964.41,51.44342748,7.47806323,261.44,31.21,0.30,262.59,1,-84.00,-5.00,21.00,12.00,44.00,6.00,12918811,224
263.39,1565238714,3995.63,51.44339274,7.47761372,260.91,31.71,0.50,262.29,1,-84.00,-5.00,21.00,12.00,44.00,6.00,12918811,224
264.39,1565238715,4027.33,51.44335686,7.47716038,260.34,32.08,0.37,262.15,1,-87.00,-6.00,13.00,2.00,46.00,6.00,12918811,224
265.39,1565238716,4059.42,51.44331423,7.47669970,259.79,32.55,0.47,261.93,1,-87.00,-6.00,13.00,2.00,46.00,6.00,12918811,224
266.40,1565238717,4092.33,51.44327201,7.47623637,259.17,32.91,0.36,261.73,1,-85.00,-5.00,24.00,2.00,44.00,6.00,12918811,224
267.39,1565238718,4124.94,51.44322833,7.47577219,258.59,32.93,0.02,261.06,1,-85.00,-5.00,24.00,2.00,44.00,6.00,12918811,224
268.39,1565238719,4157.91,51.44318003,7.47529756,258.01,33.05,0.12,260.48,1,-85.00,-5.00,24.00,2.00,44.00,6.00,12918811,224
269.39,1565238720,4190.79,51.44312342,7.47482188,257.47,33.02,-0.04,259.45,1,-84.00,-6.00,7.00,2.00,46.00,6.00,12918811,224
270.39,1565238721,4223.94,51.44306624,7.47435361,256.81,33.25,0.23,258.68,1,-84.00,-6.00,7.00,2.00,46.00,6.00,12918811,224
271.39,1565238722,4257.16,51.44300782,7.47387830,256.06,33.67,0.42,258.61,1,-85.00,-5.00,4.00,2.00,45.00,6.00,12918811,224
272.39,1565238723,4290.83,51.44294417,7.47340049,255.22,34.12,0.45,258.42,1,-85.00,-5.00,4.00,2.00,45.00,6.00,12918811,224
273.39,1565238724,4324.91,51.44288120,7.47291936,254.31,34.27,0.15,258.72,1,-94.00,-7.00,4.00,2.00,38.00,6.00,12918811,224
274.39,1565238725,4359.18,51.44281972,7.47243517,253.32,34.54,0.27,258.93,1,-94.00,-7.00,4.00,2.00,38.00,6.00,12918811,224
275.39,1565238726,4393.71,51.44275746,7.47194079,252.42,34.80,0.26,259.03,1,-104.00,-9.00,1.00,2.00,30.00,6.00,12918811,224
276.39,1565238727,4428.51,51.44269595,7.47144890,251.57,34.74,-0.06,258.76,1,-104.00,-9.00,1.00,2.00,30.00,6.00,12918811,224
277.39,1565238728,4463.25,51.44263207,7.47095135,250.90,35.14,0.40,258.25,1,-105.00,-8.00,-2.00,2.00,29.00,6.00,12935194,397
278.39,1565238729,4498.39,51.44256710,7.47045691,250.16,35.17,0.03,257.73,1,-105.00,-8.00,-2.00,2.00,29.00,6.00,12935194,397
279.39,1565238730,4533.66,51.44249483,7.46995993,249.34,35.73,0.55,257.21,1,-108.00,-9.00,1.00,2.00,27.00,6.00,12935194,397
280.39,1565238731,4569.39,51.44242342,7.46945559,248.42,36.02,0.30,257.17,1,-108.00,-9.00,1.00,2.00,27.00,6.00,12935194,397
281.39,1565238732,4605.45,51.44235248,7.46894586,247.27,36.44,0.42,257.40,1,-112.00,-11.00,-4.00,2.00,24.00,6.00,12935194,397
282.39,1565238733,4641.89,51.44228648,7.46843114,246.06,36.86,0.42,258.26,1,-112.00,-11.00,-4.00,2.00,24.00,6.00,12935194,397
283.39,1565238734,4678.75,51.44222111,7.46791691,244.80,36.63,-0.23,258.81,1,-111.00,-10.00,-3.00,2.00,24.00,6.00,12918811,224
284.39,1565238735,4715.38,51.44215561,7.46740328,243.77,36.61,-0.02,258.68,1,-111.00,-10.00,-3.00,2.00,24.00,6.00,12918811,224
285.39,1565238736,4751.95,51.44209050,7.46688213,242.89,36.56,-0.05,259.24,1,-112.00,-10.00,-7.00,2.00,24.00,6.00,12918811,224
286.39,1565238737,4788.51,51.44203350,7.46636406,242.25,36.82,0.26,260.12,1,-112.00,-10.00,-7.00,2.00,24.00,6.00,12918811,224
287.40,1565238738,4825.55,51.44197560,7.46584306,241.86,36.77,-0.05,260.36,1,-110.00,-11.00,1.00,2.00,26.00,6.00,12897050,118
288.39,1565238739,4861.99,51.44191830,7.46532938,241.52,36.32,-0.45,260.61,1,-110.00,-11.00,1.00,2.00,26.00,6.00,12897050,118
289.39,1565238740,4898.31,51.44187027,7.46481012,241.09,36.34,0.03,261.60,1,-110.00,-11.00,1.00,2.00,26.00,6.00,12897050,118
290.39,1565238741,4934.80,51.44182243,7.46429748,240.77,36.30,-0.05,261.93,1,-108.00,-10.00,0.00,2.00,28.00,6.00,12897050,118
291.39,1565238742,4971.09,51.44177948,7.46378289,240.57,36.29,-0.00,262.77,1,-108.00,-10.00,0.00,2.00,28.00,6.00,12897050,118
292.39,1565238743,5007.39,51.44173776,7.46326209,240.33,36.47,0.18,263.69,1,-108.00,-10.00,-3.00,2.00,28.00,6.00,12897050,118
293.39,1565238744,5043.86,51.44170516,7.46273401,239.93,36.61,0.13,264.21,1,-108.00,-10.00,-3.00,2.00,28.00,6.00,12897050,118
294.39,1565238745,5080.44,51.44167395,7.46221257,239.44,36.18,-0.43,264.75,1,-109.00,-10.00,1.00,2.00,26.00,6.00,12897050,118
295.39,1565238746,5116.61,51.44164915,7.46169573,238.84,36.28,0.10,265.35,1,-109.00,-10.00,1.00,2.00,26.00,6.00,12897050,118
296.39,1565238747,5152.86,51.44162616,7.46118061,238.02,36.34,0.06,265.66,1,-109.00,-10.00,1.00,2.00,27.00,28.00,12897050,118
297.39,1565238748,5189.20,51.44160114,7.46066409,237.08,36.44,0.10,266.05,1,-109.00,-10.00,1.00,2.00,27.00,28.00,12897050,118
298.39,1565238749,5225.56,51.44158605,7.46014999,236.28,36.30,-0.14,266.67,1,-98.00,-6.00,1.00,6.00,32.00,17.00,14301721,72
299.39,1565238750,5262.01,51.44157063,7.45962787,235.79,36.18,-0.13,267.21,1,-98.00,-6.00,1.00,6.00,32.00,17.00,14301721,72
300.39,1565238751,5298.08,51.44156295,7.45911903,234.96,35.64,-0.54,267.99,1,-84.00,-5.00,25.00,15.00,48.00,17.00,14301721,72
301.39,1565238752,5333.82,51.44155761,7.45860556,234.21,35.52,-0.11,268.83,1,-84.00,-5.00,25.00,15.00,48.00,17.00,14301721,72
302.39,1565238753,5369.24,51.44155086,7.45809203,233.64,35.57,0.05,268.82,1,-81.00,-5.00,26.00,15.00,51.00,17.00,14301721,72
303.39,1565238754,5404.99,51.44154880,7.45757871,233.05,35.76,0.18,269.48,1,-81.00,-5.00,26.00,15.00,51.00,17.00,14301721,72
304.38,1565238755,5440.39,51.44154787,7.45706343,232.31,35.90,0.15,270.08,1,-82.00,-6.00,30.00,15.00,50.00,17.00,14301721,72
305.39,1565238756,5476.43,51.44154475,7.45655944,231.98,35.86,-0.04,270.34,1,-82.00,-6.00,30.00,15.00,50.00,17.00,14301721,72
306.39,1565238757,5512.30,51.44154877,7.45604629,231.86,36.02,0.16,270.55,1,-80.00,-5.00,22.00,1.00,50.00,17.00,14301721,72
307.39,1565238758,5548.31,51.44155439,7.45553087,231.18,36.15,0.13,270.86,1,-80.00,-5.00,22.00,1.00,50.00,17.00,14301721,72
308.39,1565238759,5584.71,51.44157169,7.45500981,230.57,36.37,0.23,272.05,1,-83.00,-5.00,38.00,15.00,48.00,17.00,14301721,72
309.39,1565238760,5621.01,51.44158799,7.45448839,230.03,36.41,0.04,272.77,1,-83.00,-5.00,38.00,15.00,48.00,17.00,14301721,72
310.39,1565238761,5657.31,51.44160879,7.45397068,229.53,36.13,-0.28,273.20,1,-83.00,-5.00,38.00,15.00,48.00,17.00,14301721,72
311.39,1565238762,5693.37,51.44163606,7.45345403,229.18,35.52,-0.61,274.45,1,-78.00,-5.00,38.00,15.00,52.00,17.00,14301721,72
312.39,1565238763,5728.92,51.44166576,7.45294539,228.92,35.30,-0.21,275.64,1,-78.00,-5.00,38.00,15.00,52.00,17.00,14301721,72
313.39,1565238764,5764.18,51.44169469,7.45243918,228.61,35.34,0.04,275.62,1,-79.00,-4.00,37.00,15.00,51.00,17.00,14301721,72
314.39,1565238765,5799.52,51.44172308,7.45193111,228.27,35.46,0.12,276.04,1,-79.00,-4.00,37.00,15.00,51.00,17.00,14301721,72
315.39,1565238766,5835.05,51.44175748,7.45142352,228.00,35.34,-0.11,276.68,1,-78.00,-5.00,40.00,15.00,52.00,17.00,14301721,72
316.39,1565238767,5870.32,51.44179383,7.45092151,228.12,35.27,-0.08,277.30,1,-78.00,-5.00,40.00,15.00,52.00,17.00,14301721,72
317.39,1565238768,5905.58,51.44183473,7.45041621,228.34,35.26,-0.01,277.70,1,-76.00,-5.00,31.00,15.00,55.00,17.00,14301721,72
318.39,1565238769,5940.84,51.44187622,7.44991024,228.49,35.22,-0.04,277.94,1,-76.00,-5.00,31.00,15.00,55.00,17.00,14301721,72
319.39,1565238770,5976.06,51.44191795,7.44940839,228.58,35.10,-0.12,278.35,1,-74.00,-5.00,40.00,15.00,58.00,17.00,14301721,72
320.39,1565238771,6011.23,51.44196046,7.44890935,228.60,34.97,-0.12,278.45,1,-74.00,-5.00,40.00,15.00,58.00,17.00,14301721,72
321.39,1565238772,6046.24,51.44200868,7.44841504,228.60,34.98,0.00,278.98,1,-73.00,-4.00,39.00,15.00,57.00,17.00,14301721,72
322.39,1565238773,6081.11,51.44205842,7.44792193,228.69,34.95,-0.03,279.83,1,-73.00,-4.00,39.00,15.00,57.00,17.00,14301721,72
323.39,1565238774,6116.06,51.44211441,7.44742266,228.69,34.99,0.04,280.22,1,-76.00,-4.00,40.00,14.00,55.00,17.00,14301721,72
324.39,1565238775,6151.05,51.44217143,7.44693087,228.68,35.09,0.10,281.15,1,-76.00,-4.00,40.00,14.00,55.00,17.00,14301721,72
325.39,1565238776,6186.14,51.44223805,7.44643695,228.49,35.14,0.05,282.23,1,-74.00,-5.00,40.00,15.00,56.00,17.00,14301721,72
326.39,1565238777,6221.28,51.44230621,7.44593910,228.27,35.34,0.20,282.61,1,-74.00,-5.00,40.00,15.00,56.00,17.00,14301721,72
327.39,1565238778,6256.69,51.44237645,7.44543846,227.96,35.65,0.31,282.84,1,-76.00,-5.00,34.00,15.00,53.00,17.00,14301721,72
328.39,1565238779,6292.27,51.44245327,7.44494983,227.56,34.59,-1.07,283.66,1,-76.00,-5.00,34.00,15.00,53.00,17.00,14301721,72
329.40,1565238780,6327.20,51.44252417,7.44448870,227.27,32.28,-2.29,283.36,1,-71.00,-5.00,29.00,15.00,59.00,17.00,14301721,72
330.39,1565238781,6359.16,51.44259240,7.44405433,226.92,31.00,-1.30,282.95,1,-71.00,-5.00,29.00,15.00,59.00,17.00,14301721,72
331.38,1565238782,6390.03,51.44265927,7.44363474,226.70,30.23,-0.77,283.65,1,-71.00,-5.00,29.00,15.00,59.00,17.00,14301721,72
332.39,1565238783,6420.38,51.44272824,7.44321039,226.37,30.48,0.26,284.09,1,-68.00,-6.00,38.00,15.00,63.00,17.00,14301721,72
333.39,1565238784,6450.92,51.44280281,7.44278690,226.39,30.83,0.35,284.85,1,-68.00,-6.00,38.00,15.00,63.00,17.00,14301721,72
334.39,1565238785,6481.69,51.44287642,7.44236228,226.39,30.52,-0.31,285.79,1,-68.00,-5.00,38.00,15.00,62.00,17.00,14301721,72
335.39,1565238786,6512.21,51.44295088,7.44194238,226.03,30.29,-0.23,285.49,1,-68.00,-5.00,38.00,15.00,62.00,17.00,14301721,72
336.39,1565238787,6542.52,51.44302674,7.44152239,225.57,30.74,0.45,285.76,1,-81.00,-10.00,23.00,11.00,54.00,17.00,14301721,72
337.39,1565238788,6573.26,51.44311227,7.44109910,225.13,31.09,0.35,287.08,1,-81.00,-10.00,23.00,11.00,54.00,17.00,14301721,72
338.39,1565238789,6604.32,51.44319761,7.44067254,224.71,31.52,0.43,287.58,1,-72.00,-4.00,25.00,15.00,56.00,1.00,14301723,74
339.39,1565238790,6635.91,51.44328563,7.44023931,224.13,31.86,0.33,287.56,1,-72.00,-4.00,25.00,15.00,56.00,1.00,14301723,74
340.39,1565238791,6667.73,51.44337410,7.43980650,223.39,31.96,0.11,287.77,1,-77.00,-6.00,27.00,15.00,55.00,1.00,14301723,74
341.39,1565238792,6699.66,51.44346227,7.43937218,222.82,31.84,-0.12,287.98,1,-77.00,-6.00,27.00,15.00,55.00,1.00,14301723,74
342.39,1565238793,6731.51,51.44355715,7.43893845,222.08,32.01,0.16,288.33,1,-74.00,-5.00,29.00,15.00,57.00,1.00,14301723,74
343.39,1565238794,6763.51,51.44365260,7.43850508,221.29,32.27,0.26,289.21,1,-74.00,-5.00,29.00,15.00,57.00,1.00,14301723,74
344.39,1565238795,6795.88,51.44375958,7.43807117,220.41,32.70,0.43,290.53,1,-71.00,-5.00,30.00,15.00,60.00,1.00,14301723,74
345.39,1565238796,6828.44,51.44386745,7.43763436,219.41,32.90,0.20,290.66,1,-71.00,-5.00,30.00,15.00,60.00,1.00,14301723,74
346.39,1565238797,6861.41,51.44397664,7.43719159,218.42,33.33,0.43,291.35,1,-76.00,-5.00,31.00,15.00,55.00,1.00,14301723,74
347.39,1565238798,6894.70,51.44408510,7.43674428,217.67,33.31,-0.02,291.41,1,-76.00,-5.00,31.00,15.00,55.00,1.00,14301723,74
348.39,1565238799,6927.98,51.44418932,7.43631204,217.09,33.27,-0.04,291.47,1,-82.00,-5.00,38.00,15.00,49.00,1.00,14301723,74
349.39,1565238800,6961.26,51.44430827,7.43587813,216.43,33.11,-0.16,292.77,1,-82.00,-5.00,38.00,15.00,49.00,1.00,14301723,74
350.40,1565238801,6994.66,51.44442671,7.43544674,215.72,32.92,-0.19,293.03,1,-84.00,-6.00,35.00,15.00,47.00,1.00,14301723,74
351.39,1565238802,7027.32,51.44455441,7.43500074,214.58,32.70,-0.22,294.00,1,-84.00,-6.00,35.00,15.00,47.00,1.00,14301723,74
352.39,1565238803,7060.02,51.44467735,7.43457531,213.34,32.40,-0.30,294.44,1,-84.00,-6.00,35.00,15.00,47.00,1.00,14301723,74
353.39,1565238804,7092.49,51.44480645,7.43416583,212.03,31.84,-0.56,296.09,1,-82.00,-5.00,39.00,15.00,49.00,1.00,14301723,74
354.39,1565238805,7124.26,51.44492828,7.43377729,210.43,31.19,-0.65,296.69,1,-82.00,-5.00,39.00,15.00,49.00,1.00,14301723,74
355.39,1565238806,7155.45,51.44505601,7.43339846,208.80,30.15,-1.03,297.78,1,-84.00,-6.00,22.00,15.00,47.00,1.00,14301723,74
356.39,1565238807,7185.60,51.44518568,7.43301294,207.48,29.70,-0.45,298.69,1,-84.00,-6.00,22.00,15.00,47.00,1.00,14301723,74
357.39,1565238808,7215.31,51.44532085,7.43265774,206.27,28.69,-1.01,300.62,1,-90.00,-8.00,19.00,10.00,44.00,1.00,14301723,74
358.39,1565238809,7244.00,51.44545167,7.43231186,204.89,28.35,-0.34,301.42,1,-90.00,-8.00,19.00,10.00,44.00,1.00,14301723,74
359.39,1565238810,7272.32,51.44558913,7.43197336,203.57,27.68,-0.66,302.07,1,-89.00,-5.00,27.00,12.00,40.00,1.00,14301723,74
360.39,1565238811,7300.06,51.44573553,7.43164085,202.58,27.50,-0.19,304.36,1,-89.00,-5.00,27.00,12.00,40.00,1.00,14301723,74
361.39,1565238812,7327.52,51.44587849,7.43131648,201.64,27.53,0.03,305.01,1,-88.00,-5.00,33.00,15.00,39.00,1.00,14301723,74
362.39,1565238813,7355.05,51.44603029,7.43099578,200.93,27.72,0.19,306.30,1,-88.00,-5.00,33.00,15.00,39.00,1.00,14301723,74
363.39,1565238814,7382.77,51.44618433,7.43067942,200.21,28.06,0.34,307.34,1,-90.00,-5.00,29.00,15.00,40.00,1.00,14301723,74
364.39,1565238815,7410.78,51.44633677,7.43036480,199.44,28.02,-0.04,307.36,1,-90.00,-5.00,29.00,15.00,40.00,1.00,14301723,74
365.39,1565238816,7438.86,51.44649491,7.43005198,198.56,28.30,0.27,308.59,1,-88.00,-6.00,23.00,2.00,48.00,1.00,14301723,74
366.39,1565238817,7467.18,51.44666058,7.42974059,197.69,28.86,0.56,310.15,1,-88.00,-6.00,23.00,2.00,48.00,1.00,14301723,74
367.39,1565238818,7496.01,51.44683294,7.42943108,196.68,29.53,0.67,311.57,1,-94.00,-6.00,17.00,2.00,38.00,1.00,14301723,74
368.39,1565238819,7525.55,51.44701190,7.42912756,195.51,29.80,0.27,313.13,1,-94.00,-6.00,17.00,2.00,38.00,1.00,14301723,74
369.39,1565238820,7555.35,51.44719477,7.42883198,194.21,29.66,-0.14,314.43,1,-95.00,-5.00,16.00,2.00,36.00,1.00,14301723,74
370.39,1565238821,7584.97,51.44737920,7.42853336,192.93,29.75,0.09,314.83,1,-95.00,-5.00,16.00,2.00,36.00,1.00,14301723,74
371.40,1565238822,7615.02,51.44757372,7.42823874,191.67,30.00,0.25,316.37,1,-99.00,-5.00,14.00,2.00,32.00,1.00,14301723,74
372.39,1565238823,7644.75,51.44776359,7.42794793,190.37,29.99,-0.01,317.22,1,-99.00,-5.00,14.00,2.00,32.00,1.00,14301723,74
373.39,1565238824,7674.74,51.44796128,7.42766694,189.08,29.87,-0.13,318.56,1,-99.00,-5.00,14.00,2.00,32.00,1.00,14301723,74
374.39,1565238825,7704.64,51.44816439,7.42739224,187.82,29.83,-0.04,319.93,1,-103.00,-6.00,10.00,2.00,28.00,1.00,14301723,74
375.39,1565238826,7734.46,51.44837431,7.42712389,186.57,30.27,0.45,321.42,1,-103.00,-6.00,10.00,2.00,28.00,1.00,14301723,74
376.39,1565238827,7764.73,51.44859095,7.42685942,185.33,30.67,0.39,322.69,1,-106.00,-6.00,11.00,2.00,26.00,1.00,14301723,74
377.39,1565238828,7795.40,51.44881516,7.42659905,183.97,30.77,0.11,323.70,1,-106.00,-6.00,11.00,2.00,26.00,1.00,14301723,74
378.39,1565238829,7826.20,51.44904324,7.42634588,182.74,30.88,0.10,325.04,1,-108.00,-7.00,5.00,2.00,24.00,1.00,14301723,74
379.39,1565238830,7857.05,51.44927707,7.42609957,181.48,31.32,0.44,326.37,1,-108.00,-7.00,5.00,2.00,24.00,1.00,14301723,74
380.39,1565238831,7888.33,51.44951985,7.42585905,180.36,31.51,0.19,327.93,1,-112.00,-8.00,2.00,2.00,22.00,1.00,14301723,74
381.39,1565238832,7919.87,51.44976882,7.42562460,179.39,31.82,0.31,329.19,1,-112.00,-8.00,2.00,2.00,22.00,1.00,14301723,74
382.39,1565238833,7951.69,51.45001777,7.42539131,178.38,32.14,0.33,329.96,1,-107.00,-9.00,4.00,2.00,27.00,1.00,13806106,40
383.39,1565238834,7983.90,51.45027600,7.42517256,177.52,32.57,0.43,331.50,1,-107.00,-9.00,4.00,2.00,27.00,1.00,13806106,40
384.39,1565238835,8016.44,51.45055311,7.42496314,176.39,34.08,1.51,335.02,1,-108.00,-10.00,-3.00,2.00,28.00,1.00,13806106,40
385.39,1565238836,8050.52,51.45083786,7.42475088,175.54,34.09,0.01,335.62,1,-108.00,-10.00,-3.00,2.00,28.00,1.00,13806106,40
386.39,1565238837,8084.61,51.45112164,7.42455652,174.54,34.01,-0.08,336.96,1,-107.00,-10.00,-4.00,2.00,29.00,1.00,12897051,40
387.39,1565238838,8118.61,51.45141008,7.42435861,173.69,34.12,0.11,337.78,1,-107.00,-10.00,-4.00,2.00,29.00,1.00,12897051,40
388.39,1565238839,8152.66,51.45170298,7.42418117,173.10,33.92,-0.19,339.20,1,-105.00,-13.00,1.00,2.00,33.00,1.00,12897051,119
389.38,1565238840,8186.45,51.45198738,7.42401311,172.55,34.07,0.15,340.10,1,-105.00,-13.00,1.00,2.00,33.00,1.00,12897051,119
390.39,1565238841,8220.69,51.45227086,7.42385880,171.69,34.26,0.20,340.63,1,-97.00,-8.00,13.00,2.00,37.00,1.00,12897051,119
391.39,1565238842,8254.92,51.45256881,7.42371111,170.73,34.69,0.42,342.27,1,-97.00,-8.00,13.00,2.00,37.00,1.00,12897051,119
392.40,1565238843,8289.92,51.45286679,7.42356334,169.84,34.82,0.13,342.70,1,-92.00,-7.00,12.00,2.00,40.00,1.00,12897051,119
393.39,1565238844,8324.46,51.45316098,7.42342156,168.87,34.73,-0.09,342.87,1,-92.00,-7.00,12.00,2.00,40.00,1.00,12897051,119
394.39,1565238845,8359.12,51.45345413,7.42329149,167.92,34.35,-0.38,343.30,1,-92.00,-7.00,12.00,2.00,40.00,1.00,12897051,119
395.39,1565238846,8393.64,51.45374116,7.42316293,166.60,33.97,-0.38,343.19,1,-93.00,-12.00,7.00,6.00,43.00,18.00,12897051,119
396.39,1565238847,8427.55,51.45402872,7.42303263,165.13,33.61,-0.36,343.55,1,-93.00,-12.00,7.00,6.00,43.00,18.00,12897051,119
397.39,1565238848,8461.12,51.45431742,7.42290113,163.69,33.47,-0.14,344.08,1,-83.00,-7.00,7.00,6.00,51.00,10.00,13806106,40
398.39,1565238849,8494.59,51.45459806,7.42277328,162.47,33.07,-0.40,343.68,1,-83.00,-7.00,7.00,6.00,51.00,10.00,13806106,40
399.39,1565238850,8527.60,51.45488017,7.42264296,161.42,32.61,-0.46,343.30,1,-88.00,-6.00,18.00,15.00,45.00,10.00,13806106,40
400.39,1565238851,8560.24,51.45516112,7.42251231,160.45,32.61,0.00,342.84,1,-88.00,-6.00,18.00,15.00,45.00,10.00,13806106,40
401.39,1565238852,8592.85,51.45544405,7.42237230,159.41,32.60,-0.01,342.22,1,-83.00,-7.00,-3.00,6.00,49.00,17.00,12897051,119
402.39,1565238853,8625.46,51.45573434,7.42222669,158.50,33.10,0.50,341.91,1,-83.00,-7.00,-3.00,6.00,49.00,17.00,12897051,119
403.39,1565238854,8658.56,51.45601926,7.42207262,157.79,33.68,0.57,340.69,1,-85.00,-9.00,17.00,12.00,49.00,17.00,12897051,119
404.39,1565238855,8692.24,51.45631023,7.42191372,157.18,34.01,0.33,339.77,1,-85.00,-9.00,17.00,12.00,49.00,17.00,12897051,119
405.39,1565238856,8726.28,51.45659680,7.42174127,156.70,34.39,0.38,339.10,1,-87.00,-8.00,19.00,11.00,47.00,17.00,12897051,119
406.39,1565238857,8760.75,51.45689095,7.42156305,156.45,34.48,0.08,338.22,1,-87.00,-8.00,19.00,11.00,47.00,17.00,12897051,119
407.39,1565238858,8795.15,51.45717836,7.42137148,156.26,34.48,0.00,336.98,1,-89.00,-8.00,3.00,6.00,45.00,17.00,12897051,119
408.39,1565238859,8829.63,51.45746595,7.42117929,156.06,34.73,0.25,336.14,1,-89.00,-8.00,3.00,6.00,45.00,17.00,12897051,119
409.39,1565238860,8864.43,51.45774546,7.42097172,155.71,34.74,0.01,334.89,1,-93.00,-9.00,22.00,11.00,42.00,17.00,12897051,119
410.39,1565238861,8899.17,51.45802173,7.42076662,155.15,34.96,0.22,334.44,1,-93.00,-9.00,22.00,11.00,42.00,17.00,12897051,119
411.39,1565238862,8934.13,51.45830443,7.42053648,154.95,35.30,0.34,333.13,1,-92.00,-10.00,10.00,14.00,43.00,17.00,12897051,119
412.39,1565238863,8969.47,51.45858547,7.42030788,154.78,35.44,0.14,332.59,1,-92.00,-10.00,10.00,14.00,43.00,17.00,12897051,119
413.40,1565238864,9005.12,51.45885850,7.42006606,154.50,35.26,-0.18,330.93,1,-92.00,-10.00,6.00,7.00,45.00,17.00,12897051,119
414.39,1565238865,9040.13,51.45913199,7.41981180,154.21,35.04,-0.22,329.70,1,-92.00,-10.00,6.00,7.00,45.00,17.00,12897051,119
415.39,1565238866,9075.16,51.45940096,7.41955992,154.06,34.95,-0.09,328.96,1,-92.00,-10.00,6.00,7.00,45.00,17.00,12897051,119
416.39,1565238867,9109.98,51.45967139,7.41929253,153.95,35.09,0.14,328.14,1,-84.00,-8.00,9.00,11.00,49.00,17.00,12897051,119
417.39,1565238868,9145.14,51.45993675,7.41901801,153.95,35.15,0.06,326.75,1,-84.00,-8.00,9.00,11.00,49.00,17.00,12897051,119
418.39,1565238869,9180.29,51.46020262,7.41874154,154.01,35.01,-0.14,325.78,1,-83.00,-7.00,13.00,2.00,50.00,17.00,12897051,119
419.39,1565238870,9215.30,51.46046304,7.41845463,154.10,34.98,-0.03,324.99,1,-83.00,-7.00,13.00,2.00,50.00,17.00,12897051,119
420.39,1565238871,9250.25,51.46072091,7.41816743,154.04,35.01,0.03,324.44,1,-86.00,-7.00,-6.00,2.00,46.00,22.00,12897051,119
421.39,1565238872,9285.29,51.46097219,7.41786403,153.97,35.10,0.09,323.19,1,-86.00,-7.00,-6.00,2.00,46.00,22.00,12897051,119
422.39,1565238873,9320.36,51.46122090,7.41754719,153.94,35.24,0.14,321.69,1,-82.00,-6.00,2.00,6.00,50.00,9.00,13806105,39
423.39,1565238874,9355.60,51.46146467,7.41723772,153.78,35.55,0.31,320.84,1,-82.00,-6.00,2.00,6.00,50.00,9.00,13806105,39
424.39,1565238875,9391.22,51.46170672,7.41691328,153.36,35.90,0.35,319.99,1,-82.00,-7.00,32.00,11.00,52.00,9.00,13806105,39
425.39,1565238876,9427.09,51.46195233,7.41657289,152.89,36.27,0.37,318.98,1,-82.00,-7.00,32.00,11.00,52.00,9.00,13806105,39
426.38,1565238877,9463.18,51.46220510,7.41622322,152.43,36.55,0.28,318.10,1,-87.00,-6.00,14.00,9.00,45.00,9.00,13806105,39
427.39,1565238878,9499.88,51.46244902,7.41586252,152.27,36.74,0.18,316.68,1,-87.00,-6.00,14.00,9.00,45.00,9.00,13806105,39
428.39,1565238879,9536.59,51.46269562,7.41548893,152.16,37.02,0.28,316.26,1,-84.00,-6.00,8.00,11.00,46.00,9.00,13806105,39
429.39,1565238880,9573.64,51.46292685,7.41510817,152.07,37.14,0.13,314.47,1,-84.00,-6.00,8.00,11.00,46.00,9.00,13806105,39
430.39,1565238881,9610.82,51.46315840,7.41472530,152.06,37.28,0.14,313.55,1,-89.00,-8.00,10.00,10.00,42.00,9.00,13806105,39
431.39,1565238882,9648.10,51.46338576,7.41433352,152.45,37.42,0.14,312.82,1,-89.00,-8.00,10.00,10.00,42.00,9.00,13806105,39
432.39,1565238883,9685.52,51.46361404,7.41394083,153.00,37.56,0.14,312.30,1,-88.00,-8.00,10.00,10.00,46.00,9.00,13806105,39
433.39,1565238884,9723.19,51.46383842,7.41353471,153.67,37.65,0.09,311.16,1,-88.00,-8.00,10.00,10.00,46.00,9.00,13806105,39
434.40,1565238885,9761.00,51.46406141,7.41313069,154.25,37.03,-0.62,310.48,1,-94.00,-7.00,4.00,5.00,38.00,9.00,13806105,39
435.39,1565238886,9797.73,51.46428372,7.41272856,154.67,36.94,-0.10,311.11,1,-94.00,-7.00,4.00,5.00,38.00,9.00,13806105,39
436.39,1565238887,9834.70,51.46450474,7.41232827,155.09,36.68,-0.26,310.79,1,-94.00,-7.00,4.00,5.00,38.00,9.00,13806105,39
437.39,1565238888,9871.38,51.46471723,7.41192899,155.40,36.43,-0.25,309.80,1,-100.00,-8.00,-1.00,6.00,34.00,14.00,13826329,93
438.39,1565238889,9907.81,51.46492886,7.41152796,155.66,36.18,-0.25,309.16,1,-100.00,-8.00,-1.00,6.00,34.00,14.00,13826329,93
439.39,1565238890,9943.96,51.46513268,7.41112270,155.86,36.06,-0.12,308.56,1,-102.00,-9.00,-1.00,8.00,30.00,14.00,13826329,93
440.39,1565238891,9980.09,51.46533563,7.41072112,156.05,35.89,-0.17,308.16,1,-102.00,-9.00,-1.00,8.00,30.00,14.00,13826329,93
441.39,1565238892,10015.98,51.46553699,7.41031840,156.25,35.66,-0.23,308.06,1,-106.00,-11.00,1.00,7.00,31.00,14.00,13826329,93
442.39,1565238893,10051.65,51.46573621,7.40991664,156.47,35.53,-0.13,307.92,1,-106.00,-11.00,1.00,7.00,31.00,14.00,13826329,93
443.39,1565238894,10087.17,51.46593493,7.40951580,156.68,35.47,-0.06,308.02,1,-101.00,-10.00,0.00,6.00,35.00,37.00,13823003,149
444.39,1565238895,10122.64,51.46613251,7.40911757,156.86,35.45,-0.02,308.18,1,-101.00,-10.00,0.00,6.00,35.00,37.00,13823003,149
445.39,1565238896,10158.06,51.46632999,7.40871485,157.12,35.45,0.01,308.68,1,-98.00,-11.00,-2.00,8.00,39.00,37.00,13823003,149
446.39,1565238897,10193.55,51.46652868,7.40831578,157.32,35.49,0.04,308.81,1,-98.00,-11.00,-2.00,8.00,39.00,37.00,13823003,149
447.39,1565238898,10228.97,51.46672778,7.40791471,157.57,35.52,0.03,309.04,1,-92.00,-7.00,-2.00,6.00,40.00,25.00,12962329,176
448.39,1565238899,10264.49,51.46692725,7.40751568,157.79,35.63,0.10,309.22,1,-92.00,-7.00,-2.00,6.00,40.00,25.00,12962329,176
449.39,1565238900,10300.22,51.46712784,7.40711490,158.04,35.65,0.02,309.38,1,-95.00,-9.00,-4.00,7.00,38.00,25.00,12962329,176
450.39,1565238901,10335.87,51.46733420,7.40672144,158.16,35.34,-0.31,310.22,1,-95.00,-9.00,-4.00,7.00,38.00,25.00,12962329,176
451.39,1565238902,10371.18,51.46753515,7.40633932,158.42,34.50,-0.85,310.42,1,-96.00,-9.00,3.00,5.00,37.00,25.00,12962329,176
452.39,1565238903,10405.68,51.46773279,7.40596118,158.56,34.08,-0.42,310.66,1,-96.00,-9.00,3.00,5.00,37.00,25.00,12962329,176
453.39,1565238904,10439.79,51.46792793,7.40558979,158.80,33.97,-0.10,310.89,1,-97.00,-12.00,-6.00,5.00,41.00,37.00,12897051,119
454.39,1565238905,10473.80,51.46812986,7.40522506,159.12,33.81,-0.16,311.65,1,-97.00,-12.00,-6.00,5.00,41.00,37.00,12897051,119
455.39,1565238906,10507.47,51.46833032,7.40486332,159.45,33.59,-0.22,311.95,1,-102.00,-12.00,-2.00,5.00,36.00,18.00,13826329,93
456.39,1565238907,10541.16,51.46853138,7.40450261,159.82,33.49,-0.10,312.17,1,-102.00,-12.00,-2.00,5.00,36.00,18.00,13826329,93
457.39,1565238908,10574.62,51.46873122,7.40414634,160.15,33.05,-0.44,312.35,1,-102.00,-12.00,-2.00,5.00,36.00,18.00,13826329,93
458.39,1565238909,10607.70,51.46893337,7.40380150,160.52,32.43,-0.62,313.02,1,-97.00,-8.00,7.00,12.00,37.00,50.00,14301723,74
459.40,1565238910,10640.40,51.46913091,7.40346454,160.92,31.83,-0.60,313.46,1,-97.00,-8.00,7.00,12.00,37.00,50.00,14301723,74
460.39,1565238911,10671.98,51.46931966,7.40313819,161.72,31.00,-0.84,313.65,1,-100.00,-9.00,3.00,9.00,35.00,50.00,14301723,74
461.39,1565238912,10702.95,51.46951078,7.40282809,162.05,30.69,-0.31,314.52,1,-100.00,-9.00,3.00,9.00,35.00,50.00,14301723,74
462.39,1565238913,10733.60,51.46970112,7.40251847,161.89,29.96,-0.73,314.80,1,-100.00,-14.00,2.00,8.00,38.00,50.00,14301723,74
463.39,1565238914,10763.56,51.46989226,7.40220616,161.79,29.14,-0.82,314.86,1,-100.00,-14.00,2.00,8.00,38.00,50.00,14301723,74
464.39,1565238915,10792.70,51.47007727,7.40190232,161.80,28.95,-0.19,314.96,1,-100.00,-8.00,6.00,7.00,35.00,50.00,14301723,74
465.39,1565238916,10821.65,51.47025756,7.40160984,161.90,28.52,-0.43,315.38,1,-100.00,-8.00,6.00,7.00,35.00,50.00,14301723,74
466.39,1565238917,10850.17,51.47043779,7.40133656,161.87,28.22,-0.30,316.51,1,-94.00,-6.00,13.00,12.00,38.00,50.00,14301723,74
467.39,1565238918,10878.41,51.47061399,7.40106833,161.77,27.48,-0.73,316.45,1,-94.00,-6.00,13.00,12.00,38.00,50.00,14301723,74
468.39,1565238919,10905.87,51.47078672,7.40080340,161.63,26.78,-0.71,316.38,1,-91.00,-5.00,19.00,12.00,40.00,50.00,14301723,74
469.39,1565238920,10932.67,51.47095991,7.40053740,161.74,26.43,-0.35,316.77,1,-91.00,-5.00,19.00,12.00,40.00,50.00,14301723,74
470.39,1565238921,10959.07,51.47112985,7.40027861,161.75,26.35,-0.07,317.46,1,-91.00,-6.00,17.00,7.00,40.00,50.00,14301723,74
471.39,1565238922,10985.42,51.47129947,7.40002887,161.73,26.17,-0.19,317.74,1,-91.00,-6.00,17.00,7.00,40.00,50.00,14301723,74
472.39,1565238923,11011.56,51.47147259,7.39977467,161.91,25.65,-0.52,317.65,1,-88.00,-6.00,13.00,2.00,47.00,50.00,14301723,74
473.39,1565238924,11037.21,51.47163608,7.39953376,161.91,24.94,-0.71,317.92,1,-88.00,-6.00,13.00,2.00,47.00,50.00,14301723,74
474.39,1565238925,11062.15,51.47180453,7.39928910,162.23,24.42,-0.51,318.25,1,-88.00,-5.00,14.00,2.00,41.00,50.00,14301723,74
475.39,1565238926,11086.57,51.47196544,7.39905527,162.57,23.97,-0.45,318.55,1,-88.00,-5.00,14.00,2.00,41.00,50.00,14301723,74
476.40,1565238927,11110.73,51.47212421,7.39882212,162.95,23.52,-0.45,318.56,1,-89.00,-5.00,19.00,2.00,40.00,50.00,14301723,74
477.39,1565238928,11134.11,51.47228142,7.39859897,163.32,23.38,-0.14,318.78,1,-89.00,-5.00,19.00,2.00,40.00,50.00,14301723,74
478.39,1565238929,11157.47,51.47243875,7.39837363,163.78,23.48,0.10,318.95,1,-89.00,-5.00,19.00,2.00,40.00,50.00,14301723,74
479.39,1565238930,11180.93,51.47259886,7.39814511,164.34,23.71,0.23,319.29,1,-89.00,-5.00,17.00,2.00,40.00,58.00,14301723,74
480.39,1565238931,11204.61,51.47275883,7.39791765,164.88,23.91,0.20,319.27,1,-89.00,-5.00,17.00,2.00,40.00,58.00,14301723,74
481.39,1565238932,11228.57,51.47291987,7.39769071,165.43,23.76,-0.14,319.53,1,-94.00,-5.00,16.00,12.00,32.00,58.00,14301723,74
482.39,1565238933,11252.33,51.47307997,7.39746771,165.96,23.36,-0.40,319.77,1,-94.00,-5.00,16.00,12.00,32.00,58.00,14301723,74
483.39,1565238934,11275.69,51.47324331,7.39725112,166.47,23.41,0.05,320.38,1,-95.00,-5.00,27.00,15.00,32.00,58.00,14301723,74
484.39,1565238935,11299.14,51.47340625,7.39703634,166.87,23.53,0.12,320.84,1,-95.00,-5.00,27.00,15.00,32.00,58.00,14301723,74
485.39,1565238936,11322.65,51.47357622,7.39682531,167.06,23.95,0.42,321.83,1,-96.00,-6.00,22.00,15.00,30.00,58.00,14301723,74
486.39,1565238937,11346.57,51.47374630,7.39661473,167.07,23.94,-0.01,321.06,1,-96.00,-6.00,22.00,15.00,30.00,58.00,14301723,74
487.39,1565238938,11370.53,51.47391931,7.39639768,167.24,24.33,0.39,322.13,1,-96.00,-4.00,28.00,15.00,30.00,58.00,14301723,74
488.39,1565238939,11394.84,51.47409002,7.39618424,167.32,24.34,0.02,322.73,1,-96.00,-4.00,28.00,15.00,30.00,58.00,14301723,74
489.39,1565238940,11419.20,51.47426449,7.39597560,167.39,24.24,-0.11,322.95,1,-103.00,-5.00,24.00,10.00,27.00,58.00,14301723,74
490.39,1565238941,11443.44,51.47444003,7.39576673,167.60,24.27,0.03,323.30,1,-103.00,-5.00,24.00,10.00,27.00,58.00,14301723,74
491.39,1565238942,11467.73,51.47462110,7.39555693,167.78,24.52,0.25,324.10,1,-109.00,-8.00,-3.00,2.00,28.00,58.00,14301723,74
492.39,1565238943,11492.25,51.47479992,7.39534701,167.90,24.73,0.21,324.75,1,-109.00,-8.00,-3.00,2.00,28.00,58.00,14301723,74
493.39,1565238944,11516.95,51.47499042,7.39514271,168.19,25.02,0.29,326.94,1,-111.00,-11.00,-3.00,2.00,25.00,58.00,14301723,74
494.39,1565238945,11541.97,51.47518731,7.39495129,168.74,25.44,0.42,328.54,1,-111.00,-11.00,-3.00,2.00,25.00,58.00,14301723,74
495.39,1565238946,11567.33,51.47538636,7.39476580,169.26,25.81,0.37,329.73,1,-106.00,-9.00,1.00,2.00,29.00,58.00,12962329,176
496.39,1565238947,11593.14,51.47558842,7.39457561,169.74,25.85,0.04,330.31,1,-106.00,-9.00,1.00,2.00,29.00,58.00,12962329,176
497.40,1565238948,11619.25,51.47579053,7.39438534,170.24,25.92,0.07,330.72,1,-105.00,-9.00,2.00,2.00,29.00,58.00,12962329,176
498.39,1565238949,11644.96,51.47599345,7.39419534,170.91,25.80,-0.12,330.48,1,-105.00,-9.00,2.00,2.00,29.00,58.00,12962329,176
499.39,1565238950,11670.77,51.47619881,7.39401643,171.60,26.01,0.21,331.44,1,-105.00,-9.00,2.00,2.00,29.00,58.00,12962329,176
500.39,1565238951,11696.78,51.47640661,7.39384156,172.17,25.67,-0.34,332.47,1,-105.00,-8.00,3.00,2.00,28.00,58.00,13884187,449
501.39,1565238952,11722.48,51.47661421,7.39368018,172.69,25.52,-0.15,334.72,1,-105.00,-8.00,3.00,2.00,28.00,58.00,13884187,449
502.39,1565238953,11747.95,51.47681934,7.39352096,173.42,24.95,-0.58,335.25,1,-105.00,-8.00,4.00,2.00,28.00,58.00,13884187,449
503.39,1565238954,11772.90,51.47702324,7.39337534,174.22,24.48,-0.47,336.48,1,-105.00,-8.00,4.00,2.00,28.00,58.00,13884187,449
504.39,1565238955,11797.43,51.47722270,7.39324639,175.03,23.49,-0.99,338.54,1,-109.00,-11.00,-2.00,2.00,27.00,58.00,13884187,449
505.39,1565238956,11820.92,51.47742435,7.39314151,175.89,22.33,-1.16,343.03,1,-109.00,-11.00,-2.00,2.00,27.00,58.00,13884187,449
506.39,1565238957,11843.18,51.47761402,7.39306814,176.52,21.16,-1.17,347.23,1,-104.00,-9.00,1.00,2.00,31.00,58.00,12962329,176
507.39,1565238958,11864.36,51.47779482,7.39303569,177.10,20.52,-0.64,354.14,1,-104.00,-9.00,1.00,2.00,31.00,58.00,12962329,176
508.39,1565238959,11884.88,51.47798308,7.39303545,177.16,20.75,0.24,1.84,1,-98.00,-9.00,7.00,2.00,36.00,58.00,12962329,176
509.38,1565238960,11905.57,51.47816761,7.39307267,177.27,20.02,-0.74,8.51,1,-98.00,-9.00,7.00,2.00,36.00,58.00,12962329,176
510.39,1565238961,11925.65,51.47833931,7.39315018,177.36,19.34,-0.68,17.08,1,-97.00,-8.00,10.00,2.00,36.00,58.00,12962329,176
511.39,1565238962,11945.01,51.47850397,7.39323557,177.10,18.58,-0.76,19.30,1,-97.00,-8.00,10.00,2.00,36.00,58.00,12962329,176
512.39,1565238963,11963.59,51.47865523,7.39333601,176.78,17.97,-0.61,22.75,1,-97.00,-8.00,11.00,2.00,36.00,58.00,12962329,176
513.39,1565238964,11981.54,51.47879096,7.39344410,176.82,16.69,-1.28,25.74,1,-97.00,-8.00,11.00,2.00,36.00,58.00,12962329,176
514.39,1565238965,11998.23,51.47891910,7.39355947,177.17,15.78,-0.91,28.36,1,-100.00,-7.00,-1.00,2.00,32.00,58.00,12962329,176
515.39,1565238966,12014.01,51.47904678,7.39367274,176.97,14.87,-0.92,27.35,1,-100.00,-7.00,-1.00,2.00,32.00,58.00,12962329,176
516.39,1565238967,12028.89,51.47918453,7.39374892,177.13,14.43,-0.43,13.82,1,-100.00,-7.00,4.00,2.00,32.00,58.00,13884187,449
517.39,1565238968,12043.34,51.47931266,7.39379738,178.15,14.40,-0.04,9.81,1,-100.00,-7.00,4.00,2.00,32.00,58.00,13884187,449
518.39,1565238969,12057.74,51.47942906,7.39377872,179.41,14.50,0.10,348.33,1,-99.00,-6.00,16.00,2.00,33.00,58.00,13884187,449
519.39,1565238970,12072.23,51.47954636,7.39373551,180.86,14.41,-0.09,344.96,1,-99.00,-6.00,16.00,2.00,33.00,58.00,13884187,449
520.40,1565238971,12086.74,51.47966895,7.39366886,182.12,14.93,0.51,341.45,1,-85.00,-6.00,17.00,15.00,46.00,10.00,13884187,449
521.39,1565238972,12101.61,51.47978986,7.39359160,182.98,15.01,0.09,338.88,1,-85.00,-6.00,17.00,15.00,46.00,10.00,13884187,449
522.38,1565238973,12116.51,51.47989559,7.39351183,183.69,14.41,-0.61,337.85,1,-85.00,-6.00,17.00,15.00,46.00,10.00,13884187,449
523.39,1565238974,12130.93,51.48000694,7.39344175,184.40,12.97,-1.43,339.96,1,-90.00,-5.00,22.00,12.00,40.00,10.00,13884187,449
524.39,1565238975,12143.92,51.48011254,7.39343625,184.98,10.85,-2.12,2.05,1,-90.00,-5.00,22.00,12.00,40.00,10.00,13884187,449
525.39,1565238976,12154.78,51.48021914,7.39348533,185.18,11.01,0.16,21.10,1,-92.00,-5.00,19.00,14.00,35.00,10.00,13884187,449
526.39,1565238977,12165.77,51.48030608,7.39357971,185.23,11.89,0.89,39.16,1,-92.00,-5.00,19.00,14.00,35.00,10.00,13884187,449
527.39,1565238978,12177.67,51.48036483,7.39371281,185.26,12.31,0.42,59.01,1,-100.00,-6.00,14.00,14.00,32.00,10.00,13884187,449
528.39,1565238979,12189.99,51.48042144,7.39385969,185.47,13.19,0.88,59.93,1,-100.00,-6.00,14.00,14.00,32.00,10.00,13884187,449
529.39,1565238980,12203.16,51.48048326,7.39401597,185.48,14.23,1.04,59.60,1,-97.00,-6.00,13.00,11.00,35.00,10.00,13884187,449
530.39,1565238981,12217.41,51.48055142,7.39420407,185.50,15.23,1.00,58.93,1,-97.00,-6.00,13.00,11.00,35.00,10.00,13884187,449
531.39,1565238982,12232.63,51.48062408,7.39439989,185.79,16.10,0.87,59.70,1,-83.00,-5.00,19.00,15.00,49.00,10.00,13884187,449
532.39,1565238983,12248.74,51.48069432,7.39460809,186.24,16.57,0.47,60.56,1,-83.00,-5.00,19.00,15.00,49.00,10.00,13884187,449
533.39,1565238984,12265.31,51.48076495,7.39481545,186.68,16.95,0.38,59.91,1,-93.00,-6.00,13.00,13.00,39.00,10.00,13884187,449
534.39,1565238985,12282.26,51.48083414,7.39501272,186.71,16.71,-0.24,60.62,1,-93.00,-6.00,13.00,13.00,39.00,10.00,13884187,449
535.39,1565238986,12298.95,51.48090684,7.39521992,186.72,16.92,0.21,59.73,1,-86.00,-5.00,16.00,2.00,46.00,10.00,13884187,449
536.39,1565238987,12315.87,51.48098534,7.39543188,186.62,17.36,0.45,58.99,1,-86.00,-5.00,16.00,2.00,46.00,10.00,13884187,449
537.39,1565238988,12333.23,51.48105560,7.39563413,186.41,16.35,-1.01,60.73,1,-87.00,-6.00,3.00,2.00,45.00,10.00,13884187,449
538.38,1565238989,12349.53,51.48112869,7.39584597,186.25,16.65,0.30,59.80,1,-87.00,-6.00,3.00,2.00,45.00,10.00,13884187,449
539.39,1565238990,12366.23,51.48119789,7.39604863,186.05,16.40,-0.25,59.90,1,-90.00,-7.00,12.00,2.00,43.00,10.00,13884187,449
540.39,1565238991,12382.65,51.48127354,7.39626183,185.72,16.18,-0.22,60.42,1,-90.00,-7.00,12.00,2.00,43.00,10.00,13884187,449
541.40,1565238992,12398.95,51.48134734,7.39647062,185.30,16.25,0.07,59.90,1,-98.00,-8.00,2.00,11.00,34.00,8.00,13884187,449
542.39,1565238993,12415.09,51.48142518,7.39667473,185.00,16.35,0.10,59.29,1,-98.00,-8.00,2.00,11.00,34.00,8.00,13884187,449
543.39,1565238994,12431.44,51.48150176,7.39687349,185.02,16.35,-0.00,59.24,1,-98.00,-8.00,2.00,11.00,34.00,8.00,13884187,449
544.39,1565238995,12447.83,51.48158037,7.39708101,184.85,16.49,0.15,58.49,1,-104.00,-9.00,18.00,9.00,30.00,8.00,13884187,449
545.39,1565238996,12464.31,51.48165751,7.39727730,184.84,16.40,-0.10,57.61,1,-104.00,-9.00,18.00,9.00,30.00,8.00,13884187,449
546.39,1565238997,12480.69,51.48173562,7.39747309,184.81,16.26,-0.14,56.61,1,-103.00,-8.00,9.00,10.00,31.00,8.00,13884187,449
547.39,1565238998,12496.95,51.48182020,7.39766629,184.91,16.10,-0.16,55.39,1,-103.00,-8.00,9.00,10.00,31.00,8.00,13884187,449
548.39,1565238999,12513.03,51.48190487,7.39785150,185.13,15.92,-0.17,54.31,1,-101.00,-8.00,20.00,9.00,33.00,8.00,13884187,449
549.39,1565239000,12528.97,51.48199278,7.39803385,185.36,15.78,-0.14,52.95,1,-101.00,-8.00,20.00,9.00,33.00,8.00,13884187,449
550.39,1565239001,12544.75,51.48208335,7.39820883,185.46,15.54,-0.24,51.41,1,-96.00,-8.00,6.00,2.00,42.00,8.00,13884187,449
551.39,1565239002,12560.29,51.48217293,7.39837075,185.49,15.21,-0.33,49.62,1,-96.00,-8.00,6.00,2.00,42.00,8.00,13884187,449
552.39,1565239003,12575.46,51.48226713,7.39852674,185.48,14.73,-0.48,47.62,1,-95.00,-7.00,7.00,2.00,37.00,8.00,13884187,449
553.39,1565239004,12590.20,51.48235619,7.39866144,185.37,14.36,-0.36,45.51,1,-95.00,-7.00,7.00,2.00,37.00,8.00,13884187,449
554.39,1565239005,12604.56,51.48244982,7.39878978,185.04,14.31,-0.05,42.99,1,-97.00,-8.00,2.00,2.00,37.00,8.00,13884187,449
555.39,1565239006,12618.88,51.48254604,7.39890659,184.83,14.27,-0.05,40.70,1,-97.00,-8.00,2.00,2.00,37.00,8.00,13884187,449
556.39,1565239007,12633.15,51.48264632,7.39901950,184.62,13.91,-0.36,38.71,1,-98.00,-10.00,-1.00,2.00,37.00,8.00,13884187,449
557.39,1565239008,12647.04,51.48275034,7.39913274,184.32,13.68,-0.23,36.95,1,-98.00,-10.00,-1.00,2.00,37.00,8.00,13884187,449
558.38,1565239009,12660.68,51.48285942,7.39925020,183.77,13.84,0.16,35.38,1,-100.00,-12.00,6.00,2.00,36.00,8.00,13884187,449
559.39,1565239010,12674.58,51.48297488,7.39937711,183.25,14.23,0.39,34.70,1,-100.00,-12.00,6.00,2.00,36.00,8.00,13884187,449
560.39,1565239011,12688.81,51.48309111,7.39949465,183.50,14.56,0.33,33.94,1,-90.00,-6.00,10.00,10.00,39.00,6.00,13884186,217
561.39,1565239012,12703.40,51.48320794,7.39961038,184.11,14.91,0.35,33.39,1,-90.00,-6.00,10.00,10.00,39.00,6.00,13884186,217
562.40,1565239013,12718.39,51.48332951,7.39972323,184.48,15.10,0.18,32.71,1,-92.00,-7.00,6.00,10.00,40.00,6.00,13884186,217
563.39,1565239014,12733.38,51.48344088,7.39982730,185.08,15.30,0.20,33.44,1,-92.00,-7.00,6.00,10.00,40.00,6.00,13884186,217
564.39,1565239015,12748.69,51.48355720,7.39994704,185.77,15.57,0.27,34.06,1,-92.00,-7.00,6.00,10.00,40.00,6.00,13884186,217
565.39,1565239016,12764.23,51.48367844,7.40007272,186.57,16.09,0.52,35.06,1,-100.00,-8.00,2.00,6.00,33.00,6.00,13884186,217
566.39,1565239017,12780.34,51.48380039,7.40020904,187.13,16.44,0.35,35.88,1,-100.00,-8.00,2.00,6.00,33.00,6.00,13884186,217
567.39,1565239018,12796.78,51.48392020,7.40034304,187.72,16.41,-0.03,36.54,1,-92.00,-6.00,17.00,12.00,39.00,6.00,13884186,217
568.39,1565239019,12813.19,51.48403631,7.40047844,188.07,16.57,0.16,37.00,1,-92.00,-6.00,17.00,12.00,39.00,6.00,13884186,217
569.39,1565239020,12829.78,51.48415255,7.40061283,188.44,16.52,-0.05,37.66,1,-100.00,-8.00,7.00,7.00,34.00,6.00,13884186,217
570.39,1565239021,12846.29,51.48427269,7.40076492,188.58,16.78,0.25,38.64,1,-100.00,-8.00,7.00,7.00,34.00,6.00,13884186,217
571.39,1565239022,12863.06,51.48439474,7.40092323,188.42,17.01,0.23,39.20,1,-98.00,-7.00,9.00,7.00,35.00,6.00,13884186,217
572.39,1565239023,12880.07,51.48451467,7.40108679,188.18,16.94,-0.07,40.09,1,-98.00,-7.00,9.00,7.00,35.00,6.00,13884186,217
573.39,1565239024,12897.01,51.48463587,7.40125282,187.99,16.96,0.02,40.95,1,-100.00,-8.00,3.00,7.00,34.00,6.00,13884186,217
574.39,1565239025,12913.97,51.48474630,7.40141475,187.59,16.97,0.01,41.71,1,-100.00,-8.00,3.00,7.00,34.00,6.00,13884186,217
575.39,1565239026,12930.92,51.48485609,7.40158322,186.96,16.72,-0.25,42.81,1,-97.00,-7.00,3.00,2.00,39.00,6.00,13884186,217
576.39,1565239027,12947.65,51.48495939,7.40175377,186.41,16.75,0.03,43.86,1,-97.00,-7.00,3.00,2.00,39.00,6.00,13884186,217
577.38,1565239028,12964.33,51.48506633,7.40193179,185.85,17.11,0.36,44.94,1,-99.00,-8.00,8.00,2.00,34.00,6.00,13884186,217
578.39,1565239029,12981.53,51.48517310,7.40211451,185.32,17.24,0.12,45.94,1,-99.00,-8.00,8.00,2.00,34.00,6.00,13884186,217
579.38,1565239030,12998.70,51.48528659,7.40230720,184.99,17.46,0.23,46.85,1,-99.00,-8.00,5.00,2.00,35.00,6.00,13884186,217
580.39,1565239031,13016.21,51.48539353,7.40250243,184.63,17.51,0.05,47.81,1,-99.00,-8.00,5.00,2.00,35.00,6.00,13884186,217
581.39,1565239032,13033.76,51.48549759,7.40269665,184.33,17.46,-0.05,48.70,1,-95.00,-7.00,14.00,13.00,37.00,6.00,13884186,217
582.39,1565239033,13051.21,51.48559690,7.40289675,184.02,17.52,0.06,49.51,1,-95.00,-7.00,14.00,13.00,37.00,6.00,13884186,217
583.39,1565239034,13068.83,51.48569187,7.40309130,183.68,17.51,-0.02,50.33,1,-90.00,-6.00,26.00,9.00,41.00,6.00,13884186,217
584.39,1565239035,13086.24,51.48578258,7.40328924,183.30,17.57,0.06,51.19,1,-90.00,-6.00,26.00,9.00,41.00,6.00,13884186,217
585.39,1565239036,13103.80,51.48587632,7.40349461,182.91,17.57,0.00,52.21,1,-90.00,-6.00,26.00,9.00,41.00,6.00,13884186,217
586.39,1565239037,13121.39,51.48596898,7.40369850,182.52,17.65,0.07,53.11,1,-89.00,-6.00,28.00,15.00,42.00,6.00,13884186,217
587.39,1565239038,13138.97,51.48606029,7.40390906,182.37,17.55,-0.09,53.67,1,-89.00,-6.00,28.00,15.00,42.00,6.00,13884186,217
588.39,1565239039,13156.58,51.48614767,7.40412437,182.15,17.22,-0.33,55.21,1,-92.00,-7.00,9.00,11.00,40.00,6.00,13884186,217
589.39,1565239040,13173.80,51.48622455,7.40433552,181.86,16.45,-0.77,57.82,1,-92.00,-7.00,9.00,11.00,40.00,6.00,13884186,217
590.39,1565239041,13190.23,51.48630095,7.40454252,181.60,17.04,0.59,58.22,1,-88.00,-6.00,6.00,12.00,43.00,12.00,13821978,171
591.39,1565239042,13207.27,51.48637870,7.40475229,181.44,16.89,-0.15,58.39,1,-88.00,-6.00,6.00,12.00,43.00,12.00,13821978,171
592.39,1565239043,13224.18,51.48645385,7.40495730,181.36,16.94,0.05,58.78,1,-89.00,-7.00,8.00,14.00,44.00,12.00,13821978,171
593.39,1565239044,13241.11,51.48652520,7.40516291,181.22,16.76,-0.17,59.36,1,-89.00,-7.00,8.00,14.00,44.00,12.00,13821978,171
594.39,1565239045,13257.84,51.48660091,7.40538076,180.93,16.78,0.02,60.30,1,-81.00,-5.00,25.00,13.00,48.00,12.00,13821978,171
595.39,1565239046,13274.71,51.48667354,7.40560384,180.56,16.80,0.02,61.11,1,-81.00,-5.00,25.00,13.00,48.00,12.00,13821978,171
596.39,1565239047,13291.43,51.48674199,7.40582830,180.26,16.68,-0.11,62.21,1,-82.00,-6.00,5.00,15.00,47.00,4.00,13828122,171
597.39,1565239048,13308.12,51.48680379,7.40605562,180.29,16.52,-0.16,63.40,1,-82.00,-6.00,5.00,15.00,47.00,4.00,13828122,171
598.39,1565239049,13324.64,51.48686708,7.40628431,180.12,16.25,-0.27,64.86,1,-75.00,-6.00,12.00,12.00,56.00,4.00,13828122,452
599.39,1565239050,13340.89,51.48692696,7.40650888,179.83,16.25,-0.01,66.13,1,-75.00,-6.00,12.00,12.00,56.00,4.00,13828122,452
600.39,1565239051,13357.17,51.48698275,7.40673357,179.54,16.73,0.48,67.26,1,-79.00,-6.00,8.00,15.00,51.00,4.00,13828122,452
601.39,1565239052,13373.86,51.48703543,7.40695966,179.06,16.36,-0.37,68.26,1,-79.00,-6.00,8.00,15.00,51.00,4.00,13828122,452
602.39,1565239053,13390.23,51.48708506,7.40717440,178.42,16.41,0.04,69.14,1,-74.00,-6.00,22.00,12.00,58.00,4.00,13828122,452
603.39,1565239054,13406.64,51.48713457,7.40740106,178.33,16.07,-0.34,70.08,1,-74.00,-6.00,22.00,12.00,58.00,4.00,13828122,452
604.39,1565239055,13422.82,51.48717726,7.40761983,177.99,16.43,0.36,71.06,1,-70.00,-6.00,12.00,14.00,60.00,4.00,13828122,452
605.39,1565239056,13439.14,51.48721687,7.40784955,177.25,16.32,-0.11,71.94,1,-70.00,-6.00,12.00,14.00,60.00,4.00,13828122,452
606.39,1565239057,13455.46,51.48725790,7.40807654,177.17,16.04,-0.29,72.81,1,-70.00,-6.00,12.00,14.00,60.00,4.00,13828122,452
607.39,1565239058,13471.50,51.48729315,7.40830204,177.25,15.90,-0.14,74.03,1,-75.00,-5.00,18.00,13.00,54.00,4.00,13828122,452
608.39,1565239059,13487.39,51.48732113,7.40851920,176.91,16.29,0.39,75.08,1,-75.00,-5.00,18.00,13.00,54.00,4.00,13828122,452
609.39,1565239060,13503.69,51.48735355,7.40875915,176.71,16.18,-0.11,76.12,1,-75.00,-4.00,23.00,2.00,57.00,4.00,13828122,452
610.39,1565239061,13519.90,51.48738569,7.40900022,176.83,16.05,-0.13,77.02,1,-75.00,-4.00,23.00,2.00,57.00,4.00,13828122,452
611.39,1565239062,13535.95,51.48741414,7.40924001,176.71,16.13,0.09,77.85,1,-76.00,-5.00,18.00,2.00,53.00,5.00,13828122,452
612.39,1565239063,13552.08,51.48744031,7.40946449,176.61,16.13,-0.00,78.25,1,-76.00,-5.00,18.00,2.00,53.00,5.00,13828122,452
613.39,1565239064,13568.18,51.48746580,7.40969005,176.53,16.59,0.46,78.68,1,-77.00,-5.00,19.00,15.00,54.00,5.00,13828122,452
614.39,1565239065,13584.78,51.48749055,7.40992414,176.56,16.39,-0.20,79.54,1,-77.00,-5.00,19.00,15.00,54.00,5.00,13828122,452
615.39,1565239066,13601.18,51.48751354,7.41015398,176.21,15.17,-1.22,80.28,1,-88.00,-6.00,8.00,11.00,43.00,5.00,13828122,452
616.39,1565239067,13616.33,51.48752954,7.41035349,175.69,13.06,-2.11,81.32,1,-88.00,-6.00,8.00,11.00,43.00,5.00,13828122,452
617.39,1565239068,13629.40,51.48754381,7.41052949,174.99,11.39,-1.67,82.80,1,-89.00,-7.00,8.00,11.00,44.00,5.00,13828122,452
618.39,1565239069,13640.80,51.48755133,7.41067459,174.63,9.91,-1.48,83.78,1,-89.00,-7.00,8.00,11.00,44.00,5.00,13828122,452
619.39,1565239070,13650.70,51.48755651,7.41080130,174.26,8.11,-1.80,83.75,1,-90.00,-7.00,4.00,11.00,42.00,5.00,13828122,452
620.39,1565239071,13658.81,51.48758629,7.41091613,173.75,7.29,-0.81,62.79,1,-90.00,-7.00,4.00,11.00,42.00,5.00,13828122,452
621.39,1565239072,13666.10,51.48763358,7.41099238,173.17,7.95,0.66,36.64,1,-90.00,-7.00,7.00,10.00,43.00,5.00,13828122,452
622.39,1565239073,13674.04,51.48768724,7.41103531,172.41,8.41,0.46,17.55,1,-90.00,-7.00,7.00,10.00,43.00,5.00,13828122,452
623.39,1565239074,13682.45,51.48774147,7.41103476,172.15,8.65,0.24,0.08,1,-91.00,-7.00,7.00,10.00,42.00,7.00,13821978,452
624.39,1565239075,13691.11,51.48779729,7.41102012,171.65,8.91,0.26,356.65,1,-91.00,-7.00,7.00,10.00,42.00,7.00,13821978,452
625.40,1565239076,13700.11,51.48786343,7.41100186,171.28,9.63,0.71,354.85,1,-86.00,-7.00,28.00,9.00,46.00,7.00,13821978,171
626.39,1565239077,13709.66,51.48794985,7.41098134,170.76,10.37,0.74,353.71,1,-86.00,-7.00,28.00,9.00,46.00,7.00,13821978,171
627.39,1565239078,13720.03,51.48804509,7.41096431,170.61,11.45,1.09,353.07,1,-86.00,-7.00,28.00,9.00,46.00,7.00,13821978,171
628.39,1565239079,13731.47,51.48815761,7.41094054,170.76,11.89,0.44,352.51,1,-85.00,-6.00,24.00,10.00,46.00,7.00,13821978,171
629.39,1565239080,13743.37,51.48826031,7.41091398,170.87,12.13,0.24,351.99,1,-85.00,-6.00,24.00,10.00,46.00,7.00,13821978,171
630.39,1565239081,13755.48,51.48836846,7.41088467,170.91,12.44,0.31,351.44,1,-83.00,-6.00,32.00,12.00,48.00,7.00,13821978,171
631.39,1565239082,13767.92,51.48848663,7.41085322,170.78,12.73,0.29,350.93,1,-83.00,-6.00,32.00,12.00,48.00,7.00,13821978,171
632.39,1565239083,13780.66,51.48860330,7.41081778,170.73,12.77,0.05,350.51,1,-77.00,-5.00,31.00,15.00,54.00,7.00,13821978,171
633.39,1565239084,13793.46,51.48871448,7.41077903,170.62,13.07,0.29,349.95,1,-77.00,-5.00,31.00,15.00,54.00,7.00,13821978,171
634.39,1565239085,13806.49,51.48882517,7.41074022,170.54,13.11,0.04,349.23,1,-80.00,-7.00,16.00,2.00,50.00,5.00,13821978,171
635.39,1565239086,13819.60,51.48893783,7.41069565,170.60,13.29,0.18,348.43,1,-80.00,-7.00,16.00,2.00,50.00,5.00,13821978,171
636.39,1565239087,13832.90,51.48905281,7.41065157,170.64,13.49,0.21,347.66,1,-75.00,-6.00,11.00,15.00,55.00,5.00,13821978,171
637.39,1565239088,13846.41,51.48916638,7.41060625,170.42,13.79,0.29,347.00,1,-75.00,-6.00,11.00,15.00,55.00,5.00,13821978,171
638.39,1565239089,13860.16,51.48928422,7.41055901,170.34,13.69,-0.10,346.64,1,-72.00,-5.00,27.00,15.00,56.00,5.00,13821978,171
639.39,1565239090,13873.87,51.48939802,7.41051129,170.29,13.17,-0.51,346.73,1,-72.00,-5.00,27.00,15.00,56.00,5.00,13821978,171
640.39,1565239091,13887.02,51.48950243,7.41046905,170.13,12.16,-1.01,347.54,1,-73.00,-5.00,25.00,15.00,57.00,5.00,13821978,171
641.39,1565239092,13899.17,51.48960212,7.41042936,169.85,11.27,-0.89,347.26,1,-73.00,-5.00,25.00,15.00,57.00,5.00,13821978,171
642.39,1565239093,13910.44,51.48969112,7.41039267,169.38,10.00,-1.27,347.84,1,-77.00,-5.00,24.00,15.00,54.00,5.00,13821978,171
643.39,1565239094,13920.44,51.48977473,7.41036604,169.19,9.46,-0.53,348.25,1,-77.00,-5.00,24.00,15.00,54.00,5.00,13821978,171
644.39,1565239095,13929.90,51.48985301,7.41033295,168.90,8.00,-1.46,347.71,1,-81.00,-6.00,14.00,11.00,51.00,5.00,13821978,171
645.39,1565239096,13937.91,51.48991480,7.41030578,168.32,6.93,-1.07,349.59,1,-81.00,-6.00,14.00,11.00,51.00,5.00,13821978,171
646.40,1565239097,13944.91,51.48995591,7.41030660,167.77,4.47,-2.43,7.19,1,-78.00,-6.00,16.00,11.00,54.00,5.00,13821978,171
647.39,1565239098,13949.33,51.48999133,7.41033421,167.73,3.97,-0.51,38.30,1,-78.00,-6.00,16.00,11.00,54.00,5.00,13821978,171
648.39,1565239099,13953.29,51.49001264,7.41039817,167.68,4.94,0.97,66.70,1,-78.00,-6.00,16.00,11.00,54.00,5.00,13821978,171
649.39,1565239100,13958.23,51.49003202,7.41046704,167.78,6.62,1.68,68.88,1,-79.00,-5.00,13.00,13.00,50.00,5.00,13821978,171
650.39,1565239101,13964.85,51.49005545,7.41057088,167.57,8.29,1.67,71.73,1,-79.00,-5.00,13.00,13.00,50.00,5.00,13821978,171
