0.00,1565066950,0.00,51.45001706,7.48823037,253.11,9.62,0.00,170.83,1,-98.00,-4.00,13.00,14.00,25.00,7.00,13415170,315
1.03,1565066951,9.86,51.44992506,7.48826350,252.91,10.33,0.68,170.57,1,-98.00,-4.00,13.00,14.00,25.00,7.00,13415170,315
2.03,1565066952,20.19,51.44983420,7.48830083,252.60,11.22,0.90,171.24,1,-97.00,-5.00,16.00,12.00,26.00,7.00,13415170,315
3.03,1565066953,31.43,51.44974904,7.48833761,252.29,12.01,0.78,170.84,1,-97.00,-5.00,16.00,12.00,26.00,7.00,13415170,315
4.03,1565066954,43.42,51.44963896,7.48836586,251.97,12.07,0.06,172.28,1,-101.00,-5.00,21.00,11.00,23.00,7.00,13415170,315
5.03,1565066955,55.49,51.44952390,7.48839468,251.86,13.18,1.12,174.02,1,-101.00,-5.00,21.00,11.00,23.00,7.00,13415170,315
6.03,1565066956,68.67,51.44940298,7.48841814,251.91,13.67,0.49,176.03,1,-101.00,-4.00,5.00,11.00,24.00,7.00,13415170,315
7.03,1565066957,82.34,51.44927224,7.48842755,252.34,13.67,-0.00,177.39,1,-101.00,-4.00,5.00,11.00,24.00,7.00,13415170,315
8.03,1565066958,96.03,51.44913559,7.48842398,253.16,13.76,0.09,179.46,1,-102.00,-7.00,9.00,12.00,26.00,7.00,13415170,315
9.03,1565066959,109.77,51.44899794,7.48841763,253.50,14.30,0.54,182.38,1,-102.00,-7.00,9.00,12.00,26.00,7.00,13415170,315
10.03,1565066960,124.08,51.44887441,7.48840051,253.88,12.98,-1.32,184.27,1,-107.00,-6.00,12.00,10.00,20.00,7.00,13415170,315
11.03,1565066961,137.06,51.44875605,7.48838258,253.78,14.00,1.02,185.22,1,-107.00,-6.00,12.00,10.00,20.00,7.00,13415170,315
12.04,1565066962,151.25,51.44862038,7.48835172,254.14,13.59,-0.41,186.41,1,-110.00,-9.00,2.00,7.00,18.00,7.00,13415170,315
13.03,1565066963,164.69,51.44848972,7.48829845,254.53,13.39,-0.21,189.90,1,-110.00,-9.00,2.00,7.00,18.00,7.00,13415170,315
14.03,1565066964,178.09,51.44835799,7.48824316,255.05,13.66,0.27,191.16,1,-110.00,-9.00,2.00,7.00,18.00,7.00,13415170,315
15.03,1565066965,191.72,51.44823108,7.48818519,255.68,14.77,1.11,192.44,1,-112.00,-10.00,-1.00,6.00,19.00,7.00,13415170,315
16.03,1565066966,206.51,51.44809966,7.48813291,255.96,14.83,0.06,193.07,1,-112.00,-10.00,-1.00,6.00,19.00,7.00,13415170,315
17.03,1565066967,221.34,51.44796385,7.48807218,256.48,14.67,-0.16,193.22,1,-114.00,-12.00,-4.00,5.00,17.00,7.00,13415170,315
18.03,1565066968,236.01,51.44784008,7.48801388,256.93,13.96,-0.71,192.28,1,-114.00,-12.00,-4.00,5.00,17.00,7.00,13415170,315
19.03,1565066969,249.96,51.44771522,7.48797051,257.04,12.89,-1.07,190.32,1,-114.00,-12.00,-3.00,6.00,17.00,57.00,12973570,334
20.03,1565066970,262.86,51.44759946,7.48793281,256.97,11.93,-0.96,189.45,1,-114.00,-12.00,-3.00,6.00,17.00,57.00,12973570,334
21.03,1565066971,274.79,51.44748591,7.48791387,257.09,11.80,-0.13,187.42,1,-113.00,-13.00,-6.00,7.00,19.00,57.00,12973570,334
22.03,1565066972,286.58,51.44736058,7.48789757,257.41,11.77,-0.03,184.53,1,-113.00,-13.00,-6.00,7.00,19.00,57.00,12973570,334
23.03,1565066973,298.35,51.44723084,7.48789861,257.82,13.27,1.50,180.99,1,-112.00,-12.00,-3.00,6.00,19.00,57.00,12973570,334
24.03,1565066974,311.62,51.44710406,7.48791215,258.11,13.38,0.11,178.99,1,-112.00,-12.00,-3.00,6.00,19.00,57.00,12973570,334
25.03,1565066975,325.00,51.44696084,7.48798069,258.97,14.24,0.86,164.78,1,-114.00,-12.00,-3.00,7.00,17.00,57.00,12973570,334
26.03,1565066976,339.24,51.44681950,7.48804807,259.56,14.50,0.26,163.89,1,-114.00,-12.00,-3.00,7.00,17.00,57.00,12973570,334
27.03,1565066977,353.74,51.44669112,7.48811127,259.95,14.38,-0.12,163.29,1,-114.00,-13.00,-3.00,7.00,18.00,57.00,12973570,334
28.03,1565066978,368.12,51.44656163,7.48817637,260.27,14.10,-0.28,161.88,1,-114.00,-13.00,-3.00,7.00,18.00,57.00,12973570,334
29.03,1565066979,382.22,51.44643324,7.48826088,260.46,14.60,0.50,159.29,1,-112.00,-11.00,-1.00,7.00,19.00,12.00,13415170,315
30.03,1565066980,396.82,51.44631377,7.48835024,260.80,14.76,0.17,156.84,1,-112.00,-11.00,-1.00,7.00,19.00,12.00,13415170,315
31.03,1565066981,411.57,51.44619191,7.48845766,261.08,15.23,0.47,153.26,1,-105.00,-6.00,9.00,10.00,20.00,12.00,13415170,315
32.03,1565066982,426.79,51.44607362,7.48858086,261.22,15.42,0.19,149.85,1,-105.00,-6.00,9.00,10.00,20.00,12.00,13415170,315
33.04,1565066983,442.33,51.44597400,7.48873937,261.52,14.65,-0.77,136.84,1,-107.00,-7.00,1.00,7.00,20.00,12.00,13415170,315
34.03,1565066984,456.87,51.44587535,7.48889143,262.28,14.78,0.13,136.21,1,-107.00,-7.00,1.00,7.00,20.00,12.00,13415170,315
35.03,1565066985,471.65,51.44577939,7.48905388,263.07,14.95,0.17,134.91,1,-107.00,-7.00,1.00,7.00,20.00,12.00,13415170,315
36.03,1565066986,486.61,51.44567819,7.48923341,263.88,15.45,0.50,133.13,1,-109.00,-7.00,7.00,9.00,18.00,12.00,13415170,315
37.03,1565066987,502.06,51.44557888,7.48942018,264.74,15.03,-0.42,131.64,1,-109.00,-7.00,7.00,9.00,18.00,12.00,13415170,315
38.03,1565066988,517.08,51.44548954,7.48959888,265.73,15.31,0.28,130.17,1,-108.00,-8.00,4.00,7.00,22.00,12.00,13415170,315
39.03,1565066989,532.39,51.44540856,7.48977619,266.96,15.18,-0.13,128.71,1,-108.00,-8.00,4.00,7.00,22.00,12.00,13415170,315
40.03,1565066990,547.56,51.44533928,7.48994571,268.03,15.05,-0.12,127.51,1,-105.00,-6.00,4.00,2.00,29.00,12.00,13415170,315
41.03,1565066991,562.62,51.44526432,7.49012315,268.86,14.67,-0.38,126.54,1,-105.00,-6.00,4.00,2.00,29.00,12.00,13415170,315
42.03,1565066992,577.29,51.44519014,7.49029600,269.86,14.60,-0.08,127.27,1,-112.00,-8.00,9.00,2.00,26.00,79.00,13067273,288
43.03,1565066993,591.89,51.44512026,7.49045905,271.02,14.72,0.12,127.90,1,-112.00,-8.00,9.00,2.00,26.00,79.00,13067273,288
44.03,1565066994,606.64,51.44504164,7.49064334,271.75,15.13,0.41,127.46,1,-112.00,-10.00,8.00,2.00,16.00,79.00,13067273,288
45.03,1565066995,621.75,51.44496024,7.49082295,272.25,14.48,-0.65,126.97,1,-112.00,-10.00,8.00,2.00,16.00,79.00,13067273,288
46.03,1565066996,636.24,51.44488299,7.49099132,272.53,13.63,-0.85,127.52,1,-111.00,-10.00,10.00,2.00,16.00,79.00,13067273,288
47.03,1565066997,649.86,51.44480774,7.49115653,272.71,12.13,-1.50,127.59,1,-111.00,-10.00,10.00,2.00,16.00,79.00,13067273,288
48.03,1565066998,662.00,51.44475045,7.49127819,272.72,10.25,-1.88,127.04,1,-112.00,-9.00,6.00,2.00,15.00,79.00,13067273,288
49.03,1565066999,672.25,51.44470605,7.49139056,272.66,8.30,-1.95,127.64,1,-112.00,-9.00,6.00,2.00,15.00,79.00,13067273,288
50.03,1565067000,680.59,51.44466154,7.49148565,272.77,6.18,-2.11,127.30,1,-116.00,-9.00,1.00,2.00,10.00,80.00,13067273,288
51.03,1565067001,686.77,51.44463490,7.49155202,272.78,4.03,-2.15,127.24,1,-116.00,-9.00,1.00,2.00,10.00,80.00,13067273,288
52.03,1565067002,690.79,51.44462679,7.49157506,272.85,2.46,-1.58,127.41,1,-120.00,-10.00,1.00,7.00,8.00,80.00,13067273,288
53.03,1565067003,693.24,51.44461555,7.49160274,272.95,1.07,-1.38,126.57,1,-120.00,-10.00,1.00,7.00,8.00,80.00,13067273,288
54.04,1565067004,694.32,51.44461555,7.49160274,272.95,0.00,-1.07,126.57,1,-111.00,-9.00,2.00,6.00,22.00,23.00,13417219,440
55.03,1565067005,694.32,51.44461555,7.49160274,272.96,0.00,0.00,126.57,1,-111.00,-9.00,2.00,6.00,22.00,23.00,13417219,440
56.03,1565067006,694.32,51.44461555,7.49160274,272.96,0.00,0.00,126.57,1,-111.00,-9.00,2.00,6.00,22.00,23.00,13417219,440
57.03,1565067007,694.32,51.44461555,7.49160274,272.96,0.00,0.00,126.57,1,-113.00,-9.00,0.00,6.00,16.00,23.00,13417219,440
58.03,1565067008,694.32,51.44461555,7.49160274,272.96,0.00,0.00,126.57,1,-113.00,-9.00,0.00,6.00,16.00,23.00,13417219,440
59.03,1565067009,694.32,51.44461555,7.49160274,272.97,0.00,0.00,126.57,1,-114.00,-10.00,1.00,7.00,18.00,23.00,13417219,440
60.03,1565067010,694.32,51.44461555,7.49160274,272.98,0.00,0.00,126.57,1,-114.00,-10.00,1.00,7.00,18.00,23.00,13417219,440
61.03,1565067011,694.32,51.44461555,7.49160274,273.00,0.00,0.00,126.57,1,-114.00,-10.00,0.00,6.00,16.00,23.00,13417219,440
62.03,1565067012,694.32,51.44461555,7.49160274,273.01,0.00,0.00,126.57,1,-114.00,-10.00,0.00,6.00,16.00,23.00,13417219,440
63.03,1565067013,694.32,51.44461555,7.49160274,273.03,0.00,0.00,126.57,1,-114.00,-10.00,1.00,5.00,15.00,23.00,13417219,440
64.03,1565067014,694.32,51.44461555,7.49160274,273.04,0.00,0.00,126.57,1,-114.00,-10.00,1.00,5.00,15.00,23.00,13417219,440
65.03,1565067015,694.32,51.44461555,7.49160274,273.06,0.00,0.00,126.57,1,-114.00,-10.00,-2.00,2.00,15.00,23.00,13417219,440
66.03,1565067016,694.32,51.44461555,7.49160274,273.08,0.00,0.00,126.57,1,-114.00,-10.00,-2.00,2.00,15.00,23.00,13417219,440
67.03,1565067017,694.32,51.44461555,7.49160274,273.10,0.00,0.00,126.57,1,-115.00,-10.00,-1.00,2.00,15.00,23.00,13417219,440
68.03,1565067018,694.32,51.44461555,7.49160274,273.13,0.00,0.00,126.57,1,-115.00,-10.00,-1.00,2.00,15.00,23.00,13417219,440
69.03,1565067019,694.32,51.44461555,7.49160274,273.15,0.00,0.00,126.57,1,-115.00,-11.00,2.00,2.00,16.00,23.00,13417219,440
70.03,1565067020,694.32,51.44461555,7.49160274,273.17,0.00,0.00,126.57,1,-115.00,-11.00,2.00,2.00,16.00,23.00,13417219,440
71.03,1565067021,694.32,51.44461555,7.49160274,273.38,0.00,0.00,138.01,1,-115.00,-11.00,2.00,2.00,16.00,23.00,13417219,440
72.03,1565067022,694.32,51.44461555,7.49160274,273.53,0.00,0.00,138.92,1,-115.00,-11.00,2.00,2.00,16.00,23.00,13417219,440
73.03,1565067023,694.32,51.44454951,7.49169374,275.30,5.35,0.00,141.85,1,-111.00,-9.00,2.00,7.00,18.00,23.00,13417219,440
74.03,1565067024,699.68,51.44448958,7.49170829,276.24,6.36,1.01,176.57,1,-111.00,-9.00,2.00,7.00,18.00,23.00,13417219,440
75.04,1565067025,706.11,51.44443955,7.49167543,276.84,7.37,1.00,205.90,1,-107.00,-9.00,6.00,8.00,23.00,23.00,13417219,440
76.03,1565067026,713.41,51.44435380,7.49162048,277.84,9.59,2.24,208.77,1,-107.00,-9.00,6.00,8.00,23.00,23.00,13417219,440
77.03,1565067027,723.00,51.44428642,7.49154024,278.30,10.81,1.22,211.14,1,-107.00,-9.00,6.00,8.00,23.00,23.00,13417219,440
78.03,1565067028,733.80,51.44419828,7.49144408,278.30,12.16,1.35,212.45,1,-109.00,-9.00,-2.00,5.00,20.00,23.00,13417219,440
79.03,1565067029,745.96,51.44408974,7.49132630,278.51,13.47,1.31,213.70,1,-109.00,-9.00,-2.00,5.00,20.00,23.00,13417219,440
80.03,1565067030,759.44,51.44399241,7.49121186,278.54,14.50,1.02,214.35,1,-108.00,-9.00,0.00,6.00,25.00,23.00,13417219,440
81.03,1565067031,773.94,51.44388350,7.49108270,278.45,16.00,1.50,214.06,1,-108.00,-9.00,0.00,6.00,25.00,23.00,13417219,440
82.03,1565067032,789.92,51.44376307,7.49094814,278.15,16.73,0.73,214.78,1,-101.00,-8.00,4.00,12.00,29.00,23.00,13417219,440
83.03,1565067033,806.67,51.44364352,7.49080961,277.78,16.47,-0.26,215.19,1,-101.00,-8.00,4.00,12.00,29.00,23.00,13417219,440
84.03,1565067034,823.13,51.44351873,7.49066471,277.79,16.79,0.32,215.61,1,-107.00,-9.00,-7.00,2.00,30.00,23.00,13417219,440
85.03,1565067035,839.92,51.44339346,7.49051195,277.81,17.04,0.25,215.97,1,-107.00,-9.00,-7.00,2.00,30.00,23.00,13417219,440
86.03,1565067036,856.96,51.44327199,7.49036499,277.74,17.19,0.15,216.62,1,-108.00,-13.00,-1.00,2.00,24.00,23.00,13417219,440
87.03,1565067037,874.15,51.44314153,7.49021094,277.57,17.22,0.03,216.54,1,-108.00,-13.00,-1.00,2.00,24.00,23.00,13417219,440
88.03,1565067038,891.40,51.44301848,7.49006122,277.56,17.15,-0.08,216.48,1,-108.00,-10.00,4.00,2.00,20.00,23.00,13417219,440
89.03,1565067039,908.56,51.44289600,7.48991621,277.86,16.88,-0.26,216.13,1,-108.00,-10.00,4.00,2.00,20.00,23.00,13417219,440
90.04,1565067040,925.52,51.44278002,7.48977801,278.26,16.57,-0.31,216.00,1,-110.00,-11.00,1.00,2.00,21.00,23.00,13417219,440
91.04,1565067041,942.09,51.44266654,7.48964804,278.93,16.10,-0.47,216.65,1,-110.00,-11.00,1.00,2.00,21.00,23.00,13417219,440
92.03,1565067042,958.08,51.44255838,7.48952194,279.58,15.75,-0.35,217.09,1,-107.00,-10.00,-4.00,6.00,27.00,21.00,13417219,440
93.03,1565067043,973.82,51.44243878,7.48938338,280.02,15.95,0.20,217.44,1,-107.00,-10.00,-4.00,6.00,27.00,21.00,13417219,440
94.03,1565067044,989.78,51.44232593,7.48924716,280.29,15.41,-0.54,216.61,1,-94.00,-6.00,25.00,12.00,38.00,21.00,13417219,440
95.03,1565067045,1005.19,51.44221470,7.48910894,280.71,15.03,-0.38,217.39,1,-94.00,-6.00,25.00,12.00,38.00,21.00,13417219,440
96.04,1565067046,1020.35,51.44210767,7.48897611,281.02,15.41,0.38,218.07,1,-100.00,-7.00,13.00,12.00,29.00,21.00,13417219,440
97.03,1565067047,1035.62,51.44199500,7.48883079,281.33,15.53,0.12,219.08,1,-100.00,-7.00,13.00,12.00,29.00,21.00,13417219,440
98.03,1565067048,1051.15,51.44188713,7.48867578,280.82,15.31,-0.22,220.43,1,-100.00,-7.00,13.00,12.00,29.00,21.00,13417219,440
99.03,1565067049,1066.46,51.44179783,7.48854071,280.58,14.66,-0.65,221.73,1,-101.00,-8.00,14.00,9.00,33.00,21.00,13417219,440
100.03,1565067050,1081.07,51.44170479,7.48839098,280.26,14.10,-0.56,223.78,1,-101.00,-8.00,14.00,9.00,33.00,21.00,13417219,440
101.03,1565067051,1095.23,51.44160314,7.48821418,280.20,15.57,1.46,226.47,1,-102.00,-11.00,3.00,8.00,29.00,21.00,13417219,440
102.03,1565067052,1110.80,51.44149366,7.48801453,280.22,16.23,0.66,228.27,1,-102.00,-11.00,3.00,8.00,29.00,21.00,13417219,440
103.03,1565067053,1127.01,51.44139504,7.48782154,280.45,16.13,-0.10,229.63,1,-95.00,-6.00,5.00,2.00,39.00,21.00,13417219,440
104.03,1565067054,1143.15,51.44130602,7.48763099,280.86,16.20,0.07,230.63,1,-95.00,-6.00,5.00,2.00,39.00,21.00,13417219,440
105.03,1565067055,1159.35,51.44122117,7.48743847,281.73,16.40,0.20,231.47,1,-101.00,-7.00,19.00,2.00,26.00,21.00,13417219,440
106.03,1565067056,1175.75,51.44112384,7.48723072,281.51,16.83,0.43,231.97,1,-101.00,-7.00,19.00,2.00,26.00,21.00,13417219,440
107.03,1565067057,1192.61,51.44103871,7.48703812,281.06,16.54,-0.30,232.38,1,-95.00,-5.00,19.00,2.00,31.00,21.00,13417219,440
108.03,1565067058,1209.15,51.44095270,7.48684165,280.83,16.25,-0.28,232.65,1,-95.00,-5.00,19.00,2.00,31.00,21.00,13417219,440
109.03,1565067059,1225.47,51.44086670,7.48665253,280.71,16.23,-0.03,233.45,1,-93.00,-4.00,19.00,2.00,31.00,21.00,13417219,440
110.03,1565067060,1241.63,51.44078190,7.48647325,281.04,15.31,-0.92,233.00,1,-93.00,-4.00,19.00,2.00,31.00,21.00,13417219,440
111.03,1565067061,1256.95,51.44070200,7.48629448,280.81,15.21,-0.10,232.86,1,-93.00,-4.00,16.00,2.00,32.00,21.00,13417219,440
112.03,1565067062,1272.16,51.44061932,7.48611002,280.96,15.85,0.64,232.80,1,-93.00,-4.00,16.00,2.00,32.00,21.00,13417219,440
113.03,1565067063,1287.96,51.44052695,7.48591156,281.84,15.99,0.14,233.29,1,-95.00,-5.00,8.00,2.00,31.00,21.00,13417219,440
114.03,1565067064,1303.93,51.44044204,7.48570558,281.90,15.92,-0.07,234.14,1,-95.00,-5.00,8.00,2.00,31.00,21.00,13417219,440
115.03,1565067065,1319.87,51.44035412,7.48550316,281.71,15.77,-0.15,234.99,1,-97.00,-6.00,11.00,2.00,29.00,21.00,13417219,440
116.03,1565067066,1335.63,51.44027335,7.48532744,281.27,15.52,-0.26,234.03,1,-97.00,-6.00,11.00,2.00,29.00,21.00,13417219,440
117.03,1565067067,1351.16,51.44019649,7.48515492,280.92,14.41,-1.11,233.59,1,-94.00,-6.00,18.00,14.00,33.00,20.00,13417219,440
118.03,1565067068,1365.56,51.44012023,7.48497811,280.89,14.65,0.24,234.15,1,-94.00,-6.00,18.00,14.00,33.00,20.00,13417219,440
119.04,1565067069,1380.35,51.44003876,7.48480361,281.22,14.40,-0.25,233.83,1,-96.00,-7.00,15.00,12.00,32.00,20.00,13417219,440
120.03,1565067070,1394.61,51.43994983,7.48461948,281.32,14.74,0.35,232.92,1,-96.00,-7.00,15.00,12.00,32.00,20.00,13417219,440
121.03,1565067071,1409.31,51.43986889,7.48445275,281.63,13.88,-0.87,233.46,1,-96.00,-7.00,15.00,12.00,32.00,20.00,13417219,440
122.03,1565067072,1423.24,51.43978316,7.48427534,281.91,14.17,0.29,233.00,1,-101.00,-8.00,8.00,12.00,28.00,20.00,13417219,440
123.03,1565067073,1437.40,51.43969828,7.48409238,281.84,14.97,0.80,233.48,1,-101.00,-8.00,8.00,12.00,28.00,20.00,13417219,440
124.04,1565067074,1452.53,51.43961519,7.48390513,281.67,16.08,1.10,234.46,1,-107.00,-15.00,2.00,5.00,25.00,20.00,13417219,440
125.03,1565067075,1468.45,51.43952669,7.48370357,281.48,16.13,0.04,233.49,1,-107.00,-15.00,2.00,5.00,25.00,20.00,13417219,440
126.03,1565067076,1484.59,51.43944791,7.48351492,281.14,14.29,-1.84,235.54,1,-101.00,-9.00,2.00,6.00,27.00,20.00,13417219,440
127.03,1565067077,1498.88,51.43937239,7.48332932,280.36,14.39,0.11,236.01,1,-101.00,-9.00,2.00,6.00,27.00,20.00,13417219,440
128.03,1565067078,1513.27,51.43929112,7.48312051,280.39,14.99,0.59,236.82,1,-102.00,-13.00,2.00,8.00,30.00,20.00,13417219,440
129.03,1565067079,1528.25,51.43921329,7.48292522,280.40,15.31,0.32,237.25,1,-102.00,-13.00,2.00,8.00,30.00,20.00,13417219,440
130.03,1565067080,1543.54,51.43914496,7.48274857,280.56,14.78,-0.53,237.72,1,-100.00,-11.00,4.00,10.00,31.00,20.00,13417219,440
131.03,1565067081,1558.35,51.43907361,7.48253202,280.20,14.82,0.03,239.73,1,-100.00,-11.00,4.00,10.00,31.00,20.00,13417219,440
132.03,1565067082,1573.16,51.43900270,7.48231724,280.35,15.24,0.42,240.11,1,-95.00,-5.00,13.00,15.00,29.00,20.00,13417219,440
133.03,1565067083,1588.40,51.43893867,7.48212566,280.87,15.76,0.52,239.82,1,-95.00,-5.00,13.00,15.00,29.00,20.00,13417219,440
134.03,1565067084,1604.14,51.43886972,7.48192018,280.93,15.16,-0.60,238.99,1,-99.00,-6.00,14.00,11.00,29.00,20.00,13417219,440
135.03,1565067085,1619.30,51.43879645,7.48171034,280.84,15.97,0.81,239.81,1,-99.00,-6.00,14.00,11.00,29.00,20.00,13417219,440
136.03,1565067086,1635.27,51.43873201,7.48152163,280.44,15.66,-0.31,240.69,1,-99.00,-6.00,15.00,13.00,28.00,20.00,13417219,440
137.03,1565067087,1650.94,51.43865517,7.48129987,280.13,16.37,0.71,240.01,1,-99.00,-6.00,15.00,13.00,28.00,20.00,13417219,440
138.03,1565067088,1667.31,51.43858131,7.48108407,280.18,16.36,-0.01,239.64,1,-93.00,-4.00,11.00,11.00,33.00,20.00,13417219,440
139.03,1565067089,1683.68,51.43850769,7.48086621,280.08,17.18,0.82,240.05,1,-93.00,-4.00,11.00,11.00,33.00,20.00,13417219,440
140.04,1565067090,1701.00,51.43843621,7.48066863,279.79,15.65,-1.52,240.20,1,-99.00,-5.00,7.00,11.00,25.00,20.00,13417219,440
141.03,1565067091,1716.52,51.43836549,7.48045839,279.99,15.95,0.30,241.32,1,-99.00,-5.00,7.00,11.00,25.00,20.00,13417219,440
142.03,1565067092,1732.47,51.43828472,7.48021533,280.10,16.95,0.99,242.23,1,-99.00,-5.00,7.00,11.00,25.00,20.00,13417219,440
143.03,1565067093,1749.43,51.43821383,7.47999740,280.09,16.34,-0.61,242.56,1,-95.00,-5.00,8.00,2.00,38.00,20.00,13417219,440
144.03,1565067094,1765.77,51.43814406,7.47977770,280.74,17.01,0.67,242.04,1,-95.00,-5.00,8.00,2.00,38.00,20.00,13417219,440
145.03,1565067095,1782.83,51.43807433,7.47957245,280.83,15.72,-1.29,241.52,1,-100.00,-8.00,10.00,2.00,28.00,21.00,13417219,440
146.03,1565067096,1798.54,51.43800509,7.47936590,280.70,17.30,1.58,240.68,1,-100.00,-8.00,10.00,2.00,28.00,21.00,13417219,440
147.03,1565067097,1815.82,51.43793276,7.47915814,280.59,17.52,0.22,241.07,1,-89.00,-6.00,6.00,11.00,35.00,21.00,13417219,440
148.03,1565067098,1833.34,51.43786893,7.47897140,280.14,14.49,-3.03,241.61,1,-89.00,-6.00,6.00,11.00,35.00,21.00,13417219,440
149.03,1565067099,1847.81,51.43780964,7.47878834,280.38,13.65,-0.83,240.90,1,-92.00,-6.00,7.00,13.00,36.00,21.00,13417219,440
150.03,1565067100,1861.48,51.43774572,7.47860782,280.86,13.77,0.12,239.95,1,-92.00,-6.00,7.00,13.00,36.00,21.00,13417219,440
151.03,1565067101,1875.24,51.43767605,7.47842115,280.42,13.36,-0.41,239.45,1,-91.00,-6.00,10.00,13.00,35.00,21.00,13417219,440
152.03,1565067102,1888.60,51.43761071,7.47824597,280.29,13.88,0.53,238.85,1,-91.00,-6.00,10.00,13.00,35.00,21.00,13417219,440
153.03,1565067103,1902.48,51.43754485,7.47805976,280.55,13.75,-0.13,239.24,1,-95.00,-6.00,10.00,11.00,31.00,21.00,13417219,440
154.03,1565067104,1916.23,51.43748738,7.47789095,280.09,13.87,0.11,239.64,1,-95.00,-6.00,10.00,11.00,31.00,21.00,13417219,440
155.03,1565067105,1930.10,51.43743140,7.47772289,279.95,12.34,-1.52,238.65,1,-92.00,-6.00,17.00,13.00,35.00,21.00,13417219,440
156.03,1565067106,1942.44,51.43736858,7.47754739,280.17,13.15,0.81,237.79,1,-92.00,-6.00,17.00,13.00,35.00,21.00,13417219,440
157.03,1565067107,1955.59,51.43731446,7.47739286,280.24,12.65,-0.50,238.20,1,-97.00,-9.00,0.00,9.00,33.00,21.00,13417219,440
158.03,1565067108,1968.24,51.43725996,7.47721657,280.45,11.60,-1.06,239.97,1,-97.00,-9.00,0.00,9.00,33.00,21.00,13417219,440
159.03,1565067109,1979.84,51.43720129,7.47702232,281.28,12.00,0.40,241.78,1,-90.00,-4.00,7.00,11.00,35.00,19.00,13523715,6
160.03,1565067110,1991.83,51.43715562,7.47684061,282.49,11.69,-0.31,244.77,1,-90.00,-4.00,7.00,11.00,35.00,19.00,13523715,6
161.04,1565067111,2003.60,51.43710929,7.47663055,282.99,11.78,0.09,247.59,1,-92.00,-6.00,17.00,12.00,34.00,19.00,13523715,6
162.03,1565067112,2015.29,51.43711572,7.47644080,284.01,10.72,-1.06,270.09,1,-92.00,-6.00,17.00,12.00,34.00,19.00,13523715,6
163.03,1565067113,2026.01,51.43715906,7.47629780,285.35,8.91,-1.81,294.00,1,-92.00,-6.00,17.00,12.00,34.00,19.00,13523715,6
164.03,1565067114,2034.93,51.43722754,7.47620674,286.40,8.96,0.05,319.06,1,-99.00,-5.00,9.00,9.00,26.00,19.00,13523715,6
165.03,1565067115,2043.88,51.43732084,7.47615196,287.11,8.65,-0.31,344.67,1,-99.00,-5.00,9.00,9.00,26.00,19.00,13523715,6
166.03,1565067116,2052.53,51.43742088,7.47615708,287.69,8.40,-0.25,6.67,1,-98.00,-8.00,5.00,2.00,38.00,19.00,13523715,6
167.03,1565067117,2060.93,51.43751575,7.47621913,288.14,9.47,1.07,28.65,1,-98.00,-8.00,5.00,2.00,38.00,19.00,13523715,6
168.03,1565067118,2070.42,51.43758982,7.47631028,288.65,9.87,0.40,43.08,1,-98.00,-4.00,7.00,2.00,26.00,19.00,13523715,6
169.03,1565067119,2080.28,51.43767096,7.47644089,288.82,11.18,1.32,46.56,1,-98.00,-4.00,7.00,2.00,26.00,19.00,13523715,6
170.03,1565067120,2091.41,51.43774762,7.47657960,288.78,12.88,1.70,48.82,1,-100.00,-5.00,4.00,2.00,24.00,19.00,13523715,6
171.03,1565067121,2104.34,51.43782778,7.47673886,288.93,14.33,1.45,50.64,1,-100.00,-5.00,4.00,2.00,24.00,19.00,13523715,6
172.03,1565067122,2118.65,51.43791036,7.47691636,289.05,15.02,0.69,52.79,1,-99.00,-7.00,8.00,10.00,26.00,19.00,13523715,6
173.03,1565067123,2133.67,51.43800309,7.47711791,289.18,16.80,1.78,53.78,1,-99.00,-7.00,8.00,10.00,26.00,19.00,13523715,6
174.03,1565067124,2150.44,51.43809340,7.47733000,289.19,18.05,1.25,54.37,1,-100.00,-7.00,-2.00,11.00,28.00,19.00,13523715,6
175.03,1565067125,2168.54,51.43819176,7.47755569,289.23,18.92,0.87,55.01,1,-100.00,-7.00,-2.00,11.00,28.00,19.00,13523715,6
176.03,1565067126,2187.47,51.43829180,7.47779070,289.43,20.16,1.23,54.60,1,-104.00,-8.00,9.00,9.00,24.00,19.00,13523715,6
177.03,1565067127,2207.62,51.43839574,7.47802953,289.35,21.21,1.05,55.06,1,-104.00,-8.00,9.00,9.00,24.00,19.00,13523715,6
178.03,1565067128,2228.81,51.43850992,7.47830121,289.38,22.27,1.06,55.47,1,-107.00,-11.00,0.00,7.00,26.00,22.00,13417219,6
179.03,1565067129,2251.10,51.43862320,7.47858469,289.08,22.34,0.07,56.94,1,-107.00,-11.00,0.00,7.00,26.00,22.00,13417219,6
180.03,1565067130,2273.44,51.43873127,7.47887485,288.93,22.71,0.37,58.02,1,-102.00,-6.00,7.00,9.00,23.00,22.00,13417219,440
181.03,1565067131,2296.15,51.43884707,7.47917420,288.26,24.64,1.93,57.17,1,-102.00,-6.00,7.00,9.00,23.00,22.00,13417219,440
182.04,1565067132,2321.02,51.43896991,7.47948024,287.43,25.05,0.41,56.78,1,-107.00,-8.00,4.00,10.00,21.00,22.00,13417219,440
183.03,1565067133,2345.82,51.43910935,7.47978850,286.57,25.71,0.66,54.92,1,-107.00,-8.00,4.00,10.00,21.00,22.00,13417219,440
184.03,1565067134,2371.56,51.43924365,7.48009262,285.95,25.47,-0.24,55.00,1,-107.00,-8.00,4.00,10.00,21.00,22.00,13417219,440
185.03,1565067135,2397.00,51.43937650,7.48039928,285.78,25.19,-0.28,54.15,1,-106.00,-8.00,4.00,2.00,29.00,22.00,13417219,440
186.03,1565067136,2422.18,51.43950240,7.48069812,285.50,24.73,-0.45,54.20,1,-106.00,-8.00,4.00,2.00,29.00,22.00,13417219,440
187.03,1565067137,2446.97,51.43963196,7.48097471,284.89,24.47,-0.26,53.15,1,-106.00,-6.00,5.00,2.00,20.00,22.00,13417219,440
188.03,1565067138,2471.44,51.43975917,7.48124983,284.39,24.24,-0.22,53.36,1,-106.00,-6.00,5.00,2.00,20.00,22.00,13417219,440
189.03,1565067139,2495.68,51.43989021,7.48152237,283.97,23.79,-0.46,52.12,1,-105.00,-5.00,4.00,2.00,20.00,22.00,13417219,440
190.03,1565067140,2519.49,51.44002292,7.48177953,283.45,23.42,-0.36,49.89,1,-105.00,-5.00,4.00,2.00,20.00,22.00,13417219,440
191.03,1565067141,2542.87,51.44015452,7.48201934,283.11,23.20,-0.22,48.75,1,-106.00,-7.00,-5.00,2.00,20.00,22.00,13417219,440
192.03,1565067142,2566.07,51.44030058,7.48223176,282.65,23.00,-0.20,42.70,1,-106.00,-7.00,-5.00,2.00,20.00,22.00,13417219,440
193.03,1565067143,2589.09,51.44044951,7.48245493,282.41,22.54,-0.46,42.69,1,-109.00,-9.00,-5.00,2.00,20.00,22.00,13417219,440
194.03,1565067144,2611.63,51.44059914,7.48267785,281.98,21.67,-0.87,42.11,1,-109.00,-9.00,-5.00,2.00,20.00,22.00,13417219,440
195.03,1565067145,2633.35,51.44074185,7.48288099,281.33,21.08,-0.60,40.76,1,-111.00,-11.00,-7.00,2.00,20.00,22.00,13417219,440
196.03,1565067146,2654.41,51.44088287,7.48307239,280.76,20.57,-0.51,38.97,1,-111.00,-11.00,-7.00,2.00,20.00,22.00,13417219,440
197.04,1565067147,2675.06,51.44102237,7.48325419,280.02,20.40,-0.16,37.63,1,-107.00,-10.00,-7.00,2.00,22.00,22.00,13415426,265
198.04,1565067148,2695.46,51.44116221,7.48342827,279.35,20.40,-0.00,36.50,1,-107.00,-10.00,-7.00,2.00,22.00,22.00,13415426,265
199.03,1565067149,2715.80,51.44130517,7.48359983,278.87,20.40,0.00,35.35,1,-111.00,-6.00,3.00,2.00,10.00,85.00,13067273,288
200.03,1565067150,2736.20,51.44145609,7.48377436,278.43,20.19,-0.22,35.30,1,-111.00,-6.00,3.00,2.00,10.00,85.00,13067273,288
201.03,1565067151,2756.35,51.44161332,7.48393872,278.11,20.04,-0.15,32.97,1,-119.00,-14.00,4.00,2.00,13.00,85.00,13067273,288
202.03,1565067152,2776.39,51.44177109,7.48408368,277.82,20.40,0.37,30.26,1,-119.00,-14.00,4.00,2.00,13.00,85.00,13067273,288
203.04,1565067153,2797.00,51.44192994,7.48422813,277.50,20.54,0.13,29.41,1,-119.00,-13.00,2.00,2.00,12.00,85.00,13067273,288
204.03,1565067154,2817.35,51.44209684,7.48436908,277.19,20.56,0.02,28.06,1,-119.00,-13.00,2.00,2.00,12.00,85.00,13067273,288
205.03,1565067155,2837.89,51.44226221,7.48450731,276.86,20.42,-0.14,27.44,1,-119.00,-13.00,2.00,2.00,12.00,85.00,13067273,288
206.03,1565067156,2858.31,51.44241969,7.48463707,276.20,20.43,0.01,26.90,1,-119.00,-12.00,-4.00,2.00,10.00,85.00,13067273,288
207.03,1565067157,2878.75,51.44258907,7.48477345,275.31,20.57,0.14,26.23,1,-119.00,-12.00,-4.00,2.00,10.00,85.00,13067273,288
208.03,1565067158,2899.38,51.44275995,7.48490443,274.31,20.51,-0.05,25.53,1,-119.00,-12.00,-3.00,2.00,11.00,85.00,13067273,288
209.03,1565067159,2919.88,51.44292821,7.48503031,273.36,20.37,-0.14,24.76,1,-119.00,-12.00,-3.00,2.00,11.00,85.00,13067273,288
210.03,1565067160,2940.15,51.44309655,7.48515107,272.42,20.32,-0.05,24.44,1,-111.00,-13.00,-3.00,2.00,22.00,22.00,13415426,265
211.03,1565067161,2960.60,51.44326397,7.48527298,271.53,20.15,-0.17,23.96,1,-111.00,-13.00,-3.00,2.00,22.00,22.00,13415426,265
212.03,1565067162,2980.67,51.44342966,7.48539026,270.84,20.10,-0.05,23.54,1,-115.00,-17.00,-7.00,2.00,21.00,22.00,13415426,265
213.03,1565067163,3000.79,51.44359478,7.48549738,270.27,20.02,-0.09,22.78,1,-115.00,-17.00,-7.00,2.00,21.00,22.00,13415426,265
214.03,1565067164,3020.77,51.44374561,7.48559784,269.58,18.37,-1.65,21.98,1,-114.00,-14.00,-6.00,2.00,20.00,22.00,13415426,265
215.03,1565067165,3039.15,51.44389157,7.48568647,268.81,16.28,-2.08,21.50,1,-114.00,-14.00,-6.00,2.00,20.00,22.00,13415426,265
216.03,1565067166,3055.50,51.44401831,7.48576453,268.00,15.29,-0.99,21.04,1,-116.00,-15.00,-7.00,2.00,20.00,22.00,13415426,265
217.04,1565067167,3070.80,51.44414437,7.48584160,267.23,14.75,-0.54,21.41,1,-116.00,-15.00,-7.00,2.00,20.00,22.00,13415426,265
218.03,1565067168,3085.47,51.44426349,7.48591532,266.50,14.00,-0.76,22.00,1,-111.00,-11.00,-1.00,2.00,20.00,22.00,13415170,315
219.03,1565067169,3099.45,51.44437229,7.48599650,265.60,12.69,-1.31,24.31,1,-111.00,-11.00,-1.00,2.00,20.00,22.00,13415170,315
220.03,1565067170,3112.10,51.44447134,7.48608005,265.15,12.29,-0.40,27.44,1,-112.00,-11.00,-4.00,2.00,20.00,22.00,13415170,315
221.03,1565067171,3124.50,51.44456766,7.48617321,265.06,12.40,0.11,31.27,1,-112.00,-11.00,-4.00,2.00,20.00,22.00,13415170,315
222.03,1565067172,3136.86,51.44463599,7.48630509,264.90,11.70,-0.70,51.33,1,-111.00,-12.00,-6.00,2.00,20.00,22.00,13415170,315
223.03,1565067173,3148.55,51.44468591,7.48645954,265.37,11.75,0.05,64.55,1,-111.00,-12.00,-6.00,2.00,20.00,22.00,13415170,315
224.05,1565067174,3160.48,51.44472902,7.48661685,265.80,11.85,0.10,67.65,1,-114.00,-14.00,-11.00,2.00,19.00,22.00,13415170,315
225.04,1565067175,3172.22,51.44474353,7.48679591,266.11,12.06,0.21,82.96,1,-114.00,-14.00,-11.00,2.00,19.00,22.00,13415170,315
226.04,1565067176,3184.27,51.44472117,7.48698226,266.32,12.31,0.24,102.32,1,-114.00,-14.00,-11.00,2.00,19.00,22.00,13415170,315
227.04,1565067177,3196.57,51.44466629,7.48716696,266.26,12.92,0.62,119.35,1,-118.00,-13.00,-11.00,2.00,15.00,22.00,13417219,440
228.04,1565067178,3209.50,51.44460712,7.48731155,266.26,12.39,-0.53,122.61,1,-118.00,-13.00,-11.00,2.00,15.00,22.00,13417219,440
229.03,1565067179,3221.84,51.44451865,7.48742944,266.22,12.00,-0.40,142.49,1,-118.00,-14.00,-10.00,2.00,15.00,22.00,13417219,440
230.03,1565067180,3233.85,51.44441847,7.48750435,266.14,11.89,-0.10,156.06,1,-118.00,-14.00,-10.00,2.00,15.00,22.00,13417219,440
231.03,1565067181,3245.75,51.44430045,7.48755225,266.34,11.91,0.02,169.82,1,-119.00,-15.00,-9.00,2.00,16.00,22.00,13417219,440
232.03,1565067182,3257.68,51.44418381,7.48754793,266.62,11.99,0.08,183.22,1,-119.00,-15.00,-9.00,2.00,16.00,22.00,13417219,440
233.03,1565067183,3269.67,51.44408583,7.48750535,266.47,11.71,-0.28,196.95,1,-120.00,-16.00,-8.00,2.00,17.00,22.00,13417219,440
234.03,1565067184,3281.31,51.44398385,7.48744936,266.62,11.90,0.20,201.02,1,-120.00,-16.00,-8.00,2.00,17.00,22.00,13417219,440
235.03,1565067185,3293.26,51.44389981,7.48733787,266.35,12.10,0.19,221.06,1,-117.00,-14.00,-10.00,2.00,18.00,22.00,13417219,440
236.03,1565067186,3305.36,51.44382652,7.48719497,266.11,12.25,0.15,234.87,1,-117.00,-14.00,-10.00,2.00,18.00,22.00,13417219,440
237.03,1565067187,3317.60,51.44378321,7.48703488,265.75,12.44,0.19,250.00,1,-114.00,-12.00,-8.00,2.00,18.00,22.00,13417219,440
238.03,1565067188,3330.05,51.44375279,7.48686156,265.31,12.85,0.41,254.10,1,-114.00,-12.00,-8.00,2.00,18.00,22.00,13417219,440
239.03,1565067189,3342.90,51.44374408,7.48666943,264.98,13.31,0.46,268.07,1,-114.00,-12.00,-7.00,2.00,18.00,22.00,13417219,440
240.03,1565067190,3356.22,51.44374299,7.48647294,264.78,14.10,0.78,268.55,1,-114.00,-12.00,-7.00,2.00,18.00,22.00,13417219,440
241.03,1565067191,3370.25,51.44374147,7.48626745,264.74,15.00,0.91,268.04,1,-115.00,-12.00,-9.00,2.00,18.00,22.00,13417219,440
242.03,1565067192,3385.33,51.44373785,7.48604553,264.70,15.88,0.87,267.73,1,-115.00,-12.00,-9.00,2.00,18.00,22.00,13417219,440
243.03,1565067193,3401.16,51.44373503,7.48579407,264.68,16.74,0.86,267.43,1,-114.00,-17.00,-12.00,2.00,21.00,22.00,13417219,440
244.03,1565067194,3417.90,51.44372875,7.48556618,264.91,17.86,1.12,267.70,1,-114.00,-17.00,-12.00,2.00,21.00,22.00,13417219,440
245.04,1565067195,3435.96,51.44371613,7.48531448,263.29,17.96,0.09,267.19,nan,nan,nan,nan,nan,nan,nan,nan,nan
246.03,1565067196,3453.70,51.44370696,7.48504563,262.35,18.18,0.23,268.30,nan,nan,nan,nan,nan,nan,nan,nan,nan
247.03,1565067197,3471.88,51.44369812,7.48474118,262.36,20.50,2.31,268.75,nan,nan,nan,nan,nan,nan,nan,nan,nan
248.03,1565067198,3492.38,51.44369593,7.48447180,262.94,20.88,0.39,268.56,nan,nan,nan,nan,nan,nan,nan,nan,nan
249.03,1565067199,3513.24,51.44369246,7.48416698,263.31,21.58,0.70,268.75,nan,nan,nan,nan,nan,nan,nan,nan,nan
250.03,1565067200,3534.84,51.44368910,7.48384572,263.01,22.23,0.65,268.99,nan,nan,nan,nan,nan,nan,nan,nan,nan
251.03,1565067201,3556.98,51.44368619,7.48350420,262.86,22.74,0.51,268.44,nan,nan,nan,nan,nan,nan,nan,nan,nan
252.03,1565067202,3579.81,51.44368126,7.48316940,262.76,23.50,0.76,267.89,nan,nan,nan,nan,nan,nan,nan,nan,nan
253.03,1565067203,3603.31,51.44367549,7.48281677,262.69,24.10,0.60,267.46,nan,nan,nan,nan,nan,nan,nan,nan,nan
254.03,1565067204,3627.46,51.44366853,7.48246654,262.70,24.46,0.36,267.51,nan,nan,nan,nan,nan,nan,nan,nan,nan
255.03,1565067205,3651.83,51.44365619,7.48209857,262.75,25.21,0.75,266.96,nan,nan,nan,nan,nan,nan,nan,nan,nan
256.03,1565067206,3677.01,51.44364293,7.48173587,262.76,24.86,-0.34,266.44,nan,nan,nan,nan,nan,nan,nan,nan,nan
257.03,1565067207,3701.95,51.44363189,7.48138238,262.71,24.51,-0.35,266.08,nan,nan,nan,nan,nan,nan,nan,nan,nan
258.03,1565067208,3726.46,51.44361731,7.48103192,262.56,24.44,-0.08,265.89,nan,nan,nan,nan,nan,nan,nan,nan,nan
259.03,1565067209,3750.90,51.44360209,7.48068113,262.31,24.59,0.16,265.19,nan,nan,nan,nan,nan,nan,nan,nan,nan
260.03,1565067210,3775.49,51.44358065,7.48032802,261.97,24.76,0.17,264.10,nan,nan,nan,nan,nan,nan,nan,nan,nan
261.03,1565067211,3800.25,51.44355695,7.47997290,261.43,24.98,0.21,263.31,nan,nan,nan,nan,nan,nan,nan,nan,nan
262.03,1565067212,3825.26,51.44352846,7.47961979,260.75,25.17,0.19,262.80,nan,nan,nan,nan,nan,nan,nan,nan,nan
263.03,1565067213,3850.40,51.44349866,7.47925905,260.10,25.42,0.26,262.67,nan,nan,nan,nan,nan,nan,nan,nan,nan
264.03,1565067214,3875.82,51.44346920,7.47889561,259.49,25.42,-0.00,262.55,nan,nan,nan,nan,nan,nan,nan,nan,nan
265.03,1565067215,3901.22,51.44344050,7.47853451,258.75,25.56,0.14,262.30,nan,nan,nan,nan,nan,nan,nan,nan,nan
266.04,1565067216,3927.06,51.44341024,7.47817260,258.22,25.43,-0.14,262.26,nan,nan,nan,nan,nan,nan,nan,nan,nan
267.03,1565067217,3952.21,51.44338226,7.47781592,257.54,25.45,0.03,262.42,nan,nan,nan,nan,nan,nan,nan,nan,nan
268.03,1565067218,3977.66,51.44335322,7.47745332,256.93,25.40,-0.05,262.33,nan,nan,nan,nan,nan,nan,nan,nan,nan
269.03,1565067219,4003.09,51.44332261,7.47709611,256.46,25.40,-0.00,262.19,nan,nan,nan,nan,nan,nan,nan,nan,nan
270.03,1565067220,4028.49,51.44328792,7.47673164,255.93,25.64,0.24,261.64,nan,nan,nan,nan,nan,nan,nan,nan,nan
271.03,1565067221,4054.10,51.44325272,7.47637078,255.45,25.68,0.04,261.29,nan,nan,nan,nan,nan,nan,nan,nan,nan
272.03,1565067222,4079.78,51.44321745,7.47600006,255.02,25.81,0.13,261.01,nan,nan,nan,nan,nan,nan,nan,nan,nan
273.03,1565067223,4105.61,51.44318239,7.47563375,254.60,25.95,0.15,260.74,nan,nan,nan,nan,nan,nan,nan,nan,nan
274.03,1565067224,4131.57,51.44313993,7.47526564,254.21,26.33,0.37,259.85,nan,nan,nan,nan,nan,nan,nan,nan,nan
275.03,1565067225,4157.87,51.44309598,7.47489251,253.88,26.67,0.34,259.09,nan,nan,nan,nan,nan,nan,nan,nan,nan
276.03,1565067226,4184.57,51.44305105,7.47450923,253.53,27.07,0.39,258.95,nan,nan,nan,nan,nan,nan,nan,nan,nan
277.03,1565067227,4211.63,51.44300248,7.47412645,253.14,27.51,0.44,258.74,nan,nan,nan,nan,nan,nan,nan,nan,nan
278.03,1565067228,4239.14,51.44295327,7.47373907,252.69,27.45,-0.06,258.48,nan,nan,nan,nan,nan,nan,nan,nan,nan
279.03,1565067229,4266.58,51.44290340,7.47334658,252.19,28.06,0.61,258.57,nan,nan,nan,nan,nan,nan,nan,nan,nan
280.03,1565067230,4294.62,51.44284882,7.47295029,251.67,28.60,0.54,257.61,nan,nan,nan,nan,nan,nan,nan,nan,nan
281.03,1565067231,4323.24,51.44279254,7.47254331,251.09,29.12,0.52,257.17,nan,nan,nan,nan,nan,nan,nan,nan,nan
282.03,1565067232,4352.36,51.44273439,7.47212530,250.46,30.06,0.94,257.22,nan,nan,nan,nan,nan,nan,nan,nan,nan
283.03,1565067233,4382.41,51.44267519,7.47169758,249.76,30.69,0.63,257.59,nan,nan,nan,nan,nan,nan,nan,nan,nan
284.03,1565067234,4413.10,51.44261549,7.47126221,249.02,31.01,0.32,257.90,nan,nan,nan,nan,nan,nan,nan,nan,nan
285.03,1565067235,4444.11,51.44255662,7.47082226,248.29,31.33,0.32,258.12,nan,nan,nan,nan,nan,nan,nan,nan,nan
286.03,1565067236,4475.44,51.44249775,7.47036700,247.44,31.63,0.30,258.19,nan,nan,nan,nan,nan,nan,nan,nan,nan
287.04,1565067237,4507.35,51.44244012,7.46992674,246.50,31.71,0.08,258.18,nan,nan,nan,nan,nan,nan,nan,nan,nan
288.03,1565067238,4538.77,51.44238139,7.46947846,245.50,32.04,0.34,257.98,nan,nan,nan,nan,nan,nan,nan,nan,nan
289.03,1565067239,4570.81,51.44231834,7.46900065,244.72,32.20,0.16,258.19,nan,nan,nan,nan,nan,nan,nan,nan,nan
290.03,1565067240,4603.01,51.44225549,7.46853135,244.21,32.67,0.47,258.33,nan,nan,nan,nan,nan,nan,nan,nan,nan
291.03,1565067241,4635.65,51.44219569,7.46806947,243.64,32.62,-0.05,258.40,nan,nan,nan,nan,nan,nan,nan,nan,nan
292.03,1565067242,4668.30,51.44213925,7.46760309,243.14,32.78,0.16,258.64,nan,nan,nan,nan,nan,nan,nan,nan,nan
293.03,1565067243,4701.08,51.44208337,7.46713812,242.71,32.92,0.15,259.13,nan,nan,nan,nan,nan,nan,nan,nan,nan
294.03,1565067244,4733.97,51.44203494,7.46667455,242.74,33.11,0.18,259.80,nan,nan,nan,nan,nan,nan,nan,nan,nan
295.03,1565067245,4767.11,51.44198629,7.46621273,242.50,33.35,0.25,260.42,nan,nan,nan,nan,nan,nan,nan,nan,nan
296.03,1565067246,4800.46,51.44194249,7.46575552,241.61,33.52,0.17,260.97,nan,nan,nan,nan,nan,nan,nan,nan,nan
297.03,1565067247,4833.98,51.44189771,7.46527967,240.37,33.44,-0.09,261.01,nan,nan,nan,nan,nan,nan,nan,nan,nan
298.03,1565067248,4867.42,51.44185652,7.46481344,238.82,33.28,-0.15,261.49,nan,nan,nan,nan,nan,nan,nan,nan,nan
299.03,1565067249,4900.70,51.44181344,7.46434280,237.43,33.20,-0.09,261.74,nan,nan,nan,nan,nan,nan,nan,nan,nan
300.03,1565067250,4933.86,51.44177487,7.46386769,236.19,32.81,-0.39,262.35,nan,nan,nan,nan,nan,nan,nan,nan,nan
301.03,1565067251,4966.67,51.44174180,7.46340382,235.30,32.72,-0.09,263.73,nan,nan,nan,nan,nan,nan,nan,nan,nan
302.03,1565067252,4999.43,51.44170898,7.46293234,234.23,32.56,-0.16,264.16,nan,nan,nan,nan,nan,nan,nan,nan,nan
303.03,1565067253,5031.98,51.44167963,7.46246636,233.07,32.62,0.07,264.19,nan,nan,nan,nan,nan,nan,nan,nan,nan
304.03,1565067254,5064.61,51.44165657,7.46199832,231.93,32.99,0.36,265.21,nan,nan,nan,nan,nan,nan,nan,nan,nan
305.03,1565067255,5097.57,51.44163470,7.46152549,230.76,33.27,0.28,265.72,nan,nan,nan,nan,nan,nan,nan,nan,nan
306.03,1565067256,5130.83,51.44160992,7.46102915,230.03,33.68,0.41,265.67,nan,nan,nan,nan,nan,nan,nan,nan,nan
307.03,1565067257,5164.54,51.44159046,7.46053793,229.60,34.17,0.49,266.25,nan,nan,nan,nan,nan,nan,nan,nan,nan
308.04,1565067258,5199.05,51.44157154,7.46003515,229.44,34.64,0.47,266.51,nan,nan,nan,nan,nan,nan,nan,nan,nan
309.03,1565067259,5233.34,51.44155764,7.45953544,229.28,35.12,0.49,267.35,nan,nan,nan,nan,nan,nan,nan,nan,nan
310.03,1565067260,5268.46,51.44154341,7.45902551,229.25,35.39,0.27,268.00,nan,nan,nan,nan,nan,nan,nan,nan,nan
311.03,1565067261,5303.85,51.44153644,7.45851393,229.25,35.67,0.27,268.43,nan,nan,nan,nan,nan,nan,nan,nan,nan
312.03,1565067262,5339.52,51.44152864,7.45799448,229.41,36.17,0.51,268.78,nan,nan,nan,nan,nan,nan,nan,nan,nan
313.03,1565067263,5375.69,51.44152760,7.45747688,229.67,36.19,0.02,269.51,nan,nan,nan,nan,nan,nan,nan,nan,nan
314.03,1565067264,5411.88,51.44152548,7.45695840,229.84,36.06,-0.13,269.93,nan,nan,nan,nan,nan,nan,nan,nan,nan
315.03,1565067265,5447.94,51.44152874,7.45644578,230.00,35.93,-0.13,270.59,nan,nan,nan,nan,nan,nan,nan,nan,nan
316.03,1565067266,5483.87,51.44153154,7.45592401,230.12,35.92,-0.01,271.11,nan,nan,nan,nan,nan,nan,nan,nan,nan
317.03,1565067267,5519.79,51.44153986,7.45540793,230.23,36.03,0.11,271.64,nan,nan,nan,nan,nan,nan,nan,nan,nan
318.03,1565067268,5555.82,51.44155268,7.45488457,230.22,36.15,0.13,272.24,nan,nan,nan,nan,nan,nan,nan,nan,nan
319.03,1565067269,5591.97,51.44156348,7.45437416,230.07,36.10,-0.06,272.35,1,-120.00,-17.00,-11.00,0.00,17.00,22.00,13417219,-1
320.03,1565067270,5628.03,51.44158852,7.45385211,229.98,36.36,0.26,273.80,1,-120.00,-17.00,-11.00,0.00,17.00,22.00,13417219,-1
321.03,1565067271,5664.40,51.44161275,7.45332901,229.69,36.60,0.24,273.81,1,-100.00,-5.00,4.00,11.00,24.00,15.00,13415427,264
322.03,1565067272,5701.00,51.44163901,7.45281141,229.50,36.68,0.08,274.84,1,-100.00,-5.00,4.00,11.00,24.00,15.00,13415427,264
323.03,1565067273,5737.71,51.44167144,7.45228757,229.27,36.78,0.10,275.94,1,-107.00,-8.00,-3.00,7.00,21.00,15.00,13415427,264
324.03,1565067274,5774.49,51.44170665,7.45176722,228.94,36.41,-0.37,276.66,1,-107.00,-8.00,-3.00,7.00,21.00,15.00,13415427,264
325.03,1565067275,5810.94,51.44174776,7.45125741,228.54,35.87,-0.54,277.05,1,-108.00,-8.00,0.00,7.00,20.00,15.00,13415427,264
326.03,1565067276,5846.81,51.44178911,7.45074777,228.09,35.74,-0.13,277.46,1,-108.00,-8.00,0.00,7.00,20.00,15.00,13415427,264
327.03,1565067277,5882.52,51.44183142,7.45024355,227.42,35.67,-0.07,277.93,1,-108.00,-9.00,9.00,11.00,19.00,15.00,13415427,264
328.03,1565067278,5918.15,51.44187438,7.44974226,226.67,35.57,-0.10,278.02,1,-108.00,-9.00,9.00,11.00,19.00,15.00,13415427,264
329.04,1565067279,5954.05,51.44192295,7.44924367,226.10,35.08,-0.49,278.33,1,-102.00,-6.00,3.00,9.00,23.00,15.00,13415427,264
330.03,1565067280,5988.81,51.44197079,7.44875097,225.58,34.62,-0.46,278.74,1,-102.00,-6.00,3.00,9.00,23.00,15.00,13415427,264
331.03,1565067281,6023.42,51.44202296,7.44826304,225.21,34.49,-0.13,279.44,1,-102.00,-6.00,3.00,9.00,23.00,15.00,13415427,264
332.03,1565067282,6057.91,51.44207478,7.44777633,224.96,34.43,-0.06,280.14,1,-106.00,-11.00,4.00,2.00,33.00,15.00,13415427,264
333.03,1565067283,6092.34,51.44213080,7.44729369,225.01,34.50,0.07,280.75,1,-106.00,-11.00,4.00,2.00,33.00,15.00,13415427,264
334.03,1565067284,6126.87,51.44218765,7.44680483,225.09,34.67,0.17,281.33,1,-92.00,-5.00,17.00,2.00,30.00,15.00,13415427,264
335.03,1565067285,6161.55,51.44225235,7.44631228,225.21,34.91,0.24,282.04,1,-92.00,-5.00,17.00,2.00,30.00,15.00,13415427,264
336.03,1565067286,6196.46,51.44231795,7.44582060,225.28,35.04,0.13,282.71,1,-96.00,-6.00,-2.00,2.00,29.00,15.00,13415427,264
337.03,1565067287,6231.50,51.44238530,7.44532426,225.36,35.29,0.25,282.83,1,-96.00,-6.00,-2.00,2.00,29.00,15.00,13415427,264
338.03,1565067288,6266.80,51.44246006,7.44482939,225.37,35.30,0.01,283.33,1,-98.00,-6.00,-8.00,2.00,26.00,15.00,13415427,264
339.03,1565067289,6302.10,51.44253273,7.44435122,224.99,34.74,-0.56,283.62,1,-98.00,-6.00,-8.00,2.00,26.00,15.00,13415427,264
340.03,1565067290,6336.70,51.44260538,7.44386978,224.72,34.20,-0.54,284.22,1,-105.00,-7.00,-1.00,2.00,21.00,15.00,13415427,264
341.03,1565067291,6371.10,51.44268556,7.44339320,224.38,33.49,-0.71,284.68,1,-105.00,-7.00,-1.00,2.00,21.00,15.00,13415427,264
342.03,1565067292,6404.56,51.44276331,7.44293129,224.06,32.74,-0.74,285.41,1,-108.00,-8.00,-7.00,2.00,21.00,15.00,13415427,264
343.03,1565067293,6437.27,51.44284617,7.44248298,223.60,32.02,-0.73,285.85,1,-108.00,-8.00,-7.00,2.00,21.00,15.00,13415427,264
344.03,1565067294,6469.31,51.44292733,7.44204485,223.01,31.56,-0.46,286.08,1,-109.00,-10.00,-6.00,2.00,21.00,15.00,13415427,264
345.03,1565067295,6500.90,51.44300681,7.44161602,222.34,31.32,-0.24,285.92,1,-109.00,-10.00,-6.00,2.00,21.00,15.00,13415427,264
346.03,1565067296,6532.23,51.44308571,7.44119227,221.60,30.83,-0.49,286.76,1,-110.00,-13.00,-5.00,2.00,22.00,15.00,13415427,264
347.03,1565067297,6563.06,51.44316906,7.44077581,220.84,30.40,-0.43,287.15,1,-110.00,-13.00,-5.00,2.00,22.00,15.00,13415427,264
348.03,1565067298,6593.53,51.44325086,7.44036770,220.07,29.67,-0.73,287.07,1,-113.00,-14.00,-9.00,2.00,20.00,15.00,13415427,264
349.03,1565067299,6623.20,51.44333092,7.43997129,219.30,28.86,-0.81,287.62,1,-113.00,-14.00,-9.00,2.00,20.00,15.00,13415427,264
350.05,1565067300,6652.43,51.44341239,7.43959237,218.42,28.20,-0.65,288.24,1,-116.00,-15.00,-9.00,2.00,20.00,15.00,13415427,264
351.04,1565067301,6680.35,51.44349390,7.43921290,217.55,27.79,-0.41,288.62,1,-116.00,-15.00,-9.00,2.00,20.00,15.00,13415427,264
352.04,1565067302,6708.13,51.44357629,7.43883429,216.79,27.67,-0.12,289.11,1,-116.00,-15.00,-9.00,2.00,20.00,15.00,13415427,264
353.03,1565067303,6735.58,51.44366259,7.43846337,216.08,27.35,-0.32,289.60,1,-106.00,-6.00,1.00,9.00,19.00,26.00,13246978,157
354.03,1565067304,6762.96,51.44374664,7.43809921,215.35,27.17,-0.18,289.97,1,-106.00,-6.00,1.00,9.00,19.00,26.00,13246978,157
355.03,1565067305,6790.10,51.44383177,7.43773290,214.56,27.39,0.22,290.28,1,-109.00,-8.00,3.00,8.00,20.00,26.00,13246978,157
356.03,1565067306,6817.51,51.44391782,7.43736206,213.84,27.78,0.39,290.32,1,-109.00,-8.00,3.00,8.00,20.00,26.00,13246978,157
357.03,1565067307,6845.29,51.44401109,7.43698563,213.06,28.17,0.39,290.65,1,-106.00,-7.00,0.00,8.00,22.00,26.00,13246978,157
358.03,1565067308,6873.46,51.44410314,7.43660884,212.41,28.40,0.24,291.11,1,-106.00,-7.00,0.00,8.00,22.00,26.00,13246978,157
359.03,1565067309,6901.89,51.44420038,7.43622481,211.63,29.09,0.69,291.40,1,-109.00,-7.00,1.00,7.00,19.00,27.00,13415427,157
360.03,1565067310,6930.95,51.44430618,7.43582574,211.04,29.72,0.63,292.97,1,-109.00,-7.00,1.00,7.00,19.00,27.00,13415427,157
361.03,1565067311,6960.67,51.44441727,7.43542183,210.14,30.24,0.52,293.66,1,-107.00,-7.00,3.00,8.00,20.00,27.00,13415427,264
362.03,1565067312,6990.91,51.44453197,7.43500876,209.05,30.84,0.60,293.78,1,-107.00,-7.00,3.00,8.00,20.00,27.00,13415427,264
363.03,1565067313,7021.82,51.44464933,7.43461568,207.90,31.01,0.17,294.50,1,-108.00,-10.00,2.00,8.00,24.00,27.00,13415427,264
364.03,1565067314,7052.80,51.44476536,7.43422086,206.72,30.85,-0.17,294.54,1,-108.00,-10.00,2.00,8.00,24.00,27.00,13415427,264
365.03,1565067315,7083.71,51.44488927,7.43381424,205.53,30.82,-0.03,295.28,1,-121.00,-17.00,-1.00,4.00,17.00,34.00,13395457,264
366.03,1565067316,7114.56,51.44501968,7.43342315,204.16,30.86,0.05,296.38,1,-121.00,-17.00,-1.00,4.00,17.00,34.00,13395457,264
367.03,1565067317,7145.39,51.44515710,7.43304133,202.76,30.66,-0.21,298.81,1,-110.00,-12.00,-1.00,6.00,20.00,34.00,13395457,111
368.03,1565067318,7176.04,51.44529757,7.43266579,201.51,30.53,-0.13,300.12,1,-110.00,-12.00,-1.00,6.00,20.00,34.00,13395457,111
369.03,1565067319,7206.51,51.44543963,7.43228824,200.33,30.44,-0.09,300.48,1,-108.00,-12.00,2.00,7.00,23.00,34.00,13395457,111
370.03,1565067320,7237.01,51.44558961,7.43192135,199.29,30.30,-0.14,302.56,1,-108.00,-12.00,2.00,7.00,23.00,34.00,13395457,111
371.05,1565067321,7267.68,51.44574848,7.43155921,198.53,30.09,-0.21,304.33,1,-109.00,-13.00,4.00,6.00,24.00,34.00,13395457,111
372.03,1565067322,7297.35,51.44590117,7.43120568,197.87,29.97,-0.13,304.48,1,-109.00,-13.00,4.00,6.00,24.00,34.00,13395457,111
373.03,1565067323,7327.38,51.44606454,7.43084976,197.35,29.85,-0.12,305.86,1,-109.00,-13.00,4.00,6.00,24.00,34.00,13395457,111
374.03,1565067324,7357.14,51.44623083,7.43050505,196.90,29.85,0.00,307.66,1,-106.00,-12.00,5.00,3.00,26.00,34.00,13395457,111
375.03,1565067325,7386.99,51.44639688,7.43017908,196.11,29.69,-0.17,309.14,1,-106.00,-12.00,5.00,3.00,26.00,34.00,13395457,111
376.03,1565067326,7416.68,51.44656169,7.42985411,194.99,29.57,-0.12,309.53,1,-101.00,-6.00,4.00,9.00,24.00,34.00,13395457,111
377.03,1565067327,7446.25,51.44673714,7.42953698,194.08,29.30,-0.27,310.96,1,-101.00,-6.00,4.00,9.00,24.00,34.00,13395457,111
378.03,1565067328,7475.55,51.44691407,7.42922694,193.27,29.36,0.06,312.10,1,-98.00,-4.00,17.00,15.00,25.00,34.00,13395457,111
379.03,1565067329,7504.91,51.44709438,7.42892557,192.40,29.56,0.20,313.54,1,-98.00,-4.00,17.00,15.00,25.00,34.00,13395457,111
380.03,1565067330,7534.44,51.44728141,7.42862875,191.33,29.66,0.10,314.82,1,-97.00,-4.00,14.00,14.00,25.00,34.00,13395457,111
381.03,1565067331,7564.13,51.44747423,7.42833411,190.11,29.86,0.20,315.86,1,-97.00,-4.00,14.00,14.00,25.00,34.00,13395457,111
382.03,1565067332,7593.96,51.44767139,7.42804562,188.98,30.17,0.31,317.45,1,-98.00,-4.00,15.00,15.00,26.00,34.00,13395457,111
383.03,1565067333,7624.16,51.44787545,7.42776223,187.76,30.24,0.07,318.74,1,-98.00,-4.00,15.00,15.00,26.00,34.00,13395457,111
384.03,1565067334,7654.40,51.44808518,7.42748569,186.50,30.19,-0.05,320.19,1,-101.00,-4.00,14.00,15.00,25.00,34.00,13395457,111
385.03,1565067335,7684.56,51.44829782,7.42721531,185.22,30.28,0.09,321.43,1,-101.00,-4.00,14.00,15.00,25.00,34.00,13395457,111
386.03,1565067336,7714.87,51.44851374,7.42695525,183.85,30.29,0.01,322.90,1,-101.00,-7.00,6.00,2.00,34.00,34.00,13395457,111
387.03,1565067337,7745.16,51.44873384,7.42669124,182.61,30.40,0.11,323.64,1,-101.00,-7.00,6.00,2.00,34.00,34.00,13395457,111
388.03,1565067338,7775.53,51.44896503,7.42643795,181.42,30.95,0.55,325.28,1,-109.00,-5.00,12.00,2.00,15.00,34.00,13395469,221
389.03,1565067339,7806.48,51.44920832,7.42618606,180.36,31.50,0.55,326.60,1,-109.00,-5.00,12.00,2.00,15.00,34.00,13395469,221
390.03,1565067340,7837.99,51.44945132,7.42593483,179.52,31.70,0.19,327.50,1,-109.00,-4.00,12.00,2.00,14.00,34.00,13395469,221
391.03,1565067341,7869.68,51.44969808,7.42569878,178.82,32.05,0.35,329.04,1,-109.00,-4.00,12.00,2.00,14.00,34.00,13395469,221
392.04,1565067342,7901.96,51.44994462,7.42547521,177.79,32.26,0.21,330.20,1,-115.00,-6.00,7.00,8.00,11.00,23.00,13395469,221
393.03,1565067343,7934.00,51.45019696,7.42526138,176.57,32.35,0.09,331.91,1,-115.00,-6.00,7.00,8.00,11.00,23.00,13395469,221
394.03,1565067344,7966.35,51.45045215,7.42506157,175.68,32.01,-0.34,333.97,1,-115.00,-6.00,7.00,8.00,11.00,23.00,13395469,221
395.03,1565067345,7998.42,51.45070602,7.42486334,175.13,32.39,0.38,334.11,1,-111.00,-6.00,4.00,11.00,12.00,23.00,13395469,221
396.03,1565067346,8030.81,51.45097130,7.42466644,174.52,32.34,-0.05,335.49,1,-111.00,-6.00,4.00,11.00,12.00,23.00,13395469,221
397.03,1565067347,8063.18,51.45123311,7.42448869,173.75,32.00,-0.34,337.16,1,-116.00,-8.00,4.00,8.00,11.00,23.00,13395469,221
398.03,1565067348,8095.19,51.45149365,7.42432409,173.09,31.66,-0.35,339.02,1,-116.00,-8.00,4.00,8.00,11.00,23.00,13395469,221
399.03,1565067349,8126.81,51.45175713,7.42416371,171.83,31.57,-0.09,339.88,1,-117.00,-8.00,8.00,8.00,10.00,23.00,13395469,221
400.03,1565067350,8158.39,51.45202450,7.42401830,170.37,31.47,-0.10,340.96,1,-117.00,-8.00,8.00,8.00,10.00,23.00,13395469,221
401.03,1565067351,8189.86,51.45229141,7.42387379,168.93,31.44,-0.03,341.54,1,-111.00,-6.00,2.00,10.00,12.00,23.00,13395469,221
402.03,1565067352,8221.30,51.45256580,7.42373524,167.66,31.40,-0.04,342.12,1,-111.00,-6.00,2.00,10.00,12.00,23.00,13395469,221
403.03,1565067353,8252.73,51.45283486,7.42360357,166.24,31.73,0.33,342.69,1,-107.00,-4.00,16.00,12.00,15.00,23.00,13395469,221
404.03,1565067354,8284.47,51.45310907,7.42346878,164.94,32.00,0.27,342.80,1,-107.00,-4.00,16.00,12.00,15.00,23.00,13395469,221
405.03,1565067355,8316.37,51.45338985,7.42334522,163.69,32.66,0.66,343.84,1,-100.00,-5.00,16.00,2.00,34.00,23.00,13395469,221
406.03,1565067356,8349.07,51.45367336,7.42322121,162.65,33.03,0.37,344.07,1,-100.00,-5.00,16.00,2.00,34.00,23.00,13395469,221
407.03,1565067357,8382.10,51.45396576,7.42309159,161.83,33.78,0.75,343.85,1,-105.00,-6.00,9.00,2.00,18.00,23.00,13395469,221
408.03,1565067358,8415.87,51.45426023,7.42296081,160.95,34.10,0.32,343.70,1,-105.00,-6.00,9.00,2.00,18.00,23.00,13395469,221
409.03,1565067359,8449.94,51.45455482,7.42282762,160.05,33.82,-0.28,343.61,1,-107.00,-6.00,4.00,2.00,17.00,23.00,13395469,221
410.03,1565067360,8483.79,51.45484795,7.42269379,159.19,33.88,0.06,343.33,1,-107.00,-6.00,4.00,2.00,17.00,23.00,13395469,221
411.03,1565067361,8517.70,51.45514118,7.42254833,158.46,34.06,0.18,342.74,1,-110.00,-5.00,6.00,2.00,14.00,23.00,13395469,221
412.03,1565067362,8551.76,51.45543986,7.42240208,157.69,34.31,0.26,342.31,1,-110.00,-5.00,6.00,2.00,14.00,23.00,13395469,221
413.03,1565067363,8586.08,51.45573629,7.42224814,156.97,34.55,0.24,341.64,1,-110.00,-6.00,11.00,2.00,14.00,23.00,13395469,221
414.03,1565067364,8620.66,51.45603319,7.42209308,156.37,34.85,0.30,340.82,1,-110.00,-6.00,11.00,2.00,14.00,23.00,13395469,221
415.04,1565067365,8655.79,51.45633240,7.42192163,155.84,35.10,0.25,339.96,1,-111.00,-6.00,11.00,2.00,14.00,23.00,13395469,221
416.03,1565067366,8690.61,51.45662571,7.42174130,155.51,35.12,0.02,338.83,1,-111.00,-6.00,11.00,2.00,14.00,23.00,13395469,221
417.03,1565067367,8725.70,51.45691618,7.42156079,155.31,34.88,-0.25,337.93,1,-111.00,-6.00,11.00,2.00,14.00,23.00,13395469,221
418.03,1565067368,8760.54,51.45720469,7.42136773,155.16,34.82,-0.05,337.13,1,-114.00,-7.00,4.00,8.00,12.00,14.00,13395469,221
419.03,1565067369,8795.40,51.45748898,7.42116733,155.09,34.61,-0.22,335.94,1,-114.00,-7.00,4.00,8.00,12.00,14.00,13395469,221
420.03,1565067370,8830.04,51.45777381,7.42096554,155.04,34.52,-0.09,335.01,1,-106.00,-5.00,10.00,11.00,16.00,14.00,13395469,221
421.03,1565067371,8864.56,51.45805881,7.42074562,154.80,34.42,-0.10,333.90,1,-106.00,-5.00,10.00,11.00,16.00,14.00,13395469,221
422.03,1565067372,8898.97,51.45833474,7.42052871,154.52,34.19,-0.22,333.34,1,-108.00,-5.00,12.00,10.00,16.00,14.00,13395469,221
423.03,1565067373,8933.16,51.45860669,7.42030204,154.15,34.00,-0.19,332.64,1,-108.00,-5.00,12.00,10.00,16.00,14.00,13395469,221
424.03,1565067374,8967.10,51.45887324,7.42006843,153.87,33.86,-0.14,331.35,1,-108.00,-5.00,24.00,9.00,15.00,14.00,13395469,221
425.03,1565067375,9000.99,51.45913679,7.41983519,153.71,34.07,0.20,330.53,1,-108.00,-5.00,24.00,9.00,15.00,14.00,13395469,221
426.03,1565067376,9035.02,51.45939568,7.41958136,153.79,34.12,0.05,329.29,1,-99.00,-4.00,21.00,14.00,25.00,14.00,13395469,221
427.03,1565067377,9069.17,51.45965545,7.41931539,154.00,34.21,0.09,328.04,1,-99.00,-4.00,21.00,14.00,25.00,14.00,13395469,221
428.03,1565067378,9103.38,51.45992019,7.41904552,154.11,34.44,0.24,327.04,1,-95.00,-3.00,21.00,2.00,40.00,14.00,13395469,221
429.03,1565067379,9137.82,51.46018267,7.41878018,153.75,34.73,0.28,326.12,1,-95.00,-3.00,21.00,2.00,40.00,14.00,13395469,221
430.03,1565067380,9172.48,51.46043480,7.41849976,153.16,35.00,0.27,324.85,1,-96.00,-4.00,6.00,2.00,28.00,14.00,13395469,221
431.03,1565067381,9207.48,51.46069000,7.41821047,152.46,35.41,0.42,324.08,1,-96.00,-4.00,6.00,2.00,28.00,14.00,13395469,221
432.03,1565067382,9242.86,51.46094324,7.41790556,151.84,35.82,0.41,323.30,1,-101.00,-5.00,7.00,2.00,23.00,14.00,13395469,221
433.03,1565067383,9278.72,51.46119522,7.41759045,151.28,36.05,0.22,322.28,1,-101.00,-5.00,7.00,2.00,23.00,14.00,13395469,221
434.03,1565067384,9314.80,51.46145175,7.41725975,151.09,36.35,0.30,321.01,1,-105.00,-4.00,6.00,8.00,20.00,8.00,13395469,221
435.03,1565067385,9351.15,51.46170450,7.41692235,151.02,36.75,0.41,319.84,1,-105.00,-4.00,6.00,8.00,20.00,8.00,13395469,221
436.04,1565067386,9388.38,51.46196354,7.41657683,151.21,37.16,0.40,319.05,1,-111.00,-5.00,19.00,9.00,10.00,8.00,13395469,221
437.03,1565067387,9425.02,51.46221352,7.41622332,151.42,37.04,-0.12,318.18,1,-111.00,-5.00,19.00,9.00,10.00,8.00,13395469,221
438.03,1565067388,9462.10,51.46245755,7.41586128,151.57,37.00,-0.04,316.78,1,-111.00,-5.00,19.00,9.00,10.00,8.00,13395469,221
439.03,1565067389,9499.07,51.46269794,7.41549151,151.77,37.23,0.23,315.95,1,-97.00,-4.00,28.00,14.00,26.00,8.00,13395469,221
440.03,1565067390,9536.33,51.46292861,7.41512271,151.63,37.28,0.05,314.75,1,-97.00,-4.00,28.00,14.00,26.00,8.00,13395469,221
441.03,1565067391,9573.58,51.46316331,7.41474664,151.42,37.15,-0.13,313.86,1,-110.00,-5.00,3.00,10.00,13.00,8.00,13395469,221
442.03,1565067392,9610.73,51.46338953,7.41435996,151.22,36.67,-0.48,312.73,1,-110.00,-5.00,3.00,10.00,13.00,8.00,13395469,221
443.03,1565067393,9647.44,51.46361141,7.41397795,151.13,35.88,-0.79,311.84,1,-110.00,-9.00,-8.00,6.00,19.00,8.00,13395469,221
444.03,1565067394,9683.28,51.46383018,7.41358046,151.28,35.63,-0.25,310.99,1,-110.00,-9.00,-8.00,6.00,19.00,8.00,13395469,221
445.08,1565067395,9720.76,51.46404218,7.41319283,151.52,35.03,-0.56,310.29,1,-116.00,-8.00,4.00,2.00,23.00,8.00,13395469,221
446.03,1565067396,9753.98,51.46424274,7.41281060,151.77,34.26,-0.82,309.71,1,-116.00,-8.00,4.00,2.00,23.00,8.00,13395469,221
447.03,1565067397,9788.27,51.46443987,7.41243351,151.97,33.53,-0.73,309.24,1,-100.00,-3.00,14.00,15.00,18.00,5.00,13395469,221
448.03,1565067398,9821.80,51.46462534,7.41205958,152.23,32.74,-0.79,308.64,1,-100.00,-3.00,14.00,15.00,18.00,5.00,13395469,221
449.03,1565067399,9854.57,51.46480725,7.41169621,152.38,32.10,-0.64,308.29,1,-117.00,-7.00,-1.00,7.00,9.00,5.00,13395469,221
450.03,1565067400,9886.64,51.46498767,7.41133775,152.47,32.05,-0.05,308.37,1,-117.00,-7.00,-1.00,7.00,9.00,5.00,13395469,221
451.03,1565067401,9918.69,51.46516837,7.41097868,152.51,31.97,-0.09,308.40,1,-89.00,-6.00,-1.00,13.00,35.00,4.00,13395458,112
452.03,1565067402,9950.66,51.46534646,7.41062208,152.63,31.31,-0.65,308.03,1,-89.00,-6.00,-1.00,13.00,35.00,4.00,13395458,112
453.03,1565067403,9981.94,51.46552032,7.41026901,152.61,30.84,-0.48,307.75,1,-91.00,-4.00,8.00,14.00,34.00,4.00,13395458,112
454.03,1565067404,10012.78,51.46569001,7.40992100,152.75,30.50,-0.34,307.77,1,-91.00,-4.00,8.00,14.00,34.00,4.00,13395458,112
455.03,1565067405,10043.31,51.46585721,7.40957830,152.94,29.95,-0.55,308.13,1,-77.00,-3.00,4.00,14.00,47.00,4.00,13395458,112
456.03,1565067406,10073.26,51.46602191,7.40924032,153.18,29.60,-0.35,308.41,1,-77.00,-3.00,4.00,14.00,47.00,4.00,13395458,112
457.03,1565067407,10102.92,51.46618514,7.40890272,153.53,29.47,-0.13,308.19,1,-80.00,-3.00,-5.00,14.00,43.00,4.00,13395458,112
458.03,1565067408,10132.39,51.46634830,7.40856801,153.89,29.46,-0.01,308.37,1,-80.00,-3.00,-5.00,14.00,43.00,4.00,13395458,112
459.04,1565067409,10162.03,51.46651145,7.40823655,154.21,29.32,-0.14,308.71,1,-93.00,-5.00,-3.00,14.00,33.00,4.00,13395458,112
460.03,1565067410,10191.17,51.46667372,7.40790914,154.49,28.93,-0.39,308.46,1,-93.00,-5.00,-3.00,14.00,33.00,4.00,13395458,112
461.03,1565067411,10220.04,51.46683547,7.40758319,154.73,28.87,-0.06,308.88,1,-93.00,-5.00,-3.00,14.00,33.00,4.00,13395458,112
462.03,1565067412,10248.89,51.46699780,7.40725793,154.99,28.90,0.03,309.22,1,-82.00,-8.00,-5.00,6.00,54.00,6.00,13395458,112
463.03,1565067413,10277.79,51.46716101,7.40693299,155.01,28.95,0.05,309.41,1,-82.00,-8.00,-5.00,6.00,54.00,6.00,13395458,112
464.03,1565067414,10306.76,51.46732565,7.40660783,155.18,29.12,0.17,309.50,1,-81.00,-4.00,16.00,14.00,42.00,6.00,13395458,112
465.03,1565067415,10335.89,51.46749649,7.40628545,155.15,29.39,0.26,310.09,1,-81.00,-4.00,16.00,14.00,42.00,6.00,13395458,112
466.03,1565067416,10365.27,51.46766475,7.40596331,155.30,29.60,0.21,310.55,1,-82.00,-4.00,10.00,2.00,50.00,6.00,13395458,112
467.03,1565067417,10394.90,51.46784039,7.40563469,155.64,29.92,0.32,310.92,1,-82.00,-4.00,10.00,2.00,50.00,6.00,13395458,112
468.03,1565067418,10424.70,51.46802063,7.40530912,155.81,30.13,0.21,311.34,1,-83.00,-4.00,14.00,2.00,38.00,6.00,13395458,112
469.03,1565067419,10454.90,51.46820198,7.40498058,155.95,30.48,0.35,311.63,1,-83.00,-4.00,14.00,2.00,38.00,6.00,13395458,112
470.03,1565067420,10485.41,51.46838560,7.40464943,156.41,30.62,0.14,311.38,1,-111.00,-9.00,6.00,2.00,17.00,6.00,13532430,433
471.03,1565067421,10516.00,51.46857080,7.40431985,156.87,30.61,-0.01,312.13,1,-111.00,-9.00,6.00,2.00,17.00,6.00,13532430,433
472.03,1565067422,10546.69,51.46876129,7.40399556,157.34,30.59,-0.02,312.73,1,-118.00,-11.00,-6.00,2.00,12.00,6.00,13532430,433
473.03,1565067423,10577.28,51.46895748,7.40368666,157.60,30.99,0.40,315.25,1,-118.00,-11.00,-6.00,2.00,12.00,6.00,13532430,433
474.04,1565067424,10608.39,51.46914408,7.40339223,157.70,30.53,-0.46,315.56,1,-90.00,-5.00,7.00,2.00,36.00,6.00,13022465,205
475.04,1565067425,10638.92,51.46933314,7.40308247,157.63,29.63,-0.90,314.21,1,-90.00,-5.00,7.00,2.00,36.00,6.00,13022465,205
476.04,1565067426,10668.51,51.46952344,7.40277288,157.68,29.33,-0.29,314.57,1,-91.00,-6.00,10.00,2.00,35.00,6.00,13022465,205
477.03,1565067427,10697.82,51.46970959,7.40246702,157.66,28.72,-0.62,314.73,1,-91.00,-6.00,10.00,2.00,35.00,6.00,13022465,205
478.03,1565067428,10726.54,51.46989116,7.40217039,157.75,28.25,-0.47,314.56,1,-94.00,-8.00,10.00,2.00,34.00,6.00,13022465,205
479.03,1565067429,10754.79,51.47006947,7.40188383,157.84,27.84,-0.41,314.87,1,-94.00,-8.00,10.00,2.00,34.00,6.00,13022465,205
480.04,1565067430,10782.87,51.47024848,7.40160845,157.78,27.71,-0.12,315.49,1,-96.00,-8.00,10.00,2.00,33.00,6.00,13022465,205
481.03,1565067431,10810.31,51.47042106,7.40133079,158.01,27.64,-0.07,316.15,1,-96.00,-8.00,10.00,2.00,33.00,6.00,13022465,205
482.03,1565067432,10837.81,51.47060238,7.40105817,158.15,27.61,-0.03,317.21,1,-96.00,-8.00,10.00,2.00,33.00,6.00,13022465,205
483.03,1565067433,10865.37,51.47077747,7.40078408,158.24,27.37,-0.24,316.17,1,-95.00,-6.00,6.00,11.00,30.00,15.00,13022465,205
484.03,1565067434,10892.85,51.47095342,7.40051201,158.28,27.46,0.09,316.65,1,-95.00,-6.00,6.00,11.00,30.00,15.00,13022465,205
485.03,1565067435,10920.31,51.47113245,7.40023879,158.35,27.53,0.06,317.09,1,-93.00,-7.00,8.00,10.00,32.00,15.00,13022465,205
486.03,1565067436,10947.81,51.47131591,7.39996628,158.52,27.82,0.29,317.32,1,-93.00,-7.00,8.00,10.00,32.00,15.00,13022465,205
487.03,1565067437,10975.66,51.47149720,7.39969564,158.88,28.15,0.33,317.41,1,-97.00,-11.00,8.00,10.00,34.00,15.00,13022465,205
488.03,1565067438,11003.75,51.47168401,7.39941826,159.34,28.47,0.32,318.12,1,-97.00,-11.00,8.00,10.00,34.00,15.00,13022465,205
489.03,1565067439,11032.30,51.47187096,7.39914055,159.80,28.53,0.06,317.88,1,-93.00,-10.00,10.00,14.00,37.00,15.00,13022465,205
490.03,1565067440,11060.83,51.47206396,7.39886792,160.17,28.26,-0.26,318.38,1,-93.00,-10.00,10.00,14.00,37.00,15.00,13022465,205
491.03,1565067441,11089.04,51.47225466,7.39860097,160.53,27.94,-0.32,318.78,1,-95.00,-5.00,16.00,12.00,32.00,15.00,13022465,205
492.03,1565067442,11116.90,51.47244881,7.39834294,160.97,27.98,0.04,320.12,1,-95.00,-5.00,16.00,12.00,32.00,15.00,13022465,205
493.03,1565067443,11144.96,51.47264339,7.39808491,161.24,27.97,-0.01,319.34,1,-90.00,-7.00,13.00,15.00,34.00,15.00,13022465,205
494.03,1565067444,11172.93,51.47283572,7.39782005,161.62,27.93,-0.04,319.12,1,-90.00,-7.00,13.00,15.00,34.00,15.00,13022465,205
495.03,1565067445,11200.89,51.47303124,7.39755023,162.25,28.36,0.43,319.82,1,-90.00,-4.00,16.00,15.00,35.00,15.00,13022465,205
496.03,1565067446,11229.22,51.47322452,7.39729051,162.88,28.42,0.06,320.26,1,-90.00,-4.00,16.00,15.00,35.00,15.00,13022465,205
497.03,1565067447,11257.63,51.47342359,7.39702204,163.62,28.48,0.07,320.76,1,-91.00,-6.00,19.00,15.00,36.00,15.00,13022465,205
498.03,1565067448,11286.11,51.47361732,7.39676447,164.16,28.33,-0.16,321.00,1,-91.00,-6.00,19.00,15.00,36.00,15.00,13022465,205
499.03,1565067449,11314.44,51.47381084,7.39651099,164.59,27.64,-0.69,321.10,1,-90.00,-7.00,15.00,15.00,36.00,15.00,13022465,205
500.03,1565067450,11342.11,51.47401046,7.39626502,165.09,27.00,-0.64,321.94,1,-90.00,-7.00,15.00,15.00,36.00,15.00,13022465,205
501.04,1565067451,11369.43,51.47420303,7.39603360,165.51,26.35,-0.64,322.94,1,-85.00,-5.00,6.00,2.00,41.00,15.00,13022465,205
502.03,1565067452,11395.51,51.47440068,7.39580310,166.06,25.81,-0.54,323.16,1,-85.00,-5.00,6.00,2.00,41.00,15.00,13022465,205
503.03,1565067453,11421.35,51.47458937,7.39559074,166.59,25.34,-0.47,324.53,1,-85.00,-5.00,6.00,2.00,41.00,15.00,13022465,205
504.03,1565067454,11446.69,51.47477347,7.39537916,167.09,24.46,-0.88,324.79,1,-87.00,-5.00,19.00,2.00,39.00,15.00,13022465,205
505.03,1565067455,11471.15,51.47496993,7.39518157,167.75,24.34,-0.12,328.39,1,-87.00,-5.00,19.00,2.00,39.00,15.00,13022465,205
506.03,1565067456,11495.50,51.47515165,7.39500197,168.47,23.69,-0.65,328.50,1,-86.00,-4.00,22.00,2.00,37.00,15.00,13022465,205
507.03,1565067457,11519.16,51.47533631,7.39481971,169.13,23.65,-0.04,329.29,1,-86.00,-4.00,22.00,2.00,37.00,15.00,13022465,205
508.03,1565067458,11542.75,51.47551578,7.39466026,169.89,23.44,-0.21,330.34,1,-78.00,-6.00,25.00,15.00,48.00,7.00,13022465,205
509.03,1565067459,11566.19,51.47569315,7.39450158,170.59,22.55,-0.89,330.42,1,-78.00,-6.00,25.00,15.00,48.00,7.00,13022465,205
510.03,1565067460,11588.74,51.47586717,7.39434260,171.10,21.89,-0.66,330.56,1,-76.00,-10.00,25.00,15.00,55.00,7.00,13022465,205
511.03,1565067461,11610.62,51.47603433,7.39419029,171.50,21.36,-0.53,331.01,1,-76.00,-10.00,25.00,15.00,55.00,7.00,13022465,205
512.03,1565067462,11631.98,51.47620178,7.39405474,171.86,21.19,-0.17,332.28,1,-68.00,-3.00,30.00,15.00,54.00,7.00,13022465,205
513.03,1565067463,11653.17,51.47637079,7.39391484,171.93,21.33,0.14,332.54,1,-68.00,-3.00,30.00,15.00,54.00,7.00,13022465,205
514.03,1565067464,11674.50,51.47654086,7.39376564,171.89,20.91,-0.42,333.09,1,-59.00,-3.00,31.00,15.00,63.00,7.00,13022465,205
515.03,1565067465,11695.45,51.47670839,7.39363759,172.13,20.35,-0.55,335.82,1,-59.00,-3.00,31.00,15.00,63.00,7.00,13022465,205
516.03,1565067466,11715.77,51.47686994,7.39352045,172.26,20.35,-0.00,335.88,1,-64.00,-6.00,31.00,15.00,60.00,7.00,13022465,205
517.03,1565067467,11736.14,51.47703474,7.39340039,172.29,20.05,-0.30,336.38,1,-64.00,-6.00,31.00,15.00,60.00,7.00,13022465,205
518.03,1565067468,11756.19,51.47720333,7.39329131,172.42,19.85,-0.21,337.85,1,-73.00,-4.00,30.00,15.00,51.00,7.00,13022465,205
519.03,1565067469,11776.04,51.47736862,7.39320356,172.65,19.54,-0.31,341.51,1,-73.00,-4.00,30.00,15.00,51.00,7.00,13022465,205
520.03,1565067470,11795.58,51.47753859,7.39313367,172.69,19.25,-0.29,346.31,1,-68.00,-4.00,25.00,15.00,57.00,7.00,13022465,205
521.03,1565067471,11814.81,51.47769995,7.39307467,172.70,18.18,-1.07,347.60,1,-68.00,-4.00,25.00,15.00,57.00,7.00,13022465,205
522.04,1565067472,11833.16,51.47786842,7.39303522,172.85,17.98,-0.20,350.91,1,-57.00,-3.00,22.00,15.00,63.00,7.00,13022465,205
523.03,1565067473,11850.98,51.47804446,7.39305369,172.85,17.92,-0.06,5.04,1,-57.00,-3.00,22.00,15.00,63.00,7.00,13022465,205
524.03,1565067474,11868.90,51.47821968,7.39308304,173.09,18.55,0.63,6.80,1,-57.00,-3.00,22.00,15.00,63.00,7.00,13022465,205
525.03,1565067475,11887.46,51.47839063,7.39313866,173.37,18.69,0.14,10.18,1,-76.00,-3.00,31.00,15.00,49.00,7.00,13022465,205
526.03,1565067476,11906.13,51.47853757,7.39324506,174.30,17.81,-0.88,23.82,1,-76.00,-3.00,31.00,15.00,49.00,7.00,13022465,205
527.03,1565067477,11923.94,51.47867854,7.39336783,174.91,17.86,0.05,26.54,1,-81.00,-3.00,25.00,15.00,43.00,7.00,13022465,205
528.03,1565067478,11941.80,51.47881530,7.39350002,174.99,16.82,-1.03,29.15,1,-81.00,-3.00,25.00,15.00,43.00,7.00,13022465,205
529.03,1565067479,11958.67,51.47894043,7.39362327,175.49,15.27,-1.55,30.18,1,-90.00,-4.00,22.00,2.00,31.00,7.00,13067529,354
530.03,1565067480,11973.88,51.47906792,7.39374945,175.55,15.75,0.48,28.48,1,-90.00,-4.00,22.00,2.00,31.00,7.00,13067529,354
531.03,1565067481,11989.65,51.47920160,7.39381488,176.25,15.13,-0.62,12.09,1,-77.00,-3.00,24.00,15.00,43.00,6.00,13067529,354
532.03,1565067482,12004.75,51.47931673,7.39384945,177.08,14.29,-0.84,7.97,1,-77.00,-3.00,24.00,15.00,43.00,6.00,13067529,354
533.03,1565067483,12019.08,51.47941959,7.39381503,178.06,14.15,-0.14,346.13,1,-83.00,-3.00,30.00,15.00,41.00,6.00,13067529,354
534.03,1565067484,12033.21,51.47951621,7.39376305,179.47,14.76,0.61,343.15,1,-83.00,-3.00,30.00,15.00,41.00,6.00,13067529,354
535.03,1565067485,12047.94,51.47964471,7.39368887,180.62,14.59,-0.17,340.22,1,-82.00,-4.00,19.00,15.00,41.00,6.00,13067529,354
536.03,1565067486,12062.56,51.47976035,7.39360865,181.75,14.26,-0.33,338.55,1,-82.00,-4.00,19.00,15.00,41.00,6.00,13067529,354
537.03,1565067487,12076.82,51.47987275,7.39352454,182.35,13.62,-0.65,337.47,1,-70.00,-3.00,25.00,15.00,45.00,6.00,13067529,354
538.03,1565067488,12090.45,51.47998356,7.39344829,182.84,12.36,-1.25,339.89,1,-70.00,-3.00,25.00,15.00,45.00,6.00,13067529,354
539.03,1565067489,12102.81,51.48008433,7.39343952,183.33,10.09,-2.28,1.64,1,-66.00,-3.00,30.00,15.00,57.00,6.00,13067529,354
540.03,1565067490,12112.90,51.48018967,7.39347268,183.63,10.69,0.59,18.15,1,-66.00,-3.00,30.00,15.00,57.00,6.00,13067529,354
541.03,1565067491,12123.58,51.48027612,7.39354946,183.71,11.16,0.48,34.51,1,-68.00,-3.00,29.00,15.00,53.00,6.00,13067529,354
542.03,1565067492,12134.75,51.48032083,7.39365357,184.19,12.07,0.90,57.80,1,-68.00,-3.00,29.00,15.00,53.00,6.00,13067529,354
543.04,1565067493,12146.92,51.48038604,7.39380869,184.17,12.76,0.69,58.71,1,-83.00,-3.00,28.00,15.00,38.00,6.00,13067529,354
544.03,1565067494,12159.57,51.48045357,7.39398202,183.91,13.84,1.08,59.28,1,-83.00,-3.00,28.00,15.00,38.00,6.00,13067529,354
545.03,1565067495,12173.41,51.48052376,7.39416693,183.40,14.94,1.10,58.91,1,-83.00,-3.00,28.00,15.00,38.00,6.00,13067529,354
546.03,1565067496,12188.34,51.48059549,7.39435647,183.30,15.66,0.73,59.44,1,-88.00,-4.00,14.00,15.00,33.00,5.00,13067529,354
547.03,1565067497,12204.02,51.48067289,7.39457001,183.35,16.47,0.81,60.32,1,-88.00,-4.00,14.00,15.00,33.00,5.00,13067529,354
548.03,1565067498,12220.50,51.48074751,7.39477914,183.54,16.54,0.07,60.13,1,-87.00,-4.00,11.00,15.00,37.00,5.00,13067529,354
549.03,1565067499,12237.03,51.48082410,7.39498872,183.97,16.98,0.44,60.22,1,-87.00,-4.00,11.00,15.00,37.00,5.00,13067529,354
550.03,1565067500,12254.01,51.48090174,7.39520245,184.17,17.32,0.34,59.64,1,-88.00,-5.00,13.00,15.00,36.00,5.00,13067529,354
551.03,1565067501,12271.33,51.48097505,7.39541262,184.28,17.33,0.01,60.20,1,-88.00,-5.00,13.00,15.00,36.00,5.00,13067529,354
552.03,1565067502,12288.68,51.48104934,7.39563147,184.22,17.54,0.20,60.79,1,-77.00,-5.00,14.00,15.00,46.00,5.00,13067529,354
553.03,1565067503,12306.22,51.48112623,7.39585168,184.14,17.42,-0.11,60.09,1,-77.00,-5.00,14.00,15.00,46.00,5.00,13067529,354
554.03,1565067504,12323.64,51.48120048,7.39606424,184.39,17.05,-0.38,60.42,1,-80.00,-6.00,22.00,13.00,44.00,5.00,13067529,354
555.03,1565067505,12340.67,51.48127645,7.39628334,184.45,17.11,0.06,59.46,1,-80.00,-6.00,22.00,13.00,44.00,5.00,13067529,354
556.03,1565067506,12357.80,51.48135260,7.39649393,184.84,16.83,-0.28,60.12,1,-83.00,-4.00,9.00,6.00,39.00,5.00,13067529,354
557.03,1565067507,12374.63,51.48142911,7.39670748,184.91,16.37,-0.46,60.27,1,-83.00,-4.00,9.00,6.00,39.00,5.00,13067529,354
558.03,1565067508,12390.99,51.48150807,7.39692437,185.10,16.45,0.08,59.94,1,-82.00,-4.00,26.00,15.00,42.00,5.00,13067528,356
559.03,1565067509,12407.44,51.48158262,7.39711306,185.39,16.32,-0.13,58.74,1,-82.00,-4.00,26.00,15.00,42.00,5.00,13067528,356
560.03,1565067510,12423.78,51.48166157,7.39729883,185.47,16.19,-0.13,57.05,1,-76.00,-5.00,22.00,15.00,49.00,5.00,13067528,356
561.03,1565067511,12439.95,51.48174466,7.39749416,185.85,15.86,-0.33,56.29,1,-76.00,-5.00,22.00,15.00,49.00,5.00,13067528,356
562.03,1565067512,12455.83,51.48181855,7.39766403,186.16,14.97,-0.89,55.74,1,-80.00,-4.00,25.00,15.00,40.00,5.00,13067528,356
563.03,1565067513,12470.80,51.48189517,7.39782364,186.50,14.18,-0.79,54.46,1,-80.00,-4.00,25.00,15.00,40.00,5.00,13067528,356
564.04,1565067514,12485.09,51.48197340,7.39798476,186.88,13.39,-0.78,53.22,1,-74.00,-4.00,28.00,15.00,46.00,5.00,13067528,356
565.03,1565067515,12498.37,51.48204263,7.39812298,187.19,12.37,-1.03,52.24,1,-74.00,-4.00,28.00,15.00,46.00,5.00,13067528,356
566.03,1565067516,12510.74,51.48211290,7.39825105,187.31,11.21,-1.17,50.87,1,-74.00,-4.00,28.00,15.00,46.00,5.00,13067528,356
567.03,1565067517,12521.95,51.48217780,7.39835642,187.51,9.41,-1.80,49.49,1,-73.00,-3.00,28.00,15.00,49.00,5.00,13067528,356
568.03,1565067518,12531.36,51.48223381,7.39844593,187.62,7.89,-1.52,47.83,1,-73.00,-3.00,28.00,15.00,49.00,5.00,13067528,356
569.03,1565067519,12539.25,51.48228197,7.39851997,187.42,6.00,-1.89,46.08,1,-80.00,-4.00,30.00,15.00,43.00,5.00,13067528,356
570.03,1565067520,12545.26,51.48231328,7.39856388,187.39,4.06,-1.94,44.52,1,-80.00,-4.00,30.00,15.00,43.00,5.00,13067528,356
571.03,1565067521,12549.32,51.48234246,7.39860686,187.33,2.53,-1.53,43.65,1,-74.00,-4.00,28.00,15.00,47.00,5.00,13067528,356
572.03,1565067522,12551.85,51.48235916,7.39863092,187.25,1.23,-1.30,45.36,1,-74.00,-4.00,28.00,15.00,47.00,5.00,13067528,356
573.03,1565067523,12553.08,51.48235916,7.39863092,187.23,0.00,-1.23,45.36,1,-76.00,-5.00,29.00,15.00,54.00,6.00,13067528,356
574.03,1565067524,12553.08,51.48235916,7.39863092,187.22,0.00,0.00,45.36,1,-76.00,-5.00,29.00,15.00,54.00,6.00,13067528,356
575.03,1565067525,12553.08,51.48235916,7.39863092,187.21,0.00,0.00,45.36,1,-79.00,-4.00,27.00,15.00,46.00,6.00,13067528,356
576.03,1565067526,12553.08,51.48235916,7.39863092,187.19,0.00,0.00,45.36,1,-79.00,-4.00,27.00,15.00,46.00,6.00,13067528,356
577.03,1565067527,12553.08,51.48235916,7.39863092,187.17,0.00,0.00,45.36,1,-80.00,-5.00,30.00,14.00,46.00,6.00,13067528,356
578.03,1565067528,12553.08,51.48235916,7.39863092,187.15,0.00,0.00,45.36,1,-80.00,-5.00,30.00,14.00,46.00,6.00,13067528,356
579.03,1565067529,12553.08,51.48235916,7.39863092,187.13,0.00,0.00,45.36,1,-80.00,-4.00,31.00,14.00,45.00,6.00,13067528,356
580.02,1565067530,12553.08,51.48235916,7.39863092,187.11,0.00,0.00,45.36,1,-80.00,-4.00,31.00,14.00,45.00,6.00,13067528,356
581.03,1565067531,12553.08,51.48235916,7.39863092,187.08,0.00,0.00,45.36,1,-79.00,-3.00,25.00,14.00,44.00,6.00,13067528,356
582.03,1565067532,12553.08,51.48235916,7.39863092,187.05,0.00,0.00,45.36,1,-79.00,-3.00,25.00,14.00,44.00,6.00,13067528,356
583.03,1565067533,12553.08,51.48235916,7.39863092,187.02,0.00,0.00,45.36,1,-77.00,-3.00,31.00,14.00,47.00,6.00,13067528,356
584.03,1565067534,12553.08,51.48235916,7.39863092,186.98,0.00,0.00,45.36,1,-77.00,-3.00,31.00,14.00,47.00,6.00,13067528,356
585.04,1565067535,12553.08,51.48235916,7.39863092,186.95,0.00,0.00,45.36,1,-77.00,-3.00,31.00,14.00,46.00,6.00,13067528,356
586.03,1565067536,12553.08,51.48235916,7.39863092,186.92,0.00,0.00,45.36,1,-77.00,-3.00,31.00,14.00,46.00,6.00,13067528,356
587.03,1565067537,12553.08,51.48235916,7.39863092,186.88,0.00,0.00,45.36,1,-77.00,-3.00,31.00,14.00,46.00,6.00,13067528,356
588.03,1565067538,12553.08,51.48235916,7.39863092,186.85,0.00,0.00,45.36,1,-75.00,-3.00,27.00,2.00,59.00,6.00,13067528,356
589.03,1565067539,12553.08,51.48235916,7.39863092,186.81,0.00,0.00,45.36,1,-75.00,-3.00,27.00,2.00,59.00,6.00,13067528,356
590.03,1565067540,12553.08,51.48235916,7.39863092,186.78,0.00,0.00,45.36,1,-77.00,-3.00,25.00,2.00,46.00,6.00,13067528,356
591.03,1565067541,12553.08,51.48235916,7.39863092,186.74,0.00,0.00,45.36,1,-77.00,-3.00,25.00,2.00,46.00,6.00,13067528,356
592.03,1565067542,12553.08,51.48235916,7.39863092,186.71,0.00,0.00,45.36,1,-107.00,-5.00,19.00,11.00,15.00,9.00,13532175,337
593.03,1565067543,12553.08,51.48235916,7.39863092,186.69,0.00,0.00,45.36,1,-107.00,-5.00,19.00,11.00,15.00,9.00,13532175,337
594.03,1565067544,12553.08,51.48235916,7.39863092,186.66,0.00,0.00,45.36,1,-109.00,-5.00,9.00,10.00,14.00,9.00,13532175,337
595.03,1565067545,12553.08,51.48235916,7.39863092,186.63,0.00,0.00,45.36,1,-109.00,-5.00,9.00,10.00,14.00,9.00,13532175,337
596.03,1565067546,12553.08,51.48235916,7.39863092,186.61,0.00,0.00,45.36,1,-109.00,-5.00,11.00,10.00,15.00,9.00,13532175,337
597.03,1565067547,12553.08,51.48235916,7.39863092,186.58,0.00,0.00,45.36,1,-109.00,-5.00,11.00,10.00,15.00,9.00,13532175,337
598.03,1565067548,12553.08,51.48235916,7.39863092,186.56,0.00,0.00,45.36,1,-107.00,-4.00,14.00,12.00,17.00,9.00,13532175,337
599.03,1565067549,12553.08,51.48235916,7.39863092,186.54,0.00,0.00,45.36,1,-107.00,-4.00,14.00,12.00,17.00,9.00,13532175,337
600.03,1565067550,12553.08,51.48235916,7.39863092,186.52,0.00,0.00,45.36,1,-108.00,-4.00,10.00,11.00,15.00,9.00,13532175,337
601.03,1565067551,12553.08,51.48235916,7.39863092,186.49,0.00,0.00,45.36,1,-108.00,-4.00,10.00,11.00,15.00,9.00,13532175,337
602.03,1565067552,12553.08,51.48235916,7.39863092,186.47,0.00,0.00,45.36,1,-107.00,-4.00,14.00,12.00,16.00,9.00,13532175,337
603.03,1565067553,12553.08,51.48235916,7.39863092,186.45,0.00,0.00,45.36,1,-107.00,-4.00,14.00,12.00,16.00,9.00,13532175,337
604.03,1565067554,12553.08,51.48235916,7.39863092,186.43,0.00,0.00,45.36,1,-108.00,-5.00,13.00,2.00,16.00,9.00,13532175,337
605.03,1565067555,12553.08,51.48235916,7.39863092,186.40,0.00,0.00,45.36,1,-108.00,-5.00,13.00,2.00,16.00,9.00,13532175,337
606.04,1565067556,12553.08,51.48235916,7.39863092,186.38,0.00,0.00,45.36,1,-108.00,-5.00,10.00,2.00,16.00,9.00,13532175,337
607.03,1565067557,12553.08,51.48235916,7.39863092,186.36,0.00,0.00,45.36,1,-108.00,-5.00,10.00,2.00,16.00,9.00,13532175,337
608.03,1565067558,12553.08,51.48235916,7.39863092,186.35,0.00,0.00,45.36,1,-108.00,-5.00,10.00,2.00,16.00,9.00,13532175,337
609.03,1565067559,12553.08,51.48235916,7.39863092,186.33,0.00,0.00,45.36,1,-108.00,-4.00,13.00,2.00,16.00,9.00,13532175,337
610.03,1565067560,12553.08,51.48235916,7.39863092,186.33,0.00,0.00,45.36,1,-108.00,-4.00,13.00,2.00,16.00,9.00,13532175,337
611.03,1565067561,12553.08,51.48235916,7.39863092,186.25,0.00,0.00,45.36,1,-107.00,-5.00,13.00,2.00,17.00,9.00,13532175,337
612.03,1565067562,12553.08,51.48235916,7.39863092,186.16,0.00,0.00,50.63,1,-107.00,-5.00,13.00,2.00,17.00,9.00,13532175,337
613.03,1565067563,12553.08,51.48242064,7.39871817,185.25,0.00,0.00,46.99,1,-109.00,-6.00,7.00,2.00,17.00,9.00,13532175,337
614.03,1565067564,12553.08,51.48247402,7.39879744,184.49,8.73,0.00,44.59,1,-109.00,-6.00,7.00,2.00,17.00,9.00,13532175,337
615.03,1565067565,12561.81,51.48254302,7.39888519,183.84,10.04,1.31,41.73,1,-110.00,-7.00,10.00,2.00,16.00,9.00,13532175,337
616.03,1565067566,12571.84,51.48262374,7.39898588,183.47,10.42,0.39,39.68,1,-110.00,-7.00,10.00,2.00,16.00,9.00,13532175,337
617.03,1565067567,12582.27,51.48270040,7.39907455,183.00,10.11,-0.31,38.29,1,-111.00,-6.00,10.00,2.00,13.00,9.00,13532175,337
618.03,1565067568,12592.38,51.48278018,7.39916369,182.43,10.82,0.71,36.69,1,-111.00,-6.00,10.00,2.00,13.00,9.00,13532175,337
619.03,1565067569,12603.20,51.48286414,7.39925180,182.09,10.83,0.00,35.68,1,-105.00,-4.00,21.00,2.00,19.00,9.00,13532175,337
620.03,1565067570,12614.03,51.48297344,7.39937160,181.78,12.67,1.84,34.84,1,-105.00,-4.00,21.00,2.00,19.00,9.00,13532175,337
621.03,1565067571,12626.70,51.48306878,7.39946492,181.93,13.88,1.21,34.38,1,-102.00,-4.00,14.00,14.00,22.00,8.00,13532175,337
622.03,1565067572,12640.58,51.48317190,7.39957164,181.84,14.64,0.76,33.74,1,-102.00,-4.00,14.00,14.00,22.00,8.00,13532175,337
623.03,1565067573,12655.24,51.48328423,7.39968386,182.10,14.99,0.35,33.61,1,-101.00,-4.00,13.00,14.00,22.00,8.00,13532175,337
624.03,1565067574,12670.25,51.48339089,7.39978887,182.60,14.92,-0.07,33.95,1,-101.00,-4.00,13.00,14.00,22.00,8.00,13532175,337
625.03,1565067575,12685.16,51.48349384,7.39989536,183.30,15.23,0.31,33.46,1,-107.00,-5.00,13.00,11.00,16.00,8.00,13532175,337
626.03,1565067576,12700.39,51.48360375,7.40001312,184.18,14.99,-0.24,33.95,1,-107.00,-5.00,13.00,11.00,16.00,8.00,13532175,337
627.04,1565067577,12715.50,51.48372296,7.40014168,184.99,15.58,0.58,34.57,1,-105.00,-4.00,13.00,13.00,18.00,8.00,13532175,337
628.03,1565067578,12730.94,51.48384977,7.40027762,185.62,15.87,0.30,35.01,1,-105.00,-4.00,13.00,13.00,18.00,8.00,13532175,337
629.03,1565067579,12746.83,51.48397752,7.40041857,186.02,16.14,0.27,35.80,1,-105.00,-4.00,13.00,13.00,18.00,8.00,13532175,337
630.03,1565067580,12762.94,51.48410239,7.40055979,186.48,16.13,-0.01,36.45,1,-107.00,-5.00,13.00,12.00,17.00,8.00,13532175,337
631.03,1565067581,12779.08,51.48422185,7.40070090,186.64,16.45,0.32,37.45,1,-107.00,-5.00,13.00,12.00,17.00,8.00,13532175,337
632.03,1565067582,12795.53,51.48433719,7.40084765,186.91,16.34,-0.10,38.67,1,-104.00,-4.00,13.00,2.00,31.00,8.00,13532175,337
633.03,1565067583,12811.93,51.48443611,7.40098653,187.40,14.94,-1.40,41.16,1,-104.00,-4.00,13.00,2.00,31.00,8.00,13532175,337
634.03,1565067584,12826.81,51.48454628,7.40114698,187.52,16.48,1.55,41.73,1,-108.00,-4.00,16.00,2.00,15.00,8.00,13532175,337
635.03,1565067585,12843.29,51.48465656,7.40131168,187.70,17.12,0.64,42.51,1,-108.00,-4.00,16.00,2.00,15.00,8.00,13532175,337
636.03,1565067586,12860.42,51.48477701,7.40149121,187.05,16.78,-0.34,42.97,1,-106.00,-4.00,10.00,2.00,17.00,8.00,13532175,337
637.03,1565067587,12877.20,51.48489722,7.40167646,186.81,17.15,0.37,43.94,1,-106.00,-4.00,10.00,2.00,17.00,8.00,13532175,337
638.03,1565067588,12894.35,51.48500604,7.40184958,186.85,17.77,0.62,44.50,1,-110.00,-5.00,4.00,2.00,14.00,8.00,13532175,337
639.03,1565067589,12912.12,51.48510859,7.40202569,186.84,17.63,-0.14,45.11,1,-110.00,-5.00,4.00,2.00,14.00,8.00,13532175,337
640.03,1565067590,12929.73,51.48521479,7.40220808,187.04,17.70,0.07,45.92,1,-113.00,-6.00,1.00,2.00,12.00,8.00,13532175,337
641.03,1565067591,12947.47,51.48532394,7.40240330,186.83,17.80,0.10,46.94,1,-113.00,-6.00,1.00,2.00,12.00,8.00,13532175,337
642.03,1565067592,12965.25,51.48542643,7.40259154,186.64,18.02,0.22,47.91,1,-113.00,-6.00,13.00,2.00,13.00,8.00,13532175,337
643.03,1565067593,12983.25,51.48553569,7.40279831,186.63,17.90,-0.12,49.04,1,-113.00,-6.00,13.00,2.00,13.00,8.00,13532175,337
644.03,1565067594,13001.15,51.48564495,7.40300871,186.42,18.05,0.15,49.78,1,-108.00,-4.00,19.00,2.00,15.00,8.00,13532175,337
645.03,1565067595,13019.19,51.48574814,7.40321512,186.32,18.04,-0.01,50.79,1,-108.00,-4.00,19.00,2.00,15.00,8.00,13532175,337
646.03,1565067596,13037.23,51.48584975,7.40342121,186.26,18.19,0.15,51.53,1,-109.00,-4.00,16.00,2.00,14.00,8.00,13532175,337
647.03,1565067597,13055.42,51.48595748,7.40364137,185.97,18.12,-0.07,51.64,1,-109.00,-4.00,16.00,2.00,14.00,8.00,13532175,337
648.04,1565067598,13073.72,51.48604508,7.40384692,185.25,17.64,-0.48,53.23,1,-107.00,-4.00,15.00,2.00,16.00,8.00,13532175,337
649.03,1565067599,13091.18,51.48612407,7.40404471,184.46,16.99,-0.66,55.15,1,-107.00,-4.00,15.00,2.00,16.00,8.00,13532175,337
650.03,1565067600,13108.16,51.48620865,7.40425730,184.01,16.88,-0.11,55.84,1,-107.00,-4.00,15.00,2.00,16.00,8.00,13532175,337
651.03,1565067601,13125.04,51.48628731,7.40446859,183.46,17.00,0.12,56.72,1,-107.00,-4.00,18.00,2.00,18.00,8.00,13532175,337
652.03,1565067602,13142.04,51.48637156,7.40469498,183.05,17.20,0.21,57.58,1,-107.00,-4.00,18.00,2.00,18.00,8.00,13532175,337
653.04,1565067603,13159.50,51.48644498,7.40491045,183.24,16.99,-0.21,58.62,1,-105.00,-4.00,22.00,2.00,19.00,8.00,13532175,337
654.03,1565067604,13176.24,51.48652705,7.40514631,183.44,17.24,0.25,59.30,1,-105.00,-4.00,22.00,2.00,19.00,8.00,13532175,337
655.03,1565067605,13193.47,51.48659810,7.40535073,183.38,17.60,0.36,59.37,1,-104.00,-5.00,18.00,2.00,22.00,8.00,13532175,337
656.03,1565067606,13211.07,51.48667236,7.40558302,183.05,18.08,0.48,60.55,1,-104.00,-5.00,18.00,2.00,22.00,8.00,13532175,337
657.03,1565067607,13229.16,51.48674222,7.40581251,182.62,18.21,0.13,62.15,1,-105.00,-5.00,9.00,2.00,20.00,8.00,13532175,337
658.03,1565067608,13247.37,51.48680949,7.40604889,181.78,18.20,-0.01,63.73,1,-105.00,-5.00,9.00,2.00,20.00,8.00,13532175,337
659.03,1565067609,13265.57,51.48687487,7.40629220,180.92,18.41,0.21,65.04,1,-107.00,-5.00,4.00,2.00,18.00,8.00,13532175,337
660.03,1565067610,13283.98,51.48693514,7.40653902,180.14,18.32,-0.09,66.45,1,-107.00,-5.00,4.00,2.00,18.00,8.00,13532175,337
661.03,1565067611,13302.30,51.48699448,7.40679628,179.43,18.27,-0.05,67.57,1,-111.00,-6.00,-1.00,2.00,15.00,8.00,13532175,337
662.03,1565067612,13320.57,51.48704527,7.40704180,178.68,18.00,-0.27,68.81,1,-111.00,-6.00,-1.00,2.00,15.00,8.00,13532175,337
663.03,1565067613,13338.65,51.48709383,7.40728909,177.76,17.82,-0.18,70.27,1,-118.00,-9.00,-1.00,2.00,9.00,8.00,13532175,337
664.03,1565067614,13356.47,51.48713813,7.40753700,176.76,17.64,-0.18,71.37,1,-118.00,-9.00,-1.00,2.00,9.00,8.00,13532175,337
665.03,1565067615,13374.11,51.48718715,7.40778941,175.92,17.79,0.15,72.17,1,-120.00,-10.00,10.00,2.00,7.00,8.00,13532175,337
666.03,1565067616,13391.89,51.48723053,7.40803587,175.22,17.38,-0.42,73.20,1,-120.00,-10.00,10.00,2.00,7.00,8.00,13532175,337
667.03,1565067617,13409.30,51.48726778,7.40827817,174.62,17.56,0.19,74.53,1,-117.00,-8.00,15.00,2.00,10.00,8.00,13532175,337
668.03,1565067618,13426.88,51.48730734,7.40853450,174.16,17.37,-0.19,75.28,1,-117.00,-8.00,15.00,2.00,10.00,8.00,13532175,337
669.04,1565067619,13444.40,51.48733704,7.40876328,173.81,17.31,-0.06,76.17,1,-114.00,-7.00,9.00,2.00,11.00,8.00,13532175,337
670.03,1565067620,13461.53,51.48737024,7.40901245,173.31,17.09,-0.22,76.95,1,-114.00,-7.00,9.00,2.00,11.00,8.00,13532175,337
671.03,1565067621,13478.63,51.48739957,7.40926952,172.75,17.00,-0.10,77.76,1,-114.00,-7.00,9.00,2.00,11.00,8.00,13532175,337
672.03,1565067622,13495.56,51.48742534,7.40950075,172.46,16.96,-0.04,78.73,1,-111.00,-5.00,13.00,2.00,13.00,8.00,13532175,337
673.03,1565067623,13512.60,51.48744860,7.40974114,172.23,16.71,-0.24,79.97,1,-111.00,-5.00,13.00,2.00,13.00,8.00,13532175,337
674.03,1565067624,13529.21,51.48746940,7.40996916,172.00,16.26,-0.45,80.68,1,-112.00,-6.00,10.00,10.00,12.00,10.00,13532175,337
675.03,1565067625,13545.47,51.48748774,7.41019491,171.84,14.93,-1.33,81.67,1,-112.00,-6.00,10.00,10.00,12.00,10.00,13532175,337
676.03,1565067626,13560.41,51.48749860,7.41038637,171.73,12.85,-2.09,81.13,1,-113.00,-6.00,11.00,11.00,12.00,10.00,13532175,337
677.03,1565067627,13573.26,51.48751175,7.41056779,171.65,11.76,-1.09,82.67,1,-113.00,-6.00,11.00,11.00,12.00,10.00,13532175,337
678.03,1565067628,13585.04,51.48751863,7.41071599,171.59,9.83,-1.93,84.25,1,-116.00,-7.00,7.00,8.00,9.00,10.00,13532175,337
679.03,1565067629,13594.88,51.48752562,7.41084007,171.39,7.11,-2.73,83.87,1,-116.00,-7.00,7.00,8.00,9.00,10.00,13532175,337
680.03,1565067630,13601.98,51.48755981,7.41092521,171.23,6.63,-0.48,51.55,1,-114.00,-7.00,8.00,9.00,11.00,10.00,13532175,337
681.03,1565067631,13608.60,51.48761156,7.41097829,171.47,7.32,0.69,26.61,1,-114.00,-7.00,8.00,9.00,11.00,10.00,13532175,337
682.03,1565067632,13615.91,51.48766561,7.41100714,171.40,6.79,-0.52,11.54,1,-116.00,-8.00,4.00,8.00,9.00,10.00,13532175,337
683.03,1565067633,13622.70,51.48771128,7.41102016,171.07,6.54,-0.26,7.94,1,-116.00,-8.00,4.00,8.00,9.00,10.00,13532175,337
684.03,1565067634,13629.25,51.48776097,7.41100994,170.52,8.45,1.92,353.90,1,-117.00,-8.00,4.00,8.00,8.00,10.00,13532175,337
685.03,1565067635,13637.71,51.48781794,7.41099704,170.40,8.78,0.32,353.21,1,-117.00,-8.00,4.00,8.00,8.00,10.00,13532175,337
686.03,1565067636,13646.50,51.48789080,7.41097658,170.39,9.87,1.09,352.70,1,-118.00,-8.00,5.00,2.00,8.00,10.00,13532175,337
687.03,1565067637,13656.37,51.48796920,7.41095665,170.64,8.66,-1.21,351.42,1,-118.00,-8.00,5.00,2.00,8.00,10.00,13532175,337
688.03,1565067638,13665.03,51.48806880,7.41093427,170.91,10.13,1.47,350.93,1,-113.00,-12.00,-2.00,2.00,17.00,10.00,13532161,199
689.03,1565067639,13675.15,51.48816078,7.41090921,171.14,9.84,-0.28,350.33,1,-113.00,-12.00,-2.00,2.00,17.00,10.00,13532161,199
690.04,1565067640,13685.09,51.48825646,7.41088618,171.67,11.43,1.58,349.76,1,-115.00,-13.00,-7.00,2.00,17.00,10.00,13532161,199
691.03,1565067641,13696.43,51.48837614,7.41085129,171.90,12.06,0.63,349.24,1,-115.00,-13.00,-7.00,2.00,17.00,10.00,13532161,199
692.03,1565067642,13708.41,51.48849546,7.41081314,171.81,12.07,0.01,349.36,1,-115.00,-13.00,-7.00,2.00,17.00,10.00,13532161,199
693.03,1565067643,13720.51,51.48862682,7.41077892,171.43,11.98,-0.09,348.66,1,-115.00,-8.00,-4.00,2.00,11.00,10.00,13067528,356
694.03,1565067644,13732.49,51.48875500,7.41073726,171.21,12.08,0.10,348.27,1,-115.00,-8.00,-4.00,2.00,11.00,10.00,13067528,356
695.03,1565067645,13744.63,51.48887158,7.41068898,171.07,12.22,0.14,347.30,1,-117.00,-9.00,-3.00,2.00,10.00,10.00,13067528,356
696.03,1565067646,13756.77,51.48897762,7.41064357,170.89,12.20,-0.02,346.88,1,-117.00,-9.00,-3.00,2.00,10.00,10.00,13067528,356
697.03,1565067647,13768.97,51.48907834,7.41060534,170.67,12.24,0.04,346.59,1,-118.00,-13.00,-2.00,5.00,14.00,22.00,13067528,356
698.03,1565067648,13781.28,51.48918449,7.41056440,170.31,12.86,0.61,346.67,1,-118.00,-13.00,-2.00,5.00,14.00,22.00,13067528,356
699.04,1565067649,13794.15,51.48928857,7.41052110,169.95,11.87,-0.98,346.26,1,-113.00,-15.00,-5.00,5.00,21.00,29.00,13159683,136
700.03,1565067650,13805.97,51.48940173,7.41047765,169.37,12.02,0.15,346.07,1,-113.00,-15.00,-5.00,5.00,21.00,29.00,13159683,136
701.03,1565067651,13818.03,51.48950553,7.41043890,168.88,12.04,0.02,346.61,1,-110.00,-13.00,-4.00,5.00,23.00,29.00,13159683,136
702.03,1565067652,13830.06,51.48961392,7.41039825,168.57,12.11,0.08,345.95,1,-110.00,-13.00,-4.00,5.00,23.00,29.00,13159683,136
703.03,1565067653,13842.17,51.48971772,7.41035943,168.39,10.95,-1.17,346.63,1,-110.00,-14.00,-5.00,4.00,23.00,29.00,13159683,136
704.03,1565067654,13853.12,51.48982073,7.41031912,168.12,8.98,-1.97,346.14,1,-110.00,-14.00,-5.00,4.00,23.00,29.00,13159683,136
705.03,1565067655,13862.09,51.48989353,7.41028809,167.87,7.24,-1.74,346.82,1,-112.00,-12.00,-6.00,4.00,22.00,21.00,13254913,38
706.03,1565067656,13869.34,51.48994971,7.41028714,167.44,4.88,-2.36,5.04,1,-112.00,-12.00,-6.00,4.00,22.00,21.00,13254913,38
707.03,1565067657,13874.19,51.48998851,7.41032594,166.88,4.56,-0.32,40.94,1,-105.00,-11.00,2.00,8.00,26.00,21.00,13254913,38
708.03,1565067658,13878.76,51.49001172,7.41038378,166.57,4.50,-0.06,67.87,1,-105.00,-11.00,2.00,8.00,26.00,21.00,13254913,38
709.03,1565067659,13883.27,51.49003147,7.41045210,166.54,3.97,-0.53,81.71,1,-111.00,-14.00,0.00,5.00,23.00,21.00,13254913,38
710.03,1565067660,13887.24,51.49004886,7.41051800,166.55,3.89,-0.09,82.79,1,-111.00,-14.00,0.00,5.00,23.00,21.00,13254913,38
711.04,1565067661,13891.16,51.49006359,7.41059431,167.02,5.52,1.62,81.60,1,-111.00,-14.00,-3.00,5.00,22.00,21.00,13254913,38
712.03,1565067662,13896.63,51.49008007,7.41069785,167.35,7.46,1.95,79.73,1,-111.00,-14.00,-3.00,5.00,22.00,21.00,13254913,38
713.03,1565067663,13904.09,51.49009762,7.41081475,167.32,9.04,1.58,78.75,1,-111.00,-14.00,-3.00,5.00,22.00,21.00,13254913,38
714.03,1565067664,13913.12,51.49011841,7.41094260,167.18,10.15,1.11,78.25,1,-112.00,-13.00,-3.00,5.00,19.00,21.00,13254913,38
715.03,1565067665,13923.25,51.49014115,7.41109754,167.00,11.29,1.15,77.75,1,-112.00,-13.00,-3.00,5.00,19.00,21.00,13254913,38
716.03,1565067666,13934.55,51.49016392,7.41127498,167.03,11.38,0.09,78.68,1,-112.00,-13.00,-2.00,7.00,19.00,21.00,13254913,38
717.03,1565067667,13945.93,51.49018093,7.41142979,167.25,11.85,0.47,78.58,1,-112.00,-13.00,-2.00,7.00,19.00,21.00,13254913,38
718.04,1565067668,13957.85,51.49020200,7.41159719,166.82,11.80,-0.05,77.79,1,-114.00,-16.00,-4.00,4.00,20.00,16.00,13532163,200
719.04,1565067669,13969.66,51.49022391,7.41175415,166.20,11.24,-0.56,78.14,1,-114.00,-16.00,-4.00,4.00,20.00,16.00,13532163,200
720.03,1565067670,13980.83,51.49024492,7.41190002,165.77,9.11,-2.14,78.70,1,-105.00,-12.00,-1.00,7.00,25.00,16.00,13532163,200
721.03,1565067671,13989.96,51.49026075,7.41201288,165.25,6.86,-2.25,79.78,1,-105.00,-12.00,-1.00,7.00,25.00,16.00,13532163,200
722.03,1565067672,13996.82,51.49026679,7.41207647,164.86,4.51,-2.35,81.75,1,-109.00,-11.00,-2.00,7.00,21.00,16.00,13532163,200
723.03,1565067673,14001.32,51.49027247,7.41215435,164.82,3.19,-1.32,83.65,1,-109.00,-11.00,-2.00,7.00,21.00,16.00,13532163,200
724.03,1565067674,14004.52,51.49025827,7.41220548,164.78,2.41,-0.79,112.77,1,-117.00,-13.00,-4.00,4.00,18.00,22.00,13532673,384
725.03,1565067675,14006.92,51.49024677,7.41224345,164.73,3.01,0.61,109.23,1,-117.00,-13.00,-4.00,4.00,18.00,22.00,13532673,384
