0.00,1565153076,0.00,51.45010817,7.48823123,252.17,6.86,0.00,159.36,1,-99.00,-5.00,12.00,12.00,27.00,6.00,13415170,315
1.12,1565153077,7.63,51.45003737,7.48826948,251.99,7.70,0.75,161.06,1,-101.00,-5.00,8.00,12.00,25.00,6.00,13415170,315
2.02,1565153078,14.55,51.44995170,7.48830727,251.41,8.99,1.44,163.80,1,-101.00,-5.00,8.00,12.00,25.00,6.00,13415170,315
3.01,1565153079,23.53,51.44985291,7.48834374,251.15,10.48,1.49,166.66,1,-99.00,-6.00,15.00,10.00,27.00,6.00,13415170,315
4.01,1565153080,34.02,51.44975014,7.48837561,250.74,11.56,1.08,169.33,1,-99.00,-6.00,15.00,10.00,27.00,6.00,13415170,315
5.02,1565153081,45.67,51.44964412,7.48840356,250.63,12.19,0.63,170.96,1,-100.00,-7.00,11.00,11.00,26.00,6.00,13415170,315
6.01,1565153082,57.75,51.44953270,7.48842396,250.72,12.48,0.29,173.41,1,-100.00,-7.00,11.00,11.00,26.00,6.00,13415170,315
7.01,1565153083,70.23,51.44942124,7.48843230,250.88,12.67,0.19,176.51,1,-100.00,-7.00,11.00,11.00,26.00,6.00,13415170,315
8.01,1565153084,82.90,51.44930332,7.48843532,251.28,12.34,-0.33,177.56,1,-103.00,-6.00,6.00,7.00,23.00,6.00,13415170,315
9.01,1565153085,95.24,51.44916825,7.48843538,251.65,13.82,1.48,179.21,1,-103.00,-6.00,6.00,7.00,23.00,6.00,13415170,315
10.01,1565153086,109.06,51.44904162,7.48842633,251.94,14.03,0.20,182.15,1,-104.00,-10.00,3.00,10.00,25.00,6.00,13415170,315
11.02,1565153087,123.11,51.44893369,7.48841339,252.06,12.13,-1.90,183.98,1,-104.00,-10.00,3.00,10.00,25.00,6.00,13415170,315
12.02,1565153088,135.23,51.44880082,7.48838903,252.65,12.71,0.58,185.96,1,-107.00,-8.00,-3.00,8.00,21.00,6.00,13415170,315
13.02,1565153089,147.94,51.44867870,7.48834966,252.92,12.29,-0.42,187.77,1,-107.00,-8.00,-3.00,8.00,21.00,6.00,13415170,315
14.02,1565153090,160.22,51.44855668,7.48830509,253.12,13.09,0.81,189.86,1,-107.00,-11.00,-3.00,6.00,22.00,6.00,13415170,315
15.01,1565153091,173.30,51.44847510,7.48848510,255.00,13.02,-0.07,191.01,1,-107.00,-11.00,-3.00,6.00,22.00,6.00,13415170,315
16.01,1565153092,186.33,51.44830454,7.48819486,253.09,13.82,0.79,191.47,1,-109.00,-10.00,-5.00,6.00,21.00,6.00,13415170,315
17.01,1565153093,200.14,51.44818015,7.48814380,253.63,13.76,-0.06,191.83,1,-109.00,-10.00,-5.00,6.00,21.00,6.00,13415170,315
18.01,1565153094,213.87,51.44804423,7.48808536,254.29,14.11,0.35,192.41,1,-116.00,-16.00,-7.00,4.00,20.00,6.00,13415170,315
19.02,1565153095,228.05,51.44792494,7.48803556,254.80,13.38,-0.73,193.36,1,-116.00,-16.00,-7.00,4.00,20.00,6.00,13415170,315
20.02,1565153096,241.41,51.44781604,7.48799376,254.99,12.61,-0.77,192.12,1,-113.00,-14.00,-6.00,6.00,29.00,57.00,12973570,334
21.02,1565153097,254.05,51.44769144,7.48794700,255.66,12.77,0.17,191.49,1,-113.00,-14.00,-6.00,6.00,29.00,57.00,12973570,334
22.02,1565153098,266.81,51.44757123,7.48790977,256.00,12.88,0.11,190.82,1,-115.00,-13.00,-3.00,6.00,18.00,57.00,12973570,334
23.02,1565153099,279.69,51.44743845,7.48790757,256.58,13.96,1.08,177.69,1,-115.00,-13.00,-3.00,6.00,18.00,57.00,12973570,334
24.02,1565153100,293.64,51.44730495,7.48791391,257.12,14.54,0.58,178.44,1,-113.00,-12.00,-6.00,5.00,18.00,57.00,12973570,334
25.02,1565153101,308.19,51.44718181,7.48792829,257.53,12.77,-1.77,176.80,1,-113.00,-12.00,-6.00,5.00,18.00,57.00,12973570,334
26.02,1565153102,321.06,51.44704747,7.48795667,257.93,14.16,1.38,174.47,1,-113.00,-13.00,-7.00,7.00,19.00,57.00,12973570,334
27.02,1565153103,335.11,51.44690771,7.48799174,258.78,14.34,0.18,171.79,1,-113.00,-13.00,-7.00,7.00,19.00,57.00,12973570,334
28.02,1565153104,349.44,51.44677786,7.48804260,258.77,14.07,-0.27,168.95,1,-113.00,-13.00,-7.00,7.00,19.00,57.00,12973570,334
29.02,1565153105,363.50,51.44665199,7.48810210,259.20,14.26,0.19,165.91,1,-115.00,-15.00,-5.00,2.00,29.00,57.00,12973570,334
30.01,1565153106,377.74,51.44651802,7.48817396,259.82,14.22,-0.04,163.19,1,-115.00,-15.00,-5.00,2.00,29.00,57.00,12973570,334
31.02,1565153107,392.02,51.44639981,7.48825794,260.66,14.57,0.35,159.70,1,-114.00,-15.00,-4.00,2.00,21.00,57.00,12973570,334
32.02,1565153108,406.59,51.44627910,7.48835681,261.68,15.03,0.46,156.60,1,-114.00,-15.00,-4.00,2.00,21.00,57.00,12973570,334
33.01,1565153109,421.56,51.44616019,7.48847240,262.54,15.00,-0.03,152.52,1,-104.00,-6.00,-8.00,6.00,22.00,13.00,13415170,315
34.02,1565153110,436.59,51.44604879,7.48859881,263.16,15.86,0.85,148.95,1,-104.00,-6.00,-8.00,6.00,22.00,13.00,13415170,315
35.01,1565153111,452.42,51.44648900,7.48895160,263.69,15.69,-0.17,145.77,1,-108.00,-7.00,4.00,8.00,20.00,13.00,13415170,315
36.02,1565153112,468.12,51.44585715,7.48890712,264.56,15.65,-0.04,133.15,1,-108.00,-7.00,4.00,8.00,20.00,13.00,13415170,315
37.01,1565153113,483.76,51.44575687,7.48909293,265.71,15.66,0.00,132.25,1,-106.00,-6.00,4.00,9.00,20.00,13.00,13415170,315
38.01,1565153114,499.42,51.44566287,7.48928378,266.72,15.86,0.21,131.19,1,-106.00,-6.00,4.00,9.00,20.00,13.00,13415170,315
39.01,1565153115,515.28,51.44557497,7.48947136,267.06,16.04,0.18,130.00,1,-107.00,-8.00,2.00,10.00,22.00,13.00,13415170,315
40.02,1565153116,531.33,51.44548351,7.48965830,267.76,15.88,-0.16,129.42,1,-107.00,-8.00,2.00,10.00,22.00,13.00,13415170,315
41.01,1565153117,547.20,51.44539089,7.48984222,268.39,15.69,-0.19,129.33,1,-108.00,-8.00,4.00,9.00,19.00,13.00,13415170,315
42.02,1565153118,562.91,51.44531348,7.49000029,268.96,14.26,-1.43,129.08,1,-108.00,-8.00,4.00,9.00,19.00,13.00,13415170,315
43.02,1565153119,577.17,51.44523430,7.49017348,269.33,13.57,-0.70,128.66,1,-110.00,-9.00,5.00,8.00,18.00,13.00,13415170,315
44.01,1565153120,590.72,51.44516060,7.49032759,269.80,13.18,-0.39,127.96,1,-110.00,-9.00,5.00,8.00,18.00,13.00,13415170,315
45.01,1565153121,603.90,51.44508878,7.49048431,270.37,12.15,-1.02,127.44,1,-110.00,-9.00,2.00,6.00,18.00,13.00,13415170,315
46.01,1565153122,616.05,51.44501412,7.49064764,270.59,12.75,0.60,128.80,1,-110.00,-9.00,2.00,6.00,18.00,13.00,13415170,315
47.02,1565153123,628.93,51.44494848,7.49079114,271.05,12.23,-0.52,129.70,1,-113.00,-13.00,-9.00,4.00,20.00,13.00,13415170,315
48.02,1565153124,641.06,51.44488486,7.49093777,271.26,11.90,-0.33,129.07,1,-113.00,-13.00,-9.00,4.00,20.00,13.00,13415170,315
49.02,1565153125,652.97,51.44482098,7.49107565,271.79,11.33,-0.57,127.87,1,-113.00,-13.00,-9.00,4.00,20.00,13.00,13415170,315
50.02,1565153126,664.28,51.44476726,7.49120060,272.09,10.01,-1.32,127.40,1,-112.00,-10.00,-7.00,3.00,18.00,13.00,13415170,315
51.02,1565153127,674.30,51.44471860,7.49131450,272.22,8.73,-1.28,128.80,1,-112.00,-10.00,-7.00,3.00,18.00,13.00,13415170,315
52.02,1565153128,683.06,51.44468006,7.49139843,272.49,7.09,-1.64,128.38,1,-118.00,-12.00,-5.00,5.00,17.00,23.00,13417219,440
53.02,1565153129,690.14,51.44464472,7.49147071,272.78,5.83,-1.26,127.69,1,-118.00,-12.00,-5.00,5.00,17.00,23.00,13417219,440
54.02,1565153130,695.96,51.44461363,7.49152879,272.95,4.29,-1.54,129.10,1,-114.00,-10.00,2.00,6.00,15.00,23.00,13417219,440
55.02,1565153131,700.25,51.44458986,7.49157315,272.99,2.16,-2.13,128.27,1,-114.00,-10.00,2.00,6.00,15.00,23.00,13417219,440
56.01,1565153132,702.41,51.44458986,7.49157315,272.99,0.00,-2.16,128.27,1,-115.00,-10.00,1.00,6.00,18.00,23.00,13417219,440
57.02,1565153133,702.41,51.44458986,7.49157315,272.99,0.00,0.00,128.27,1,-115.00,-10.00,1.00,6.00,18.00,23.00,13417219,440
58.02,1565153134,702.41,51.44458986,7.49157315,272.99,0.00,0.00,128.27,1,-112.00,-8.00,4.00,6.00,16.00,23.00,13417219,440
59.01,1565153135,702.41,51.44458986,7.49157315,272.99,0.00,0.00,128.27,1,-112.00,-8.00,4.00,6.00,16.00,23.00,13417219,440
60.01,1565153136,702.41,51.44458986,7.49157315,272.99,0.00,0.00,128.27,1,-112.00,-9.00,4.00,7.00,17.00,23.00,13417219,440
61.01,1565153137,702.41,51.44458986,7.49157315,273.00,0.00,0.00,128.27,1,-112.00,-9.00,4.00,7.00,17.00,23.00,13417219,440
62.01,1565153138,702.41,51.44458986,7.49157315,273.01,0.00,0.00,128.27,1,-112.00,-9.00,3.00,6.00,16.00,23.00,13417219,440
63.01,1565153139,702.41,51.44458986,7.49157315,273.03,0.00,0.00,128.27,1,-112.00,-9.00,3.00,6.00,16.00,23.00,13417219,440
64.01,1565153140,702.41,51.44458986,7.49157315,273.05,0.00,0.00,128.27,1,-112.00,-10.00,4.00,6.00,18.00,23.00,13417219,440
65.01,1565153141,702.41,51.44458986,7.49157315,273.08,0.00,0.00,128.27,1,-112.00,-10.00,4.00,6.00,18.00,23.00,13417219,440
66.01,1565153142,702.41,51.44458986,7.49157315,273.10,0.00,0.00,128.27,1,-112.00,-10.00,3.00,7.00,19.00,23.00,13417219,440
67.02,1565153143,702.41,51.44458986,7.49157315,273.13,0.00,0.00,128.27,1,-112.00,-10.00,3.00,7.00,19.00,23.00,13417219,440
68.02,1565153144,702.41,51.44458986,7.49157315,273.16,0.00,0.00,128.27,1,-112.00,-10.00,1.00,5.00,18.00,23.00,13417219,440
69.01,1565153145,702.41,51.44458986,7.49157315,273.19,0.00,0.00,128.27,1,-112.00,-10.00,1.00,5.00,18.00,23.00,13417219,440
70.01,1565153146,702.41,51.44458986,7.49157315,273.22,0.00,0.00,128.27,1,-112.00,-10.00,1.00,5.00,18.00,23.00,13417219,440
71.01,1565153147,702.41,51.44458986,7.49157315,273.26,0.00,0.00,128.27,1,-112.00,-9.00,3.00,6.00,18.00,23.00,13417219,440
72.01,1565153148,702.41,51.44458986,7.49157315,273.45,0.00,0.00,115.50,1,-112.00,-9.00,3.00,6.00,18.00,23.00,13417219,440
73.01,1565153149,702.41,51.44458986,7.49157315,273.59,0.00,0.00,117.94,1,-114.00,-10.00,-3.00,5.00,17.00,23.00,13417219,440
74.01,1565153150,702.41,51.44453219,7.49167730,274.68,5.20,0.00,146.88,1,-114.00,-10.00,-3.00,5.00,17.00,23.00,13417219,440
75.02,1565153151,707.61,51.44450610,7.49159830,275.25,6.34,1.14,176.33,1,-109.00,-7.00,-3.00,6.00,21.00,23.00,13417219,440
76.02,1565153152,713.95,51.44442285,7.49166921,275.66,7.45,1.11,206.75,1,-109.00,-7.00,-3.00,6.00,21.00,23.00,13417219,440
77.02,1565153153,721.41,51.44435642,7.49161402,276.19,8.49,1.03,209.34,1,-104.00,-7.00,-3.00,2.00,24.00,23.00,13417219,440
78.02,1565153154,729.90,51.44428324,7.49154004,276.98,8.96,0.47,212.51,1,-104.00,-7.00,-3.00,2.00,24.00,23.00,13417219,440
79.02,1565153155,738.86,51.44420155,7.49145372,277.61,10.69,1.73,213.49,1,-106.00,-8.00,-1.00,2.00,22.00,23.00,13417219,440
80.02,1565153156,749.54,51.44411504,7.49135652,278.14,11.55,0.86,214.48,1,-106.00,-8.00,-1.00,2.00,22.00,23.00,13417219,440
81.02,1565153157,761.09,51.44402864,7.49125735,278.44,12.76,1.21,214.23,1,-108.00,-9.00,-4.00,2.00,21.00,23.00,13417219,440
82.02,1565153158,773.84,51.44394811,7.49115290,278.13,13.68,0.92,214.41,1,-108.00,-9.00,-4.00,2.00,21.00,23.00,13417219,440
83.02,1565153159,787.54,51.44384759,7.49104063,278.04,14.38,0.70,214.61,1,-108.00,-9.00,-2.00,2.00,20.00,23.00,13417219,440
84.02,1565153160,801.91,51.44373763,7.49091721,278.25,14.88,0.50,215.07,1,-108.00,-9.00,-2.00,2.00,20.00,23.00,13417219,440
85.02,1565153161,816.78,51.44362627,7.49078904,278.57,15.09,0.21,215.59,1,-108.00,-9.00,-4.00,2.00,22.00,23.00,13417219,440
86.02,1565153162,831.87,51.44350808,7.49065445,279.05,15.36,0.27,216.00,1,-108.00,-9.00,-4.00,2.00,22.00,23.00,13417219,440
87.02,1565153163,847.23,51.44339757,7.49051813,279.24,15.63,0.26,216.85,1,-112.00,-13.00,-1.00,6.00,19.00,22.00,13417219,440
88.02,1565153164,862.86,51.44329306,7.49038393,279.00,15.88,0.26,216.71,1,-112.00,-13.00,-1.00,6.00,19.00,22.00,13417219,440
89.03,1565153165,878.93,51.44318158,7.49024579,278.65,15.99,0.11,216.72,1,-113.00,-12.00,-5.00,4.00,20.00,22.00,13417219,440
90.02,1565153166,894.76,51.44306578,7.49010566,278.30,15.99,-0.00,216.79,1,-113.00,-12.00,-5.00,4.00,20.00,22.00,13417219,440
91.02,1565153167,910.75,51.44294738,7.48996135,278.18,15.81,-0.17,216.25,1,-113.00,-12.00,-5.00,4.00,20.00,22.00,13417219,440
92.02,1565153168,926.53,51.44283178,7.48983137,278.63,15.20,-0.61,215.77,1,-108.00,-10.00,5.00,7.00,21.00,22.00,13417219,440
93.02,1565153169,941.73,51.44270990,7.48969292,279.84,15.27,0.06,215.72,1,-108.00,-10.00,5.00,7.00,21.00,22.00,13417219,440
94.01,1565153170,956.98,51.44260385,7.48956275,280.72,15.32,0.05,217.15,1,-102.00,-5.00,4.00,8.00,25.00,22.00,13417219,440
95.01,1565153171,972.30,51.44250140,7.48944053,281.60,15.13,-0.19,217.32,1,-102.00,-5.00,4.00,8.00,25.00,22.00,13417219,440
96.02,1565153172,987.44,51.44239311,7.48930736,281.64,14.68,-0.45,216.85,1,-96.00,-7.00,17.00,14.00,31.00,22.00,13417219,440
97.02,1565153173,1002.16,51.44228201,7.48916793,281.49,14.63,-0.05,216.92,1,-96.00,-7.00,17.00,14.00,31.00,22.00,13417219,440
98.02,1565153174,1016.76,51.44217084,7.48902970,281.03,14.22,-0.41,217.49,1,-101.00,-8.00,15.00,8.00,26.00,22.00,13417219,440
99.01,1565153175,1030.97,51.44206897,7.48890356,281.43,14.13,-0.09,218.15,1,-101.00,-8.00,15.00,8.00,26.00,22.00,13417219,440
100.01,1565153176,1045.10,51.44196857,7.48877318,282.14,13.18,-0.95,219.23,1,-104.00,-8.00,-6.00,7.00,30.00,22.00,13417219,440
101.01,1565153177,1058.28,51.44187262,7.48864451,282.40,13.56,0.38,220.32,1,-104.00,-8.00,-6.00,7.00,30.00,22.00,13417219,440
102.01,1565153178,1071.85,51.44178403,7.48851938,282.38,12.58,-0.98,221.54,1,-102.00,-7.00,-8.00,8.00,28.00,22.00,13417219,440
103.02,1565153179,1084.44,51.44169084,7.48837512,282.58,13.31,0.72,223.16,1,-102.00,-7.00,-8.00,8.00,28.00,22.00,13417219,440
104.01,1565153180,1097.74,51.44161118,7.48823995,282.28,12.14,-1.17,225.94,1,-100.00,-10.00,-7.00,6.00,28.00,22.00,13417219,440
105.01,1565153181,1109.88,51.44153246,7.48808633,281.97,11.98,-0.16,229.85,1,-100.00,-10.00,-7.00,6.00,28.00,22.00,13417219,440
106.01,1565153182,1121.86,51.44145771,7.48792143,282.12,12.84,0.86,231.23,1,-93.00,-5.00,16.00,11.00,32.00,22.00,13417219,440
107.02,1565153183,1134.71,51.44138281,7.48774757,282.66,14.29,1.45,232.09,1,-93.00,-5.00,16.00,11.00,32.00,22.00,13417219,440
108.02,1565153184,1149.00,51.44130126,7.48756675,283.12,14.11,-0.19,232.68,1,-92.00,-5.00,15.00,2.00,41.00,22.00,13417219,440
109.02,1565153185,1163.11,51.44122425,7.48739913,283.33,14.87,0.76,233.15,1,-92.00,-5.00,15.00,2.00,41.00,22.00,13417219,440
110.03,1565153186,1178.14,51.44114057,7.48720706,283.40,14.98,0.11,232.40,1,-93.00,-5.00,9.00,2.00,33.00,22.00,13417219,440
111.02,1565153187,1193.00,51.44105777,7.48702080,283.73,15.56,0.58,232.71,1,-93.00,-5.00,9.00,2.00,33.00,22.00,13417219,440
112.02,1565153188,1208.56,51.44097558,7.48683868,283.81,15.40,-0.15,233.10,1,-93.00,-5.00,9.00,2.00,33.00,22.00,13417219,440
113.02,1565153189,1223.96,51.44089310,7.48665014,283.57,15.94,0.54,233.76,1,-96.00,-4.00,22.00,2.00,30.00,22.00,13417219,440
114.02,1565153190,1239.88,51.44081118,7.48646606,283.27,15.73,-0.20,233.63,1,-96.00,-4.00,22.00,2.00,30.00,22.00,13417219,440
115.02,1565153191,1255.63,51.44072996,7.48627904,282.83,15.12,-0.61,233.02,1,-96.00,-4.00,11.00,2.00,30.00,22.00,13417219,440
116.02,1565153192,1270.74,51.44064489,7.48609032,282.58,14.75,-0.38,233.66,1,-96.00,-4.00,11.00,2.00,30.00,22.00,13417219,440
117.02,1565153193,1285.47,51.44056089,7.48590056,282.42,16.69,1.95,234.06,1,-96.00,-6.00,13.00,2.00,30.00,22.00,13417219,440
118.02,1565153194,1302.15,51.44047286,7.48570094,282.69,17.54,0.85,233.67,1,-96.00,-6.00,13.00,2.00,30.00,22.00,13417219,440
119.01,1565153195,1319.68,51.44038311,7.48550807,282.63,15.73,-1.81,233.88,1,-97.00,-7.00,12.00,10.00,28.00,20.00,13417219,440
120.01,1565153196,1335.41,51.44029059,7.48530747,282.28,15.28,-0.45,234.46,1,-97.00,-7.00,12.00,10.00,28.00,20.00,13417219,440
121.02,1565153197,1350.83,51.44019631,7.48510801,281.50,14.90,-0.38,234.32,1,-91.00,-4.00,23.00,15.00,32.00,20.00,13417219,440
122.02,1565153198,1365.66,51.44011622,7.48494132,281.32,14.50,-0.41,233.64,1,-91.00,-4.00,23.00,15.00,32.00,20.00,13417219,440
123.02,1565153199,1380.24,51.44003628,7.48477820,281.20,13.31,-1.18,233.23,1,-96.00,-7.00,11.00,6.00,32.00,20.00,13417219,440
124.01,1565153200,1393.38,51.43995454,7.48460351,281.03,13.49,0.19,232.98,1,-96.00,-7.00,11.00,6.00,32.00,20.00,13417219,440
125.02,1565153201,1406.94,51.43986550,7.48442422,280.71,13.88,0.38,232.50,1,-99.00,-13.00,8.00,9.00,33.00,20.00,13417219,440
126.02,1565153202,1420.81,51.43978640,7.48425585,280.97,14.14,0.27,231.91,1,-99.00,-13.00,8.00,9.00,33.00,20.00,13417219,440
127.02,1565153203,1434.97,51.43970590,7.48408779,280.82,13.68,-0.46,232.69,1,-94.00,-14.00,4.00,8.00,35.00,20.00,13417219,440
128.02,1565153204,1448.67,51.43962611,7.48391515,280.88,14.18,0.50,233.06,1,-94.00,-14.00,4.00,8.00,35.00,20.00,13417219,440
129.02,1565153205,1462.83,51.43953873,7.48372412,280.80,14.66,0.48,232.70,1,-100.00,-12.00,3.00,10.00,31.00,20.00,13417219,440
130.02,1565153206,1477.50,51.43946534,7.48354919,280.27,13.98,-0.69,234.22,1,-100.00,-12.00,3.00,10.00,31.00,20.00,13417219,440
131.02,1565153207,1491.59,51.43939616,7.48338017,280.18,13.35,-0.62,235.09,1,-100.00,-6.00,7.00,10.00,27.00,20.00,13417219,440
132.01,1565153208,1504.82,51.43932504,7.48319340,280.82,13.04,-0.32,236.52,1,-100.00,-6.00,7.00,10.00,27.00,20.00,13417219,440
133.01,1565153209,1517.85,51.43925971,7.48300824,281.65,13.94,0.91,238.25,1,-100.00,-6.00,7.00,10.00,27.00,20.00,13417219,440
134.01,1565153210,1531.78,51.43919119,7.48280819,281.49,12.91,-1.03,240.32,1,-99.00,-6.00,14.00,10.00,27.00,20.00,13417219,440
135.01,1565153211,1544.71,51.43912746,7.48260717,281.26,12.74,-0.18,241.86,1,-99.00,-6.00,14.00,10.00,27.00,20.00,13417219,440
136.01,1565153212,1557.43,51.43906540,7.48240298,281.33,13.81,1.08,242.54,1,-99.00,-7.00,14.00,11.00,29.00,20.00,13417219,440
137.01,1565153213,1571.26,51.43901066,7.48221967,281.45,14.26,0.45,243.47,1,-99.00,-7.00,14.00,11.00,29.00,20.00,13417219,440
138.01,1565153214,1585.45,51.43894742,7.48201426,281.22,14.07,-0.20,243.44,1,-100.00,-7.00,8.00,11.00,25.00,20.00,13417219,440
139.01,1565153215,1599.57,51.43887893,7.48179615,280.52,14.89,0.82,243.77,1,-100.00,-7.00,8.00,11.00,25.00,20.00,13417219,440
140.01,1565153216,1614.47,51.43881239,7.48159063,280.50,14.80,-0.10,242.80,1,-100.00,-6.00,10.00,14.00,28.00,20.00,13417219,440
141.01,1565153217,1629.26,51.43875024,7.48138878,280.16,14.46,-0.34,243.80,1,-100.00,-6.00,10.00,14.00,28.00,20.00,13417219,440
142.01,1565153218,1643.74,51.43868083,7.48116890,280.72,14.79,0.33,242.91,1,-98.00,-5.00,18.00,12.00,27.00,20.00,13417219,440
143.01,1565153219,1658.53,51.43861500,7.48095624,281.24,14.74,-0.05,243.27,1,-98.00,-5.00,18.00,12.00,27.00,20.00,13417219,440
144.01,1565153220,1673.27,51.43855373,7.48074961,281.15,16.69,1.95,243.24,1,-99.00,-4.00,4.00,9.00,24.00,20.00,13417219,440
145.01,1565153221,1689.95,51.43849177,7.48055719,281.12,16.15,-0.54,242.90,1,-99.00,-4.00,4.00,9.00,24.00,20.00,13417219,440
146.01,1565153222,1706.12,51.43842260,7.48034616,281.56,15.60,-0.55,242.53,1,-103.00,-6.00,21.00,9.00,25.00,20.00,13417219,440
147.01,1565153223,1721.72,51.43834974,7.48015163,281.25,15.04,-0.56,241.57,1,-103.00,-6.00,21.00,9.00,25.00,20.00,13417219,440
148.01,1565153224,1736.74,51.43827767,7.47994762,281.08,15.14,0.10,242.33,1,-102.00,-7.00,4.00,2.00,35.00,20.00,13417219,440
149.01,1565153225,1751.89,51.43820973,7.47974067,281.14,15.89,0.75,242.90,1,-102.00,-7.00,4.00,2.00,35.00,20.00,13417219,440
150.01,1565153226,1767.78,51.43814502,7.47955290,280.96,14.64,-1.25,243.27,1,-103.00,-7.00,5.00,2.00,26.00,20.00,13417219,440
151.01,1565153227,1782.40,51.43807665,7.47935986,280.54,15.10,0.47,242.77,1,-103.00,-7.00,5.00,2.00,26.00,20.00,13417219,440
152.03,1565153228,1797.70,51.43801059,7.47915974,280.11,14.17,-0.92,242.03,1,-86.00,-4.00,11.00,2.00,46.00,21.00,13417219,440
153.02,1565153229,1811.76,51.43794360,7.47896115,279.43,14.14,-0.03,241.69,1,-86.00,-4.00,11.00,2.00,46.00,21.00,13417219,440
154.01,1565153230,1825.80,51.43788661,7.47878571,278.69,13.23,-0.92,243.09,1,-86.00,-4.00,11.00,2.00,46.00,21.00,13417219,440
155.02,1565153231,1839.08,51.43782531,7.47860779,277.81,13.07,-0.16,243.59,1,-89.00,-4.00,2.00,2.00,38.00,21.00,13417219,440
156.02,1565153232,1852.16,51.43776157,7.47841458,277.70,13.60,0.53,243.38,1,-89.00,-4.00,2.00,2.00,38.00,21.00,13417219,440
157.01,1565153233,1865.74,51.43769112,7.47819930,278.47,14.31,0.71,242.10,1,-92.00,-5.00,4.00,2.00,34.00,21.00,13417219,440
158.02,1565153234,1880.06,51.43762791,7.47801013,279.62,14.40,0.10,242.65,1,-92.00,-5.00,4.00,2.00,34.00,21.00,13417219,440
159.02,1565153235,1894.46,51.43756267,7.47781974,280.40,13.10,-1.31,243.63,1,-92.00,-5.00,11.00,2.00,33.00,21.00,13417219,440
160.02,1565153236,1907.57,51.43750122,7.47763251,281.17,12.59,-0.50,243.96,1,-92.00,-5.00,11.00,2.00,33.00,21.00,13417219,440
161.02,1565153237,1920.19,51.43744268,7.47745932,282.36,12.80,0.21,243.59,1,-92.00,-6.00,-3.00,2.00,35.00,21.00,13417219,440
162.02,1565153238,1932.96,51.43738543,7.47728727,283.06,11.95,-0.85,242.44,1,-92.00,-6.00,-3.00,2.00,35.00,21.00,13417219,440
163.01,1565153239,1944.87,51.43733201,7.47711325,283.32,10.93,-1.02,245.29,1,-90.00,-5.00,9.00,2.00,43.00,19.00,13523715,6
164.01,1565153240,1955.80,51.43727687,7.47692623,284.17,12.69,1.76,246.94,1,-90.00,-5.00,9.00,2.00,43.00,19.00,13523715,6
165.02,1565153241,1968.51,51.43723164,7.47674215,285.35,12.33,-0.35,250.01,1,-90.00,-4.00,12.00,2.00,36.00,19.00,13523715,6
166.01,1565153242,1980.83,51.43721987,7.47655175,286.21,10.93,-1.41,269.13,1,-90.00,-4.00,12.00,2.00,36.00,19.00,13523715,6
167.02,1565153243,1991.77,51.43721628,7.47638840,286.39,10.14,-0.79,273.12,1,-92.00,-5.00,13.00,2.00,35.00,19.00,13523715,6
168.02,1565153244,2001.91,51.43725433,7.47627599,286.42,9.10,-1.03,299.60,1,-92.00,-5.00,13.00,2.00,35.00,19.00,13523715,6
169.02,1565153245,2011.02,51.43731471,7.47618660,286.50,8.33,-0.77,321.59,1,-93.00,-5.00,-3.00,2.00,33.00,19.00,13523715,6
170.02,1565153246,2019.34,51.43739278,7.47615793,287.25,8.54,0.21,349.56,1,-93.00,-5.00,-3.00,2.00,33.00,19.00,13523715,6
171.02,1565153247,2027.88,51.43747819,7.47619709,287.96,9.72,1.18,21.35,1,-99.00,-7.00,11.00,2.00,28.00,19.00,13523715,6
172.02,1565153248,2037.60,51.43757270,7.47625735,288.57,9.93,0.21,22.90,1,-99.00,-7.00,11.00,2.00,28.00,19.00,13523715,6
173.01,1565153249,2047.51,51.43764421,7.47637891,289.19,11.42,1.49,49.35,1,-100.00,-6.00,-1.00,2.00,26.00,19.00,13523715,6
174.01,1565153250,2058.87,51.43773199,7.47653301,289.49,12.48,1.07,50.28,1,-100.00,-6.00,-1.00,2.00,26.00,19.00,13523715,6
175.02,1565153251,2071.51,51.43780517,7.47668697,289.62,13.18,0.69,51.29,1,-101.00,-5.00,2.00,2.00,25.00,19.00,13523715,6
176.01,1565153252,2084.58,51.43788182,7.47685855,289.77,15.96,2.80,51.76,1,-101.00,-5.00,2.00,2.00,25.00,19.00,13523715,6
177.01,1565153253,2100.55,51.43797006,7.47704622,289.81,17.39,1.43,52.30,1,-101.00,-5.00,2.00,2.00,25.00,19.00,13523715,6
178.01,1565153254,2117.94,51.43806971,7.47725337,289.82,18.08,0.69,53.28,1,-102.00,-6.00,8.00,2.00,25.00,19.00,13523715,6
179.01,1565153255,2136.00,51.43816173,7.47746961,289.88,18.75,0.68,54.07,1,-102.00,-6.00,8.00,2.00,25.00,19.00,13523715,6
180.01,1565153256,2154.77,51.43826435,7.47771197,289.92,19.56,0.81,54.66,1,-104.00,-8.00,-1.00,9.00,25.00,20.00,13523715,6
181.02,1565153257,2174.35,51.43836012,7.47795371,289.66,20.49,0.93,55.62,1,-104.00,-8.00,-1.00,9.00,25.00,20.00,13523715,6
182.01,1565153258,2194.83,51.43846983,7.47821928,289.57,21.66,1.16,56.17,1,-105.00,-7.00,0.00,8.00,22.00,22.00,13417219,6
183.02,1565153259,2216.51,51.43858045,7.47849675,289.98,22.09,0.44,57.23,1,-105.00,-7.00,0.00,8.00,22.00,22.00,13417219,6
184.01,1565153260,2238.55,51.43868636,7.47876262,289.78,22.77,0.68,56.62,1,-101.00,-5.00,9.00,11.00,23.00,22.00,13417219,440
185.01,1565153261,2261.34,51.43879613,7.47904018,289.47,23.40,0.63,56.52,1,-101.00,-5.00,9.00,11.00,23.00,22.00,13417219,440
186.01,1565153262,2284.72,51.43890925,7.47932449,288.94,24.56,1.16,56.79,1,-108.00,-7.00,3.00,10.00,19.00,22.00,13417219,440
187.01,1565153263,2309.30,51.43902787,7.47961940,288.13,24.98,0.42,56.76,1,-108.00,-7.00,3.00,10.00,19.00,22.00,13417219,440
188.01,1565153264,2334.25,51.43915608,7.47992320,287.30,25.24,0.26,55.51,1,-108.00,-6.00,4.00,9.00,18.00,22.00,13417219,440
189.01,1565153265,2359.49,51.43928987,7.48023413,286.61,25.57,0.33,54.54,1,-108.00,-6.00,4.00,9.00,18.00,22.00,13417219,440
190.01,1565153266,2385.06,51.43943281,7.48053853,286.18,25.32,-0.25,53.08,1,-106.00,-6.00,5.00,10.00,19.00,22.00,13417219,440
191.01,1565153267,2410.38,51.43956593,7.48082756,285.51,25.14,-0.18,53.08,1,-106.00,-6.00,5.00,10.00,19.00,22.00,13417219,440
192.01,1565153268,2435.52,51.43969505,7.48111263,284.87,25.30,0.16,52.43,1,-109.00,-9.00,0.00,2.00,28.00,22.00,13417219,440
193.01,1565153269,2460.85,51.43983201,7.48140817,284.82,25.22,-0.09,52.72,1,-109.00,-9.00,0.00,2.00,28.00,22.00,13417219,440
194.01,1565153270,2485.99,51.43997841,7.48169919,284.94,25.78,0.56,50.80,1,-108.00,-8.00,1.00,2.00,20.00,22.00,13417219,440
195.02,1565153271,2511.89,51.44013239,7.48196086,284.69,25.89,0.11,46.83,1,-108.00,-8.00,1.00,2.00,20.00,22.00,13417219,440
196.01,1565153272,2537.73,51.44029019,7.48220895,284.25,26.34,0.45,44.61,1,-110.00,-10.00,-4.00,4.00,20.00,21.00,13417219,440
197.01,1565153273,2563.94,51.44046734,7.48247811,283.54,26.54,0.20,43.59,1,-110.00,-10.00,-4.00,4.00,20.00,21.00,13417219,440
198.01,1565153274,2590.51,51.44064277,7.48273414,282.89,26.71,0.17,42.58,1,-110.00,-10.00,-4.00,4.00,20.00,21.00,13417219,440
199.02,1565153275,2617.38,51.44082361,7.48298342,282.39,26.74,0.03,40.39,1,-115.00,-14.00,-7.00,4.00,21.00,21.00,13417219,440
200.02,1565153276,2644.11,51.44100770,7.48322362,281.73,26.48,-0.26,38.68,1,-115.00,-14.00,-7.00,4.00,21.00,21.00,13417219,440
201.02,1565153277,2670.56,51.44120582,7.48345859,281.11,26.34,-0.14,36.30,1,-110.00,-11.00,-8.00,6.00,22.00,21.00,13415426,265
202.02,1565153278,2696.90,51.44140145,7.48368879,280.63,25.90,-0.44,35.38,1,-110.00,-11.00,-8.00,6.00,22.00,21.00,13415426,265
203.01,1565153279,2722.65,51.44159476,7.48389694,280.26,25.83,-0.06,34.32,1,-110.00,-12.00,-5.00,5.00,23.00,21.00,13415426,265
204.02,1565153280,2748.63,51.44179624,7.48409023,279.85,26.03,0.20,31.36,1,-110.00,-12.00,-5.00,5.00,23.00,21.00,13415426,265
205.01,1565153281,2774.64,51.44200410,7.48426939,279.44,25.75,-0.29,28.56,1,-109.00,-10.00,1.00,5.00,21.00,21.00,13415426,265
206.02,1565153282,2800.41,51.44220818,7.48444305,279.10,25.61,-0.14,27.73,1,-109.00,-10.00,1.00,5.00,21.00,21.00,13415426,265
207.02,1565153283,2826.02,51.44240807,7.48460971,278.40,25.48,-0.13,26.74,1,-109.00,-11.00,-3.00,4.00,21.00,21.00,13415426,265
208.01,1565153284,2851.45,51.44260548,7.48476765,277.41,25.27,-0.21,25.61,1,-109.00,-11.00,-3.00,4.00,21.00,21.00,13415426,265
209.01,1565153285,2876.72,51.44280522,7.48492400,276.27,25.14,-0.13,25.17,1,-108.00,-12.00,-3.00,2.00,31.00,21.00,13415426,265
210.01,1565153286,2901.88,51.44301606,7.48507494,275.09,24.89,-0.25,23.71,1,-108.00,-12.00,-3.00,2.00,31.00,21.00,13415426,265
211.02,1565153287,2926.85,51.44323132,7.48522084,274.37,24.81,-0.08,23.33,1,-112.00,-11.00,-12.00,2.00,20.00,21.00,13415426,265
212.02,1565153288,2951.68,51.44343631,7.48535959,273.82,24.40,-0.41,22.82,1,-112.00,-11.00,-12.00,2.00,20.00,21.00,13415426,265
213.02,1565153289,2976.11,51.44363502,7.48548872,273.29,23.16,-1.24,22.69,1,-112.00,-12.00,-2.00,2.00,21.00,21.00,13415426,265
214.02,1565153290,2999.36,51.44381746,7.48560531,272.89,21.26,-1.89,21.87,1,-112.00,-12.00,-2.00,2.00,21.00,21.00,13415426,265
215.02,1565153291,3020.54,51.44398521,7.48570773,272.46,19.86,-1.41,21.29,1,-111.00,-13.00,-6.00,2.00,21.00,21.00,13415426,265
216.02,1565153292,3040.37,51.44413992,7.48580241,272.03,18.37,-1.49,21.76,1,-111.00,-13.00,-6.00,2.00,21.00,21.00,13415426,265
217.03,1565153293,3059.01,51.44428716,7.48590133,271.42,17.42,-0.93,22.48,1,-114.00,-14.00,-6.00,2.00,20.00,21.00,13415426,265
218.02,1565153294,3076.25,51.44440111,7.48599075,270.72,15.11,-2.34,24.88,1,-114.00,-14.00,-6.00,2.00,20.00,21.00,13415426,265
219.02,1565153295,3091.35,51.44451676,7.48609209,270.38,14.01,-1.09,28.43,1,-114.00,-14.00,-6.00,2.00,20.00,21.00,13415426,265
220.02,1565153296,3105.36,51.44459568,7.48622173,269.88,13.29,-0.73,44.70,1,-116.00,-15.00,-11.00,2.00,20.00,21.00,13415426,265
221.02,1565153297,3118.66,51.44465590,7.48638273,269.82,13.21,-0.08,58.60,1,-116.00,-15.00,-11.00,2.00,20.00,21.00,13415426,265
222.01,1565153298,3131.74,51.44470404,7.48654732,269.56,13.50,0.30,62.57,1,-118.00,-13.00,4.00,2.00,26.00,80.00,13067273,288
223.01,1565153299,3145.26,51.44472413,7.48674117,269.29,13.68,0.17,81.90,1,-118.00,-13.00,4.00,2.00,26.00,80.00,13067273,288
224.02,1565153300,3158.95,51.44470933,7.48697228,268.53,13.27,-0.40,97.84,1,-117.00,-12.00,-3.00,2.00,13.00,80.00,13067273,288
225.02,1565153301,3172.24,51.44465423,7.48716779,267.95,13.67,0.40,116.59,1,-117.00,-12.00,-3.00,2.00,13.00,80.00,13067273,288
226.02,1565153302,3185.91,51.44457399,7.48731698,267.66,14.06,0.38,132.19,1,-118.00,-12.00,-13.00,2.00,11.00,80.00,13067273,288
227.02,1565153303,3199.96,51.44447713,7.48742763,267.11,13.84,-0.22,147.66,1,-118.00,-12.00,-13.00,2.00,11.00,80.00,13067273,288
228.02,1565153304,3213.83,51.44435629,7.48749693,266.86,13.92,0.08,162.22,1,-119.00,-13.00,-11.00,2.00,13.00,80.00,13067273,288
229.02,1565153305,3227.74,51.44422506,7.48752166,266.79,13.79,-0.13,177.25,1,-119.00,-13.00,-11.00,2.00,13.00,80.00,13067273,288
230.01,1565153306,3241.46,51.44410736,7.48748701,266.41,13.59,-0.20,193.21,nan,nan,nan,nan,nan,nan,nan,nan,nan
231.01,1565153307,3255.03,51.44399722,7.48739733,266.04,14.19,0.61,208.80,nan,nan,nan,nan,nan,nan,nan,nan,nan
232.02,1565153308,3269.30,51.44390844,7.48726581,265.86,14.19,-0.01,224.78,nan,nan,nan,nan,nan,nan,nan,nan,nan
233.01,1565153309,3283.41,51.44383697,7.48710331,265.92,14.45,0.27,239.77,nan,nan,nan,nan,nan,nan,nan,nan,nan
234.01,1565153310,3297.88,51.44379558,7.48691757,265.78,14.51,0.06,253.98,nan,nan,nan,nan,nan,nan,nan,nan,nan
235.01,1565153311,3312.32,51.44378558,7.48670061,265.66,15.12,0.62,269.32,nan,nan,nan,nan,nan,nan,nan,nan,nan
236.01,1565153312,3327.51,51.44377720,7.48649833,265.37,15.72,0.59,268.80,nan,nan,nan,nan,nan,nan,nan,nan,nan
237.01,1565153313,3343.23,51.44377114,7.48625789,265.24,16.64,0.92,268.32,nan,nan,nan,nan,nan,nan,nan,nan,nan
238.01,1565153314,3359.89,51.44376159,7.48602240,265.18,17.53,0.89,267.91,nan,nan,nan,nan,nan,nan,nan,nan,nan
239.01,1565153315,3377.33,51.44375436,7.48575225,265.15,18.63,1.10,268.49,nan,nan,nan,nan,nan,nan,nan,nan,nan
240.01,1565153316,3395.96,51.44375086,7.48546500,265.28,19.56,0.93,268.95,nan,nan,nan,nan,nan,nan,nan,nan,nan
241.01,1565153317,3415.59,51.44374251,7.48521688,264.59,19.84,0.28,267.66,nan,nan,nan,nan,nan,nan,nan,nan,nan
242.01,1565153318,3435.37,51.44373688,7.48493494,264.71,19.42,-0.42,268.32,nan,nan,nan,nan,nan,nan,nan,nan,nan
243.01,1565153319,3454.85,51.44373291,7.48460744,265.05,22.01,2.58,268.95,nan,nan,nan,nan,nan,nan,nan,nan,nan
244.01,1565153320,3476.85,51.44372793,7.48426336,265.29,23.10,1.09,268.48,nan,nan,nan,nan,nan,nan,nan,nan,nan
245.01,1565153321,3499.88,51.44372252,7.48391314,265.53,23.63,0.53,268.28,nan,nan,nan,nan,nan,nan,nan,nan,nan
246.01,1565153322,3523.58,51.44371289,7.48356506,265.70,24.34,0.71,267.87,nan,nan,nan,nan,nan,nan,nan,nan,nan
247.01,1565153323,3547.94,51.44370527,7.48320677,265.65,24.91,0.57,268.18,nan,nan,nan,nan,nan,nan,nan,nan,nan
248.01,1565153324,3572.83,51.44369415,7.48283153,265.90,25.60,0.69,267.63,nan,nan,nan,nan,nan,nan,nan,nan,nan
249.01,1565153325,3598.43,51.44368453,7.48245909,266.25,26.20,0.60,266.96,nan,nan,nan,nan,nan,nan,nan,nan,nan
250.01,1565153326,3624.56,51.44367041,7.48208315,266.56,26.76,0.55,266.71,nan,nan,nan,nan,nan,nan,nan,nan,nan
251.01,1565153327,3651.40,51.44365855,7.48169828,266.50,26.92,0.16,266.59,nan,nan,nan,nan,nan,nan,nan,nan,nan
252.01,1565153328,3678.32,51.44364437,7.48130996,266.35,27.15,0.23,266.20,nan,nan,nan,nan,nan,nan,nan,nan,nan
253.01,1565153329,3705.47,51.44362996,7.48091862,266.04,27.35,0.20,265.87,nan,nan,nan,nan,nan,nan,nan,nan,nan
254.01,1565153330,3732.82,51.44360971,7.48052458,265.72,27.61,0.26,265.02,nan,nan,nan,nan,nan,nan,nan,nan,nan
255.01,1565153331,3760.32,51.44359009,7.48012320,264.99,27.89,0.28,264.49,1,-109.00,-12.00,-7.00,4.00,20.00,18.00,13415426,265
256.02,1565153332,3788.55,51.44355869,7.47972951,264.31,28.32,0.42,262.85,1,-109.00,-12.00,-7.00,4.00,20.00,18.00,13415426,265
257.02,1565153333,3816.78,51.44352718,7.47932611,263.56,28.07,-0.25,262.76,1,-109.00,-12.00,-4.00,5.00,22.00,18.00,13415426,265
258.02,1565153334,3844.85,51.44349567,7.47892767,262.73,27.99,-0.07,262.56,1,-109.00,-12.00,-4.00,5.00,22.00,18.00,13415426,265
259.02,1565153335,3872.81,51.44346095,7.47851613,262.34,28.15,0.16,262.51,1,-107.00,-14.00,-2.00,6.00,27.00,18.00,13415426,265
260.02,1565153336,3900.94,51.44342683,7.47811502,262.07,28.27,0.12,262.40,1,-107.00,-14.00,-2.00,6.00,27.00,18.00,13415426,265
261.02,1565153337,3929.40,51.44339427,7.47771082,261.64,28.31,0.04,262.31,1,-107.00,-14.00,-1.00,6.00,27.00,18.00,13415426,265
262.02,1565153338,3957.54,51.44336203,7.47730307,261.18,28.32,0.01,262.22,1,-107.00,-14.00,-1.00,6.00,27.00,18.00,13415426,265
263.01,1565153339,3985.80,51.44332863,7.47689478,260.70,28.58,0.26,261.92,1,-107.00,-14.00,-1.00,6.00,27.00,18.00,13415426,265
264.01,1565153340,4014.27,51.44329209,7.47648424,260.21,28.63,0.05,261.67,1,-107.00,-14.00,-1.00,5.00,25.00,18.00,13415426,265
265.02,1565153341,4043.07,51.44325483,7.47608091,259.72,28.32,-0.31,261.16,1,-107.00,-14.00,-1.00,5.00,25.00,18.00,13415426,265
266.02,1565153342,4071.42,51.44321323,7.47568050,259.25,27.97,-0.35,260.56,1,-110.00,-15.00,-2.00,5.00,23.00,18.00,13415426,265
267.02,1565153343,4099.44,51.44317163,7.47528531,258.78,27.78,-0.19,259.69,1,-110.00,-15.00,-2.00,5.00,23.00,18.00,13415426,265
268.02,1565153344,4127.13,51.44312189,7.47489582,258.29,27.53,-0.25,258.47,1,-113.00,-15.00,-3.00,2.00,22.00,18.00,13415426,265
269.02,1565153345,4154.66,51.44307086,7.47450969,257.72,27.54,0.02,258.25,1,-113.00,-15.00,-3.00,2.00,22.00,18.00,13415426,265
270.02,1565153346,4182.26,51.44302134,7.47412477,257.11,27.90,0.35,258.39,1,-109.00,-14.00,-3.00,5.00,23.00,18.00,13415426,265
271.02,1565153347,4210.18,51.44296902,7.47373444,256.47,28.19,0.28,259.01,1,-109.00,-14.00,-3.00,5.00,23.00,18.00,13415426,265
272.01,1565153348,4238.20,51.44291829,7.47333815,255.73,28.10,-0.08,259.14,1,-110.00,-15.00,-2.00,5.00,24.00,18.00,13415426,265
273.01,1565153349,4266.33,51.44286874,7.47294759,255.00,27.85,-0.25,259.12,1,-110.00,-15.00,-2.00,5.00,24.00,18.00,13415426,265
274.02,1565153350,4294.21,51.44281973,7.47255628,254.20,27.50,-0.35,259.34,1,-111.00,-9.00,4.00,8.00,18.00,18.00,13415426,265
275.01,1565153351,4321.68,51.44277340,7.47217588,253.42,27.09,-0.41,259.14,1,-111.00,-9.00,4.00,8.00,18.00,18.00,13415426,265
276.01,1565153352,4348.78,51.44272761,7.47180038,252.61,26.70,-0.39,258.74,1,-106.00,-7.00,-4.00,8.00,21.00,18.00,13415426,265
277.01,1565153353,4375.45,51.44268249,7.47142369,251.82,26.09,-0.61,258.78,1,-106.00,-7.00,-4.00,8.00,21.00,18.00,13415426,265
278.01,1565153354,4401.54,51.44263920,7.47106068,251.06,25.49,-0.60,258.40,1,-111.00,-8.00,7.00,7.00,17.00,18.00,13415426,265
279.01,1565153355,4427.06,51.44259659,7.47071446,250.34,25.13,-0.37,258.47,1,-111.00,-8.00,7.00,7.00,17.00,18.00,13415426,265
280.01,1565153356,4452.16,51.44255332,7.47036301,249.55,25.00,-0.13,258.39,1,-110.00,-7.00,4.00,7.00,17.00,18.00,13415426,265
281.01,1565153357,4477.16,51.44250883,7.47000420,248.74,25.00,0.01,257.57,1,-110.00,-7.00,4.00,7.00,17.00,18.00,13415426,265
282.02,1565153358,4502.39,51.44245989,7.46964922,248.02,24.80,-0.20,257.35,1,-108.00,-6.00,4.00,10.00,20.00,18.00,13415426,265
283.01,1565153359,4526.99,51.44241066,7.46929570,247.44,24.86,0.06,257.32,1,-108.00,-6.00,4.00,10.00,20.00,18.00,13415426,265
284.02,1565153360,4551.88,51.44236137,7.46894376,247.00,24.97,0.11,257.69,1,-108.00,-6.00,4.00,10.00,20.00,18.00,13415426,265
285.01,1565153361,4576.82,51.44231409,7.46858778,246.42,25.34,0.37,257.55,1,-107.00,-6.00,4.00,2.00,19.00,18.00,13415426,265
286.02,1565153362,4602.19,51.44226493,7.46822173,245.78,25.93,0.59,257.76,1,-107.00,-6.00,4.00,2.00,19.00,18.00,13415426,265
287.01,1565153363,4628.10,51.44221396,7.46785149,245.16,27.08,1.15,257.20,1,-110.00,-7.00,-3.00,2.00,17.00,18.00,13415426,265
288.02,1565153364,4655.21,51.44216151,7.46746907,244.49,27.70,0.62,257.94,1,-110.00,-7.00,-3.00,2.00,17.00,18.00,13415426,265
289.02,1565153365,4682.91,51.44211000,7.46706431,243.86,28.94,1.24,258.39,1,-111.00,-8.00,-6.00,2.00,17.00,18.00,13415426,265
290.02,1565153366,4711.85,51.44205676,7.46664291,243.25,29.74,0.80,258.44,1,-111.00,-8.00,-6.00,2.00,17.00,18.00,13415426,265
291.01,1565153367,4741.48,51.44200792,7.46620855,242.75,31.03,1.29,259.74,1,-114.00,-11.00,-2.00,2.00,17.00,18.00,13415426,265
292.02,1565153368,4772.72,51.44195722,7.46576604,242.33,31.48,0.44,260.15,1,-114.00,-11.00,-2.00,2.00,17.00,18.00,13415426,265
293.02,1565153369,4804.20,51.44190749,7.46531893,241.90,31.74,0.27,260.28,1,-114.00,-12.00,-3.00,2.00,19.00,18.00,13415426,265
294.02,1565153370,4835.94,51.44186467,7.46487106,241.50,31.33,-0.42,261.45,1,-114.00,-12.00,-3.00,2.00,19.00,18.00,13415426,265
295.02,1565153371,4867.24,51.44182254,7.46442975,241.00,31.03,-0.30,262.06,1,-114.00,-12.00,-5.00,2.00,19.00,18.00,13415426,265
296.02,1565153372,4898.30,51.44189010,7.46355230,240.47,31.34,0.31,262.42,1,-114.00,-12.00,-5.00,2.00,19.00,18.00,13415426,265
297.01,1565153373,4929.48,51.44174953,7.46354955,239.54,31.77,0.44,263.26,1,-112.00,-9.00,3.00,8.00,19.00,12.00,13415427,264
298.01,1565153374,4961.25,51.44171713,7.46308988,238.56,32.09,0.32,263.94,1,-112.00,-9.00,3.00,8.00,19.00,12.00,13415427,264
299.01,1565153375,4993.34,51.44168671,7.46262724,237.67,32.46,0.37,264.08,1,-107.00,-7.00,9.00,10.00,20.00,12.00,13415427,264
300.01,1565153376,5025.80,51.44166498,7.46215827,236.79,32.91,0.45,264.92,1,-107.00,-7.00,9.00,10.00,20.00,12.00,13415427,264
301.01,1565153377,5058.71,51.44164038,7.46167877,236.17,33.42,0.51,265.23,1,-105.00,-7.00,8.00,9.00,23.00,12.00,13415427,264
302.01,1565153378,5092.13,51.44161618,7.46119681,235.68,33.66,0.24,265.51,1,-105.00,-7.00,8.00,9.00,23.00,12.00,13415427,264
303.02,1565153379,5126.10,51.44159543,7.46070847,235.16,34.10,0.43,265.94,1,-104.00,-6.00,9.00,10.00,24.00,12.00,13415427,264
304.01,1565153380,5159.90,51.44157623,7.46021817,234.76,33.93,-0.18,266.44,1,-104.00,-6.00,9.00,10.00,24.00,12.00,13415427,264
305.01,1565153381,5193.82,51.44156575,7.45974285,234.34,32.69,-1.23,267.34,1,-104.00,-6.00,9.00,10.00,24.00,12.00,13415427,264
306.01,1565153382,5226.55,51.44155434,7.45928461,234.07,31.36,-1.33,268.24,1,-102.00,-5.00,11.00,12.00,23.00,12.00,13415427,264
307.01,1565153383,5257.91,51.44154853,7.45883497,233.90,31.21,-0.15,268.37,1,-102.00,-5.00,11.00,12.00,23.00,12.00,13415427,264
308.02,1565153384,5289.15,51.44154145,7.45838040,233.99,31.46,0.25,268.36,1,-100.00,-7.00,11.00,2.00,35.00,12.00,13415427,264
309.01,1565153385,5320.57,51.44153279,7.45792687,234.15,31.65,0.19,268.33,1,-100.00,-7.00,11.00,2.00,35.00,12.00,13415427,264
310.01,1565153386,5352.22,51.44152980,7.45747805,234.23,31.79,0.14,269.40,1,-102.00,-5.00,7.00,2.00,23.00,12.00,13415427,264
311.01,1565153387,5384.00,51.44152693,7.45702142,234.14,32.11,0.32,270.19,1,-102.00,-5.00,7.00,2.00,23.00,12.00,13415427,264
312.01,1565153388,5416.11,51.44152887,7.45655212,234.32,32.31,0.20,270.52,1,-105.00,-6.00,6.00,2.00,21.00,12.00,13415427,264
313.01,1565153389,5448.42,51.44153271,7.45608168,234.59,32.23,-0.08,270.67,1,-105.00,-6.00,6.00,2.00,21.00,12.00,13415427,264
314.01,1565153390,5480.65,51.44153927,7.45563467,234.62,31.93,-0.29,270.94,1,-104.00,-6.00,14.00,2.00,22.00,12.00,13415427,264
315.01,1565153391,5512.58,51.44154469,7.45518520,234.51,31.77,-0.17,271.12,1,-104.00,-6.00,14.00,2.00,22.00,12.00,13415427,264
316.01,1565153392,5544.35,51.44156172,7.45471784,234.17,31.56,-0.21,273.36,1,-101.00,-6.00,10.00,11.00,25.00,15.00,13415427,264
317.02,1565153393,5575.94,51.44158094,7.45425685,233.99,31.63,0.07,273.29,1,-101.00,-6.00,10.00,11.00,25.00,15.00,13415427,264
318.01,1565153394,5607.51,51.44159477,7.45381645,233.90,31.19,-0.44,273.97,1,-102.00,-5.00,5.00,9.00,24.00,15.00,13415427,264
319.01,1565153395,5638.73,51.44161537,7.45336864,233.66,30.71,-0.48,274.38,1,-102.00,-5.00,5.00,9.00,24.00,15.00,13415427,264
320.01,1565153396,5669.42,51.44163565,7.45292502,233.64,30.13,-0.59,275.12,1,-104.00,-7.00,2.00,8.00,24.00,15.00,13415427,264
321.01,1565153397,5699.55,51.44166138,7.45250420,233.41,29.73,-0.40,275.40,1,-104.00,-7.00,2.00,8.00,24.00,15.00,13415427,264
322.02,1565153398,5729.40,51.44168958,7.45207049,232.96,29.98,0.24,275.65,1,-106.00,-9.00,-3.00,5.00,23.00,15.00,13415427,264
323.02,1565153399,5759.37,51.44172050,7.45164187,232.71,29.99,0.01,276.56,1,-106.00,-9.00,-3.00,5.00,23.00,15.00,13415427,264
324.02,1565153400,5789.55,51.44175081,7.45120815,232.51,29.91,-0.08,277.11,1,-108.00,-7.00,7.00,7.00,18.00,15.00,13415427,264
325.01,1565153401,5819.19,51.44178344,7.45078058,232.20,30.07,0.15,277.46,1,-108.00,-7.00,7.00,7.00,18.00,15.00,13415427,264
326.02,1565153402,5849.29,51.44182028,7.45035496,231.95,30.18,0.12,277.90,1,-108.00,-7.00,7.00,7.00,18.00,15.00,13415427,264
327.01,1565153403,5879.44,51.44185844,7.44991430,231.63,30.44,0.25,278.04,1,-106.00,-6.00,9.00,8.00,20.00,15.00,13415427,264
328.01,1565153404,5909.87,51.44189672,7.44947694,231.42,30.25,-0.18,278.43,1,-106.00,-6.00,9.00,8.00,20.00,15.00,13415427,264
329.01,1565153405,5940.09,51.44193591,7.44905370,231.24,29.99,-0.26,278.66,1,-106.00,-6.00,4.00,2.00,19.00,15.00,13415427,264
330.01,1565153406,5970.08,51.44197945,7.44863822,231.04,29.53,-0.46,278.97,1,-106.00,-6.00,4.00,2.00,19.00,15.00,13415427,264
331.01,1565153407,5999.61,51.44202127,7.44821779,230.93,29.17,-0.36,279.60,1,-107.00,-6.00,7.00,2.00,19.00,15.00,13415427,264
332.01,1565153408,6028.78,51.44206715,7.44780262,230.84,29.35,0.18,280.00,1,-107.00,-6.00,7.00,2.00,19.00,15.00,13415427,264
333.01,1565153409,6058.13,51.44211615,7.44739509,230.51,29.51,0.16,280.59,1,-103.00,-6.00,24.00,2.00,22.00,15.00,13415427,264
334.01,1565153410,6087.64,51.44216947,7.44698576,230.25,29.43,-0.08,281.30,1,-103.00,-6.00,24.00,2.00,22.00,15.00,13415427,264
335.01,1565153411,6117.07,51.44222069,7.44656578,229.99,29.60,0.16,282.12,1,-102.00,-5.00,10.00,2.00,23.00,15.00,13415427,264
336.01,1565153412,6146.67,51.44227716,7.44615132,229.81,29.59,-0.01,282.62,1,-102.00,-5.00,10.00,2.00,23.00,15.00,13415427,264
337.01,1565153413,6176.29,51.44233733,7.44573042,229.70,29.89,0.30,282.79,1,-109.00,-9.00,-6.00,8.00,23.00,20.00,13415427,264
338.02,1565153414,6206.23,51.44239784,7.44530176,229.67,30.24,0.36,283.20,1,-109.00,-9.00,-6.00,8.00,23.00,20.00,13415427,264
339.01,1565153415,6236.42,51.44245778,7.44487402,229.61,30.63,0.39,283.37,1,-109.00,-10.00,-1.00,8.00,23.00,20.00,13415427,264
340.02,1565153416,6267.08,51.44251918,7.44444329,229.46,30.94,0.31,283.51,1,-109.00,-10.00,-1.00,8.00,23.00,20.00,13415427,264
341.01,1565153417,6297.99,51.44258551,7.44401125,229.47,31.30,0.36,283.64,1,-108.00,-11.00,-6.00,6.00,24.00,20.00,13415427,264
342.01,1565153418,6329.28,51.44265235,7.44357328,229.35,31.50,0.21,284.47,1,-108.00,-11.00,-6.00,6.00,24.00,20.00,13415427,264
343.02,1565153419,6360.82,51.44272851,7.44312958,228.92,31.73,0.22,285.04,1,-110.00,-11.00,0.00,6.00,20.00,20.00,13415427,264
344.02,1565153420,6392.58,51.44280487,7.44268930,228.33,31.60,-0.13,285.26,1,-110.00,-11.00,0.00,6.00,20.00,20.00,13415427,264
345.02,1565153421,6424.43,51.44288185,7.44225061,227.80,31.38,-0.21,285.93,1,-111.00,-13.00,-3.00,5.00,22.00,20.00,13415427,264
346.02,1565153422,6455.56,51.44296014,7.44182881,227.12,31.03,-0.36,286.04,1,-111.00,-13.00,-3.00,5.00,22.00,20.00,13415427,264
347.02,1565153423,6486.59,51.44304132,7.44139495,226.45,31.17,0.14,286.95,1,-111.00,-13.00,-3.00,5.00,22.00,20.00,13415427,264
348.02,1565153424,6517.76,51.44312682,7.44097126,225.92,31.38,0.21,287.41,1,-113.00,-13.00,-5.00,2.00,28.00,20.00,13415427,264
349.02,1565153425,6549.12,51.44321309,7.44054301,225.32,31.51,0.12,287.71,1,-113.00,-13.00,-5.00,2.00,28.00,20.00,13415427,264
350.02,1565153426,6580.66,51.44330010,7.44011622,224.53,31.33,-0.18,288.15,1,-115.00,-15.00,-7.00,2.00,21.00,20.00,13415427,264
351.02,1565153427,6611.99,51.44339157,7.43968916,223.81,31.15,-0.18,288.47,1,-115.00,-15.00,-7.00,2.00,21.00,20.00,13415427,264
352.02,1565153428,6643.23,51.44348402,7.43926395,223.09,31.17,0.02,288.83,1,-117.00,-15.00,-5.00,2.00,19.00,20.00,13415427,264
353.02,1565153429,6674.40,51.44357738,7.43883816,222.30,31.51,0.34,289.33,1,-117.00,-15.00,-5.00,2.00,19.00,20.00,13415427,264
354.02,1565153430,6705.84,51.44367467,7.43841233,221.73,32.07,0.56,290.04,1,-116.00,-13.00,-4.00,2.00,18.00,20.00,13415427,264
355.02,1565153431,6737.88,51.44377344,7.43797842,221.25,32.29,0.22,289.91,1,-116.00,-13.00,-4.00,2.00,18.00,20.00,13415427,264
356.02,1565153432,6770.17,51.44387358,7.43754186,220.61,32.28,-0.00,290.08,1,-115.00,-13.00,-2.00,2.00,18.00,20.00,13415427,264
357.02,1565153433,6802.42,51.44397932,7.43710567,219.96,32.66,0.38,291.30,1,-115.00,-13.00,-2.00,2.00,18.00,20.00,13415427,264
358.02,1565153434,6835.11,51.44408539,7.43666988,219.29,32.48,-0.18,291.47,1,-111.00,-11.00,1.00,2.00,20.00,20.00,13415427,264
359.02,1565153435,6867.55,51.44418986,7.43623901,218.54,32.49,0.01,292.26,1,-111.00,-11.00,1.00,2.00,20.00,20.00,13415427,264
360.02,1565153436,6900.07,51.44430894,7.43580238,217.35,32.58,0.09,292.95,1,-109.00,-9.00,6.00,2.00,20.00,20.00,13415427,264
361.02,1565153437,6932.65,51.44442793,7.43537234,215.94,33.24,0.66,293.09,1,-109.00,-9.00,6.00,2.00,20.00,20.00,13415427,264
362.02,1565153438,6965.89,51.44455196,7.43492870,214.70,33.50,0.26,293.92,1,-110.00,-9.00,-2.00,7.00,20.00,28.00,13415427,264
363.02,1565153439,6999.42,51.44468402,7.43448916,213.42,33.38,-0.12,294.83,1,-110.00,-9.00,-2.00,7.00,20.00,28.00,13415427,264
364.02,1565153440,7032.73,51.44482243,7.43405494,211.99,33.66,0.28,296.34,1,-113.00,-11.00,-4.00,6.00,21.00,34.00,13395457,111
365.02,1565153441,7066.40,51.44496477,7.43362811,210.36,33.74,0.07,297.61,1,-113.00,-11.00,-4.00,6.00,21.00,34.00,13395457,111
366.02,1565153442,7100.44,51.44510392,7.43320630,208.76,33.81,0.07,298.43,1,-108.00,-7.00,1.00,7.00,19.00,34.00,13395457,111
367.02,1565153443,7133.98,51.44525332,7.43278637,207.20,33.89,0.09,299.74,1,-108.00,-7.00,1.00,7.00,19.00,34.00,13395457,111
368.02,1565153444,7167.90,51.44541195,7.43236804,205.68,34.16,0.27,300.99,1,-108.00,-7.00,1.00,7.00,19.00,34.00,13395457,111
369.02,1565153445,7202.06,51.44556789,7.43194269,204.27,34.18,0.02,301.75,1,-107.00,-10.00,10.00,8.00,23.00,34.00,13395457,111
370.02,1565153446,7236.21,51.44574002,7.43153340,202.94,33.99,-0.18,302.95,1,-107.00,-10.00,10.00,8.00,23.00,34.00,13395457,111
371.02,1565153447,7270.16,51.44592188,7.43113236,201.70,34.46,0.46,305.69,1,-104.00,-8.00,4.00,8.00,25.00,34.00,13395457,111
372.02,1565153448,7304.62,51.44610967,7.43073918,200.43,34.54,0.08,307.32,1,-104.00,-8.00,4.00,8.00,25.00,34.00,13395457,111
373.02,1565153449,7339.16,51.44630245,7.43035341,198.98,35.03,0.49,308.92,1,-104.00,-5.00,12.00,8.00,22.00,34.00,13395457,111
374.01,1565153450,7374.15,51.44650335,7.42996292,197.45,35.10,0.07,309.55,1,-104.00,-5.00,12.00,8.00,22.00,34.00,13395457,111
375.01,1565153451,7409.22,51.44672167,7.42957251,196.19,35.14,0.04,311.24,1,-97.00,-6.00,13.00,2.00,37.00,34.00,13395457,111
376.02,1565153452,7444.57,51.44694315,7.42918956,194.95,36.28,1.13,313.22,1,-97.00,-6.00,13.00,2.00,37.00,34.00,13395457,111
377.02,1565153453,7480.77,51.44716768,7.42882423,193.82,36.42,0.14,314.62,1,-98.00,-4.00,14.00,14.00,25.00,28.00,13395457,111
378.01,1565153454,7516.94,51.44740409,7.42845593,192.66,36.80,0.38,316.02,1,-98.00,-4.00,14.00,14.00,25.00,28.00,13395457,111
379.01,1565153455,7553.67,51.44765359,7.42808970,191.47,37.19,0.39,317.57,1,-101.00,-10.00,12.00,8.00,31.00,28.00,13395457,111
380.01,1565153456,7591.08,51.44790906,7.42773793,190.26,37.57,0.38,319.27,1,-101.00,-10.00,12.00,8.00,31.00,28.00,13395457,111
381.01,1565153457,7628.61,51.44817619,7.42739327,188.96,37.88,0.31,320.88,1,-105.00,-7.00,10.00,9.00,22.00,28.00,13395457,111
382.01,1565153458,7666.53,51.44844910,7.42705745,187.63,38.14,0.25,322.53,1,-105.00,-7.00,10.00,9.00,22.00,28.00,13395457,111
383.01,1565153459,7704.63,51.44872850,7.42673041,186.20,38.32,0.18,324.16,1,-102.00,-5.00,9.00,12.00,25.00,28.00,13395457,111
384.01,1565153460,7742.95,51.44900960,7.42641934,184.62,38.43,0.11,326.09,1,-102.00,-5.00,9.00,12.00,25.00,28.00,13395457,111
385.01,1565153461,7781.38,51.44929548,7.42611972,182.91,38.49,0.06,327.46,1,-101.00,-6.00,19.00,15.00,26.00,28.00,13395457,111
386.01,1565153462,7819.88,51.44958407,7.42583140,181.10,38.30,-0.19,328.78,1,-101.00,-6.00,19.00,15.00,26.00,28.00,13395457,111
387.02,1565153463,7858.52,51.44988084,7.42555073,179.69,38.39,0.09,330.29,1,-104.00,-5.00,7.00,10.00,22.00,28.00,13395457,111
388.01,1565153464,7896.56,51.45018049,7.42528224,178.49,38.42,0.03,331.39,1,-104.00,-5.00,7.00,10.00,22.00,28.00,13395457,111
389.01,1565153465,7934.98,51.45048306,7.42503350,177.32,37.97,-0.45,333.34,1,-104.00,-5.00,7.00,10.00,22.00,28.00,13395457,111
390.01,1565153466,7972.99,51.45078729,7.42478290,176.22,37.88,-0.09,334.22,1,-96.00,-4.00,16.00,11.00,27.00,28.00,13395457,111
391.01,1565153467,8010.88,51.45109873,7.42456117,175.30,38.51,0.63,336.71,1,-96.00,-4.00,16.00,11.00,27.00,28.00,13395457,111
392.01,1565153468,8049.39,51.45142105,7.42435264,174.64,38.67,0.16,338.39,1,-100.00,-7.00,2.00,8.00,28.00,28.00,13395457,111
393.01,1565153469,8088.06,51.45174359,7.42416600,173.77,38.83,0.16,339.95,1,-100.00,-7.00,2.00,8.00,28.00,28.00,13395457,111
394.02,1565153470,8126.97,51.45207513,7.42398691,172.79,39.09,0.25,341.29,1,-102.00,-9.00,3.00,2.00,27.00,28.00,13395457,111
395.02,1565153471,8166.06,51.45241256,7.42380697,171.83,38.79,-0.30,341.87,1,-102.00,-9.00,3.00,2.00,27.00,28.00,13395457,111
396.01,1565153472,8204.77,51.45376190,7.42538290,170.66,38.82,0.03,342.64,1,-106.00,-5.00,11.00,2.00,16.00,19.00,13395469,221
397.01,1565153473,8243.54,51.45308721,7.42347699,169.30,38.68,-0.14,342.96,1,-106.00,-5.00,11.00,2.00,16.00,19.00,13395469,221
398.02,1565153474,8282.30,51.45341703,7.42331979,167.71,38.65,-0.03,343.48,1,-108.00,-4.00,9.00,9.00,15.00,19.00,13395469,221
399.02,1565153475,8320.95,51.45375362,7.42316991,166.27,38.59,-0.05,343.68,1,-108.00,-4.00,9.00,9.00,15.00,19.00,13395469,221
400.02,1565153476,8359.58,51.45409127,7.42302043,165.02,38.78,0.19,344.03,1,-108.00,-4.00,1.00,10.00,13.00,19.00,13395469,221
401.02,1565153477,8398.36,51.45443000,7.42287121,163.85,38.83,0.05,343.73,1,-108.00,-4.00,1.00,10.00,13.00,19.00,13395469,221
402.02,1565153478,8437.19,51.45476991,7.42271897,162.80,38.99,0.17,343.45,1,-108.00,-5.00,14.00,11.00,14.00,19.00,13395469,221
403.02,1565153479,8476.18,51.45511224,7.42256296,161.96,39.13,0.13,343.05,1,-108.00,-5.00,14.00,11.00,14.00,19.00,13395469,221
404.02,1565153480,8515.31,51.45545041,7.42239711,161.21,39.25,0.12,342.47,1,-110.00,-6.00,4.00,10.00,15.00,19.00,13395469,221
405.02,1565153481,8554.56,51.45579007,7.42222712,160.53,39.47,0.23,341.63,1,-110.00,-6.00,4.00,10.00,15.00,19.00,13395469,221
406.02,1565153482,8593.99,51.45612321,7.42204376,160.01,39.63,0.16,340.68,1,-111.00,-5.00,2.00,7.00,12.00,19.00,13395469,221
407.02,1565153483,8633.63,51.45645907,7.42184840,159.33,39.69,0.05,339.46,1,-111.00,-5.00,2.00,7.00,12.00,19.00,13395469,221
408.02,1565153484,8673.63,51.45679071,7.42164480,158.60,39.27,-0.41,338.36,1,-107.00,-5.00,2.00,7.00,16.00,19.00,13395469,221
409.02,1565153485,8712.59,51.45711441,7.42143268,157.96,39.06,-0.21,337.24,1,-107.00,-5.00,2.00,7.00,16.00,19.00,13395469,221
410.02,1565153486,8751.65,51.45743054,7.42121016,157.37,38.96,-0.11,335.88,1,-107.00,-5.00,2.00,7.00,16.00,19.00,13395469,221
411.02,1565153487,8790.65,51.45775413,7.42098268,156.87,39.01,0.05,334.95,1,-108.00,-5.00,2.00,7.00,15.00,19.00,13395469,221
412.02,1565153488,8829.66,51.45807534,7.42073817,156.40,39.08,0.07,333.77,1,-108.00,-5.00,2.00,7.00,15.00,19.00,13395469,221
413.01,1565153489,8868.67,51.45839345,7.42048856,155.89,39.05,-0.03,333.10,1,-103.00,-5.00,2.00,7.00,19.00,19.00,13395469,221
414.01,1565153490,8907.72,51.45870358,7.42022347,155.48,39.06,0.01,331.75,1,-103.00,-5.00,2.00,7.00,19.00,19.00,13395469,221
415.01,1565153491,8946.79,51.45900243,7.41995053,155.37,39.14,0.08,330.65,1,-98.00,-4.00,2.00,7.00,24.00,19.00,13395469,221
416.01,1565153492,8985.93,51.45930868,7.41967355,155.35,39.57,0.42,330.19,1,-98.00,-4.00,2.00,7.00,24.00,19.00,13395469,221
417.01,1565153493,9025.46,51.45961031,7.41938106,155.38,39.49,-0.07,329.14,1,-83.00,-7.00,13.00,6.00,42.00,10.00,13395457,111
418.01,1565153494,9064.99,51.45990855,7.41907308,155.41,39.26,-0.23,327.28,1,-83.00,-7.00,13.00,6.00,42.00,10.00,13395457,111
419.02,1565153495,9104.33,51.46020629,7.41876370,155.48,39.41,0.14,326.69,1,-91.00,-7.00,9.00,7.00,38.00,10.00,13395457,111
420.02,1565153496,9143.73,51.46049376,7.41844525,155.39,39.33,-0.07,325.26,1,-91.00,-7.00,9.00,7.00,38.00,10.00,13395457,111
421.02,1565153497,9183.06,51.46077589,7.41811035,154.96,39.13,-0.20,323.63,1,-84.00,-4.00,3.00,8.00,42.00,10.00,13395457,111
422.02,1565153498,9222.19,51.46105502,7.41777578,154.50,39.29,0.16,322.78,1,-84.00,-4.00,3.00,8.00,42.00,10.00,13395457,111
423.01,1565153499,9261.41,51.46132735,7.41742801,154.06,39.37,0.07,321.75,1,-84.00,-5.00,16.00,12.00,40.00,10.00,13395457,111
424.01,1565153500,9300.78,51.46159630,7.41706968,153.60,39.39,0.02,320.49,1,-84.00,-5.00,16.00,12.00,40.00,10.00,13395457,111
425.02,1565153501,9340.20,51.46186714,7.41670855,153.23,39.32,-0.07,319.59,1,-84.00,-5.00,9.00,11.00,39.00,10.00,13395457,111
426.02,1565153502,9379.52,51.46213182,7.41633906,152.85,39.60,0.28,319.18,1,-84.00,-5.00,9.00,11.00,39.00,10.00,13395457,111
427.01,1565153503,9419.04,51.46238943,7.41595349,152.48,39.38,-0.22,316.93,1,-82.00,-6.00,4.00,9.00,48.00,10.00,13395457,111
428.01,1565153504,9458.42,51.46264021,7.41556634,152.16,39.34,-0.04,315.77,1,-82.00,-6.00,4.00,9.00,48.00,10.00,13395457,111
429.01,1565153505,9497.75,51.46289373,7.41516778,152.06,39.43,0.09,314.87,1,-83.00,-6.00,13.00,2.00,51.00,10.00,13395457,111
430.01,1565153506,9537.18,51.46313472,7.41476188,151.95,39.38,-0.05,313.82,1,-83.00,-6.00,13.00,2.00,51.00,10.00,13395457,111
431.02,1565153507,9576.80,51.46338128,7.41434983,151.97,39.42,0.03,312.96,1,-98.00,-5.00,7.00,2.00,23.00,10.00,13395469,221
432.01,1565153508,9615.94,51.46361606,7.41392824,152.05,39.36,-0.06,311.67,1,-98.00,-5.00,7.00,2.00,23.00,10.00,13395469,221
433.01,1565153509,9655.34,51.46385251,7.41350381,152.26,39.29,-0.07,310.94,1,-98.00,-5.00,7.00,2.00,23.00,10.00,13395469,221
434.01,1565153510,9694.63,51.46408434,7.41306892,152.66,39.25,-0.04,309.98,1,-102.00,-6.00,4.00,2.00,20.00,10.00,13395469,221
435.01,1565153511,9733.88,51.46431359,7.41263761,153.13,38.90,-0.35,309.41,1,-102.00,-6.00,4.00,2.00,20.00,10.00,13395469,221
436.01,1565153512,9772.82,51.46454089,7.41220749,153.59,38.82,-0.08,309.04,1,-106.00,-6.00,12.00,2.00,16.00,10.00,13395469,221
437.01,1565153513,9811.61,51.46475660,7.41178022,153.98,37.91,-0.92,308.56,1,-106.00,-6.00,12.00,2.00,16.00,10.00,13395469,221
438.02,1565153514,9849.59,51.46497092,7.41135575,154.43,37.12,-0.79,308.18,1,-110.00,-6.00,3.00,2.00,12.00,10.00,13395469,221
439.01,1565153515,9886.67,51.46517946,7.41094072,154.93,36.26,-0.85,308.39,1,-110.00,-6.00,3.00,2.00,12.00,10.00,13395469,221
440.02,1565153516,9923.04,51.46538143,7.41053525,155.47,35.44,-0.82,308.10,1,-112.00,-7.00,1.00,2.00,11.00,10.00,13395469,221
441.02,1565153517,9958.48,51.46557892,7.41013848,156.05,34.67,-0.77,307.99,1,-112.00,-7.00,1.00,2.00,11.00,10.00,13395469,221
442.02,1565153518,9993.18,51.46577149,7.40975160,156.58,33.92,-0.74,307.87,1,-119.00,-9.00,6.00,2.00,8.00,10.00,13395469,221
443.02,1565153519,10027.10,51.46596132,7.40936825,157.06,33.87,-0.05,307.89,1,-119.00,-9.00,6.00,2.00,8.00,10.00,13395469,221
444.02,1565153520,10060.98,51.46614528,7.40899103,157.42,33.66,-0.21,308.48,1,-119.00,-10.00,2.00,2.00,8.00,10.00,13395469,221
445.02,1565153521,10094.64,51.46633000,7.40861949,157.63,33.14,-0.53,309.30,1,-119.00,-10.00,2.00,2.00,8.00,10.00,13395469,221
446.02,1565153522,10127.91,51.46652060,7.40826303,157.71,32.58,-0.55,310.55,1,-119.00,-12.00,-8.00,2.00,11.00,10.00,13395469,221
447.02,1565153523,10160.49,51.46670982,7.40790358,157.91,32.38,-0.20,310.50,1,-119.00,-12.00,-8.00,2.00,11.00,10.00,13395469,221
448.02,1565153524,10192.70,51.46689643,7.40755065,158.18,31.88,-0.50,310.36,1,-121.00,-14.00,-4.00,2.00,10.00,10.00,12973583,57
449.02,1565153525,10224.68,51.46708016,7.40720287,158.50,31.34,-0.54,310.08,1,-121.00,-14.00,-4.00,2.00,10.00,10.00,12973583,57
450.01,1565153526,10255.80,51.46726134,7.40686034,158.77,31.15,-0.19,309.85,1,-112.00,-10.00,0.00,2.00,15.00,10.00,13177357,447
451.01,1565153527,10286.95,51.46744108,7.40651885,159.01,31.10,-0.05,310.17,1,-112.00,-10.00,0.00,2.00,15.00,10.00,13177357,447
452.03,1565153528,10318.43,51.46762094,7.40617689,159.28,30.94,-0.15,310.43,1,-114.00,-10.00,10.00,2.00,15.00,10.00,13532430,433
453.02,1565153529,10349.09,51.46780028,7.40583628,159.55,30.83,-0.11,310.65,1,-114.00,-10.00,10.00,2.00,15.00,10.00,13532430,433
454.02,1565153530,10379.92,51.46797965,7.40549769,159.86,30.63,-0.20,311.15,1,-114.00,-10.00,10.00,2.00,15.00,10.00,13532430,433
455.01,1565153531,10410.46,51.46815780,7.40516402,160.18,30.49,-0.15,311.54,1,-110.00,-7.00,4.00,2.00,17.00,10.00,13532430,433
456.01,1565153532,10440.95,51.46834085,7.40483595,160.47,30.52,0.03,311.90,1,-110.00,-7.00,4.00,2.00,17.00,10.00,13532430,433
457.01,1565153533,10471.50,51.46852375,7.40450904,160.76,30.45,-0.07,312.18,1,-110.00,-7.00,-3.00,2.00,17.00,10.00,13532430,433
458.02,1565153534,10501.98,51.46870556,7.40418483,161.05,30.29,-0.16,312.33,1,-110.00,-7.00,-3.00,2.00,17.00,10.00,13532430,433
459.02,1565153535,10532.30,51.46888875,7.40386059,161.35,30.23,-0.06,312.34,1,-116.00,-10.00,-5.00,2.00,12.00,10.00,13532430,433
460.02,1565153536,10562.50,51.46907198,7.40353880,161.61,30.40,0.17,312.76,1,-116.00,-10.00,-5.00,2.00,12.00,10.00,13532430,433
461.01,1565153537,10592.87,51.46925876,7.40322479,161.87,30.58,0.18,313.48,1,-89.00,-5.00,5.00,2.00,36.00,10.00,13022465,205
462.01,1565153538,10623.45,51.46945358,7.40289840,162.39,30.51,-0.06,313.33,1,-89.00,-5.00,5.00,2.00,36.00,10.00,13022465,205
463.02,1565153539,10654.06,51.46964175,7.40257492,162.36,30.77,0.25,313.69,1,-91.00,-6.00,6.00,2.00,35.00,10.00,13022465,205
464.02,1565153540,10684.85,51.46982943,7.40225263,162.20,30.59,-0.18,314.19,1,-91.00,-6.00,6.00,2.00,35.00,10.00,13022465,205
465.02,1565153541,10715.44,51.47001536,7.40193756,162.13,30.74,0.15,314.25,1,-93.00,-7.00,6.00,2.00,35.00,10.00,13022465,205
466.02,1565153542,10746.15,51.47020851,7.40162778,162.14,30.86,0.12,314.89,1,-93.00,-7.00,6.00,2.00,35.00,10.00,13022465,205
467.02,1565153543,10776.98,51.47040307,7.40131437,162.26,30.84,-0.02,315.54,1,-95.00,-7.00,11.00,2.00,33.00,10.00,13022465,205
468.02,1565153544,10807.82,51.47060533,7.40100342,162.52,31.05,0.21,316.01,1,-95.00,-7.00,11.00,2.00,33.00,10.00,13022465,205
469.02,1565153545,10838.90,51.47080316,7.40069647,162.68,31.22,0.17,316.49,1,-96.00,-8.00,14.00,2.00,33.00,10.00,13022465,205
470.02,1565153546,10870.15,51.47100727,7.40038317,162.89,31.32,0.11,316.81,1,-96.00,-8.00,14.00,2.00,33.00,10.00,13022465,205
471.02,1565153547,10901.41,51.47121810,7.40007424,163.21,31.48,0.16,317.16,1,-96.00,-7.00,13.00,2.00,32.00,10.00,13022465,205
472.02,1565153548,10932.85,51.47142994,7.39976270,163.67,31.59,0.11,317.32,1,-96.00,-7.00,13.00,2.00,32.00,10.00,13022465,205
473.02,1565153549,10964.69,51.47164282,7.39945144,164.21,31.72,0.13,318.03,1,-116.00,-12.00,2.00,2.00,12.00,10.00,13067528,356
474.01,1565153550,10996.13,51.47185841,7.39914697,164.80,31.55,-0.17,318.29,1,-116.00,-12.00,2.00,2.00,12.00,10.00,13067528,356
475.02,1565153551,11027.71,51.47206823,7.39885160,165.33,30.90,-0.65,318.42,1,-116.00,-12.00,2.00,2.00,12.00,10.00,13067528,356
476.02,1565153552,11058.61,51.47227303,7.39856315,165.79,30.37,-0.53,319.06,1,-114.00,-11.00,5.00,2.00,13.00,10.00,13067528,356
477.01,1565153553,11088.95,51.47247583,7.39828196,166.26,30.28,-0.09,319.08,1,-114.00,-11.00,5.00,2.00,13.00,10.00,13067528,356
478.01,1565153554,11119.23,51.47268564,7.39799925,166.64,30.25,-0.02,319.39,1,-112.00,-10.00,2.00,2.00,14.00,10.00,13067528,356
479.02,1565153555,11149.51,51.47289420,7.39771737,167.05,30.16,-0.09,319.28,1,-112.00,-10.00,2.00,2.00,14.00,10.00,13067528,356
480.02,1565153556,11179.71,51.47310115,7.39743520,167.58,30.41,0.25,319.74,1,-113.00,-10.00,1.00,2.00,15.00,10.00,13067528,356
481.02,1565153557,11210.12,51.47331747,7.39715701,168.17,30.56,0.15,320.82,1,-113.00,-10.00,1.00,2.00,15.00,10.00,13067528,356
482.02,1565153558,11240.67,51.47353440,7.39687855,168.74,30.72,0.16,320.97,1,-115.00,-10.00,-2.00,2.00,13.00,10.00,13067528,356
483.02,1565153559,11271.40,51.47374714,7.39660143,169.23,31.01,0.29,321.60,1,-115.00,-10.00,-2.00,2.00,13.00,10.00,13067528,356
484.02,1565153560,11302.53,51.47396412,7.39633087,169.57,31.06,0.05,321.85,1,-119.00,-11.00,-4.00,2.00,10.00,10.00,13067528,356
485.02,1565153561,11333.59,51.47417892,7.39606513,169.78,30.40,-0.66,322.65,1,-119.00,-11.00,-4.00,2.00,10.00,10.00,13067528,356
486.02,1565153562,11364.02,51.47440242,7.39580136,170.08,30.22,-0.18,323.60,1,-88.00,-8.00,5.00,2.00,41.00,10.00,13022465,205
487.02,1565153563,11394.25,51.47462507,7.39553845,170.57,29.99,-0.23,323.30,1,-88.00,-8.00,5.00,2.00,41.00,10.00,13022465,205
488.01,1565153564,11424.03,51.47485147,7.39528550,171.16,30.08,0.08,325.19,1,-86.00,-7.00,8.00,2.00,41.00,10.00,13022465,205
489.01,1565153565,11454.11,51.47507525,7.39505453,171.77,30.21,0.13,326.79,1,-86.00,-7.00,8.00,2.00,41.00,10.00,13022465,205
490.01,1565153566,11484.23,51.47530484,7.39482957,171.97,30.54,0.33,328.59,1,-84.00,-5.00,21.00,2.00,41.00,10.00,13022465,205
491.02,1565153567,11515.01,51.47554254,7.39461762,172.23,30.74,0.20,330.75,1,-84.00,-5.00,21.00,2.00,41.00,10.00,13022465,205
492.02,1565153568,11545.66,51.47578716,7.39439055,172.57,30.27,-0.47,330.36,1,-78.00,-3.00,14.00,15.00,47.00,6.00,13022465,205
493.01,1565153569,11575.78,51.47602449,7.39416890,173.09,29.35,-0.93,330.82,1,-78.00,-3.00,14.00,15.00,47.00,6.00,13022465,205
494.02,1565153570,11605.46,51.47624908,7.39396469,173.58,28.68,-0.67,331.56,1,-68.00,-3.00,31.00,15.00,56.00,6.00,13022465,205
495.01,1565153571,11633.79,51.47646941,7.39379047,174.13,28.20,-0.49,334.16,1,-68.00,-3.00,31.00,15.00,56.00,6.00,13022465,205
496.01,1565153572,11662.10,51.47669809,7.39361624,174.76,27.62,-0.58,334.87,1,-68.00,-3.00,31.00,15.00,56.00,6.00,13022465,205
497.02,1565153573,11689.80,51.47692049,7.39345737,175.56,26.45,-1.16,335.72,1,-73.00,-4.00,25.00,15.00,52.00,6.00,13022465,205
498.01,1565153574,11716.15,51.47713664,7.39331812,176.60,24.67,-1.79,337.68,1,-73.00,-4.00,25.00,15.00,52.00,6.00,13022465,205
499.01,1565153575,11740.79,51.47733977,7.39319940,177.41,22.91,-1.77,340.68,1,-70.00,-5.00,25.00,15.00,56.00,6.00,13022465,205
500.01,1565153576,11763.74,51.47753253,7.39311874,178.15,21.58,-1.32,345.15,1,-70.00,-5.00,25.00,15.00,56.00,6.00,13022465,205
501.01,1565153577,11785.30,51.47771323,7.39307010,178.80,21.04,-0.54,351.21,1,-72.00,-4.00,15.00,15.00,54.00,6.00,13022465,205
502.01,1565153578,11806.34,51.47789721,7.39304956,179.19,19.83,-1.21,357.30,1,-72.00,-4.00,15.00,15.00,54.00,6.00,13022465,205
503.01,1565153579,11826.17,51.47808041,7.39306484,179.48,19.92,0.10,4.17,1,-79.00,-5.00,14.00,15.00,45.00,6.00,13022465,205
504.01,1565153580,11846.09,51.47826453,7.39312461,179.73,20.93,1.01,11.75,1,-79.00,-5.00,14.00,15.00,45.00,6.00,13022465,205
505.01,1565153581,11867.02,51.47842953,7.39320196,180.20,19.66,-1.27,16.57,1,-81.00,-5.00,10.00,12.00,45.00,6.00,13022465,205
506.01,1565153582,11886.58,51.47859068,7.39335051,180.66,19.98,0.32,30.92,1,-81.00,-5.00,10.00,12.00,45.00,6.00,13022465,205
507.01,1565153583,11906.68,51.47875279,7.39350644,180.71,19.08,-0.90,32.42,1,-79.00,-5.00,13.00,15.00,45.00,6.00,13022465,205
508.01,1565153584,11925.74,51.47889426,7.39364683,180.62,16.93,-2.15,32.36,1,-79.00,-5.00,13.00,15.00,45.00,6.00,13022465,205
509.01,1565153585,11942.67,51.47903022,7.39378214,180.35,16.51,-0.42,29.97,1,-87.00,-6.00,16.00,14.00,37.00,6.00,13022465,205
510.01,1565153586,11959.17,51.47917128,7.39385808,180.62,15.47,-1.03,14.53,1,-87.00,-6.00,16.00,14.00,37.00,6.00,13022465,205
511.01,1565153587,11974.64,51.47931615,7.39387083,181.18,15.79,0.32,0.68,1,-86.00,-5.00,5.00,15.00,39.00,6.00,13022465,205
512.01,1565153588,11990.44,51.47944425,7.39382883,181.58,15.54,-0.26,344.42,1,-86.00,-5.00,5.00,15.00,39.00,6.00,13022465,205
513.01,1565153589,12005.97,51.47958201,7.39376080,182.11,15.43,-0.10,341.85,1,-92.00,-6.00,12.00,12.00,35.00,6.00,13022465,205
514.01,1565153590,12021.42,51.47970658,7.39367610,183.02,15.52,0.09,339.24,1,-92.00,-6.00,12.00,12.00,35.00,6.00,13022465,205
515.02,1565153591,12037.08,51.47983783,7.39357583,183.91,14.95,-0.57,337.18,1,-95.00,-11.00,0.00,6.00,37.00,6.00,13022465,205
516.02,1565153592,12051.91,51.47995797,7.39348748,184.58,13.38,-1.58,337.96,1,-95.00,-11.00,0.00,6.00,37.00,6.00,13022465,205
517.02,1565153593,12065.30,51.48006304,7.39344777,185.12,11.90,-1.47,353.20,1,-95.00,-11.00,0.00,6.00,37.00,6.00,13022465,205
518.01,1565153594,12077.17,51.48015033,7.39345793,185.77,11.15,-0.76,10.40,1,-91.00,-9.00,-3.00,2.00,45.00,6.00,13022465,205
519.01,1565153595,12088.33,51.48024585,7.39352195,186.54,11.31,0.16,28.79,1,-91.00,-9.00,-3.00,2.00,45.00,6.00,13022465,205
520.01,1565153596,12099.62,51.48031844,7.39363491,187.30,12.23,0.93,50.84,1,-68.00,-3.00,24.00,2.00,58.00,6.00,13067529,354
521.02,1565153597,12111.93,51.48039082,7.39379052,187.76,13.23,0.99,54.08,1,-68.00,-3.00,24.00,2.00,58.00,6.00,13067529,354
522.01,1565153598,12125.07,51.48046442,7.39395340,188.22,14.22,0.99,56.33,1,-108.00,-5.00,8.00,11.00,14.00,13.00,13532175,337
523.01,1565153599,12139.31,51.48052808,7.39412811,188.36,15.45,1.22,57.43,1,-108.00,-5.00,8.00,11.00,14.00,13.00,13532175,337
524.02,1565153600,12154.79,51.48060035,7.39431678,188.37,16.14,0.69,58.45,1,-100.00,-5.00,22.00,15.00,26.00,13.00,13532175,337
525.02,1565153601,12170.94,51.48068066,7.39453046,188.30,17.30,1.16,58.91,1,-100.00,-5.00,22.00,15.00,26.00,13.00,13532175,337
526.01,1565153602,12188.21,51.48075752,7.39474868,188.25,17.41,0.11,59.88,1,-100.00,-5.00,18.00,15.00,27.00,13.00,13532175,337
527.02,1565153603,12205.64,51.48083710,7.39496517,188.08,17.92,0.51,59.30,1,-100.00,-5.00,18.00,15.00,27.00,13.00,13532175,337
528.02,1565153604,12223.55,51.48091701,7.39519156,187.74,18.05,0.13,59.79,1,-101.00,-6.00,28.00,15.00,24.00,13.00,13532175,337
529.01,1565153605,12241.58,51.48099629,7.39541779,187.44,17.79,-0.26,60.16,1,-101.00,-6.00,28.00,15.00,24.00,13.00,13532175,337
530.01,1565153606,12259.37,51.48107353,7.39563757,187.48,17.23,-0.56,60.70,1,-107.00,-5.00,15.00,11.00,18.00,13.00,13532175,337
531.01,1565153607,12276.58,51.48115529,7.39586618,187.75,17.94,0.71,59.83,1,-107.00,-5.00,15.00,11.00,18.00,13.00,13532175,337
532.02,1565153608,12294.55,51.48123320,7.39609123,188.10,17.88,-0.06,59.99,1,-99.00,-6.00,14.00,15.00,25.00,13.00,13532175,337
533.02,1565153609,12312.44,51.48131666,7.39632742,188.52,18.16,0.27,59.50,1,-99.00,-6.00,14.00,15.00,25.00,13.00,13532175,337
534.01,1565153610,12330.57,51.48139315,7.39655575,188.96,17.86,-0.30,59.50,1,-115.00,-11.00,3.00,2.00,27.00,13.00,13532175,337
535.01,1565153611,12348.43,51.48146622,7.39676959,189.59,17.94,0.08,59.22,1,-115.00,-11.00,3.00,2.00,27.00,13.00,13532175,337
536.02,1565153612,12366.40,51.48155260,7.39698975,189.82,18.71,0.77,57.44,1,-116.00,-8.00,7.00,7.00,11.00,10.00,13532175,337
537.01,1565153613,12385.01,51.48163821,7.39720409,190.06,18.31,-0.41,56.83,1,-116.00,-8.00,7.00,7.00,11.00,10.00,13532175,337
538.01,1565153614,12403.39,51.48173783,7.39743554,190.35,18.32,0.01,55.92,1,-116.00,-8.00,7.00,7.00,11.00,10.00,13532175,337
539.01,1565153615,12421.72,51.48182907,7.39764549,190.49,18.11,-0.21,54.76,1,-115.00,-7.00,5.00,8.00,11.00,10.00,13532175,337
540.01,1565153616,12439.83,51.48191871,7.39784185,190.46,17.58,-0.53,53.60,1,-115.00,-7.00,5.00,8.00,11.00,10.00,13532175,337
541.01,1565153617,12457.41,51.48201152,7.39803958,190.33,17.07,-0.51,52.21,1,-113.00,-6.00,5.00,8.00,10.00,10.00,13532175,337
542.01,1565153618,12474.48,51.48210554,7.39822259,190.21,16.83,-0.25,50.85,1,-113.00,-6.00,5.00,8.00,10.00,10.00,13532175,337
543.02,1565153619,12491.32,51.48219898,7.39838890,190.04,15.65,-1.18,48.97,1,-104.00,-4.00,15.00,13.00,19.00,10.00,13532175,337
544.02,1565153620,12506.97,51.48229179,7.39854049,189.97,14.19,-1.46,46.83,1,-104.00,-4.00,15.00,13.00,19.00,10.00,13532175,337
545.01,1565153621,12521.15,51.48238911,7.39868768,189.92,13.79,-0.40,44.63,1,-110.00,-5.00,8.00,10.00,12.00,10.00,13532175,337
546.01,1565153622,12534.94,51.48248058,7.39880999,189.93,13.42,-0.38,42.15,1,-110.00,-5.00,8.00,10.00,12.00,10.00,13532175,337
547.01,1565153623,12548.36,51.48257549,7.39891610,189.95,13.21,-0.20,39.81,1,-106.00,-5.00,15.00,11.00,17.00,10.00,13532175,337
548.01,1565153624,12561.57,51.48267138,7.39901672,189.89,12.76,-0.46,38.00,1,-106.00,-5.00,15.00,11.00,17.00,10.00,13532175,337
549.01,1565153625,12574.32,51.48277414,7.39912580,189.89,12.04,-0.72,35.83,1,-103.00,-5.00,16.00,2.00,20.00,10.00,13532175,337
550.01,1565153626,12586.36,51.48287858,7.39923777,189.61,12.50,0.46,34.57,1,-103.00,-5.00,16.00,2.00,20.00,10.00,13532175,337
551.01,1565153627,12598.86,51.48299349,7.39936207,189.54,14.11,1.62,35.12,1,-103.00,-5.00,18.00,2.00,21.00,10.00,13532175,337
552.01,1565153628,12612.97,51.48310039,7.39947220,189.32,14.65,0.53,34.76,1,-103.00,-5.00,18.00,2.00,21.00,10.00,13532175,337
553.01,1565153629,12627.62,51.48320992,7.39958765,189.08,14.73,0.08,34.02,1,-102.00,-3.00,20.00,2.00,20.00,10.00,13532175,337
554.01,1565153630,12642.35,51.48331744,7.39969793,189.09,14.73,-0.00,34.15,1,-102.00,-3.00,20.00,2.00,20.00,10.00,13532175,337
555.01,1565153631,12657.08,51.48342545,7.39980884,188.96,14.95,0.22,34.49,1,-103.00,-4.00,11.00,2.00,18.00,10.00,13532175,337
556.01,1565153632,12672.04,51.48229060,7.40015500,188.00,15.29,0.35,34.43,1,-103.00,-4.00,11.00,2.00,18.00,10.00,13532175,337
557.02,1565153633,12687.46,51.48364726,7.40004820,188.23,15.29,-0.00,34.82,1,-105.00,-4.00,13.00,12.00,17.00,8.00,13532175,337
558.01,1565153634,12702.63,51.48376697,7.40017656,188.26,15.76,0.47,35.52,1,-105.00,-4.00,13.00,12.00,17.00,8.00,13532175,337
559.01,1565153635,12718.39,51.48388528,7.40030880,188.39,15.75,-0.01,36.01,1,-105.00,-4.00,13.00,12.00,17.00,8.00,13532175,337
560.01,1565153636,12734.14,51.48400541,7.40044033,188.42,16.06,0.31,36.42,1,-108.00,-5.00,7.00,12.00,17.00,8.00,13532175,337
561.02,1565153637,12750.22,51.48412760,7.40058018,188.19,15.75,-0.31,37.08,1,-108.00,-5.00,7.00,12.00,17.00,8.00,13532175,337
562.02,1565153638,12765.97,51.48424090,7.40071962,188.03,15.41,-0.35,38.38,1,-104.00,-4.00,12.00,12.00,17.00,8.00,13532175,337
563.01,1565153639,12781.36,51.48435067,7.40086036,187.99,15.55,0.15,39.28,1,-104.00,-4.00,12.00,12.00,17.00,8.00,13532175,337
564.02,1565153640,12796.93,51.48445480,7.40100825,187.97,14.61,-0.94,40.99,1,-106.00,-4.00,11.00,11.00,16.00,8.00,13532175,337
565.02,1565153641,12811.54,51.48456192,7.40116530,187.92,14.98,0.37,42.14,1,-106.00,-4.00,11.00,11.00,16.00,8.00,13532175,337
566.01,1565153642,12826.51,51.48466662,7.40131777,188.16,15.57,0.58,42.57,1,-108.00,-4.00,7.00,11.00,14.00,8.00,13532175,337
567.01,1565153643,12842.08,51.48476961,7.40147471,188.33,15.26,-0.31,43.24,1,-108.00,-4.00,7.00,11.00,14.00,8.00,13532175,337
568.02,1565153644,12857.35,51.48487607,7.40163752,188.64,15.25,-0.01,43.98,1,-114.00,-6.00,6.00,9.00,12.00,8.00,13532175,337
569.02,1565153645,12872.60,51.48496909,7.40179185,188.67,15.40,0.15,44.58,1,-114.00,-6.00,6.00,9.00,12.00,8.00,13532175,337
570.01,1565153646,12887.98,51.48506120,7.40194470,188.85,15.68,0.29,45.13,1,-112.00,-5.00,9.00,7.00,11.00,8.00,13532175,337
571.02,1565153647,12903.68,51.48516079,7.40211748,188.80,15.90,0.21,45.73,1,-112.00,-5.00,9.00,7.00,11.00,8.00,13532175,337
572.01,1565153648,12919.57,51.48525536,7.40228268,188.70,15.88,-0.02,46.49,1,-107.00,-4.00,7.00,12.00,16.00,8.00,13532175,337
573.01,1565153649,12935.44,51.48535127,7.40245631,188.60,15.86,-0.02,47.28,1,-107.00,-4.00,7.00,12.00,16.00,8.00,13532175,337
574.01,1565153650,12951.30,51.48543848,7.40262774,188.34,15.87,0.01,48.05,1,-112.00,-5.00,7.00,10.00,12.00,8.00,13532175,337
575.02,1565153651,12967.18,51.48552611,7.40280406,187.95,16.00,0.13,49.19,1,-112.00,-5.00,7.00,10.00,12.00,8.00,13532175,337
576.01,1565153652,12983.15,51.48513350,7.40357640,187.61,16.16,0.16,50.01,1,-106.00,-4.00,16.00,12.00,17.00,8.00,13532175,337
577.01,1565153653,12999.33,51.48571133,7.40318163,187.38,16.18,0.02,50.70,1,-106.00,-4.00,16.00,12.00,17.00,8.00,13532175,337
578.02,1565153654,13015.64,51.48579113,7.40336590,187.05,15.86,-0.32,52.34,1,-106.00,-4.00,14.00,2.00,29.00,8.00,13532175,337
579.01,1565153655,13031.37,51.48586775,7.40354462,186.61,15.61,-0.25,53.64,1,-106.00,-4.00,14.00,2.00,29.00,8.00,13532175,337
580.01,1565153656,13046.97,51.48594717,7.40372587,186.02,15.48,-0.14,54.52,1,-106.00,-4.00,14.00,2.00,29.00,8.00,13532175,337
581.01,1565153657,13062.46,51.48602363,7.40390592,185.30,15.75,0.27,54.92,1,-104.00,-3.00,19.00,2.00,20.00,8.00,13532175,337
582.01,1565153658,13078.19,51.48610027,7.40408565,184.58,15.64,-0.11,55.08,1,-104.00,-3.00,19.00,2.00,20.00,8.00,13532175,337
583.01,1565153659,13093.83,51.48618369,7.40428526,184.03,15.61,-0.03,54.41,1,-103.00,-4.00,14.00,2.00,20.00,8.00,13532175,337
584.01,1565153660,13109.44,51.48625832,7.40446365,183.68,15.20,-0.41,55.84,1,-103.00,-4.00,14.00,2.00,20.00,8.00,13532175,337
585.01,1565153661,13124.64,51.48633759,7.40466158,183.13,15.86,0.66,55.71,1,-103.00,-4.00,15.00,2.00,20.00,8.00,13532175,337
586.01,1565153662,13140.50,51.48641539,7.40486840,182.50,15.78,-0.08,56.79,1,-103.00,-4.00,15.00,2.00,20.00,8.00,13532175,337
587.01,1565153663,13156.29,51.48648935,7.40506106,181.96,15.89,0.11,57.70,1,-102.00,-3.00,16.00,2.00,20.00,8.00,13532175,337
588.01,1565153664,13172.18,51.48656019,7.40526692,181.79,15.94,0.06,58.51,1,-102.00,-3.00,16.00,2.00,20.00,8.00,13532175,337
589.01,1565153665,13188.12,51.48662671,7.40547187,181.53,16.16,0.22,59.86,1,-101.00,-3.00,20.00,2.00,22.00,8.00,13532175,337
590.01,1565153666,13204.28,51.48669177,7.40567688,181.09,16.57,0.41,60.93,1,-101.00,-3.00,20.00,2.00,22.00,8.00,13532175,337
591.01,1565153667,13220.85,51.48676276,7.40590588,180.74,16.69,0.12,61.98,1,-105.00,-4.00,13.00,2.00,18.00,8.00,13532175,337
592.01,1565153668,13237.56,51.48682265,7.40612504,180.53,16.74,0.05,63.21,1,-105.00,-4.00,13.00,2.00,18.00,8.00,13532175,337
593.01,1565153669,13254.28,51.48688022,7.40634694,180.08,16.81,0.08,64.49,1,-112.00,-6.00,2.00,2.00,13.00,8.00,13532175,337
594.01,1565153670,13271.11,51.48693684,7.40657454,179.64,16.85,0.04,65.76,1,-112.00,-6.00,2.00,2.00,13.00,8.00,13532175,337
595.02,1565153671,13288.01,51.48699067,7.40680207,179.10,16.81,-0.04,67.22,1,-115.00,-7.00,1.00,2.00,11.00,8.00,13532175,337
596.02,1565153672,13304.82,51.48704614,7.40704224,178.52,16.89,0.07,68.56,1,-115.00,-7.00,1.00,2.00,11.00,8.00,13532175,337
597.01,1565153673,13321.64,51.48709404,7.40727095,177.83,17.43,0.55,69.47,1,-118.00,-9.00,1.00,7.00,9.00,9.00,13532175,337
598.01,1565153674,13339.08,51.48714099,7.40751182,177.37,17.09,-0.34,70.66,1,-118.00,-9.00,1.00,7.00,9.00,9.00,13532175,337
599.02,1565153675,13356.36,51.48718192,7.40774175,177.01,16.96,-0.13,72.03,1,-112.00,-6.00,9.00,10.00,12.00,9.00,13532175,337
600.01,1565153676,13373.14,51.48722335,7.40798031,176.75,16.66,-0.30,73.50,1,-112.00,-6.00,9.00,10.00,12.00,9.00,13532175,337
601.02,1565153677,13389.82,51.48726550,7.40822333,176.38,16.51,-0.15,74.42,1,-112.00,-6.00,9.00,10.00,12.00,9.00,13532175,337
602.01,1565153678,13406.31,51.48730165,7.40846160,175.87,17.01,0.50,75.42,1,-111.00,-5.00,18.00,10.00,12.00,9.00,13532175,337
603.01,1565153679,13423.31,51.48733844,7.40870755,175.30,17.19,0.18,75.98,1,-111.00,-5.00,18.00,10.00,12.00,9.00,13532175,337
604.01,1565153680,13440.50,51.48736877,7.40894239,174.73,17.11,-0.08,76.68,1,-111.00,-6.00,10.00,9.00,12.00,9.00,13532175,337
605.01,1565153681,13457.61,51.48739749,7.40917733,174.12,17.04,-0.08,77.35,1,-111.00,-6.00,10.00,9.00,12.00,9.00,13532175,337
606.01,1565153682,13474.66,51.48742524,7.40942059,173.49,16.84,-0.20,78.17,1,-110.00,-5.00,13.00,11.00,15.00,9.00,13532175,337
607.01,1565153683,13491.50,51.48745104,7.40965991,172.96,16.66,-0.18,78.50,1,-110.00,-5.00,13.00,11.00,15.00,9.00,13532175,337
608.01,1565153684,13508.14,51.48747950,7.40990180,172.42,16.42,-0.24,78.17,1,-110.00,-5.00,9.00,2.00,24.00,9.00,13532175,337
609.01,1565153685,13524.56,51.48750483,7.41013419,172.13,15.55,-0.87,79.72,1,-110.00,-5.00,9.00,2.00,24.00,9.00,13532175,337
610.01,1565153686,13540.11,51.48752446,7.41035532,172.00,14.27,-1.27,81.03,1,-111.00,-5.00,12.00,2.00,12.00,9.00,13532175,337
611.01,1565153687,13554.40,51.48753358,7.41054851,172.17,12.52,-1.75,82.05,1,-111.00,-5.00,12.00,2.00,12.00,9.00,13532175,337
612.01,1565153688,13566.90,51.48754192,7.41071306,172.46,10.10,-2.42,83.67,1,-110.00,-5.00,8.00,2.00,13.00,9.00,13532175,337
613.01,1565153689,13577.01,51.48754688,7.41083679,172.53,6.94,-3.16,83.46,1,-110.00,-5.00,8.00,2.00,13.00,9.00,13532175,337
614.02,1565153690,13583.97,51.48756946,7.41090812,172.44,6.59,-0.35,59.42,1,-112.00,-6.00,6.00,2.00,11.00,9.00,13532175,337
615.01,1565153691,13590.55,51.48762195,7.41098430,172.33,7.31,0.71,34.38,1,-112.00,-6.00,6.00,2.00,11.00,9.00,13532175,337
616.01,1565153692,13597.86,51.48767580,7.41101365,171.92,7.27,-0.03,17.93,1,-116.00,-8.00,3.00,7.00,9.00,10.00,13532175,337
617.02,1565153693,13605.14,51.48773134,7.41102217,171.36,7.73,0.46,2.68,1,-116.00,-8.00,3.00,7.00,9.00,10.00,13532175,337
618.02,1565153694,13612.87,51.48779315,7.41102548,170.78,8.40,0.67,359.37,1,-117.00,-7.00,3.00,7.00,8.00,10.00,13532175,337
619.02,1565153695,13621.28,51.48786155,7.41101505,170.38,9.47,1.07,356.69,1,-117.00,-7.00,3.00,7.00,8.00,10.00,13532175,337
620.02,1565153696,13630.82,51.48794968,7.41099595,169.84,10.47,0.99,354.87,1,-120.00,-9.00,2.00,7.00,8.00,10.00,13532175,337
621.02,1565153697,13641.22,51.48804422,7.41097598,169.43,10.49,0.02,353.37,1,-120.00,-9.00,2.00,7.00,8.00,10.00,13532175,337
622.02,1565153698,13651.72,51.48814856,7.41095161,169.08,12.06,1.57,353.02,1,-120.00,-9.00,2.00,7.00,8.00,10.00,13532175,337
623.02,1565153699,13663.78,51.48826491,7.41092405,168.61,12.61,0.55,352.60,1,-111.00,-11.00,2.00,5.00,22.00,11.00,13532163,200
624.01,1565153700,13676.36,51.48837161,7.41089836,168.38,12.42,-0.19,351.88,1,-111.00,-11.00,2.00,5.00,22.00,11.00,13532163,200
625.02,1565153701,13688.82,51.48848243,7.41087270,168.36,12.27,-0.16,351.10,1,-115.00,-14.00,-2.00,4.00,17.00,11.00,13532163,200
626.02,1565153702,13701.10,51.48859792,7.41083360,168.47,11.96,-0.30,350.34,1,-115.00,-14.00,-2.00,4.00,17.00,11.00,13532163,200
627.02,1565153703,13713.07,51.48870397,7.41079870,168.81,12.19,0.23,349.97,1,-114.00,-17.00,-4.00,3.00,21.00,11.00,13532163,200
628.02,1565153704,13725.29,51.48880046,7.41075790,169.21,11.87,-0.32,348.97,1,-114.00,-17.00,-4.00,3.00,21.00,11.00,13532163,200
629.02,1565153705,13737.12,51.48890437,7.41071826,169.64,11.52,-0.35,347.74,1,-111.00,-15.00,-5.00,4.00,20.00,11.00,13532163,200
630.02,1565153706,13748.65,51.48901315,7.41066944,169.86,11.37,-0.15,346.73,1,-111.00,-15.00,-5.00,4.00,20.00,11.00,13532163,200
631.02,1565153707,13760.00,51.48911260,7.41062232,170.25,11.24,-0.12,347.17,1,-114.00,-13.00,-5.00,4.00,19.00,11.00,13532163,200
632.02,1565153708,13771.26,51.48920528,7.41058492,170.56,11.49,0.25,347.96,1,-114.00,-13.00,-5.00,4.00,19.00,11.00,13532163,200
633.02,1565153709,13782.81,51.48931098,7.41054500,170.67,11.93,0.44,347.19,1,-117.00,-15.00,-6.00,3.00,16.00,11.00,13532163,200
634.02,1565153710,13794.74,51.48941743,7.41050167,170.83,12.03,0.10,346.74,1,-117.00,-15.00,-6.00,3.00,16.00,11.00,13532163,200
635.02,1565153711,13806.75,51.48951909,7.41046024,171.18,11.80,-0.23,346.18,1,-116.00,-16.00,-8.00,4.00,20.00,11.00,13532163,200
636.02,1565153712,13818.55,51.48962545,7.41042013,171.23,11.67,-0.14,346.88,1,-116.00,-16.00,-8.00,4.00,20.00,11.00,13532163,200
637.02,1565153713,13830.16,51.48973187,7.41037547,171.48,11.27,-0.40,346.37,1,-117.00,-16.00,-8.00,2.00,16.00,11.00,13532163,200
638.02,1565153714,13841.45,51.48981225,7.41033799,171.52,9.61,-1.66,346.91,1,-117.00,-16.00,-8.00,2.00,16.00,11.00,13532163,200
639.01,1565153715,13851.00,51.48988556,7.41030267,171.70,8.05,-1.57,346.33,1,-107.00,-7.00,-8.00,6.00,20.00,19.00,13254913,38
640.01,1565153716,13859.06,51.48993245,7.41029724,171.88,5.08,-2.97,358.96,1,-107.00,-7.00,-8.00,6.00,20.00,19.00,13254913,38
641.02,1565153717,13864.19,51.48996849,7.41031548,171.88,4.16,-0.91,23.01,1,-110.00,-6.00,1.00,7.00,18.00,19.00,13254913,38
642.01,1565153718,13868.29,51.49000693,7.41036672,171.68,5.06,0.92,48.15,1,-110.00,-6.00,1.00,7.00,18.00,19.00,13254913,38
643.01,1565153719,13873.37,51.49003252,7.41044307,171.28,6.56,1.49,70.69,1,-110.00,-6.00,1.00,7.00,18.00,19.00,13254913,38
644.02,1565153720,13879.96,51.49005282,7.41055523,171.02,7.53,0.96,74.17,1,-113.00,-12.00,1.00,5.00,20.00,19.00,13254913,38
645.02,1565153721,13887.51,51.49007271,7.41067731,170.95,8.84,1.31,75.51,1,-113.00,-12.00,1.00,5.00,20.00,19.00,13254913,38
