0.01,1566967521,0.00,51.44997747,7.48829452,249.62,9.43,0.00,164.27,1,-106.00,-10.00,1.00,7.00,30.00,14.00,12918809,324
0.99,1566967522,9.28,51.44989818,7.48832602,249.62,9.48,0.05,166.13,1,-106.00,-10.00,1.00,7.00,30.00,14.00,12918809,324
2.00,1566967523,18.79,51.44980698,7.48835613,249.99,10.99,1.51,167.43,1,-106.00,-10.00,1.00,7.00,30.00,14.00,12918809,324
3.00,1566967524,29.78,51.44971154,7.48838228,250.21,11.67,0.68,169.33,1,-107.00,-11.00,1.00,5.00,29.00,14.00,12918809,324
4.00,1566967525,41.46,51.44960799,7.48839928,250.05,12.26,0.58,171.52,1,-107.00,-11.00,1.00,5.00,29.00,14.00,12918809,324
5.00,1566967526,53.70,51.44949466,7.48841929,250.00,12.52,0.26,173.03,1,-106.00,-12.00,4.00,8.00,32.00,14.00,12918809,324
6.00,1566967527,66.22,51.44938579,7.48842724,250.34,12.60,0.08,174.84,1,-106.00,-12.00,4.00,8.00,32.00,14.00,12918809,324
6.99,1566967528,78.78,51.44927888,7.48839832,250.66,11.73,-0.86,188.50,1,-103.00,-8.00,8.00,10.00,30.00,14.00,12918809,324
7.99,1566967529,90.52,51.44916509,7.48836554,251.23,12.35,0.61,187.62,1,-103.00,-8.00,8.00,10.00,30.00,14.00,12918809,324
8.99,1566967530,102.88,51.44904330,7.48833863,251.49,12.62,0.27,187.05,1,-98.00,-7.00,11.00,11.00,35.00,14.00,12918809,324
9.99,1566967531,115.50,51.44892807,7.48830724,252.07,12.83,0.21,188.53,1,-98.00,-7.00,11.00,11.00,35.00,14.00,12918809,324
10.99,1566967532,128.33,51.44880720,7.48827168,252.47,13.27,0.44,190.40,1,-99.00,-7.00,12.00,15.00,33.00,14.00,12918809,324
11.99,1566967533,141.60,51.44868564,7.48823163,252.56,13.09,-0.18,192.62,1,-99.00,-7.00,12.00,15.00,33.00,14.00,12918809,324
13.00,1566967534,154.70,51.44856840,7.48818441,252.70,12.71,-0.37,194.39,1,-98.00,-7.00,12.00,12.00,36.00,14.00,12918809,324
13.99,1566967535,167.40,51.44844521,7.48813473,253.07,13.79,1.08,194.97,1,-98.00,-7.00,12.00,12.00,36.00,14.00,12918809,324
14.99,1566967536,181.19,51.44830987,7.48807529,253.70,15.17,1.38,195.62,1,-99.00,-7.00,15.00,7.00,33.00,14.00,12918809,324
15.99,1566967537,196.36,51.44817410,7.48801576,254.26,15.29,0.12,194.79,1,-99.00,-7.00,15.00,7.00,33.00,14.00,12918809,324
17.00,1566967538,211.65,51.44804035,7.48796654,254.47,15.07,-0.22,194.28,1,-101.00,-7.00,9.00,12.00,32.00,14.00,12918809,324
18.00,1566967539,226.72,51.44790200,7.48791832,254.64,15.46,0.39,193.85,1,-101.00,-7.00,9.00,12.00,32.00,14.00,12918809,324
18.99,1566967540,242.17,51.44776235,7.48786934,254.46,15.85,0.39,193.01,1,-100.00,-7.00,6.00,7.00,33.00,14.00,12918809,324
20.00,1566967541,258.04,51.44763445,7.48782345,254.35,15.07,-0.78,191.81,1,-100.00,-7.00,6.00,7.00,33.00,14.00,12918809,324
21.00,1566967542,273.14,51.44751358,7.48779107,254.53,14.17,-0.90,190.02,1,-94.00,-6.00,16.00,12.00,39.00,14.00,12918809,324
22.00,1566967543,287.29,51.44738525,7.48776152,254.86,14.81,0.63,188.19,1,-94.00,-6.00,16.00,12.00,39.00,14.00,12918809,324
23.00,1566967544,302.09,51.44725996,7.48774066,255.02,14.46,-0.35,186.34,1,-94.00,-6.00,16.00,12.00,39.00,14.00,12918809,324
24.00,1566967545,316.55,51.44713258,7.48778602,254.91,14.36,-0.10,170.57,1,-97.00,-6.00,12.00,12.00,35.00,14.00,12918809,324
25.00,1566967546,330.91,51.44698965,7.48784698,255.10,15.41,1.06,169.05,1,-97.00,-6.00,12.00,12.00,35.00,14.00,12918809,324
26.00,1566967547,346.32,51.44686021,7.48791233,255.57,15.22,-0.20,167.66,1,-99.00,-6.00,10.00,15.00,33.00,14.00,12918809,324
27.00,1566967548,361.55,51.44672869,7.48799016,256.24,15.22,0.01,165.42,1,-99.00,-6.00,10.00,15.00,33.00,14.00,12918809,324
27.99,1566967549,376.75,51.44659768,7.48807067,256.91,15.53,0.31,162.92,1,-93.00,-5.00,14.00,2.00,40.00,14.00,12918809,324
29.00,1566967550,392.29,51.44647374,7.48815702,257.61,15.15,-0.38,160.32,1,-93.00,-5.00,14.00,2.00,40.00,14.00,12918809,324
30.00,1566967551,407.47,51.44635510,7.48825138,258.35,14.83,-0.32,157.57,1,-88.00,-4.00,16.00,2.00,43.00,14.00,12918809,324
31.00,1566967552,422.28,51.44623387,7.48836237,259.18,14.67,-0.16,154.22,1,-88.00,-4.00,16.00,2.00,43.00,14.00,12918809,324
32.00,1566967553,436.96,51.44610697,7.48849515,259.95,14.93,0.26,151.62,1,-91.00,-5.00,11.00,2.00,40.00,14.00,12918809,324
33.00,1566967554,451.89,51.44599006,7.48863594,261.11,15.07,0.15,147.76,1,-91.00,-5.00,11.00,2.00,40.00,14.00,12918809,324
33.99,1566967555,466.94,51.44588459,7.48877761,262.36,14.78,-0.30,144.56,1,-95.00,-6.00,18.00,2.00,35.00,14.00,12918809,324
34.99,1566967556,481.71,51.44577132,7.48894752,263.72,15.16,0.38,140.73,1,-95.00,-6.00,18.00,2.00,35.00,14.00,12918809,324
35.99,1566967557,496.87,51.44566635,7.48912011,265.07,15.35,0.19,137.22,1,-97.00,-6.00,13.00,2.00,33.00,14.00,12918809,324
36.99,1566967558,512.22,51.44556758,7.48929949,266.11,15.34,-0.01,134.67,1,-97.00,-6.00,13.00,2.00,33.00,14.00,12918809,324
37.99,1566967559,527.57,51.44548080,7.48947188,266.99,15.20,-0.15,132.10,1,-98.00,-6.00,10.00,2.00,33.00,14.00,12918809,324
38.99,1566967560,542.77,51.44539300,7.48965273,267.24,15.68,0.49,131.10,1,-98.00,-6.00,10.00,2.00,33.00,14.00,12918809,324
39.99,1566967561,558.45,51.44531174,7.48982012,267.41,14.83,-0.85,130.26,1,-99.00,-8.00,9.00,12.00,33.00,7.00,12918809,324
40.99,1566967562,573.29,51.44523588,7.48999694,267.84,14.50,-0.34,129.14,1,-99.00,-8.00,9.00,12.00,33.00,7.00,12918809,324
41.99,1566967563,587.78,51.44516090,7.49017166,268.21,14.51,0.01,128.44,1,-101.00,-8.00,8.00,12.00,33.00,7.00,12918809,324
42.99,1566967564,602.27,51.44508925,7.49034877,268.45,14.53,0.03,127.76,1,-101.00,-8.00,8.00,12.00,33.00,7.00,12918809,324
44.00,1566967565,616.92,51.44502229,7.49050900,268.64,14.36,-0.18,127.41,1,-99.00,-7.00,7.00,10.00,33.00,7.00,12918809,324
44.99,1566967566,631.18,51.44494677,7.49067896,268.88,13.94,-0.42,127.34,1,-99.00,-7.00,7.00,10.00,33.00,7.00,12918809,324
45.99,1566967567,645.12,51.44486674,7.49085237,269.12,14.00,0.06,127.83,1,-99.00,-7.00,7.00,10.00,33.00,7.00,12918809,324
46.99,1566967568,659.12,51.44478875,7.49102762,269.48,13.83,-0.17,127.32,1,-102.00,-8.00,8.00,6.00,31.00,7.00,12918809,324
47.99,1566967569,672.94,51.44471490,7.49120345,269.89,13.81,-0.01,126.52,1,-102.00,-8.00,8.00,6.00,31.00,7.00,12918809,324
48.99,1566967570,686.76,51.44464759,7.49136342,270.45,12.27,-1.54,126.99,1,-106.00,-9.00,2.00,9.00,28.00,7.00,12918809,324
49.99,1566967571,699.04,51.44458860,7.49150260,271.02,10.66,-1.62,126.76,1,-106.00,-9.00,2.00,9.00,28.00,7.00,12918809,324
50.99,1566967572,709.69,51.44454614,7.49161162,271.87,8.69,-1.97,127.38,1,-101.00,-8.00,6.00,10.00,33.00,7.00,12918809,324
51.99,1566967573,718.38,51.44451194,7.49165642,272.89,5.48,-3.20,145.76,1,-101.00,-8.00,6.00,10.00,33.00,7.00,12918809,324
52.99,1566967574,723.86,51.44445639,7.49166965,273.67,6.53,1.05,180.92,1,-96.00,-7.00,16.00,15.00,37.00,7.00,12918809,324
53.99,1566967575,730.39,51.44440183,7.49165371,274.09,6.92,0.39,201.51,1,-96.00,-7.00,16.00,15.00,37.00,7.00,12918809,324
54.99,1566967576,737.31,51.44435359,7.49162355,274.53,7.92,1.00,205.01,1,-92.00,-6.00,17.00,13.00,40.00,7.00,12918809,324
55.99,1566967577,745.24,51.44429451,7.49157212,274.29,9.07,1.15,208.22,1,-92.00,-6.00,17.00,13.00,40.00,7.00,12918809,324
56.99,1566967578,754.31,51.44422557,7.49150597,274.02,9.78,0.71,210.56,1,-89.00,-10.00,19.00,15.00,46.00,7.00,12918809,324
58.00,1566967579,764.10,51.44415060,7.49142400,273.77,10.14,0.36,212.12,1,-89.00,-10.00,19.00,15.00,46.00,7.00,12918809,324
58.99,1566967580,774.23,51.44407146,7.49133691,273.62,10.71,0.57,213.03,1,-83.00,-5.00,25.00,15.00,50.00,7.00,12918809,324
59.99,1566967581,784.91,51.44398385,7.49123823,273.37,11.35,0.64,213.66,1,-83.00,-5.00,25.00,15.00,50.00,7.00,12918809,324
60.99,1566967582,796.31,51.44389191,7.49113556,273.09,12.23,0.87,214.62,1,-83.00,-5.00,21.00,13.00,48.00,7.00,12918809,324
61.99,1566967583,808.52,51.44379286,7.49101741,272.84,13.41,1.18,215.21,1,-83.00,-5.00,21.00,13.00,48.00,7.00,12918809,324
62.99,1566967584,821.94,51.44368892,7.49088888,272.48,13.89,0.48,215.63,1,-70.00,-5.00,26.00,15.00,63.00,7.00,12918809,324
63.99,1566967585,835.83,51.44358613,7.49076036,272.24,14.46,0.57,216.03,1,-70.00,-5.00,26.00,15.00,63.00,7.00,12918809,324
65.00,1566967586,850.39,51.44348369,7.49062634,271.96,14.92,0.46,216.70,1,-78.00,-5.00,19.00,12.00,55.00,7.00,12918809,324
65.99,1566967587,865.19,51.44338519,7.49049655,271.68,15.31,0.40,216.62,1,-78.00,-5.00,19.00,12.00,55.00,7.00,12918809,324
67.00,1566967588,880.52,51.44327760,7.49035851,271.28,15.59,0.27,216.69,1,-78.00,-5.00,19.00,12.00,55.00,7.00,12918809,324
68.00,1566967589,896.11,51.44317089,7.49022459,271.05,15.78,0.19,216.67,1,-88.00,-11.00,11.00,15.00,49.00,7.00,12918809,324
69.00,1566967590,911.88,51.44306146,7.49008920,270.90,16.03,0.25,216.60,1,-88.00,-11.00,11.00,15.00,49.00,7.00,12918809,324
70.00,1566967591,927.92,51.44295340,7.48995749,271.00,16.16,0.13,216.42,1,-90.00,-7.00,16.00,10.00,43.00,7.00,12918809,324
71.00,1566967592,944.08,51.44283702,7.48981621,271.42,16.51,0.35,216.33,1,-90.00,-7.00,16.00,10.00,43.00,7.00,12918809,324
72.00,1566967593,960.59,51.44271796,7.48967390,271.86,16.63,0.12,215.96,1,-81.00,-8.00,18.00,12.00,54.00,7.00,12918809,324
72.99,1566967594,977.20,51.44259839,7.48953334,271.97,16.37,-0.26,216.43,1,-81.00,-8.00,18.00,12.00,54.00,7.00,12918809,324
74.00,1566967595,993.59,51.44248353,7.48939985,272.09,15.76,-0.61,217.02,1,-79.00,-7.00,21.00,15.00,52.00,7.00,12918809,324
75.00,1566967596,1009.35,51.44237322,7.48926621,271.97,15.26,-0.50,216.54,1,-79.00,-7.00,21.00,15.00,52.00,7.00,12918809,324
76.00,1566967597,1024.65,51.44226481,7.48914192,271.86,14.90,-0.35,216.30,1,-79.00,-7.00,10.00,2.00,53.00,7.00,12918809,324
77.00,1566967598,1039.55,51.44215440,7.48901289,271.74,14.65,-0.25,217.13,1,-79.00,-7.00,10.00,2.00,53.00,7.00,12918809,324
78.00,1566967599,1054.20,51.44204417,7.48886634,271.99,15.08,0.42,218.50,1,-80.00,-8.00,8.00,2.00,53.00,7.00,12918809,324
79.00,1566967600,1069.27,51.44194413,7.48872560,271.99,15.01,-0.06,220.28,1,-80.00,-8.00,8.00,2.00,53.00,7.00,12918809,324
80.00,1566967601,1084.28,51.44185429,7.48858504,272.02,14.04,-0.97,223.63,1,-82.00,-9.00,12.00,2.00,52.00,7.00,12918809,324
81.00,1566967602,1098.33,51.44175533,7.48843002,272.15,14.24,0.20,224.55,1,-82.00,-9.00,12.00,2.00,52.00,7.00,12918809,324
82.00,1566967603,1112.53,51.44167396,7.48828805,272.24,13.42,-0.82,226.92,1,-81.00,-8.00,2.00,14.00,52.00,2.00,12918809,324
83.00,1566967604,1125.96,51.44158935,7.48812921,272.62,14.78,1.36,228.39,1,-81.00,-8.00,2.00,14.00,52.00,2.00,12918809,324
84.00,1566967605,1140.73,51.44150279,7.48796686,273.25,15.06,0.28,229.22,1,-78.00,-5.00,20.00,15.00,52.00,2.00,12918810,325
85.00,1566967606,1155.79,51.44142153,7.48780028,274.39,14.70,-0.36,229.93,1,-78.00,-5.00,20.00,15.00,52.00,2.00,12918810,325
86.00,1566967607,1170.62,51.44133476,7.48762662,275.12,15.45,0.74,229.02,1,-78.00,-6.00,24.00,15.00,53.00,2.00,12918810,325
87.00,1566967608,1185.93,51.44124097,7.48744230,275.68,15.30,-0.15,229.56,1,-78.00,-6.00,24.00,15.00,53.00,2.00,12918810,325
88.00,1566967609,1201.25,51.44115292,7.48726182,276.09,15.09,-0.21,230.97,1,-78.00,-6.00,24.00,15.00,53.00,2.00,12918810,325
89.00,1566967610,1216.33,51.44106445,7.48707299,276.49,15.37,0.28,231.47,1,-72.00,-5.00,26.00,15.00,54.00,2.00,12918810,325
90.00,1566967611,1231.70,51.44098181,7.48689706,276.60,15.29,-0.08,232.02,1,-72.00,-5.00,26.00,15.00,54.00,2.00,12918810,325
91.00,1566967612,1246.99,51.44089496,7.48671483,276.71,15.58,0.29,231.26,1,-72.00,-5.00,23.00,15.00,53.00,2.00,12918810,325
92.00,1566967613,1262.56,51.44080551,7.48653089,276.65,15.67,0.10,230.93,1,-72.00,-5.00,23.00,15.00,53.00,2.00,12918810,325
93.00,1566967614,1278.24,51.44071986,7.48635326,277.12,15.85,0.18,231.29,1,-79.00,-7.00,22.00,2.00,56.00,2.00,12918810,325
94.00,1566967615,1294.09,51.44063305,7.48617929,277.20,14.58,-1.28,231.85,1,-79.00,-7.00,22.00,2.00,56.00,2.00,12918810,325
95.00,1566967616,1308.68,51.44054400,7.48598703,277.22,15.47,0.90,232.22,1,-76.00,-6.00,17.00,2.00,55.00,2.00,12918810,325
96.00,1566967617,1324.19,51.44046383,7.48581396,277.45,15.38,-0.10,233.04,1,-76.00,-6.00,17.00,2.00,55.00,2.00,12918810,325
97.00,1566967618,1339.52,51.44038312,7.48563426,277.36,15.27,-0.10,233.57,1,-82.00,-9.00,9.00,13.00,53.00,2.00,12918810,325
98.00,1566967619,1354.79,51.44030330,7.48545610,277.30,15.56,0.28,233.58,1,-82.00,-9.00,9.00,13.00,53.00,2.00,12918810,325
99.00,1566967620,1370.35,51.44022457,7.48528360,277.55,15.23,-0.33,233.56,1,-82.00,-10.00,7.00,12.00,55.00,2.00,12918810,325
100.00,1566967621,1385.59,51.44014705,7.48511488,277.81,14.27,-0.95,233.57,1,-82.00,-10.00,7.00,12.00,55.00,2.00,12918810,325
101.00,1566967622,1399.85,51.44007568,7.48495935,278.27,14.61,0.33,232.57,1,-79.00,-7.00,7.00,12.00,55.00,4.00,12918811,326
101.99,1566967623,1414.44,51.43999688,7.48478324,278.83,14.56,-0.05,232.61,1,-79.00,-7.00,7.00,12.00,55.00,4.00,12918811,326
103.00,1566967624,1429.02,51.43991681,7.48460541,279.45,14.10,-0.45,232.62,1,-77.00,-7.00,24.00,15.00,55.00,4.00,12918811,326
104.00,1566967625,1443.12,51.43983207,7.48442839,280.03,14.32,0.22,232.04,1,-77.00,-7.00,24.00,15.00,55.00,4.00,12918811,326
104.99,1566967626,1457.43,51.43975055,7.48426574,280.56,13.84,-0.48,232.71,1,-73.00,-7.00,19.00,15.00,60.00,4.00,12918811,326
106.00,1566967627,1471.28,51.43967230,7.48410186,281.39,13.78,-0.06,233.08,1,-73.00,-7.00,19.00,15.00,60.00,4.00,12918811,326
107.00,1566967628,1485.17,51.43959533,7.48393391,282.15,13.98,0.20,232.70,1,-78.00,-6.00,18.00,15.00,54.00,4.00,12918811,326
108.00,1566967629,1499.05,51.43952049,7.48376662,282.33,14.21,0.23,232.65,1,-78.00,-6.00,18.00,15.00,54.00,4.00,12918811,326
108.99,1566967630,1513.25,51.43943983,7.48358448,282.30,14.59,0.38,233.00,1,-78.00,-6.00,18.00,15.00,54.00,4.00,12918811,326
110.00,1566967631,1527.85,51.43936613,7.48341385,282.32,13.88,-0.71,233.44,1,-79.00,-6.00,24.00,15.00,53.00,4.00,12918811,326
111.00,1566967632,1541.73,51.43929139,7.48323197,281.96,14.18,0.30,235.36,1,-79.00,-6.00,24.00,15.00,53.00,4.00,12918811,326
112.00,1566967633,1555.91,51.43922441,7.48305694,281.61,13.47,-0.71,237.53,1,-84.00,-7.00,25.00,12.00,49.00,4.00,12918811,326
113.00,1566967634,1569.38,51.43915172,7.48286821,281.29,14.27,0.80,238.22,1,-84.00,-7.00,25.00,12.00,49.00,4.00,12918811,326
114.00,1566967635,1583.66,51.43908106,7.48268126,281.29,14.15,-0.13,238.17,1,-86.00,-6.00,26.00,2.00,49.00,4.00,12918811,326
115.00,1566967636,1597.80,51.43900754,7.48248902,280.82,14.63,0.48,236.63,1,-86.00,-6.00,26.00,2.00,49.00,4.00,12918811,326
116.00,1566967637,1612.46,51.43893710,7.48229986,280.81,14.55,-0.08,237.15,1,-87.00,-6.00,18.00,2.00,43.00,4.00,12918811,326
117.00,1566967638,1627.00,51.43886569,7.48210308,280.40,14.40,-0.14,238.32,1,-87.00,-6.00,18.00,2.00,43.00,4.00,12918811,326
118.00,1566967639,1641.40,51.43880139,7.48192203,280.31,13.79,-0.62,237.37,1,-90.00,-6.00,17.00,2.00,38.00,4.00,12918811,326
119.00,1566967640,1655.19,51.43873240,7.48173547,280.51,13.63,-0.16,237.91,1,-90.00,-6.00,17.00,2.00,38.00,4.00,12918811,326
119.99,1566967641,1668.78,51.43867000,7.48155441,281.16,13.68,0.05,239.22,1,-93.00,-7.00,8.00,2.00,37.00,4.00,12918811,326
121.00,1566967642,1682.50,51.43860570,7.48136429,281.21,14.51,0.83,239.87,1,-93.00,-7.00,8.00,2.00,37.00,4.00,12918811,326
122.00,1566967643,1697.00,51.43854588,7.48117325,281.54,14.37,-0.15,241.39,1,-100.00,-8.00,9.00,2.00,32.00,7.00,12918811,326
123.00,1566967644,1711.38,51.43848510,7.48098146,281.17,14.70,0.34,240.65,1,-100.00,-8.00,9.00,2.00,32.00,7.00,12918811,326
124.00,1566967645,1726.08,51.43842441,7.48079117,280.91,15.47,0.77,241.37,1,-103.00,-7.00,9.00,14.00,29.00,7.00,12918811,326
125.00,1566967646,1741.54,51.43837053,7.48062433,281.42,14.17,-1.30,239.91,1,-103.00,-7.00,9.00,14.00,29.00,7.00,12918811,326
126.00,1566967647,1755.74,51.43831297,7.48044781,281.34,13.82,-0.35,240.64,1,-103.00,-9.00,8.00,12.00,28.00,7.00,12918811,326
126.99,1566967648,1769.52,51.43825295,7.48025276,281.36,15.52,1.71,242.23,1,-103.00,-9.00,8.00,12.00,28.00,7.00,12918811,326
128.00,1566967649,1785.20,51.43818941,7.48005205,281.37,15.44,-0.08,240.70,1,-108.00,-9.00,3.00,8.00,25.00,76.00,13534235,163
129.00,1566967650,1800.51,51.43812825,7.47985947,281.17,14.96,-0.48,240.29,1,-108.00,-9.00,3.00,8.00,25.00,76.00,13534235,163
130.00,1566967651,1815.46,51.43806389,7.47965337,281.43,15.45,0.48,241.70,1,-108.00,-9.00,3.00,8.00,25.00,76.00,13534235,163
131.00,1566967652,1830.94,51.43800388,7.47945441,282.20,15.16,-0.29,242.85,1,-107.00,-8.00,3.00,6.00,27.00,76.00,13534235,163
132.00,1566967653,1846.10,51.43793014,7.47924317,282.88,16.87,1.70,239.53,1,-107.00,-8.00,3.00,6.00,27.00,76.00,13534235,163
133.00,1566967654,1862.99,51.43785845,7.47904629,282.66,16.41,-0.46,238.68,1,-107.00,-9.00,5.00,5.00,28.00,76.00,13534235,163
134.00,1566967655,1879.39,51.43777962,7.47884378,282.66,16.25,-0.15,237.63,1,-107.00,-9.00,5.00,5.00,28.00,76.00,13534235,163
135.00,1566967656,1895.63,51.43771003,7.47864667,282.74,14.51,-1.75,239.30,1,-109.00,-10.00,1.00,8.00,27.00,76.00,13534235,163
136.00,1566967657,1910.16,51.43764217,7.47845622,283.06,14.51,-0.00,239.93,1,-109.00,-10.00,1.00,8.00,27.00,76.00,13534235,163
137.00,1566967658,1924.66,51.43757467,7.47826760,283.61,14.83,0.32,239.71,1,-108.00,-9.00,7.00,8.00,26.00,76.00,13534235,163
138.00,1566967659,1939.49,51.43751044,7.47808107,283.87,13.72,-1.10,241.03,1,-108.00,-9.00,7.00,8.00,26.00,76.00,13534235,163
139.00,1566967660,1953.22,51.43744936,7.47789307,283.76,14.58,0.86,242.03,1,-108.00,-9.00,6.00,5.00,26.00,76.00,13534235,163
139.99,1566967661,1967.74,51.43738497,7.47771011,283.34,13.50,-1.08,238.79,1,-108.00,-9.00,6.00,5.00,26.00,76.00,13534235,163
140.99,1566967662,1981.25,51.43731604,7.47752514,283.27,14.10,0.59,239.66,1,-113.00,-11.00,2.00,2.00,28.00,76.00,13534235,163
141.99,1566967663,1995.34,51.43725417,7.47734841,283.29,13.16,-0.94,240.84,1,-113.00,-11.00,2.00,2.00,28.00,76.00,13534235,163
143.00,1566967664,2008.58,51.43719399,7.47715938,283.81,13.78,0.63,241.87,1,-113.00,-12.00,-3.00,2.00,24.00,76.00,13534235,163
144.00,1566967665,2022.35,51.43714059,7.47697561,284.21,13.21,-0.57,243.39,1,-113.00,-12.00,-3.00,2.00,24.00,76.00,13534235,163
145.00,1566967666,2035.59,51.43709992,7.47680543,284.40,12.33,-0.88,246.48,1,-113.00,-13.00,-6.00,2.00,25.00,76.00,13534235,163
146.00,1566967667,2047.92,51.43709086,7.47661038,284.07,11.11,-1.22,266.42,1,-113.00,-13.00,-6.00,2.00,25.00,76.00,13534235,163
146.99,1566967668,2058.95,51.43710943,7.47642141,284.00,10.10,-1.02,280.34,1,-106.00,-9.00,8.00,2.00,31.00,12.00,12918811,326
148.00,1566967669,2069.06,51.43716099,7.47627277,284.27,8.98,-1.12,300.52,1,-106.00,-9.00,8.00,2.00,31.00,12.00,12918811,326
149.00,1566967670,2078.13,51.43723635,7.47618763,284.74,9.15,0.17,327.15,1,-107.00,-7.00,9.00,2.00,27.00,12.00,12918811,326
150.00,1566967671,2087.19,51.43733141,7.47614900,285.27,9.88,0.73,350.14,1,-107.00,-7.00,9.00,2.00,27.00,12.00,12918811,326
151.00,1566967672,2097.07,51.43742786,7.47615599,285.67,9.99,0.11,8.89,1,-107.00,-7.00,9.00,2.00,27.00,12.00,12918811,326
152.00,1566967673,2107.06,51.43750766,7.47622508,286.18,9.74,-0.24,36.04,1,-106.00,-8.00,25.00,2.00,29.00,12.00,12918811,326
153.00,1566967674,2116.80,51.43757871,7.47632949,286.80,10.54,0.79,49.44,1,-106.00,-8.00,25.00,2.00,29.00,12.00,12918811,326
154.00,1566967675,2127.33,51.43765652,7.47646034,286.94,11.42,0.88,49.95,1,-100.00,-8.00,24.00,2.00,34.00,12.00,12918811,326
155.00,1566967676,2138.76,51.43772714,7.47659257,287.38,12.63,1.21,50.96,1,-100.00,-8.00,24.00,2.00,34.00,12.00,12918811,326
156.00,1566967677,2151.39,51.43780427,7.47673944,287.60,13.24,0.61,51.49,1,-90.00,-7.00,25.00,2.00,42.00,12.00,12918811,326
157.00,1566967678,2164.63,51.43788580,7.47689476,287.93,14.04,0.81,51.89,1,-90.00,-7.00,25.00,2.00,42.00,12.00,12918811,326
158.00,1566967679,2178.66,51.43796621,7.47705637,287.82,14.90,0.86,51.77,1,-85.00,-6.00,23.00,2.00,46.00,12.00,12918811,326
158.99,1566967680,2193.54,51.43805124,7.47723488,287.65,15.92,1.02,52.49,1,-85.00,-6.00,23.00,2.00,46.00,12.00,12918811,326
159.99,1566967681,2209.46,51.43814111,7.47742511,287.43,16.87,0.95,53.31,1,-86.00,-5.00,24.00,15.00,45.00,10.00,12918811,326
161.00,1566967682,2226.35,51.43823311,7.47763680,287.14,17.78,0.91,54.11,1,-86.00,-5.00,24.00,15.00,45.00,10.00,12918811,326
161.99,1566967683,2244.11,51.43832642,7.47785837,286.77,18.51,0.74,54.83,1,-90.00,-5.00,22.00,15.00,42.00,10.00,12918811,326
162.99,1566967684,2262.63,51.43841887,7.47808151,286.59,18.96,0.44,55.68,1,-90.00,-5.00,22.00,15.00,42.00,10.00,12918811,326
164.00,1566967685,2281.60,51.43851576,7.47831467,286.67,19.74,0.78,55.08,1,-93.00,-6.00,24.00,15.00,39.00,10.00,12918811,326
165.00,1566967686,2301.34,51.43861949,7.47856065,286.67,20.86,1.12,55.88,1,-93.00,-6.00,24.00,15.00,39.00,10.00,12918811,326
165.99,1566967687,2322.18,51.43872648,7.47882474,286.82,21.47,0.61,56.32,1,-94.00,-5.00,22.00,11.00,36.00,10.00,12918811,326
167.00,1566967688,2343.67,51.43883191,7.47907937,287.24,21.65,0.18,55.61,1,-94.00,-5.00,22.00,11.00,36.00,10.00,12918811,326
167.99,1566967689,2365.30,51.43894387,7.47935039,287.70,22.43,0.78,56.08,1,-94.00,-6.00,20.00,14.00,37.00,10.00,12918811,326
168.99,1566967690,2387.73,51.43906314,7.47963928,287.82,23.00,0.57,56.22,1,-94.00,-6.00,20.00,14.00,37.00,10.00,12918811,326
170.00,1566967691,2410.94,51.43918472,7.47992352,288.58,23.66,0.66,55.06,1,-95.00,-6.00,22.00,11.00,35.00,10.00,12918811,326
171.00,1566967692,2434.41,51.43931408,7.48021186,289.10,24.27,0.61,54.01,1,-95.00,-6.00,22.00,11.00,35.00,10.00,12918811,326
172.00,1566967693,2458.69,51.43944643,7.48049303,289.86,24.17,-0.10,52.00,1,-95.00,-6.00,22.00,11.00,35.00,10.00,12918811,326
173.00,1566967694,2482.88,51.43958256,7.48077414,290.78,24.37,0.20,51.15,1,-94.00,-6.00,19.00,9.00,38.00,10.00,12918811,326
174.00,1566967695,2507.23,51.43972492,7.48104595,292.26,23.93,-0.44,50.32,1,-94.00,-6.00,19.00,9.00,38.00,10.00,12918811,326
175.00,1566967696,2531.24,51.43986554,7.48131340,293.34,24.14,0.20,50.24,1,-94.00,-6.00,21.00,2.00,37.00,10.00,12918811,326
176.00,1566967697,2555.35,51.44001213,7.48157750,294.22,24.43,0.29,48.17,1,-94.00,-6.00,21.00,2.00,37.00,10.00,12918811,326
177.00,1566967698,2579.76,51.44015817,7.48183413,295.29,23.94,-0.50,47.32,1,-92.00,-6.00,21.00,2.00,40.00,10.00,12918811,326
178.00,1566967699,2603.70,51.44030148,7.48207661,295.60,23.93,-0.01,47.15,1,-92.00,-6.00,21.00,2.00,40.00,10.00,12918811,326
179.00,1566967700,2627.63,51.44045447,7.48231770,294.91,24.03,0.10,43.38,1,-91.00,-6.00,21.00,2.00,41.00,10.00,12918811,326
180.00,1566967701,2651.71,51.44061416,7.48255680,293.95,24.24,0.20,41.40,1,-91.00,-6.00,21.00,2.00,41.00,10.00,12918811,326
181.00,1566967702,2675.91,51.44077664,7.48279007,292.57,24.47,0.23,40.29,1,-88.00,-6.00,18.00,2.00,43.00,10.00,12918811,326
182.00,1566967703,2700.35,51.44093237,7.48301616,290.84,24.30,-0.16,40.10,1,-88.00,-6.00,18.00,2.00,43.00,10.00,12918811,326
183.00,1566967704,2724.65,51.44109221,7.48323526,289.34,24.32,0.02,38.75,1,-85.00,-5.00,24.00,2.00,45.00,10.00,12918811,326
184.00,1566967705,2748.97,51.44125048,7.48344383,287.95,24.50,0.18,37.58,1,-85.00,-5.00,24.00,2.00,45.00,10.00,12918811,326
185.00,1566967706,2773.49,51.44142070,7.48364261,286.37,24.32,-0.18,34.93,1,-80.00,-5.00,27.00,2.00,51.00,10.00,12918811,326
186.00,1566967707,2797.79,51.44159759,7.48382970,284.84,24.29,-0.03,32.08,1,-80.00,-5.00,27.00,2.00,51.00,10.00,12918811,326
186.99,1566967708,2821.98,51.44177554,7.48400747,283.38,24.02,-0.27,30.40,1,-78.00,-6.00,20.00,2.00,54.00,10.00,12918811,326
188.00,1566967709,2846.10,51.44195650,7.48417455,282.13,23.84,-0.18,28.63,1,-78.00,-6.00,20.00,2.00,54.00,10.00,12918811,326
189.00,1566967710,2869.94,51.44214349,7.48433351,281.16,23.99,0.15,27.10,1,-76.00,-7.00,19.00,2.00,55.00,10.00,12918811,326
190.00,1566967711,2893.93,51.44233346,7.48449524,280.16,24.17,0.18,26.16,1,-76.00,-7.00,19.00,2.00,55.00,10.00,12918811,326
191.00,1566967712,2918.29,51.44252438,7.48464833,279.19,24.22,0.05,25.62,1,-76.00,-7.00,10.00,2.00,55.00,10.00,12918811,326
192.00,1566967713,2942.35,51.44271923,7.48480198,278.38,24.32,0.10,24.76,1,-76.00,-7.00,10.00,2.00,55.00,10.00,12918811,326
193.00,1566967714,2966.64,51.44291554,7.48494757,277.52,24.44,0.12,24.06,1,-76.00,-7.00,10.00,2.00,55.00,10.00,12918811,326
194.00,1566967715,2991.08,51.44311520,7.48508884,276.94,24.54,0.10,23.98,1,-76.00,-8.00,-7.00,2.00,56.00,10.00,12918811,326
195.00,1566967716,3015.61,51.44331203,7.48522968,276.31,24.35,-0.18,23.60,1,-76.00,-8.00,-7.00,2.00,56.00,10.00,12918811,326
196.00,1566967717,3039.99,51.44350749,7.48536980,275.61,24.08,-0.27,23.57,1,-79.00,-9.00,-2.00,2.00,55.00,10.00,12918811,326
197.00,1566967718,3064.07,51.44369694,7.48550698,275.02,23.38,-0.70,23.25,1,-79.00,-9.00,-2.00,2.00,55.00,10.00,12918811,326
198.00,1566967719,3087.43,51.44387796,7.48562340,274.31,21.97,-1.42,22.30,1,-76.00,-6.00,26.00,2.00,55.00,10.00,12918809,324
199.00,1566967720,3109.42,51.44404821,7.48572978,273.40,20.49,-1.48,21.09,1,-76.00,-6.00,26.00,2.00,55.00,10.00,12918809,324
200.00,1566967721,3129.93,51.44420183,7.48583177,272.37,18.75,-1.73,22.18,1,-71.00,-6.00,30.00,15.00,61.00,3.00,12918809,324
201.00,1566967722,3148.66,51.44434582,7.48592963,271.83,17.37,-1.38,23.39,1,-71.00,-6.00,30.00,15.00,61.00,3.00,12918809,324
202.00,1566967723,3166.02,51.44447565,7.48603460,271.39,15.79,-1.59,26.71,1,-69.00,-5.00,29.00,15.00,63.00,3.00,12918809,324
203.00,1566967724,3181.81,51.44458486,7.48620011,270.56,14.95,-0.84,44.15,1,-69.00,-5.00,29.00,15.00,63.00,3.00,12918809,324
204.00,1566967725,3196.76,51.44467413,7.48635145,269.73,14.16,-0.79,47.06,1,-79.00,-6.00,33.00,14.00,53.00,3.00,12918809,324
205.00,1566967726,3210.91,51.44471728,7.48655646,269.16,13.96,-0.20,73.44,1,-79.00,-6.00,33.00,14.00,53.00,3.00,12918809,324
206.00,1566967727,3224.87,51.44472419,7.48678033,268.28,14.03,0.07,88.98,1,-81.00,-6.00,32.00,15.00,48.00,3.00,12918809,324
207.00,1566967728,3238.91,51.44468985,7.48699315,267.27,14.01,-0.03,105.89,1,-81.00,-6.00,32.00,15.00,48.00,3.00,12918809,324
208.00,1566967729,3252.92,51.44462604,7.48717832,266.30,14.22,0.21,120.74,1,-77.00,-7.00,25.00,15.00,56.00,3.00,12918809,324
209.00,1566967730,3267.13,51.44453708,7.48732842,265.32,14.14,-0.08,137.17,1,-77.00,-7.00,25.00,15.00,56.00,3.00,12918809,324
210.00,1566967731,3281.27,51.44442853,7.48743779,264.65,14.14,0.00,151.90,1,-64.00,-5.00,30.00,15.00,63.00,3.00,12918809,324
210.99,1566967732,3295.40,51.44431215,7.48749086,264.25,14.18,0.04,166.96,1,-64.00,-5.00,30.00,15.00,63.00,3.00,12918809,324
212.00,1566967733,3309.71,51.44418871,7.48750041,263.95,14.28,0.10,179.56,1,-61.00,-4.00,33.00,2.00,63.00,3.00,12918809,324
213.00,1566967734,3323.86,51.44406792,7.48745878,263.61,13.07,-1.22,196.05,1,-61.00,-4.00,33.00,2.00,63.00,3.00,12918809,324
214.00,1566967735,3336.93,51.44395273,7.48735709,263.24,13.83,0.76,214.17,1,-61.00,-4.00,33.00,2.00,63.00,3.00,12918809,324
215.00,1566967736,3350.76,51.44387710,7.48724401,262.83,13.80,-0.03,226.95,1,-61.00,-5.00,32.00,2.00,63.00,3.00,12918809,324
215.99,1566967737,3364.55,51.44382088,7.48708463,262.53,14.12,0.33,242.57,1,-61.00,-5.00,32.00,2.00,63.00,3.00,12918809,324
217.00,1566967738,3378.68,51.44376247,7.48689780,262.36,14.31,0.18,245.77,1,-64.00,-5.00,29.00,2.00,63.00,3.00,12918809,324
218.00,1566967739,3392.99,51.44375074,7.48668176,262.31,14.69,0.38,266.70,1,-64.00,-5.00,29.00,2.00,63.00,3.00,12918809,324
219.00,1566967740,3407.68,51.44373966,7.48645946,262.36,15.18,0.49,267.66,1,-67.00,-5.00,29.00,2.00,63.00,3.00,12918809,324
220.00,1566967741,3422.86,51.44373035,7.48623788,262.67,15.73,0.55,267.22,1,-67.00,-5.00,29.00,2.00,63.00,3.00,12918809,324
221.00,1566967742,3438.59,51.44371931,7.48601589,262.97,16.19,0.46,267.03,1,-74.00,-6.00,25.00,2.00,57.00,3.00,12918809,324
222.00,1566967743,3454.80,51.44371306,7.48577529,263.48,16.74,0.55,267.85,1,-74.00,-6.00,25.00,2.00,57.00,3.00,12918809,324
223.00,1566967744,3471.52,51.44370485,7.48552141,263.67,17.15,0.41,268.24,1,-78.00,-5.00,15.00,12.00,49.00,2.00,12918809,324
224.00,1566967745,3488.68,51.44369566,7.48524268,263.83,17.45,0.29,268.64,1,-78.00,-5.00,15.00,12.00,49.00,2.00,12918809,324
225.00,1566967746,3506.12,51.44369667,7.48495077,264.98,18.22,0.77,270.62,1,-90.00,-8.00,23.00,13.00,43.00,2.00,12918809,324
226.00,1566967747,3524.36,51.44369793,7.48466811,265.43,18.67,0.45,271.41,1,-90.00,-8.00,23.00,13.00,43.00,2.00,12918809,324
227.00,1566967748,3543.03,51.44370196,7.48442549,266.05,19.43,0.76,270.70,1,-80.00,-6.00,26.00,14.00,51.00,2.00,12918809,324
228.00,1566967749,3562.44,51.44370664,7.48417195,266.72,19.93,0.51,270.28,1,-80.00,-6.00,26.00,14.00,51.00,2.00,12918809,324
229.00,1566967750,3582.39,51.44371172,7.48389570,266.98,20.39,0.45,269.82,1,-76.00,-5.00,14.00,14.00,53.00,2.00,12918809,324
230.00,1566967751,3602.78,51.44370928,7.48360624,266.85,21.03,0.64,268.43,1,-76.00,-5.00,14.00,14.00,53.00,2.00,12918809,324
231.00,1566967752,3623.81,51.44370429,7.48330080,266.40,21.37,0.34,268.30,1,-83.00,-8.00,13.00,11.00,50.00,2.00,12918809,324
232.00,1566967753,3645.16,51.44369771,7.48299506,266.01,21.35,-0.01,267.58,1,-83.00,-8.00,13.00,11.00,50.00,2.00,12918809,324
233.00,1566967754,3666.66,51.44368911,7.48268705,265.54,21.45,0.10,267.27,1,-90.00,-12.00,4.00,2.00,50.00,2.00,12918809,324
234.00,1566967755,3687.96,51.44368062,7.48237377,265.21,21.67,0.22,266.97,1,-90.00,-12.00,4.00,2.00,50.00,2.00,12918809,324
235.00,1566967756,3709.63,51.44367213,7.48206802,264.97,21.83,0.16,266.83,1,-90.00,-12.00,4.00,2.00,50.00,2.00,12918809,324
236.00,1566967757,3731.47,51.44366041,7.48175316,264.87,22.06,0.22,266.46,1,-87.00,-7.00,10.00,2.00,45.00,2.00,12918811,326
237.00,1566967758,3753.55,51.44364627,7.48143338,264.75,22.39,0.33,266.13,1,-87.00,-7.00,10.00,2.00,45.00,2.00,12918811,326
238.00,1566967759,3776.00,51.44363256,7.48111084,264.61,22.72,0.33,265.95,1,-89.00,-7.00,7.00,2.00,45.00,2.00,12918811,326
239.00,1566967760,3798.70,51.44361602,7.48078134,264.39,23.07,0.35,265.05,1,-89.00,-7.00,7.00,2.00,45.00,2.00,12918811,326
240.00,1566967761,3821.72,51.44359926,7.48045036,264.15,23.32,0.26,264.60,1,-92.00,-7.00,18.00,2.00,41.00,2.00,12918811,326
241.00,1566967762,3845.04,51.44358203,7.48011542,263.90,23.40,0.08,264.31,1,-92.00,-7.00,18.00,2.00,41.00,2.00,12918811,326
242.00,1566967763,3868.47,51.44355679,7.47977460,263.70,23.51,0.11,263.57,1,-91.00,-7.00,23.00,2.00,41.00,6.00,12918811,326
243.00,1566967764,3892.02,51.44353075,7.47943678,263.50,23.59,0.08,263.29,1,-91.00,-7.00,23.00,2.00,41.00,6.00,12918811,326
243.99,1566967765,3915.47,51.44350644,7.47909655,263.37,23.51,-0.08,263.11,1,-85.00,-6.00,22.00,12.00,46.00,6.00,12918811,326
245.00,1566967766,3939.03,51.44348250,7.47875800,263.28,23.47,-0.04,263.17,1,-85.00,-6.00,22.00,12.00,46.00,6.00,12918811,326
246.00,1566967767,3962.50,51.44345838,7.47842209,263.18,23.46,-0.00,262.84,1,-86.00,-6.00,20.00,14.00,45.00,6.00,12918811,326
246.99,1566967768,3985.91,51.44343363,7.47808575,263.08,23.50,0.04,262.58,1,-86.00,-6.00,20.00,14.00,45.00,6.00,12918811,326
248.00,1566967769,4009.46,51.44340747,7.47775288,262.91,23.40,-0.11,262.69,1,-85.00,-6.00,19.00,15.00,47.00,6.00,12918811,326
249.00,1566967770,4032.86,51.44338162,7.47742565,262.66,23.26,-0.14,262.67,1,-85.00,-6.00,19.00,15.00,47.00,6.00,12918811,326
250.00,1566967771,4056.12,51.44335005,7.47708649,262.47,23.19,-0.06,262.46,1,-87.00,-7.00,13.00,15.00,46.00,6.00,12918811,326
251.00,1566967772,4079.32,51.44331797,7.47675587,262.28,23.25,0.05,261.89,1,-87.00,-7.00,13.00,15.00,46.00,6.00,12918811,326
252.00,1566967773,4102.56,51.44328593,7.47642309,261.97,23.47,0.22,261.47,1,-82.00,-5.00,25.00,15.00,51.00,6.00,12918811,326
253.00,1566967774,4126.03,51.44325102,7.47609329,261.54,23.53,0.06,261.33,1,-82.00,-5.00,25.00,15.00,51.00,6.00,12918811,326
254.00,1566967775,4149.58,51.44320946,7.47576233,260.95,23.80,0.27,260.03,1,-78.00,-5.00,28.00,15.00,53.00,6.00,12918811,326
254.99,1566967776,4173.33,51.44316312,7.47542680,260.17,24.38,0.58,258.93,1,-78.00,-5.00,28.00,15.00,53.00,6.00,12918811,326
256.00,1566967777,4197.98,51.44311359,7.47507725,259.23,25.15,0.76,258.68,1,-87.00,-7.00,16.00,2.00,49.00,6.00,12918811,326
256.99,1566967778,4222.85,51.44306369,7.47472295,258.18,25.73,0.59,258.90,1,-87.00,-7.00,16.00,2.00,49.00,6.00,12918811,326
258.00,1566967779,4248.60,51.44301248,7.47435258,257.17,26.64,0.91,258.44,1,-87.00,-7.00,16.00,2.00,49.00,6.00,12918811,326
259.00,1566967780,4275.27,51.44296003,7.47397154,256.20,27.24,0.59,257.96,1,-87.00,-6.00,7.00,2.00,45.00,6.00,12918811,326
260.00,1566967781,4302.51,51.44290635,7.47358051,255.19,28.41,1.18,258.02,1,-87.00,-6.00,7.00,2.00,45.00,6.00,12918811,326
261.00,1566967782,4330.95,51.44285361,7.47318354,254.14,29.07,0.65,258.37,1,-95.00,-8.00,1.00,2.00,39.00,6.00,12918811,326
262.00,1566967783,4360.04,51.44279899,7.47277060,253.08,29.61,0.54,259.69,1,-95.00,-8.00,1.00,2.00,39.00,6.00,12918811,326
263.00,1566967784,4389.56,51.44274167,7.47233625,252.20,30.35,0.74,259.44,1,-100.00,-8.00,4.00,2.00,31.00,6.00,12935194,342
264.00,1566967785,4419.91,51.44268467,7.47189600,251.36,31.18,0.83,258.96,1,-100.00,-8.00,4.00,2.00,31.00,6.00,12935194,342
265.00,1566967786,4451.16,51.44262552,7.47144705,250.54,31.61,0.43,259.05,1,-101.00,-7.00,1.00,2.00,30.00,6.00,12935194,342
266.00,1566967787,4482.74,51.44256789,7.47099738,249.64,32.36,0.75,258.99,1,-101.00,-7.00,1.00,2.00,30.00,6.00,12935194,342
267.00,1566967788,4515.14,51.44251093,7.47053707,248.66,32.71,0.34,258.97,1,-104.00,-7.00,-2.00,2.00,29.00,6.00,12935194,342
268.00,1566967789,4547.85,51.44245300,7.47006829,247.78,33.30,0.59,257.95,1,-104.00,-7.00,-2.00,2.00,29.00,6.00,12935194,342
269.00,1566967790,4581.24,51.44239912,7.46960480,246.87,33.32,0.03,258.08,1,-109.00,-9.00,-2.00,2.00,26.00,6.00,12935194,342
270.00,1566967791,4614.57,51.44234510,7.46913989,246.23,33.81,0.48,259.59,1,-109.00,-9.00,-2.00,2.00,26.00,6.00,12935194,342
271.00,1566967792,4648.37,51.44228742,7.46865720,245.63,34.58,0.77,259.53,1,-114.00,-13.00,-3.00,2.00,24.00,6.00,12935194,342
272.00,1566967793,4682.96,51.44222607,7.46816229,245.02,34.78,0.20,258.88,1,-114.00,-13.00,-3.00,2.00,24.00,6.00,12935194,342
273.00,1566967794,4717.77,51.44216279,7.46766237,244.36,34.74,-0.04,259.50,1,-114.00,-13.00,-9.00,2.00,25.00,6.00,12935194,342
274.00,1566967795,4752.54,51.44210166,7.46717165,243.77,34.63,-0.10,259.73,1,-114.00,-13.00,-9.00,2.00,25.00,6.00,12935194,342
275.00,1566967796,4787.17,51.44203896,7.46666647,242.90,34.83,0.19,259.77,1,-115.00,-14.00,-8.00,2.00,24.00,6.00,12935194,342
276.00,1566967797,4822.00,51.44197818,7.46616472,241.86,34.88,0.05,259.74,1,-115.00,-14.00,-8.00,2.00,24.00,6.00,12935194,342
277.00,1566967798,4856.95,51.44193043,7.46566063,240.68,35.00,0.11,261.22,1,-111.00,-12.00,-7.00,2.00,27.00,6.00,12918811,326
278.00,1566967799,4891.64,51.44188311,7.46516671,239.77,35.15,0.15,261.28,1,-111.00,-12.00,-7.00,2.00,27.00,6.00,12918811,326
279.00,1566967800,4926.78,51.44183630,7.46466457,239.07,35.40,0.25,262.13,1,-111.00,-12.00,-7.00,2.00,27.00,6.00,12918811,326
280.00,1566967801,4962.36,51.44179311,7.46417030,238.47,35.50,0.10,262.11,1,-107.00,-11.00,-1.00,2.00,29.00,6.00,12897050,337
281.00,1566967802,4997.86,51.44175460,7.46365883,237.94,35.46,-0.04,262.65,1,-107.00,-11.00,-1.00,2.00,29.00,6.00,12897050,337
282.00,1566967803,5033.28,51.44171714,7.46315330,237.38,35.42,-0.04,263.62,1,-107.00,-10.00,1.00,2.00,29.00,6.00,12897050,337
283.00,1566967804,5068.70,51.44168619,7.46264593,236.79,35.50,0.08,263.97,1,-107.00,-10.00,1.00,2.00,29.00,6.00,12897050,337
284.00,1566967805,5104.14,51.44165679,7.46212673,236.29,35.62,0.12,263.68,1,-105.00,-9.00,3.00,9.00,28.00,28.00,12897050,337
285.00,1566967806,5139.79,51.44162786,7.46162104,235.94,35.56,-0.06,264.46,1,-105.00,-9.00,3.00,9.00,28.00,28.00,12897050,337
286.00,1566967807,5175.35,51.44160935,7.46110939,235.67,35.56,-0.00,266.04,1,-106.00,-9.00,3.00,10.00,29.00,28.00,12897050,337
287.00,1566967808,5210.95,51.44159022,7.46060324,235.68,35.62,0.06,266.66,1,-106.00,-9.00,3.00,10.00,29.00,28.00,12897050,337
288.00,1566967809,5246.50,51.44157706,7.46008548,235.56,35.77,0.14,267.11,1,-97.00,-7.00,5.00,6.00,37.00,17.00,14301721,144
289.00,1566967810,5282.27,51.44156414,7.45956796,235.40,35.92,0.15,267.53,1,-97.00,-7.00,5.00,6.00,37.00,17.00,14301721,144
290.00,1566967811,5318.12,51.44155905,7.45904604,235.03,36.12,0.20,268.16,1,-86.00,-7.00,22.00,15.00,47.00,17.00,14301721,144
291.00,1566967812,5354.27,51.44155364,7.45852461,234.60,36.27,0.15,268.74,1,-86.00,-7.00,22.00,15.00,47.00,17.00,14301721,144
291.99,1566967813,5390.40,51.44155426,7.45800067,234.19,36.20,-0.07,269.33,1,-84.00,-6.00,23.00,14.00,48.00,17.00,14301721,144
293.00,1566967814,5426.71,51.44155317,7.45747769,233.94,36.18,-0.02,269.60,1,-84.00,-6.00,23.00,14.00,48.00,17.00,14301721,144
294.00,1566967815,5462.89,51.44155189,7.45695688,233.54,36.14,-0.04,269.79,1,-85.00,-7.00,25.00,15.00,48.00,17.00,14301721,144
295.00,1566967816,5499.03,51.44155137,7.45643932,233.16,36.22,0.08,270.12,1,-85.00,-7.00,25.00,15.00,48.00,17.00,14301721,144
296.00,1566967817,5535.25,51.44155422,7.45591618,232.77,35.96,-0.26,270.50,1,-80.00,-6.00,27.00,15.00,52.00,17.00,14301721,144
297.00,1566967818,5571.21,51.44155861,7.45540490,232.32,35.48,-0.48,271.34,1,-80.00,-6.00,27.00,15.00,52.00,17.00,14301721,144
298.00,1566967819,5606.90,51.44156879,7.45490044,231.92,34.99,-0.48,271.98,1,-80.00,-7.00,28.00,10.00,52.00,17.00,14301721,144
299.00,1566967820,5641.72,51.44158102,7.45440738,231.40,34.36,-0.64,272.60,1,-80.00,-7.00,28.00,10.00,52.00,17.00,14301721,144
300.00,1566967821,5676.04,51.44160548,7.45392574,230.83,33.78,-0.59,274.18,1,-80.00,-7.00,28.00,10.00,52.00,17.00,14301721,144
301.00,1566967822,5709.82,51.44162851,7.45345277,230.32,33.20,-0.58,274.68,1,-79.00,-5.00,29.00,15.00,54.00,17.00,14301721,144
302.00,1566967823,5743.02,51.44165103,7.45297512,229.95,32.87,-0.33,275.15,1,-79.00,-5.00,29.00,15.00,54.00,17.00,14301721,144
302.99,1566967824,5775.86,51.44168121,7.45251513,229.63,32.23,-0.64,275.95,1,-79.00,-5.00,29.00,15.00,54.00,17.00,14301721,144
304.00,1566967825,5808.13,51.44171234,7.45206416,229.18,31.79,-0.44,276.22,1,-79.00,-5.00,29.00,15.00,54.00,17.00,14301721,144
305.00,1566967826,5839.95,51.44174229,7.45160940,228.72,31.58,-0.21,276.82,1,-81.00,-5.00,27.00,10.00,49.00,17.00,14301721,144
306.00,1566967827,5871.49,51.44178120,7.45116655,228.23,31.71,0.13,277.32,1,-81.00,-5.00,27.00,10.00,49.00,17.00,14301721,144
306.99,1566967828,5903.11,51.44181968,7.45071934,227.72,31.85,0.14,277.55,1,-79.00,-5.00,25.00,15.00,52.00,17.00,14301721,144
308.00,1566967829,5935.05,51.44185602,7.45027256,227.23,31.75,-0.10,277.97,1,-79.00,-5.00,25.00,15.00,52.00,17.00,14301721,144
309.00,1566967830,5966.83,51.44189133,7.44982382,226.74,31.20,-0.54,278.26,1,-76.00,-6.00,29.00,15.00,58.00,17.00,14301721,144
310.00,1566967831,5998.00,51.44193171,7.44938293,226.23,30.60,-0.60,278.63,1,-76.00,-6.00,29.00,15.00,58.00,17.00,14301721,144
311.00,1566967832,6028.60,51.44197117,7.44895761,225.86,29.47,-1.13,278.38,1,-74.00,-6.00,29.00,15.00,58.00,17.00,14301721,144
312.00,1566967833,6058.08,51.44200935,7.44854634,225.63,28.22,-1.25,278.65,1,-74.00,-6.00,29.00,15.00,58.00,17.00,14301721,144
313.00,1566967834,6086.29,51.44205046,7.44815514,225.49,26.99,-1.23,279.76,1,-73.00,-8.00,25.00,2.00,63.00,17.00,14301721,144
313.99,1566967835,6113.26,51.44208981,7.44776337,225.34,26.38,-0.62,280.45,1,-73.00,-8.00,25.00,2.00,63.00,17.00,14301721,144
315.00,1566967836,6139.66,51.44213189,7.44739024,225.25,25.82,-0.56,280.79,1,-77.00,-5.00,26.00,2.00,56.00,17.00,14301721,144
316.00,1566967837,6165.48,51.44217315,7.44703752,225.23,24.97,-0.85,280.82,1,-77.00,-5.00,26.00,2.00,56.00,17.00,14301721,144
317.00,1566967838,6190.45,51.44221870,7.44670147,225.24,23.66,-1.31,282.16,1,-77.00,-5.00,29.00,2.00,56.00,17.00,14301721,144
318.00,1566967839,6214.12,51.44226245,7.44637856,225.16,23.22,-0.45,282.48,1,-77.00,-5.00,29.00,2.00,56.00,17.00,14301721,144
319.00,1566967840,6237.33,51.44230585,7.44604927,225.12,23.30,0.08,283.12,1,-70.00,-6.00,29.00,2.00,61.00,17.00,14301721,144
320.00,1566967841,6260.66,51.44235516,7.44571884,225.04,23.59,0.29,283.44,1,-70.00,-6.00,29.00,2.00,61.00,17.00,14301721,144
321.00,1566967842,6284.41,51.44240287,7.44538754,225.04,23.74,0.15,283.68,1,-70.00,-5.00,27.00,2.00,60.00,17.00,14301721,144
322.00,1566967843,6307.97,51.44245039,7.44505676,225.01,23.49,-0.26,283.98,1,-70.00,-5.00,27.00,2.00,60.00,17.00,14301721,144
323.00,1566967844,6331.48,51.44249747,7.44472827,224.97,23.39,-0.10,284.16,1,-70.00,-5.00,27.00,2.00,60.00,17.00,14301721,144
324.00,1566967845,6354.85,51.44254355,7.44439180,224.78,23.75,0.36,283.93,1,-74.00,-6.00,28.00,2.00,57.00,17.00,14301721,144
325.00,1566967846,6378.60,51.44259188,7.44405254,224.38,24.11,0.36,284.35,1,-74.00,-6.00,28.00,2.00,57.00,17.00,14301721,144
326.00,1566967847,6402.72,51.44264337,7.44371693,224.22,24.47,0.35,284.55,1,-75.00,-6.00,29.00,2.00,56.00,17.00,14301721,144
327.00,1566967848,6427.28,51.44269767,7.44337711,224.24,24.81,0.34,284.62,1,-75.00,-6.00,29.00,2.00,56.00,17.00,14301721,144
328.00,1566967849,6451.99,51.44275924,7.44302337,224.06,25.55,0.74,285.62,1,-73.00,-6.00,27.00,15.00,57.00,2.00,14301721,144
329.00,1566967850,6477.53,51.44282468,7.44266427,223.78,25.79,0.24,285.83,1,-73.00,-6.00,27.00,15.00,57.00,2.00,14301721,144
330.00,1566967851,6503.32,51.44288974,7.44230757,223.57,26.26,0.47,285.86,1,-76.00,-5.00,27.00,13.00,55.00,2.00,14301721,144
331.00,1566967852,6529.58,51.44295542,7.44194886,223.47,26.60,0.34,286.13,1,-76.00,-5.00,27.00,13.00,55.00,2.00,14301721,144
332.00,1566967853,6556.20,51.44303087,7.44156622,223.53,27.15,0.55,286.83,1,-81.00,-8.00,23.00,9.00,52.00,2.00,14301721,144
333.00,1566967854,6583.33,51.44310221,7.44119718,223.67,27.16,0.01,287.06,1,-81.00,-8.00,23.00,9.00,52.00,2.00,14301721,144
334.00,1566967855,6610.49,51.44317455,7.44082882,223.75,26.81,-0.35,287.50,1,-72.00,-5.00,30.00,15.00,57.00,4.00,14301723,146
335.00,1566967856,6637.29,51.44325076,7.44046844,223.57,26.58,-0.23,288.02,1,-72.00,-5.00,30.00,15.00,57.00,4.00,14301723,146
336.00,1566967857,6663.88,51.44332333,7.44010664,223.24,26.45,-0.13,287.76,1,-76.00,-6.00,35.00,15.00,55.00,4.00,14301723,146
337.00,1566967858,6690.32,51.44339527,7.43975963,222.65,26.18,-0.27,288.17,1,-76.00,-6.00,35.00,15.00,55.00,4.00,14301723,146
338.00,1566967859,6716.51,51.44346763,7.43940593,222.20,25.95,-0.23,288.72,1,-74.00,-5.00,39.00,15.00,56.00,4.00,14301723,146
339.00,1566967860,6742.48,51.44354331,7.43905929,221.64,25.64,-0.32,289.48,1,-74.00,-5.00,39.00,15.00,56.00,4.00,14301723,146
340.00,1566967861,6768.09,51.44361799,7.43871640,220.96,25.67,0.03,289.98,1,-73.00,-5.00,40.00,15.00,58.00,4.00,14301723,146
341.00,1566967862,6793.79,51.44369500,7.43836445,220.26,26.21,0.54,289.29,1,-73.00,-5.00,40.00,15.00,58.00,4.00,14301723,146
342.00,1566967863,6820.15,51.44377493,7.43799662,219.69,26.57,0.36,290.05,1,-72.00,-4.00,32.00,15.00,58.00,4.00,14301723,146
343.00,1566967864,6846.53,51.44386235,7.43763854,219.29,26.47,-0.10,291.36,1,-72.00,-4.00,32.00,15.00,58.00,4.00,14301723,146
344.00,1566967865,6873.00,51.44394884,7.43729026,218.71,26.21,-0.26,291.47,1,-72.00,-4.00,32.00,15.00,58.00,4.00,14301723,146
345.00,1566967866,6899.21,51.44403811,7.43693672,218.36,26.31,0.10,292.11,1,-72.00,-5.00,40.00,15.00,58.00,4.00,14301723,146
346.00,1566967867,6925.52,51.44413532,7.43657666,218.44,26.27,-0.04,292.75,1,-72.00,-5.00,40.00,15.00,58.00,4.00,14301723,146
347.00,1566967868,6951.79,51.44422954,7.43622986,218.72,26.52,0.25,292.74,1,-80.00,-5.00,39.00,15.00,49.00,4.00,14301723,146
348.00,1566967869,6978.30,51.44432647,7.43586619,218.79,26.57,0.06,292.97,1,-80.00,-5.00,39.00,15.00,49.00,4.00,14301723,146
348.99,1566967870,7004.85,51.44441953,7.43551131,218.01,26.55,-0.03,292.83,1,-80.00,-5.00,26.00,15.00,50.00,4.00,14301723,146
350.00,1566967871,7031.43,51.44451480,7.43516323,217.80,27.00,0.45,294.07,1,-80.00,-5.00,26.00,15.00,50.00,4.00,14301723,146
350.99,1566967872,7058.40,51.44461522,7.43481997,217.14,27.77,0.77,295.49,1,-81.00,-6.00,25.00,15.00,49.00,4.00,14301723,146
352.00,1566967873,7086.20,51.44472010,7.43445006,216.28,28.37,0.60,295.14,1,-81.00,-6.00,25.00,15.00,49.00,4.00,14301723,146
353.00,1566967874,7114.57,51.44482672,7.43408097,215.20,28.68,0.30,296.60,1,-77.00,-5.00,39.00,15.00,53.00,4.00,14301723,146
354.00,1566967875,7143.25,51.44493600,7.43370954,213.89,29.21,0.53,297.53,1,-77.00,-5.00,39.00,15.00,53.00,4.00,14301723,146
355.00,1566967876,7172.46,51.44505756,7.43334445,212.47,29.53,0.32,298.74,1,-80.00,-5.00,38.00,15.00,49.00,4.00,14301723,146
356.00,1566967877,7201.99,51.44518132,7.43297526,210.80,29.48,-0.04,298.72,1,-80.00,-5.00,38.00,15.00,49.00,4.00,14301723,146
357.00,1566967878,7231.47,51.44531129,7.43261001,209.06,29.39,-0.09,300.84,1,-92.00,-5.00,27.00,11.00,39.00,4.00,14301723,146
357.99,1566967879,7260.83,51.44545055,7.43225424,207.39,29.29,-0.10,302.11,1,-92.00,-5.00,27.00,11.00,39.00,4.00,14301723,146
359.00,1566967880,7290.15,51.44558425,7.43189485,205.71,29.30,0.00,300.96,1,-87.00,-5.00,17.00,2.00,48.00,4.00,14301723,146
360.00,1566967881,7319.45,51.44572767,7.43153215,204.43,28.78,-0.52,303.07,1,-87.00,-5.00,17.00,2.00,48.00,4.00,14301723,146
361.00,1566967882,7348.23,51.44588160,7.43119036,203.55,28.44,-0.34,306.58,1,-86.00,-5.00,27.00,2.00,45.00,4.00,14301723,146
362.00,1566967883,7376.66,51.44602933,7.43086626,202.54,28.18,-0.26,307.10,1,-86.00,-5.00,27.00,2.00,45.00,4.00,14301723,146
363.00,1566967884,7405.07,51.44617176,7.43054809,201.36,28.22,0.04,307.67,1,-84.00,-5.00,15.00,2.00,46.00,11.00,14301723,146
363.99,1566967885,7432.98,51.44632587,7.43023781,200.81,28.69,0.47,311.43,1,-84.00,-5.00,15.00,2.00,46.00,11.00,14301723,146
364.99,1566967886,7461.70,51.44648614,7.42992589,200.68,28.38,-0.31,310.35,1,-84.00,-5.00,15.00,2.00,46.00,11.00,14301723,146
366.00,1566967887,7490.16,51.44665454,7.42961252,200.12,28.25,-0.13,310.97,1,-86.00,-5.00,15.00,15.00,44.00,11.00,14301723,146
366.99,1566967888,7518.32,51.44681987,7.42931575,199.48,28.43,0.18,311.90,1,-86.00,-5.00,15.00,15.00,44.00,11.00,14301723,146
368.00,1566967889,7546.84,51.44698552,7.42902827,198.45,28.61,0.18,312.90,1,-99.00,-7.00,10.00,6.00,32.00,11.00,14301723,146
369.00,1566967890,7575.45,51.44716129,7.42875095,197.53,28.78,0.17,314.63,1,-99.00,-7.00,10.00,6.00,32.00,11.00,14301723,146
370.00,1566967891,7604.24,51.44734382,7.42846737,195.82,29.06,0.27,315.11,1,-103.00,-7.00,11.00,11.00,31.00,11.00,14301723,146
371.00,1566967892,7633.29,51.44753710,7.42819157,193.88,28.82,-0.24,316.46,1,-103.00,-7.00,11.00,11.00,31.00,11.00,14301723,146
372.00,1566967893,7662.11,51.44773927,7.42792039,191.85,28.91,0.10,318.10,1,-106.00,-8.00,2.00,9.00,24.00,11.00,14301723,146
373.00,1566967894,7690.99,51.44794478,7.42764468,190.13,29.11,0.19,319.33,1,-106.00,-8.00,2.00,9.00,24.00,11.00,14301723,146
374.00,1566967895,7720.13,51.44814699,7.42737330,188.51,28.94,-0.16,319.82,1,-109.00,-9.00,0.00,10.00,25.00,11.00,14301723,146
375.00,1566967896,7749.07,51.44835684,7.42711520,186.64,29.29,0.34,321.60,1,-109.00,-9.00,0.00,10.00,25.00,11.00,14301723,146
376.00,1566967897,7778.36,51.44856568,7.42687222,184.63,29.51,0.22,323.12,1,-98.00,-7.00,2.00,9.00,36.00,18.00,13806082,70
377.00,1566967898,7807.90,51.44878259,7.42662710,182.69,30.03,0.52,324.25,1,-98.00,-7.00,2.00,9.00,36.00,18.00,13806082,70
378.00,1566967899,7837.89,51.44900376,7.42638704,181.15,29.99,-0.03,325.72,1,-98.00,-7.00,13.00,9.00,35.00,18.00,13806082,70
378.99,1566967900,7867.83,51.44922090,7.42615029,179.74,29.79,-0.20,326.69,1,-98.00,-7.00,13.00,9.00,35.00,18.00,13806082,70
380.00,1566967901,7897.65,51.44944237,7.42592308,178.44,29.87,0.08,327.21,1,-92.00,-6.00,5.00,10.00,41.00,18.00,13806082,70
381.00,1566967902,7927.52,51.44967300,7.42569772,177.54,29.56,-0.31,329.07,1,-92.00,-6.00,5.00,10.00,41.00,18.00,13806082,70
382.00,1566967903,7957.08,51.44991154,7.42547514,177.03,29.83,0.27,330.07,1,-94.00,-8.00,26.00,11.00,40.00,18.00,13806082,70
383.00,1566967904,7986.90,51.45016191,7.42526253,177.15,29.97,0.14,332.11,1,-94.00,-8.00,26.00,11.00,40.00,18.00,13806082,70
384.00,1566967905,8017.14,51.45040900,7.42506522,177.21,30.41,0.44,333.37,1,-93.00,-10.00,3.00,9.00,44.00,18.00,13806082,70
385.00,1566967906,8047.33,51.45065143,7.42487147,176.99,29.26,-1.16,333.94,1,-93.00,-10.00,3.00,9.00,44.00,18.00,13806082,70
386.00,1566967907,8076.56,51.45089015,7.42469592,176.62,29.35,0.09,335.08,1,-93.00,-10.00,3.00,9.00,44.00,18.00,13806082,70
387.00,1566967908,8105.94,51.45112757,7.42453420,175.99,29.31,-0.05,336.55,1,-91.00,-11.00,3.00,8.00,47.00,18.00,13806082,70
388.00,1566967909,8135.25,51.45135613,7.42439175,174.89,28.20,-1.11,338.20,1,-91.00,-11.00,3.00,8.00,47.00,18.00,13806082,70
389.00,1566967910,8163.39,51.45158308,7.42425469,173.89,27.36,-0.84,339.36,1,-79.00,-6.00,-4.00,6.00,52.00,38.00,12896771,376
390.00,1566967911,8190.78,51.45181229,7.42412238,172.67,27.33,-0.03,340.31,1,-79.00,-6.00,-4.00,6.00,52.00,38.00,12896771,376
391.00,1566967912,8218.13,51.45203649,7.42400486,171.16,26.99,-0.35,340.76,1,-92.00,-11.00,-4.00,6.00,46.00,19.00,12897027,376
392.00,1566967913,8245.09,51.45226528,7.42388445,169.64,26.59,-0.40,341.00,1,-92.00,-11.00,-4.00,6.00,46.00,19.00,12897027,376
393.00,1566967914,8271.66,51.45249272,7.42376416,167.99,26.48,-0.11,341.69,1,-80.00,-6.00,17.00,10.00,52.00,19.00,12897027,338
394.00,1566967915,8298.14,51.45271883,7.42365472,166.31,26.79,0.31,342.56,1,-80.00,-6.00,17.00,10.00,52.00,19.00,12897027,338
395.00,1566967916,8324.93,51.45294158,7.42354338,164.74,26.95,0.16,342.81,1,-79.00,-6.00,27.00,15.00,54.00,19.00,12897027,338
396.00,1566967917,8351.87,51.45317130,7.42343204,163.33,27.29,0.34,343.09,1,-79.00,-6.00,27.00,15.00,54.00,19.00,12897027,338
397.00,1566967918,8379.16,51.45341254,7.42332124,162.04,27.37,0.08,343.14,1,-81.00,-8.00,16.00,13.00,53.00,19.00,12897027,338
398.00,1566967919,8406.56,51.45364982,7.42320956,160.66,27.44,0.07,343.14,1,-81.00,-8.00,16.00,13.00,53.00,19.00,12897027,338
399.00,1566967920,8434.00,51.45389360,7.42310540,159.44,27.55,0.11,343.91,1,-85.00,-9.00,4.00,9.00,51.00,10.00,13806082,338
400.00,1566967921,8461.57,51.45413771,7.42300142,158.42,27.44,-0.11,343.87,1,-85.00,-9.00,4.00,9.00,51.00,10.00,13806082,338
401.00,1566967922,8489.01,51.45438048,7.42289878,157.53,27.49,0.05,343.73,1,-76.00,-7.00,0.00,12.00,56.00,10.00,13806082,70
402.00,1566967923,8516.47,51.45462267,7.42279258,156.79,27.51,0.02,343.55,1,-76.00,-7.00,0.00,12.00,56.00,10.00,13806082,70
403.00,1566967924,8543.98,51.45486302,7.42268456,156.11,27.60,0.09,343.52,1,-76.00,-7.00,10.00,13.00,57.00,10.00,13806082,70
404.00,1566967925,8571.57,51.45510401,7.42257129,155.79,27.69,0.09,343.10,1,-76.00,-7.00,10.00,13.00,57.00,10.00,13806082,70
405.00,1566967926,8599.48,51.45534635,7.42244798,155.71,27.57,-0.12,342.75,1,-78.00,-9.00,20.00,10.00,58.00,10.00,13806082,70
406.00,1566967927,8626.83,51.45558291,7.42232757,155.61,27.44,-0.14,341.88,1,-78.00,-9.00,20.00,10.00,58.00,10.00,13806082,70
407.00,1566967928,8654.27,51.45581714,7.42220277,155.56,27.32,-0.11,341.39,1,-78.00,-9.00,20.00,10.00,58.00,10.00,13806082,70
408.00,1566967929,8681.59,51.45605211,7.42207836,155.54,27.41,0.09,340.78,1,-78.00,-9.00,2.00,11.00,57.00,10.00,13806082,70
409.00,1566967930,8709.01,51.45628225,7.42194712,155.41,27.59,0.18,340.08,1,-78.00,-9.00,2.00,11.00,57.00,10.00,13806082,70
410.00,1566967931,8736.57,51.45651362,7.42181443,155.16,27.78,0.18,339.58,1,-80.00,-9.00,7.00,2.00,57.00,10.00,13806082,70
411.00,1566967932,8764.35,51.45674519,7.42167207,154.87,28.06,0.28,338.49,1,-80.00,-9.00,7.00,2.00,57.00,10.00,13806082,70
412.00,1566967933,8792.49,51.45697925,7.42152621,154.59,28.30,0.24,337.78,1,-91.00,-8.00,8.00,2.00,42.00,10.00,12897051,338
413.00,1566967934,8820.76,51.45721787,7.42136405,154.57,28.42,0.12,336.61,1,-91.00,-8.00,8.00,2.00,42.00,10.00,12897051,338
414.00,1566967935,8849.15,51.45745585,7.42119963,154.59,28.73,0.30,336.00,1,-90.00,-8.00,1.00,2.00,43.00,10.00,12897051,338
415.00,1566967936,8877.85,51.45769129,7.42102595,154.58,28.95,0.23,335.21,1,-90.00,-8.00,1.00,2.00,43.00,10.00,12897051,338
416.00,1566967937,8906.80,51.45791986,7.42086081,154.21,29.11,0.16,334.36,1,-90.00,-8.00,12.00,2.00,43.00,10.00,12897051,338
417.00,1566967938,8935.92,51.45815005,7.42067848,153.79,29.32,0.21,333.44,1,-90.00,-8.00,12.00,2.00,43.00,10.00,12897051,338
418.00,1566967939,8965.27,51.45838332,7.42049294,153.47,29.50,0.18,332.70,1,-90.00,-8.00,7.00,2.00,43.00,10.00,12897051,338
419.00,1566967940,8994.74,51.45861277,7.42029331,153.19,29.67,0.17,331.84,1,-90.00,-8.00,7.00,2.00,43.00,10.00,12897051,338
420.00,1566967941,9024.44,51.45884545,7.42008849,152.82,29.67,0.00,331.44,1,-91.00,-8.00,-2.00,2.00,42.00,10.00,12897051,338
421.00,1566967942,9054.11,51.45906911,7.41987949,152.48,29.80,0.13,330.35,1,-91.00,-8.00,-2.00,2.00,42.00,10.00,12897051,338
422.00,1566967943,9083.91,51.45929522,7.41966279,152.30,29.84,0.04,329.30,1,-90.00,-8.00,10.00,2.00,44.00,21.00,12897051,338
423.00,1566967944,9113.75,51.45951627,7.41944761,152.16,29.75,-0.09,328.47,1,-90.00,-8.00,10.00,2.00,44.00,21.00,12897051,338
424.00,1566967945,9143.49,51.45974024,7.41921814,152.01,29.87,0.12,327.77,1,-82.00,-8.00,11.00,12.00,50.00,21.00,12897051,338
425.00,1566967946,9173.36,51.45997321,7.41898110,151.83,29.73,-0.14,326.85,1,-82.00,-8.00,11.00,12.00,50.00,21.00,12897051,338
426.00,1566967947,9203.33,51.46019800,7.41873772,151.58,29.81,0.08,326.01,1,-80.00,-7.00,10.00,7.00,53.00,21.00,12897051,338
427.00,1566967948,9233.02,51.46042251,7.41849435,151.29,29.90,0.09,325.15,1,-80.00,-7.00,10.00,7.00,53.00,21.00,12897051,338
428.00,1566967949,9262.77,51.46064793,7.41823729,151.12,30.17,0.28,324.39,1,-80.00,-7.00,10.00,7.00,53.00,21.00,12897051,338
429.00,1566967950,9292.97,51.46086432,7.41797863,150.91,30.49,0.32,323.30,1,-86.00,-7.00,4.00,10.00,45.00,7.00,13806105,338
430.00,1566967951,9323.49,51.46108310,7.41771544,150.68,30.83,0.34,322.53,1,-86.00,-7.00,4.00,10.00,45.00,7.00,13806105,338
431.00,1566967952,9354.27,51.46130314,7.41744867,150.46,31.05,0.22,322.35,1,-84.00,-7.00,7.00,12.00,47.00,7.00,13806105,69
432.00,1566967953,9385.35,51.46152577,7.41718180,150.41,30.99,-0.07,322.75,1,-84.00,-7.00,7.00,12.00,47.00,7.00,13806105,69
433.00,1566967954,9416.30,51.46174571,7.41691920,150.55,30.48,-0.51,322.61,1,-81.00,-6.00,19.00,14.00,50.00,7.00,13806105,69
434.00,1566967955,9446.78,51.46195722,7.41664432,150.69,30.04,-0.43,320.74,1,-81.00,-6.00,19.00,14.00,50.00,7.00,13806105,69
434.99,1566967956,9476.79,51.46216233,7.41636097,150.85,29.49,-0.55,318.64,1,-80.00,-6.00,16.00,13.00,49.00,7.00,13806105,69
435.99,1566967957,9506.29,51.46236020,7.41606431,151.05,29.75,0.25,316.67,1,-80.00,-6.00,16.00,13.00,49.00,7.00,13806105,69
437.00,1566967958,9536.06,51.46255605,7.41577353,151.18,29.76,0.02,316.41,1,-83.00,-7.00,12.00,12.00,48.00,7.00,13806105,69
438.00,1566967959,9565.83,51.46275210,7.41548173,151.32,29.78,0.02,316.47,1,-83.00,-7.00,12.00,12.00,48.00,7.00,13806105,69
439.00,1566967960,9595.67,51.46294399,7.41518227,151.49,29.67,-0.11,315.53,1,-85.00,-6.00,9.00,2.00,51.00,7.00,13806105,69
440.00,1566967961,9625.31,51.46312771,7.41488065,151.69,29.62,-0.05,314.18,1,-85.00,-6.00,9.00,2.00,51.00,7.00,13806105,69
441.01,1566967962,9655.31,51.46331660,7.41456991,151.95,29.75,0.13,313.22,1,-90.00,-13.00,5.00,7.00,46.00,9.00,13806105,69
442.00,1566967963,9684.64,51.46349749,7.41424756,152.24,30.07,0.32,312.08,1,-90.00,-13.00,5.00,7.00,46.00,9.00,13806105,69
443.00,1566967964,9714.74,51.46367699,7.41392337,152.39,29.73,-0.34,311.78,1,-85.00,-6.00,16.00,15.00,47.00,9.00,13806105,69
444.00,1566967965,9744.47,51.46384874,7.41360033,152.39,29.29,-0.44,310.98,1,-85.00,-6.00,16.00,15.00,47.00,9.00,13806105,69
445.00,1566967966,9773.73,51.46401779,7.41328287,152.47,28.59,-0.70,310.43,1,-92.00,-7.00,2.00,8.00,42.00,9.00,13806105,69
446.00,1566967967,9802.32,51.46418202,7.41297102,152.47,28.21,-0.38,310.00,1,-92.00,-7.00,2.00,8.00,42.00,9.00,13806105,69
447.01,1566967968,9830.84,51.46433977,7.41266343,152.47,27.78,-0.43,309.77,1,-94.00,-8.00,-1.00,6.00,39.00,26.00,12962329,459
448.00,1566967969,9858.39,51.46449445,7.41235241,152.49,27.44,-0.34,308.73,1,-94.00,-8.00,-1.00,6.00,39.00,26.00,12962329,459
449.00,1566967970,9885.83,51.46464238,7.41204271,152.55,27.71,0.27,307.07,1,-94.00,-8.00,-1.00,6.00,39.00,26.00,12962329,459
450.00,1566967971,9913.52,51.46479840,7.41171745,152.70,28.40,0.69,306.23,1,-97.00,-9.00,-2.00,6.00,35.00,11.00,13806105,69
451.00,1566967972,9941.91,51.46495725,7.41138529,152.86,29.32,0.92,306.93,1,-97.00,-9.00,-2.00,6.00,35.00,11.00,13806105,69
452.00,1566967973,9971.26,51.46511974,7.41104696,153.04,30.16,0.84,307.31,1,-97.00,-8.00,1.00,11.00,36.00,11.00,13806105,69
453.00,1566967974,10001.45,51.46528882,7.41069706,153.31,30.96,0.79,307.57,1,-97.00,-8.00,1.00,11.00,36.00,11.00,13806105,69
454.00,1566967975,10032.38,51.46546067,7.41034225,153.56,31.64,0.68,307.62,1,-108.00,-14.00,-4.00,5.00,31.00,25.00,12962329,459
455.00,1566967976,10064.01,51.46563595,7.40997950,153.81,32.19,0.56,307.80,1,-108.00,-14.00,-4.00,5.00,31.00,25.00,12962329,459
456.00,1566967977,10096.14,51.46581560,7.40961007,154.06,32.74,0.55,307.95,1,-100.00,-9.00,-2.00,6.00,35.00,37.00,13823003,149
457.01,1566967978,10129.31,51.46599732,7.40923791,154.28,32.98,0.24,308.00,1,-100.00,-9.00,-2.00,6.00,35.00,37.00,13823003,149
458.00,1566967979,10161.89,51.46618672,7.40886054,154.51,33.66,0.69,308.12,1,-108.00,-16.00,-4.00,4.00,32.00,37.00,13823003,149
459.00,1566967980,10195.55,51.46637596,7.40848209,154.92,34.02,0.36,308.43,1,-108.00,-16.00,-4.00,4.00,32.00,37.00,13823003,149
460.00,1566967981,10229.54,51.46656958,7.40809347,155.17,34.69,0.66,308.88,1,-88.00,-8.00,14.00,10.00,47.00,25.00,12962329,459
461.00,1566967982,10264.23,51.46676444,7.40770206,155.42,34.95,0.26,308.82,1,-88.00,-8.00,14.00,10.00,47.00,25.00,12962329,459
462.00,1566967983,10299.21,51.46696567,7.40731362,155.84,35.25,0.31,309.16,1,-94.00,-11.00,0.00,10.00,40.00,25.00,12962329,459
463.00,1566967984,10334.50,51.46716911,7.40691837,156.34,35.74,0.49,309.60,1,-94.00,-11.00,0.00,10.00,40.00,25.00,12962329,459
464.00,1566967985,10370.21,51.46737876,7.40652000,156.80,36.27,0.53,310.20,1,-100.00,-11.00,-4.00,5.00,37.00,25.00,12962329,459
465.00,1566967986,10406.48,51.46759026,7.40611065,157.12,36.34,0.07,310.45,1,-100.00,-11.00,-4.00,5.00,37.00,25.00,12962329,459
466.00,1566967987,10442.78,51.46779724,7.40570925,157.63,36.20,-0.14,310.69,1,-97.00,-15.00,-4.00,4.00,43.00,40.00,12896795,376
467.00,1566967988,10479.02,51.46800474,7.40532445,158.42,35.63,-0.57,311.32,1,-97.00,-15.00,-4.00,4.00,43.00,40.00,12896795,376
468.00,1566967989,10514.93,51.46821761,7.40495042,159.15,34.81,-0.81,312.63,1,-99.00,-10.00,-3.00,6.00,37.00,18.00,13826329,93
469.00,1566967990,10549.47,51.46842381,7.40458374,159.95,34.54,-0.27,312.14,1,-99.00,-10.00,-3.00,6.00,37.00,18.00,13826329,93
470.00,1566967991,10583.98,51.46863144,7.40421564,160.66,34.50,-0.05,313.46,1,-99.00,-10.00,-3.00,6.00,37.00,18.00,13826329,93
471.00,1566967992,10618.48,51.46884246,7.40386507,161.22,33.97,-0.53,314.49,1,-91.00,-5.00,2.00,6.00,39.00,52.00,14301723,146
472.00,1566967993,10652.44,51.46904865,7.40352449,161.72,33.02,-0.95,315.02,1,-91.00,-5.00,2.00,6.00,39.00,52.00,14301723,146
473.00,1566967994,10685.49,51.46926941,7.40319143,162.62,32.40,-0.61,317.08,1,-97.00,-8.00,-5.00,4.00,35.00,52.00,14301723,146
474.00,1566967995,10717.89,51.46946760,7.40287476,163.21,31.28,-1.12,315.16,1,-97.00,-8.00,-5.00,4.00,35.00,52.00,14301723,146
475.00,1566967996,10749.17,51.46965069,7.40255577,163.68,30.01,-1.27,313.27,1,-97.00,-8.00,0.00,4.00,37.00,52.00,14301723,146
476.00,1566967997,10779.22,51.46983791,7.40226480,163.69,29.65,-0.36,316.65,1,-97.00,-8.00,0.00,4.00,37.00,52.00,14301723,146
477.00,1566967998,10808.86,51.47002376,7.40197732,163.58,29.74,0.09,317.77,1,-97.00,-8.00,1.00,8.00,35.00,52.00,14301723,146
478.00,1566967999,10838.60,51.47020549,7.40168221,163.64,29.29,-0.45,316.14,1,-97.00,-8.00,1.00,8.00,35.00,52.00,14301723,146
479.00,1566968000,10867.83,51.47039465,7.40138258,163.77,29.51,0.22,317.09,1,-90.00,-5.00,11.00,10.00,39.00,52.00,14301723,146
480.00,1566968001,10897.34,51.47057816,7.40109703,163.20,29.25,-0.25,316.23,1,-90.00,-5.00,11.00,10.00,39.00,52.00,14301723,146
481.00,1566968002,10926.59,51.47076368,7.40081253,162.30,28.94,-0.31,316.43,1,-89.00,-5.00,14.00,2.00,39.00,52.00,14301723,146
482.00,1566968003,10955.50,51.47095610,7.40052713,162.43,28.61,-0.33,316.38,1,-89.00,-5.00,14.00,2.00,39.00,52.00,14301723,146
483.00,1566968004,10984.22,51.47114824,7.40025394,162.73,27.79,-0.82,317.33,1,-90.00,-8.00,8.00,13.00,43.00,55.00,14301723,146
483.99,1566968005,11011.84,51.47132985,7.39999516,162.98,26.18,-1.62,316.44,1,-90.00,-8.00,8.00,13.00,43.00,55.00,14301723,146
484.99,1566968006,11038.02,51.47149966,7.39974481,163.71,24.98,-1.20,316.96,1,-88.00,-6.00,9.00,11.00,42.00,55.00,14301723,146
486.00,1566968007,11063.07,51.47166131,7.39950142,164.43,24.57,-0.41,317.37,1,-88.00,-6.00,9.00,11.00,42.00,55.00,14301723,146
487.00,1566968008,11087.65,51.47182634,7.39926099,165.13,24.31,-0.26,317.41,1,-87.00,-5.00,17.00,15.00,42.00,55.00,14301723,146
488.00,1566968009,11111.94,51.47199402,7.39902044,165.82,24.30,-0.02,317.79,1,-87.00,-5.00,17.00,15.00,42.00,55.00,14301723,146
489.00,1566968010,11136.43,51.47216221,7.39878583,166.53,24.34,0.05,318.29,1,-89.00,-6.00,10.00,15.00,41.00,55.00,14301723,146
490.00,1566968011,11160.57,51.47232560,7.39854834,166.81,24.37,0.03,318.16,1,-89.00,-6.00,10.00,15.00,41.00,55.00,14301723,146
491.00,1566968012,11184.97,51.47249222,7.39831772,166.81,24.46,0.09,319.12,1,-89.00,-6.00,10.00,15.00,41.00,55.00,14301723,146
492.00,1566968013,11209.44,51.47265867,7.39808415,166.88,24.37,-0.10,319.77,1,-92.00,-6.00,7.00,10.00,38.00,55.00,14301723,146
493.00,1566968014,11233.80,51.47282508,7.39785571,166.97,24.45,0.08,319.84,1,-92.00,-6.00,7.00,10.00,38.00,55.00,14301723,146
494.00,1566968015,11258.27,51.47299165,7.39762462,167.12,24.49,0.05,319.91,1,-94.00,-6.00,10.00,5.00,37.00,55.00,14301723,146
495.00,1566968016,11282.74,51.47315781,7.39739116,167.33,24.56,0.07,320.07,1,-94.00,-6.00,10.00,5.00,37.00,55.00,14301723,146
496.00,1566968017,11307.33,51.47332531,7.39716467,167.77,24.65,0.08,320.66,1,-97.00,-6.00,12.00,9.00,34.00,55.00,14301723,146
497.00,1566968018,11331.95,51.47349617,7.39694186,168.22,25.06,0.42,321.30,1,-97.00,-6.00,12.00,9.00,34.00,55.00,14301723,146
498.00,1566968019,11357.02,51.47366775,7.39671836,168.88,25.08,0.02,321.14,1,-97.00,-5.00,7.00,8.00,34.00,55.00,14301723,146
499.00,1566968020,11382.12,51.47383854,7.39649148,169.76,24.97,-0.11,321.32,1,-97.00,-5.00,7.00,8.00,34.00,55.00,14301723,146
500.00,1566968021,11407.09,51.47401994,7.39626365,170.52,25.36,0.39,322.16,1,-102.00,-5.00,9.00,2.00,33.00,55.00,14301723,146
501.00,1566968022,11432.45,51.47420350,7.39604148,171.43,25.42,0.06,323.21,1,-102.00,-5.00,9.00,2.00,33.00,55.00,14301723,146
502.00,1566968023,11457.85,51.47438359,7.39581957,171.86,24.87,-0.55,323.54,1,-104.00,-6.00,-5.00,2.00,28.00,61.00,14301723,146
503.00,1566968024,11482.70,51.47455486,7.39560973,172.24,24.08,-0.80,323.74,1,-104.00,-6.00,-5.00,2.00,28.00,61.00,14301723,146
504.00,1566968025,11506.87,51.47472867,7.39540475,172.91,24.16,0.08,324.60,1,-103.00,-14.00,-5.00,5.00,36.00,14.00,13884162,59
505.00,1566968026,11531.06,51.47490521,7.39520667,173.46,24.17,0.01,325.75,1,-103.00,-14.00,-5.00,5.00,36.00,14.00,13884162,59
506.00,1566968027,11555.14,51.47508918,7.39501793,174.26,24.10,-0.08,327.84,1,-94.00,-9.00,8.00,7.00,41.00,14.00,13884162,59
507.00,1566968028,11579.23,51.47526994,7.39483419,174.83,23.72,-0.37,328.65,1,-94.00,-9.00,8.00,7.00,41.00,14.00,13884162,59
508.00,1566968029,11602.93,51.47545491,7.39466478,175.53,23.36,-0.36,329.40,1,-88.00,-7.00,11.00,11.00,45.00,14.00,13884162,59
509.00,1566968030,11626.29,51.47563949,7.39449486,175.99,23.20,-0.16,329.51,1,-88.00,-7.00,11.00,11.00,45.00,14.00,13884162,59
509.99,1566968031,11649.47,51.47582224,7.39433038,177.02,22.53,-0.67,330.02,1,-86.00,-7.00,8.00,7.00,47.00,14.00,13884162,59
511.00,1566968032,11672.02,51.47600123,7.39417477,177.86,22.23,-0.30,330.63,1,-86.00,-7.00,8.00,7.00,47.00,14.00,13884162,59
512.00,1566968033,11694.41,51.47617695,7.39402681,178.45,22.00,-0.23,330.96,1,-89.00,-8.00,14.00,7.00,46.00,14.00,13884162,59
513.00,1566968034,11716.26,51.47635593,7.39388410,178.86,22.01,0.01,331.72,1,-89.00,-8.00,14.00,7.00,46.00,14.00,13884162,59
513.99,1566968035,11738.25,51.47653671,7.39373558,179.41,21.90,-0.12,332.35,1,-89.00,-8.00,14.00,7.00,46.00,14.00,13884162,59
515.00,1566968036,11760.23,51.47671440,7.39359597,179.73,21.75,-0.14,333.65,1,-105.00,-10.00,-1.00,2.00,31.00,14.00,12962329,459
516.00,1566968037,11781.96,51.47689611,7.39346691,180.05,21.72,-0.03,335.51,1,-105.00,-10.00,-1.00,2.00,31.00,14.00,12962329,459
517.00,1566968038,11803.69,51.47707620,7.39333923,180.36,21.49,-0.23,336.24,1,-106.00,-11.00,-4.00,2.00,30.00,14.00,12962329,459
518.00,1566968039,11825.18,51.47725078,7.39323082,180.54,20.81,-0.69,338.77,1,-106.00,-11.00,-4.00,2.00,30.00,14.00,12962329,459
519.00,1566968040,11845.99,51.47742214,7.39314111,180.25,20.10,-0.71,342.95,1,-106.00,-10.00,1.00,2.00,30.00,14.00,12962329,459
520.00,1566968041,11866.11,51.47759541,7.39307150,180.06,19.41,-0.69,346.40,1,-106.00,-10.00,1.00,2.00,30.00,14.00,12962329,459
521.00,1566968042,11885.47,51.47776854,7.39303554,179.76,18.97,-0.44,353.64,1,-103.00,-11.00,7.00,2.00,34.00,14.00,12962329,459
522.00,1566968043,11904.46,51.47794031,7.39301245,179.64,18.93,-0.04,356.03,1,-103.00,-11.00,7.00,2.00,34.00,14.00,12962329,459
523.00,1566968044,11923.37,51.47811851,7.39300946,179.69,19.44,0.51,359.71,1,-100.00,-11.00,3.00,2.00,36.00,14.00,12962329,459
524.00,1566968045,11942.82,51.47827758,7.39308394,179.88,17.92,-1.52,16.92,1,-100.00,-11.00,3.00,2.00,36.00,14.00,12962329,459
525.00,1566968046,11960.74,51.47843856,7.39316687,180.39,17.87,-0.06,18.08,1,-99.00,-9.00,0.00,2.00,35.00,14.00,12962329,459
526.00,1566968047,11978.61,51.47858486,7.39326285,180.54,17.22,-0.64,21.49,1,-99.00,-9.00,0.00,2.00,35.00,14.00,12962329,459
527.00,1566968048,11995.83,51.47872305,7.39337870,180.88,17.12,-0.11,24.80,1,-99.00,-10.00,-3.00,2.00,34.00,14.00,12962329,459
528.00,1566968049,12012.96,51.47885041,7.39350346,181.32,16.46,-0.66,28.35,1,-99.00,-10.00,-3.00,2.00,34.00,14.00,12962329,459
529.00,1566968050,12029.42,51.47897454,7.39364190,181.79,16.25,-0.20,30.98,1,-105.00,-10.00,3.00,2.00,30.00,14.00,13884187,57
530.00,1566968051,12045.67,51.47908750,7.39374408,182.31,13.46,-2.80,27.52,1,-105.00,-10.00,3.00,2.00,30.00,14.00,13884187,57
531.00,1566968052,12059.11,51.47920670,7.39378336,182.51,13.59,0.14,9.56,1,-103.00,-9.00,8.00,2.00,30.00,14.00,13884187,57
532.00,1566968053,12072.70,51.47933683,7.39378939,182.77,13.66,0.06,356.71,1,-103.00,-9.00,8.00,2.00,30.00,14.00,13884187,57
533.00,1566968054,12086.48,51.47945374,7.39377396,182.87,13.36,-0.29,353.01,1,-95.00,-6.00,14.00,2.00,37.00,14.00,13884187,57
534.00,1566968055,12099.82,51.47956456,7.39369654,182.75,13.47,0.11,334.87,1,-95.00,-6.00,14.00,2.00,37.00,14.00,13884187,57
535.00,1566968056,12113.19,51.47966882,7.39362106,182.63,13.44,-0.03,334.42,1,-95.00,-6.00,14.00,2.00,37.00,14.00,13884187,57
536.00,1566968057,12126.65,51.47977424,7.39354205,182.80,13.59,0.15,333.94,1,-87.00,-7.00,15.00,13.00,47.00,10.00,13884187,57
537.00,1566968058,12140.24,51.47987540,7.39346846,183.15,12.71,-0.88,334.36,1,-87.00,-7.00,15.00,13.00,47.00,10.00,13884187,57
538.00,1566968059,12152.95,51.47997399,7.39340565,183.59,11.56,-1.15,338.00,1,-88.00,-6.00,16.00,15.00,43.00,10.00,13884187,57
539.00,1566968060,12164.50,51.48008003,7.39340394,184.06,10.97,-0.59,359.24,1,-88.00,-6.00,16.00,15.00,43.00,10.00,13884187,57
540.00,1566968061,12175.48,51.48017440,7.39343568,183.99,10.53,-0.44,14.51,1,-92.00,-6.00,16.00,11.00,39.00,10.00,13884187,57
541.00,1566968062,12186.02,51.48025120,7.39352151,184.15,10.66,0.13,35.66,1,-92.00,-6.00,16.00,11.00,39.00,10.00,13884187,57
542.00,1566968063,12196.68,51.48030384,7.39364106,184.40,11.35,0.69,55.01,1,-98.00,-6.00,29.00,9.00,34.00,10.00,13884187,57
543.00,1566968064,12208.02,51.48036236,7.39378067,184.74,12.07,0.72,56.44,1,-98.00,-6.00,29.00,9.00,34.00,10.00,13884187,57
544.00,1566968065,12220.11,51.48041678,7.39393206,185.20,13.00,0.93,57.67,1,-96.00,-6.00,19.00,12.00,37.00,10.00,13884187,57
545.00,1566968066,12233.11,51.48047909,7.39410673,185.47,14.30,1.30,59.25,1,-96.00,-6.00,19.00,12.00,37.00,10.00,13884187,57
546.00,1566968067,12247.41,51.48053928,7.39427788,185.69,14.76,0.45,60.18,1,-84.00,-4.00,18.00,2.00,50.00,10.00,13884187,57
547.00,1566968068,12262.15,51.48060421,7.39446222,185.48,15.48,0.72,59.95,1,-84.00,-4.00,18.00,2.00,50.00,10.00,13884187,57
548.00,1566968069,12277.63,51.48067166,7.39466104,185.10,16.16,0.69,60.39,1,-84.00,-5.00,17.00,2.00,48.00,10.00,13884187,57
549.00,1566968070,12293.79,51.48074235,7.39487174,184.78,16.78,0.61,59.62,1,-84.00,-5.00,17.00,2.00,48.00,10.00,13884187,57
550.00,1566968071,12310.57,51.48081448,7.39508658,184.39,17.54,0.76,59.99,1,-86.00,-5.00,19.00,2.00,46.00,10.00,13884187,57
551.00,1566968072,12328.11,51.48089202,7.39530187,184.31,18.30,0.76,59.29,1,-86.00,-5.00,19.00,2.00,46.00,10.00,13884187,57
552.00,1566968073,12346.41,51.48097421,7.39551838,184.03,18.25,-0.05,60.20,1,-86.00,-6.00,10.00,2.00,46.00,10.00,13884187,57
553.00,1566968074,12364.66,51.48105778,7.39574429,184.06,18.48,0.24,59.79,1,-86.00,-6.00,10.00,2.00,46.00,10.00,13884187,57
554.00,1566968075,12383.31,51.48113934,7.39597861,184.64,18.23,-0.25,60.38,1,-86.00,-5.00,6.00,2.00,47.00,10.00,13884187,57
555.00,1566968076,12401.37,51.48121943,7.39620662,185.63,18.11,-0.12,59.58,1,-86.00,-5.00,6.00,2.00,47.00,10.00,13884187,57
556.00,1566968077,12419.48,51.48130279,7.39643089,185.92,17.85,-0.26,59.05,1,-86.00,-5.00,6.00,2.00,47.00,10.00,13884187,57
557.00,1566968078,12437.33,51.48138439,7.39664636,186.12,17.48,-0.37,58.97,1,-88.00,-7.00,8.00,2.00,46.00,10.00,13884187,57
558.00,1566968079,12454.81,51.48146239,7.39685186,186.49,17.05,-0.43,58.67,1,-88.00,-7.00,8.00,2.00,46.00,10.00,13884187,57
559.00,1566968080,12471.89,51.48154061,7.39705919,186.72,16.64,-0.41,58.21,1,-94.00,-9.00,1.00,2.00,41.00,10.00,13884187,57
560.00,1566968081,12488.53,51.48162156,7.39725684,187.09,16.28,-0.36,57.33,1,-94.00,-9.00,1.00,2.00,41.00,10.00,13884187,57
561.00,1566968082,12504.80,51.48170467,7.39744797,186.99,15.86,-0.42,56.41,1,-98.00,-9.00,2.00,2.00,37.00,10.00,13884187,57
562.00,1566968083,12520.66,51.48178842,7.39762831,186.86,15.55,-0.31,55.15,1,-98.00,-9.00,2.00,2.00,37.00,10.00,13884187,57
563.00,1566968084,12536.20,51.48187689,7.39781530,187.00,15.47,-0.09,54.06,1,-101.00,-8.00,4.00,2.00,33.00,10.00,13884187,57
564.00,1566968085,12551.65,51.48196450,7.39798578,187.25,15.03,-0.44,52.76,1,-101.00,-8.00,4.00,2.00,33.00,10.00,13884187,57
565.00,1566968086,12566.77,51.48205396,7.39814587,187.44,14.71,-0.32,51.21,1,-96.00,-7.00,10.00,2.00,37.00,6.00,13884187,57
566.00,1566968087,12581.39,51.48214503,7.39829935,187.78,14.58,-0.12,49.25,1,-96.00,-7.00,10.00,2.00,37.00,6.00,13884187,57
567.00,1566968088,12596.01,51.48223728,7.39844656,188.03,14.17,-0.41,47.39,1,-94.00,-8.00,8.00,8.00,39.00,6.00,13884187,57
568.00,1566968089,12610.16,51.48233146,7.39858697,188.10,13.57,-0.61,45.41,1,-94.00,-8.00,8.00,8.00,39.00,6.00,13884187,57
569.00,1566968090,12623.73,51.48242330,7.39871388,188.09,13.29,-0.27,43.34,1,-101.00,-10.00,-3.00,8.00,35.00,6.00,13884187,57
570.00,1566968091,12637.03,51.48251431,7.39882684,188.10,13.03,-0.26,41.17,1,-101.00,-10.00,-3.00,8.00,35.00,6.00,13884187,57
571.00,1566968092,12650.05,51.48260733,7.39893822,187.82,12.54,-0.49,39.61,1,-99.00,-12.00,0.00,8.00,37.00,6.00,13884187,57
572.00,1566968093,12662.59,51.48270353,7.39904370,187.83,12.78,0.24,37.54,1,-99.00,-12.00,0.00,8.00,37.00,6.00,13884187,57
573.00,1566968094,12675.36,51.48279221,7.39914074,187.52,11.70,-1.08,36.68,1,-96.00,-11.00,2.00,10.00,41.00,6.00,13884187,57
574.00,1566968095,12687.07,51.48289102,7.39924767,187.11,12.83,1.13,35.82,1,-96.00,-11.00,2.00,10.00,41.00,6.00,13884187,57
575.00,1566968096,12699.90,51.48300066,7.39936480,186.81,14.85,2.02,34.78,1,-92.00,-10.00,4.00,2.00,45.00,6.00,13884187,57
576.00,1566968097,12714.75,51.48311391,7.39948878,186.93,14.87,0.02,34.18,1,-92.00,-10.00,4.00,2.00,45.00,6.00,13884187,57
577.00,1566968098,12729.71,51.48323133,7.39961047,187.12,15.65,0.78,33.80,1,-93.00,-8.00,10.00,2.00,39.00,6.00,13884186,59
578.00,1566968099,12745.26,51.48335169,7.39973067,187.26,15.76,0.11,33.89,1,-93.00,-8.00,10.00,2.00,39.00,6.00,13884186,59
579.00,1566968100,12761.03,51.48347574,7.39985450,187.25,15.61,-0.14,34.32,1,-93.00,-8.00,10.00,2.00,39.00,6.00,13884186,59
580.00,1566968101,12776.63,51.48360163,7.39998508,187.41,15.76,0.14,34.46,1,-93.00,-7.00,6.00,2.00,39.00,6.00,13884186,59
581.00,1566968102,12792.39,51.48372441,7.40011390,187.39,15.98,0.23,34.98,1,-93.00,-7.00,6.00,2.00,39.00,6.00,13884186,59
581.99,1566968103,12808.35,51.48384567,7.40024457,187.30,15.94,-0.04,35.36,1,-96.00,-8.00,17.00,2.00,38.00,6.00,13884186,59
583.00,1566968104,12824.31,51.48396356,7.40037943,187.22,15.87,-0.07,35.86,1,-96.00,-8.00,17.00,2.00,38.00,6.00,13884186,59
584.00,1566968105,12840.18,51.48407789,7.40051702,187.22,15.88,0.01,36.90,1,-99.00,-9.00,7.00,6.00,34.00,5.00,13884186,59
585.00,1566968106,12856.08,51.48419171,7.40065281,187.22,16.15,0.27,37.67,1,-99.00,-9.00,7.00,6.00,34.00,5.00,13884186,59
586.00,1566968107,12872.23,51.48431031,7.40080778,187.24,16.30,0.15,38.63,1,-95.00,-7.00,7.00,9.00,36.00,5.00,13884186,59
587.00,1566968108,12888.52,51.48442743,7.40096373,187.51,15.99,-0.31,39.54,1,-95.00,-7.00,7.00,9.00,36.00,5.00,13884186,59
588.00,1566968109,12904.51,51.48453885,7.40111964,187.56,15.63,-0.37,40.67,1,-97.00,-7.00,2.00,11.00,34.00,5.00,13884186,59
589.00,1566968110,12920.14,51.48464649,7.40127339,187.78,15.55,-0.08,41.59,1,-97.00,-7.00,2.00,11.00,34.00,5.00,13884186,59
590.00,1566968111,12935.69,51.48474731,7.40142615,187.85,15.42,-0.13,42.56,1,-95.00,-7.00,12.00,12.00,38.00,5.00,13884186,59
591.00,1566968112,12951.12,51.48484757,7.40158041,187.92,15.36,-0.05,43.40,1,-95.00,-7.00,12.00,12.00,38.00,5.00,13884186,59
592.00,1566968113,12966.48,51.48494493,7.40173947,187.86,15.59,0.23,44.22,1,-96.00,-7.00,10.00,2.00,40.00,5.00,13884186,59
593.00,1566968114,12982.06,51.48504107,7.40190061,187.57,15.93,0.34,45.01,1,-96.00,-7.00,10.00,2.00,40.00,5.00,13884186,59
594.00,1566968115,12997.99,51.48513685,7.40206969,187.11,16.09,0.16,45.78,1,-97.00,-7.00,6.00,2.00,35.00,5.00,13884186,59
595.00,1566968116,13014.08,51.48523392,7.40224167,186.59,16.20,0.11,46.60,1,-97.00,-7.00,6.00,2.00,35.00,5.00,13884186,59
596.00,1566968117,13030.28,51.48533195,7.40242209,186.24,15.97,-0.23,47.27,1,-97.00,-8.00,11.00,2.00,35.00,5.00,13884186,59
597.00,1566968118,13046.26,51.48542721,7.40259739,185.96,15.87,-0.09,48.03,1,-97.00,-8.00,11.00,2.00,35.00,5.00,13884186,59
598.00,1566968119,13062.26,51.48551703,7.40277016,185.79,15.73,-0.14,48.69,1,-97.00,-8.00,10.00,2.00,36.00,5.00,13884186,59
599.00,1566968120,13077.85,51.48560332,7.40293946,185.47,15.58,-0.16,49.53,1,-97.00,-8.00,10.00,2.00,36.00,5.00,13884186,59
599.99,1566968121,13093.41,51.48568697,7.40311297,185.03,15.41,-0.16,50.50,1,-97.00,-8.00,10.00,2.00,36.00,5.00,13884186,59
601.00,1566968122,13108.84,51.48577107,7.40328819,184.56,15.36,-0.06,51.44,1,-96.00,-7.00,11.00,2.00,36.00,5.00,13884186,59
602.00,1566968123,13124.20,51.48585012,7.40346514,184.15,15.21,-0.14,52.39,1,-96.00,-7.00,11.00,2.00,36.00,5.00,13884186,59
603.00,1566968124,13139.41,51.48592633,7.40363207,183.87,14.85,-0.36,52.97,1,-93.00,-7.00,31.00,2.00,39.00,6.00,13884186,59
603.99,1566968125,13154.23,51.48599929,7.40380134,183.72,14.53,-0.32,54.26,1,-93.00,-7.00,31.00,2.00,39.00,6.00,13884186,59
605.00,1566968126,13168.81,51.48606985,7.40396560,183.48,13.95,-0.58,54.89,1,-91.00,-6.00,21.00,10.00,42.00,6.00,13884186,59
606.00,1566968127,13182.76,51.48614103,7.40413248,183.42,13.44,-0.51,54.17,1,-91.00,-6.00,21.00,10.00,42.00,6.00,13884186,59
607.00,1566968128,13196.19,51.48620017,7.40428201,183.47,12.01,-1.44,56.26,1,-89.00,-6.00,8.00,6.00,43.00,12.00,13821978,171
608.00,1566968129,13208.20,51.48626746,7.40445440,183.36,12.97,0.97,57.10,1,-89.00,-6.00,8.00,6.00,43.00,12.00,13821978,171
609.00,1566968130,13221.18,51.48632699,7.40462285,182.70,12.39,-0.59,57.66,1,-91.00,-7.00,13.00,10.00,41.00,12.00,13821978,171
610.00,1566968131,13233.57,51.48638829,7.40479444,182.29,13.46,1.07,56.89,1,-91.00,-7.00,13.00,10.00,41.00,12.00,13821978,171
611.00,1566968132,13247.04,51.48645095,7.40496420,181.66,13.78,0.32,57.73,1,-88.00,-8.00,12.00,13.00,46.00,12.00,13821978,171
612.00,1566968133,13260.81,51.48651167,7.40512975,180.92,13.67,-0.11,58.27,1,-88.00,-8.00,12.00,13.00,46.00,12.00,13821978,171
613.00,1566968134,13274.47,51.48656921,7.40530345,180.03,13.71,0.04,59.21,1,-85.00,-7.00,19.00,15.00,49.00,12.00,13821978,171
614.00,1566968135,13288.18,51.48662795,7.40548123,179.36,13.46,-0.25,60.07,1,-85.00,-7.00,19.00,15.00,49.00,12.00,13821978,171
615.00,1566968136,13301.63,51.48668296,7.40566084,179.14,13.62,0.16,61.41,1,-81.00,-8.00,19.00,8.00,53.00,12.00,13821978,171
616.00,1566968137,13315.26,51.48674068,7.40585164,179.04,14.29,0.68,62.37,1,-81.00,-8.00,19.00,8.00,53.00,12.00,13821978,171
617.00,1566968138,13329.54,51.48679163,7.40604534,178.65,14.81,0.52,63.57,1,-80.00,-8.00,1.00,2.00,58.00,12.00,13821978,171
618.00,1566968139,13344.34,51.48684712,7.40625782,178.13,15.11,0.30,64.94,1,-80.00,-8.00,1.00,2.00,58.00,12.00,13821978,171
619.01,1566968140,13359.65,51.48690017,7.40646797,177.70,15.06,-0.05,66.06,1,-75.00,-5.00,16.00,2.00,56.00,12.00,13828122,277
620.00,1566968141,13374.56,51.48694620,7.40666578,177.36,15.16,0.10,66.95,1,-75.00,-5.00,16.00,2.00,56.00,12.00,13828122,277
620.99,1566968142,13389.66,51.48698602,7.40685464,176.75,14.39,-0.78,68.53,1,-75.00,-5.00,16.00,2.00,56.00,12.00,13828122,277
622.00,1566968143,13404.08,51.48702873,7.40705661,176.35,14.16,-0.23,70.28,1,-80.00,-11.00,12.00,8.00,57.00,4.00,13828122,277
623.00,1566968144,13418.23,51.48707005,7.40724785,176.15,13.82,-0.34,71.23,1,-80.00,-11.00,12.00,8.00,57.00,4.00,13828122,277
624.00,1566968145,13432.04,51.48710804,7.40743787,176.02,13.85,0.03,72.04,1,-76.00,-5.00,25.00,14.00,55.00,4.00,13828122,277
624.99,1566968146,13445.88,51.48714569,7.40762976,175.87,13.61,-0.24,71.88,1,-76.00,-5.00,25.00,14.00,55.00,4.00,13828122,277
626.00,1566968147,13459.50,51.48718426,7.40782005,175.76,13.34,-0.27,72.26,1,-70.00,-5.00,29.00,13.00,59.00,4.00,13828122,277
627.00,1566968148,13472.85,51.48721703,7.40800351,175.39,12.99,-0.35,73.51,1,-70.00,-5.00,29.00,13.00,59.00,4.00,13828122,277
627.99,1566968149,13485.82,51.48725257,7.40820338,174.91,13.50,0.50,74.14,1,-76.00,-5.00,23.00,15.00,56.00,4.00,13828122,277
629.00,1566968150,13499.34,51.48728698,7.40839957,174.50,13.70,0.21,74.49,1,-76.00,-5.00,23.00,15.00,56.00,4.00,13828122,277
630.00,1566968151,13513.03,51.48731777,7.40861124,173.94,13.91,0.20,75.57,1,-74.00,-5.00,22.00,13.00,57.00,4.00,13828122,277
631.00,1566968152,13526.93,51.48733886,7.40880386,173.25,13.98,0.08,76.79,1,-74.00,-5.00,22.00,13.00,57.00,4.00,13828122,277
632.00,1566968153,13540.91,51.48736110,7.40900316,172.65,14.17,0.19,77.47,1,-76.00,-6.00,23.00,14.00,54.00,4.00,13828122,277
632.99,1566968154,13555.07,51.48738072,7.40920147,171.96,13.79,-0.38,79.07,1,-76.00,-6.00,23.00,14.00,54.00,4.00,13828122,277
634.00,1566968155,13568.88,51.48740107,7.40939752,171.67,13.74,-0.05,80.07,1,-81.00,-5.00,20.00,11.00,50.00,4.00,13828122,277
635.00,1566968156,13582.62,51.48742114,7.40959511,171.69,13.48,-0.26,80.27,1,-81.00,-5.00,20.00,11.00,50.00,4.00,13828122,277
635.99,1566968157,13596.08,51.48743912,7.40977959,171.74,12.84,-0.64,80.09,1,-87.00,-7.00,18.00,11.00,45.00,4.00,13828122,277
637.00,1566968158,13608.94,51.48745750,7.40995845,171.77,12.57,-0.27,79.96,1,-87.00,-7.00,18.00,11.00,45.00,4.00,13828122,277
638.00,1566968159,13621.53,51.48747402,7.41011834,171.26,11.57,-1.00,80.42,1,-87.00,-8.00,11.00,14.00,46.00,4.00,13828122,277
639.00,1566968160,13633.10,51.48748837,7.41028684,170.96,10.59,-0.99,81.29,1,-87.00,-8.00,11.00,14.00,46.00,4.00,13828122,277
640.00,1566968161,13643.76,51.48749955,7.41042563,170.63,9.09,-1.49,82.28,1,-89.00,-8.00,10.00,14.00,43.00,4.00,13828122,277
641.00,1566968162,13652.78,51.48750752,7.41055737,170.15,8.82,-0.27,83.20,1,-89.00,-8.00,10.00,14.00,43.00,4.00,13828122,277
642.00,1566968163,13661.60,51.48751497,7.41068657,169.83,8.38,-0.44,83.45,1,-89.00,-8.00,10.00,14.00,43.00,4.00,13828122,277
643.00,1566968164,13669.98,51.48752098,7.41080146,169.64,8.13,-0.25,82.59,1,-88.00,-7.00,8.00,2.00,49.00,6.00,13828122,277
644.00,1566968165,13678.10,51.48755304,7.41091630,169.47,7.78,-0.35,59.41,1,-88.00,-7.00,8.00,2.00,49.00,6.00,13828122,277
645.00,1566968166,13685.89,51.48758534,7.41101307,169.49,7.65,-0.14,58.03,1,-90.00,-8.00,10.00,13.00,44.00,6.00,13828122,277
646.00,1566968167,13693.54,51.48763928,7.41103050,169.40,7.34,-0.31,12.39,1,-90.00,-8.00,10.00,13.00,44.00,6.00,13828122,277
647.00,1566968168,13700.88,51.48769002,7.41101818,168.92,6.62,-0.72,355.89,1,-90.00,-8.00,8.00,13.00,43.00,6.00,13828122,277
648.00,1566968169,13707.50,51.48775495,7.41100139,168.60,7.42,0.79,354.39,1,-90.00,-8.00,8.00,13.00,43.00,6.00,13828122,277
649.00,1566968170,13714.91,51.48782276,7.41097815,168.55,7.32,-0.10,352.65,1,-84.00,-5.00,10.00,6.00,47.00,6.00,13821978,171
650.00,1566968171,13722.23,51.48789153,7.41095200,168.43,8.11,0.79,351.80,1,-84.00,-5.00,10.00,6.00,47.00,6.00,13821978,171
651.00,1566968172,13730.34,51.48798561,7.41092394,168.24,10.10,1.99,351.28,1,-83.00,-5.00,24.00,12.00,47.00,6.00,13821978,171
652.00,1566968173,13740.43,51.48808771,7.41089062,168.25,11.57,1.47,351.51,1,-83.00,-5.00,24.00,12.00,47.00,6.00,13821978,171
653.00,1566968174,13752.00,51.48819034,7.41085722,168.46,12.05,0.48,351.02,1,-84.00,-7.00,15.00,10.00,48.00,6.00,13821978,171
654.00,1566968175,13764.07,51.48829448,7.41083037,169.26,12.04,-0.01,351.34,1,-84.00,-7.00,15.00,10.00,48.00,6.00,13821978,171
655.00,1566968176,13776.10,51.48838782,7.41080333,169.85,10.43,-1.62,350.73,1,-76.00,-5.00,16.00,12.00,54.00,6.00,13821978,171
656.00,1566968177,13786.52,51.48847622,7.41077349,170.44,9.88,-0.55,349.96,1,-76.00,-5.00,16.00,12.00,54.00,6.00,13821978,171
657.00,1566968178,13796.40,51.48856632,7.41074612,171.31,9.69,-0.19,348.99,1,-74.00,-6.00,12.00,11.00,56.00,6.00,13821978,171
658.00,1566968179,13806.10,51.48864575,7.41072007,172.02,8.42,-1.27,348.49,1,-74.00,-6.00,12.00,11.00,56.00,6.00,13821978,171
659.00,1566968180,13814.55,51.48872340,7.41069585,172.80,8.10,-0.33,348.09,1,-79.00,-7.00,19.00,2.00,52.00,6.00,13821978,171
660.00,1566968181,13822.64,51.48879481,7.41066884,173.16,8.28,0.18,347.20,1,-79.00,-7.00,19.00,2.00,52.00,6.00,13821978,171
661.01,1566968182,13830.99,51.48887470,7.41064380,173.07,9.47,1.19,347.79,1,-75.00,-6.00,14.00,2.00,56.00,6.00,13821978,171
662.00,1566968183,13840.35,51.48896213,7.41061467,172.51,10.97,1.51,348.08,1,-75.00,-6.00,14.00,2.00,56.00,6.00,13821978,171
663.00,1566968184,13851.34,51.48906382,7.41058018,171.88,11.38,0.42,347.66,1,-75.00,-6.00,14.00,2.00,56.00,6.00,13821978,171
664.00,1566968185,13862.69,51.48917164,7.41054239,171.54,11.79,0.41,347.24,1,-68.00,-5.00,30.00,15.00,61.00,5.00,13821978,171
665.00,1566968186,13874.48,51.48927584,7.41050262,170.67,12.04,0.25,346.26,1,-68.00,-5.00,30.00,15.00,61.00,5.00,13821978,171
665.99,1566968187,13886.51,51.48938044,7.41046360,169.74,12.37,0.34,346.46,1,-70.00,-5.00,24.00,15.00,56.00,5.00,13821978,171
666.99,1566968188,13898.88,51.48949133,7.41042455,168.96,12.84,0.47,346.55,1,-70.00,-5.00,24.00,15.00,56.00,5.00,13821978,171
668.00,1566968189,13911.73,51.48959643,7.41038479,168.39,11.73,-1.11,346.18,1,-72.00,-5.00,29.00,15.00,57.00,5.00,13821978,171
669.00,1566968190,13923.47,51.48970722,7.41034429,167.83,12.00,0.27,346.51,1,-72.00,-5.00,29.00,15.00,57.00,5.00,13821978,171
670.00,1566968191,13935.47,51.48980157,7.41030867,167.68,9.71,-2.29,346.50,1,-75.00,-5.00,21.00,6.00,56.00,5.00,13821978,171
671.00,1566968192,13945.17,51.48988256,7.41027345,168.40,7.62,-2.09,346.14,1,-75.00,-5.00,21.00,6.00,56.00,5.00,13821978,171
672.00,1566968193,13952.79,51.48992692,7.41027420,168.96,4.50,-3.12,1.51,1,-72.00,-5.00,16.00,2.00,61.00,5.00,13821978,171
673.00,1566968194,13957.29,51.48995959,7.41030008,169.03,3.94,-0.55,31.85,1,-72.00,-5.00,16.00,2.00,61.00,5.00,13821978,171
674.00,1566968195,13961.23,51.48999845,7.41035910,169.75,5.23,1.28,55.69,1,-73.00,-5.00,15.00,2.00,56.00,5.00,13821978,171
674.99,1566968196,13966.46,51.49002314,7.41043979,169.93,6.06,0.84,73.69,1,-73.00,-5.00,15.00,2.00,56.00,5.00,13821978,171
676.00,1566968197,13972.53,51.49004889,7.41053413,169.91,7.79,1.73,74.30,1,-75.00,-5.00,17.00,2.00,56.00,5.00,13821978,171
677.00,1566968198,13980.32,51.49007381,7.41066668,169.44,9.04,1.25,74.77,1,-75.00,-5.00,17.00,2.00,56.00,5.00,13821978,171
678.00,1566968199,13989.37,51.49009898,7.41080153,168.96,10.19,1.15,75.76,1,-78.00,-6.00,14.00,2.00,54.00,5.00,13821978,171
679.00,1566968200,13999.54,51.49012301,7.41094549,168.06,11.28,1.09,75.41,1,-78.00,-6.00,14.00,2.00,54.00,5.00,13821978,171
