0.01,1566546140,0.02,51.44998365,7.48826480,245.77,10.27,0.00,167.40,0,-98.00,-9.00,0.00,0.00,43.00,0.00,0,67
0.01,1566546140,0.02,51.44998365,7.48826480,245.77,10.27,0.00,167.40,0,-102.00,-13.00,0.00,0.00,43.00,0.00,0,125
0.01,1566546140,0.03,51.44998365,7.48826480,245.77,10.27,0.00,167.40,0,-95.00,-8.00,0.00,0.00,41.00,0.00,0,320
0.01,1566546140,0.03,51.44998365,7.48826480,245.77,10.27,0.00,167.40,0,-100.00,-12.00,0.00,0.00,40.00,0.00,0,76
1.00,1566546141,10.19,51.44990031,7.48829925,246.63,11.00,0.00,167.86,0,-98.00,-9.00,0.00,0.00,43.00,0.00,0,67
1.00,1566546141,10.20,51.44990031,7.48829925,246.63,11.00,0.00,167.86,0,-102.00,-13.00,0.00,0.00,43.00,0.00,0,125
1.00,1566546141,10.20,51.44990031,7.48829925,246.63,11.00,0.00,167.86,0,-95.00,-8.00,0.00,0.00,41.00,0.00,0,320
1.00,1566546141,10.21,51.44990031,7.48829925,246.63,11.00,0.00,167.86,0,-100.00,-12.00,0.00,0.00,40.00,0.00,0,76
2.00,1566546142,21.19,51.44981014,7.48833314,247.33,10.97,0.00,168.64,0,-99.00,-9.00,0.00,0.00,42.00,0.00,0,67
2.00,1566546142,21.20,51.44981014,7.48833314,247.33,10.97,0.00,168.64,0,-104.00,-13.00,0.00,0.00,41.00,0.00,0,125
2.00,1566546142,21.21,51.44981014,7.48833314,247.33,10.97,0.00,168.64,0,-97.00,-9.00,0.00,0.00,41.00,0.00,0,320
2.00,1566546142,21.22,51.44981014,7.48833314,247.33,10.97,0.00,168.64,0,-102.00,-11.00,0.00,0.00,39.00,0.00,0,76
3.00,1566546143,32.16,51.45100060,7.49195570,247.31,12.48,0.00,170.04,0,-99.00,-9.00,0.00,0.00,42.00,0.00,0,67
3.00,1566546143,32.17,51.45100060,7.49195570,247.31,12.48,0.00,170.04,0,-104.00,-13.00,0.00,0.00,41.00,0.00,0,125
3.00,1566546143,32.19,51.45100060,7.49195570,247.31,12.48,0.00,170.04,0,-97.00,-9.00,0.00,0.00,41.00,0.00,0,320
3.00,1566546143,32.19,51.45100060,7.49195570,247.31,12.48,0.00,170.04,0,-102.00,-11.00,0.00,0.00,39.00,0.00,0,76
4.00,1566546144,44.64,51.44957707,7.48839278,247.17,13.07,0.00,171.93,0,-99.00,-10.00,0.00,0.00,43.00,0.00,0,67
4.00,1566546144,44.66,51.44957707,7.48839278,247.17,13.07,0.00,171.93,0,-101.00,-12.00,0.00,0.00,42.00,0.00,0,125
4.00,1566546144,44.67,51.44957707,7.48839278,247.17,13.07,0.00,171.93,0,-99.00,-10.00,0.00,0.00,40.00,0.00,0,320
4.00,1566546144,44.67,51.44957707,7.48839278,247.17,13.07,0.00,171.93,0,-99.00,-10.00,0.00,0.00,39.00,0.00,0,76
5.00,1566546145,57.72,51.44944641,7.48841283,246.63,14.22,0.00,173.83,0,-99.00,-10.00,0.00,0.00,43.00,0.00,0,67
5.00,1566546145,57.72,51.44944641,7.48841283,246.63,14.22,0.00,173.83,0,-101.00,-12.00,0.00,0.00,42.00,0.00,0,125
5.00,1566546145,57.73,51.44944641,7.48841283,246.63,14.22,0.00,173.83,0,-99.00,-10.00,0.00,0.00,40.00,0.00,0,320
5.00,1566546145,57.75,51.44944641,7.48841283,246.63,14.22,0.00,173.83,0,-99.00,-10.00,0.00,0.00,39.00,0.00,0,76
6.00,1566546146,71.96,51.44930493,7.48843410,246.04,14.98,0.00,174.66,0,-101.00,-11.00,0.00,0.00,44.00,0.00,0,66
6.00,1566546146,71.96,51.44930493,7.48843410,246.04,14.98,0.00,174.66,0,-102.00,-13.00,0.00,0.00,43.00,0.00,0,67
6.00,1566546146,71.97,51.44930493,7.48843410,246.04,14.98,0.00,174.66,0,-99.00,-11.00,0.00,0.00,40.00,0.00,0,319
6.00,1566546146,71.99,51.44930493,7.48843410,246.04,14.98,0.00,174.66,0,-101.00,-12.00,0.00,0.00,40.00,0.00,0,320
7.00,1566546147,86.92,51.44916856,7.48844290,245.80,15.55,0.00,175.85,0,-101.00,-11.00,0.00,0.00,44.00,0.00,0,66
7.00,1566546147,86.94,51.44916856,7.48844290,245.80,15.55,0.00,175.85,0,-102.00,-13.00,0.00,0.00,43.00,0.00,0,67
7.00,1566546147,86.94,51.44916856,7.48844290,245.80,15.55,0.00,175.85,0,-99.00,-11.00,0.00,0.00,40.00,0.00,0,319
7.00,1566546147,86.95,51.44916856,7.48844290,245.80,15.55,0.00,175.85,0,-101.00,-12.00,0.00,0.00,40.00,0.00,0,320
33.99,1566546174,506.69,51.44559504,7.48921174,259.75,17.78,0.00,138.19,0,-101.00,-12.00,0.00,0.00,43.00,0.00,0,124
33.99,1566546174,506.71,51.44559504,7.48921174,259.75,17.78,0.00,138.19,0,-99.00,-12.00,0.00,0.00,42.00,0.00,0,75
34.99,1566546175,524.49,51.44548745,7.48940487,260.35,17.35,0.00,135.27,0,-101.00,-12.00,0.00,0.00,43.00,0.00,0,124
35.00,1566546175,524.51,51.44548745,7.48940487,260.35,17.35,0.00,135.27,0,-99.00,-12.00,0.00,0.00,42.00,0.00,0,75
36.00,1566546176,541.85,51.44539239,7.48959635,260.94,16.18,0.00,132.56,0,-99.00,-11.00,0.00,0.00,43.00,0.00,0,124
36.00,1566546176,541.87,51.44539239,7.48959635,260.94,16.18,0.00,132.56,0,-103.00,-14.00,0.00,0.00,43.00,0.00,0,66
36.00,1566546176,541.87,51.44539239,7.48959635,260.94,16.18,0.00,132.56,0,-99.00,-9.00,0.00,0.00,39.00,0.00,0,75
36.00,1566546176,541.88,51.44539239,7.48959635,260.94,16.18,0.00,132.56,0,-102.00,-12.00,0.00,0.00,39.00,0.00,0,319
37.00,1566546177,558.04,51.44531152,7.48978417,261.63,16.23,0.00,130.83,0,-99.00,-11.00,0.00,0.00,43.00,0.00,0,124
37.00,1566546177,558.04,51.44531152,7.48978417,261.63,16.23,0.00,130.83,0,-103.00,-14.00,0.00,0.00,43.00,0.00,0,66
37.00,1566546177,558.06,51.44531152,7.48978417,261.63,16.23,0.00,130.83,0,-99.00,-9.00,0.00,0.00,39.00,0.00,0,75
37.00,1566546177,558.08,51.44531152,7.48978417,261.63,16.23,0.00,130.83,0,-102.00,-12.00,0.00,0.00,39.00,0.00,0,319
38.00,1566546178,574.25,51.44523931,7.48996633,262.18,16.05,0.00,129.53,0,-100.00,-10.00,0.00,0.00,41.00,0.00,0,124
38.00,1566546178,574.27,51.44523931,7.48996633,262.18,16.05,0.00,129.53,0,-105.00,-14.00,0.00,0.00,40.00,0.00,0,66
38.00,1566546178,574.28,51.44523931,7.48996633,262.18,16.05,0.00,129.53,0,-99.00,-9.00,0.00,0.00,39.00,0.00,0,75
38.00,1566546178,574.28,51.44523931,7.48996633,262.18,16.05,0.00,129.53,0,-105.00,-13.00,0.00,0.00,37.00,0.00,0,319
39.00,1566546179,590.32,51.44515765,7.49015722,262.81,15.98,0.00,128.60,0,-100.00,-10.00,0.00,0.00,41.00,0.00,0,124
39.00,1566546179,590.34,51.44515765,7.49015722,262.81,15.98,0.00,128.60,0,-105.00,-14.00,0.00,0.00,40.00,0.00,0,66
39.00,1566546179,590.34,51.44515765,7.49015722,262.81,15.98,0.00,128.60,0,-99.00,-9.00,0.00,0.00,39.00,0.00,0,75
39.00,1566546179,590.35,51.44515765,7.49015722,262.81,15.98,0.00,128.60,0,-105.00,-13.00,0.00,0.00,37.00,0.00,0,319
39.99,1566546180,606.26,51.44507021,7.49035655,263.51,15.42,0.00,127.86,0,-106.00,-15.00,0.00,0.00,41.00,0.00,0,125
40.00,1566546180,606.28,51.44507021,7.49035655,263.51,15.42,0.00,127.86,0,-106.00,-15.00,0.00,0.00,40.00,0.00,0,66
40.00,1566546180,606.29,51.44507021,7.49035655,263.51,15.42,0.00,127.86,0,-104.00,-13.00,0.00,0.00,38.00,0.00,0,76
40.99,1566546181,621.68,51.44498417,7.49055332,264.38,14.46,0.00,127.08,0,-106.00,-15.00,0.00,0.00,41.00,0.00,0,125
41.00,1566546181,621.70,51.44498417,7.49055332,264.38,14.46,0.00,127.08,0,-106.00,-15.00,0.00,0.00,40.00,0.00,0,66
41.00,1566546181,621.71,51.44498417,7.49055332,264.38,14.46,0.00,127.08,0,-104.00,-13.00,0.00,0.00,38.00,0.00,0,76
134.09,1566546275,1197.60,51.44115367,7.48715902,277.29,14.32,0.00,232.19,0,-90.00,-11.00,0.00,0.00,51.00,0.00,0,77
135.09,1566546276,1211.92,51.44107400,7.48699611,277.64,14.14,0.00,232.57,0,-90.00,-11.00,0.00,0.00,51.00,0.00,0,77
136.10,1566546277,1226.18,51.44099288,7.48683183,277.86,14.34,0.00,231.85,0,-87.00,-9.00,0.00,0.00,55.00,0.00,0,123
136.10,1566546277,1226.20,51.44099288,7.48683183,277.86,14.34,0.00,231.85,0,-88.00,-9.00,0.00,0.00,51.00,0.00,0,77
136.10,1566546277,1226.21,51.44099288,7.48683183,277.86,14.34,0.00,231.85,0,-92.00,-15.00,0.00,0.00,52.00,0.00,0,76
137.09,1566546278,1240.41,51.44091077,7.48667373,278.53,14.52,0.00,231.26,0,-87.00,-9.00,0.00,0.00,55.00,0.00,0,123
137.10,1566546278,1240.42,51.44091077,7.48667373,278.53,14.52,0.00,231.26,0,-88.00,-9.00,0.00,0.00,51.00,0.00,0,77
137.10,1566546278,1240.43,51.44091077,7.48667373,278.53,14.52,0.00,231.26,0,-92.00,-15.00,0.00,0.00,52.00,0.00,0,76
138.10,1566546279,1254.94,51.44082546,7.48650382,279.13,14.87,0.00,231.31,0,-87.00,-9.00,0.00,0.00,55.00,0.00,0,123
138.10,1566546279,1254.95,51.44082546,7.48650382,279.13,14.87,0.00,231.31,0,-88.00,-9.00,0.00,0.00,51.00,0.00,0,77
138.10,1566546279,1254.95,51.44082546,7.48650382,279.13,14.87,0.00,231.31,0,-92.00,-15.00,0.00,0.00,52.00,0.00,0,76
139.09,1566546280,1269.75,51.44075099,7.48634094,279.19,14.84,0.00,232.50,0,-86.00,-11.00,0.00,0.00,54.00,0.00,0,75
140.09,1566546281,1284.62,51.44067233,7.48616686,279.42,14.95,0.00,233.12,0,-86.00,-11.00,0.00,0.00,54.00,0.00,0,75
141.09,1566546282,1299.59,51.44058771,7.48598561,279.81,15.25,0.00,233.04,0,-87.00,-10.00,0.00,0.00,55.00,0.00,0,124
141.09,1566546282,1299.59,51.44058771,7.48598561,279.81,15.25,0.00,233.04,0,-87.00,-11.00,0.00,0.00,54.00,0.00,0,75
142.09,1566546283,1314.84,51.44050318,7.48580117,280.13,15.40,0.00,232.48,0,-87.00,-10.00,0.00,0.00,55.00,0.00,0,124
142.10,1566546283,1314.85,51.44050318,7.48580117,280.13,15.40,0.00,232.48,0,-87.00,-11.00,0.00,0.00,54.00,0.00,0,75
143.09,1566546284,1330.22,51.44041367,7.48561027,280.26,14.93,0.00,232.91,0,-79.00,-12.00,0.00,0.00,62.00,0.00,0,75
144.09,1566546285,1345.15,51.43701410,7.47847190,280.16,14.22,0.00,233.84,0,-79.00,-12.00,0.00,0.00,62.00,0.00,0,75
178.10,1566546319,1842.27,51.43781738,7.47891606,290.09,13.09,0.00,239.72,0,-112.00,-13.00,0.00,0.00,32.00,0.00,0,205
179.09,1566546320,1855.26,51.43774740,7.47871600,289.47,12.79,0.00,239.40,0,-112.00,-13.00,0.00,0.00,32.00,0.00,0,205
180.09,1566546321,1868.06,51.43767038,7.47850731,289.02,13.41,0.00,240.52,0,-112.00,-13.00,0.00,0.00,32.00,0.00,0,205
181.09,1566546322,1881.48,51.43759853,7.47830704,289.07,13.41,0.00,240.13,0,-113.00,-14.00,0.00,0.00,33.00,0.00,0,205
181.10,1566546322,1881.49,51.43759853,7.47830704,289.07,13.41,0.00,240.13,0,-113.00,-15.00,0.00,0.00,35.00,0.00,0,100
182.09,1566546323,1894.89,51.43752599,7.47810559,289.19,14.41,0.00,239.37,0,-113.00,-14.00,0.00,0.00,33.00,0.00,0,205
182.09,1566546323,1894.89,51.43752599,7.47810559,289.19,14.41,0.00,239.37,0,-113.00,-15.00,0.00,0.00,35.00,0.00,0,100
183.09,1566546324,1909.29,51.43745710,7.47789554,288.79,15.43,0.00,240.61,0,-114.00,-14.00,0.00,0.00,31.00,0.00,0,205
183.09,1566546324,1909.30,51.43745710,7.47789554,288.79,15.43,0.00,240.61,0,-116.00,-15.00,0.00,0.00,32.00,0.00,0,458
184.09,1566546325,1924.73,51.43701410,7.47847190,288.48,14.84,0.00,240.97,0,-114.00,-14.00,0.00,0.00,31.00,0.00,0,205
184.10,1566546325,1924.75,51.43701410,7.47847190,288.48,14.84,0.00,240.97,0,-116.00,-15.00,0.00,0.00,32.00,0.00,0,458
185.10,1566546326,1939.60,51.43732140,7.47747780,287.78,14.32,0.00,241.80,0,-112.00,-12.00,0.00,0.00,32.00,0.00,0,100
185.10,1566546326,1939.61,51.43732140,7.47747780,287.78,14.32,0.00,241.80,0,-114.00,-13.00,0.00,0.00,31.00,0.00,0,205
185.10,1566546326,1939.62,51.43732140,7.47747780,287.78,14.32,0.00,241.80,0,-118.00,-18.00,0.00,0.00,32.00,0.00,0,458
185.10,1566546326,1939.62,51.43732140,7.47747780,287.78,14.32,0.00,241.80,0,-112.00,-11.00,0.00,0.00,27.00,0.00,0,334
185.10,1566546326,1939.64,51.43732140,7.47747780,287.78,14.32,0.00,241.80,0,-115.00,-12.00,0.00,0.00,27.00,0.00,0,383
186.10,1566546327,1953.92,51.43726568,7.47726914,287.76,14.48,0.00,244.00,0,-112.00,-12.00,0.00,0.00,32.00,0.00,0,100
186.10,1566546327,1953.92,51.43726568,7.47726914,287.76,14.48,0.00,244.00,0,-114.00,-13.00,0.00,0.00,31.00,0.00,0,205
186.10,1566546327,1953.93,51.43726568,7.47726914,287.76,14.48,0.00,244.00,0,-118.00,-18.00,0.00,0.00,32.00,0.00,0,458
186.10,1566546327,1953.95,51.43726568,7.47726914,287.76,14.48,0.00,244.00,0,-112.00,-11.00,0.00,0.00,27.00,0.00,0,334
186.10,1566546327,1953.95,51.43726568,7.47726914,287.76,14.48,0.00,244.00,0,-115.00,-12.00,0.00,0.00,27.00,0.00,0,383
187.10,1566546328,1968.43,51.43722038,7.47706500,288.35,14.32,0.00,245.69,0,-112.00,-12.00,0.00,0.00,31.00,0.00,0,205
187.10,1566546328,1968.44,51.43722038,7.47706500,288.35,14.32,0.00,245.69,0,-116.00,-16.00,0.00,0.00,32.00,0.00,0,100
187.10,1566546328,1968.44,51.43722038,7.47706500,288.35,14.32,0.00,245.69,0,-111.00,-9.00,0.00,0.00,27.00,0.00,0,334
187.10,1566546328,1968.46,51.43722038,7.47706500,288.35,14.32,0.00,245.69,0,-113.00,-11.00,0.00,0.00,26.00,0.00,0,383
187.10,1566546328,1968.47,51.43722038,7.47706500,288.35,14.32,0.00,245.69,0,-112.00,-6.00,0.00,0.00,27.00,0.00,0,196
187.10,1566546328,1968.48,51.43722038,7.47706500,288.35,14.32,0.00,245.69,0,-97.00,-11.00,0.00,0.00,42.00,0.00,0,88
187.10,1566546328,1968.48,51.43722038,7.47706500,288.35,14.32,0.00,245.69,0,-103.00,-16.00,0.00,0.00,43.00,0.00,0,488
187.10,1566546328,1968.50,51.43722038,7.47706500,288.35,14.32,0.00,245.69,0,-95.00,-8.00,0.00,0.00,39.00,0.00,0,430
188.10,1566546329,1982.73,51.43717768,7.47685166,289.29,13.71,0.00,249.08,0,-112.00,-12.00,0.00,0.00,31.00,0.00,0,205
188.10,1566546329,1982.75,51.43717768,7.47685166,289.29,13.71,0.00,249.08,0,-116.00,-16.00,0.00,0.00,32.00,0.00,0,100
188.10,1566546329,1982.76,51.43717768,7.47685166,289.29,13.71,0.00,249.08,0,-111.00,-9.00,0.00,0.00,27.00,0.00,0,334
188.10,1566546329,1982.77,51.43717768,7.47685166,289.29,13.71,0.00,249.08,0,-113.00,-11.00,0.00,0.00,26.00,0.00,0,383
188.10,1566546329,1982.77,51.43717768,7.47685166,289.29,13.71,0.00,249.08,0,-112.00,-6.00,0.00,0.00,27.00,0.00,0,196
188.10,1566546329,1982.79,51.43717768,7.47685166,289.29,13.71,0.00,249.08,0,-97.00,-11.00,0.00,0.00,42.00,0.00,0,88
188.10,1566546329,1982.80,51.43717768,7.47685166,289.29,13.71,0.00,249.08,0,-103.00,-16.00,0.00,0.00,43.00,0.00,0,488
188.10,1566546329,1982.81,51.43717768,7.47685166,289.29,13.71,0.00,249.08,0,-95.00,-8.00,0.00,0.00,39.00,0.00,0,430
189.10,1566546330,1996.42,51.43716541,7.47661713,289.10,13.40,0.00,261.85,0,-113.00,-12.00,0.00,0.00,27.00,0.00,0,334
189.10,1566546330,1996.43,51.43716541,7.47661713,289.10,13.40,0.00,261.85,0,-115.00,-8.00,0.00,0.00,25.00,0.00,0,196
189.10,1566546330,1996.44,51.43716541,7.47661713,289.10,13.40,0.00,261.85,0,-97.00,-10.00,0.00,0.00,42.00,0.00,0,88
189.10,1566546330,1996.44,51.43716541,7.47661713,289.10,13.40,0.00,261.85,0,-102.00,-14.00,0.00,0.00,42.00,0.00,0,488
189.10,1566546330,1996.46,51.43716541,7.47661713,289.10,13.40,0.00,261.85,0,-94.00,-8.00,0.00,0.00,39.00,0.00,0,430
190.10,1566546331,2009.82,51.43717908,7.47642857,289.25,10.82,0.00,276.83,0,-113.00,-12.00,0.00,0.00,27.00,0.00,0,334
190.10,1566546331,2009.82,51.43717908,7.47642857,289.25,10.82,0.00,276.83,0,-115.00,-8.00,0.00,0.00,25.00,0.00,0,196
190.10,1566546331,2009.83,51.43717908,7.47642857,289.25,10.82,0.00,276.83,0,-97.00,-10.00,0.00,0.00,42.00,0.00,0,88
190.10,1566546331,2009.84,51.43717908,7.47642857,289.25,10.82,0.00,276.83,0,-102.00,-14.00,0.00,0.00,42.00,0.00,0,488
190.10,1566546331,2009.86,51.43717908,7.47642857,289.25,10.82,0.00,276.83,0,-94.00,-8.00,0.00,0.00,39.00,0.00,0,430
227.09,1566546368,2787.24,51.44195015,7.48423034,277.53,26.95,0.00,29.35,0,-96.00,-13.00,0.00,0.00,49.00,0.00,0,125
228.09,1566546369,2814.19,51.44215199,7.48440603,276.51,26.56,0.00,27.29,0,-96.00,-13.00,0.00,0.00,49.00,0.00,0,125
229.09,1566546370,2840.85,51.44235292,7.48457526,275.30,26.42,0.00,26.14,0,-89.00,-10.00,0.00,0.00,53.00,0.00,0,123
229.09,1566546370,2840.88,51.44235292,7.48457526,275.30,26.42,0.00,26.14,0,-93.00,-14.00,0.00,0.00,53.00,0.00,0,124
230.09,1566546371,2867.27,51.44256100,7.48473832,274.22,26.25,0.00,24.93,0,-89.00,-10.00,0.00,0.00,53.00,0.00,0,123
230.09,1566546371,2867.30,51.44256100,7.48473832,274.22,26.25,0.00,24.93,0,-93.00,-14.00,0.00,0.00,53.00,0.00,0,124
231.09,1566546372,2893.53,51.44277222,7.48489976,273.28,26.00,0.00,24.02,0,-84.00,-12.00,0.00,0.00,56.00,0.00,0,77
232.09,1566546373,2919.53,51.44298657,7.48504651,272.44,25.74,0.00,23.91,0,-84.00,-12.00,0.00,0.00,56.00,0.00,0,77
237.09,1566546378,3044.11,51.44399174,7.48572526,267.95,21.82,0.00,21.79,0,-84.00,-12.00,0.00,0.00,59.00,0.00,0,124
237.09,1566546378,3044.13,51.44399174,7.48572526,267.95,21.82,0.00,21.79,0,-82.00,-11.00,0.00,0.00,57.00,0.00,0,75
238.09,1566546379,3065.95,51.44417363,7.48584134,267.21,19.93,0.00,23.43,0,-84.00,-12.00,0.00,0.00,59.00,0.00,0,124
238.09,1566546379,3065.95,51.44417363,7.48584134,267.21,19.93,0.00,23.43,0,-82.00,-11.00,0.00,0.00,57.00,0.00,0,75
239.09,1566546380,3085.87,51.44430931,7.48595217,266.57,17.32,0.00,28.28,0,-92.00,-13.00,0.00,0.00,52.00,0.00,0,124
239.10,1566546380,3085.89,51.44430931,7.48595217,266.57,17.32,0.00,28.28,0,-85.00,-13.00,0.00,0.00,55.00,0.00,0,75
240.09,1566546381,3103.19,51.44444339,7.48607334,266.13,16.37,0.00,29.95,0,-92.00,-13.00,0.00,0.00,52.00,0.00,0,124
240.10,1566546381,3103.20,51.44444339,7.48607334,266.13,16.37,0.00,29.95,0,-85.00,-13.00,0.00,0.00,55.00,0.00,0,75
248.09,1566546389,3214.34,51.44449365,7.48741292,264.81,14.55,0.00,144.55,0,-92.00,-13.00,0.00,0.00,53.00,0.00,0,124
248.09,1566546389,3214.35,51.44449365,7.48741292,264.81,14.55,0.00,144.55,0,-89.00,-11.00,0.00,0.00,51.00,0.00,0,75
249.09,1566546390,3228.88,51.44437021,7.48749694,264.28,14.38,0.00,158.52,0,-92.00,-13.00,0.00,0.00,53.00,0.00,0,124
249.09,1566546390,3228.90,51.44437021,7.48749694,264.28,14.38,0.00,158.52,0,-89.00,-11.00,0.00,0.00,51.00,0.00,0,75
250.09,1566546391,3243.27,51.44423801,7.48751627,263.58,14.53,0.00,176.42,0,-88.00,-10.00,0.00,0.00,55.00,0.00,0,124
250.09,1566546391,3243.28,51.44423801,7.48751627,263.58,14.53,0.00,176.42,0,-86.00,-9.00,0.00,0.00,52.00,0.00,0,75
251.09,1566546392,3257.81,51.44409293,7.48748313,262.90,14.97,0.00,193.20,0,-88.00,-10.00,0.00,0.00,55.00,0.00,0,124
251.10,1566546392,3257.83,51.44409293,7.48748313,262.90,14.97,0.00,193.20,0,-86.00,-9.00,0.00,0.00,52.00,0.00,0,75
254.09,1566546395,3303.57,51.44382086,7.48706818,261.97,14.96,0.00,242.39,0,-92.00,-10.00,0.00,0.00,47.00,0.00,0,75
255.09,1566546396,3318.52,51.44378838,7.48686565,262.14,15.33,0.00,260.18,0,-92.00,-10.00,0.00,0.00,47.00,0.00,0,75
256.10,1566546397,3333.87,51.44375987,7.48663407,262.18,16.15,0.00,262.72,0,-90.00,-12.00,0.00,0.00,54.00,0.00,0,124
256.10,1566546397,3333.87,51.44375987,7.48663407,262.18,16.15,0.00,262.72,0,-91.00,-10.00,0.00,0.00,48.00,0.00,0,75
257.09,1566546398,3350.00,51.44373833,7.48638478,262.74,17.10,0.00,264.83,0,-90.00,-12.00,0.00,0.00,54.00,0.00,0,124
257.10,1566546398,3350.02,51.44373833,7.48638478,262.74,17.10,0.00,264.83,0,-91.00,-10.00,0.00,0.00,48.00,0.00,0,75
258.10,1566546399,3367.12,51.44372909,7.48614969,263.24,18.28,0.00,265.85,0,-98.00,-12.00,0.00,0.00,46.00,0.00,0,124
258.10,1566546399,3367.12,51.44372909,7.48614969,263.24,18.28,0.00,265.85,0,-93.00,-11.00,0.00,0.00,47.00,0.00,0,75
259.09,1566546400,3385.38,51.44371415,7.48585105,263.57,19.25,0.00,266.58,0,-98.00,-12.00,0.00,0.00,46.00,0.00,0,124
259.10,1566546400,3385.40,51.44371415,7.48585105,263.57,19.25,0.00,266.58,0,-93.00,-11.00,0.00,0.00,47.00,0.00,0,75
288.09,1566546429,4139.70,51.44308855,7.47495535,259.34,29.90,0.00,258.41,0,-90.00,-10.00,0.00,0.00,52.00,0.00,0,123
289.09,1566546430,4169.59,51.44303123,7.47452141,258.59,30.22,0.00,257.97,0,-90.00,-10.00,0.00,0.00,52.00,0.00,0,123
290.09,1566546431,4199.82,51.44297609,7.47409217,257.67,30.79,0.00,258.06,0,-95.00,-11.00,0.00,0.00,48.00,0.00,0,123
291.09,1566546432,4230.61,51.44292057,7.47365673,256.65,31.20,0.00,257.97,0,-95.00,-11.00,0.00,0.00,48.00,0.00,0,123
296.09,1566546437,4385.64,51.44264883,7.47147524,251.19,30.85,0.00,258.61,0,-112.00,-15.00,0.00,0.00,34.00,0.00,0,125
297.10,1566546438,4416.58,51.44259328,7.47103879,250.30,30.91,0.00,258.38,0,-112.00,-15.00,0.00,0.00,34.00,0.00,0,125
298.10,1566546439,4447.42,51.44253412,7.47058526,249.64,30.60,0.00,258.26,0,-114.00,-13.00,0.00,0.00,30.00,0.00,0,125
298.10,1566546439,4447.42,51.44253412,7.47058526,249.64,30.60,0.00,258.26,0,-116.00,-14.00,0.00,0.00,29.00,0.00,0,123
299.09,1566546440,4477.99,51.44247983,7.47016352,248.90,30.64,0.00,257.99,0,-114.00,-13.00,0.00,0.00,30.00,0.00,0,125
299.10,1566546440,4478.02,51.44247983,7.47016352,248.90,30.64,0.00,257.99,0,-116.00,-14.00,0.00,0.00,29.00,0.00,0,123
300.10,1566546441,4508.66,51.44242491,7.46974172,248.16,30.26,0.00,257.70,0,-115.00,-14.00,0.00,0.00,30.00,0.00,0,125
300.10,1566546441,4508.69,51.44242491,7.46974172,248.16,30.26,0.00,257.70,0,-117.00,-16.00,0.00,0.00,29.00,0.00,0,123
301.09,1566546442,4538.88,51.44236973,7.46932063,247.26,30.18,0.00,258.31,0,-115.00,-14.00,0.00,0.00,30.00,0.00,0,125
301.10,1566546442,4538.91,51.44236973,7.46932063,247.26,30.18,0.00,258.31,0,-117.00,-16.00,0.00,0.00,29.00,0.00,0,123
302.10,1566546443,4569.09,51.44231360,7.46889448,246.37,30.03,0.00,258.07,0,-114.00,-13.00,0.00,0.00,30.00,0.00,0,125
302.10,1566546443,4569.12,51.44231360,7.46889448,246.37,30.03,0.00,258.07,0,-116.00,-15.00,0.00,0.00,30.00,0.00,0,123
303.10,1566546444,4599.12,51.44225966,7.46846716,245.77,29.88,0.00,258.31,0,-114.00,-13.00,0.00,0.00,30.00,0.00,0,125
303.10,1566546444,4599.15,51.44225966,7.46846716,245.77,29.88,0.00,258.31,0,-116.00,-15.00,0.00,0.00,30.00,0.00,0,123
309.10,1566546450,4773.20,51.44196722,7.46601967,243.22,26.85,0.00,261.28,0,-110.00,-11.00,0.00,0.00,32.00,0.00,0,231
309.10,1566546450,4773.23,51.44196722,7.46601967,243.22,26.85,0.00,261.28,0,-110.00,-10.00,0.00,0.00,30.00,0.00,0,195
309.10,1566546450,4773.23,51.44196722,7.46601967,243.22,26.85,0.00,261.28,0,-116.00,-15.00,0.00,0.00,31.00,0.00,0,125
310.10,1566546451,4800.05,51.44192927,7.46564464,242.59,26.33,0.00,260.65,0,-110.00,-11.00,0.00,0.00,32.00,0.00,0,231
310.10,1566546451,4800.08,51.44192927,7.46564464,242.59,26.33,0.00,260.65,0,-110.00,-10.00,0.00,0.00,30.00,0.00,0,195
310.10,1566546451,4800.10,51.44192927,7.46564464,242.59,26.33,0.00,260.65,0,-116.00,-15.00,0.00,0.00,31.00,0.00,0,125
311.10,1566546452,4826.39,51.44188829,7.46526852,242.02,26.74,0.00,260.05,0,-113.00,-12.00,0.00,0.00,31.00,0.00,0,231
311.10,1566546452,4826.39,51.44188829,7.46526852,242.02,26.74,0.00,260.05,0,-117.00,-16.00,0.00,0.00,31.00,0.00,0,249
311.10,1566546452,4826.41,51.44188829,7.46526852,242.02,26.74,0.00,260.05,0,-118.00,-17.00,0.00,0.00,31.00,0.00,0,123
312.10,1566546453,4853.10,51.44185495,7.46489960,241.64,26.02,0.00,261.65,0,-113.00,-12.00,0.00,0.00,31.00,0.00,0,231
312.10,1566546453,4853.13,51.44185495,7.46489960,241.64,26.02,0.00,261.65,0,-117.00,-16.00,0.00,0.00,31.00,0.00,0,249
312.10,1566546453,4853.15,51.44185495,7.46489960,241.64,26.02,0.00,261.65,0,-118.00,-17.00,0.00,0.00,31.00,0.00,0,123
313.09,1566546454,4879.10,51.44181909,7.46452854,241.30,25.65,0.00,261.74,0,-107.00,-16.00,0.00,0.00,39.00,0.00,0,488
314.09,1566546455,4904.75,51.44178454,7.46416386,240.97,25.34,0.00,262.29,0,-107.00,-16.00,0.00,0.00,39.00,0.00,0,488
317.09,1566546458,4974.96,51.44171519,7.46320705,240.08,21.95,0.00,263.78,0,-106.00,-13.00,0.00,0.00,35.00,0.00,0,488
317.09,1566546458,4974.99,51.44171519,7.46320705,240.08,21.95,0.00,263.78,0,-109.00,-16.00,0.00,0.00,35.00,0.00,0,486
318.10,1566546459,4997.03,51.44169476,7.46288938,239.65,22.66,0.00,264.02,0,-106.00,-13.00,0.00,0.00,35.00,0.00,0,488
318.10,1566546459,4997.05,51.44169476,7.46288938,239.65,22.66,0.00,264.02,0,-109.00,-16.00,0.00,0.00,35.00,0.00,0,486
319.10,1566546460,5019.68,51.44167514,7.46256477,239.15,23.41,0.00,263.96,0,-105.00,-12.00,0.00,0.00,36.00,0.00,0,488
319.10,1566546460,5019.71,51.44167514,7.46256477,239.15,23.41,0.00,263.96,0,-110.00,-16.00,0.00,0.00,36.00,0.00,0,486
320.09,1566546461,5043.08,51.44165671,7.46222329,238.72,24.60,0.00,264.55,0,-105.00,-12.00,0.00,0.00,36.00,0.00,0,488
320.10,1566546461,5043.10,51.44165671,7.46222329,238.72,24.60,0.00,264.55,0,-110.00,-16.00,0.00,0.00,36.00,0.00,0,486
321.10,1566546462,5067.70,51.44164902,7.46186099,238.59,26.10,0.00,266.77,0,-107.00,-14.00,0.00,0.00,36.00,0.00,0,488
321.10,1566546462,5067.73,51.44164902,7.46186099,238.59,26.10,0.00,266.77,0,-109.00,-16.00,0.00,0.00,36.00,0.00,0,123
321.10,1566546462,5067.75,51.44164902,7.46186099,238.59,26.10,0.00,266.77,0,-110.00,-18.00,0.00,0.00,36.00,0.00,0,486
322.10,1566546463,5093.80,51.44163164,7.46149333,238.27,26.98,0.00,265.20,0,-107.00,-14.00,0.00,0.00,36.00,0.00,0,488
322.10,1566546463,5093.83,51.44163164,7.46149333,238.27,26.98,0.00,265.20,0,-109.00,-16.00,0.00,0.00,36.00,0.00,0,123
322.10,1566546463,5093.86,51.44163164,7.46149333,238.27,26.98,0.00,265.20,0,-110.00,-18.00,0.00,0.00,36.00,0.00,0,486
323.10,1566546464,5120.79,51.44161089,7.46110815,237.68,27.91,0.00,265.59,0,-109.00,-15.00,0.00,0.00,36.00,0.00,0,488
324.09,1566546465,5148.67,51.44159416,7.46071360,236.83,28.74,0.00,266.20,0,-109.00,-15.00,0.00,0.00,36.00,0.00,0,488
325.10,1566546466,5177.50,51.44157691,7.46030640,235.88,29.09,0.00,266.61,0,-109.00,-13.00,0.00,0.00,33.00,0.00,0,488
325.10,1566546466,5177.53,51.44157691,7.46030640,235.88,29.09,0.00,266.61,0,-112.00,-16.00,0.00,0.00,33.00,0.00,0,486
325.10,1566546466,5177.56,51.44157691,7.46030640,235.88,29.09,0.00,266.61,0,-109.00,-11.00,0.00,0.00,32.00,0.00,0,231
325.10,1566546466,5177.56,51.44157691,7.46030640,235.88,29.09,0.00,266.61,0,-110.00,-11.00,0.00,0.00,32.00,0.00,0,123
325.10,1566546466,5177.59,51.44157691,7.46030640,235.88,29.09,0.00,266.61,0,-114.00,-15.00,0.00,0.00,32.00,0.00,0,125
325.10,1566546466,5177.62,51.44157691,7.46030640,235.88,29.09,0.00,266.61,0,-127.00,-16.00,0.00,0.00,22.00,0.00,0,93
326.10,1566546467,5206.59,51.44156330,7.45988076,235.02,29.68,0.00,267.29,0,-109.00,-13.00,0.00,0.00,33.00,0.00,0,488
326.10,1566546467,5206.62,51.44156330,7.45988076,235.02,29.68,0.00,267.29,0,-112.00,-16.00,0.00,0.00,33.00,0.00,0,486
326.10,1566546467,5206.65,51.44156330,7.45988076,235.02,29.68,0.00,267.29,0,-109.00,-11.00,0.00,0.00,32.00,0.00,0,231
326.10,1566546467,5206.68,51.44156330,7.45988076,235.02,29.68,0.00,267.29,0,-110.00,-11.00,0.00,0.00,32.00,0.00,0,123
326.10,1566546467,5206.68,51.44156330,7.45988076,235.02,29.68,0.00,267.29,0,-114.00,-15.00,0.00,0.00,32.00,0.00,0,125
326.10,1566546467,5206.71,51.44156330,7.45988076,235.02,29.68,0.00,267.29,0,-127.00,-16.00,0.00,0.00,22.00,0.00,0,93
327.11,1566546468,5236.63,51.44155162,7.45944745,234.37,30.17,0.00,267.75,0,-108.00,-13.00,0.00,0.00,35.00,0.00,0,488
327.11,1566546468,5236.66,51.44155162,7.45944745,234.37,30.17,0.00,267.75,0,-111.00,-16.00,0.00,0.00,35.00,0.00,0,486
327.11,1566546468,5236.69,51.44155162,7.45944745,234.37,30.17,0.00,267.75,0,-114.00,-20.00,0.00,0.00,35.00,0.00,0,123
327.11,1566546468,5236.69,51.44155162,7.45944745,234.37,30.17,0.00,267.75,0,-108.00,-11.00,0.00,0.00,33.00,0.00,0,123
327.11,1566546468,5236.72,51.44155162,7.45944745,234.37,30.17,0.00,267.75,0,-108.00,-10.00,0.00,0.00,33.00,0.00,0,231
327.11,1566546468,5236.75,51.44155162,7.45944745,234.37,30.17,0.00,267.75,0,-111.00,-13.00,0.00,0.00,33.00,0.00,0,125
327.11,1566546468,5236.75,51.44155162,7.45944745,234.37,30.17,0.00,267.75,0,-127.00,-17.00,0.00,0.00,23.00,0.00,0,13
327.11,1566546468,5236.78,51.44155162,7.45944745,234.37,30.17,0.00,267.75,0,-127.00,-16.00,0.00,0.00,22.00,0.00,0,362
327.12,1566546468,5236.81,51.44155162,7.45944745,234.37,30.17,0.00,267.75,0,-129.00,-18.00,0.00,0.00,22.00,0.00,0,93
327.12,1566546468,5236.84,51.44155162,7.45944745,234.37,30.17,0.00,267.75,0,-94.00,-8.00,0.00,0.00,38.00,0.00,0,198
328.10,1566546469,5266.53,51.44154519,7.45901510,233.96,29.73,0.00,268.39,0,-108.00,-13.00,0.00,0.00,35.00,0.00,0,488
328.10,1566546469,5266.56,51.44154519,7.45901510,233.96,29.73,0.00,268.39,0,-111.00,-16.00,0.00,0.00,35.00,0.00,0,486
328.10,1566546469,5266.56,51.44154519,7.45901510,233.96,29.73,0.00,268.39,0,-114.00,-20.00,0.00,0.00,35.00,0.00,0,123
328.10,1566546469,5266.59,51.44154519,7.45901510,233.96,29.73,0.00,268.39,0,-108.00,-11.00,0.00,0.00,33.00,0.00,0,123
328.10,1566546469,5266.62,51.44154519,7.45901510,233.96,29.73,0.00,268.39,0,-108.00,-10.00,0.00,0.00,33.00,0.00,0,231
328.10,1566546469,5266.65,51.44154519,7.45901510,233.96,29.73,0.00,268.39,0,-111.00,-13.00,0.00,0.00,33.00,0.00,0,125
328.10,1566546469,5266.65,51.44154519,7.45901510,233.96,29.73,0.00,268.39,0,-127.00,-17.00,0.00,0.00,23.00,0.00,0,13
328.11,1566546469,5266.68,51.44154519,7.45901510,233.96,29.73,0.00,268.39,0,-127.00,-16.00,0.00,0.00,22.00,0.00,0,362
328.11,1566546469,5266.71,51.44154519,7.45901510,233.96,29.73,0.00,268.39,0,-129.00,-18.00,0.00,0.00,22.00,0.00,0,93
328.11,1566546469,5266.71,51.44154519,7.45901510,233.96,29.73,0.00,268.39,0,-94.00,-8.00,0.00,0.00,38.00,0.00,0,198
329.10,1566546470,5296.26,51.44153788,7.45858730,233.57,29.67,0.00,268.08,0,-108.00,-13.00,0.00,0.00,35.00,0.00,0,488
329.10,1566546470,5296.29,51.44153788,7.45858730,233.57,29.67,0.00,268.08,0,-111.00,-16.00,0.00,0.00,35.00,0.00,0,486
329.10,1566546470,5296.29,51.44153788,7.45858730,233.57,29.67,0.00,268.08,0,-114.00,-20.00,0.00,0.00,35.00,0.00,0,123
329.10,1566546470,5296.31,51.44153788,7.45858730,233.57,29.67,0.00,268.08,0,-108.00,-11.00,0.00,0.00,33.00,0.00,0,123
329.10,1566546470,5296.34,51.44153788,7.45858730,233.57,29.67,0.00,268.08,0,-108.00,-10.00,0.00,0.00,33.00,0.00,0,231
329.10,1566546470,5296.37,51.44153788,7.45858730,233.57,29.67,0.00,268.08,0,-111.00,-13.00,0.00,0.00,33.00,0.00,0,125
329.10,1566546470,5296.37,51.44153788,7.45858730,233.57,29.67,0.00,268.08,0,-127.00,-17.00,0.00,0.00,23.00,0.00,0,13
329.11,1566546470,5296.40,51.44153788,7.45858730,233.57,29.67,0.00,268.08,0,-127.00,-16.00,0.00,0.00,22.00,0.00,0,362
329.11,1566546470,5296.43,51.44153788,7.45858730,233.57,29.67,0.00,268.08,0,-129.00,-18.00,0.00,0.00,22.00,0.00,0,93
329.11,1566546470,5296.43,51.44153788,7.45858730,233.57,29.67,0.00,268.08,0,-94.00,-8.00,0.00,0.00,38.00,0.00,0,198
332.09,1566546473,5385.92,51.44152126,7.45731207,233.71,30.21,0.00,269.77,0,-107.00,-10.00,0.00,0.00,34.00,0.00,0,231
332.10,1566546473,5385.95,51.44152126,7.45731207,233.71,30.21,0.00,269.77,0,-111.00,-14.00,0.00,0.00,34.00,0.00,0,125
333.09,1566546474,5416.12,51.44152004,7.45687241,233.95,30.85,0.00,270.65,0,-107.00,-10.00,0.00,0.00,34.00,0.00,0,231
333.10,1566546474,5416.15,51.44152004,7.45687241,233.95,30.85,0.00,270.65,0,-111.00,-14.00,0.00,0.00,34.00,0.00,0,125
334.10,1566546475,5447.01,51.44152029,7.45641846,233.96,31.30,0.00,269.89,0,-107.00,-10.00,0.00,0.00,34.00,0.00,0,231
334.10,1566546475,5447.01,51.44152029,7.45641846,233.96,31.30,0.00,269.89,0,-110.00,-13.00,0.00,0.00,35.00,0.00,0,125
335.10,1566546476,5478.31,51.44152180,7.45596823,234.09,31.44,0.00,270.71,0,-107.00,-10.00,0.00,0.00,34.00,0.00,0,231
335.10,1566546476,5478.34,51.44152180,7.45596823,234.09,31.44,0.00,270.71,0,-110.00,-13.00,0.00,0.00,35.00,0.00,0,125
336.10,1566546477,5509.75,51.44152875,7.45551484,234.06,31.67,0.00,271.16,0,-104.00,-9.00,0.00,0.00,37.00,0.00,0,231
336.10,1566546477,5509.78,51.44152875,7.45551484,234.06,31.67,0.00,271.16,0,-108.00,-13.00,0.00,0.00,38.00,0.00,0,125
337.09,1566546478,5541.39,51.44153842,7.45505487,234.22,32.13,0.00,272.26,0,-104.00,-9.00,0.00,0.00,37.00,0.00,0,231
337.10,1566546478,5541.42,51.44153842,7.45505487,234.22,32.13,0.00,272.26,0,-108.00,-13.00,0.00,0.00,38.00,0.00,0,125
390.10,1566546531,7442.96,51.44679343,7.42934955,201.76,34.37,0.00,311.43,0,-76.00,-4.00,0.00,0.00,60.00,0.00,0,233
391.09,1566546532,7477.09,51.44699194,7.42898461,200.40,35.07,0.00,312.08,0,-76.00,-4.00,0.00,0.00,60.00,0.00,0,233
392.09,1566546533,7512.16,51.44721212,7.42863095,198.70,35.51,0.00,314.94,0,-76.00,-4.00,0.00,0.00,60.00,0.00,0,233
395.09,1566546536,7620.50,51.44794117,7.42762436,190.79,36.35,0.00,318.69,0,-93.00,-17.00,0.00,0.00,56.00,0.00,0,49
396.09,1566546537,7656.85,51.44820594,7.42728799,188.48,36.59,0.00,320.54,0,-93.00,-17.00,0.00,0.00,56.00,0.00,0,49
399.09,1566546540,7767.04,51.44901467,7.42632827,184.11,37.21,0.00,325.08,0,-97.00,-13.00,0.00,0.00,49.00,0.00,0,49
400.09,1566546541,7804.25,51.44929937,7.42603704,182.56,37.37,0.00,326.73,0,-97.00,-13.00,0.00,0.00,49.00,0.00,0,49
401.10,1566546542,7841.65,51.44959353,7.42575217,181.06,37.64,0.00,328.56,0,-99.00,-10.00,0.00,0.00,44.00,0.00,0,49
402.09,1566546543,7879.25,51.44989011,7.42547939,179.92,37.30,0.00,330.10,0,-99.00,-10.00,0.00,0.00,44.00,0.00,0,49
407.10,1566546548,8067.43,51.45146583,7.42432602,173.31,37.94,0.00,338.25,0,-97.00,-11.00,0.00,0.00,44.00,0.00,0,414
407.10,1566546548,8067.47,51.45146583,7.42432602,173.31,37.94,0.00,338.25,0,-106.00,-17.00,0.00,0.00,42.00,0.00,0,49
407.10,1566546548,8067.47,51.45146583,7.42432602,173.31,37.94,0.00,338.25,0,-106.00,-14.00,0.00,0.00,40.00,0.00,0,249
407.10,1566546548,8067.51,51.45146583,7.42432602,173.31,37.94,0.00,338.25,0,-104.00,-7.00,0.00,0.00,34.00,0.00,0,491
407.10,1566546548,8067.54,51.45146583,7.42432602,173.31,37.94,0.00,338.25,0,-109.00,-9.00,0.00,0.00,32.00,0.00,0,74
407.10,1566546548,8067.54,51.45146583,7.42432602,173.31,37.94,0.00,338.25,0,0.00,0.00,0.00,0.00,63.00,0.00,0,493
407.10,1566546548,8067.58,51.45146583,7.42432602,173.31,37.94,0.00,338.25,0,0.00,0.00,0.00,0.00,63.00,0.00,0,26
407.11,1566546548,8067.62,51.45146583,7.42432602,173.31,37.94,0.00,338.25,0,0.00,0.00,0.00,0.00,63.00,0.00,0,62
407.11,1566546548,8067.66,51.45146583,7.42432602,173.31,37.94,0.00,338.25,0,0.00,0.00,0.00,0.00,63.00,0.00,0,61
408.10,1566546549,8105.33,51.45178737,7.42414342,171.87,37.55,0.00,339.63,0,-97.00,-11.00,0.00,0.00,44.00,0.00,0,414
408.10,1566546549,8105.37,51.45178737,7.42414342,171.87,37.55,0.00,339.63,0,-106.00,-17.00,0.00,0.00,42.00,0.00,0,49
408.10,1566546549,8105.40,51.45178737,7.42414342,171.87,37.55,0.00,339.63,0,-106.00,-14.00,0.00,0.00,40.00,0.00,0,249
408.10,1566546549,8105.44,51.45178737,7.42414342,171.87,37.55,0.00,339.63,0,-104.00,-7.00,0.00,0.00,34.00,0.00,0,491
408.10,1566546549,8105.44,51.45178737,7.42414342,171.87,37.55,0.00,339.63,0,-109.00,-9.00,0.00,0.00,32.00,0.00,0,74
408.10,1566546549,8105.48,51.45178737,7.42414342,171.87,37.55,0.00,339.63,0,0.00,0.00,0.00,0.00,63.00,0.00,0,493
408.10,1566546549,8105.52,51.45178737,7.42414342,171.87,37.55,0.00,339.63,0,0.00,0.00,0.00,0.00,63.00,0.00,0,26
408.10,1566546549,8105.52,51.45178737,7.42414342,171.87,37.55,0.00,339.63,0,0.00,0.00,0.00,0.00,63.00,0.00,0,62
408.11,1566546549,8105.55,51.45178737,7.42414342,171.87,37.55,0.00,339.63,0,0.00,0.00,0.00,0.00,63.00,0.00,0,61
411.11,1566546552,8219.11,51.45275165,7.42363685,167.79,38.01,0.00,342.70,0,-106.00,-14.00,0.00,0.00,40.00,0.00,0,49
411.11,1566546552,8219.11,51.45275165,7.42363685,167.79,38.01,0.00,342.70,0,-106.00,-14.00,0.00,0.00,40.00,0.00,0,97
411.11,1566546552,8219.15,51.45275165,7.42363685,167.79,38.01,0.00,342.70,0,-106.00,-15.00,0.00,0.00,41.00,0.00,0,358
411.11,1566546552,8219.19,51.45275165,7.42363685,167.79,38.01,0.00,342.70,0,-108.00,-7.00,0.00,0.00,30.00,0.00,0,491
411.11,1566546552,8219.23,51.45275165,7.42363685,167.79,38.01,0.00,342.70,0,-115.00,-9.00,0.00,0.00,28.00,0.00,0,74
411.11,1566546552,8219.23,51.45275165,7.42363685,167.79,38.01,0.00,342.70,0,0.00,0.00,0.00,0.00,63.00,0.00,0,493
412.10,1566546553,8256.74,51.45307620,7.42347276,166.87,38.11,0.00,342.96,0,-106.00,-14.00,0.00,0.00,40.00,0.00,0,49
412.10,1566546553,8256.78,51.45307620,7.42347276,166.87,38.11,0.00,342.96,0,-106.00,-14.00,0.00,0.00,40.00,0.00,0,97
412.10,1566546553,8256.82,51.45307620,7.42347276,166.87,38.11,0.00,342.96,0,-106.00,-15.00,0.00,0.00,41.00,0.00,0,358
412.10,1566546553,8256.82,51.45307620,7.42347276,166.87,38.11,0.00,342.96,0,-108.00,-7.00,0.00,0.00,30.00,0.00,0,491
412.10,1566546553,8256.85,51.45307620,7.42347276,166.87,38.11,0.00,342.96,0,-115.00,-9.00,0.00,0.00,28.00,0.00,0,74
412.10,1566546553,8256.89,51.45307620,7.42347276,166.87,38.11,0.00,342.96,0,0.00,0.00,0.00,0.00,63.00,0.00,0,493
413.10,1566546554,8294.85,51.45340222,7.42331366,165.58,38.26,0.00,343.28,0,-106.00,-14.00,0.00,0.00,40.00,0.00,0,49
413.10,1566546554,8294.89,51.45340222,7.42331366,165.58,38.26,0.00,343.28,0,-106.00,-14.00,0.00,0.00,40.00,0.00,0,97
413.10,1566546554,8294.89,51.45340222,7.42331366,165.58,38.26,0.00,343.28,0,-106.00,-15.00,0.00,0.00,41.00,0.00,0,358
413.10,1566546554,8294.93,51.45340222,7.42331366,165.58,38.26,0.00,343.28,0,-108.00,-7.00,0.00,0.00,30.00,0.00,0,491
413.10,1566546554,8294.96,51.45340222,7.42331366,165.58,38.26,0.00,343.28,0,-115.00,-9.00,0.00,0.00,28.00,0.00,0,74
413.10,1566546554,8295.00,51.45340222,7.42331366,165.58,38.26,0.00,343.28,0,0.00,0.00,0.00,0.00,63.00,0.00,0,493
414.10,1566546555,8333.03,51.45372697,7.42316444,164.19,37.92,0.00,343.70,0,-102.00,-13.00,0.00,0.00,42.00,0.00,0,49
414.10,1566546555,8333.03,51.45372697,7.42316444,164.19,37.92,0.00,343.70,0,-104.00,-13.00,0.00,0.00,41.00,0.00,0,97
415.10,1566546556,8370.95,51.45405275,7.42301660,162.83,37.86,0.00,344.03,0,-102.00,-13.00,0.00,0.00,42.00,0.00,0,49
415.10,1566546556,8370.99,51.45405275,7.42301660,162.83,37.86,0.00,344.03,0,-104.00,-13.00,0.00,0.00,41.00,0.00,0,97
416.09,1566546557,8408.58,51.45438071,7.42286962,161.48,37.91,0.00,343.75,0,-103.00,-14.00,0.00,0.00,42.00,0.00,0,49
416.09,1566546557,8408.62,51.45438071,7.42286962,161.48,37.91,0.00,343.75,0,-104.00,-15.00,0.00,0.00,42.00,0.00,0,375
416.09,1566546557,8408.62,51.45438071,7.42286962,161.48,37.91,0.00,343.75,0,-103.00,-12.00,0.00,0.00,40.00,0.00,0,97
416.09,1566546557,8408.62,51.45438071,7.42286962,161.48,37.91,0.00,343.75,0,-110.00,-7.00,0.00,0.00,29.00,0.00,0,491
416.09,1566546557,8408.62,51.45438071,7.42286962,161.48,37.91,0.00,343.75,0,-110.00,-7.00,0.00,0.00,28.00,0.00,0,74
417.10,1566546558,8446.80,51.45471351,7.42272549,160.00,38.15,0.00,343.57,0,-103.00,-14.00,0.00,0.00,42.00,0.00,0,49
417.10,1566546558,8446.84,51.45471351,7.42272549,160.00,38.15,0.00,343.57,0,-104.00,-15.00,0.00,0.00,42.00,0.00,0,375
417.10,1566546558,8446.88,51.45471351,7.42272549,160.00,38.15,0.00,343.57,0,-103.00,-12.00,0.00,0.00,40.00,0.00,0,97
417.10,1566546558,8446.88,51.45471351,7.42272549,160.00,38.15,0.00,343.57,0,-110.00,-7.00,0.00,0.00,29.00,0.00,0,491
417.10,1566546558,8446.91,51.45471351,7.42272549,160.00,38.15,0.00,343.57,0,-110.00,-7.00,0.00,0.00,28.00,0.00,0,74
418.10,1566546559,8484.99,51.45504643,7.42257911,158.62,38.60,0.00,343.18,0,-103.00,-13.00,0.00,0.00,42.00,0.00,0,414
418.10,1566546559,8485.03,51.45504643,7.42257911,158.62,38.60,0.00,343.18,0,-104.00,-14.00,0.00,0.00,41.00,0.00,0,97
418.10,1566546559,8485.03,51.45504643,7.42257911,158.62,38.60,0.00,343.18,0,-106.00,-16.00,0.00,0.00,41.00,0.00,0,249
418.10,1566546559,8485.06,51.45504643,7.42257911,158.62,38.60,0.00,343.18,0,-110.00,-7.00,0.00,0.00,29.00,0.00,0,491
418.10,1566546559,8485.10,51.45504643,7.42257911,158.62,38.60,0.00,343.18,0,-110.00,-7.00,0.00,0.00,28.00,0.00,0,74
418.10,1566546559,8485.10,51.45504643,7.42257911,158.62,38.60,0.00,343.18,0,0.00,0.00,0.00,0.00,63.00,0.00,0,493
419.10,1566546560,8523.55,51.45537790,7.42241799,157.64,38.39,0.00,342.63,0,-103.00,-13.00,0.00,0.00,42.00,0.00,0,414
419.10,1566546560,8523.59,51.45537790,7.42241799,157.64,38.39,0.00,342.63,0,-104.00,-14.00,0.00,0.00,41.00,0.00,0,97
419.10,1566546560,8523.63,51.45537790,7.42241799,157.64,38.39,0.00,342.63,0,-106.00,-16.00,0.00,0.00,41.00,0.00,0,249
419.10,1566546560,8523.66,51.45537790,7.42241799,157.64,38.39,0.00,342.63,0,-110.00,-7.00,0.00,0.00,29.00,0.00,0,491
419.10,1566546560,8523.66,51.45537790,7.42241799,157.64,38.39,0.00,342.63,0,-110.00,-7.00,0.00,0.00,28.00,0.00,0,74
419.10,1566546560,8523.70,51.45537790,7.42241799,157.64,38.39,0.00,342.63,0,0.00,0.00,0.00,0.00,63.00,0.00,0,493
420.10,1566546561,8561.93,51.45570824,7.42225542,156.70,38.21,0.00,341.96,0,-99.00,-12.00,0.00,0.00,44.00,0.00,0,414
420.10,1566546561,8561.97,51.45570824,7.42225542,156.70,38.21,0.00,341.96,0,-102.00,-14.00,0.00,0.00,44.00,0.00,0,97
420.10,1566546561,8562.01,51.45570824,7.42225542,156.70,38.21,0.00,341.96,0,-110.00,-7.00,0.00,0.00,29.00,0.00,0,491
420.10,1566546561,8562.01,51.45570824,7.42225542,156.70,38.21,0.00,341.96,0,-110.00,-7.00,0.00,0.00,28.00,0.00,0,74
420.10,1566546561,8562.05,51.45570824,7.42225542,156.70,38.21,0.00,341.96,0,0.00,0.00,0.00,0.00,63.00,0.00,0,493
421.10,1566546562,8600.15,51.45602787,7.42208916,156.07,37.77,0.00,341.09,0,-99.00,-12.00,0.00,0.00,44.00,0.00,0,414
421.10,1566546562,8600.18,51.45602787,7.42208916,156.07,37.77,0.00,341.09,0,-102.00,-14.00,0.00,0.00,44.00,0.00,0,97
421.10,1566546562,8600.18,51.45602787,7.42208916,156.07,37.77,0.00,341.09,0,-110.00,-7.00,0.00,0.00,29.00,0.00,0,491
421.10,1566546562,8600.22,51.45602787,7.42208916,156.07,37.77,0.00,341.09,0,-110.00,-7.00,0.00,0.00,28.00,0.00,0,74
421.10,1566546562,8600.26,51.45602787,7.42208916,156.07,37.77,0.00,341.09,0,0.00,0.00,0.00,0.00,63.00,0.00,0,493
422.10,1566546563,8637.88,51.45635038,7.42191091,155.50,37.70,0.00,339.97,0,-99.00,-13.00,0.00,0.00,46.00,0.00,0,414
422.10,1566546563,8637.91,51.45635038,7.42191091,155.50,37.70,0.00,339.97,0,-110.00,-7.00,0.00,0.00,29.00,0.00,0,491
422.10,1566546563,8637.95,51.45635038,7.42191091,155.50,37.70,0.00,339.97,0,-110.00,-7.00,0.00,0.00,28.00,0.00,0,74
422.10,1566546563,8637.95,51.45635038,7.42191091,155.50,37.70,0.00,339.97,0,0.00,0.00,0.00,0.00,63.00,0.00,0,493
423.10,1566546564,8675.58,51.45666876,7.42173119,155.03,37.76,0.00,339.03,0,-99.00,-13.00,0.00,0.00,46.00,0.00,0,414
423.10,1566546564,8675.62,51.45666876,7.42173119,155.03,37.76,0.00,339.03,0,-110.00,-7.00,0.00,0.00,29.00,0.00,0,491
423.10,1566546564,8675.65,51.45666876,7.42173119,155.03,37.76,0.00,339.03,0,-110.00,-7.00,0.00,0.00,28.00,0.00,0,74
423.10,1566546564,8675.69,51.45666876,7.42173119,155.03,37.76,0.00,339.03,0,0.00,0.00,0.00,0.00,63.00,0.00,0,493
426.10,1566546567,8789.20,51.45761334,7.42108378,154.67,37.69,0.00,335.17,0,-97.00,-13.00,0.00,0.00,47.00,0.00,0,233
426.10,1566546567,8789.20,51.45761334,7.42108378,154.67,37.69,0.00,335.17,0,-98.00,-12.00,0.00,0.00,47.00,0.00,0,375
426.10,1566546567,8789.24,51.45761334,7.42108378,154.67,37.69,0.00,335.17,0,-92.00,-9.00,0.00,0.00,45.00,0.00,0,144
427.10,1566546568,8826.86,51.45791775,7.42085259,154.57,37.57,0.00,333.98,0,-97.00,-13.00,0.00,0.00,47.00,0.00,0,233
427.10,1566546568,8826.90,51.45791775,7.42085259,154.57,37.57,0.00,333.98,0,-98.00,-12.00,0.00,0.00,47.00,0.00,0,375
427.10,1566546568,8826.93,51.45791775,7.42085259,154.57,37.57,0.00,333.98,0,-92.00,-9.00,0.00,0.00,45.00,0.00,0,144
428.10,1566546569,8864.46,51.45821943,7.42061777,154.59,37.19,0.00,333.10,0,-89.00,-9.00,0.00,0.00,52.00,0.00,0,233
428.10,1566546569,8864.50,51.45821943,7.42061777,154.59,37.19,0.00,333.10,0,-93.00,-12.00,0.00,0.00,51.00,0.00,0,375
428.10,1566546569,8864.54,51.45821943,7.42061777,154.59,37.19,0.00,333.10,0,-95.00,-15.00,0.00,0.00,52.00,0.00,0,414
428.10,1566546569,8864.58,51.45821943,7.42061777,154.59,37.19,0.00,333.10,0,-88.00,-9.00,0.00,0.00,50.00,0.00,0,436
428.10,1566546569,8864.58,51.45821943,7.42061777,154.59,37.19,0.00,333.10,0,-90.00,-10.00,0.00,0.00,48.00,0.00,0,144
429.10,1566546570,8901.66,51.45850974,7.42037063,154.53,36.47,0.00,332.35,0,-89.00,-9.00,0.00,0.00,52.00,0.00,0,233
429.10,1566546570,8901.69,51.45850974,7.42037063,154.53,36.47,0.00,332.35,0,-93.00,-12.00,0.00,0.00,51.00,0.00,0,375
429.10,1566546570,8901.73,51.45850974,7.42037063,154.53,36.47,0.00,332.35,0,-95.00,-15.00,0.00,0.00,52.00,0.00,0,414
429.10,1566546570,8901.77,51.45850974,7.42037063,154.53,36.47,0.00,332.35,0,-88.00,-9.00,0.00,0.00,50.00,0.00,0,436
429.10,1566546570,8901.77,51.45850974,7.42037063,154.53,36.47,0.00,332.35,0,-90.00,-10.00,0.00,0.00,48.00,0.00,0,144
430.10,1566546571,8938.13,51.45879713,7.42012625,154.35,36.07,0.00,331.89,0,-88.00,-9.00,0.00,0.00,52.00,0.00,0,375
430.10,1566546571,8938.13,51.45879713,7.42012625,154.35,36.07,0.00,331.89,0,-94.00,-14.00,0.00,0.00,52.00,0.00,0,233
430.10,1566546571,8938.17,51.45879713,7.42012625,154.35,36.07,0.00,331.89,0,-86.00,-10.00,0.00,0.00,51.00,0.00,0,436
431.10,1566546572,8974.17,51.45907996,7.41986988,154.27,35.89,0.00,330.57,0,-88.00,-9.00,0.00,0.00,52.00,0.00,0,375
431.10,1566546572,8974.20,51.45907996,7.41986988,154.27,35.89,0.00,330.57,0,-94.00,-14.00,0.00,0.00,52.00,0.00,0,233
431.10,1566546572,8974.24,51.45907996,7.41986988,154.27,35.89,0.00,330.57,0,-86.00,-10.00,0.00,0.00,51.00,0.00,0,436
432.10,1566546573,9010.35,51.45935554,7.41960544,153.86,35.84,0.00,329.20,0,-84.00,-8.00,0.00,0.00,55.00,0.00,0,375
432.10,1566546573,9010.38,51.45935554,7.41960544,153.86,35.84,0.00,329.20,0,-84.00,-9.00,0.00,0.00,54.00,0.00,0,144
432.11,1566546573,9010.42,51.45935554,7.41960544,153.86,35.84,0.00,329.20,0,-88.00,-14.00,0.00,0.00,55.00,0.00,0,436
433.09,1566546574,9045.72,51.45962705,7.41933677,153.53,36.05,0.00,328.13,0,-84.00,-8.00,0.00,0.00,55.00,0.00,0,375
433.09,1566546574,9045.76,51.45962705,7.41933677,153.53,36.05,0.00,328.13,0,-84.00,-9.00,0.00,0.00,54.00,0.00,0,144
433.09,1566546574,9045.76,51.45962705,7.41933677,153.53,36.05,0.00,328.13,0,-88.00,-14.00,0.00,0.00,55.00,0.00,0,436
434.10,1566546575,9081.98,51.45989457,7.41906138,153.23,36.01,0.00,327.05,0,-84.00,-8.00,0.00,0.00,55.00,0.00,0,375
434.10,1566546575,9081.98,51.45989457,7.41906138,153.23,36.01,0.00,327.05,0,-84.00,-9.00,0.00,0.00,54.00,0.00,0,144
434.10,1566546575,9082.02,51.45989457,7.41906138,153.23,36.01,0.00,327.05,0,-88.00,-14.00,0.00,0.00,55.00,0.00,0,436
439.10,1566546580,9260.04,51.46118713,7.41758556,152.46,35.42,0.00,322.57,0,-80.00,-9.00,0.00,0.00,61.00,0.00,0,233
439.10,1566546580,9260.08,51.46118713,7.41758556,152.46,35.42,0.00,322.57,0,-78.00,-6.00,0.00,0.00,58.00,0.00,0,436
440.10,1566546581,9295.46,51.46143418,7.41726350,152.57,35.37,0.00,320.95,0,-80.00,-9.00,0.00,0.00,61.00,0.00,0,233
440.10,1566546581,9295.49,51.46143418,7.41726350,152.57,35.37,0.00,320.95,0,-78.00,-6.00,0.00,0.00,58.00,0.00,0,436
441.10,1566546582,9330.82,51.46168300,7.41693679,152.74,35.33,0.00,320.38,0,-86.00,-15.00,0.00,0.00,61.00,0.00,0,233
441.10,1566546582,9330.86,51.46168300,7.41693679,152.74,35.33,0.00,320.38,0,-86.00,-15.00,0.00,0.00,61.00,0.00,0,348
441.10,1566546582,9330.89,51.46168300,7.41693679,152.74,35.33,0.00,320.38,0,-82.00,-7.00,0.00,0.00,55.00,0.00,0,436
442.10,1566546583,9366.19,51.46192302,7.41659727,153.02,35.56,0.00,318.88,0,-86.00,-15.00,0.00,0.00,61.00,0.00,0,233
442.10,1566546583,9366.23,51.46192302,7.41659727,153.02,35.56,0.00,318.88,0,-86.00,-15.00,0.00,0.00,61.00,0.00,0,348
442.10,1566546583,9366.23,51.46192302,7.41659727,153.02,35.56,0.00,318.88,0,-82.00,-7.00,0.00,0.00,55.00,0.00,0,436
445.09,1566546586,9473.10,51.46263042,7.41555861,153.29,35.67,0.00,316.35,0,-88.00,-11.00,0.00,0.00,55.00,0.00,0,436
446.09,1566546587,9508.77,51.46285105,7.41521016,152.68,34.99,0.00,314.41,0,-88.00,-11.00,0.00,0.00,55.00,0.00,0,436
447.10,1566546588,9543.79,51.46307028,7.41486408,152.21,34.59,0.00,314.11,0,-87.00,-8.00,0.00,0.00,49.00,0.00,0,187
447.10,1566546588,9543.83,51.46307028,7.41486408,152.21,34.59,0.00,314.11,0,-90.00,-9.00,0.00,0.00,48.00,0.00,0,436
448.09,1566546589,9578.35,51.46328500,7.41450955,151.80,34.52,0.00,313.31,0,-87.00,-8.00,0.00,0.00,49.00,0.00,0,187
448.10,1566546589,9578.38,51.46328500,7.41450955,151.80,34.52,0.00,313.31,0,-90.00,-9.00,0.00,0.00,48.00,0.00,0,436
474.10,1566546615,10442.52,51.46823356,7.40490182,157.41,34.80,0.00,311.86,0,-88.00,-11.00,0.00,0.00,55.00,0.00,0,49
475.09,1566546616,10477.04,51.46843862,7.40452717,157.87,34.96,0.00,312.16,0,-88.00,-11.00,0.00,0.00,55.00,0.00,0,49
476.09,1566546617,10512.00,51.46864891,7.40414731,158.39,35.00,0.00,312.31,0,-88.00,-11.00,0.00,0.00,55.00,0.00,0,49
477.09,1566546618,10547.00,51.46885959,7.40378344,158.77,35.06,0.00,312.71,0,-76.00,-7.00,0.00,0.00,61.00,0.00,0,286
478.09,1566546619,10582.06,51.46907643,7.40341017,159.32,34.48,0.00,313.27,0,-76.00,-7.00,0.00,0.00,61.00,0.00,0,286
479.10,1566546620,10616.57,51.46929996,7.40303847,160.33,33.82,0.00,313.94,0,-95.00,-8.00,0.00,0.00,45.00,0.00,0,233
479.10,1566546620,10616.60,51.46929996,7.40303847,160.33,33.82,0.00,313.94,0,-81.00,-11.00,0.00,0.00,60.00,0.00,0,286
480.10,1566546621,10650.39,51.46951103,7.40268911,160.92,34.10,0.00,314.52,0,-95.00,-8.00,0.00,0.00,45.00,0.00,0,233
480.10,1566546621,10650.39,51.46951103,7.40268911,160.92,34.10,0.00,314.52,0,-81.00,-11.00,0.00,0.00,60.00,0.00,0,286
481.09,1566546622,10684.46,51.46973301,7.40233971,161.95,34.55,0.00,315.42,0,-86.00,-13.00,0.00,0.00,58.00,0.00,0,286
482.10,1566546623,10719.18,51.46995996,7.40199634,163.05,34.29,0.00,316.82,0,-86.00,-13.00,0.00,0.00,58.00,0.00,0,286
489.09,1566546630,10945.43,51.47139221,7.39980170,164.89,29.70,0.00,317.81,0,-90.00,-16.00,0.00,0.00,54.00,0.00,0,307
490.09,1566546631,10975.13,51.47159343,7.39950623,165.73,29.62,0.00,318.08,0,-90.00,-16.00,0.00,0.00,54.00,0.00,0,307
491.09,1566546632,11004.76,51.47179019,7.39921197,167.03,29.46,0.00,318.26,0,-90.00,-7.00,0.00,0.00,50.00,0.00,0,233
492.09,1566546633,11034.21,51.47198200,7.39893208,167.81,29.23,0.00,318.76,0,-90.00,-7.00,0.00,0.00,50.00,0.00,0,233
493.09,1566546634,11063.44,51.47217747,7.39864730,168.53,29.32,0.00,318.71,0,-91.00,-7.00,0.00,0.00,49.00,0.00,0,233
494.09,1566546635,11092.76,51.47237558,7.39837652,168.98,29.26,0.00,319.57,0,-91.00,-7.00,0.00,0.00,49.00,0.00,0,233
495.10,1566546636,11122.29,51.47257378,7.39811144,169.12,28.98,0.00,319.74,0,-91.00,-7.00,0.00,0.00,48.00,0.00,0,233
495.10,1566546636,11122.29,51.47257378,7.39811144,169.12,28.98,0.00,319.74,0,-89.00,-16.00,0.00,0.00,55.00,0.00,0,307
496.09,1566546637,11151.00,51.47277319,7.39784461,169.25,28.79,0.00,319.70,0,-91.00,-7.00,0.00,0.00,48.00,0.00,0,233
496.10,1566546637,11151.03,51.47277319,7.39784461,169.25,28.79,0.00,319.70,0,-89.00,-16.00,0.00,0.00,55.00,0.00,0,307
497.09,1566546638,11179.79,51.47296054,7.39758992,169.33,28.04,0.00,319.10,0,-91.00,-7.00,0.00,0.00,48.00,0.00,0,233
497.10,1566546638,11179.82,51.47296054,7.39758992,169.33,28.04,0.00,319.10,0,-89.00,-16.00,0.00,0.00,55.00,0.00,0,307
498.09,1566546639,11207.80,51.47314133,7.39734655,169.56,25.83,0.00,319.04,0,-88.00,-5.00,0.00,0.00,50.00,0.00,0,233
499.09,1566546640,11233.65,51.47332023,7.39710102,169.97,25.33,0.00,320.47,0,-88.00,-5.00,0.00,0.00,50.00,0.00,0,233
500.10,1566546641,11259.01,51.47349100,7.39687382,170.58,24.70,0.00,320.99,0,-87.00,-5.00,0.00,0.00,51.00,0.00,0,233
500.10,1566546641,11259.01,51.47349100,7.39687382,170.58,24.70,0.00,320.99,0,-86.00,-16.00,0.00,0.00,59.00,0.00,0,307
501.10,1566546642,11283.71,51.47365923,7.39665687,171.08,24.18,0.00,321.97,0,-87.00,-5.00,0.00,0.00,51.00,0.00,0,233
501.10,1566546642,11283.73,51.47365923,7.39665687,171.08,24.18,0.00,321.97,0,-86.00,-16.00,0.00,0.00,59.00,0.00,0,307
502.09,1566546643,11307.87,51.47383437,7.39644557,171.48,23.96,0.00,322.28,0,-88.00,-7.00,0.00,0.00,50.00,0.00,0,233
503.09,1566546644,11331.80,51.47400720,7.39623433,171.89,23.88,0.00,322.47,0,-88.00,-7.00,0.00,0.00,50.00,0.00,0,233
504.09,1566546645,11355.71,51.47417595,7.39601900,172.47,24.05,0.00,322.99,0,-89.00,-8.00,0.00,0.00,50.00,0.00,0,233
505.09,1566546646,11379.76,51.47434578,7.39580537,173.29,23.75,0.00,323.02,0,-89.00,-8.00,0.00,0.00,50.00,0.00,0,233
506.10,1566546647,11403.53,51.47452014,7.39560591,174.02,23.50,0.00,324.18,0,-89.00,-7.00,0.00,0.00,50.00,0.00,0,233
507.09,1566546648,11427.01,51.47469000,7.39540740,174.62,23.13,0.00,324.93,0,-89.00,-7.00,0.00,0.00,50.00,0.00,0,233
510.09,1566546651,11495.09,51.47520976,7.39488437,175.91,22.47,0.00,328.52,0,-90.00,-14.00,0.00,0.00,55.00,0.00,0,48
511.09,1566546652,11517.57,51.47538497,7.39471721,176.21,22.22,0.00,329.04,0,-90.00,-14.00,0.00,0.00,55.00,0.00,0,48
512.09,1566546653,11539.79,51.47555630,7.39455820,176.62,21.99,0.00,329.61,0,-91.00,-14.00,0.00,0.00,55.00,0.00,0,48
513.09,1566546654,11561.78,51.47572922,7.39440234,176.91,21.92,0.00,329.40,0,-91.00,-14.00,0.00,0.00,55.00,0.00,0,48
525.09,1566546666,11815.15,51.47779884,7.39301712,180.79,19.62,0.00,353.41,0,-85.00,-8.00,0.00,0.00,56.00,0.00,0,48
526.09,1566546667,11834.75,51.47797351,7.39300651,181.09,20.18,0.00,358.47,0,-85.00,-8.00,0.00,0.00,56.00,0.00,0,48
529.09,1566546670,11893.22,51.47853105,7.39323162,180.59,18.76,0.00,25.76,0,-91.00,-11.00,0.00,0.00,52.00,0.00,0,49
530.09,1566546671,11912.00,51.47870393,7.39338217,180.52,19.55,0.00,28.23,0,-91.00,-11.00,0.00,0.00,52.00,0.00,0,49
540.09,1566546681,12067.55,51.47993042,7.39344552,183.54,12.39,0.00,335.73,0,-93.00,-6.00,0.00,0.00,45.00,0.00,0,357
541.09,1566546682,12079.93,51.48004324,7.39341378,183.88,11.37,0.00,350.17,0,-93.00,-6.00,0.00,0.00,45.00,0.00,0,357
544.09,1566546685,12114.30,51.48030284,7.39358841,185.02,12.17,0.00,48.11,0,-91.00,-5.00,0.00,0.00,47.00,0.00,0,48
545.10,1566546686,12126.49,51.48037026,7.39372955,184.92,12.65,0.00,51.85,0,-91.00,-5.00,0.00,0.00,47.00,0.00,0,48
548.09,1566546689,12167.60,51.48057642,7.39426147,184.38,15.59,0.00,58.04,0,-92.00,-8.00,0.00,0.00,48.00,0.00,0,357
549.09,1566546690,12183.18,51.48064880,7.39446134,184.54,16.59,0.00,58.74,0,-92.00,-8.00,0.00,0.00,48.00,0.00,0,357
550.09,1566546691,12199.78,51.48072592,7.39468503,184.91,17.61,0.00,59.19,0,-86.00,-9.00,0.00,0.00,55.00,0.00,0,48
551.09,1566546692,12217.38,51.48081470,7.39491410,185.40,18.56,0.00,59.91,0,-86.00,-9.00,0.00,0.00,55.00,0.00,0,48
554.09,1566546695,12273.67,51.48106084,7.39562180,186.38,18.88,0.00,60.45,0,-95.00,-8.00,0.00,0.00,45.00,0.00,0,357
555.09,1566546696,12292.55,51.48114698,7.39586562,186.61,18.90,0.00,60.79,0,-95.00,-8.00,0.00,0.00,45.00,0.00,0,357
556.10,1566546697,12311.47,51.48122989,7.39610356,186.73,18.72,0.00,60.69,0,-88.00,-5.00,0.00,0.00,50.00,0.00,0,453
556.10,1566546697,12311.49,51.48122989,7.39610356,186.73,18.72,0.00,60.69,0,-94.00,-10.00,0.00,0.00,48.00,0.00,0,357
557.10,1566546698,12330.19,51.48131072,7.39633027,186.72,18.70,0.00,60.19,0,-88.00,-5.00,0.00,0.00,50.00,0.00,0,453
557.10,1566546698,12330.21,51.48131072,7.39633027,186.72,18.70,0.00,60.19,0,-94.00,-10.00,0.00,0.00,48.00,0.00,0,357
558.10,1566546699,12349.04,51.48139645,7.39655794,186.59,18.38,0.00,59.41,0,-90.00,-7.00,0.00,0.00,48.00,0.00,0,453
559.09,1566546700,12367.26,51.48148165,7.39678642,186.72,17.98,0.00,58.45,0,-90.00,-7.00,0.00,0.00,48.00,0.00,0,453
560.09,1566546701,12385.24,51.48156403,7.39700270,186.75,17.61,0.00,57.49,0,-90.00,-7.00,0.00,0.00,48.00,0.00,0,453
561.09,1566546702,12402.85,51.48164449,7.39721313,186.73,17.05,0.00,56.64,0,-92.00,-7.00,0.00,0.00,46.00,0.00,0,453
562.09,1566546703,12419.90,51.48173017,7.39741770,186.67,16.64,0.00,56.10,0,-92.00,-7.00,0.00,0.00,46.00,0.00,0,453
563.09,1566546704,12436.54,51.48180897,7.39760669,186.77,16.50,0.00,55.27,0,-100.00,-9.00,0.00,0.00,41.00,0.00,0,357
564.09,1566546705,12453.03,51.48188949,7.39778315,186.84,15.42,0.00,53.98,0,-100.00,-9.00,0.00,0.00,41.00,0.00,0,357
603.10,1566546744,12594.07,51.48284436,7.39919152,187.16,12.04,0.00,34.98,0,-90.00,-7.00,0.00,0.00,50.00,0.00,0,357
604.09,1566546745,12606.05,51.48293536,7.39929108,186.87,13.04,0.00,34.46,0,-90.00,-7.00,0.00,0.00,50.00,0.00,0,357
605.10,1566546746,12619.14,51.48303950,7.39940053,186.74,13.55,0.00,34.99,0,-94.00,-11.00,0.00,0.00,50.00,0.00,0,357
606.09,1566546747,12632.68,51.48316062,7.39953076,187.24,14.41,0.00,34.18,0,-94.00,-11.00,0.00,0.00,50.00,0.00,0,357
609.09,1566546750,12676.28,51.48349601,7.39987823,188.07,14.88,0.00,33.46,0,-100.00,-8.00,0.00,0.00,40.00,0.00,0,357
610.09,1566546751,12691.16,51.48360828,7.39999381,188.31,15.11,0.00,32.59,0,-100.00,-8.00,0.00,0.00,40.00,0.00,0,357
619.10,1566546760,12832.21,51.48460863,7.40123850,186.48,15.57,0.00,40.56,0,-105.00,-11.00,0.00,0.00,38.00,0.00,0,48
619.10,1566546760,12832.22,51.48460863,7.40123850,186.48,15.57,0.00,40.56,0,-107.00,-15.00,0.00,0.00,39.00,0.00,0,398
619.10,1566546760,12832.24,51.48460863,7.40123850,186.48,15.57,0.00,40.56,0,-103.00,-11.00,0.00,0.00,36.00,0.00,0,246
620.10,1566546761,12847.80,51.48471117,7.40140157,185.99,15.63,0.00,41.80,0,-105.00,-11.00,0.00,0.00,38.00,0.00,0,48
620.10,1566546761,12847.81,51.48471117,7.40140157,185.99,15.63,0.00,41.80,0,-107.00,-15.00,0.00,0.00,39.00,0.00,0,398
620.10,1566546761,12847.81,51.48471117,7.40140157,185.99,15.63,0.00,41.80,0,-103.00,-11.00,0.00,0.00,36.00,0.00,0,246
621.10,1566546762,12863.41,51.48480775,7.40156145,185.42,15.46,0.00,42.76,0,-106.00,-11.00,0.00,0.00,36.00,0.00,0,167
621.10,1566546762,12863.42,51.48480775,7.40156145,185.42,15.46,0.00,42.76,0,-104.00,-10.00,0.00,0.00,35.00,0.00,0,243
622.10,1566546763,12878.86,51.48490454,7.40172511,185.12,15.63,0.00,43.68,0,-106.00,-11.00,0.00,0.00,36.00,0.00,0,167
622.10,1566546763,12878.88,51.48490454,7.40172511,185.12,15.63,0.00,43.68,0,-104.00,-10.00,0.00,0.00,35.00,0.00,0,243
623.10,1566546764,12894.63,51.48500236,7.40188821,185.23,15.86,0.00,44.82,0,-105.00,-9.00,0.00,0.00,36.00,0.00,0,398
623.10,1566546764,12894.63,51.48500236,7.40188821,185.23,15.86,0.00,44.82,0,-105.00,-9.00,0.00,0.00,35.00,0.00,0,48
623.11,1566546764,12894.65,51.48500236,7.40188821,185.23,15.86,0.00,44.82,0,-108.00,-12.00,0.00,0.00,36.00,0.00,0,167
623.11,1566546764,12894.67,51.48500236,7.40188821,185.23,15.86,0.00,44.82,0,-104.00,-10.00,0.00,0.00,35.00,0.00,0,246
624.10,1566546765,12910.39,51.48510468,7.40205559,185.60,16.01,0.00,45.67,0,-105.00,-9.00,0.00,0.00,36.00,0.00,0,398
624.10,1566546765,12910.39,51.48510468,7.40205559,185.60,16.01,0.00,45.67,0,-105.00,-9.00,0.00,0.00,35.00,0.00,0,48
624.10,1566546765,12910.40,51.48510468,7.40205559,185.60,16.01,0.00,45.67,0,-108.00,-12.00,0.00,0.00,36.00,0.00,0,167
624.10,1566546765,12910.42,51.48510468,7.40205559,185.60,16.01,0.00,45.67,0,-104.00,-10.00,0.00,0.00,35.00,0.00,0,246
625.10,1566546766,12926.38,51.48132020,7.40464160,185.73,16.08,0.00,46.42,0,-105.00,-9.00,0.00,0.00,36.00,0.00,0,398
625.10,1566546766,12926.40,51.48132020,7.40464160,185.73,16.08,0.00,46.42,0,-105.00,-9.00,0.00,0.00,35.00,0.00,0,48
625.10,1566546766,12926.40,51.48132020,7.40464160,185.73,16.08,0.00,46.42,0,-108.00,-12.00,0.00,0.00,36.00,0.00,0,167
625.10,1566546766,12926.41,51.48132020,7.40464160,185.73,16.08,0.00,46.42,0,-104.00,-10.00,0.00,0.00,35.00,0.00,0,246
626.10,1566546767,12942.45,51.48530277,7.40239771,185.96,16.18,0.00,47.04,0,-104.00,-13.00,0.00,0.00,40.00,0.00,0,398
626.10,1566546767,12942.46,51.48530277,7.40239771,185.96,16.18,0.00,47.04,0,-104.00,-12.00,0.00,0.00,38.00,0.00,0,246
627.10,1566546768,12958.62,51.48539855,7.40257329,186.07,16.00,0.00,47.73,0,-104.00,-13.00,0.00,0.00,40.00,0.00,0,398
627.10,1566546768,12958.64,51.48539855,7.40257329,186.07,16.00,0.00,47.73,0,-104.00,-12.00,0.00,0.00,38.00,0.00,0,246
628.10,1566546769,12974.62,51.48549290,7.40275453,186.19,16.01,0.00,48.85,0,-107.00,-15.00,0.00,0.00,40.00,0.00,0,167
628.10,1566546769,12974.64,51.48549290,7.40275453,186.19,16.01,0.00,48.85,0,-107.00,-15.00,0.00,0.00,39.00,0.00,0,398
628.10,1566546769,12974.65,51.48549290,7.40275453,186.19,16.01,0.00,48.85,0,-108.00,-11.00,0.00,0.00,35.00,0.00,0,48
629.10,1566546770,12990.63,51.48558034,7.40291766,186.20,15.89,0.00,49.70,0,-107.00,-15.00,0.00,0.00,40.00,0.00,0,167
629.10,1566546770,12990.65,51.48558034,7.40291766,186.20,15.89,0.00,49.70,0,-107.00,-15.00,0.00,0.00,39.00,0.00,0,398
629.10,1566546770,12990.66,51.48558034,7.40291766,186.20,15.89,0.00,49.70,0,-108.00,-11.00,0.00,0.00,35.00,0.00,0,48
630.10,1566546771,13006.52,51.48567476,7.40310387,186.15,15.93,0.00,50.66,0,-106.00,-12.00,0.00,0.00,38.00,0.00,0,167
630.10,1566546771,13006.53,51.48567476,7.40310387,186.15,15.93,0.00,50.66,0,-107.00,-10.00,0.00,0.00,35.00,0.00,0,48
631.10,1566546772,13022.45,51.48576567,7.40328669,185.99,15.93,0.00,51.50,0,-106.00,-12.00,0.00,0.00,38.00,0.00,0,167
631.10,1566546772,13022.47,51.48576567,7.40328669,185.99,15.93,0.00,51.50,0,-107.00,-10.00,0.00,0.00,35.00,0.00,0,48
632.09,1566546773,13038.36,51.48585143,7.40347090,185.87,15.75,0.00,52.63,0,-106.00,-12.00,0.00,0.00,37.00,0.00,0,167
633.09,1566546774,13054.11,51.48593422,7.40365639,185.81,15.54,0.00,53.66,0,-106.00,-12.00,0.00,0.00,37.00,0.00,0,167
634.09,1566546775,13069.65,51.48601519,7.40383916,185.57,15.65,0.00,54.65,0,-105.00,-11.00,0.00,0.00,38.00,0.00,0,167
635.09,1566546776,13085.30,51.48609255,7.40402783,185.18,15.51,0.00,55.37,0,-105.00,-11.00,0.00,0.00,38.00,0.00,0,167
636.10,1566546777,13100.82,51.48616754,7.40421875,184.65,15.49,0.00,56.43,0,-104.00,-10.00,0.00,0.00,38.00,0.00,0,167
636.10,1566546777,13100.83,51.48616754,7.40421875,184.65,15.49,0.00,56.43,0,-106.00,-11.00,0.00,0.00,37.00,0.00,0,359
636.10,1566546777,13100.85,51.48616754,7.40421875,184.65,15.49,0.00,56.43,0,-109.00,-11.00,0.00,0.00,34.00,0.00,0,93
637.10,1566546778,13116.31,51.48623897,7.40440158,183.77,15.45,0.00,56.85,0,-104.00,-10.00,0.00,0.00,38.00,0.00,0,167
637.10,1566546778,13116.32,51.48623897,7.40440158,183.77,15.45,0.00,56.85,0,-106.00,-11.00,0.00,0.00,37.00,0.00,0,359
637.10,1566546778,13116.34,51.48623897,7.40440158,183.77,15.45,0.00,56.85,0,-109.00,-11.00,0.00,0.00,34.00,0.00,0,93
640.09,1566546781,13162.45,51.48646034,7.40501405,182.61,15.95,0.00,58.79,0,-104.00,-14.00,0.00,0.00,42.00,0.00,0,357
641.09,1566546782,13178.40,51.48653189,7.40521605,182.41,15.96,0.00,59.35,0,-104.00,-14.00,0.00,0.00,42.00,0.00,0,357
642.10,1566546783,13194.38,51.48660266,7.40542501,182.28,15.90,0.00,60.04,0,-100.00,-11.00,0.00,0.00,43.00,0.00,0,357
642.10,1566546783,13194.39,51.48660266,7.40542501,182.28,15.90,0.00,60.04,0,-101.00,-11.00,0.00,0.00,41.00,0.00,0,93
642.10,1566546783,13194.41,51.48660266,7.40542501,182.28,15.90,0.00,60.04,0,-102.00,-11.00,0.00,0.00,41.00,0.00,0,95
643.10,1566546784,13210.28,51.48666779,7.40562624,182.04,15.94,0.00,61.14,0,-100.00,-11.00,0.00,0.00,43.00,0.00,0,357
643.10,1566546784,13210.29,51.48666779,7.40562624,182.04,15.94,0.00,61.14,0,-101.00,-11.00,0.00,0.00,41.00,0.00,0,93
643.10,1566546784,13210.31,51.48666779,7.40562624,182.04,15.94,0.00,61.14,0,-102.00,-11.00,0.00,0.00,41.00,0.00,0,95
644.11,1566546785,13226.38,51.48673019,7.40582984,181.75,15.95,0.00,62.16,0,-99.00,-11.00,0.00,0.00,44.00,0.00,0,166
644.11,1566546785,13226.38,51.48673019,7.40582984,181.75,15.95,0.00,62.16,0,-98.00,-10.00,0.00,0.00,43.00,0.00,0,357
644.11,1566546785,13226.40,51.48673019,7.40582984,181.75,15.95,0.00,62.16,0,-102.00,-12.00,0.00,0.00,41.00,0.00,0,95
645.10,1566546786,13242.20,51.49121850,7.42037690,181.59,15.97,0.00,63.40,0,-99.00,-11.00,0.00,0.00,44.00,0.00,0,166
645.10,1566546786,13242.22,51.49121850,7.42037690,181.59,15.97,0.00,63.40,0,-98.00,-10.00,0.00,0.00,43.00,0.00,0,357
645.10,1566546786,13242.23,51.49121850,7.42037690,181.59,15.97,0.00,63.40,0,-102.00,-12.00,0.00,0.00,41.00,0.00,0,95
646.10,1566546787,13258.15,51.48684646,7.40624650,181.28,16.12,0.00,64.78,0,-99.00,-11.00,0.00,0.00,44.00,0.00,0,166
646.10,1566546787,13258.17,51.48684646,7.40624650,181.28,16.12,0.00,64.78,0,-98.00,-10.00,0.00,0.00,43.00,0.00,0,357
646.10,1566546787,13258.17,51.48684646,7.40624650,181.28,16.12,0.00,64.78,0,-102.00,-12.00,0.00,0.00,41.00,0.00,0,95
647.10,1566546788,13274.28,51.48690613,7.40646577,181.17,15.94,0.00,65.47,0,-96.00,-8.00,0.00,0.00,44.00,0.00,0,166
647.10,1566546788,13274.29,51.48690613,7.40646577,181.17,15.94,0.00,65.47,0,-100.00,-10.00,0.00,0.00,42.00,0.00,0,95
647.10,1566546788,13274.31,51.48690613,7.40646577,181.17,15.94,0.00,65.47,0,-102.00,-14.00,0.00,0.00,43.00,0.00,0,357
647.10,1566546788,13274.33,51.48690613,7.40646577,181.17,15.94,0.00,65.47,0,-96.00,-8.00,0.00,0.00,42.00,0.00,0,245
647.10,1566546788,13274.33,51.48690613,7.40646577,181.17,15.94,0.00,65.47,0,-96.00,-6.00,0.00,0.00,39.00,0.00,0,418
648.10,1566546789,13290.24,51.48696118,7.40668976,181.07,16.04,0.00,66.53,0,-96.00,-8.00,0.00,0.00,44.00,0.00,0,166
648.10,1566546789,13290.24,51.48696118,7.40668976,181.07,16.04,0.00,66.53,0,-100.00,-10.00,0.00,0.00,42.00,0.00,0,95
648.10,1566546789,13290.25,51.48696118,7.40668976,181.07,16.04,0.00,66.53,0,-102.00,-14.00,0.00,0.00,43.00,0.00,0,357
648.10,1566546789,13290.27,51.48696118,7.40668976,181.07,16.04,0.00,66.53,0,-96.00,-8.00,0.00,0.00,42.00,0.00,0,245
648.10,1566546789,13290.27,51.48696118,7.40668976,181.07,16.04,0.00,66.53,0,-96.00,-6.00,0.00,0.00,39.00,0.00,0,418
649.10,1566546790,13306.26,51.48700827,7.40690416,180.58,16.08,0.00,67.91,0,-100.00,-10.00,0.00,0.00,43.00,0.00,0,95
649.10,1566546790,13306.26,51.48700827,7.40690416,180.58,16.08,0.00,67.91,0,-101.00,-12.00,0.00,0.00,43.00,0.00,0,166
649.10,1566546790,13306.27,51.48700827,7.40690416,180.58,16.08,0.00,67.91,0,-97.00,-9.00,0.00,0.00,40.00,0.00,0,245
649.10,1566546790,13306.29,51.48700827,7.40690416,180.58,16.08,0.00,67.91,0,-98.00,-7.00,0.00,0.00,38.00,0.00,0,418
650.10,1566546791,13322.34,51.48704933,7.40711004,179.97,15.82,0.00,69.16,0,-100.00,-10.00,0.00,0.00,43.00,0.00,0,95
650.10,1566546791,13322.35,51.48704933,7.40711004,179.97,15.82,0.00,69.16,0,-101.00,-12.00,0.00,0.00,43.00,0.00,0,166
650.10,1566546791,13322.35,51.48704933,7.40711004,179.97,15.82,0.00,69.16,0,-97.00,-9.00,0.00,0.00,40.00,0.00,0,245
650.10,1566546791,13322.37,51.48704933,7.40711004,179.97,15.82,0.00,69.16,0,-98.00,-7.00,0.00,0.00,38.00,0.00,0,418
651.10,1566546792,13338.16,51.48708897,7.40730738,179.52,15.30,0.00,69.66,0,-96.00,-11.00,0.00,0.00,47.00,0.00,0,166
651.10,1566546792,13338.18,51.48708897,7.40730738,179.52,15.30,0.00,69.66,0,-97.00,-11.00,0.00,0.00,46.00,0.00,0,95
651.10,1566546792,13338.19,51.48708897,7.40730738,179.52,15.30,0.00,69.66,0,-95.00,-8.00,0.00,0.00,42.00,0.00,0,418
652.10,1566546793,13353.46,51.48713567,7.40753560,178.98,15.42,0.00,70.28,0,-96.00,-11.00,0.00,0.00,47.00,0.00,0,166
652.10,1566546793,13353.46,51.48713567,7.40753560,178.98,15.42,0.00,70.28,0,-97.00,-11.00,0.00,0.00,46.00,0.00,0,95
652.10,1566546793,13353.47,51.48713567,7.40753560,178.98,15.42,0.00,70.28,0,-95.00,-8.00,0.00,0.00,42.00,0.00,0,418
653.09,1566546794,13368.84,51.48717759,7.40776018,178.26,15.88,0.00,71.41,0,-96.00,-10.00,0.00,0.00,45.00,0.00,0,166
653.10,1566546794,13368.86,51.48717759,7.40776018,178.26,15.88,0.00,71.41,0,-99.00,-12.00,0.00,0.00,44.00,0.00,0,357
654.09,1566546795,13384.72,51.48721534,7.40796343,177.08,15.38,0.00,71.78,0,-96.00,-10.00,0.00,0.00,45.00,0.00,0,166
654.10,1566546795,13384.74,51.48721534,7.40796343,177.08,15.38,0.00,71.78,0,-99.00,-12.00,0.00,0.00,44.00,0.00,0,357
655.09,1566546796,13400.10,51.48724645,7.40816766,176.01,14.72,0.00,73.08,0,-91.00,-7.00,0.00,0.00,47.00,0.00,0,166
656.09,1566546797,13414.83,51.48727966,7.40838867,174.98,15.57,0.00,74.27,0,-91.00,-7.00,0.00,0.00,47.00,0.00,0,166
657.10,1566546798,13430.43,51.48730721,7.40860057,174.37,16.08,0.00,75.26,0,-91.00,-7.00,0.00,0.00,47.00,0.00,0,95
657.10,1566546798,13430.45,51.48730721,7.40860057,174.37,16.08,0.00,75.26,0,-97.00,-12.00,0.00,0.00,47.00,0.00,0,359
657.10,1566546798,13430.46,51.48730721,7.40860057,174.37,16.08,0.00,75.26,0,-89.00,-5.00,0.00,0.00,45.00,0.00,0,418
657.10,1566546798,13430.46,51.48730721,7.40860057,174.37,16.08,0.00,75.26,0,-93.00,-10.00,0.00,0.00,46.00,0.00,0,45
658.10,1566546799,13446.51,51.48733820,7.40884458,173.64,15.87,0.00,76.24,0,-91.00,-7.00,0.00,0.00,47.00,0.00,0,95
658.10,1566546799,13446.52,51.48733820,7.40884458,173.64,15.87,0.00,76.24,0,-97.00,-12.00,0.00,0.00,47.00,0.00,0,359
658.10,1566546799,13446.54,51.48733820,7.40884458,173.64,15.87,0.00,76.24,0,-89.00,-5.00,0.00,0.00,45.00,0.00,0,418
658.10,1566546799,13446.55,51.48733820,7.40884458,173.64,15.87,0.00,76.24,0,-93.00,-10.00,0.00,0.00,46.00,0.00,0,45
661.09,1566546802,13494.48,51.48743262,7.40956726,172.84,16.09,0.00,77.76,0,-97.00,-10.00,0.00,0.00,46.00,0.00,0,359
662.09,1566546803,13510.57,51.48745679,7.40977598,172.59,16.20,0.00,77.69,0,-97.00,-10.00,0.00,0.00,46.00,0.00,0,359
678.10,1566546819,13689.93,51.48840656,7.41084296,170.02,14.75,0.00,351.24,0,-91.00,-9.00,0.00,0.00,50.00,0.00,0,167
678.10,1566546819,13689.94,51.48840656,7.41084296,170.02,14.75,0.00,351.24,0,-97.00,-11.00,0.00,0.00,47.00,0.00,0,95
678.10,1566546819,13689.96,51.48840656,7.41084296,170.02,14.75,0.00,351.24,0,-92.00,-8.00,0.00,0.00,47.00,0.00,0,243
679.10,1566546820,13704.68,51.48852936,7.41080992,170.12,13.69,0.00,350.69,0,-91.00,-9.00,0.00,0.00,50.00,0.00,0,167
679.10,1566546820,13704.68,51.48852936,7.41080992,170.12,13.69,0.00,350.69,0,-97.00,-11.00,0.00,0.00,47.00,0.00,0,95
679.10,1566546820,13704.69,51.48852936,7.41080992,170.12,13.69,0.00,350.69,0,-92.00,-8.00,0.00,0.00,47.00,0.00,0,243
680.09,1566546821,13718.33,51.48865569,7.41077457,170.16,13.62,0.00,350.20,0,-94.00,-5.00,0.00,0.00,43.00,0.00,0,95
680.09,1566546821,13718.34,51.48865569,7.41077457,170.16,13.62,0.00,350.20,0,-94.00,-9.00,0.00,0.00,47.00,0.00,0,167
681.10,1566546822,13731.98,51.48878625,7.41073966,170.70,13.80,0.00,349.20,0,-94.00,-5.00,0.00,0.00,43.00,0.00,0,95
681.10,1566546822,13731.98,51.48878625,7.41073966,170.70,13.80,0.00,349.20,0,-94.00,-9.00,0.00,0.00,47.00,0.00,0,167
682.09,1566546823,13745.76,51.48892015,7.41070042,171.47,13.84,0.00,348.10,0,-93.00,-9.00,0.00,0.00,48.00,0.00,0,167
683.09,1566546824,13759.60,51.48905046,7.41064861,172.33,14.17,0.00,347.59,0,-93.00,-9.00,0.00,0.00,48.00,0.00,0,167
684.10,1566546825,13773.81,51.48917257,7.41059323,173.33,13.94,0.00,346.59,0,-91.00,-9.00,0.00,0.00,50.00,0.00,0,167
684.10,1566546825,13773.82,51.48917257,7.41059323,173.33,13.94,0.00,346.59,0,-98.00,-16.00,0.00,0.00,49.00,0.00,0,166
684.10,1566546825,13773.82,51.48917257,7.41059323,173.33,13.94,0.00,346.59,0,-99.00,-6.00,0.00,0.00,39.00,0.00,0,426
684.10,1566546825,13773.84,51.48917257,7.41059323,173.33,13.94,0.00,346.59,0,0.00,0.00,0.00,0.00,63.00,0.00,0,291
684.10,1566546825,13773.85,51.48917257,7.41059323,173.33,13.94,0.00,346.59,0,0.00,0.00,0.00,0.00,63.00,0.00,0,14
684.10,1566546825,13773.87,51.48917257,7.41059323,173.33,13.94,0.00,346.59,0,0.00,0.00,0.00,0.00,63.00,0.00,0,21
685.10,1566546826,13787.75,51.48929583,7.41054282,174.19,13.89,0.00,346.03,0,-91.00,-9.00,0.00,0.00,50.00,0.00,0,167
685.10,1566546826,13787.76,51.48929583,7.41054282,174.19,13.89,0.00,346.03,0,-98.00,-16.00,0.00,0.00,49.00,0.00,0,166
685.10,1566546826,13787.78,51.48929583,7.41054282,174.19,13.89,0.00,346.03,0,-99.00,-6.00,0.00,0.00,39.00,0.00,0,426
685.10,1566546826,13787.79,51.48929583,7.41054282,174.19,13.89,0.00,346.03,0,0.00,0.00,0.00,0.00,63.00,0.00,0,291
685.10,1566546826,13787.79,51.48929583,7.41054282,174.19,13.89,0.00,346.03,0,0.00,0.00,0.00,0.00,63.00,0.00,0,14
685.10,1566546826,13787.81,51.48929583,7.41054282,174.19,13.89,0.00,346.03,0,0.00,0.00,0.00,0.00,63.00,0.00,0,21
693.09,1566546834,13874.89,51.49000406,7.41031682,173.36,5.19,0.00,33.33,0,-95.00,-9.00,0.00,0.00,46.00,0.00,0,95
694.09,1566546835,13880.08,51.49004292,7.41039888,172.77,6.74,0.00,59.92,0,-95.00,-9.00,0.00,0.00,46.00,0.00,0,95
695.09,1566546836,13886.81,51.49006037,7.41048593,172.15,6.81,0.00,72.89,0,-90.00,-10.00,0.00,0.00,51.00,0.00,0,166
696.09,1566546837,13893.63,51.49008090,7.41061304,171.21,8.89,0.00,72.38,0,-90.00,-10.00,0.00,0.00,51.00,0.00,0,166
