0.01,1566967521,0.02,51.45004255,7.48819997,249.23,9.00,0.00,175.68,0,-99.00,-10.00,0.00,0.00,43.00,0.00,0,67
0.01,1566967521,0.02,51.45004255,7.48819997,249.23,9.00,0.00,175.68,0,-104.00,-13.00,0.00,0.00,41.00,0.00,0,125
0.01,1566967521,0.02,51.45004255,7.48819997,249.23,9.00,0.00,175.68,0,-98.00,-9.00,0.00,0.00,40.00,0.00,0,320
0.01,1566967521,0.03,51.45004255,7.48819997,249.23,9.00,0.00,175.68,0,-101.00,-11.00,0.00,0.00,39.00,0.00,0,76
1.08,1566967522,9.67,51.44996127,7.48821718,248.97,9.29,0.00,174.86,0,-99.00,-10.00,0.00,0.00,43.00,0.00,0,67
1.08,1566967522,9.67,51.44996127,7.48821718,248.97,9.29,0.00,174.86,0,-104.00,-13.00,0.00,0.00,41.00,0.00,0,125
1.08,1566967522,9.67,51.44996127,7.48821718,248.97,9.29,0.00,174.86,0,-98.00,-9.00,0.00,0.00,40.00,0.00,0,320
1.08,1566967522,9.68,51.44996127,7.48821718,248.97,9.29,0.00,174.86,0,-101.00,-11.00,0.00,0.00,39.00,0.00,0,76
2.06,1566967523,18.76,51.44986195,7.48824414,248.55,10.59,0.00,173.58,0,-100.00,-9.00,0.00,0.00,40.00,0.00,0,67
2.06,1566967523,18.76,51.44986195,7.48824414,248.55,10.59,0.00,173.58,0,-105.00,-12.00,0.00,0.00,39.00,0.00,0,125
2.06,1566967523,18.77,51.44986195,7.48824414,248.55,10.59,0.00,173.58,0,-98.00,-9.00,0.00,0.00,40.00,0.00,0,320
2.06,1566967523,18.79,51.44986195,7.48824414,248.55,10.59,0.00,173.58,0,-103.00,-12.00,0.00,0.00,39.00,0.00,0,76
3.06,1566967524,29.35,51.44975041,7.48827064,248.22,10.88,0.00,173.50,0,-100.00,-9.00,0.00,0.00,40.00,0.00,0,67
3.06,1566967524,29.36,51.44975041,7.48827064,248.22,10.88,0.00,173.50,0,-105.00,-12.00,0.00,0.00,39.00,0.00,0,125
3.06,1566967524,29.38,51.44975041,7.48827064,248.22,10.88,0.00,173.50,0,-98.00,-9.00,0.00,0.00,40.00,0.00,0,320
3.06,1566967524,29.39,51.44975041,7.48827064,248.22,10.88,0.00,173.50,0,-103.00,-12.00,0.00,0.00,39.00,0.00,0,76
4.06,1566967525,40.23,51.44963742,7.48830078,248.20,12.29,0.00,174.43,0,-101.00,-11.00,0.00,0.00,42.00,0.00,0,67
4.06,1566967525,40.25,51.44963742,7.48830078,248.20,12.29,0.00,174.43,0,-102.00,-11.00,0.00,0.00,41.00,0.00,0,125
4.06,1566967525,40.26,51.44963742,7.48830078,248.20,12.29,0.00,174.43,0,-99.00,-9.00,0.00,0.00,39.00,0.00,0,320
4.06,1566967525,40.27,51.44963742,7.48830078,248.20,12.29,0.00,174.43,0,-101.00,-11.00,0.00,0.00,38.00,0.00,0,76
5.06,1566967526,52.54,51.44952656,7.48832081,248.16,12.23,0.00,175.25,0,-101.00,-11.00,0.00,0.00,42.00,0.00,0,67
5.06,1566967526,52.54,51.44952656,7.48832081,248.16,12.23,0.00,175.25,0,-102.00,-11.00,0.00,0.00,41.00,0.00,0,125
5.06,1566967526,52.55,51.44952656,7.48832081,248.16,12.23,0.00,175.25,0,-99.00,-9.00,0.00,0.00,39.00,0.00,0,320
5.06,1566967526,52.56,51.44952656,7.48832081,248.16,12.23,0.00,175.25,0,-101.00,-11.00,0.00,0.00,38.00,0.00,0,76
6.06,1566967527,64.76,51.44941383,7.48833074,248.48,12.49,0.00,176.96,0,-101.00,-9.00,0.00,0.00,40.00,0.00,0,125
6.06,1566967527,64.77,51.44941383,7.48833074,248.48,12.49,0.00,176.96,0,-103.00,-12.00,0.00,0.00,41.00,0.00,0,67
6.06,1566967527,64.78,51.44941383,7.48833074,248.48,12.49,0.00,176.96,0,-100.00,-10.00,0.00,0.00,38.00,0.00,0,76
6.06,1566967527,64.78,51.44941383,7.48833074,248.48,12.49,0.00,176.96,0,-101.00,-11.00,0.00,0.00,38.00,0.00,0,320
7.06,1566967528,77.24,51.44929779,7.48834533,249.04,12.38,0.00,177.83,0,-101.00,-9.00,0.00,0.00,40.00,0.00,0,125
7.06,1566967528,77.25,51.44929779,7.48834533,249.04,12.38,0.00,177.83,0,-103.00,-12.00,0.00,0.00,41.00,0.00,0,67
7.06,1566967528,77.25,51.44929779,7.48834533,249.04,12.38,0.00,177.83,0,-100.00,-10.00,0.00,0.00,38.00,0.00,0,76
7.06,1566967528,77.27,51.44929779,7.48834533,249.04,12.38,0.00,177.83,0,-101.00,-11.00,0.00,0.00,38.00,0.00,0,320
33.05,1566967554,451.57,51.44599580,7.48863582,259.55,14.87,0.00,147.57,0,-98.00,-10.00,0.00,0.00,41.00,0.00,0,75
34.05,1566967555,466.45,51.44588790,7.48877530,260.24,14.80,0.00,144.59,0,-98.00,-10.00,0.00,0.00,41.00,0.00,0,75
35.06,1566967556,481.39,51.44579387,7.48896111,261.13,14.51,0.00,131.91,0,-101.00,-11.00,0.00,0.00,41.00,0.00,0,124
36.06,1566967557,495.77,51.44569668,7.48914708,262.38,15.34,0.00,130.97,0,-101.00,-11.00,0.00,0.00,41.00,0.00,0,124
37.06,1566967558,511.11,51.44561157,7.48932626,263.72,15.30,0.00,129.91,0,-101.00,-11.00,0.00,0.00,41.00,0.00,0,124
40.06,1566967561,556.11,51.44537238,7.48987395,267.83,14.37,0.00,126.79,0,-101.00,-13.00,0.00,0.00,44.00,0.00,0,124
40.06,1566967561,556.13,51.44537238,7.48987395,267.83,14.37,0.00,126.79,0,-104.00,-16.00,0.00,0.00,45.00,0.00,0,66
41.06,1566967562,570.48,51.44530187,7.49004455,269.50,14.10,0.00,125.97,0,-101.00,-13.00,0.00,0.00,44.00,0.00,0,124
41.06,1566967562,570.50,51.44530187,7.49004455,269.50,14.10,0.00,125.97,0,-104.00,-16.00,0.00,0.00,45.00,0.00,0,66
44.06,1566967565,613.57,51.44508303,7.49056414,273.42,14.42,0.00,126.36,0,-104.00,-11.00,0.00,0.00,40.00,0.00,0,125
45.06,1566967566,627.98,51.44501406,7.49073066,274.43,13.45,0.00,125.74,0,-104.00,-11.00,0.00,0.00,40.00,0.00,0,125
46.06,1566967567,641.43,51.44494368,7.49089656,275.16,13.84,0.00,125.39,0,-105.00,-12.00,0.00,0.00,39.00,0.00,0,125
46.06,1566967567,641.44,51.44494368,7.49089656,275.16,13.84,0.00,125.39,0,-109.00,-14.00,0.00,0.00,38.00,0.00,0,66
47.06,1566967568,655.27,51.44487481,7.49106084,275.92,13.87,0.00,125.83,0,-105.00,-12.00,0.00,0.00,39.00,0.00,0,125
47.06,1566967568,655.29,51.44487481,7.49106084,275.92,13.87,0.00,125.83,0,-109.00,-14.00,0.00,0.00,38.00,0.00,0,66
48.06,1566967569,669.15,51.44480251,7.49122696,276.55,13.77,0.00,126.16,0,-107.00,-13.00,0.00,0.00,38.00,0.00,0,125
48.06,1566967569,669.17,51.44480251,7.49122696,276.55,13.77,0.00,126.16,0,-108.00,-14.00,0.00,0.00,37.00,0.00,0,66
49.06,1566967570,682.92,51.44473959,7.49137222,276.89,12.19,0.00,126.56,0,-107.00,-13.00,0.00,0.00,38.00,0.00,0,125
49.06,1566967570,682.93,51.44473959,7.49137222,276.89,12.19,0.00,126.56,0,-108.00,-14.00,0.00,0.00,37.00,0.00,0,66
92.06,1566967613,1265.15,51.44080422,7.48652811,276.26,15.56,0.00,232.83,0,-88.00,-8.00,0.00,0.00,51.00,0.00,0,123
93.06,1566967614,1280.72,51.44071566,7.48634734,276.32,16.01,0.00,232.08,0,-88.00,-8.00,0.00,0.00,51.00,0.00,0,123
94.06,1566967615,1296.74,51.44063180,7.48617415,276.80,15.42,0.00,231.19,0,-90.00,-11.00,0.00,0.00,53.00,0.00,0,124
95.06,1566967616,1312.16,51.44054947,7.48600500,277.62,15.03,0.00,231.72,0,-90.00,-11.00,0.00,0.00,53.00,0.00,0,124
96.06,1566967617,1327.19,51.44046770,7.48582431,278.05,15.34,0.00,232.37,0,-90.00,-12.00,0.00,0.00,54.00,0.00,0,124
97.06,1566967618,1342.52,51.44038028,7.48563754,278.40,15.72,0.00,232.74,0,-90.00,-12.00,0.00,0.00,54.00,0.00,0,124
130.26,1566967651,1862.24,51.43792602,7.47963459,282.78,17.21,0.00,234.02,0,-113.00,-17.00,0.00,0.00,35.00,0.00,0,458
131.26,1566967652,1879.46,51.43785531,7.47944208,282.93,16.69,0.00,234.09,0,-113.00,-17.00,0.00,0.00,35.00,0.00,0,458
136.26,1566967657,1961.80,51.43752705,7.47847448,283.62,15.40,0.00,236.67,0,-113.00,-13.00,0.00,0.00,32.00,0.00,0,100
136.26,1566967657,1961.81,51.43752705,7.47847448,283.62,15.40,0.00,236.67,0,-113.00,-13.00,0.00,0.00,31.00,0.00,0,205
136.26,1566967657,1961.83,51.43752705,7.47847448,283.62,15.40,0.00,236.67,0,-115.00,-13.00,0.00,0.00,30.00,0.00,0,458
136.26,1566967657,1961.83,51.43752705,7.47847448,283.62,15.40,0.00,236.67,0,-109.00,-10.00,0.00,0.00,29.00,0.00,0,383
136.26,1566967657,1961.84,51.43752705,7.47847448,283.62,15.40,0.00,236.67,0,-110.00,-11.00,0.00,0.00,29.00,0.00,0,334
137.26,1566967658,1977.20,51.43745443,7.47826801,284.13,16.49,0.00,236.33,0,-113.00,-13.00,0.00,0.00,32.00,0.00,0,100
137.26,1566967658,1977.20,51.43745443,7.47826801,284.13,16.49,0.00,236.33,0,-113.00,-13.00,0.00,0.00,31.00,0.00,0,205
137.26,1566967658,1977.21,51.43745443,7.47826801,284.13,16.49,0.00,236.33,0,-115.00,-13.00,0.00,0.00,30.00,0.00,0,458
137.26,1566967658,1977.23,51.43745443,7.47826801,284.13,16.49,0.00,236.33,0,-109.00,-10.00,0.00,0.00,29.00,0.00,0,383
137.26,1566967658,1977.25,51.43745443,7.47826801,284.13,16.49,0.00,236.33,0,-110.00,-11.00,0.00,0.00,29.00,0.00,0,334
138.26,1566967659,1993.69,51.43738597,7.47807285,284.33,16.88,0.00,235.77,0,-113.00,-11.00,0.00,0.00,30.00,0.00,0,205
138.26,1566967659,1993.71,51.43738597,7.47807285,284.33,16.88,0.00,235.77,0,-115.00,-12.00,0.00,0.00,29.00,0.00,0,458
138.26,1566967659,1993.71,51.43738597,7.47807285,284.33,16.88,0.00,235.77,0,-116.00,-13.00,0.00,0.00,29.00,0.00,0,100
138.26,1566967659,1993.73,51.43738597,7.47807285,284.33,16.88,0.00,235.77,0,-108.00,-10.00,0.00,0.00,29.00,0.00,0,334
138.26,1566967659,1993.74,51.43738597,7.47807285,284.33,16.88,0.00,235.77,0,-113.00,-11.00,0.00,0.00,27.00,0.00,0,383
139.26,1566967660,2010.57,51.43731854,7.47786875,285.06,16.28,0.00,236.54,0,-113.00,-11.00,0.00,0.00,30.00,0.00,0,205
139.26,1566967660,2010.59,51.43731854,7.47786875,285.06,16.28,0.00,236.54,0,-115.00,-12.00,0.00,0.00,29.00,0.00,0,458
139.26,1566967660,2010.59,51.43731854,7.47786875,285.06,16.28,0.00,236.54,0,-116.00,-13.00,0.00,0.00,29.00,0.00,0,100
139.26,1566967660,2010.60,51.43731854,7.47786875,285.06,16.28,0.00,236.54,0,-108.00,-10.00,0.00,0.00,29.00,0.00,0,334
139.26,1566967660,2010.62,51.43731854,7.47786875,285.06,16.28,0.00,236.54,0,-113.00,-11.00,0.00,0.00,27.00,0.00,0,383
140.26,1566967661,2026.85,51.43725588,7.47767781,285.68,16.15,0.00,235.58,0,-115.00,-12.00,0.00,0.00,28.00,0.00,0,100
140.26,1566967661,2026.85,51.43725588,7.47767781,285.68,16.15,0.00,235.58,0,-115.00,-12.00,0.00,0.00,28.00,0.00,0,205
140.26,1566967661,2026.87,51.43725588,7.47767781,285.68,16.15,0.00,235.58,0,-118.00,-14.00,0.00,0.00,27.00,0.00,0,458
140.26,1566967661,2026.88,51.43725588,7.47767781,285.68,16.15,0.00,235.58,0,-113.00,-11.00,0.00,0.00,26.00,0.00,0,334
140.26,1566967661,2026.90,51.43725588,7.47767781,285.68,16.15,0.00,235.58,0,-115.00,-12.00,0.00,0.00,25.00,0.00,0,383
141.26,1566967662,2043.01,51.43719030,7.47747537,286.64,16.18,0.00,235.92,0,-115.00,-12.00,0.00,0.00,28.00,0.00,0,100
141.26,1566967662,2043.02,51.43719030,7.47747537,286.64,16.18,0.00,235.92,0,-115.00,-12.00,0.00,0.00,28.00,0.00,0,205
141.26,1566967662,2043.02,51.43719030,7.47747537,286.64,16.18,0.00,235.92,0,-118.00,-14.00,0.00,0.00,27.00,0.00,0,458
141.26,1566967662,2043.04,51.43719030,7.47747537,286.64,16.18,0.00,235.92,0,-113.00,-11.00,0.00,0.00,26.00,0.00,0,334
141.26,1566967662,2043.05,51.43719030,7.47747537,286.64,16.18,0.00,235.92,0,-115.00,-12.00,0.00,0.00,25.00,0.00,0,383
144.25,1566967665,2090.55,51.43703078,7.47694867,287.48,13.04,0.00,239.53,0,-103.00,-13.00,0.00,0.00,38.00,0.00,0,488
145.26,1566967666,2103.60,51.43702229,7.47675653,287.35,14.05,0.00,258.46,0,-103.00,-13.00,0.00,0.00,38.00,0.00,0,488
146.26,1566967667,2117.76,51.43701669,7.47657781,287.45,11.27,0.00,262.19,0,-102.00,-10.00,0.00,0.00,38.00,0.00,0,488
146.26,1566967667,2117.77,51.43701669,7.47657781,287.45,11.27,0.00,262.19,0,-106.00,-14.00,0.00,0.00,36.00,0.00,0,284
147.26,1566967668,2128.94,51.43704439,7.47641584,287.98,9.66,0.00,281.12,0,-102.00,-10.00,0.00,0.00,38.00,0.00,0,488
147.26,1566967668,2128.95,51.43704439,7.47641584,287.98,9.66,0.00,281.12,0,-106.00,-14.00,0.00,0.00,36.00,0.00,0,284
148.26,1566967669,2138.61,51.43709923,7.47625499,288.11,8.84,0.00,299.93,0,-102.00,-10.00,0.00,0.00,38.00,0.00,0,488
148.26,1566967669,2138.61,51.43709923,7.47625499,288.11,8.84,0.00,299.93,0,-106.00,-14.00,0.00,0.00,36.00,0.00,0,284
149.26,1566967670,2147.43,51.43718921,7.47615049,287.98,9.25,0.00,324.45,0,-99.00,-9.00,0.00,0.00,39.00,0.00,0,488
150.26,1566967671,2156.69,51.43728862,7.47610420,287.78,9.09,0.00,351.79,0,-99.00,-9.00,0.00,0.00,39.00,0.00,0,488
190.27,1566967711,2959.33,51.44230558,7.48452530,275.27,23.88,0.00,26.54,0,-95.00,-13.00,0.00,0.00,50.00,0.00,0,124
190.27,1566967711,2959.33,51.44230558,7.48452530,275.27,23.88,0.00,26.54,0,-88.00,-11.00,0.00,0.00,52.00,0.00,0,77
191.26,1566967712,2982.96,51.44249362,7.48467938,274.73,24.06,0.00,26.12,0,-95.00,-13.00,0.00,0.00,50.00,0.00,0,124
191.26,1566967712,2982.99,51.44249362,7.48467938,274.73,24.06,0.00,26.12,0,-88.00,-11.00,0.00,0.00,52.00,0.00,0,77
192.26,1566967713,3007.02,51.44268727,7.48482647,273.99,24.18,0.00,24.64,0,-95.00,-13.00,0.00,0.00,50.00,0.00,0,124
192.26,1566967713,3007.04,51.44268727,7.48482647,273.99,24.18,0.00,24.64,0,-88.00,-11.00,0.00,0.00,52.00,0.00,0,77
199.25,1566967720,3173.67,51.44403474,7.48574764,269.64,20.29,0.00,20.76,0,-84.00,-13.00,0.00,0.00,60.00,0.00,0,124
200.26,1566967721,3193.98,51.44419061,7.48585104,268.86,18.68,0.00,21.94,0,-84.00,-13.00,0.00,0.00,60.00,0.00,0,124
201.26,1566967722,3212.67,51.44433331,7.48594827,268.19,17.03,0.00,23.89,0,-84.00,-9.00,0.00,0.00,56.00,0.00,0,124
201.26,1566967722,3212.68,51.44433331,7.48594827,268.19,17.03,0.00,23.89,0,-84.00,-10.00,0.00,0.00,54.00,0.00,0,75
202.26,1566967723,3229.71,51.44446353,7.48605987,267.36,15.57,0.00,27.43,0,-84.00,-9.00,0.00,0.00,56.00,0.00,0,124
202.26,1566967723,3229.73,51.44446353,7.48605987,267.36,15.57,0.00,27.43,0,-84.00,-10.00,0.00,0.00,54.00,0.00,0,75
211.26,1566967732,3357.93,51.44431154,7.48749156,262.74,13.86,0.00,164.28,0,-88.00,-10.00,0.00,0.00,53.00,0.00,0,124
211.26,1566967732,3357.94,51.44431154,7.48749156,262.74,13.86,0.00,164.28,0,-87.00,-9.00,0.00,0.00,50.00,0.00,0,75
212.26,1566967733,3371.69,51.44418692,7.48750371,262.16,13.69,0.00,180.03,0,-88.00,-10.00,0.00,0.00,53.00,0.00,0,124
212.26,1566967733,3371.71,51.44418692,7.48750371,262.16,13.69,0.00,180.03,0,-87.00,-9.00,0.00,0.00,50.00,0.00,0,75
213.26,1566967734,3385.37,51.44408933,7.48745426,261.89,11.94,0.00,201.55,0,-88.00,-10.00,0.00,0.00,53.00,0.00,0,124
213.26,1566967734,3385.38,51.44408933,7.48745426,261.89,11.94,0.00,201.55,0,-87.00,-9.00,0.00,0.00,50.00,0.00,0,75
214.25,1566967735,3397.30,51.44397287,7.48738413,261.61,13.82,0.00,205.01,0,-91.00,-12.00,0.00,0.00,53.00,0.00,0,124
215.26,1566967736,3411.13,51.44388485,7.48725730,261.26,14.26,0.00,224.79,0,-91.00,-12.00,0.00,0.00,53.00,0.00,0,124
218.26,1566967739,3453.85,51.44376758,7.48669062,261.47,14.64,0.00,267.40,0,-94.00,-10.00,0.00,0.00,48.00,0.00,0,124
218.26,1566967739,3453.85,51.44376758,7.48669062,261.47,14.64,0.00,267.40,0,-91.00,-8.00,0.00,0.00,46.00,0.00,0,75
219.26,1566967740,3468.47,51.44375989,7.48646726,261.71,15.15,0.00,268.20,0,-94.00,-10.00,0.00,0.00,48.00,0.00,0,124
219.26,1566967740,3468.49,51.44375989,7.48646726,261.71,15.15,0.00,268.20,0,-91.00,-8.00,0.00,0.00,46.00,0.00,0,75
220.26,1566967741,3483.64,51.44375693,7.48624430,261.98,15.57,0.00,269.00,0,-95.00,-11.00,0.00,0.00,48.00,0.00,0,124
220.26,1566967741,3483.66,51.44375693,7.48624430,261.98,15.57,0.00,269.00,0,-92.00,-9.00,0.00,0.00,46.00,0.00,0,75
221.26,1566967742,3499.22,51.44375329,7.48601544,262.19,16.24,0.00,268.36,0,-95.00,-11.00,0.00,0.00,48.00,0.00,0,124
221.26,1566967742,3499.23,51.44375329,7.48601544,262.19,16.24,0.00,268.36,0,-92.00,-9.00,0.00,0.00,46.00,0.00,0,75
222.25,1566967743,3515.42,51.44374718,7.48578244,262.43,16.78,0.00,267.99,0,-96.00,-12.00,0.00,0.00,44.00,0.00,0,75
223.26,1566967744,3532.22,51.44374512,7.48554851,262.68,17.29,0.00,268.76,0,-96.00,-12.00,0.00,0.00,44.00,0.00,0,75
224.26,1566967745,3549.51,51.44374783,7.48530383,262.74,16.93,0.00,270.02,0,-95.00,-13.00,0.00,0.00,49.00,0.00,0,124
225.26,1566967746,3566.44,51.44375678,7.48502827,262.57,17.80,0.00,271.48,0,-95.00,-13.00,0.00,0.00,49.00,0.00,0,124
251.26,1566967772,4140.05,51.44331130,7.47678894,258.57,23.28,0.00,261.67,0,-94.00,-10.00,0.00,0.00,46.00,0.00,0,77
252.26,1566967773,4163.33,51.44327934,7.47645538,258.18,23.28,0.00,260.83,0,-94.00,-10.00,0.00,0.00,46.00,0.00,0,77
256.25,1566967777,4258.68,51.44312312,7.47509505,256.44,25.17,0.00,258.75,0,-94.00,-10.00,0.00,0.00,47.00,0.00,0,123
257.25,1566967778,4283.85,51.44307724,7.47473378,256.00,25.85,0.00,258.62,0,-94.00,-10.00,0.00,0.00,47.00,0.00,0,123
258.25,1566967779,4309.71,51.44303038,7.47436253,255.56,26.42,0.00,258.61,0,-93.00,-10.00,0.00,0.00,49.00,0.00,0,123
259.25,1566967780,4336.13,51.44297786,7.47398557,255.12,27.54,0.00,257.71,0,-93.00,-10.00,0.00,0.00,49.00,0.00,0,123
266.26,1566967787,4544.43,51.44258937,7.47103149,250.02,32.25,0.00,258.77,0,-116.00,-12.00,0.00,0.00,28.00,0.00,0,125
267.25,1566967788,4576.65,51.44252955,7.47056431,248.97,32.84,0.00,258.67,0,-116.00,-12.00,0.00,0.00,28.00,0.00,0,125
268.26,1566967789,4609.56,51.44247116,7.47009075,247.69,33.41,0.00,258.01,0,-115.00,-12.00,0.00,0.00,28.00,0.00,0,125
268.26,1566967789,4609.59,51.44247116,7.47009075,247.69,33.41,0.00,258.01,0,-118.00,-14.00,0.00,0.00,28.00,0.00,0,123
269.26,1566967790,4642.94,51.44241289,7.46961629,246.59,34.13,0.00,257.98,0,-115.00,-12.00,0.00,0.00,28.00,0.00,0,125
269.26,1566967790,4642.97,51.44241289,7.46961629,246.59,34.13,0.00,257.98,0,-118.00,-14.00,0.00,0.00,28.00,0.00,0,123
270.26,1566967791,4677.21,51.44235487,7.46913524,245.42,34.39,0.00,258.34,0,-118.00,-15.00,0.00,0.00,28.00,0.00,0,123
270.26,1566967791,4677.21,51.44235487,7.46913524,245.42,34.39,0.00,258.34,0,-118.00,-14.00,0.00,0.00,28.00,0.00,0,231
270.26,1566967791,4677.24,51.44235487,7.46913524,245.42,34.39,0.00,258.34,0,-118.00,-15.00,0.00,0.00,28.00,0.00,0,125
270.26,1566967791,4677.27,51.44235487,7.46913524,245.42,34.39,0.00,258.34,0,-127.00,-16.00,0.00,0.00,22.00,0.00,0,274
270.26,1566967791,4677.31,51.44235487,7.46913524,245.42,34.39,0.00,258.34,0,-127.00,-16.00,0.00,0.00,22.00,0.00,0,361
270.26,1566967791,4677.31,51.44235487,7.46913524,245.42,34.39,0.00,258.34,0,-107.00,-13.00,0.00,0.00,34.00,0.00,0,486
270.26,1566967791,4677.34,51.44235487,7.46913524,245.42,34.39,0.00,258.34,0,-108.00,-13.00,0.00,0.00,34.00,0.00,0,488
271.26,1566967792,4711.60,51.44229361,7.46864716,244.27,34.60,0.00,258.62,0,-118.00,-15.00,0.00,0.00,28.00,0.00,0,123
271.26,1566967792,4711.60,51.44229361,7.46864716,244.27,34.60,0.00,258.62,0,-118.00,-14.00,0.00,0.00,28.00,0.00,0,231
271.26,1566967792,4711.63,51.44229361,7.46864716,244.27,34.60,0.00,258.62,0,-118.00,-15.00,0.00,0.00,28.00,0.00,0,125
271.26,1566967792,4711.66,51.44229361,7.46864716,244.27,34.60,0.00,258.62,0,-127.00,-16.00,0.00,0.00,22.00,0.00,0,274
271.26,1566967792,4711.66,51.44229361,7.46864716,244.27,34.60,0.00,258.62,0,-127.00,-16.00,0.00,0.00,22.00,0.00,0,361
271.26,1566967792,4711.70,51.44229361,7.46864716,244.27,34.60,0.00,258.62,0,-107.00,-13.00,0.00,0.00,34.00,0.00,0,486
271.26,1566967792,4711.73,51.44229361,7.46864716,244.27,34.60,0.00,258.62,0,-108.00,-13.00,0.00,0.00,34.00,0.00,0,488
274.26,1566967795,4815.52,51.44211773,7.46717917,240.52,35.03,0.00,259.29,0,-106.00,-16.00,0.00,0.00,35.00,0.00,0,181
275.26,1566967796,4850.34,51.44206451,7.46668480,239.35,35.04,0.00,259.94,0,-106.00,-16.00,0.00,0.00,35.00,0.00,0,181
276.25,1566967797,4885.34,51.44201161,7.46618614,238.27,35.13,0.00,260.49,0,-106.00,-16.00,0.00,0.00,35.00,0.00,0,181
277.26,1566967798,4920.51,51.44195857,7.46568315,237.20,35.29,0.00,260.86,0,-105.00,-15.00,0.00,0.00,35.00,0.00,0,181
278.26,1566967799,4955.80,51.44191140,7.46517862,236.19,35.37,0.00,261.27,0,-105.00,-15.00,0.00,0.00,35.00,0.00,0,181
279.26,1566967800,4991.18,51.44186540,7.46467406,235.42,35.23,0.00,261.66,0,-105.00,-16.00,0.00,0.00,36.00,0.00,0,427
280.26,1566967801,5026.41,51.44182488,7.46416525,234.87,35.40,0.00,262.37,0,-105.00,-16.00,0.00,0.00,36.00,0.00,0,427
283.26,1566967804,5132.73,51.44171587,7.46263134,233.71,35.47,0.00,264.37,0,-107.00,-14.00,0.00,0.00,33.00,0.00,0,427
284.26,1566967805,5168.20,51.44168826,7.46212275,233.39,35.55,0.00,264.89,0,-107.00,-14.00,0.00,0.00,33.00,0.00,0,427
285.26,1566967806,5203.75,51.44166123,7.46161069,233.12,35.50,0.00,265.39,0,-104.00,-15.00,0.00,0.00,36.00,0.00,0,427
286.25,1566967807,5239.22,51.44163975,7.46110455,232.82,35.53,0.00,266.11,0,-104.00,-15.00,0.00,0.00,36.00,0.00,0,427
287.26,1566967808,5274.89,51.44161810,7.46059823,232.44,35.65,0.00,266.75,0,-109.00,-11.00,0.00,0.00,31.00,0.00,0,231
287.26,1566967808,5274.93,51.44161810,7.46059823,232.44,35.65,0.00,266.75,0,-113.00,-12.00,0.00,0.00,29.00,0.00,0,195
287.26,1566967808,5274.96,51.44161810,7.46059823,232.44,35.65,0.00,266.75,0,-123.00,-14.00,0.00,0.00,23.00,0.00,0,93
287.26,1566967808,5274.96,51.44161810,7.46059823,232.44,35.65,0.00,266.75,0,-128.00,-20.00,0.00,0.00,23.00,0.00,0,361
287.26,1566967808,5275.00,51.44161810,7.46059823,232.44,35.65,0.00,266.75,0,-128.00,-20.00,0.00,0.00,23.00,0.00,0,323
287.26,1566967808,5275.03,51.44161810,7.46059823,232.44,35.65,0.00,266.75,0,-105.00,-9.00,0.00,0.00,33.00,0.00,0,308
288.26,1566967809,5310.54,51.44160236,7.46008260,232.12,35.74,0.00,267.20,0,-109.00,-11.00,0.00,0.00,31.00,0.00,0,231
288.26,1566967809,5310.58,51.44160236,7.46008260,232.12,35.74,0.00,267.20,0,-113.00,-12.00,0.00,0.00,29.00,0.00,0,195
288.26,1566967809,5310.61,51.44160236,7.46008260,232.12,35.74,0.00,267.20,0,-123.00,-14.00,0.00,0.00,23.00,0.00,0,93
288.26,1566967809,5310.61,51.44160236,7.46008260,232.12,35.74,0.00,267.20,0,-128.00,-20.00,0.00,0.00,23.00,0.00,0,361
288.26,1566967809,5310.65,51.44160236,7.46008260,232.12,35.74,0.00,267.20,0,-128.00,-20.00,0.00,0.00,23.00,0.00,0,323
288.26,1566967809,5310.69,51.44160236,7.46008260,232.12,35.74,0.00,267.20,0,-105.00,-9.00,0.00,0.00,33.00,0.00,0,308
289.26,1566967810,5346.31,51.44158600,7.45956464,231.97,35.76,0.00,267.89,0,-109.00,-14.00,0.00,0.00,35.00,0.00,0,488
289.26,1566967810,5346.35,51.44158600,7.45956464,231.97,35.76,0.00,267.89,0,-111.00,-17.00,0.00,0.00,35.00,0.00,0,123
289.26,1566967810,5346.39,51.44158600,7.45956464,231.97,35.76,0.00,267.89,0,-112.00,-18.00,0.00,0.00,35.00,0.00,0,486
289.26,1566967810,5346.39,51.44158600,7.45956464,231.97,35.76,0.00,267.89,0,-109.00,-9.00,0.00,0.00,30.00,0.00,0,231
289.26,1566967810,5346.42,51.44158600,7.45956464,231.97,35.76,0.00,267.89,0,-114.00,-12.00,0.00,0.00,28.00,0.00,0,167
289.26,1566967810,5346.46,51.44158600,7.45956464,231.97,35.76,0.00,267.89,0,-114.00,-14.00,0.00,0.00,31.00,0.00,0,123
289.26,1566967810,5346.49,51.44158600,7.45956464,231.97,35.76,0.00,267.89,0,-125.00,-13.00,0.00,0.00,22.00,0.00,0,93
289.26,1566967810,5346.49,51.44158600,7.45956464,231.97,35.76,0.00,267.89,0,-131.00,-20.00,0.00,0.00,22.00,0.00,0,13
290.26,1566967811,5382.07,51.44157844,7.45905504,231.67,35.96,0.00,268.57,0,-109.00,-14.00,0.00,0.00,35.00,0.00,0,488
290.26,1566967811,5382.11,51.44157844,7.45905504,231.67,35.96,0.00,268.57,0,-111.00,-17.00,0.00,0.00,35.00,0.00,0,123
290.26,1566967811,5382.15,51.44157844,7.45905504,231.67,35.96,0.00,268.57,0,-112.00,-18.00,0.00,0.00,35.00,0.00,0,486
290.26,1566967811,5382.15,51.44157844,7.45905504,231.67,35.96,0.00,268.57,0,-109.00,-9.00,0.00,0.00,30.00,0.00,0,231
290.26,1566967811,5382.18,51.44157844,7.45905504,231.67,35.96,0.00,268.57,0,-114.00,-12.00,0.00,0.00,28.00,0.00,0,167
290.26,1566967811,5382.22,51.44157844,7.45905504,231.67,35.96,0.00,268.57,0,-114.00,-14.00,0.00,0.00,31.00,0.00,0,123
290.26,1566967811,5382.25,51.44157844,7.45905504,231.67,35.96,0.00,268.57,0,-125.00,-13.00,0.00,0.00,22.00,0.00,0,93
290.26,1566967811,5382.25,51.44157844,7.45905504,231.67,35.96,0.00,268.57,0,-131.00,-20.00,0.00,0.00,22.00,0.00,0,13
291.26,1566967812,5417.89,51.44157099,7.45853722,231.28,36.17,0.00,268.93,0,-113.00,-13.00,0.00,0.00,31.00,0.00,0,123
291.26,1566967812,5417.93,51.44157099,7.45853722,231.28,36.17,0.00,268.93,0,-112.00,-10.00,0.00,0.00,29.00,0.00,0,404
292.26,1566967813,5454.10,51.44156348,7.45801175,231.01,36.20,0.00,269.45,0,-113.00,-13.00,0.00,0.00,31.00,0.00,0,123
292.26,1566967813,5454.10,51.44156348,7.45801175,231.01,36.20,0.00,269.45,0,-112.00,-10.00,0.00,0.00,29.00,0.00,0,404
293.26,1566967814,5490.30,51.44156259,7.45748881,230.85,36.16,0.00,269.82,0,-112.00,-13.00,0.00,0.00,32.00,0.00,0,123
293.26,1566967814,5490.34,51.44156259,7.45748881,230.85,36.16,0.00,269.82,0,-113.00,-11.00,0.00,0.00,30.00,0.00,0,404
293.26,1566967814,5490.38,51.44156259,7.45748881,230.85,36.16,0.00,269.82,0,-116.00,-16.00,0.00,0.00,33.00,0.00,0,125
294.26,1566967815,5526.50,51.44155975,7.45696871,230.75,36.19,0.00,270.17,0,-112.00,-13.00,0.00,0.00,32.00,0.00,0,123
294.26,1566967815,5526.50,51.44155975,7.45696871,230.75,36.19,0.00,270.17,0,-113.00,-11.00,0.00,0.00,30.00,0.00,0,404
294.26,1566967815,5526.53,51.44155975,7.45696871,230.75,36.19,0.00,270.17,0,-116.00,-16.00,0.00,0.00,33.00,0.00,0,125
371.26,1566967892,7695.36,51.44755795,7.42822088,190.87,29.38,0.00,317.19,0,-95.00,-9.00,0.00,0.00,46.00,0.00,0,49
372.26,1566967893,7724.74,51.44775731,7.42794008,189.69,29.14,0.00,318.90,0,-95.00,-9.00,0.00,0.00,46.00,0.00,0,49
375.26,1566967896,7813.17,51.44835680,7.42714461,185.60,29.77,0.00,322.06,0,-94.00,-7.00,0.00,0.00,44.00,0.00,0,49
376.26,1566967897,7842.94,51.44857772,7.42688312,184.30,30.06,0.00,323.42,0,-94.00,-7.00,0.00,0.00,44.00,0.00,0,49
377.26,1566967898,7873.00,51.44880664,7.42661984,183.43,30.47,0.00,324.67,0,-98.00,-8.00,0.00,0.00,43.00,0.00,0,49
378.26,1566967899,7903.47,51.44902270,7.42637541,182.36,30.31,0.00,325.06,0,-98.00,-8.00,0.00,0.00,43.00,0.00,0,49
386.26,1566967907,8144.17,51.45089812,7.42468507,176.36,29.88,0.00,335.32,0,-105.00,-12.00,0.00,0.00,40.00,0.00,0,97
386.26,1566967907,8144.17,51.45089812,7.42468507,176.36,29.88,0.00,335.32,0,-106.00,-15.00,0.00,0.00,41.00,0.00,0,414
386.26,1566967907,8144.20,51.45089812,7.42468507,176.36,29.88,0.00,335.32,0,-107.00,-15.00,0.00,0.00,40.00,0.00,0,26
387.26,1566967908,8174.05,51.45113300,7.42452907,174.89,29.52,0.00,337.82,0,-105.00,-12.00,0.00,0.00,40.00,0.00,0,97
387.26,1566967908,8174.08,51.45113300,7.42452907,174.89,29.52,0.00,337.82,0,-106.00,-15.00,0.00,0.00,41.00,0.00,0,414
387.26,1566967908,8174.11,51.45113300,7.42452907,174.89,29.52,0.00,337.82,0,-107.00,-15.00,0.00,0.00,40.00,0.00,0,26
388.26,1566967909,8203.57,51.45136387,7.42438933,173.34,28.69,0.00,339.04,0,-97.00,-6.00,0.00,0.00,40.00,0.00,0,414
388.26,1566967909,8203.60,51.45136387,7.42438933,173.34,28.69,0.00,339.04,0,-104.00,-11.00,0.00,0.00,39.00,0.00,0,26
388.26,1566967909,8203.63,51.45136387,7.42438933,173.34,28.69,0.00,339.04,0,-107.00,-10.00,0.00,0.00,36.00,0.00,0,97
389.26,1566967910,8232.24,51.45158658,7.42425909,171.49,27.73,0.00,339.97,0,-97.00,-6.00,0.00,0.00,40.00,0.00,0,414
389.26,1566967910,8232.26,51.45158658,7.42425909,171.49,27.73,0.00,339.97,0,-104.00,-11.00,0.00,0.00,39.00,0.00,0,26
389.26,1566967910,8232.29,51.45158658,7.42425909,171.49,27.73,0.00,339.97,0,-107.00,-10.00,0.00,0.00,36.00,0.00,0,97
392.26,1566967913,8314.39,51.45225675,7.42388173,166.59,26.85,0.00,340.95,0,-105.00,-12.00,0.00,0.00,38.00,0.00,0,358
392.26,1566967913,8314.42,51.45225675,7.42388173,166.59,26.85,0.00,340.95,0,-106.00,-11.00,0.00,0.00,36.00,0.00,0,97
392.26,1566967913,8314.42,51.45225675,7.42388173,166.59,26.85,0.00,340.95,0,-108.00,-14.00,0.00,0.00,38.00,0.00,0,249
393.26,1566967914,8341.24,51.45248867,7.42376166,165.36,26.67,0.00,341.62,0,-105.00,-12.00,0.00,0.00,38.00,0.00,0,358
393.26,1566967914,8341.27,51.45248867,7.42376166,165.36,26.67,0.00,341.62,0,-106.00,-11.00,0.00,0.00,36.00,0.00,0,97
393.26,1566967914,8341.30,51.45248867,7.42376166,165.36,26.67,0.00,341.62,0,-108.00,-14.00,0.00,0.00,38.00,0.00,0,249
394.26,1566967915,8367.94,51.45271297,7.42364632,164.39,26.74,0.00,342.42,0,-108.00,-14.00,0.00,0.00,37.00,0.00,0,375
394.26,1566967915,8367.94,51.45271297,7.42364632,164.39,26.74,0.00,342.42,0,-109.00,-13.00,0.00,0.00,37.00,0.00,0,49
394.26,1566967915,8367.96,51.45271297,7.42364632,164.39,26.74,0.00,342.42,0,-107.00,-12.00,0.00,0.00,37.00,0.00,0,97
395.26,1566967916,8394.65,51.45294542,7.42353599,163.65,26.86,0.00,342.68,0,-108.00,-14.00,0.00,0.00,37.00,0.00,0,375
395.26,1566967916,8394.67,51.45294542,7.42353599,163.65,26.86,0.00,342.68,0,-109.00,-13.00,0.00,0.00,37.00,0.00,0,49
395.26,1566967916,8394.70,51.45294542,7.42353599,163.65,26.86,0.00,342.68,0,-107.00,-12.00,0.00,0.00,37.00,0.00,0,97
396.26,1566967917,8421.50,51.45317923,7.42342777,162.85,27.38,0.00,343.38,0,-105.00,-12.00,0.00,0.00,39.00,0.00,0,97
396.26,1566967917,8421.53,51.45317923,7.42342777,162.85,27.38,0.00,343.38,0,-104.00,-11.00,0.00,0.00,39.00,0.00,0,49
396.26,1566967917,8421.53,51.45317923,7.42342777,162.85,27.38,0.00,343.38,0,-109.00,-15.00,0.00,0.00,38.00,0.00,0,26
397.26,1566967918,8448.88,51.45341379,7.42331614,162.37,27.26,0.00,343.28,0,-105.00,-12.00,0.00,0.00,39.00,0.00,0,97
397.26,1566967918,8448.91,51.45341379,7.42331614,162.37,27.26,0.00,343.28,0,-104.00,-11.00,0.00,0.00,39.00,0.00,0,49
397.26,1566967918,8448.94,51.45341379,7.42331614,162.37,27.26,0.00,343.28,0,-109.00,-15.00,0.00,0.00,38.00,0.00,0,26
400.26,1566967921,8531.08,51.45412113,7.42300100,161.18,27.30,0.00,344.06,0,-100.00,-9.00,0.00,0.00,40.00,0.00,0,414
400.26,1566967921,8531.10,51.45412113,7.42300100,161.18,27.30,0.00,344.06,0,-105.00,-11.00,0.00,0.00,38.00,0.00,0,97
400.27,1566967921,8531.13,51.45412113,7.42300100,161.18,27.30,0.00,344.06,0,-106.00,-15.00,0.00,0.00,40.00,0.00,0,249
401.26,1566967922,8558.19,51.45435683,7.42289871,160.54,27.38,0.00,344.18,0,-100.00,-9.00,0.00,0.00,40.00,0.00,0,414
401.26,1566967922,8558.21,51.45435683,7.42289871,160.54,27.38,0.00,344.18,0,-105.00,-11.00,0.00,0.00,38.00,0.00,0,97
401.26,1566967922,8558.21,51.45435683,7.42289871,160.54,27.38,0.00,344.18,0,-106.00,-15.00,0.00,0.00,40.00,0.00,0,249
402.26,1566967923,8585.57,51.45459991,7.42278835,160.09,27.59,0.00,344.04,0,-100.00,-9.00,0.00,0.00,40.00,0.00,0,414
402.26,1566967923,8585.57,51.45459991,7.42278835,160.09,27.59,0.00,344.04,0,-105.00,-11.00,0.00,0.00,38.00,0.00,0,97
402.26,1566967923,8585.59,51.45459991,7.42278835,160.09,27.59,0.00,344.04,0,-106.00,-15.00,0.00,0.00,40.00,0.00,0,249
403.26,1566967924,8613.16,51.45483920,7.42267666,159.78,27.82,0.00,343.85,0,-103.00,-10.00,0.00,0.00,40.00,0.00,0,348
403.26,1566967924,8613.19,51.45483920,7.42267666,159.78,27.82,0.00,343.85,0,-104.00,-10.00,0.00,0.00,37.00,0.00,0,97
403.26,1566967924,8613.19,51.45483920,7.42267666,159.78,27.82,0.00,343.85,0,-107.00,-14.00,0.00,0.00,38.00,0.00,0,49
404.26,1566967925,8641.01,51.45507877,7.42256750,159.35,27.76,0.00,343.19,0,-103.00,-10.00,0.00,0.00,40.00,0.00,0,348
404.26,1566967925,8641.01,51.45507877,7.42256750,159.35,27.76,0.00,343.19,0,-104.00,-10.00,0.00,0.00,37.00,0.00,0,97
404.26,1566967925,8641.03,51.45507877,7.42256750,159.35,27.76,0.00,343.19,0,-107.00,-14.00,0.00,0.00,38.00,0.00,0,49
405.26,1566967926,8668.74,51.45531476,7.42245442,158.93,27.59,0.00,343.04,0,-97.00,-12.00,0.00,0.00,47.00,0.00,0,348
405.26,1566967926,8668.77,51.45531476,7.42245442,158.93,27.59,0.00,343.04,0,-99.00,-10.00,0.00,0.00,44.00,0.00,0,97
405.26,1566967926,8668.77,51.45531476,7.42245442,158.93,27.59,0.00,343.04,0,-97.00,-12.00,0.00,0.00,45.00,0.00,0,187
406.26,1566967927,8696.33,51.45554857,7.42234351,158.52,27.67,0.00,343.03,0,-97.00,-12.00,0.00,0.00,47.00,0.00,0,348
406.26,1566967927,8696.33,51.45554857,7.42234351,158.52,27.67,0.00,343.03,0,-99.00,-10.00,0.00,0.00,44.00,0.00,0,97
406.26,1566967927,8696.35,51.45554857,7.42234351,158.52,27.67,0.00,343.03,0,-97.00,-12.00,0.00,0.00,45.00,0.00,0,187
407.26,1566967928,8724.03,51.45577939,7.42221772,158.13,27.28,0.00,341.25,0,-98.00,-12.00,0.00,0.00,44.00,0.00,0,233
407.26,1566967928,8724.05,51.45577939,7.42221772,158.13,27.28,0.00,341.25,0,-99.00,-11.00,0.00,0.00,45.00,0.00,0,26
407.26,1566967928,8724.08,51.45577939,7.42221772,158.13,27.28,0.00,341.25,0,-101.00,-13.00,0.00,0.00,44.00,0.00,0,414
407.26,1566967928,8724.11,51.45577939,7.42221772,158.13,27.28,0.00,341.25,0,-96.00,-12.00,0.00,0.00,45.00,0.00,0,424
407.26,1566967928,8724.11,51.45577939,7.42221772,158.13,27.28,0.00,341.25,0,-97.00,-13.00,0.00,0.00,44.00,0.00,0,150
408.26,1566967929,8751.33,51.45601434,7.42209014,157.78,27.37,0.00,340.81,0,-98.00,-12.00,0.00,0.00,44.00,0.00,0,233
408.26,1566967929,8751.36,51.45601434,7.42209014,157.78,27.37,0.00,340.81,0,-99.00,-11.00,0.00,0.00,45.00,0.00,0,26
408.26,1566967929,8751.36,51.45601434,7.42209014,157.78,27.37,0.00,340.81,0,-101.00,-13.00,0.00,0.00,44.00,0.00,0,414
408.26,1566967929,8751.39,51.45601434,7.42209014,157.78,27.37,0.00,340.81,0,-96.00,-12.00,0.00,0.00,45.00,0.00,0,424
408.26,1566967929,8751.41,51.45601434,7.42209014,157.78,27.37,0.00,340.81,0,-97.00,-13.00,0.00,0.00,44.00,0.00,0,150
409.26,1566967930,8778.67,51.45625154,7.42196019,157.48,27.61,0.00,340.29,0,-94.00,-11.00,0.00,0.00,49.00,0.00,0,233
409.26,1566967930,8778.70,51.45625154,7.42196019,157.48,27.61,0.00,340.29,0,-97.00,-12.00,0.00,0.00,48.00,0.00,0,26
409.26,1566967930,8778.73,51.45625154,7.42196019,157.48,27.61,0.00,340.29,0,-98.00,-14.00,0.00,0.00,49.00,0.00,0,414
409.26,1566967930,8778.73,51.45625154,7.42196019,157.48,27.61,0.00,340.29,0,-97.00,-12.00,0.00,0.00,45.00,0.00,0,150
409.26,1566967930,8778.75,51.45625154,7.42196019,157.48,27.61,0.00,340.29,0,-100.00,-15.00,0.00,0.00,44.00,0.00,0,424
410.26,1566967931,8806.28,51.45648728,7.42182314,157.28,27.83,0.00,339.63,0,-94.00,-11.00,0.00,0.00,49.00,0.00,0,233
410.26,1566967931,8806.31,51.45648728,7.42182314,157.28,27.83,0.00,339.63,0,-97.00,-12.00,0.00,0.00,48.00,0.00,0,26
410.26,1566967931,8806.33,51.45648728,7.42182314,157.28,27.83,0.00,339.63,0,-98.00,-14.00,0.00,0.00,49.00,0.00,0,414
410.26,1566967931,8806.36,51.45648728,7.42182314,157.28,27.83,0.00,339.63,0,-97.00,-12.00,0.00,0.00,45.00,0.00,0,150
410.26,1566967931,8806.36,51.45648728,7.42182314,157.28,27.83,0.00,339.63,0,-100.00,-15.00,0.00,0.00,44.00,0.00,0,424
411.26,1566967932,8834.11,51.45672423,7.42168258,157.09,28.14,0.00,338.90,0,-100.00,-14.00,0.00,0.00,45.00,0.00,0,414
411.26,1566967932,8834.14,51.45672423,7.42168258,157.09,28.14,0.00,338.90,0,-100.00,-13.00,0.00,0.00,45.00,0.00,0,249
411.26,1566967932,8834.17,51.45672423,7.42168258,157.09,28.14,0.00,338.90,0,-100.00,-13.00,0.00,0.00,45.00,0.00,0,233
411.26,1566967932,8834.17,51.45672423,7.42168258,157.09,28.14,0.00,338.90,0,-96.00,-10.00,0.00,0.00,43.00,0.00,0,436
411.26,1566967932,8834.19,51.45672423,7.42168258,157.09,28.14,0.00,338.90,0,-98.00,-12.00,0.00,0.00,42.00,0.00,0,150
412.25,1566967933,8862.14,51.45696165,7.42152592,156.70,28.34,0.00,337.96,0,-100.00,-14.00,0.00,0.00,45.00,0.00,0,414
412.25,1566967933,8862.17,51.45696165,7.42152592,156.70,28.34,0.00,337.96,0,-100.00,-13.00,0.00,0.00,45.00,0.00,0,249
412.25,1566967933,8862.17,51.45696165,7.42152592,156.70,28.34,0.00,337.96,0,-100.00,-13.00,0.00,0.00,45.00,0.00,0,233
412.25,1566967933,8862.17,51.45696165,7.42152592,156.70,28.34,0.00,337.96,0,-96.00,-10.00,0.00,0.00,43.00,0.00,0,436
412.26,1566967933,8862.19,51.45696165,7.42152592,156.70,28.34,0.00,337.96,0,-98.00,-12.00,0.00,0.00,42.00,0.00,0,150
413.26,1566967934,8890.59,51.45719548,7.42136546,156.59,28.50,0.00,336.74,0,-95.00,-8.00,0.00,0.00,45.00,0.00,0,375
413.26,1566967934,8890.62,51.45719548,7.42136546,156.59,28.50,0.00,336.74,0,-95.00,-9.00,0.00,0.00,45.00,0.00,0,233
413.26,1566967934,8890.65,51.45719548,7.42136546,156.59,28.50,0.00,336.74,0,-100.00,-12.00,0.00,0.00,44.00,0.00,0,414
413.26,1566967934,8890.65,51.45719548,7.42136546,156.59,28.50,0.00,336.74,0,-94.00,-11.00,0.00,0.00,44.00,0.00,0,436
413.26,1566967934,8890.68,51.45719548,7.42136546,156.59,28.50,0.00,336.74,0,-97.00,-12.00,0.00,0.00,44.00,0.00,0,150
414.26,1566967935,8919.09,51.45743527,7.42120010,156.56,28.70,0.00,336.07,0,-95.00,-8.00,0.00,0.00,45.00,0.00,0,375
414.26,1566967935,8919.12,51.45743527,7.42120010,156.56,28.70,0.00,336.07,0,-95.00,-9.00,0.00,0.00,45.00,0.00,0,233
414.26,1566967935,8919.15,51.45743527,7.42120010,156.56,28.70,0.00,336.07,0,-100.00,-12.00,0.00,0.00,44.00,0.00,0,414
414.26,1566967935,8919.15,51.45743527,7.42120010,156.56,28.70,0.00,336.07,0,-94.00,-11.00,0.00,0.00,44.00,0.00,0,436
414.26,1566967935,8919.18,51.45743527,7.42120010,156.56,28.70,0.00,336.07,0,-97.00,-12.00,0.00,0.00,44.00,0.00,0,150
415.26,1566967936,8947.80,51.45767176,7.42102661,156.48,28.94,0.00,335.28,0,-100.00,-16.00,0.00,0.00,48.00,0.00,0,414
415.26,1566967936,8947.83,51.45767176,7.42102661,156.48,28.94,0.00,335.28,0,-95.00,-10.00,0.00,0.00,44.00,0.00,0,436
415.26,1566967936,8947.83,51.45767176,7.42102661,156.48,28.94,0.00,335.28,0,-97.00,-12.00,0.00,0.00,44.00,0.00,0,150
416.26,1566967937,8976.74,51.45791360,7.42084866,156.28,29.06,0.00,334.29,0,-100.00,-16.00,0.00,0.00,48.00,0.00,0,414
416.26,1566967937,8976.74,51.45791360,7.42084866,156.28,29.06,0.00,334.29,0,-95.00,-10.00,0.00,0.00,44.00,0.00,0,436
416.26,1566967937,8976.77,51.45791360,7.42084866,156.28,29.06,0.00,334.29,0,-97.00,-12.00,0.00,0.00,44.00,0.00,0,150
417.26,1566967938,9005.82,51.45815065,7.42066178,156.09,29.21,0.00,333.75,0,-95.00,-8.00,0.00,0.00,45.00,0.00,0,375
417.26,1566967938,9005.85,51.45815065,7.42066178,156.09,29.21,0.00,333.75,0,-95.00,-10.00,0.00,0.00,47.00,0.00,0,233
417.26,1566967938,9005.88,51.45815065,7.42066178,156.09,29.21,0.00,333.75,0,-101.00,-14.00,0.00,0.00,44.00,0.00,0,97
417.26,1566967938,9005.91,51.45815065,7.42066178,156.09,29.21,0.00,333.75,0,-92.00,-9.00,0.00,0.00,46.00,0.00,0,436
417.26,1566967938,9005.91,51.45815065,7.42066178,156.09,29.21,0.00,333.75,0,-93.00,-9.00,0.00,0.00,44.00,0.00,0,144
418.26,1566967939,9035.04,51.45838592,7.42046855,155.94,29.48,0.00,332.64,0,-95.00,-8.00,0.00,0.00,45.00,0.00,0,375
418.26,1566967939,9035.07,51.45838592,7.42046855,155.94,29.48,0.00,332.64,0,-95.00,-10.00,0.00,0.00,47.00,0.00,0,233
418.26,1566967939,9035.07,51.45838592,7.42046855,155.94,29.48,0.00,332.64,0,-101.00,-14.00,0.00,0.00,44.00,0.00,0,97
418.26,1566967939,9035.10,51.45838592,7.42046855,155.94,29.48,0.00,332.64,0,-92.00,-9.00,0.00,0.00,46.00,0.00,0,436
418.26,1566967939,9035.13,51.45838592,7.42046855,155.94,29.48,0.00,332.64,0,-93.00,-9.00,0.00,0.00,44.00,0.00,0,144
421.27,1566967942,9124.11,51.45909493,7.41985714,155.64,29.78,0.00,330.47,0,-90.00,-8.00,0.00,0.00,50.00,0.00,0,375
421.27,1566967942,9124.14,51.45909493,7.41985714,155.64,29.78,0.00,330.47,0,-91.00,-9.00,0.00,0.00,50.00,0.00,0,348
421.27,1566967942,9124.14,51.45909493,7.41985714,155.64,29.78,0.00,330.47,0,-85.00,-7.00,0.00,0.00,50.00,0.00,0,144
421.27,1566967942,9124.17,51.45909493,7.41985714,155.64,29.78,0.00,330.47,0,-89.00,-9.00,0.00,0.00,49.00,0.00,0,187
422.26,1566967943,9153.65,51.45932131,7.41964442,155.36,29.64,0.00,329.41,0,-90.00,-8.00,0.00,0.00,50.00,0.00,0,375
422.26,1566967943,9153.68,51.45932131,7.41964442,155.36,29.64,0.00,329.41,0,-91.00,-9.00,0.00,0.00,50.00,0.00,0,348
422.26,1566967943,9153.68,51.45932131,7.41964442,155.36,29.64,0.00,329.41,0,-85.00,-7.00,0.00,0.00,50.00,0.00,0,144
422.26,1566967943,9153.71,51.45932131,7.41964442,155.36,29.64,0.00,329.41,0,-89.00,-9.00,0.00,0.00,49.00,0.00,0,187
423.26,1566967944,9183.29,51.45955213,7.41942567,155.17,29.74,0.00,328.47,0,-90.00,-8.00,0.00,0.00,50.00,0.00,0,375
423.26,1566967944,9183.32,51.45955213,7.41942567,155.17,29.74,0.00,328.47,0,-91.00,-9.00,0.00,0.00,50.00,0.00,0,348
423.26,1566967944,9183.35,51.45955213,7.41942567,155.17,29.74,0.00,328.47,0,-85.00,-7.00,0.00,0.00,50.00,0.00,0,144
423.26,1566967944,9183.35,51.45955213,7.41942567,155.17,29.74,0.00,328.47,0,-89.00,-9.00,0.00,0.00,49.00,0.00,0,187
430.26,1566967951,9393.40,51.46109855,7.41770648,154.42,30.81,0.00,322.78,0,-82.00,-7.00,0.00,0.00,57.00,0.00,0,233
430.26,1566967951,9393.40,51.46109855,7.41770648,154.42,30.81,0.00,322.78,0,-82.00,-9.00,0.00,0.00,56.00,0.00,0,436
431.26,1566967952,9424.19,51.46131844,7.41743548,154.49,31.05,0.00,322.49,0,-82.00,-7.00,0.00,0.00,57.00,0.00,0,233
431.26,1566967952,9424.19,51.46131844,7.41743548,154.49,31.05,0.00,322.49,0,-82.00,-9.00,0.00,0.00,56.00,0.00,0,436
432.26,1566967953,9455.23,51.46153988,7.41716118,154.70,30.96,0.00,322.56,0,-84.00,-6.00,0.00,0.00,54.00,0.00,0,233
432.26,1566967953,9455.27,51.46153988,7.41716118,154.70,30.96,0.00,322.56,0,-83.00,-8.00,0.00,0.00,55.00,0.00,0,436
432.26,1566967953,9455.30,51.46153988,7.41716118,154.70,30.96,0.00,322.56,0,-87.00,-12.00,0.00,0.00,54.00,0.00,0,187
433.26,1566967954,9486.19,51.46176002,7.41688901,154.96,30.64,0.00,322.88,0,-84.00,-6.00,0.00,0.00,54.00,0.00,0,233
433.26,1566967954,9486.22,51.46176002,7.41688901,154.96,30.64,0.00,322.88,0,-83.00,-8.00,0.00,0.00,55.00,0.00,0,436
433.26,1566967954,9486.22,51.46176002,7.41688901,154.96,30.64,0.00,322.88,0,-87.00,-12.00,0.00,0.00,54.00,0.00,0,187
434.26,1566967955,9516.80,51.46196695,7.41661488,155.09,29.93,0.00,320.23,0,-85.00,-7.00,0.00,0.00,54.00,0.00,0,233
434.26,1566967955,9516.83,51.46196695,7.41661488,155.09,29.93,0.00,320.23,0,-83.00,-7.00,0.00,0.00,53.00,0.00,0,436
435.26,1566967956,9546.76,51.46215982,7.41633871,155.05,29.83,0.00,318.20,0,-85.00,-7.00,0.00,0.00,54.00,0.00,0,233
435.26,1566967956,9546.79,51.46215982,7.41633871,155.05,29.83,0.00,318.20,0,-83.00,-7.00,0.00,0.00,53.00,0.00,0,436
436.26,1566967957,9576.59,51.46235145,7.41605675,154.83,29.65,0.00,316.96,0,-86.00,-7.00,0.00,0.00,53.00,0.00,0,233
436.26,1566967957,9576.62,51.46235145,7.41605675,154.83,29.65,0.00,316.96,0,-87.00,-8.00,0.00,0.00,50.00,0.00,0,436
436.26,1566967957,9576.65,51.46235145,7.41605675,154.83,29.65,0.00,316.96,0,-88.00,-8.00,0.00,0.00,50.00,0.00,0,187
437.26,1566967958,9606.27,51.46254548,7.41577155,154.77,29.54,0.00,316.09,0,-86.00,-7.00,0.00,0.00,53.00,0.00,0,233
437.26,1566967958,9606.27,51.46254548,7.41577155,154.77,29.54,0.00,316.09,0,-87.00,-8.00,0.00,0.00,50.00,0.00,0,436
437.26,1566967958,9606.30,51.46254548,7.41577155,154.77,29.54,0.00,316.09,0,-88.00,-8.00,0.00,0.00,50.00,0.00,0,187
438.26,1566967959,9635.78,51.46273452,7.41547918,154.79,29.37,0.00,315.59,0,-88.00,-8.00,0.00,0.00,49.00,0.00,0,436
438.26,1566967959,9635.81,51.46273452,7.41547918,154.79,29.37,0.00,315.59,0,-90.00,-10.00,0.00,0.00,48.00,0.00,0,187
439.25,1566967960,9664.95,51.46292404,7.41518574,154.82,29.39,0.00,315.09,0,-88.00,-8.00,0.00,0.00,49.00,0.00,0,436
439.25,1566967960,9664.95,51.46292404,7.41518574,154.82,29.39,0.00,315.09,0,-90.00,-10.00,0.00,0.00,48.00,0.00,0,187
449.26,1566967970,9954.87,51.46465198,7.41205723,154.84,27.77,0.00,306.91,0,-87.00,-11.00,0.00,0.00,56.00,0.00,0,376
449.26,1566967970,9954.90,51.46465198,7.41205723,154.84,27.77,0.00,306.91,0,-90.00,-8.00,0.00,0.00,51.00,0.00,0,348
449.26,1566967970,9954.93,51.46465198,7.41205723,154.84,27.77,0.00,306.91,0,-83.00,-11.00,0.00,0.00,57.00,0.00,0,146
450.26,1566967971,9982.64,51.46480329,7.41173294,154.88,28.37,0.00,306.19,0,-87.00,-11.00,0.00,0.00,56.00,0.00,0,376
450.26,1566967971,9982.67,51.46480329,7.41173294,154.88,28.37,0.00,306.19,0,-90.00,-8.00,0.00,0.00,51.00,0.00,0,348
450.26,1566967971,9982.70,51.46480329,7.41173294,154.88,28.37,0.00,306.19,0,-83.00,-11.00,0.00,0.00,57.00,0.00,0,146
451.26,1566967972,10010.98,51.46495726,7.41139458,154.93,29.23,0.00,306.81,0,-97.00,-9.00,0.00,0.00,43.00,0.00,0,376
451.26,1566967972,10011.01,51.46495726,7.41139458,154.93,29.23,0.00,306.81,0,-95.00,-7.00,0.00,0.00,40.00,0.00,0,146
452.26,1566967973,10040.22,51.46511509,7.41104993,155.00,30.11,0.00,307.27,0,-97.00,-9.00,0.00,0.00,43.00,0.00,0,376
452.26,1566967973,10040.25,51.46511509,7.41104993,155.00,30.11,0.00,307.27,0,-95.00,-7.00,0.00,0.00,40.00,0.00,0,146
453.25,1566967974,10070.29,51.46527572,7.41070777,155.17,30.90,0.00,307.55,0,-101.00,-8.00,0.00,0.00,38.00,0.00,0,233
453.26,1566967974,10070.32,51.46527572,7.41070777,155.17,30.90,0.00,307.55,0,-104.00,-13.00,0.00,0.00,40.00,0.00,0,97
454.26,1566967975,10101.23,51.46544378,7.41035201,155.37,31.61,0.00,307.87,0,-101.00,-8.00,0.00,0.00,38.00,0.00,0,233
454.26,1566967975,10101.26,51.46544378,7.41035201,155.37,31.61,0.00,307.87,0,-104.00,-13.00,0.00,0.00,40.00,0.00,0,97
455.26,1566967976,10132.84,51.46561479,7.40998596,155.65,32.10,0.00,307.67,0,-97.00,-10.00,0.00,0.00,45.00,0.00,0,97
456.26,1566967977,10164.94,51.46579279,7.40960793,155.80,32.67,0.00,307.77,0,-97.00,-10.00,0.00,0.00,45.00,0.00,0,97
459.26,1566967980,10264.59,51.46634734,7.40848352,156.42,34.08,0.00,308.14,0,-100.00,-9.00,0.00,0.00,41.00,0.00,0,453
460.25,1566967981,10298.64,51.46653748,7.40809666,156.72,34.59,0.00,308.46,0,-100.00,-9.00,0.00,0.00,41.00,0.00,0,453
461.25,1566967982,10333.23,51.46672940,7.40770664,157.03,34.83,0.00,308.72,0,-96.00,-11.00,0.00,0.00,45.00,0.00,0,412
462.26,1566967983,10368.09,51.46693105,7.40731359,157.29,35.34,0.00,309.17,0,-96.00,-11.00,0.00,0.00,45.00,0.00,0,412
474.25,1566967995,10784.88,51.46947055,7.40288643,161.26,30.14,0.00,314.24,0,-85.00,-14.00,0.00,0.00,60.00,0.00,0,286
475.26,1566967996,10815.08,51.46967013,7.40257167,161.87,29.90,0.00,314.76,0,-85.00,-14.00,0.00,0.00,60.00,0.00,0,286
482.26,1566968003,11019.31,51.47102939,7.40049281,163.82,28.61,0.00,316.11,0,-89.00,-13.00,0.00,0.00,55.00,0.00,0,307
483.25,1566968004,11047.89,51.47120682,7.40021800,164.34,28.09,0.00,316.81,0,-89.00,-13.00,0.00,0.00,55.00,0.00,0,307
484.26,1566968005,11076.25,51.47137567,7.39996230,164.73,26.17,0.00,317.24,0,-89.00,-14.00,0.00,0.00,55.00,0.00,0,307
485.26,1566968006,11102.19,51.47154053,7.39971520,165.46,24.88,0.00,317.60,0,-89.00,-14.00,0.00,0.00,55.00,0.00,0,307
486.25,1566968007,11127.04,51.47170706,7.39947654,166.14,24.76,0.00,318.69,0,-89.00,-14.00,0.00,0.00,55.00,0.00,0,307
487.25,1566968008,11151.80,51.47187345,7.39923675,166.91,24.65,0.00,318.92,0,-89.00,-11.00,0.00,0.00,51.00,0.00,0,307
488.25,1566968009,11176.45,51.47203818,7.39899632,167.73,24.54,0.00,318.61,0,-89.00,-11.00,0.00,0.00,51.00,0.00,0,307
489.25,1566968010,11200.99,51.47219491,7.39875818,168.05,24.70,0.00,319.07,0,-89.00,-14.00,0.00,0.00,55.00,0.00,0,307
490.26,1566968011,11225.71,51.47234294,7.39853845,167.70,24.29,0.00,318.34,0,-89.00,-14.00,0.00,0.00,55.00,0.00,0,307
491.26,1566968012,11250.01,51.47250015,7.39831454,167.42,24.30,0.00,318.40,0,-90.00,-17.00,0.00,0.00,55.00,0.00,0,307
492.25,1566968013,11274.28,51.47266375,7.39808135,167.26,24.41,0.00,319.05,0,-90.00,-17.00,0.00,0.00,55.00,0.00,0,307
497.25,1566968018,11396.85,51.47350108,7.39691844,169.29,24.87,0.00,319.81,0,-92.00,-6.00,0.00,0.00,47.00,0.00,0,233
498.26,1566968019,11421.75,51.47367958,7.39669154,169.90,25.32,0.00,321.59,0,-92.00,-6.00,0.00,0.00,47.00,0.00,0,233
499.25,1566968020,11447.05,51.47386095,7.39646381,170.53,25.41,0.00,321.63,0,-90.00,-7.00,0.00,0.00,49.00,0.00,0,233
500.25,1566968021,11472.46,51.47404271,7.39623399,171.12,25.49,0.00,321.56,0,-90.00,-7.00,0.00,0.00,49.00,0.00,0,233
501.25,1566968022,11497.95,51.47422065,7.39601033,171.86,24.93,0.00,321.97,0,-86.00,-5.00,0.00,0.00,52.00,0.00,0,233
502.26,1566968023,11522.91,51.47440335,7.39578211,172.79,24.70,0.00,322.34,0,-86.00,-5.00,0.00,0.00,52.00,0.00,0,233
503.26,1566968024,11547.61,51.47458452,7.39557290,173.73,24.50,0.00,324.42,0,-90.00,-7.00,0.00,0.00,49.00,0.00,0,233
504.25,1566968025,11572.08,51.47476490,7.39537484,174.57,24.33,0.00,325.56,0,-90.00,-7.00,0.00,0.00,49.00,0.00,0,233
514.25,1566968035,11803.48,51.47653040,7.39372995,175.97,21.87,0.00,333.50,0,-74.00,-12.00,0.00,0.00,63.00,0.00,0,307
515.26,1566968036,11825.37,51.47670338,7.39358983,176.21,21.80,0.00,333.72,0,-74.00,-12.00,0.00,0.00,63.00,0.00,0,307
520.26,1566968041,11931.11,51.47757276,7.39306827,176.41,19.61,0.00,347.96,0,-86.00,-8.00,0.00,0.00,54.00,0.00,0,48
521.25,1566968042,11950.70,51.47773974,7.39303722,176.30,18.55,0.00,353.23,0,-86.00,-8.00,0.00,0.00,54.00,0.00,0,48
524.26,1566968045,12006.76,51.47825843,7.39311467,176.29,17.98,0.00,11.87,0,-90.00,-11.00,0.00,0.00,52.00,0.00,0,49
525.25,1566968046,12024.72,51.47841698,7.39318472,176.98,17.74,0.00,14.86,0,-90.00,-11.00,0.00,0.00,52.00,0.00,0,49
537.26,1566968058,12204.08,51.47988539,7.39351923,182.71,13.05,0.00,337.05,0,-95.00,-6.00,0.00,0.00,42.00,0.00,0,357
538.26,1566968059,12217.12,51.47998665,7.39344853,183.37,11.45,0.00,339.37,0,-95.00,-6.00,0.00,0.00,42.00,0.00,0,357
539.26,1566968060,12228.57,51.48007241,7.39342808,184.26,10.46,0.00,357.83,0,-92.00,-6.00,0.00,0.00,47.00,0.00,0,48
540.26,1566968061,12239.03,51.48016042,7.39345350,184.36,10.45,0.00,15.06,0,-92.00,-6.00,0.00,0.00,47.00,0.00,0,48
547.26,1566968068,12325.80,51.48059806,7.39445814,186.38,15.49,0.00,60.38,0,-87.00,-6.00,0.00,0.00,51.00,0.00,0,357
548.26,1566968069,12341.29,51.48067224,7.39465337,186.59,16.17,0.00,59.76,0,-87.00,-6.00,0.00,0.00,51.00,0.00,0,357
556.25,1566968077,12482.76,51.48131780,7.39642237,188.95,17.82,0.00,59.25,0,-93.00,-7.00,0.00,0.00,46.00,0.00,0,453
557.26,1566968078,12500.59,51.48139634,7.39663498,189.10,17.39,0.00,59.13,0,-93.00,-7.00,0.00,0.00,46.00,0.00,0,453
575.25,1566968096,12763.70,51.48299973,7.39939179,190.81,14.60,0.00,34.40,0,-95.00,-7.00,0.00,0.00,44.00,0.00,0,357
576.26,1566968097,12778.31,51.48311582,7.39950774,189.86,14.99,0.00,33.66,0,-95.00,-7.00,0.00,0.00,44.00,0.00,0,357
583.26,1566968104,12888.04,51.48395423,7.40039791,187.61,15.68,0.00,36.32,0,-100.00,-8.00,0.00,0.00,40.00,0.00,0,357
583.26,1566968104,12888.05,51.48395423,7.40039791,187.61,15.68,0.00,36.32,0,-107.00,-15.00,0.00,0.00,39.00,0.00,0,398
584.26,1566968105,12903.72,51.48407317,7.40053715,187.77,16.03,0.00,36.79,0,-100.00,-8.00,0.00,0.00,40.00,0.00,0,357
584.26,1566968105,12903.72,51.48407317,7.40053715,187.77,16.03,0.00,36.79,0,-107.00,-15.00,0.00,0.00,39.00,0.00,0,398
585.26,1566968106,12919.73,51.48418982,7.40068297,188.26,15.76,0.00,38.24,0,-104.00,-11.00,0.00,0.00,38.00,0.00,0,48
586.25,1566968107,12935.48,51.48429794,7.40082292,188.80,15.58,0.00,39.55,0,-104.00,-11.00,0.00,0.00,38.00,0.00,0,48
587.26,1566968108,12951.08,51.48440920,7.40097348,189.24,16.18,0.00,40.41,0,-106.00,-12.00,0.00,0.00,37.00,0.00,0,48
588.26,1566968109,12967.26,51.48451605,7.40112502,189.45,15.91,0.00,40.86,0,-106.00,-12.00,0.00,0.00,37.00,0.00,0,48
591.27,1566968112,13014.29,51.48481871,7.40157949,188.87,15.41,0.00,43.47,0,-104.00,-11.00,0.00,0.00,38.00,0.00,0,167
591.27,1566968112,13014.30,51.48481871,7.40157949,188.87,15.41,0.00,43.47,0,-109.00,-13.00,0.00,0.00,36.00,0.00,0,48
591.27,1566968112,13014.32,51.48481871,7.40157949,188.87,15.41,0.00,43.47,0,-108.00,-15.00,0.00,0.00,38.00,0.00,0,398
592.26,1566968113,13029.57,51.48492063,7.40174391,188.62,15.83,0.00,44.29,0,-104.00,-11.00,0.00,0.00,38.00,0.00,0,167
592.26,1566968113,13029.60,51.48492063,7.40174391,188.62,15.83,0.00,44.29,0,-109.00,-13.00,0.00,0.00,36.00,0.00,0,48
592.26,1566968113,13029.62,51.48492063,7.40174391,188.62,15.83,0.00,44.29,0,-108.00,-15.00,0.00,0.00,38.00,0.00,0,398
593.26,1566968114,13045.44,51.48502411,7.40191166,188.38,16.01,0.00,45.15,0,-104.00,-11.00,0.00,0.00,38.00,0.00,0,167
593.26,1566968114,13045.45,51.48502411,7.40191166,188.38,16.01,0.00,45.15,0,-109.00,-13.00,0.00,0.00,36.00,0.00,0,48
593.26,1566968114,13045.47,51.48502411,7.40191166,188.38,16.01,0.00,45.15,0,-108.00,-15.00,0.00,0.00,38.00,0.00,0,398
594.25,1566968115,13061.37,51.48512473,7.40208450,188.33,16.12,0.00,45.98,0,-105.00,-15.00,0.00,0.00,42.00,0.00,0,398
594.25,1566968115,13061.37,51.48512473,7.40208450,188.33,16.12,0.00,45.98,0,-102.00,-13.00,0.00,0.00,41.00,0.00,0,246
595.26,1566968116,13077.54,51.48522340,7.40225318,188.23,16.19,0.00,46.74,0,-105.00,-15.00,0.00,0.00,42.00,0.00,0,398
595.26,1566968116,13077.55,51.48522340,7.40225318,188.23,16.19,0.00,46.74,0,-102.00,-13.00,0.00,0.00,41.00,0.00,0,246
596.25,1566968117,13093.68,51.48531780,7.40242145,187.90,15.99,0.00,47.36,0,-105.00,-10.00,0.00,0.00,33.00,0.00,0,246
597.26,1566968118,13109.68,51.48261890,7.40498800,187.24,15.88,0.00,48.06,0,-105.00,-10.00,0.00,0.00,33.00,0.00,0,246
598.26,1566968119,13125.57,51.48550310,7.40276405,186.85,15.70,0.00,48.75,0,-102.00,-8.00,0.00,0.00,37.00,0.00,0,167
598.26,1566968119,13125.58,51.48550310,7.40276405,186.85,15.70,0.00,48.75,0,-100.00,-8.00,0.00,0.00,36.00,0.00,0,243
599.26,1566968120,13141.27,51.48559449,7.40293929,186.57,15.57,0.00,49.51,0,-102.00,-8.00,0.00,0.00,37.00,0.00,0,167
599.26,1566968120,13141.28,51.48559449,7.40293929,186.57,15.57,0.00,49.51,0,-100.00,-8.00,0.00,0.00,36.00,0.00,0,243
600.26,1566968121,13156.85,51.48567889,7.40311125,186.15,15.47,0.00,50.46,0,-105.00,-11.00,0.00,0.00,37.00,0.00,0,167
600.26,1566968121,13156.87,51.48567889,7.40311125,186.15,15.47,0.00,50.46,0,-106.00,-9.00,0.00,0.00,36.00,0.00,0,48
600.26,1566968121,13156.88,51.48567889,7.40311125,186.15,15.47,0.00,50.46,0,-104.00,-10.00,0.00,0.00,35.00,0.00,0,243
601.26,1566968122,13172.32,51.48576317,7.40328694,185.80,15.32,0.00,51.50,0,-105.00,-11.00,0.00,0.00,37.00,0.00,0,167
601.26,1566968122,13172.34,51.48576317,7.40328694,185.80,15.32,0.00,51.50,0,-106.00,-9.00,0.00,0.00,36.00,0.00,0,48
601.26,1566968122,13172.34,51.48576317,7.40328694,185.80,15.32,0.00,51.50,0,-104.00,-10.00,0.00,0.00,35.00,0.00,0,243
602.26,1566968123,13187.62,51.48584511,7.40346606,185.44,15.16,0.00,52.58,0,-105.00,-11.00,0.00,0.00,37.00,0.00,0,167
602.26,1566968123,13187.64,51.48584511,7.40346606,185.44,15.16,0.00,52.58,0,-100.00,-8.00,0.00,0.00,37.00,0.00,0,243
603.26,1566968124,13202.80,51.48592516,7.40364271,185.04,14.75,0.00,53.58,0,-105.00,-11.00,0.00,0.00,37.00,0.00,0,167
603.26,1566968124,13202.80,51.48592516,7.40364271,185.04,14.75,0.00,53.58,0,-100.00,-8.00,0.00,0.00,37.00,0.00,0,243
606.26,1566968127,13245.57,51.48613429,7.40414455,183.90,13.06,0.00,56.04,0,-106.00,-11.00,0.00,0.00,38.00,0.00,0,188
607.25,1566968128,13258.62,51.48619732,7.40430336,183.58,13.24,0.00,56.58,0,-106.00,-11.00,0.00,0.00,38.00,0.00,0,188
608.26,1566968129,13271.87,51.48625952,7.40446845,183.40,12.76,0.00,57.90,0,-102.00,-10.00,0.00,0.00,39.00,0.00,0,188
608.26,1566968129,13271.89,51.48625952,7.40446845,183.40,12.76,0.00,57.90,0,-100.00,-9.00,0.00,0.00,38.00,0.00,0,1
609.26,1566968130,13284.63,51.48631952,7.40463551,183.15,12.73,0.00,59.44,0,-102.00,-10.00,0.00,0.00,39.00,0.00,0,188
609.26,1566968130,13284.64,51.48631952,7.40463551,183.15,12.73,0.00,59.44,0,-100.00,-9.00,0.00,0.00,38.00,0.00,0,1
610.26,1566968131,13297.37,51.48638106,7.40480142,183.15,13.39,0.00,59.58,0,-101.00,-11.00,0.00,0.00,42.00,0.00,0,357
610.26,1566968131,13297.39,51.48638106,7.40480142,183.15,13.39,0.00,59.58,0,-98.00,-9.00,0.00,0.00,40.00,0.00,0,46
611.26,1566968132,13310.76,51.48644484,7.40497167,183.17,13.59,0.00,59.26,0,-101.00,-11.00,0.00,0.00,42.00,0.00,0,357
611.26,1566968132,13310.78,51.48644484,7.40497167,183.17,13.59,0.00,59.26,0,-98.00,-9.00,0.00,0.00,40.00,0.00,0,46
612.27,1566968133,13324.47,51.48650766,7.40514353,183.02,13.83,0.00,59.42,0,-99.00,-9.00,0.00,0.00,41.00,0.00,0,357
612.27,1566968133,13324.48,51.48650766,7.40514353,183.02,13.83,0.00,59.42,0,-103.00,-11.00,0.00,0.00,39.00,0.00,0,95
612.27,1566968133,13324.50,51.48650766,7.40514353,183.02,13.83,0.00,59.42,0,-103.00,-13.00,0.00,0.00,42.00,0.00,0,166
612.27,1566968133,13324.51,51.48650766,7.40514353,183.02,13.83,0.00,59.42,0,-96.00,-9.00,0.00,0.00,40.00,0.00,0,46
612.27,1566968133,13324.51,51.48650766,7.40514353,183.02,13.83,0.00,59.42,0,-102.00,-10.00,0.00,0.00,36.00,0.00,0,418
613.26,1566968134,13338.19,51.48656836,7.40531095,182.79,13.78,0.00,60.08,0,-99.00,-9.00,0.00,0.00,41.00,0.00,0,357
613.26,1566968134,13338.21,51.48656836,7.40531095,182.79,13.78,0.00,60.08,0,-103.00,-11.00,0.00,0.00,39.00,0.00,0,95
613.26,1566968134,13338.22,51.48656836,7.40531095,182.79,13.78,0.00,60.08,0,-103.00,-13.00,0.00,0.00,42.00,0.00,0,166
613.26,1566968134,13338.22,51.48656836,7.40531095,182.79,13.78,0.00,60.08,0,-96.00,-9.00,0.00,0.00,40.00,0.00,0,46
613.26,1566968134,13338.23,51.48656836,7.40531095,182.79,13.78,0.00,60.08,0,-102.00,-10.00,0.00,0.00,36.00,0.00,0,418
614.26,1566968135,13351.98,51.48662785,7.40548051,182.57,13.67,0.00,60.46,0,-99.00,-9.00,0.00,0.00,41.00,0.00,0,357
614.26,1566968135,13351.99,51.48662785,7.40548051,182.57,13.67,0.00,60.46,0,-103.00,-11.00,0.00,0.00,39.00,0.00,0,95
614.26,1566968135,13352.00,51.48662785,7.40548051,182.57,13.67,0.00,60.46,0,-103.00,-13.00,0.00,0.00,42.00,0.00,0,166
614.26,1566968135,13352.00,51.48662785,7.40548051,182.57,13.67,0.00,60.46,0,-96.00,-9.00,0.00,0.00,40.00,0.00,0,46
614.26,1566968135,13352.02,51.48662785,7.40548051,182.57,13.67,0.00,60.46,0,-102.00,-10.00,0.00,0.00,36.00,0.00,0,418
615.26,1566968136,13365.64,51.48668616,7.40565675,182.30,13.62,0.00,61.52,0,-97.00,-9.00,0.00,0.00,43.00,0.00,0,357
615.26,1566968136,13365.65,51.48668616,7.40565675,182.30,13.62,0.00,61.52,0,-101.00,-13.00,0.00,0.00,44.00,0.00,0,166
615.26,1566968136,13365.67,51.48668616,7.40565675,182.30,13.62,0.00,61.52,0,-96.00,-9.00,0.00,0.00,41.00,0.00,0,46
615.26,1566968136,13365.68,51.48668616,7.40565675,182.30,13.62,0.00,61.52,0,-100.00,-12.00,0.00,0.00,41.00,0.00,0,245
616.26,1566968137,13379.27,51.48674578,7.40584375,182.00,14.14,0.00,62.21,0,-97.00,-9.00,0.00,0.00,43.00,0.00,0,357
616.26,1566968137,13379.27,51.48674578,7.40584375,182.00,14.14,0.00,62.21,0,-101.00,-13.00,0.00,0.00,44.00,0.00,0,166
616.26,1566968137,13379.28,51.48674578,7.40584375,182.00,14.14,0.00,62.21,0,-96.00,-9.00,0.00,0.00,41.00,0.00,0,46
616.26,1566968137,13379.30,51.48674578,7.40584375,182.00,14.14,0.00,62.21,0,-100.00,-12.00,0.00,0.00,41.00,0.00,0,245
617.26,1566968138,13393.41,51.49089380,7.42029010,182.17,15.10,0.00,62.74,0,-98.00,-11.00,0.00,0.00,44.00,0.00,0,166
617.26,1566968138,13393.42,51.49089380,7.42029010,182.17,15.10,0.00,62.74,0,-99.00,-8.00,0.00,0.00,41.00,0.00,0,95
617.26,1566968138,13393.42,51.49089380,7.42029010,182.17,15.10,0.00,62.74,0,-100.00,-10.00,0.00,0.00,43.00,0.00,0,357
617.26,1566968138,13393.44,51.49089380,7.42029010,182.17,15.10,0.00,62.74,0,-98.00,-11.00,0.00,0.00,42.00,0.00,0,245
617.26,1566968138,13393.45,51.49089380,7.42029010,182.17,15.10,0.00,62.74,0,-98.00,-8.00,0.00,0.00,39.00,0.00,0,418
618.26,1566968139,13408.54,51.48686828,7.40626562,182.11,15.03,0.00,64.28,0,-98.00,-11.00,0.00,0.00,44.00,0.00,0,166
618.26,1566968139,13408.55,51.48686828,7.40626562,182.11,15.03,0.00,64.28,0,-99.00,-8.00,0.00,0.00,41.00,0.00,0,95
618.26,1566968139,13408.57,51.48686828,7.40626562,182.11,15.03,0.00,64.28,0,-100.00,-10.00,0.00,0.00,43.00,0.00,0,357
618.26,1566968139,13408.57,51.48686828,7.40626562,182.11,15.03,0.00,64.28,0,-98.00,-11.00,0.00,0.00,42.00,0.00,0,245
618.26,1566968139,13408.58,51.48686828,7.40626562,182.11,15.03,0.00,64.28,0,-98.00,-8.00,0.00,0.00,39.00,0.00,0,418
619.26,1566968140,13423.53,51.48692742,7.40647491,182.03,14.98,0.00,65.06,0,-97.00,-8.00,0.00,0.00,43.00,0.00,0,166
619.26,1566968140,13423.55,51.48692742,7.40647491,182.03,14.98,0.00,65.06,0,-102.00,-8.00,0.00,0.00,38.00,0.00,0,95
619.26,1566968140,13423.55,51.48692742,7.40647491,182.03,14.98,0.00,65.06,0,-102.00,-13.00,0.00,0.00,42.00,0.00,0,357
619.26,1566968140,13423.56,51.48692742,7.40647491,182.03,14.98,0.00,65.06,0,-97.00,-6.00,0.00,0.00,39.00,0.00,0,418
619.26,1566968140,13423.58,51.48692742,7.40647491,182.03,14.98,0.00,65.06,0,-97.00,-10.00,0.00,0.00,41.00,0.00,0,245
620.26,1566968141,13438.52,51.48696955,7.40666001,181.61,14.93,0.00,66.03,0,-97.00,-8.00,0.00,0.00,43.00,0.00,0,166
620.26,1566968141,13438.53,51.48696955,7.40666001,181.61,14.93,0.00,66.03,0,-102.00,-8.00,0.00,0.00,38.00,0.00,0,95
620.26,1566968141,13438.55,51.48696955,7.40666001,181.61,14.93,0.00,66.03,0,-102.00,-13.00,0.00,0.00,42.00,0.00,0,357
620.26,1566968141,13438.56,51.48696955,7.40666001,181.61,14.93,0.00,66.03,0,-97.00,-6.00,0.00,0.00,39.00,0.00,0,418
620.26,1566968141,13438.58,51.48696955,7.40666001,181.61,14.93,0.00,66.03,0,-97.00,-10.00,0.00,0.00,41.00,0.00,0,245
621.26,1566968142,13453.43,51.48701402,7.40686097,181.05,14.77,0.00,67.57,0,-99.00,-9.00,0.00,0.00,41.00,0.00,0,166
621.26,1566968142,13453.45,51.48701402,7.40686097,181.05,14.77,0.00,67.57,0,-100.00,-8.00,0.00,0.00,39.00,0.00,0,95
621.26,1566968142,13453.46,51.48701402,7.40686097,181.05,14.77,0.00,67.57,0,-105.00,-13.00,0.00,0.00,39.00,0.00,0,357
622.26,1566968143,13468.21,51.48705455,7.40704921,180.34,14.41,0.00,68.02,0,-99.00,-9.00,0.00,0.00,41.00,0.00,0,166
622.26,1566968143,13468.22,51.48705455,7.40704921,180.34,14.41,0.00,68.02,0,-100.00,-8.00,0.00,0.00,39.00,0.00,0,95
622.26,1566968143,13468.24,51.48705455,7.40704921,180.34,14.41,0.00,68.02,0,-105.00,-13.00,0.00,0.00,39.00,0.00,0,357
623.26,1566968144,13482.60,51.48709842,7.40724719,179.33,13.71,0.00,68.49,0,-99.00,-11.00,0.00,0.00,43.00,0.00,0,167
623.26,1566968144,13482.62,51.48709842,7.40724719,179.33,13.71,0.00,68.49,0,-100.00,-11.00,0.00,0.00,43.00,0.00,0,166
624.26,1566968145,13496.33,51.48713700,7.40743034,178.35,13.49,0.00,69.60,0,-99.00,-11.00,0.00,0.00,43.00,0.00,0,167
624.26,1566968145,13496.34,51.48713700,7.40743034,178.35,13.49,0.00,69.60,0,-100.00,-11.00,0.00,0.00,43.00,0.00,0,166
625.26,1566968146,13509.82,51.48717285,7.40761562,177.61,13.17,0.00,71.26,0,-99.00,-11.00,0.00,0.00,44.00,0.00,0,166
625.26,1566968146,13509.83,51.48717285,7.40761562,177.61,13.17,0.00,71.26,0,-103.00,-14.00,0.00,0.00,43.00,0.00,0,357
625.26,1566968146,13509.85,51.48717285,7.40761562,177.61,13.17,0.00,71.26,0,-102.00,-13.00,0.00,0.00,42.00,0.00,0,359
626.26,1566968147,13523.00,51.48720764,7.40779966,177.24,13.33,0.00,71.61,0,-99.00,-11.00,0.00,0.00,44.00,0.00,0,166
626.26,1566968147,13523.01,51.48720764,7.40779966,177.24,13.33,0.00,71.61,0,-103.00,-14.00,0.00,0.00,43.00,0.00,0,357
626.26,1566968147,13523.02,51.48720764,7.40779966,177.24,13.33,0.00,71.61,0,-102.00,-13.00,0.00,0.00,42.00,0.00,0,359
629.25,1566968150,13562.81,51.48730774,7.40838584,177.12,13.41,0.00,72.30,0,-94.00,-9.00,0.00,0.00,46.00,0.00,0,166
630.25,1566968151,13576.18,51.48733769,7.40858549,177.11,14.00,0.00,74.17,0,-94.00,-9.00,0.00,0.00,46.00,0.00,0,166
631.26,1566968152,13590.24,51.48736311,7.40878506,176.83,13.94,0.00,75.36,0,-93.00,-8.00,0.00,0.00,48.00,0.00,0,166
632.26,1566968153,13604.18,51.48739047,7.40899499,176.62,14.11,0.00,76.35,0,-93.00,-8.00,0.00,0.00,48.00,0.00,0,166
633.26,1566968154,13618.39,51.48741047,7.40919707,176.22,14.09,0.00,77.38,0,-92.00,-8.00,0.00,0.00,47.00,0.00,0,166
633.26,1566968154,13618.40,51.48741047,7.40919707,176.22,14.09,0.00,77.38,0,-97.00,-10.00,0.00,0.00,45.00,0.00,0,359
634.26,1566968155,13632.38,51.48743391,7.40940617,175.59,13.68,0.00,78.07,0,-92.00,-8.00,0.00,0.00,47.00,0.00,0,166
634.26,1566968155,13632.39,51.48743391,7.40940617,175.59,13.68,0.00,78.07,0,-97.00,-10.00,0.00,0.00,45.00,0.00,0,359
635.26,1566968156,13646.06,51.48745196,7.40960067,175.33,13.40,0.00,78.70,0,-92.00,-8.00,0.00,0.00,47.00,0.00,0,166
635.26,1566968156,13646.07,51.48745196,7.40960067,175.33,13.40,0.00,78.70,0,-97.00,-10.00,0.00,0.00,45.00,0.00,0,359
638.25,1566968159,13684.71,51.48750291,7.41014341,173.78,11.58,0.00,79.65,0,-98.00,-10.00,0.00,0.00,44.00,0.00,0,359
639.26,1566968160,13696.31,51.48751566,7.41032514,173.40,10.56,0.00,80.68,0,-98.00,-10.00,0.00,0.00,44.00,0.00,0,359
654.26,1566968175,13821.00,51.48822865,7.41087412,170.35,10.52,0.00,350.87,0,-98.00,-11.00,0.00,0.00,45.00,0.00,0,167
655.25,1566968176,13831.43,51.48832349,7.41085165,170.05,9.44,0.00,350.98,0,-98.00,-11.00,0.00,0.00,45.00,0.00,0,167
656.25,1566968177,13840.86,51.48841974,7.41082716,169.64,9.43,0.00,350.23,0,-98.00,-11.00,0.00,0.00,45.00,0.00,0,167
657.26,1566968178,13850.30,51.48923550,7.41520030,169.53,9.44,0.00,349.43,0,-97.00,-10.00,0.00,0.00,45.00,0.00,0,167
657.26,1566968178,13850.31,51.48923550,7.41520030,169.53,9.44,0.00,349.43,0,-98.00,-5.00,0.00,0.00,40.00,0.00,0,95
658.26,1566968179,13859.76,51.48860819,7.41077918,169.45,8.83,0.00,348.71,0,-97.00,-10.00,0.00,0.00,45.00,0.00,0,167
658.26,1566968179,13859.76,51.48860819,7.41077918,169.45,8.83,0.00,348.71,0,-98.00,-5.00,0.00,0.00,40.00,0.00,0,95
659.26,1566968180,13868.58,51.48869469,7.41075575,169.44,8.17,0.00,348.37,0,-92.00,-8.00,0.00,0.00,48.00,0.00,0,167
660.25,1566968181,13876.74,51.48877841,7.41072898,169.42,8.66,0.00,348.76,0,-92.00,-8.00,0.00,0.00,48.00,0.00,0,167
661.26,1566968182,13885.42,51.48886561,7.41069582,169.51,9.74,0.00,348.30,0,-92.00,-8.00,0.00,0.00,48.00,0.00,0,167
661.26,1566968182,13885.43,51.48886561,7.41069582,169.51,9.74,0.00,348.30,0,-99.00,-14.00,0.00,0.00,47.00,0.00,0,166
661.26,1566968182,13885.44,51.48886561,7.41069582,169.51,9.74,0.00,348.30,0,-100.00,-13.00,0.00,0.00,45.00,0.00,0,359
662.26,1566968183,13895.19,51.48895912,7.41066459,169.20,10.60,0.00,347.96,0,-92.00,-8.00,0.00,0.00,48.00,0.00,0,167
662.26,1566968183,13895.20,51.48895912,7.41066459,169.20,10.60,0.00,347.96,0,-99.00,-14.00,0.00,0.00,47.00,0.00,0,166
662.26,1566968183,13895.20,51.48895912,7.41066459,169.20,10.60,0.00,347.96,0,-100.00,-13.00,0.00,0.00,45.00,0.00,0,359
665.26,1566968186,13928.71,51.48926862,7.41054011,169.24,11.94,0.00,346.24,0,-94.00,-9.00,0.00,0.00,47.00,0.00,0,167
665.26,1566968186,13928.72,51.48926862,7.41054011,169.24,11.94,0.00,346.24,0,-96.00,-11.00,0.00,0.00,46.00,0.00,0,166
666.26,1566968187,13940.66,51.48938115,7.41049056,169.77,12.04,0.00,345.75,0,-94.00,-9.00,0.00,0.00,47.00,0.00,0,167
666.26,1566968187,13940.68,51.48938115,7.41049056,169.77,12.04,0.00,345.75,0,-96.00,-11.00,0.00,0.00,46.00,0.00,0,166
667.25,1566968188,13952.68,51.48949557,7.41043826,170.58,12.33,0.00,345.06,0,-99.00,-12.00,0.00,0.00,45.00,0.00,0,167
668.25,1566968189,13965.01,51.48960711,7.41039106,171.35,12.64,0.00,345.40,0,-99.00,-12.00,0.00,0.00,45.00,0.00,0,167
671.26,1566968192,13999.63,51.48987635,7.41028794,171.56,7.63,0.00,346.29,0,-90.00,-5.00,0.00,0.00,47.00,0.00,0,95
671.26,1566968192,13999.63,51.48987635,7.41028794,171.56,7.63,0.00,346.29,0,-91.00,-5.00,0.00,0.00,42.00,0.00,0,418
672.25,1566968193,14007.17,51.48993463,7.41028747,171.42,5.06,0.00,1.71,0,-90.00,-5.00,0.00,0.00,47.00,0.00,0,95
672.25,1566968193,14007.17,51.48993463,7.41028747,171.42,5.06,0.00,1.71,0,-91.00,-5.00,0.00,0.00,42.00,0.00,0,418
673.26,1566968194,14012.24,51.48996328,7.41030677,170.73,4.52,0.00,29.65,0,-88.00,-8.00,0.00,0.00,52.00,0.00,0,166
674.25,1566968195,14016.76,51.48999578,7.41037812,170.34,5.01,0.00,64.61,0,-88.00,-8.00,0.00,0.00,52.00,0.00,0,166
