0.00,1566881253,0.00,51.44992575,7.48832649,248.82,10.34,0.00,166.39,nan,nan,nan,nan,nan,nan,nan,nan,nan
1.04,1566881254,10.74,51.44983834,7.48835597,248.85,10.49,0.14,168.26,nan,nan,nan,nan,nan,nan,nan,nan,nan
2.04,1566881255,21.22,51.44975648,7.48837410,249.34,10.82,0.33,170.34,nan,nan,nan,nan,nan,nan,nan,nan,nan
3.04,1566881256,32.05,51.44966299,7.48839272,250.06,12.59,1.76,171.91,nan,nan,nan,nan,nan,nan,nan,nan,nan
4.04,1566881257,44.64,51.44955019,7.48840652,250.76,13.24,0.65,173.92,nan,nan,nan,nan,nan,nan,nan,nan,nan
5.04,1566881258,57.89,51.44942935,7.48841706,251.37,13.96,0.72,175.65,nan,nan,nan,nan,nan,nan,nan,nan,nan
6.04,1566881259,71.85,51.44930731,7.48842540,251.59,13.43,-0.53,177.19,nan,nan,nan,nan,nan,nan,nan,nan,nan
7.04,1566881260,85.27,51.44918643,7.48842406,251.76,13.38,-0.05,179.51,nan,nan,nan,nan,nan,nan,nan,nan,nan
8.04,1566881261,98.65,51.44906555,7.48840857,251.69,13.76,0.38,182.48,nan,nan,nan,nan,nan,nan,nan,nan,nan
9.04,1566881262,112.41,51.44894225,7.48838526,251.64,14.36,0.60,185.78,nan,nan,nan,nan,nan,nan,nan,nan,nan
10.04,1566881263,126.77,51.44880726,7.48835203,251.49,14.85,0.50,188.12,nan,nan,nan,nan,nan,nan,nan,nan,nan
11.04,1566881264,141.61,51.44866818,7.48830654,250.42,14.97,0.12,190.10,nan,nan,nan,nan,nan,nan,nan,nan,nan
12.04,1566881265,156.59,51.44854056,7.48825618,249.83,14.57,-0.40,191.96,nan,nan,nan,nan,nan,nan,nan,nan,nan
13.04,1566881266,171.16,51.44840852,7.48820572,249.58,14.90,0.32,192.81,nan,nan,nan,nan,nan,nan,nan,nan,nan
14.04,1566881267,186.05,51.44827040,7.48814800,249.58,15.72,0.82,193.27,nan,nan,nan,nan,nan,nan,nan,nan,nan
15.04,1566881268,201.76,51.44812671,7.48808814,248.75,15.98,0.26,193.84,nan,nan,nan,nan,nan,nan,nan,nan,nan
16.04,1566881269,217.74,51.44798260,7.48802216,248.22,16.65,0.67,193.38,nan,nan,nan,nan,nan,nan,nan,nan,nan
17.05,1566881270,234.49,51.44784938,7.48796475,247.87,15.83,-0.82,193.44,nan,nan,nan,nan,nan,nan,nan,nan,nan
18.04,1566881271,250.22,51.44772673,7.48791269,248.05,14.61,-1.22,192.92,nan,nan,nan,nan,nan,nan,nan,nan,nan
19.05,1566881272,264.86,51.44760337,7.48786451,248.02,14.61,-0.00,191.44,nan,nan,nan,nan,nan,nan,nan,nan,nan
20.05,1566881273,279.47,51.44747554,7.48782644,247.43,15.34,0.73,188.63,nan,nan,nan,nan,nan,nan,nan,nan,nan
21.04,1566881274,294.79,51.44735344,7.48780094,246.75,14.35,-0.99,186.78,nan,nan,nan,nan,nan,nan,nan,nan,nan
22.04,1566881275,309.14,51.44722191,7.48778930,245.81,14.70,0.35,183.66,nan,nan,nan,nan,nan,nan,nan,nan,nan
23.04,1566881276,323.84,51.44708330,7.48783088,245.58,15.74,1.04,169.48,nan,nan,nan,nan,nan,nan,nan,nan,nan
24.05,1566881277,339.62,51.44693440,7.48787828,245.63,16.24,0.50,167.93,nan,nan,nan,nan,nan,nan,nan,nan,nan
25.04,1566881278,355.85,51.44679503,7.48793783,246.30,15.33,-0.91,165.91,nan,nan,nan,nan,nan,nan,nan,nan,nan
26.04,1566881279,371.16,51.44665515,7.48800887,247.73,14.58,-0.75,163.59,nan,nan,nan,nan,nan,nan,nan,nan,nan
27.77,1566881280,396.30,51.44651776,7.48809312,248.95,15.23,0.38,160.68,nan,nan,nan,nan,nan,nan,nan,nan,nan
28.78,1566881281,411.70,51.44651776,7.48809312,248.95,15.23,0.00,160.68,1,-96.00,-5.00,14.00,15.00,37.00,7.00,12918809,324
29.77,1566881282,426.80,51.44623700,7.48832594,251.43,15.22,-0.01,154.47,1,-96.00,-5.00,14.00,15.00,37.00,7.00,12918809,324
30.77,1566881283,441.99,51.44610544,7.48847101,253.23,15.10,-0.12,150.39,1,-93.00,-5.00,16.00,14.00,38.00,7.00,12918809,324
31.77,1566881284,457.08,51.44599050,7.48861272,255.04,14.59,-0.51,146.40,1,-93.00,-5.00,16.00,14.00,38.00,7.00,12918809,324
32.77,1566881285,471.68,51.44588004,7.48876334,256.90,14.92,0.33,143.18,1,-95.00,-6.00,19.00,9.00,36.00,7.00,12918809,324
33.77,1566881286,486.57,51.44577272,7.48892895,258.42,15.09,0.17,139.84,1,-95.00,-6.00,19.00,9.00,36.00,7.00,12918809,324
34.77,1566881287,501.71,51.44567583,7.48909973,259.86,14.83,-0.26,136.98,1,-95.00,-6.00,14.00,15.00,36.00,7.00,12918809,324
35.77,1566881288,516.52,51.44558442,7.48928045,261.40,14.95,0.11,134.35,1,-95.00,-6.00,14.00,15.00,36.00,7.00,12918809,324
36.77,1566881289,531.48,51.44549401,7.48946490,262.95,15.30,0.36,132.50,1,-96.00,-6.00,10.00,12.00,35.00,7.00,12918809,324
37.77,1566881290,546.76,51.44540131,7.48965513,264.49,15.31,0.01,130.84,1,-96.00,-6.00,10.00,12.00,35.00,7.00,12918809,324
38.77,1566881291,562.07,51.44531989,7.48983656,265.79,14.39,-0.92,128.83,1,-99.00,-7.00,8.00,12.00,34.00,7.00,12918809,324
39.77,1566881292,576.46,51.44524162,7.49003015,266.96,14.35,-0.03,127.26,1,-99.00,-7.00,8.00,12.00,34.00,7.00,12918809,324
40.77,1566881293,590.88,51.44516612,7.49021671,268.09,14.79,0.43,127.69,1,-101.00,-8.00,8.00,9.00,32.00,7.00,12918809,324
41.77,1566881294,605.58,51.44509802,7.49038484,269.15,14.57,-0.22,128.07,1,-101.00,-8.00,8.00,9.00,32.00,7.00,12918809,324
42.77,1566881295,620.16,51.44503174,7.49054684,270.17,14.26,-0.31,127.43,1,-101.00,-8.00,8.00,9.00,32.00,7.00,12918809,324
43.77,1566881296,634.42,51.44495472,7.49071710,270.67,14.19,-0.07,128.74,1,-102.00,-9.00,6.00,4.00,33.00,7.00,12918809,324
44.77,1566881297,648.61,51.44488642,7.49087105,271.15,12.80,-1.39,128.79,1,-102.00,-9.00,6.00,4.00,33.00,7.00,12918809,324
45.77,1566881298,661.42,51.44481586,7.49101843,271.78,11.52,-1.28,128.13,1,-101.00,-7.00,5.00,10.00,32.00,7.00,12918809,324
46.77,1566881299,672.93,51.44476254,7.49113412,272.47,9.56,-1.96,127.01,1,-101.00,-7.00,5.00,10.00,32.00,7.00,12918809,324
47.77,1566881300,682.49,51.44471489,7.49123689,272.88,7.82,-1.74,127.34,1,-103.00,-8.00,2.00,7.00,29.00,7.00,12918809,324
48.77,1566881301,690.32,51.44467884,7.49131386,273.32,5.91,-1.91,127.95,1,-103.00,-8.00,2.00,7.00,29.00,7.00,12918809,324
49.77,1566881302,696.23,51.44465337,7.49137031,273.38,3.41,-2.50,127.46,1,-106.00,-8.00,6.00,10.00,27.00,7.00,12918809,324
50.77,1566881303,699.64,51.44463905,7.49140077,273.42,1.26,-2.16,130.02,1,-106.00,-8.00,6.00,10.00,27.00,7.00,12918809,324
51.77,1566881304,700.90,51.44463239,7.49141743,273.46,0.30,-0.95,130.02,1,-103.00,-6.00,3.00,2.00,30.00,7.00,12918809,324
52.77,1566881305,701.20,51.44463239,7.49141743,273.46,0.00,-0.30,130.02,1,-103.00,-6.00,3.00,2.00,30.00,7.00,12918809,324
53.77,1566881306,701.20,51.44463239,7.49141743,273.46,0.00,0.00,130.02,1,-106.00,-8.00,7.00,2.00,28.00,7.00,12918809,324
54.77,1566881307,701.20,51.44463239,7.49141743,273.46,0.00,0.00,130.02,1,-106.00,-8.00,7.00,2.00,28.00,7.00,12918809,324
55.77,1566881308,701.20,51.44463239,7.49141743,273.45,0.00,0.00,130.02,1,-106.00,-8.00,10.00,2.00,27.00,7.00,12918809,324
56.77,1566881309,701.20,51.44463239,7.49141743,273.44,0.00,0.00,130.02,1,-106.00,-8.00,10.00,2.00,27.00,7.00,12918809,324
57.77,1566881310,701.20,51.44463239,7.49141743,273.44,0.00,0.00,130.02,1,-106.00,-8.00,8.00,2.00,27.00,7.00,12918809,324
58.77,1566881311,701.20,51.44463239,7.49141743,273.43,0.00,0.00,130.02,1,-106.00,-8.00,8.00,2.00,27.00,7.00,12918809,324
59.77,1566881312,701.20,51.44463239,7.49141743,273.43,0.00,0.00,130.02,1,-105.00,-6.00,9.00,2.00,28.00,7.00,12918809,324
60.77,1566881313,701.20,51.44463239,7.49141743,273.41,0.00,0.00,130.02,1,-105.00,-6.00,9.00,2.00,28.00,7.00,12918809,324
61.77,1566881314,701.20,51.44463239,7.49141743,273.41,0.00,0.00,130.02,1,-105.00,-6.00,8.00,2.00,28.00,7.00,12918809,324
62.77,1566881315,701.20,51.44463239,7.49141743,273.40,0.00,0.00,130.02,1,-105.00,-6.00,8.00,2.00,28.00,7.00,12918809,324
63.77,1566881316,701.20,51.44463239,7.49141743,273.40,0.00,0.00,130.02,1,-105.00,-6.00,8.00,2.00,28.00,7.00,12918809,324
64.77,1566881317,701.20,51.44463239,7.49141743,273.40,0.00,0.00,130.02,1,-105.00,-6.00,10.00,2.00,28.00,7.00,12918809,324
65.77,1566881318,701.20,51.44463239,7.49141743,273.40,0.00,0.00,130.02,1,-105.00,-6.00,10.00,2.00,28.00,7.00,12918809,324
66.77,1566881319,701.20,51.44463239,7.49141743,273.40,0.00,0.00,130.02,1,-105.00,-6.00,11.00,2.00,28.00,7.00,12918809,324
67.77,1566881320,701.20,51.44463239,7.49141743,273.39,0.00,0.00,130.02,1,-105.00,-6.00,11.00,2.00,28.00,7.00,12918809,324
68.77,1566881321,701.20,51.44463239,7.49141743,273.33,0.00,0.00,130.02,1,-105.00,-7.00,10.00,2.00,28.00,7.00,12918809,324
69.77,1566881322,701.20,51.44463239,7.49141743,273.29,0.00,0.00,116.89,1,-105.00,-7.00,10.00,2.00,28.00,7.00,12918809,324
70.77,1566881323,701.20,51.44463239,7.49141743,273.28,0.00,0.00,118.27,1,-106.00,-8.00,8.00,2.00,28.00,7.00,12918809,324
71.77,1566881324,701.20,51.44459426,7.49151308,273.27,3.81,0.00,120.35,1,-106.00,-8.00,8.00,2.00,28.00,7.00,12918809,324
72.77,1566881325,705.02,51.44457020,7.49157100,273.25,5.08,1.27,122.03,1,-105.00,-8.00,7.00,2.00,29.00,7.00,12918809,324
73.77,1566881326,710.11,51.44454365,7.49162707,273.13,5.12,0.03,125.21,1,-105.00,-8.00,7.00,2.00,29.00,7.00,12918809,324
74.77,1566881327,715.22,51.44450708,7.49166390,272.96,4.76,-0.36,149.54,1,-104.00,-8.00,8.00,2.00,30.00,7.00,12918809,324
75.77,1566881328,719.99,51.44447456,7.49167861,273.07,4.97,0.21,165.78,1,-104.00,-8.00,8.00,2.00,30.00,7.00,12918809,324
76.77,1566881329,724.96,51.44444347,7.49166501,273.09,5.79,0.82,188.82,1,-101.00,-7.00,10.00,2.00,32.00,7.00,12918809,324
77.77,1566881330,730.75,51.44439004,7.49163111,272.97,6.55,0.76,208.29,1,-101.00,-7.00,10.00,2.00,32.00,7.00,12918809,324
78.77,1566881331,737.30,51.44433797,7.49158391,273.18,8.40,1.85,211.38,1,-98.00,-7.00,18.00,2.00,35.00,7.00,12918809,324
79.77,1566881332,745.71,51.44426756,7.49151592,273.39,9.52,1.12,213.22,1,-98.00,-7.00,18.00,2.00,35.00,7.00,12918809,324
80.77,1566881333,755.21,51.44418827,7.49143110,273.42,10.69,1.17,214.42,1,-93.00,-7.00,24.00,2.00,40.00,6.00,12918809,324
81.77,1566881334,765.90,51.44409837,7.49133582,273.18,11.74,1.05,214.97,1,-93.00,-7.00,24.00,2.00,40.00,6.00,12918809,324
82.77,1566881335,777.70,51.44400555,7.49123582,272.74,12.28,0.54,214.53,1,-85.00,-7.00,27.00,14.00,47.00,6.00,12918809,324
83.77,1566881336,789.92,51.44390708,7.49113039,272.26,13.29,1.01,214.53,1,-85.00,-7.00,27.00,14.00,47.00,6.00,12918809,324
84.77,1566881337,803.23,51.44380574,7.49101900,271.58,14.40,1.11,214.86,1,-85.00,-7.00,27.00,14.00,47.00,6.00,12918809,324
85.77,1566881338,817.62,51.44370013,7.49090001,270.83,15.07,0.66,215.43,1,-83.00,-5.00,19.00,15.00,49.00,6.00,12918809,324
86.77,1566881339,832.69,51.44358048,7.49076285,270.73,15.92,0.86,215.86,1,-83.00,-5.00,19.00,15.00,49.00,6.00,12918809,324
87.77,1566881340,848.61,51.44346013,7.49062212,270.84,16.43,0.50,216.36,1,-71.00,-5.00,25.00,13.00,61.00,6.00,12918809,324
88.77,1566881341,865.04,51.44333435,7.49046820,271.17,16.85,0.42,217.03,1,-71.00,-5.00,25.00,13.00,61.00,6.00,12918809,324
89.77,1566881342,881.89,51.44320852,7.49031531,271.48,16.95,0.10,216.52,1,-81.00,-6.00,14.00,12.00,52.00,6.00,12918809,324
90.77,1566881343,898.83,51.44308338,7.49016583,271.84,16.50,-0.45,216.40,1,-81.00,-6.00,14.00,12.00,52.00,6.00,12918809,324
91.77,1566881344,915.33,51.44296373,7.49002337,272.20,16.11,-0.39,216.06,1,-91.00,-7.00,14.00,11.00,41.00,6.00,12918809,324
92.77,1566881345,931.44,51.44285544,7.48989751,272.53,15.63,-0.48,215.70,1,-91.00,-7.00,14.00,11.00,41.00,6.00,12918809,324
93.77,1566881346,947.07,51.44275215,7.48977875,272.96,15.26,-0.37,216.49,1,-84.00,-6.00,24.00,12.00,48.00,6.00,12918809,324
94.77,1566881347,962.36,51.44265169,7.48965871,273.52,14.94,-0.32,215.65,1,-84.00,-6.00,24.00,12.00,48.00,6.00,12918809,324
95.77,1566881348,977.27,51.44255618,7.48954738,274.27,14.63,-0.32,216.20,1,-81.00,-7.00,16.00,11.00,53.00,6.00,12918809,324
96.77,1566881349,991.90,51.44246405,7.48943093,275.07,13.92,-0.71,217.28,1,-81.00,-7.00,16.00,11.00,53.00,6.00,12918809,324
97.77,1566881350,1005.82,51.44236315,7.48930363,275.82,14.33,0.42,218.18,1,-80.00,-6.00,25.00,12.00,52.00,6.00,12918809,324
98.77,1566881351,1020.15,51.44225821,7.48917371,276.07,14.67,0.34,217.03,1,-80.00,-6.00,25.00,12.00,52.00,6.00,12918809,324
99.77,1566881352,1034.82,51.44215227,7.48904184,276.48,14.48,-0.19,217.60,1,-84.00,-8.00,24.00,12.00,49.00,6.00,12918809,324
100.77,1566881353,1049.30,51.44205218,7.48890981,277.17,14.28,-0.20,218.71,1,-84.00,-8.00,24.00,12.00,49.00,6.00,12918809,324
101.77,1566881354,1063.58,51.44195942,7.48877930,277.46,14.36,0.08,220.32,1,-78.00,-7.00,9.00,13.00,54.00,6.00,12918809,324
102.77,1566881355,1077.97,51.44186509,7.48863940,277.86,14.61,0.25,221.77,1,-78.00,-7.00,9.00,13.00,54.00,6.00,12918809,324
103.78,1566881356,1092.71,51.44177488,7.48848738,278.05,14.59,-0.02,225.43,1,-78.00,-9.00,18.00,13.00,57.00,6.00,12918809,324
104.77,1566881357,1107.15,51.44169351,7.48833701,277.90,14.02,-0.57,226.95,1,-78.00,-9.00,18.00,13.00,57.00,6.00,12918809,324
105.77,1566881358,1121.20,51.44161100,7.48817845,277.53,14.78,0.76,228.39,1,-78.00,-9.00,18.00,13.00,57.00,6.00,12918809,324
106.77,1566881359,1135.93,51.44153079,7.48801036,277.12,14.96,0.18,229.76,1,-69.00,-6.00,10.00,6.00,62.00,2.00,12918810,325
107.77,1566881360,1150.89,51.44144870,7.48784060,276.64,14.71,-0.24,230.67,1,-69.00,-6.00,10.00,6.00,62.00,2.00,12918810,325
108.77,1566881361,1165.63,51.44136260,7.48765765,276.38,14.48,-0.23,231.76,1,-79.00,-7.00,27.00,12.00,53.00,2.00,12918810,325
109.77,1566881362,1180.07,51.44127709,7.48747504,276.01,14.50,0.02,231.73,1,-79.00,-7.00,27.00,12.00,53.00,2.00,12918810,325
110.77,1566881363,1194.62,51.44119039,7.48729784,275.75,14.63,0.12,231.81,1,-79.00,-6.00,17.00,11.00,52.00,2.00,12918810,325
111.77,1566881364,1209.21,51.44110785,7.48712482,275.66,14.71,0.08,232.51,1,-79.00,-6.00,17.00,11.00,52.00,2.00,12918810,325
112.77,1566881365,1223.92,51.44102781,7.48694842,275.92,14.82,0.11,232.90,1,-80.00,-6.00,22.00,13.00,52.00,2.00,12918810,325
113.77,1566881366,1238.77,51.44095559,7.48678863,276.41,14.32,-0.50,233.40,1,-80.00,-6.00,22.00,13.00,52.00,2.00,12918810,325
114.77,1566881367,1253.08,51.44088384,7.48662538,277.15,13.99,-0.33,233.45,1,-77.00,-7.00,30.00,12.00,54.00,2.00,12918810,325
115.77,1566881368,1267.05,51.44080907,7.48645982,277.86,13.88,-0.11,233.58,1,-77.00,-7.00,30.00,12.00,54.00,2.00,12918810,325
116.77,1566881369,1280.94,51.44073461,7.48630155,278.58,13.64,-0.24,232.97,1,-78.00,-7.00,19.00,2.00,55.00,2.00,12918810,325
117.77,1566881370,1294.61,51.44066254,7.48614977,279.00,13.13,-0.50,233.53,1,-78.00,-7.00,19.00,2.00,55.00,2.00,12918810,325
118.77,1566881371,1307.70,51.44059386,7.48599174,279.56,13.46,0.33,233.97,1,-76.00,-6.00,13.00,2.00,56.00,2.00,12918810,325
119.77,1566881372,1321.22,51.44051894,7.48582366,280.40,14.03,0.57,233.55,1,-76.00,-6.00,13.00,2.00,56.00,2.00,12918810,325
120.77,1566881373,1335.19,51.44044674,7.48565875,281.12,14.11,0.08,233.02,1,-77.00,-7.00,-1.00,2.00,56.00,2.00,12918810,325
121.84,1566881375,1350.26,51.44037609,7.48549480,281.68,13.84,-0.25,233.58,1,-77.00,-7.00,-1.00,2.00,56.00,2.00,12918810,325
122.77,1566881375,1363.15,51.44030439,7.48533277,281.93,13.99,0.17,233.04,1,-77.00,-7.00,8.00,15.00,56.00,3.00,12918810,325
123.77,1566881376,1377.15,51.44022961,7.48517381,282.54,13.41,-0.58,232.56,1,-77.00,-7.00,8.00,15.00,56.00,3.00,12918810,325
124.77,1566881377,1390.64,51.44014832,7.48500615,282.82,13.40,-0.02,232.37,1,-76.00,-8.00,11.00,9.00,58.00,2.00,12918811,326
125.77,1566881378,1403.98,51.44006943,7.48483924,283.06,13.74,0.34,233.06,1,-76.00,-8.00,11.00,9.00,58.00,2.00,12918811,326
126.77,1566881379,1417.69,51.43999547,7.48468311,283.19,13.48,-0.26,232.41,1,-76.00,-8.00,11.00,9.00,58.00,2.00,12918811,326
127.77,1566881380,1431.17,51.43992238,7.48452803,283.50,14.26,0.78,231.92,1,-72.00,-5.00,25.00,15.00,60.00,2.00,12918811,326
128.77,1566881381,1445.42,51.43984617,7.48436413,284.26,13.85,-0.41,232.31,1,-72.00,-5.00,25.00,15.00,60.00,2.00,12918811,326
129.77,1566881382,1459.30,51.43976825,7.48419754,284.70,14.00,0.15,231.57,1,-72.00,-5.00,25.00,15.00,59.00,2.00,12918811,326
130.77,1566881383,1473.31,51.43968806,7.48403691,284.70,13.96,-0.05,230.19,1,-72.00,-5.00,25.00,15.00,59.00,2.00,12918811,326
131.77,1566881384,1487.24,51.43960623,7.48387880,284.25,14.07,0.12,229.52,1,-76.00,-6.00,26.00,15.00,55.00,2.00,12918811,326
132.77,1566881385,1501.32,51.43952050,7.48371763,283.84,14.36,0.29,228.72,1,-76.00,-6.00,26.00,15.00,55.00,2.00,12918811,326
133.77,1566881386,1515.69,51.43944403,7.48355470,283.72,13.79,-0.57,231.44,1,-79.00,-6.00,4.00,15.00,52.00,2.00,12918811,326
134.77,1566881387,1529.47,51.43937275,7.48338306,283.32,14.02,0.23,234.53,1,-79.00,-6.00,4.00,15.00,52.00,2.00,12918811,326
135.77,1566881388,1543.49,51.43930551,7.48320834,282.76,13.92,-0.10,236.35,1,-77.00,-5.00,27.00,15.00,53.00,2.00,12918811,326
136.77,1566881389,1557.44,51.43923901,7.48303855,282.85,13.84,-0.08,237.25,1,-77.00,-5.00,27.00,15.00,53.00,2.00,12918811,326
137.77,1566881390,1571.29,51.43917179,7.48286175,283.23,13.70,-0.14,237.81,1,-86.00,-6.00,23.00,15.00,45.00,2.00,12918811,326
138.77,1566881391,1584.95,51.43910710,7.48268880,283.75,13.74,0.04,238.33,1,-86.00,-6.00,23.00,15.00,45.00,2.00,12918811,326
139.77,1566881392,1598.67,51.43904595,7.48251173,284.06,13.62,-0.12,239.67,1,-86.00,-6.00,21.00,14.00,43.00,2.00,12918811,326
140.77,1566881393,1612.29,51.43898523,7.48232249,284.24,13.80,0.18,240.00,1,-86.00,-6.00,21.00,14.00,43.00,2.00,12918811,326
141.77,1566881394,1626.11,51.43892646,7.48212945,284.07,13.87,0.08,240.71,1,-89.00,-4.00,19.00,2.00,38.00,2.00,12918811,326
142.77,1566881395,1640.01,51.43886708,7.48194780,283.86,13.66,-0.21,239.60,1,-89.00,-4.00,19.00,2.00,38.00,2.00,12918811,326
143.77,1566881396,1653.65,51.43880329,7.48176061,283.19,13.35,-0.31,240.06,1,-94.00,-6.00,16.00,2.00,36.00,2.00,12918811,326
144.77,1566881397,1667.02,51.43873949,7.48157908,282.81,13.79,0.44,240.47,1,-94.00,-6.00,16.00,2.00,36.00,2.00,12918811,326
145.77,1566881398,1680.79,51.43867914,7.48140328,282.42,13.71,-0.08,240.86,1,-96.00,-6.00,11.00,2.00,34.00,2.00,12918811,326
146.77,1566881399,1694.50,51.43862006,7.48123517,281.96,13.30,-0.41,241.57,1,-96.00,-6.00,11.00,2.00,34.00,2.00,12918811,326
147.78,1566881400,1707.88,51.43855516,7.48104435,282.33,13.17,-0.13,240.08,1,-98.00,-6.00,7.00,2.00,31.00,2.00,12918811,326
148.77,1566881401,1720.96,51.43849793,7.48086882,282.81,13.92,0.75,240.71,1,-98.00,-6.00,7.00,2.00,31.00,2.00,12918811,326
149.77,1566881402,1734.92,51.43843685,7.48069526,283.14,13.80,-0.12,239.85,1,-98.00,-6.00,7.00,2.00,31.00,2.00,12918811,326
150.77,1566881403,1748.68,51.43837942,7.48053219,283.43,13.43,-0.38,240.23,1,-99.00,-6.00,14.00,2.00,30.00,2.00,12918811,326
151.77,1566881404,1762.14,51.43831397,7.48034952,283.60,13.48,0.05,241.02,1,-99.00,-6.00,14.00,2.00,30.00,2.00,12918811,326
152.77,1566881405,1775.59,51.43825541,7.48018384,283.63,12.86,-0.62,240.16,1,-103.00,-7.00,-4.00,2.00,29.00,2.00,12918811,326
153.77,1566881406,1788.45,51.43819352,7.48001277,283.80,12.97,0.11,239.48,1,-103.00,-7.00,-4.00,2.00,29.00,2.00,12918811,326
154.77,1566881407,1801.42,51.43812903,7.47983101,282.90,13.16,0.19,239.94,1,-106.00,-8.00,-2.00,2.00,26.00,2.00,12918811,326
155.77,1566881408,1814.58,51.43806938,7.47967020,282.02,13.11,-0.06,239.59,1,-106.00,-8.00,-2.00,2.00,26.00,2.00,12918811,326
157.22,1566881410,1833.57,51.43801031,7.47950466,281.05,13.06,-0.03,238.81,1,-107.00,-10.00,2.00,2.00,33.00,76.00,13534235,163
158.21,1566881411,1846.59,51.43794619,7.47932896,280.05,13.76,0.71,239.27,1,-107.00,-10.00,2.00,2.00,33.00,76.00,13534235,163
159.22,1566881412,1860.42,51.43787511,7.47913967,279.29,13.54,-0.22,238.28,1,-106.00,-10.00,6.00,2.00,29.00,76.00,13534235,163
160.21,1566881413,1873.89,51.43781387,7.47896023,278.50,12.01,-1.54,240.05,1,-106.00,-10.00,6.00,2.00,29.00,76.00,13534235,163
161.22,1566881414,1885.91,51.43775752,7.47879987,278.03,11.95,-0.06,239.41,1,-107.00,-10.00,3.00,2.00,28.00,76.00,13534235,163
162.22,1566881415,1897.86,51.43769806,7.47863153,277.35,11.85,-0.10,240.86,1,-107.00,-10.00,3.00,2.00,28.00,76.00,13534235,163
163.22,1566881416,1909.72,51.43764457,7.47845603,276.48,12.04,0.19,242.87,1,-107.00,-8.00,1.00,9.00,26.00,75.00,13534235,163
164.22,1566881417,1921.80,51.43758461,7.47828005,275.73,12.88,0.83,241.11,1,-107.00,-8.00,1.00,9.00,26.00,75.00,13534235,163
165.21,1566881418,1934.61,51.43752269,7.47809888,275.41,13.46,0.59,240.68,1,-106.00,-8.00,6.00,11.00,26.00,75.00,13534235,163
166.22,1566881419,1948.14,51.43746615,7.47792209,275.08,13.47,0.00,241.53,1,-106.00,-8.00,6.00,11.00,26.00,75.00,13534235,163
167.22,1566881420,1961.56,51.43741079,7.47775822,275.09,12.66,-0.82,240.91,1,-111.00,-10.00,4.00,8.00,24.00,75.00,13534235,163
168.22,1566881421,1974.26,51.43735656,7.47759454,274.69,12.52,-0.13,241.69,1,-111.00,-10.00,4.00,8.00,24.00,75.00,13534235,163
169.22,1566881422,1986.81,51.43730337,7.47742139,274.22,12.43,-0.09,243.03,1,-113.00,-13.00,0.00,6.00,25.00,75.00,13534235,163
170.22,1566881423,1999.17,51.43725168,7.47724475,273.77,13.21,0.78,244.35,1,-113.00,-13.00,0.00,6.00,25.00,75.00,13534235,163
171.22,1566881424,2012.45,51.43720174,7.47707447,273.75,13.06,-0.15,244.25,1,-113.00,-13.00,0.00,6.00,25.00,75.00,13534235,163
172.22,1566881425,2025.44,51.43715965,7.47691052,273.77,12.91,-0.16,246.68,1,-108.00,-17.00,-3.00,4.00,35.00,219.00,14072323,457
173.22,1566881426,2038.39,51.43712945,7.47674840,273.56,12.34,-0.57,249.26,1,-108.00,-17.00,-3.00,4.00,35.00,219.00,14072323,457
174.22,1566881427,2050.69,51.43713205,7.47658070,273.90,11.15,-1.19,268.99,1,-109.00,-19.00,-7.00,3.00,36.00,219.00,14072323,457
175.22,1566881428,2061.85,51.43715403,7.47642597,274.89,9.90,-1.24,281.74,1,-109.00,-19.00,-7.00,3.00,36.00,219.00,14072323,457
176.22,1566881429,2071.75,51.43719645,7.47630021,275.41,8.59,-1.32,301.12,1,-111.00,-18.00,-10.00,3.00,33.00,219.00,14072323,457
177.22,1566881430,2080.35,51.43726841,7.47621839,276.04,8.14,-0.45,328.33,1,-111.00,-18.00,-10.00,3.00,33.00,219.00,14072323,457
178.22,1566881431,2088.47,51.43735061,7.47618568,276.40,8.71,0.58,351.62,1,-112.00,-16.00,-11.00,3.00,31.00,219.00,14072323,457
179.22,1566881432,2097.21,51.43742925,7.47620163,276.55,8.20,-0.51,13.68,1,-112.00,-16.00,-11.00,3.00,31.00,219.00,14072323,457
180.21,1566881433,2105.37,51.43749839,7.47628334,276.68,9.58,1.39,40.55,1,-101.00,-5.00,16.00,12.00,30.00,12.00,12918811,326
181.21,1566881434,2114.94,51.43756930,7.47638300,276.50,10.48,0.90,42.99,1,-101.00,-5.00,16.00,12.00,30.00,12.00,12918811,326
182.21,1566881435,2125.42,51.43764879,7.47650435,276.85,11.64,1.15,45.93,1,-89.00,-6.00,29.00,15.00,43.00,12.00,12918811,326
183.21,1566881436,2137.06,51.43773085,7.47663833,277.42,12.77,1.13,48.15,1,-89.00,-6.00,29.00,15.00,43.00,12.00,12918811,326
184.21,1566881437,2149.84,51.43780837,7.47678074,278.17,14.09,1.32,50.20,1,-89.00,-5.00,32.00,1.00,43.00,12.00,12918811,326
185.22,1566881438,2163.98,51.43788435,7.47693611,278.91,15.12,1.02,51.95,1,-89.00,-5.00,32.00,1.00,43.00,12.00,12918811,326
186.21,1566881439,2179.05,51.43796251,7.47710120,279.45,15.38,0.26,52.93,1,-93.00,-6.00,30.00,14.00,39.00,12.00,12918811,326
187.22,1566881440,2194.48,51.43804344,7.47727912,279.86,15.48,0.09,53.31,1,-93.00,-6.00,30.00,14.00,39.00,12.00,12918811,326
188.21,1566881441,2209.90,51.43812577,7.47745744,280.35,15.59,0.12,53.95,1,-93.00,-6.00,35.00,12.00,39.00,12.00,12918811,326
189.22,1566881442,2225.57,51.43820858,7.47764399,281.11,15.79,0.19,54.73,1,-93.00,-6.00,35.00,12.00,39.00,12.00,12918811,326
190.22,1566881443,2241.44,51.43829472,7.47783672,282.15,16.19,0.40,55.25,1,-95.00,-6.00,26.00,8.00,36.00,12.00,12918811,326
191.21,1566881444,2257.48,51.43837732,7.47803337,282.89,16.40,0.22,55.98,1,-95.00,-6.00,26.00,8.00,36.00,12.00,12918811,326
192.21,1566881445,2273.89,51.43846900,7.47824613,283.81,17.27,0.86,56.50,1,-95.00,-6.00,26.00,8.00,36.00,12.00,12918811,326
193.22,1566881446,2291.19,51.43856572,7.47847152,284.48,17.68,0.41,56.41,1,-92.00,-5.00,35.00,13.00,38.00,12.00,12918811,326
194.22,1566881447,2308.87,51.43866088,7.47869144,285.22,17.69,0.02,56.18,1,-92.00,-5.00,35.00,13.00,38.00,12.00,12918811,326
195.21,1566881448,2326.52,51.43875141,7.47889963,285.80,18.01,0.32,56.19,1,-98.00,-6.00,27.00,15.00,31.00,12.00,12918811,326
196.21,1566881449,2344.53,51.43883907,7.47910636,286.22,18.45,0.43,55.70,1,-98.00,-6.00,27.00,15.00,31.00,12.00,12918811,326
197.21,1566881450,2362.98,51.43893559,7.47933720,286.86,19.49,1.05,55.09,1,-97.00,-5.00,12.00,2.00,37.00,12.00,12918811,326
198.21,1566881451,2382.47,51.43903281,7.47956810,287.31,19.18,-0.31,55.73,1,-97.00,-5.00,12.00,2.00,37.00,12.00,12918811,326
199.21,1566881452,2401.66,51.43912827,7.47979828,287.63,19.01,-0.17,56.13,1,-97.00,-7.00,20.00,2.00,36.00,12.00,12918811,326
200.21,1566881453,2420.67,51.43922512,7.48002524,287.89,19.16,0.14,55.16,1,-97.00,-7.00,20.00,2.00,36.00,12.00,12918811,326
201.22,1566881454,2439.89,51.43932273,7.48024409,287.93,19.52,0.36,53.90,1,-96.00,-5.00,17.00,12.00,35.00,7.00,12918811,326
202.21,1566881455,2459.35,51.43942668,7.48046745,287.99,19.47,-0.05,53.06,1,-96.00,-5.00,17.00,12.00,35.00,7.00,12918811,326
203.21,1566881456,2478.81,51.43953484,7.48069660,288.44,19.39,-0.07,52.51,1,-96.00,-5.00,13.00,12.00,35.00,7.00,12918811,326
204.22,1566881457,2498.28,51.43963762,7.48091885,288.29,19.33,-0.06,51.80,1,-96.00,-5.00,13.00,12.00,35.00,7.00,12918811,326
205.21,1566881458,2517.54,51.43973327,7.48113100,287.44,19.00,-0.33,51.55,1,-94.00,-6.00,22.00,15.00,38.00,7.00,12918811,326
206.21,1566881459,2536.53,51.43983695,7.48135229,286.40,18.91,-0.09,51.68,1,-94.00,-6.00,22.00,15.00,38.00,7.00,12918811,326
207.21,1566881460,2555.44,51.43994716,7.48157032,285.22,18.72,-0.19,51.12,1,-90.00,-5.00,14.00,12.00,39.00,7.00,12918811,326
208.21,1566881461,2574.16,51.44005791,7.48177771,284.06,18.37,-0.35,49.66,1,-90.00,-5.00,14.00,12.00,39.00,7.00,12918811,326
209.21,1566881462,2592.54,51.44016679,7.48196775,282.73,17.97,-0.40,47.97,1,-88.00,-6.00,24.00,11.00,44.00,7.00,12918811,326
210.22,1566881463,2610.56,51.44028095,7.48216217,281.44,18.24,0.27,46.67,1,-88.00,-6.00,24.00,11.00,44.00,7.00,12918811,326
211.22,1566881464,2628.88,51.44038782,7.48234479,280.06,18.09,-0.15,45.70,1,-84.00,-7.00,24.00,2.00,51.00,7.00,12918811,326
212.21,1566881465,2646.84,51.44049972,7.48252363,278.82,18.13,0.04,44.70,1,-84.00,-7.00,24.00,2.00,51.00,7.00,12918811,326
213.21,1566881466,2664.97,51.44061707,7.48270342,277.40,18.46,0.34,43.55,1,-84.00,-7.00,24.00,2.00,51.00,7.00,12918811,326
214.21,1566881467,2683.44,51.44073156,7.48287377,275.75,18.55,0.08,42.43,1,-84.00,-6.00,19.00,2.00,47.00,7.00,12918811,326
215.22,1566881468,2702.02,51.44084896,7.48304134,273.95,18.71,0.16,41.32,1,-84.00,-6.00,19.00,2.00,47.00,7.00,12918811,326
216.21,1566881469,2720.69,51.44096784,7.48321123,272.72,19.08,0.37,40.37,1,-85.00,-6.00,27.00,2.00,48.00,7.00,12918811,326
217.21,1566881470,2739.77,51.44109563,7.48338297,272.09,19.33,0.26,39.40,1,-85.00,-6.00,27.00,2.00,48.00,7.00,12918811,326
218.21,1566881471,2759.10,51.44123036,7.48355028,271.66,19.23,-0.10,38.23,1,-83.00,-6.00,22.00,2.00,49.00,7.00,12918811,326
219.21,1566881472,2778.33,51.44137434,7.48371891,271.50,19.11,-0.12,36.87,1,-83.00,-6.00,22.00,2.00,49.00,7.00,12918811,326
220.21,1566881473,2797.45,51.44151725,7.48387524,271.40,18.97,-0.14,35.43,1,-79.00,-6.00,21.00,2.00,52.00,7.00,12918811,326
221.21,1566881474,2816.42,51.44166107,7.48402386,271.50,18.86,-0.12,33.99,1,-79.00,-6.00,21.00,2.00,52.00,7.00,12918811,326
222.21,1566881475,2835.28,51.44181002,7.48416831,271.63,18.63,-0.23,32.64,1,-79.00,-6.00,19.00,2.00,52.00,7.00,12918811,326
223.21,1566881476,2853.90,51.44195733,7.48430302,271.55,18.46,-0.17,31.15,1,-79.00,-6.00,19.00,2.00,52.00,7.00,12918811,326
224.21,1566881477,2872.36,51.44210575,7.48442843,271.62,18.32,-0.13,29.91,1,-79.00,-6.00,29.00,2.00,52.00,2.00,12918811,326
225.21,1566881478,2890.68,51.44225166,7.48454671,271.67,18.27,-0.05,28.70,1,-79.00,-6.00,29.00,2.00,52.00,2.00,12918811,326
226.21,1566881479,2908.96,51.44239809,7.48466410,271.93,18.15,-0.12,27.70,1,-78.00,-5.00,17.00,11.00,52.00,2.00,12918811,326
227.21,1566881480,2927.11,51.44253314,7.48475596,272.69,18.15,0.00,26.86,1,-78.00,-5.00,17.00,11.00,52.00,2.00,12918811,326
228.22,1566881481,2945.31,51.44267371,7.48485246,273.56,17.97,-0.18,26.11,1,-80.00,-8.00,16.00,12.00,49.00,2.00,12918811,326
229.22,1566881482,2963.29,51.44283388,7.48496115,274.40,17.97,-0.00,25.35,1,-80.00,-8.00,16.00,12.00,49.00,2.00,12918811,326
230.21,1566881483,2981.21,51.44297527,7.48505247,274.98,17.93,-0.04,24.73,1,-77.00,-10.00,7.00,11.00,59.00,2.00,12918811,326
231.21,1566881484,2999.14,51.44312785,7.48514431,275.65,18.20,0.27,24.22,1,-77.00,-10.00,7.00,11.00,59.00,2.00,12918811,326
232.23,1566881485,3017.56,51.44328272,7.48523703,276.21,18.13,-0.07,23.23,1,-80.00,-8.00,9.00,6.00,51.00,4.00,12918809,324
233.21,1566881486,3035.48,51.44344193,7.48534190,276.16,17.69,-0.45,23.73,1,-80.00,-8.00,9.00,6.00,51.00,4.00,12918809,324
234.21,1566881487,3053.17,51.44359562,7.48544246,276.05,16.80,-0.89,23.28,1,-80.00,-8.00,9.00,6.00,51.00,4.00,12918809,324
235.21,1566881488,3069.97,51.44373644,7.48552756,275.75,15.92,-0.88,22.94,1,-78.00,-5.00,13.00,9.00,55.00,4.00,12918809,324
236.21,1566881489,3085.89,51.44386796,7.48561191,275.13,15.47,-0.45,22.43,1,-78.00,-5.00,13.00,9.00,55.00,4.00,12918809,324
237.22,1566881490,3101.37,51.44399207,7.48568954,274.27,14.58,-0.89,21.87,1,-69.00,-4.00,38.00,15.00,63.00,4.00,12918809,324
238.21,1566881491,3115.93,51.44410088,7.48575895,273.24,13.44,-1.15,21.34,1,-69.00,-4.00,38.00,15.00,63.00,4.00,12918809,324
239.21,1566881492,3129.38,51.44420843,7.48582872,272.59,12.99,-0.45,20.91,1,-72.00,-6.00,38.00,15.00,59.00,4.00,12918809,324
240.21,1566881493,3142.37,51.44431145,7.48589448,272.19,11.84,-1.15,21.70,1,-72.00,-6.00,38.00,15.00,59.00,4.00,12918809,324
241.21,1566881494,3154.21,51.44439888,7.48595641,272.32,11.29,-0.54,23.72,1,-72.00,-6.00,33.00,15.00,59.00,4.00,12918809,324
242.21,1566881495,3165.50,51.44448593,7.48602672,272.11,10.85,-0.45,26.54,1,-72.00,-6.00,33.00,15.00,59.00,4.00,12918809,324
243.22,1566881496,3176.36,51.44456398,7.48614027,271.14,10.49,-0.36,39.77,1,-70.00,-4.00,31.00,2.00,62.00,4.00,12918809,324
244.22,1566881497,3186.86,51.44463339,7.48625294,270.16,10.23,-0.26,42.45,1,-70.00,-4.00,31.00,2.00,62.00,4.00,12918809,324
245.22,1566881498,3197.09,51.44468144,7.48637804,269.47,10.01,-0.22,58.00,1,-72.00,-6.00,30.00,15.00,60.00,4.00,12918809,324
246.21,1566881499,3207.08,51.44470540,7.48651218,268.67,10.34,0.33,72.43,1,-72.00,-6.00,30.00,15.00,60.00,4.00,12918809,324
247.21,1566881500,3217.42,51.44472617,7.48665527,267.93,10.58,0.23,75.75,1,-77.00,-6.00,25.00,15.00,55.00,4.00,12918809,324
248.21,1566881501,3228.00,51.44472321,7.48681588,267.69,10.99,0.41,93.73,1,-77.00,-6.00,25.00,15.00,55.00,4.00,12918809,324
249.21,1566881502,3238.99,51.44471252,7.48697053,267.54,11.01,0.02,97.41,1,-79.00,-5.00,18.00,12.00,53.00,4.00,12918809,324
250.21,1566881503,3249.99,51.44467215,7.48710911,267.46,10.98,-0.03,116.98,1,-79.00,-5.00,18.00,12.00,53.00,4.00,12918809,324
251.22,1566881504,3261.01,51.44462314,7.48725263,267.72,10.72,-0.26,120.71,1,-79.00,-6.00,32.00,15.00,52.00,4.00,12918809,324
252.21,1566881505,3271.69,51.44455051,7.48735956,268.01,10.46,-0.26,140.60,1,-79.00,-6.00,32.00,15.00,52.00,4.00,12918809,324
253.22,1566881506,3282.26,51.44447697,7.48745049,268.26,10.17,-0.29,143.73,1,-61.00,-6.00,33.00,15.00,63.00,4.00,12918809,324
254.21,1566881507,3292.33,51.44439006,7.48749964,268.13,10.16,-0.01,161.27,1,-61.00,-6.00,33.00,15.00,63.00,4.00,12918809,324
255.21,1566881508,3302.49,51.44430210,7.48753998,267.85,9.68,-0.48,165.02,1,-61.00,-6.00,33.00,15.00,63.00,4.00,12918809,324
256.22,1566881509,3312.19,51.44421457,7.48753866,267.35,9.81,0.13,181.87,1,-58.00,-4.00,34.00,2.00,63.00,4.00,12918809,324
257.21,1566881510,3321.98,51.44412350,7.48752938,266.33,9.55,-0.27,185.50,1,-58.00,-4.00,34.00,2.00,63.00,4.00,12918809,324
258.22,1566881511,3331.56,51.44404460,7.48747600,265.40,9.27,-0.27,204.38,1,-59.00,-5.00,31.00,2.00,63.00,4.00,12918809,324
259.21,1566881512,3340.80,51.44396913,7.48740581,264.59,9.87,0.60,207.93,1,-59.00,-5.00,31.00,2.00,63.00,4.00,12918809,324
260.21,1566881513,3350.68,51.44390277,7.48730256,263.43,10.41,0.53,226.35,1,-61.00,-5.00,33.00,2.00,63.00,4.00,12918809,324
261.21,1566881514,3361.07,51.44383928,7.48718858,262.60,10.52,0.11,229.79,1,-61.00,-5.00,33.00,2.00,63.00,4.00,12918809,324
262.22,1566881515,3371.63,51.44379775,7.48704621,261.96,10.53,0.01,247.89,1,-62.00,-5.00,32.00,2.00,63.00,4.00,12918809,324
263.22,1566881516,3382.16,51.44376108,7.48688887,261.88,10.71,0.18,251.69,1,-62.00,-5.00,32.00,2.00,63.00,4.00,12918809,324
264.21,1566881517,3392.83,51.44375681,7.48673056,261.94,11.08,0.37,268.87,1,-69.00,-5.00,32.00,2.00,60.00,3.00,12918809,324
265.21,1566881518,3403.92,51.44375068,7.48655747,261.85,12.00,0.92,268.51,1,-69.00,-5.00,32.00,2.00,60.00,3.00,12918809,324
266.22,1566881519,3415.93,51.44374420,7.48637166,261.90,12.82,0.83,268.04,1,-77.00,-7.00,31.00,15.00,55.00,3.00,12918809,324
267.21,1566881520,3428.73,51.44373374,7.48618265,261.92,13.63,0.80,267.58,1,-77.00,-7.00,31.00,15.00,55.00,3.00,12918809,324
268.22,1566881521,3442.38,51.44372266,7.48598007,262.12,14.38,0.76,267.21,1,-78.00,-5.00,32.00,15.00,53.00,3.00,12918809,324
269.21,1566881522,3456.74,51.44370893,7.48577033,262.53,14.96,0.58,267.90,1,-78.00,-5.00,32.00,15.00,53.00,3.00,12918809,324
270.22,1566881523,3471.74,51.44369719,7.48553923,263.03,15.73,0.77,269.16,1,-80.00,-5.00,25.00,12.00,50.00,3.00,12918809,324
271.21,1566881524,3487.43,51.44368964,7.48532839,263.18,15.39,-0.34,269.89,1,-80.00,-5.00,25.00,12.00,50.00,3.00,12918809,324
272.21,1566881525,3502.82,51.44368422,7.48511995,264.52,15.18,-0.22,269.54,1,-95.00,-7.00,12.00,12.00,37.00,3.00,12918809,324
273.21,1566881526,3517.99,51.44368365,7.48491023,265.60,15.90,0.72,270.44,1,-95.00,-7.00,12.00,12.00,37.00,3.00,12918809,324
274.22,1566881527,3534.00,51.44368234,7.48466680,265.66,16.95,1.04,270.11,1,-86.00,-7.00,16.00,2.00,45.00,3.00,12918809,324
275.22,1566881528,3550.87,51.44367640,7.48438044,265.29,17.09,0.14,269.35,1,-86.00,-7.00,16.00,2.00,45.00,3.00,12918809,324
276.21,1566881529,3567.92,51.44367121,7.48410932,264.80,17.54,0.45,269.00,1,-86.00,-7.00,16.00,2.00,45.00,3.00,12918809,324
277.22,1566881530,3585.53,51.44366624,7.48384366,264.33,18.13,0.59,268.54,1,-87.00,-8.00,22.00,2.00,46.00,3.00,12918809,324
278.21,1566881531,3603.59,51.44365944,7.48357143,263.82,18.78,0.65,268.30,1,-87.00,-8.00,22.00,2.00,46.00,3.00,12918809,324
279.21,1566881532,3622.38,51.44365372,7.48331446,263.98,19.38,0.61,267.83,1,-83.00,-9.00,15.00,2.00,51.00,3.00,12918809,324
280.22,1566881533,3641.80,51.44364598,7.48304471,264.44,19.53,0.15,267.60,1,-83.00,-9.00,15.00,2.00,51.00,3.00,12918809,324
281.21,1566881534,3661.30,51.44363273,7.48274739,264.62,19.41,-0.12,267.28,1,-81.00,-7.00,1.00,2.00,52.00,3.00,12918809,324
282.22,1566881535,3680.74,51.44361957,7.48246586,264.97,19.49,0.08,267.08,1,-81.00,-7.00,1.00,2.00,52.00,3.00,12918809,324
283.21,1566881536,3700.17,51.44360999,7.48219409,265.44,19.71,0.22,266.52,1,-84.00,-8.00,3.00,14.00,49.00,4.00,12918809,324
284.21,1566881537,3719.88,51.44360015,7.48190903,265.86,20.19,0.49,266.50,1,-84.00,-8.00,3.00,14.00,49.00,4.00,12918809,324
285.21,1566881538,3740.07,51.44359027,7.48161508,266.14,20.58,0.39,266.83,1,-92.00,-7.00,17.00,12.00,41.00,4.00,12918811,326
286.21,1566881539,3760.65,51.44357637,7.48131388,266.24,20.97,0.38,266.19,1,-92.00,-7.00,17.00,12.00,41.00,4.00,12918811,326
287.21,1566881540,3781.62,51.44356205,7.48100849,266.27,21.28,0.32,265.87,1,-93.00,-7.00,18.00,9.00,40.00,4.00,12918811,326
288.21,1566881541,3802.90,51.44354703,7.48069905,266.28,21.54,0.26,265.47,1,-93.00,-7.00,18.00,9.00,40.00,4.00,12918811,326
289.22,1566881542,3824.48,51.44352578,7.48038827,266.12,21.61,0.07,264.57,1,-90.00,-7.00,19.00,10.00,43.00,4.00,12918811,326
290.21,1566881543,3846.03,51.44351220,7.48008321,265.98,21.68,0.07,264.27,1,-90.00,-7.00,19.00,10.00,43.00,4.00,12918811,326
291.21,1566881544,3867.73,51.44349689,7.47977453,265.92,21.86,0.19,263.32,1,-88.00,-5.00,21.00,11.00,42.00,4.00,12918811,326
292.22,1566881545,3889.66,51.44347906,7.47946049,265.86,22.01,0.15,262.93,1,-88.00,-5.00,21.00,11.00,42.00,4.00,12918811,326
293.21,1566881546,3911.56,51.44346064,7.47914449,265.89,22.48,0.47,262.89,1,-86.00,-5.00,27.00,12.00,46.00,4.00,12918811,326
294.21,1566881547,3934.06,51.44343810,7.47881564,265.65,22.86,0.38,262.91,1,-86.00,-5.00,27.00,12.00,46.00,4.00,12918811,326
295.22,1566881548,3957.12,51.44341422,7.47848763,265.39,23.00,0.14,263.33,1,-85.00,-5.00,20.00,2.00,46.00,4.00,12918811,326
296.21,1566881549,3979.96,51.44338983,7.47815700,265.13,23.44,0.44,263.76,1,-85.00,-5.00,20.00,2.00,46.00,4.00,12918811,326
297.22,1566881550,4003.49,51.44336568,7.47781992,264.83,23.46,0.02,263.42,1,-85.00,-5.00,20.00,2.00,46.00,4.00,12918811,326
298.21,1566881551,4026.86,51.44334166,7.47748397,264.39,23.51,0.05,263.57,1,-85.00,-6.00,19.00,2.00,45.00,4.00,12918811,326
299.21,1566881552,4050.37,51.44331751,7.47714976,263.96,23.58,0.07,263.17,1,-85.00,-6.00,19.00,2.00,45.00,4.00,12918811,326
300.21,1566881553,4073.95,51.44328910,7.47681207,263.49,23.95,0.37,262.27,1,-84.00,-5.00,21.00,2.00,45.00,4.00,12918811,326
301.21,1566881554,4097.90,51.44325966,7.47647305,263.00,24.21,0.25,261.93,1,-84.00,-5.00,21.00,2.00,45.00,4.00,12918811,326
302.22,1566881555,4122.18,51.44322979,7.47612591,262.54,24.39,0.18,261.77,1,-86.00,-5.00,23.00,2.00,45.00,4.00,12918811,326
303.22,1566881556,4146.52,51.44319596,7.47576858,262.39,24.33,-0.06,261.11,1,-86.00,-5.00,23.00,2.00,45.00,4.00,12918811,326
304.21,1566881557,4170.83,51.44316420,7.47541787,262.38,24.31,-0.02,260.70,1,-85.00,-6.00,24.00,15.00,47.00,10.00,12918811,326
305.21,1566881558,4195.14,51.44312831,7.47507514,262.10,24.47,0.16,259.54,1,-85.00,-6.00,24.00,15.00,47.00,10.00,12918811,326
306.22,1566881559,4219.64,51.44308978,7.47472396,261.75,25.04,0.57,258.61,1,-89.00,-5.00,31.00,13.00,40.00,10.00,12918811,326
307.21,1566881560,4244.63,51.44305365,7.47437874,261.29,25.11,0.07,258.67,1,-89.00,-5.00,31.00,13.00,40.00,10.00,12918811,326
308.21,1566881561,4269.76,51.44301825,7.47403319,260.72,25.04,-0.07,259.35,1,-99.00,-7.00,18.00,10.00,32.00,10.00,12918811,326
309.22,1566881562,4294.82,51.44298232,7.47368477,260.07,25.19,0.15,259.36,1,-99.00,-7.00,18.00,10.00,32.00,10.00,12918811,326
310.21,1566881563,4319.96,51.44294194,7.47332764,259.23,25.50,0.31,259.45,1,-90.00,-5.00,14.00,6.00,39.00,13.00,12935194,342
311.21,1566881564,4345.48,51.44290200,7.47297200,258.50,25.43,-0.06,259.56,1,-90.00,-5.00,14.00,6.00,39.00,13.00,12935194,342
312.21,1566881565,4370.89,51.44285776,7.47261181,257.67,25.70,0.27,259.68,1,-104.00,-7.00,10.00,10.00,28.00,13.00,12935194,342
313.21,1566881566,4396.62,51.44281451,7.47224674,256.90,26.03,0.32,259.65,1,-104.00,-7.00,10.00,10.00,28.00,13.00,12935194,342
314.21,1566881567,4422.62,51.44276931,7.47187808,256.25,26.05,0.03,259.37,1,-102.00,-6.00,13.00,8.00,28.00,13.00,12935194,342
315.21,1566881568,4448.67,51.44272570,7.47151924,255.41,25.81,-0.24,258.96,1,-102.00,-6.00,13.00,8.00,28.00,13.00,12935194,342
316.22,1566881569,4474.61,51.44267841,7.47115903,254.61,25.85,0.04,258.49,1,-106.00,-8.00,22.00,11.00,26.00,13.00,12935194,342
317.22,1566881570,4500.40,51.44263308,7.47080197,253.85,25.76,-0.09,258.52,1,-106.00,-8.00,22.00,11.00,26.00,13.00,12935194,342
318.21,1566881571,4526.09,51.44258876,7.47045172,253.10,25.69,-0.07,258.68,1,-106.00,-8.00,22.00,11.00,26.00,13.00,12935194,342
319.21,1566881572,4551.81,51.44254690,7.47010307,252.68,25.40,-0.29,258.45,1,-111.00,-10.00,5.00,8.00,23.00,13.00,12935170,342
320.22,1566881573,4577.26,51.44250218,7.46974776,252.36,25.35,-0.05,258.58,1,-111.00,-10.00,5.00,8.00,23.00,13.00,12935170,342
321.22,1566881574,4602.63,51.44245392,7.46938328,252.04,25.54,0.19,258.47,1,-99.00,-9.00,7.00,6.00,36.00,13.00,12935170,342
322.21,1566881575,4628.09,51.44240673,7.46902377,251.87,25.40,-0.13,257.96,1,-99.00,-9.00,7.00,6.00,36.00,13.00,12935170,342
323.21,1566881576,4653.47,51.44235631,7.46866199,251.28,25.74,0.33,259.32,1,-101.00,-10.00,16.00,4.00,36.00,13.00,12935170,342
324.21,1566881577,4679.18,51.44230828,7.46830849,250.49,25.71,-0.03,258.65,1,-101.00,-10.00,16.00,4.00,36.00,13.00,12935170,342
325.21,1566881578,4704.92,51.44226016,7.46794714,250.01,25.90,0.19,258.98,1,-98.00,-8.00,16.00,6.00,36.00,13.00,12935170,342
326.22,1566881579,4730.90,51.44221392,7.46758240,249.27,25.85,-0.05,259.72,1,-98.00,-8.00,16.00,6.00,36.00,13.00,12935170,342
327.21,1566881580,4756.67,51.44216685,7.46721885,248.60,25.76,-0.09,259.94,1,-104.00,-11.00,1.00,6.00,33.00,13.00,12935170,342
328.21,1566881581,4782.43,51.44211917,7.46685478,248.21,25.49,-0.27,258.97,1,-104.00,-11.00,1.00,6.00,33.00,13.00,12935170,342
329.21,1566881582,4807.92,51.44207518,7.46650232,247.81,25.25,-0.24,260.09,1,-100.00,-9.00,0.00,2.00,38.00,13.00,12935170,342
330.21,1566881583,4833.17,51.44203471,7.46615274,247.42,25.13,-0.12,259.95,1,-100.00,-9.00,0.00,2.00,38.00,13.00,12935170,342
331.22,1566881584,4858.35,51.44200172,7.46579162,247.31,25.24,0.11,261.19,1,-107.00,-9.00,0.00,2.00,27.00,13.00,12897050,337
332.21,1566881585,4883.56,51.44196768,7.46543200,247.16,25.11,-0.12,261.67,1,-107.00,-9.00,0.00,2.00,27.00,13.00,12897050,337
333.21,1566881586,4908.68,51.44193521,7.46507773,246.80,25.46,0.35,261.20,1,-107.00,-9.00,2.00,2.00,27.00,13.00,12897050,337
334.21,1566881587,4934.14,51.44190504,7.46471996,246.26,25.26,-0.20,260.70,1,-107.00,-9.00,2.00,2.00,27.00,13.00,12897050,337
335.22,1566881588,4959.45,51.44187669,7.46437242,245.43,24.94,-0.32,260.99,1,-108.00,-10.00,3.00,2.00,27.00,13.00,12897050,337
336.21,1566881589,4984.35,51.44185155,7.46401754,244.60,24.66,-0.28,262.27,1,-108.00,-10.00,3.00,2.00,27.00,13.00,12897050,337
337.22,1566881590,5009.18,51.44182298,7.46366321,243.75,24.56,-0.10,262.89,1,-109.00,-11.00,4.00,2.00,27.00,13.00,12897050,337
338.22,1566881591,5033.64,51.44179704,7.46332189,242.87,24.19,-0.37,263.44,1,-109.00,-11.00,4.00,2.00,27.00,13.00,12897050,337
339.21,1566881592,5057.74,51.44176824,7.46297910,241.86,23.96,-0.24,263.08,1,-109.00,-11.00,4.00,2.00,27.00,13.00,12897050,337
340.21,1566881593,5081.72,51.44174186,7.46264214,240.92,23.77,-0.18,264.31,1,-110.00,-11.00,4.00,2.00,26.00,13.00,12897050,337
341.21,1566881594,5105.49,51.44172053,7.46229595,239.83,23.79,0.02,264.68,1,-110.00,-11.00,4.00,2.00,26.00,13.00,12897050,337
342.21,1566881595,5129.28,51.44169807,7.46195999,238.90,23.68,-0.12,265.18,1,-110.00,-11.00,1.00,2.00,25.00,13.00,12897050,337
343.22,1566881596,5153.00,51.44167529,7.46162797,238.15,23.28,-0.39,265.37,1,-110.00,-11.00,1.00,2.00,25.00,13.00,12897050,337
344.21,1566881597,5176.24,51.44165773,7.46130118,237.48,23.01,-0.27,265.69,1,-109.00,-10.00,7.00,2.00,26.00,13.00,12897050,337
345.21,1566881598,5199.25,51.44164220,7.46097461,236.96,22.87,-0.14,266.62,1,-109.00,-10.00,7.00,2.00,26.00,13.00,12897050,337
346.21,1566881599,5222.13,51.44162596,7.46064836,236.55,22.56,-0.31,266.44,1,-106.00,-9.00,11.00,2.00,27.00,13.00,12897050,337
347.21,1566881600,5244.69,51.44160796,7.46032601,236.44,22.48,-0.09,266.91,1,-106.00,-9.00,11.00,2.00,27.00,13.00,12897050,337
348.22,1566881601,5267.23,51.44158672,7.45999746,236.46,22.52,0.05,267.46,1,-106.00,-8.00,6.00,2.00,28.00,13.00,12897050,337
349.21,1566881602,5289.69,51.44156954,7.45967037,236.40,22.51,-0.02,267.53,1,-106.00,-8.00,6.00,2.00,28.00,13.00,12897050,337
350.21,1566881603,5312.20,51.44155788,7.45934673,236.30,22.69,0.18,268.11,1,-104.00,-8.00,6.00,2.00,29.00,13.00,12897050,337
351.21,1566881604,5334.86,51.44154642,7.45902132,236.17,22.79,0.10,268.40,1,-104.00,-8.00,6.00,2.00,29.00,13.00,12897050,337
352.21,1566881605,5357.68,51.44154153,7.45868917,236.15,22.91,0.12,268.11,1,-100.00,-8.00,12.00,2.00,34.00,13.00,14301721,144
353.22,1566881606,5380.66,51.44153699,7.45834940,236.19,23.07,0.17,269.09,1,-100.00,-8.00,12.00,2.00,34.00,13.00,14301721,144
354.21,1566881607,5403.64,51.44153724,7.45801672,236.20,22.73,-0.35,269.36,1,-97.00,-7.00,20.00,2.00,36.00,13.00,14301721,144
355.21,1566881608,5426.34,51.44153418,7.45768429,236.38,22.67,-0.06,269.58,1,-97.00,-7.00,20.00,2.00,36.00,13.00,14301721,144
356.21,1566881609,5449.03,51.44153030,7.45735891,236.35,22.75,0.08,269.78,1,-91.00,-6.00,24.00,2.00,41.00,13.00,14301721,144
357.21,1566881610,5471.75,51.44152703,7.45703204,236.17,22.93,0.19,270.17,1,-91.00,-6.00,24.00,2.00,41.00,13.00,14301721,144
358.22,1566881611,5494.87,51.44152489,7.45670650,235.74,23.14,0.21,270.10,1,-89.00,-6.00,26.00,15.00,43.00,14.00,14301721,144
359.21,1566881612,5517.85,51.44152629,7.45636645,235.62,23.27,0.12,270.40,1,-89.00,-6.00,26.00,15.00,43.00,14.00,14301721,144
360.21,1566881613,5541.14,51.44152868,7.45604142,235.26,23.31,0.04,270.58,1,-89.00,-6.00,26.00,15.00,43.00,14.00,14301721,144
361.21,1566881614,5564.40,51.44153560,7.45571068,234.92,23.39,0.08,270.31,1,-86.00,-6.00,25.00,11.00,46.00,14.00,14301721,144
362.21,1566881615,5587.81,51.44154118,7.45537270,234.77,23.20,-0.19,270.69,1,-86.00,-6.00,25.00,11.00,46.00,14.00,14301721,144
363.21,1566881616,5611.01,51.44154727,7.45503507,234.85,22.86,-0.34,271.31,1,-84.00,-6.00,24.00,12.00,48.00,14.00,14301721,144
364.21,1566881617,5633.90,51.44155988,7.45471392,234.58,22.87,0.00,272.21,1,-84.00,-6.00,24.00,12.00,48.00,14.00,14301721,144
365.21,1566881618,5656.75,51.44157311,7.45437353,234.68,23.09,0.22,272.53,1,-85.00,-6.00,19.00,15.00,47.00,14.00,14301721,144
366.21,1566881619,5679.83,51.44158948,7.45403467,234.67,23.31,0.23,274.36,1,-85.00,-6.00,19.00,15.00,47.00,14.00,14301721,144
367.21,1566881620,5703.17,51.44160656,7.45370043,234.41,23.67,0.36,274.74,1,-85.00,-5.00,21.00,11.00,46.00,14.00,14301721,144
368.22,1566881621,5726.86,51.44162546,7.45336039,234.31,23.54,-0.13,274.66,1,-85.00,-5.00,21.00,11.00,46.00,14.00,14301721,144
369.21,1566881622,5750.36,51.44164888,7.45301874,234.55,23.08,-0.47,275.64,1,-81.00,-4.00,38.00,15.00,47.00,14.00,14301721,144
370.22,1566881623,5773.48,51.44167176,7.45269979,234.31,22.90,-0.18,276.11,1,-81.00,-4.00,38.00,15.00,47.00,14.00,14301721,144
371.21,1566881624,5796.31,51.44169299,7.45237725,233.90,22.90,-0.00,275.99,1,-81.00,-4.00,35.00,15.00,47.00,14.00,14301721,144
372.21,1566881625,5819.22,51.44171745,7.45205070,233.64,22.81,-0.09,275.41,1,-81.00,-4.00,35.00,15.00,47.00,14.00,14301721,144
373.22,1566881626,5842.08,51.44173912,7.45172965,233.13,22.53,-0.28,276.23,1,-81.00,-5.00,38.00,12.00,48.00,14.00,14301721,144
374.21,1566881627,5864.56,51.44176262,7.45140245,232.77,22.61,0.08,276.71,1,-81.00,-5.00,38.00,12.00,48.00,14.00,14301721,144
375.21,1566881628,5887.15,51.44178390,7.45107528,232.43,22.72,0.11,277.59,1,-80.00,-6.00,33.00,12.00,50.00,14.00,14301721,144
376.21,1566881629,5909.89,51.44180421,7.45074822,232.16,22.87,0.15,277.67,1,-80.00,-6.00,33.00,12.00,50.00,14.00,14301721,144
377.21,1566881630,5932.76,51.44182559,7.45042639,231.76,22.79,-0.08,277.66,1,-81.00,-5.00,25.00,2.00,47.00,14.00,14301721,144
378.21,1566881631,5955.55,51.44184977,7.45010009,231.44,22.90,0.11,277.80,1,-81.00,-5.00,25.00,2.00,47.00,14.00,14301721,144
379.22,1566881632,5978.58,51.44187578,7.44977769,231.07,22.95,0.05,277.87,1,-80.00,-4.00,28.00,2.00,48.00,14.00,14301721,144
380.21,1566881633,6001.39,51.44190253,7.44945075,230.65,23.21,0.27,277.79,1,-80.00,-4.00,28.00,2.00,48.00,14.00,14301721,144
381.21,1566881634,6024.62,51.44192908,7.44912663,230.09,23.15,-0.06,278.49,1,-80.00,-4.00,28.00,2.00,48.00,14.00,14301721,144
382.21,1566881635,6047.75,51.44195700,7.44880036,229.48,23.11,-0.03,278.75,1,-77.00,-4.00,29.00,2.00,52.00,7.00,14301721,144
383.21,1566881636,6070.84,51.44198941,7.44847252,228.98,23.06,-0.05,279.11,1,-77.00,-4.00,29.00,2.00,52.00,7.00,14301721,144
384.22,1566881637,6093.97,51.44202303,7.44814178,228.63,23.18,0.12,279.19,1,-75.00,-5.00,25.00,15.00,57.00,7.00,14301721,144
385.22,1566881638,6117.17,51.44205613,7.44780506,228.41,23.59,0.41,280.03,1,-75.00,-5.00,25.00,15.00,57.00,7.00,14301721,144
386.22,1566881639,6140.73,51.44209492,7.44747474,228.19,23.52,-0.07,280.57,1,-75.00,-5.00,25.00,14.00,57.00,7.00,14301721,144
387.21,1566881640,6164.20,51.44213378,7.44714336,228.08,23.15,-0.37,281.22,1,-75.00,-5.00,25.00,14.00,57.00,7.00,14301721,144
388.21,1566881641,6187.35,51.44217559,7.44681517,228.08,22.87,-0.28,281.91,1,-77.00,-6.00,28.00,15.00,56.00,7.00,14301721,144
389.21,1566881642,6210.23,51.44221496,7.44649253,228.08,22.61,-0.26,282.24,1,-77.00,-6.00,28.00,15.00,56.00,7.00,14301721,144
390.21,1566881643,6232.86,51.44225421,7.44617713,228.03,22.47,-0.14,281.92,1,-70.00,-6.00,22.00,15.00,63.00,7.00,14301721,144
391.21,1566881644,6255.30,51.44229501,7.44586378,227.93,22.63,0.16,282.33,1,-70.00,-6.00,22.00,15.00,63.00,7.00,14301721,144
392.22,1566881645,6277.98,51.44234054,7.44554578,227.70,22.80,0.17,283.03,1,-72.00,-4.00,31.00,15.00,59.00,7.00,14301721,144
393.21,1566881646,6300.74,51.44238655,7.44522261,227.48,23.13,0.33,282.71,1,-72.00,-4.00,31.00,15.00,59.00,7.00,14301721,144
394.21,1566881647,6323.85,51.44243429,7.44489369,227.29,23.57,0.44,283.33,1,-72.00,-5.00,31.00,15.00,59.00,7.00,14301721,144
395.21,1566881648,6347.44,51.44248175,7.44456289,227.17,23.57,-0.00,283.40,1,-72.00,-5.00,31.00,15.00,59.00,7.00,14301721,144
396.21,1566881649,6371.00,51.44252862,7.44423593,227.07,23.29,-0.28,283.97,1,-72.00,-5.00,27.00,15.00,58.00,7.00,14301721,144
397.22,1566881650,6394.36,51.44257590,7.44391199,226.90,23.07,-0.21,283.87,1,-72.00,-5.00,27.00,15.00,58.00,7.00,14301721,144
398.21,1566881651,6417.36,51.44262366,7.44358902,226.69,22.98,-0.09,284.02,1,-66.00,-6.00,31.00,2.00,63.00,7.00,14301721,144
399.21,1566881652,6440.35,51.44267693,7.44326647,226.48,23.24,0.26,284.59,1,-66.00,-6.00,31.00,2.00,63.00,7.00,14301721,144
400.22,1566881653,6463.75,51.44273243,7.44294137,226.16,23.56,0.31,284.89,1,-67.00,-5.00,30.00,2.00,62.00,7.00,14301721,144
401.21,1566881654,6487.17,51.44279026,7.44261646,225.72,23.69,0.13,285.48,1,-67.00,-5.00,30.00,2.00,62.00,7.00,14301721,144
402.22,1566881655,6510.88,51.44285070,7.44228971,225.32,23.94,0.25,285.61,1,-67.00,-5.00,30.00,2.00,62.00,7.00,14301721,144
403.21,1566881656,6534.77,51.44291008,7.44195901,224.95,23.86,-0.08,286.47,1,-71.00,-6.00,22.00,2.00,59.00,7.00,14301721,144
404.22,1566881657,6558.70,51.44297047,7.44163266,224.50,24.02,0.16,286.49,1,-71.00,-6.00,22.00,2.00,59.00,7.00,14301721,144
405.21,1566881658,6582.64,51.44303627,7.44131077,224.00,23.54,-0.48,287.36,1,-74.00,-6.00,10.00,2.00,58.00,7.00,14301721,144
406.21,1566881659,6606.18,51.44310196,7.44099703,223.24,23.62,0.08,287.58,1,-74.00,-6.00,10.00,2.00,58.00,7.00,14301721,144
407.21,1566881660,6629.80,51.44316917,7.44067674,222.42,23.92,0.30,287.94,1,-80.00,-8.00,4.00,2.00,54.00,7.00,14301721,144
408.22,1566881661,6653.77,51.44323885,7.44033524,221.96,24.21,0.29,288.14,1,-80.00,-8.00,4.00,2.00,54.00,7.00,14301721,144
409.22,1566881662,6677.98,51.44330803,7.43999350,221.70,24.37,0.16,288.28,1,-71.00,-4.00,28.00,2.00,57.00,7.00,14301723,146
410.21,1566881663,6702.30,51.44337933,7.43965841,221.41,24.50,0.14,288.56,1,-71.00,-4.00,28.00,2.00,57.00,7.00,14301723,146
411.21,1566881664,6726.83,51.44345110,7.43932805,221.01,24.61,0.11,289.04,1,-72.00,-5.00,29.00,2.00,57.00,7.00,14301723,146
412.21,1566881665,6751.44,51.44352457,7.43899338,220.58,24.68,0.07,289.29,1,-72.00,-5.00,29.00,2.00,57.00,7.00,14301723,146
413.21,1566881666,6776.05,51.44360042,7.43866297,220.02,24.69,0.01,289.62,1,-73.00,-5.00,31.00,2.00,57.00,7.00,14301723,146
414.22,1566881667,6800.89,51.44367886,7.43832601,219.54,24.96,0.27,289.99,1,-73.00,-5.00,31.00,2.00,57.00,7.00,14301723,146
415.21,1566881668,6825.75,51.44375798,7.43799351,219.29,24.89,-0.07,289.85,1,-73.00,-5.00,29.00,2.00,58.00,7.00,14301723,146
416.21,1566881669,6850.67,51.44384075,7.43766506,219.22,24.94,0.05,290.83,1,-73.00,-5.00,29.00,2.00,58.00,7.00,14301723,146
417.21,1566881670,6875.61,51.44392436,7.43733071,219.46,24.82,-0.12,290.97,1,-69.00,-6.00,30.00,2.00,61.00,7.00,14301723,146
418.21,1566881671,6900.38,51.44400570,7.43700066,219.67,24.78,-0.04,290.56,1,-69.00,-6.00,30.00,2.00,61.00,7.00,14301723,146
419.22,1566881672,6925.23,51.44408655,7.43667020,219.70,25.14,0.36,290.04,1,-70.00,-6.00,29.00,2.00,61.00,7.00,14301723,146
420.21,1566881673,6950.35,51.44417006,7.43633466,219.70,25.45,0.31,291.07,1,-70.00,-6.00,29.00,2.00,61.00,7.00,14301723,146
421.22,1566881674,6975.85,51.44425753,7.43600051,219.19,25.40,-0.04,291.91,1,-74.00,-6.00,24.00,2.00,57.00,7.00,14301723,146
422.21,1566881675,7001.17,51.44434679,7.43565822,218.50,25.58,0.18,292.62,1,-74.00,-6.00,24.00,2.00,57.00,7.00,14301723,146
423.22,1566881676,7026.86,51.44444641,7.43532163,218.05,25.67,0.09,294.26,1,-80.00,-5.00,25.00,14.00,49.00,6.00,14301723,146
424.22,1566881677,7052.48,51.44454777,7.43497832,217.27,25.49,-0.18,293.72,1,-80.00,-5.00,25.00,14.00,49.00,6.00,14301723,146
425.21,1566881678,7077.89,51.44464878,7.43464161,215.95,25.68,0.19,293.99,1,-80.00,-5.00,25.00,14.00,49.00,6.00,14301723,146
426.21,1566881679,7103.60,51.44474815,7.43431155,214.74,25.69,0.01,293.78,1,-78.00,-5.00,25.00,15.00,52.00,6.00,14301723,146
427.21,1566881680,7129.28,51.44484871,7.43398174,213.57,25.51,-0.17,294.18,1,-78.00,-5.00,25.00,15.00,52.00,6.00,14301723,146
428.21,1566881681,7154.80,51.44494967,7.43364472,212.23,25.59,0.08,294.68,1,-78.00,-6.00,30.00,15.00,53.00,6.00,14301723,146
429.22,1566881682,7180.47,51.44506188,7.43330320,210.80,26.25,0.66,296.82,1,-78.00,-6.00,30.00,15.00,53.00,6.00,14301723,146
430.21,1566881683,7206.67,51.44517468,7.43295998,209.03,27.12,0.87,296.04,1,-77.00,-5.00,31.00,15.00,52.00,6.00,14301723,146
431.22,1566881684,7233.85,51.44528329,7.43261481,207.35,26.96,-0.16,295.65,1,-77.00,-5.00,31.00,15.00,52.00,6.00,14301723,146
432.22,1566881685,7260.81,51.44540988,7.43228118,205.82,27.18,0.22,299.82,1,-89.00,-5.00,18.00,11.00,39.00,6.00,14301723,146
433.21,1566881686,7287.91,51.44554698,7.43194881,204.22,27.56,0.38,302.11,1,-89.00,-5.00,18.00,11.00,39.00,6.00,14301723,146
434.21,1566881687,7315.47,51.44568497,7.43161321,202.60,27.74,0.18,302.51,1,-85.00,-5.00,22.00,14.00,44.00,6.00,14301723,146
435.21,1566881688,7343.21,51.44583164,7.43128395,201.12,27.84,0.10,304.55,1,-85.00,-5.00,22.00,14.00,44.00,6.00,14301723,146
436.21,1566881689,7371.05,51.44598715,7.43096029,200.07,28.26,0.42,306.66,1,-86.00,-6.00,25.00,15.00,44.00,6.00,14301723,146
437.22,1566881690,7399.37,51.44614417,7.43063649,199.21,28.61,0.35,306.85,1,-86.00,-6.00,25.00,15.00,44.00,6.00,14301723,146
438.22,1566881691,7427.97,51.44630221,7.43031122,198.41,28.94,0.34,307.50,1,-82.00,-4.00,24.00,2.00,49.00,6.00,14301723,146
439.22,1566881692,7456.91,51.44646676,7.42999176,197.35,29.31,0.37,308.13,1,-82.00,-4.00,24.00,2.00,49.00,6.00,14301723,146
440.21,1566881693,7486.20,51.44663806,7.42967669,196.20,29.47,0.16,310.00,1,-84.00,-5.00,20.00,2.00,45.00,6.00,14301723,146
441.21,1566881694,7515.61,51.44681690,7.42936672,195.16,29.19,-0.28,311.62,1,-84.00,-5.00,20.00,2.00,45.00,6.00,14301723,146
442.21,1566881695,7544.83,51.44699463,7.42906651,194.53,29.14,-0.05,313.19,1,-97.00,-10.00,12.00,11.00,38.00,13.00,14301723,146
443.21,1566881696,7573.97,51.44717999,7.42877403,193.76,29.72,0.58,315.07,1,-97.00,-10.00,12.00,11.00,38.00,13.00,14301723,146
444.22,1566881697,7603.83,51.44737190,7.42848128,192.61,29.95,0.23,316.11,1,-101.00,-5.00,16.00,12.00,29.00,13.00,14301723,146
445.21,1566881698,7633.66,51.44756042,7.42820163,190.96,30.00,0.05,317.02,1,-101.00,-5.00,16.00,12.00,29.00,13.00,14301723,146
446.21,1566881699,7663.66,51.44775815,7.42792524,189.26,29.88,-0.11,318.10,1,-101.00,-5.00,16.00,12.00,29.00,13.00,14301723,146
447.21,1566881700,7693.54,51.44795893,7.42764938,187.67,29.55,-0.34,319.23,1,-103.00,-6.00,15.00,12.00,27.00,13.00,14301723,146
448.22,1566881701,7723.12,51.44816339,7.42738409,186.23,29.81,0.26,321.04,1,-103.00,-6.00,15.00,12.00,27.00,13.00,14301723,146
449.21,1566881702,7752.90,51.44837194,7.42711104,184.80,30.38,0.57,322.03,1,-105.00,-6.00,7.00,8.00,27.00,13.00,14301723,146
450.21,1566881703,7783.27,51.44858822,7.42685019,183.44,30.45,0.07,323.03,1,-105.00,-6.00,7.00,8.00,27.00,13.00,14301723,146
451.22,1566881704,7813.81,51.44881128,7.42659468,181.97,30.72,0.27,324.63,1,-108.00,-8.00,2.00,11.00,24.00,13.00,14301723,146
452.22,1566881705,7844.47,51.44903647,7.42634164,180.46,30.99,0.27,325.53,1,-108.00,-8.00,2.00,11.00,24.00,13.00,14301723,146
453.22,1566881706,7875.46,51.44927223,7.42609368,178.90,31.35,0.36,326.80,1,-102.00,-5.00,7.00,2.00,29.00,13.00,14301723,146
454.22,1566881707,7906.85,51.44951408,7.42585834,177.44,31.54,0.18,328.54,1,-102.00,-5.00,7.00,2.00,29.00,13.00,14301723,146
455.21,1566881708,7938.29,51.44975756,7.42561993,176.09,31.59,0.05,328.82,1,-105.00,-6.00,-6.00,2.00,23.00,13.00,14301723,146
456.21,1566881709,7969.91,51.45000724,7.42540345,174.99,31.26,-0.33,331.41,1,-105.00,-6.00,-6.00,2.00,23.00,13.00,14301723,146
457.21,1566881710,8001.17,51.45025311,7.42519194,173.75,31.09,-0.17,332.40,1,-109.00,-9.00,-9.00,2.00,25.00,13.00,14301723,146
458.22,1566881711,8032.39,51.45049461,7.42499856,172.24,30.80,-0.29,332.74,1,-109.00,-9.00,-9.00,2.00,25.00,13.00,14301723,146
459.21,1566881712,8063.06,51.45073211,7.42482361,171.25,30.15,-0.64,334.44,1,-106.00,-11.00,-1.00,2.00,31.00,13.00,13884185,58
460.21,1566881713,8093.21,51.45097804,7.42464768,169.98,29.14,-1.01,335.68,1,-106.00,-11.00,-1.00,2.00,31.00,13.00,13884185,58
461.21,1566881714,8122.35,51.45122276,7.42448391,168.93,28.46,-0.68,336.75,1,-106.00,-12.00,-8.00,2.00,31.00,13.00,13884185,58
462.21,1566881715,8150.81,51.45146144,7.42433529,168.06,27.94,-0.51,337.83,1,-106.00,-12.00,-8.00,2.00,31.00,13.00,13884185,58
463.22,1566881716,8178.87,51.45169540,7.42419851,166.95,27.64,-0.30,339.91,1,-102.00,-12.00,5.00,2.00,36.00,13.00,12897051,338
464.21,1566881717,8206.40,51.45192457,7.42406524,165.80,27.51,-0.13,340.31,1,-102.00,-12.00,5.00,2.00,36.00,13.00,12897051,338
465.22,1566881718,8234.08,51.45214894,7.42393241,164.95,27.18,-0.33,340.78,1,-97.00,-9.00,10.00,2.00,38.00,13.00,12897051,338
466.21,1566881719,8261.06,51.45237115,7.42381055,164.14,26.89,-0.29,341.17,1,-97.00,-9.00,10.00,2.00,38.00,13.00,12897051,338
467.22,1566881720,8288.01,51.45259060,7.42369291,163.02,26.78,-0.11,341.97,1,-97.00,-9.00,10.00,2.00,38.00,13.00,12897051,338
468.21,1566881721,8314.71,51.45281805,7.42358138,162.21,26.89,0.11,342.24,1,-94.00,-9.00,13.00,2.00,39.00,13.00,12897051,338
469.21,1566881722,8341.65,51.45305068,7.42346840,161.54,27.18,0.29,342.46,1,-94.00,-9.00,13.00,2.00,39.00,13.00,12897051,338
470.22,1566881723,8368.92,51.45328396,7.42335635,160.97,27.55,0.37,342.95,1,-85.00,-6.00,16.00,13.00,46.00,19.00,12897051,338
471.21,1566881724,8396.38,51.45352833,7.42324655,160.51,28.06,0.51,343.52,1,-85.00,-6.00,16.00,13.00,46.00,19.00,12897051,338
472.21,1566881725,8424.41,51.45377025,7.42314288,159.67,28.28,0.22,343.48,1,-92.00,-10.00,10.00,14.00,44.00,19.00,12897051,338
473.22,1566881726,8452.78,51.45402173,7.42303416,158.93,28.91,0.62,343.70,1,-92.00,-10.00,10.00,14.00,44.00,19.00,12897051,338
474.21,1566881727,8481.60,51.45427930,7.42292164,158.43,29.33,0.42,343.28,1,-82.00,-6.00,7.00,6.00,50.00,10.00,13806106,70
475.21,1566881728,8510.96,51.45453724,7.42280835,157.93,29.48,0.16,343.29,1,-82.00,-6.00,7.00,6.00,50.00,10.00,13806106,70
476.22,1566881729,8540.53,51.45479170,7.42269231,157.45,29.63,0.15,343.29,1,-86.00,-8.00,20.00,10.00,48.00,10.00,13806106,70
477.21,1566881730,8570.08,51.45504811,7.42257328,156.96,29.89,0.26,343.25,1,-86.00,-8.00,20.00,10.00,48.00,10.00,13806106,70
478.21,1566881731,8599.93,51.45530750,7.42245199,156.50,30.09,0.20,342.62,1,-89.00,-9.00,9.00,10.00,46.00,17.00,12897051,70
479.21,1566881732,8630.02,51.45555940,7.42232076,156.09,30.13,0.04,341.98,1,-89.00,-9.00,9.00,10.00,46.00,17.00,12897051,70
480.22,1566881733,8660.30,51.45581756,7.42218609,155.60,30.20,0.07,341.10,1,-86.00,-7.00,12.00,14.00,47.00,17.00,12897051,338
481.21,1566881734,8690.35,51.45607482,7.42204002,155.10,30.27,0.07,340.40,1,-86.00,-7.00,12.00,14.00,47.00,17.00,12897051,338
482.22,1566881735,8720.71,51.45633489,7.42189303,154.65,30.40,0.13,339.77,1,-88.00,-7.00,2.00,12.00,45.00,17.00,12897051,338
483.22,1566881736,8751.17,51.45659438,7.42173974,154.34,30.41,0.00,339.13,1,-88.00,-7.00,2.00,12.00,45.00,17.00,12897051,338
484.21,1566881737,8781.46,51.45685782,7.42158459,154.18,30.25,-0.16,338.65,1,-88.00,-9.00,11.00,11.00,46.00,17.00,12897051,338
485.21,1566881738,8811.70,51.45712067,7.42141655,154.32,30.17,-0.08,337.51,1,-88.00,-9.00,11.00,11.00,46.00,17.00,12897051,338
486.22,1566881739,8842.02,51.45737873,7.42124065,154.59,30.12,-0.04,336.27,1,-87.00,-8.00,8.00,13.00,46.00,17.00,12897051,338
487.22,1566881740,8872.05,51.45763344,7.42106437,154.95,30.13,0.01,335.36,1,-87.00,-8.00,8.00,13.00,46.00,17.00,12897051,338
488.22,1566881741,8902.24,51.45788039,7.42087775,155.24,30.00,-0.13,334.25,1,-87.00,-8.00,8.00,13.00,46.00,17.00,12897051,338
489.21,1566881742,8932.13,51.45812252,7.42069577,155.29,29.76,-0.24,333.42,1,-92.00,-9.00,10.00,8.00,42.00,17.00,12897051,338
490.22,1566881743,8962.00,51.45836252,7.42050518,155.25,29.79,0.03,332.89,1,-92.00,-9.00,10.00,8.00,42.00,17.00,12897051,338
491.22,1566881744,8991.71,51.45859866,7.42031550,155.02,29.81,0.02,332.22,1,-89.00,-9.00,10.00,10.00,44.00,17.00,12897051,338
492.21,1566881745,9021.49,51.45883205,7.42010253,154.58,29.93,0.12,331.19,1,-89.00,-9.00,10.00,10.00,44.00,17.00,12897051,338
493.22,1566881746,9051.51,51.45906064,7.41989044,154.29,29.88,-0.05,331.01,1,-92.00,-11.00,1.00,9.00,45.00,17.00,12897051,338
494.21,1566881747,9081.30,51.45929414,7.41966783,154.36,30.13,0.25,329.46,1,-92.00,-11.00,1.00,9.00,45.00,17.00,12897051,338
495.22,1566881748,9111.52,51.45953334,7.41944082,154.66,30.01,-0.12,328.88,1,-88.00,-9.00,8.00,8.00,47.00,17.00,12897051,338
496.21,1566881749,9141.41,51.45976383,7.41921191,155.11,29.77,-0.24,327.79,1,-88.00,-9.00,8.00,8.00,47.00,17.00,12897051,338
497.21,1566881750,9171.18,51.45999062,7.41898537,155.47,29.76,-0.01,327.00,1,-82.00,-9.00,12.00,11.00,53.00,17.00,12897051,338
498.21,1566881751,9200.97,51.46021160,7.41874738,155.56,29.84,0.08,325.96,1,-82.00,-9.00,12.00,11.00,53.00,17.00,12897051,338
499.21,1566881752,9230.78,51.46042839,7.41850627,155.23,30.08,0.24,325.26,1,-80.00,-7.00,14.00,15.00,53.00,17.00,12897051,338
500.22,1566881753,9260.98,51.46064540,7.41825286,154.91,30.34,0.26,324.19,1,-80.00,-7.00,14.00,15.00,53.00,17.00,12897051,338
501.21,1566881754,9291.21,51.46086288,7.41799535,154.47,30.60,0.26,323.79,1,-89.00,-8.00,0.00,2.00,47.00,17.00,12897051,338
502.21,1566881755,9321.81,51.46108320,7.41773440,154.01,30.89,0.29,324.01,1,-89.00,-8.00,0.00,2.00,47.00,17.00,12897051,338
503.21,1566881756,9352.73,51.46130821,7.41746814,153.64,31.20,0.31,324.31,1,-93.00,-15.00,0.00,6.00,45.00,22.00,12897051,338
504.22,1566881757,9383.96,51.46153320,7.41719788,153.45,31.48,0.28,323.09,1,-93.00,-15.00,0.00,6.00,45.00,22.00,12897051,338
505.22,1566881758,9415.48,51.46175529,7.41691914,153.18,31.58,0.10,321.14,1,-84.00,-6.00,27.00,12.00,46.00,7.00,13806105,69
506.21,1566881759,9446.97,51.46196954,7.41662351,152.76,31.79,0.20,318.83,1,-84.00,-6.00,27.00,12.00,46.00,7.00,13806105,69
507.23,1566881760,9479.14,51.46218234,7.41631858,152.83,32.05,0.26,317.71,1,-85.00,-7.00,22.00,9.00,46.00,7.00,13806105,69
508.21,1566881761,9510.80,51.46239625,7.41601300,152.99,32.34,0.29,316.72,1,-85.00,-7.00,22.00,9.00,46.00,7.00,13806105,69
509.22,1566881762,9543.24,51.46260728,7.41569136,152.90,32.33,-0.01,316.20,1,-85.00,-7.00,22.00,9.00,46.00,7.00,13806105,69
510.21,1566881763,9575.47,51.46282253,7.41537188,153.15,32.56,0.23,315.40,1,-79.00,-7.00,22.00,7.00,51.00,7.00,13806105,69
511.21,1566881764,9608.02,51.46303080,7.41503432,153.19,32.69,0.13,314.26,1,-79.00,-7.00,22.00,7.00,51.00,7.00,13806105,69
512.22,1566881765,9640.88,51.46324086,7.41469223,153.37,32.80,0.11,313.67,1,-86.00,-7.00,22.00,8.00,47.00,7.00,13806105,69
513.22,1566881766,9673.55,51.46344377,7.41434153,153.53,32.98,0.18,312.80,1,-86.00,-7.00,22.00,8.00,47.00,7.00,13806105,69
514.22,1566881767,9706.70,51.46364800,7.41398823,153.87,33.03,0.04,312.35,1,-90.00,-8.00,2.00,2.00,48.00,7.00,13806105,69
515.22,1566881768,9739.63,51.46384807,7.41362522,154.28,33.17,0.14,311.48,1,-90.00,-8.00,2.00,2.00,48.00,7.00,13806105,69
516.22,1566881769,9772.80,51.46404123,7.41325700,154.59,33.36,0.19,310.46,1,-89.00,-9.00,17.00,2.00,44.00,7.00,13806105,69
517.21,1566881770,9806.06,51.46423275,7.41289071,154.83,33.42,0.06,309.92,1,-89.00,-9.00,17.00,2.00,44.00,7.00,13806105,69
518.21,1566881771,9839.48,51.46441835,7.41252852,155.06,32.67,-0.75,309.06,1,-90.00,-9.00,-1.00,2.00,43.00,7.00,13806105,69
519.22,1566881772,9872.24,51.46460269,7.41217399,155.27,32.15,-0.52,308.67,1,-90.00,-9.00,-1.00,2.00,43.00,7.00,13806105,69
520.21,1566881773,9904.29,51.46478485,7.41182732,155.33,31.52,-0.63,308.40,1,-92.00,-10.00,-2.00,2.00,42.00,7.00,13806105,69
521.22,1566881774,9935.85,51.46496467,7.41147565,155.46,31.31,-0.21,308.22,1,-92.00,-10.00,-2.00,2.00,42.00,7.00,13806105,69
522.21,1566881775,9967.13,51.46513652,7.41111688,155.48,31.21,-0.10,307.07,1,-96.00,-11.00,1.00,2.00,39.00,7.00,13806105,69
523.22,1566881776,9998.37,51.46531248,7.41075446,155.78,31.24,0.03,306.82,1,-96.00,-11.00,1.00,2.00,39.00,7.00,13806105,69
524.22,1566881777,10029.74,51.46548096,7.41040036,156.11,31.16,-0.08,306.76,1,-101.00,-12.00,-5.00,2.00,35.00,7.00,13806105,69
525.22,1566881778,10060.78,51.46564705,7.41004573,156.42,31.18,0.01,306.82,1,-101.00,-12.00,-5.00,2.00,35.00,7.00,13806105,69
526.22,1566881779,10092.05,51.46581280,7.40969108,156.62,31.37,0.19,307.42,1,-96.00,-7.00,7.00,2.00,36.00,7.00,13823003,149
527.22,1566881780,10123.32,51.46597785,7.40933960,156.69,31.14,-0.23,307.80,1,-96.00,-7.00,7.00,2.00,36.00,7.00,13823003,149
528.22,1566881781,10154.62,51.46614790,7.40899133,156.76,31.18,0.04,308.19,1,-98.00,-8.00,7.00,2.00,35.00,7.00,13823003,149
529.22,1566881782,10185.71,51.46632060,7.40863515,156.27,31.25,0.07,308.54,1,-98.00,-8.00,7.00,2.00,35.00,7.00,13823003,149
530.22,1566881783,10216.90,51.46649353,7.40827950,155.67,31.52,0.27,308.67,1,-98.00,-8.00,7.00,2.00,35.00,7.00,13823003,149
531.22,1566881784,10248.45,51.46666972,7.40791794,155.23,31.62,0.10,308.69,1,-98.00,-9.00,-8.00,2.00,37.00,7.00,13884443,206
532.22,1566881785,10280.07,51.46684485,7.40756488,154.89,31.82,0.20,309.03,1,-98.00,-9.00,-8.00,2.00,37.00,7.00,13884443,206
533.21,1566881786,10311.83,51.46702305,7.40720834,154.60,32.03,0.21,309.18,1,-95.00,-9.00,3.00,2.00,41.00,7.00,12962329,459
534.22,1566881787,10343.95,51.46720581,7.40685871,154.35,32.15,0.11,309.67,1,-95.00,-9.00,3.00,2.00,41.00,7.00,12962329,459
535.21,1566881788,10376.01,51.46738896,7.40649372,154.36,32.40,0.25,310.09,1,-94.00,-10.00,3.00,2.00,41.00,7.00,12962329,459
536.22,1566881789,10408.53,51.46757168,7.40613486,154.66,32.50,0.10,310.14,1,-94.00,-10.00,3.00,2.00,41.00,7.00,12962329,459
537.22,1566881790,10440.94,51.46776319,7.40577587,154.57,32.58,0.08,310.96,1,-95.00,-10.00,8.00,2.00,40.00,7.00,12962329,459
538.22,1566881791,10473.51,51.46795206,7.40542069,154.77,32.07,-0.51,311.03,1,-95.00,-10.00,8.00,2.00,40.00,7.00,12962329,459
539.21,1566881792,10505.56,51.46813915,7.40507095,155.37,31.47,-0.61,311.34,1,-97.00,-11.00,-3.00,2.00,38.00,7.00,12962329,459
540.21,1566881793,10537.02,51.46832890,7.40473269,155.71,30.89,-0.57,312.52,1,-97.00,-11.00,-3.00,2.00,38.00,7.00,12962329,459
541.22,1566881794,10568.01,51.46851894,7.40442131,156.03,30.37,-0.52,314.40,1,-100.00,-12.00,0.00,2.00,37.00,7.00,12962329,459
542.22,1566881795,10598.32,51.46871084,7.40410565,156.37,30.06,-0.31,314.16,1,-100.00,-12.00,0.00,2.00,37.00,7.00,12962329,459
543.22,1566881796,10628.44,51.46890219,7.40379082,156.96,29.85,-0.21,313.56,1,-96.00,-7.00,1.00,2.00,35.00,7.00,14301723,146
544.21,1566881797,10658.20,51.46909398,7.40347623,157.71,29.93,0.08,313.63,1,-96.00,-7.00,1.00,2.00,35.00,7.00,14301723,146
545.21,1566881798,10688.13,51.46927449,7.40317918,158.51,29.74,-0.18,314.01,1,-93.00,-7.00,4.00,2.00,37.00,51.00,14301723,146
546.21,1566881799,10717.88,51.46945153,7.40288594,158.99,29.67,-0.08,313.59,1,-93.00,-7.00,4.00,2.00,37.00,51.00,14301723,146
547.22,1566881800,10747.57,51.46963731,7.40257416,159.14,29.92,0.26,314.53,1,-91.00,-8.00,4.00,8.00,41.00,51.00,14301723,146
548.21,1566881801,10777.47,51.46982524,7.40226114,159.05,30.04,0.11,314.54,1,-91.00,-8.00,4.00,8.00,41.00,51.00,14301723,146
549.22,1566881802,10807.72,51.47001542,7.40194571,158.63,30.15,0.11,315.17,1,-93.00,-6.00,11.00,10.00,36.00,51.00,14301723,146
550.21,1566881803,10837.65,51.47021142,7.40162638,158.25,30.31,0.17,315.54,1,-93.00,-6.00,11.00,10.00,36.00,51.00,14301723,146
551.22,1566881804,10868.00,51.47040431,7.40131441,157.73,30.49,0.17,316.26,1,-93.00,-6.00,11.00,10.00,36.00,51.00,14301723,146
552.22,1566881805,10898.48,51.47059361,7.40101307,157.60,29.84,-0.65,316.46,1,-90.00,-5.00,12.00,11.00,38.00,51.00,14301723,146
553.22,1566881806,10928.32,51.47078595,7.40072070,157.20,29.28,-0.56,316.57,1,-90.00,-5.00,12.00,11.00,38.00,51.00,14301723,146
554.22,1566881807,10957.63,51.47097630,7.40043656,156.81,29.18,-0.10,316.74,1,-89.00,-5.00,19.00,11.00,39.00,51.00,14301723,146
555.21,1566881808,10986.76,51.47116307,7.40016331,156.32,28.17,-1.01,317.30,1,-89.00,-5.00,19.00,11.00,39.00,51.00,14301723,146
556.21,1566881809,11014.93,51.47134886,7.39989119,155.86,27.99,-0.19,317.52,1,-89.00,-6.00,19.00,12.00,40.00,51.00,14301723,146
557.21,1566881810,11042.92,51.47153589,7.39962698,155.28,27.85,-0.14,318.00,1,-89.00,-6.00,19.00,12.00,40.00,51.00,14301723,146
558.22,1566881811,11070.87,51.47171705,7.39937071,154.92,27.07,-0.78,318.52,1,-87.00,-5.00,9.00,11.00,41.00,51.00,14301723,146
559.21,1566881812,11097.83,51.47189618,7.39911696,154.60,26.52,-0.55,318.33,1,-87.00,-5.00,9.00,11.00,41.00,51.00,14301723,146
560.21,1566881813,11124.35,51.47207467,7.39886445,154.47,26.42,-0.10,318.83,1,-88.00,-6.00,10.00,10.00,41.00,51.00,14301723,146
561.21,1566881814,11150.77,51.47225508,7.39862059,154.48,26.04,-0.38,319.23,1,-88.00,-6.00,10.00,10.00,41.00,51.00,14301723,146
562.22,1566881815,11176.86,51.47243468,7.39837633,154.50,25.82,-0.22,318.98,1,-90.00,-6.00,10.00,14.00,39.00,51.00,14301723,146
563.22,1566881816,11202.68,51.47261265,7.39814126,154.76,25.19,-0.63,320.23,1,-90.00,-6.00,10.00,14.00,39.00,51.00,14301723,146
564.21,1566881817,11227.82,51.47279131,7.39790108,155.13,25.33,0.14,320.44,1,-92.00,-7.00,16.00,15.00,39.00,51.00,14301723,146
565.21,1566881818,11253.15,51.47296764,7.39766210,155.79,25.43,0.10,320.39,1,-92.00,-7.00,16.00,15.00,39.00,51.00,14301723,146
566.22,1566881819,11278.66,51.47314448,7.39742200,156.62,25.17,-0.26,320.53,1,-90.00,-4.00,10.00,2.00,40.00,51.00,14301723,146
567.21,1566881820,11303.75,51.47331926,7.39718622,157.48,25.02,-0.14,320.22,1,-90.00,-4.00,10.00,2.00,40.00,51.00,14301723,146
568.22,1566881821,11328.80,51.47349366,7.39695440,158.14,24.57,-0.45,321.09,1,-93.00,-6.00,17.00,2.00,36.00,51.00,14301723,146
569.21,1566881822,11353.35,51.47366652,7.39673141,159.06,24.46,-0.11,321.47,1,-93.00,-6.00,17.00,2.00,36.00,51.00,14301723,146
570.22,1566881823,11377.93,51.47384087,7.39651244,160.04,24.44,-0.02,322.68,1,-93.00,-6.00,13.00,2.00,36.00,51.00,14301723,146
571.21,1566881824,11402.25,51.47401503,7.39629618,160.77,24.61,0.17,322.39,1,-93.00,-6.00,13.00,2.00,36.00,51.00,14301723,146
572.21,1566881825,11426.86,51.47418933,7.39608173,161.47,24.78,0.17,322.97,1,-93.00,-6.00,13.00,2.00,36.00,51.00,14301723,146
573.21,1566881826,11451.64,51.47436784,7.39586160,161.98,24.99,0.21,323.17,1,-95.00,-6.00,7.00,2.00,33.00,51.00,14301723,146
574.21,1566881827,11476.63,51.47454864,7.39564899,162.44,25.19,0.20,324.24,1,-95.00,-6.00,7.00,2.00,33.00,51.00,14301723,146
575.22,1566881828,11501.92,51.47473399,7.39543890,162.90,25.43,0.24,325.43,1,-102.00,-7.00,-6.00,2.00,28.00,51.00,14301723,146
576.22,1566881829,11527.28,51.47492218,7.39522634,163.46,25.79,0.36,325.44,1,-102.00,-7.00,-6.00,2.00,28.00,51.00,14301723,146
577.22,1566881830,11553.07,51.47511517,7.39502393,163.99,25.56,-0.23,327.36,1,-106.00,-9.00,-10.00,2.00,27.00,51.00,14301723,146
578.22,1566881831,11578.70,51.47531050,7.39483736,164.64,25.04,-0.51,329.69,1,-106.00,-9.00,-10.00,2.00,27.00,51.00,14301723,146
579.22,1566881832,11603.70,51.47550092,7.39465822,165.44,24.55,-0.50,329.50,1,-108.00,-11.00,3.00,2.00,29.00,51.00,12962329,459
580.22,1566881833,11628.24,51.47568980,7.39448633,165.99,24.22,-0.33,329.14,1,-108.00,-11.00,3.00,2.00,29.00,51.00,12962329,459
581.21,1566881834,11652.42,51.47587382,7.39431434,166.63,23.61,-0.61,329.65,1,-105.00,-11.00,1.00,2.00,32.00,51.00,12962329,459
582.21,1566881835,11676.02,51.47606089,7.39414604,167.43,23.45,-0.16,331.23,1,-105.00,-11.00,1.00,2.00,32.00,51.00,12962329,459
583.22,1566881836,11699.49,51.47624861,7.39397715,168.10,23.49,0.04,332.17,1,-99.00,-7.00,10.00,2.00,34.00,51.00,13884187,57
584.21,1566881837,11722.96,51.47643787,7.39382277,168.75,23.39,-0.10,333.19,1,-99.00,-7.00,10.00,2.00,34.00,51.00,13884187,57
585.22,1566881838,11746.42,51.47663191,7.39367729,169.38,23.42,0.03,334.94,1,-101.00,-8.00,-2.00,2.00,32.00,51.00,13884187,57
586.22,1566881839,11769.79,51.47682494,7.39354067,170.09,23.08,-0.34,336.07,1,-101.00,-8.00,-2.00,2.00,32.00,51.00,13884187,57
587.22,1566881840,11792.86,51.47701489,7.39341235,170.90,22.59,-0.48,337.13,1,-106.00,-10.00,-10.00,2.00,29.00,51.00,13884187,57
588.22,1566881841,11815.48,51.47720308,7.39329546,171.63,22.03,-0.56,338.72,1,-106.00,-10.00,-10.00,2.00,29.00,51.00,13884187,57
589.22,1566881842,11837.52,51.47738372,7.39319047,172.18,21.31,-0.72,340.97,1,-104.00,-9.00,7.00,2.00,31.00,51.00,12962329,459
590.22,1566881843,11858.87,51.47756611,7.39311638,172.55,20.62,-0.69,347.16,1,-104.00,-9.00,7.00,2.00,31.00,51.00,12962329,459
591.22,1566881844,11879.55,51.47775773,7.39304930,173.06,21.20,0.58,346.41,1,-101.00,-9.00,5.00,2.00,34.00,51.00,12962329,459
592.22,1566881845,11900.62,51.47794299,7.39304738,173.25,19.48,-1.73,0.38,1,-101.00,-9.00,5.00,2.00,34.00,51.00,12962329,459
593.21,1566881846,11920.08,51.47811851,7.39307082,173.84,19.46,-0.01,5.50,1,-101.00,-9.00,5.00,2.00,34.00,51.00,12962329,459
594.22,1566881847,11939.60,51.47829042,7.39312332,175.10,19.21,-0.26,12.02,1,-98.00,-10.00,10.00,2.00,39.00,51.00,12962329,459
595.21,1566881848,11958.75,51.47845699,7.39318921,176.25,19.08,-0.12,13.79,1,-98.00,-10.00,10.00,2.00,39.00,51.00,12962329,459
596.21,1566881849,11977.83,51.47861533,7.39326924,176.60,18.38,-0.70,17.32,1,-96.00,-10.00,7.00,2.00,38.00,51.00,12962329,459
597.22,1566881850,11996.23,51.47874343,7.39341105,176.81,17.24,-1.14,34.51,1,-96.00,-10.00,7.00,2.00,38.00,51.00,12962329,459
598.21,1566881851,12013.45,51.47886348,7.39354629,176.83,16.48,-0.76,35.00,1,-96.00,-9.00,-1.00,2.00,36.00,51.00,12962329,459
599.22,1566881852,12029.95,51.47897968,7.39367732,176.75,15.40,-1.08,34.05,1,-96.00,-9.00,-1.00,2.00,36.00,51.00,12962329,459
600.22,1566881853,12045.42,51.47910582,7.39375951,176.80,14.60,-0.79,19.94,1,-103.00,-10.00,-5.00,2.00,31.00,51.00,12962329,459
601.22,1566881854,12059.95,51.47922970,7.39382597,176.66,14.60,-0.00,16.69,1,-103.00,-10.00,-5.00,2.00,31.00,51.00,12962329,459
602.21,1566881855,12074.53,51.47935520,7.39383953,176.29,13.78,-0.82,355.62,1,-101.00,-7.00,10.00,2.00,32.00,51.00,13884187,57
603.22,1566881856,12088.32,51.47947440,7.39382752,176.16,13.54,-0.24,351.82,1,-101.00,-7.00,10.00,2.00,32.00,51.00,13884187,57
604.21,1566881857,12101.83,51.47956955,7.39375824,176.13,13.25,-0.28,335.68,1,-100.00,-7.00,15.00,2.00,33.00,51.00,13884187,57
605.21,1566881858,12115.10,51.47966091,7.39368718,175.88,13.16,-0.10,335.13,1,-100.00,-7.00,15.00,2.00,33.00,51.00,13884187,57
606.21,1566881859,12128.26,51.47975089,7.39360851,175.52,13.28,0.13,334.54,1,-95.00,-6.00,16.00,14.00,37.00,10.00,13884187,57
607.22,1566881860,12141.55,51.47984708,7.39352546,175.63,12.75,-0.53,334.92,1,-95.00,-6.00,16.00,14.00,37.00,10.00,13884187,57
608.21,1566881861,12154.29,51.47994159,7.39345563,175.86,11.74,-1.02,338.16,1,-85.00,-5.00,18.00,15.00,46.00,10.00,13884187,57
609.21,1566881862,12166.03,51.48004031,7.39343638,176.47,10.74,-0.99,355.97,1,-85.00,-5.00,18.00,15.00,46.00,10.00,13884187,57
610.22,1566881863,12176.78,51.48014070,7.39344933,177.82,10.20,-0.54,10.18,1,-90.00,-6.00,22.00,15.00,41.00,10.00,13884187,57
611.22,1566881864,12186.98,51.48023572,7.39351649,179.01,9.94,-0.26,28.47,1,-90.00,-6.00,22.00,15.00,41.00,10.00,13884187,57
612.22,1566881865,12196.96,51.48031814,7.39361856,180.56,10.16,0.22,46.73,1,-101.00,-7.00,15.00,10.00,33.00,10.00,13884187,57
613.22,1566881866,12207.10,51.48037530,7.39374325,181.87,11.18,1.02,59.80,1,-101.00,-7.00,15.00,10.00,33.00,10.00,13884187,57
614.22,1566881867,12218.25,51.48042687,7.39387865,182.63,12.31,1.14,60.22,1,-101.00,-7.00,15.00,10.00,33.00,10.00,13884187,57
615.22,1566881868,12230.57,51.48047842,7.39402797,183.11,13.17,0.86,59.89,1,-96.00,-6.00,16.00,13.00,35.00,10.00,13884187,57
616.21,1566881869,12243.73,51.48053739,7.39419796,183.61,14.19,1.02,60.77,1,-96.00,-6.00,16.00,13.00,35.00,10.00,13884187,57
617.21,1566881870,12257.92,51.48059811,7.39437029,183.72,14.80,0.60,59.77,1,-82.00,-5.00,22.00,15.00,48.00,10.00,13884187,57
618.22,1566881871,12272.73,51.48066154,7.39455132,183.52,15.04,0.25,59.91,1,-82.00,-5.00,22.00,15.00,48.00,10.00,13884187,57
619.22,1566881872,12287.79,51.48072697,7.39472967,183.72,15.16,0.11,59.67,1,-80.00,-6.00,25.00,15.00,54.00,10.00,13884187,57
620.21,1566881873,12302.92,51.48079325,7.39491327,183.55,15.35,0.20,60.59,1,-80.00,-6.00,25.00,15.00,54.00,10.00,13884187,57
621.21,1566881874,12318.27,51.48086176,7.39509975,183.69,15.55,0.20,60.09,1,-86.00,-6.00,24.00,15.00,46.00,10.00,13884187,57
622.22,1566881875,12333.88,51.48093306,7.39529688,183.83,15.57,0.02,60.94,1,-86.00,-6.00,24.00,15.00,46.00,10.00,13884187,57
623.21,1566881876,12349.38,51.48100558,7.39549879,184.56,15.78,0.22,60.60,1,-86.00,-6.00,10.00,2.00,47.00,8.00,13884187,57
624.21,1566881877,12365.16,51.48108260,7.39569778,185.13,16.14,0.36,59.49,1,-86.00,-6.00,10.00,2.00,47.00,8.00,13884187,57
625.22,1566881878,12381.34,51.48116183,7.39590077,185.96,15.58,-0.56,59.06,1,-88.00,-6.00,19.00,15.00,46.00,8.00,13884187,57
626.22,1566881879,12396.90,51.48123596,7.39609265,186.69,15.26,-0.33,59.94,1,-88.00,-6.00,19.00,15.00,46.00,8.00,13884187,57
627.21,1566881880,12412.14,51.48130428,7.39627764,186.80,15.10,-0.15,59.58,1,-90.00,-7.00,14.00,10.00,43.00,8.00,13884187,57
628.21,1566881881,12427.24,51.48136889,7.39645668,186.54,14.80,-0.30,60.31,1,-90.00,-7.00,14.00,10.00,43.00,8.00,13884187,57
629.22,1566881882,12442.08,51.48143080,7.39662808,186.24,14.61,-0.20,59.94,1,-94.00,-7.00,4.00,8.00,38.00,8.00,13884187,57
630.22,1566881883,12456.70,51.48149322,7.39680029,185.85,14.53,-0.08,59.09,1,-94.00,-7.00,4.00,8.00,38.00,8.00,13884187,57
631.22,1566881884,12471.20,51.48155927,7.39697019,185.77,14.50,-0.03,58.45,1,-100.00,-9.00,-2.00,9.00,34.00,8.00,13884187,57
632.22,1566881885,12485.73,51.48163074,7.39715203,185.94,14.25,-0.25,57.55,1,-100.00,-9.00,-2.00,9.00,34.00,8.00,13884187,57
633.22,1566881886,12500.04,51.48170405,7.39732367,186.31,13.91,-0.34,56.48,1,-100.00,-10.00,3.00,2.00,39.00,8.00,13884187,57
634.21,1566881887,12513.84,51.48177435,7.39748805,186.55,13.47,-0.45,55.60,1,-100.00,-10.00,3.00,2.00,39.00,8.00,13884187,57
635.22,1566881888,12527.35,51.48184984,7.39765136,186.71,13.21,-0.26,54.59,1,-100.00,-10.00,3.00,2.00,39.00,8.00,13884187,57
636.21,1566881889,12540.53,51.48192712,7.39780870,186.68,12.78,-0.43,53.54,1,-99.00,-8.00,5.00,2.00,35.00,8.00,13884187,57
637.21,1566881890,12553.31,51.48200121,7.39795746,186.52,12.43,-0.35,52.55,1,-99.00,-8.00,5.00,2.00,35.00,8.00,13884187,57
638.21,1566881891,12565.74,51.48207678,7.39809908,186.26,12.05,-0.38,51.42,1,-97.00,-8.00,-3.00,2.00,37.00,8.00,13884187,57
639.21,1566881892,12577.78,51.48214960,7.39823062,185.94,11.71,-0.34,50.12,1,-97.00,-8.00,-3.00,2.00,37.00,8.00,13884187,57
640.21,1566881893,12589.49,51.48222100,7.39835215,185.90,11.31,-0.40,48.66,1,-98.00,-9.00,8.00,2.00,36.00,8.00,13884187,57
641.21,1566881894,12600.81,51.48229368,7.39846492,185.62,10.98,-0.34,46.39,1,-98.00,-9.00,8.00,2.00,36.00,8.00,13884187,57
642.21,1566881895,12611.79,51.48236352,7.39856567,185.70,10.14,-0.84,44.31,1,-95.00,-10.00,5.00,2.00,36.00,8.00,13884187,57
643.21,1566881896,12621.92,51.48243308,7.39865949,185.92,9.64,-0.50,42.63,1,-95.00,-10.00,5.00,2.00,36.00,8.00,13884187,57
644.22,1566881897,12631.62,51.48250306,7.39874829,185.95,9.49,-0.15,40.93,1,-102.00,-11.00,2.00,8.00,34.00,7.00,13884187,57
645.21,1566881898,12641.05,51.48257551,7.39883277,185.90,9.44,-0.05,39.35,1,-102.00,-11.00,2.00,8.00,34.00,7.00,13884187,57
646.21,1566881899,12650.49,51.48265330,7.39891606,186.26,9.36,-0.08,38.20,1,-100.00,-11.00,1.00,9.00,36.00,7.00,13884187,57
647.22,1566881900,12659.86,51.48272582,7.39899033,186.70,9.04,-0.31,37.05,1,-100.00,-11.00,1.00,9.00,36.00,7.00,13884187,57
648.21,1566881901,12668.89,51.48279535,7.39906521,186.90,8.86,-0.18,36.37,1,-97.00,-11.00,2.00,10.00,38.00,7.00,13884187,57
649.22,1566881902,12677.79,51.48287068,7.39914514,187.06,9.80,0.94,35.71,1,-97.00,-11.00,2.00,10.00,38.00,7.00,13884187,57
650.21,1566881903,12687.55,51.48294839,7.39922960,186.93,10.13,0.32,34.77,1,-97.00,-12.00,1.00,10.00,39.00,7.00,13884187,57
651.22,1566881904,12697.70,51.48303649,7.39932214,186.61,11.80,1.67,34.10,1,-97.00,-12.00,1.00,10.00,39.00,7.00,13884187,57
652.22,1566881905,12709.50,51.48313339,7.39942241,186.69,12.97,1.16,34.28,1,-95.00,-10.00,5.00,11.00,40.00,6.00,13884186,57
653.21,1566881906,12722.45,51.48323671,7.39953117,186.58,13.89,0.93,34.29,1,-95.00,-10.00,5.00,11.00,40.00,6.00,13884186,57
654.23,1566881907,12736.49,51.48333637,7.39963877,186.46,14.68,0.78,34.37,1,-91.00,-6.00,23.00,13.00,39.00,6.00,13884186,59
655.21,1566881908,12751.01,51.48343957,7.39975090,186.41,15.11,0.43,34.71,1,-91.00,-6.00,23.00,13.00,39.00,6.00,13884186,59
656.22,1566881909,12766.16,51.48354601,7.39986707,186.12,15.16,0.05,34.96,1,-91.00,-6.00,23.00,13.00,39.00,6.00,13884186,59
657.21,1566881910,12781.28,51.48365473,7.39998871,185.82,15.33,0.17,34.77,1,-100.00,-9.00,5.00,7.00,34.00,6.00,13884186,59
658.21,1566881911,12796.61,51.48376054,7.40011733,185.56,15.62,0.29,35.47,1,-100.00,-9.00,5.00,7.00,34.00,6.00,13884186,59
659.22,1566881912,12812.28,51.48387147,7.40025168,185.26,16.05,0.43,35.91,1,-96.00,-6.00,9.00,7.00,35.00,6.00,13884186,59
660.22,1566881913,12828.29,51.48398950,7.40038765,185.13,16.40,0.36,36.45,1,-96.00,-6.00,9.00,7.00,35.00,6.00,13884186,59
661.22,1566881914,12844.71,51.48410028,7.40052233,184.92,16.04,-0.36,37.05,1,-96.00,-7.00,10.00,10.00,36.00,6.00,13884186,59
662.21,1566881915,12860.72,51.48420973,7.40065729,184.59,15.82,-0.22,38.04,1,-96.00,-7.00,10.00,10.00,36.00,6.00,13884186,59
663.22,1566881916,12876.59,51.48431684,7.40079966,184.37,15.70,-0.12,39.03,1,-98.00,-7.00,21.00,7.00,34.00,6.00,13884186,59
664.21,1566881917,12892.24,51.48443072,7.40095500,184.13,15.42,-0.28,40.29,1,-98.00,-7.00,21.00,7.00,34.00,6.00,13884186,59
665.21,1566881918,12907.66,51.48454160,7.40110968,184.02,15.26,-0.16,41.13,1,-100.00,-10.00,18.00,10.00,34.00,6.00,13884186,59
666.21,1566881919,12922.92,51.48465181,7.40127126,183.86,15.11,-0.15,42.05,1,-100.00,-10.00,18.00,10.00,34.00,6.00,13884186,59
667.21,1566881920,12938.03,51.48475574,7.40142652,183.68,14.89,-0.23,42.94,1,-91.00,-4.00,7.00,2.00,40.00,6.00,13884186,59
668.22,1566881921,12952.98,51.48485402,7.40158225,183.48,14.98,0.09,43.50,1,-91.00,-4.00,7.00,2.00,40.00,6.00,13884186,59
669.21,1566881922,12967.89,51.48495135,7.40173670,183.02,15.17,0.20,44.23,1,-97.00,-8.00,5.00,2.00,36.00,6.00,13884186,59
670.21,1566881923,12983.07,51.48504740,7.40189864,182.60,15.33,0.16,44.74,1,-97.00,-8.00,5.00,2.00,36.00,6.00,13884186,59
671.21,1566881924,12998.39,51.48514180,7.40205969,182.02,15.74,0.41,45.52,1,-97.00,-8.00,6.00,2.00,35.00,6.00,13884186,59
672.21,1566881925,13014.15,51.48523592,7.40222951,181.72,15.62,-0.13,46.38,1,-97.00,-8.00,6.00,2.00,35.00,6.00,13884186,59
673.21,1566881926,13029.76,51.48533145,7.40239983,181.40,15.43,-0.19,47.20,1,-97.00,-7.00,5.00,2.00,35.00,6.00,13884186,59
674.22,1566881927,13045.21,51.48542732,7.40257653,181.10,15.34,-0.09,48.06,1,-97.00,-7.00,5.00,2.00,35.00,6.00,13884186,59
675.23,1566881928,13060.72,51.48552122,7.40275074,180.89,15.39,0.05,48.93,1,-97.00,-7.00,5.00,2.00,35.00,6.00,13884186,59
676.21,1566881929,13075.92,51.48560581,7.40291978,180.90,15.44,0.05,49.90,1,-97.00,-7.00,5.00,2.00,35.00,6.00,13884186,59
677.21,1566881930,13091.36,51.48568560,7.40308356,181.11,15.75,0.31,50.88,1,-97.00,-7.00,5.00,2.00,35.00,6.00,13884186,59
678.21,1566881931,13107.11,51.48576608,7.40325834,181.34,16.23,0.48,51.66,1,-97.00,-7.00,14.00,2.00,36.00,6.00,13884186,59
679.21,1566881932,13123.34,51.48585261,7.40344411,181.44,16.54,0.31,52.49,1,-97.00,-7.00,14.00,2.00,36.00,6.00,13884186,59
680.21,1566881933,13139.86,51.48593419,7.40362267,181.58,16.58,0.04,53.10,1,-95.00,-7.00,1.00,2.00,37.00,6.00,13884186,59
681.21,1566881934,13156.46,51.48602009,7.40380874,181.64,16.49,-0.09,53.85,1,-95.00,-7.00,1.00,2.00,37.00,6.00,13884186,59
682.21,1566881935,13172.95,51.48610585,7.40400311,181.67,16.41,-0.08,54.52,1,-90.00,-6.00,12.00,2.00,42.00,6.00,13884186,59
683.21,1566881936,13189.36,51.48619331,7.40420360,181.77,16.37,-0.04,55.17,1,-90.00,-6.00,12.00,2.00,42.00,6.00,13884186,59
684.22,1566881937,13205.78,51.48627346,7.40439758,182.11,16.33,-0.04,56.12,1,-89.00,-6.00,-1.00,2.00,43.00,6.00,13884186,59
685.21,1566881938,13222.05,51.48635449,7.40460250,182.77,15.85,-0.48,57.37,1,-89.00,-6.00,-1.00,2.00,43.00,6.00,13884186,59
686.22,1566881939,13237.92,51.48642990,7.40480487,182.84,16.09,0.24,58.15,1,-93.00,-8.00,6.00,2.00,41.00,6.00,13821978,171
687.22,1566881940,13254.09,51.48649799,7.40499793,183.35,15.97,-0.12,58.75,1,-93.00,-8.00,6.00,2.00,41.00,6.00,13821978,171
688.22,1566881941,13269.99,51.48656924,7.40519293,184.27,15.96,-0.01,58.88,1,-93.00,-8.00,8.00,2.00,41.00,6.00,13821978,171
689.22,1566881942,13285.95,51.48663994,7.40539045,184.72,15.92,-0.04,59.46,1,-93.00,-8.00,8.00,2.00,41.00,6.00,13821978,171
690.22,1566881943,13301.87,51.48671040,7.40560779,184.64,15.92,-0.00,60.39,1,-91.00,-8.00,18.00,2.00,43.00,6.00,13821978,171
691.22,1566881944,13317.83,51.48677258,7.40582028,183.89,16.00,0.09,61.88,1,-91.00,-8.00,18.00,2.00,43.00,6.00,13821978,171
692.21,1566881945,13333.77,51.48683030,7.40604459,182.54,16.14,0.13,63.02,1,-89.00,-8.00,7.00,2.00,45.00,6.00,13821978,171
693.21,1566881946,13349.91,51.48688870,7.40627730,181.13,16.17,0.03,64.62,1,-89.00,-8.00,7.00,2.00,45.00,6.00,13821978,171
694.22,1566881947,13366.14,51.48693698,7.40648864,179.87,16.17,0.00,66.21,1,-78.00,-7.00,12.00,2.00,55.00,6.00,13828122,277
695.21,1566881948,13382.25,51.48699220,7.40672178,178.78,16.71,0.54,67.28,1,-78.00,-7.00,12.00,2.00,55.00,6.00,13828122,277
696.22,1566881949,13399.05,51.48703437,7.40693364,177.47,16.51,-0.20,68.58,1,-76.00,-6.00,13.00,14.00,56.00,4.00,13828122,277
697.21,1566881950,13415.48,51.48708203,7.40715450,176.49,16.33,-0.18,69.51,1,-76.00,-6.00,13.00,14.00,56.00,4.00,13828122,277
698.21,1566881951,13431.81,51.48712708,7.40737723,175.93,16.27,-0.06,70.02,1,-76.00,-6.00,13.00,14.00,56.00,4.00,13828122,277
699.21,1566881952,13448.08,51.48717376,7.40761164,175.47,16.13,-0.14,71.40,1,-74.00,-5.00,21.00,15.00,56.00,4.00,13828122,277
700.22,1566881953,13464.23,51.48721941,7.40784287,175.12,16.17,0.04,72.23,1,-74.00,-5.00,21.00,15.00,56.00,4.00,13828122,277
701.21,1566881954,13480.38,51.48726132,7.40807424,174.23,16.26,0.08,72.84,1,-71.00,-5.00,24.00,15.00,60.00,4.00,13828122,277
702.21,1566881955,13496.62,51.48730616,7.40832088,173.24,16.26,0.00,73.32,1,-71.00,-5.00,24.00,15.00,60.00,4.00,13828122,277
703.22,1566881956,13512.94,51.48733043,7.40851256,172.13,16.12,-0.14,74.28,1,-77.00,-5.00,21.00,12.00,53.00,4.00,13828122,277
704.21,1566881957,13529.01,51.48735303,7.40873263,170.99,16.08,-0.03,75.93,1,-77.00,-5.00,21.00,12.00,53.00,4.00,13828122,277
705.21,1566881958,13545.10,51.48737603,7.40895865,169.61,16.30,0.22,76.91,1,-78.00,-5.00,14.00,15.00,51.00,4.00,13828122,277
706.22,1566881959,13561.45,51.48739483,7.40919135,168.14,15.78,-0.52,78.66,1,-78.00,-5.00,14.00,15.00,51.00,4.00,13828122,277
707.21,1566881960,13577.18,51.48741778,7.40942155,167.11,16.66,0.88,79.18,1,-77.00,-5.00,25.00,13.00,54.00,4.00,13828122,277
708.22,1566881961,13593.85,51.48744328,7.40965601,166.07,16.47,-0.19,79.56,1,-77.00,-5.00,25.00,13.00,54.00,4.00,13828122,277
709.21,1566881962,13610.31,51.48746474,7.40988652,165.49,15.93,-0.54,79.89,1,-84.00,-6.00,14.00,8.00,48.00,4.00,13828122,277
710.22,1566881963,13626.28,51.48748277,7.41008891,164.95,14.34,-1.59,80.45,1,-84.00,-6.00,14.00,8.00,48.00,4.00,13828122,277
711.21,1566881964,13640.59,51.48749776,7.41027963,164.36,12.81,-1.53,81.53,1,-89.00,-6.00,11.00,13.00,43.00,4.00,13828122,277
712.21,1566881965,13653.40,51.48750716,7.41044680,163.91,10.81,-2.01,82.97,1,-89.00,-6.00,11.00,13.00,43.00,4.00,13828122,277
713.21,1566881966,13664.21,51.48751343,7.41060110,163.57,9.48,-1.32,84.12,1,-88.00,-8.00,-2.00,8.00,44.00,4.00,13828122,277
714.21,1566881967,13673.69,51.48751863,7.41073668,163.38,7.95,-1.53,84.87,1,-88.00,-8.00,-2.00,8.00,44.00,4.00,13828122,277
715.21,1566881968,13681.65,51.48754307,7.41084375,163.07,7.25,-0.70,66.04,1,-90.00,-7.00,5.00,2.00,42.00,4.00,13828122,277
716.22,1566881969,13688.91,51.48758486,7.41090255,163.15,7.22,-0.03,41.83,1,-90.00,-7.00,5.00,2.00,42.00,4.00,13828122,277
717.23,1566881970,13696.21,51.48763480,7.41094694,163.37,6.56,-0.66,25.89,1,-91.00,-7.00,5.00,2.00,42.00,4.00,13828122,277
718.22,1566881971,13702.70,51.48769991,7.41096778,163.77,7.38,0.83,5.39,1,-91.00,-7.00,5.00,2.00,42.00,4.00,13828122,277
719.22,1566881972,13710.08,51.48776558,7.41095866,164.21,7.74,0.36,352.48,1,-91.00,-7.00,5.00,2.00,42.00,4.00,13828122,277
720.22,1566881973,13717.84,51.48783605,7.41094397,164.93,8.69,0.95,351.48,1,-90.00,-8.00,2.00,2.00,41.00,4.00,13828122,277
721.22,1566881974,13726.52,51.48791525,7.41092278,165.35,9.36,0.67,350.83,1,-90.00,-8.00,2.00,2.00,41.00,4.00,13828122,277
722.22,1566881975,13735.86,51.48800165,7.41089892,165.61,10.39,1.04,350.87,1,-90.00,-8.00,3.00,2.00,42.00,4.00,13828122,277
723.21,1566881976,13746.25,51.48809653,7.41087309,165.84,11.52,1.13,350.59,1,-90.00,-8.00,3.00,2.00,42.00,4.00,13828122,277
724.22,1566881977,13757.80,51.48820258,7.41084740,166.04,12.37,0.85,351.36,1,-91.00,-8.00,2.00,10.00,42.00,6.00,13828122,277
725.22,1566881978,13770.18,51.48830970,7.41081916,166.50,12.41,0.04,351.01,1,-91.00,-8.00,2.00,10.00,42.00,6.00,13828122,277
726.21,1566881979,13782.55,51.48841870,7.41079346,166.70,12.48,0.07,350.38,1,-84.00,-6.00,22.00,12.00,47.00,7.00,13821978,171
727.21,1566881980,13795.04,51.48852605,7.41076624,167.12,12.02,-0.46,349.95,1,-84.00,-6.00,22.00,12.00,47.00,7.00,13821978,171
728.21,1566881981,13807.06,51.48864086,7.41073201,167.84,12.45,0.43,349.34,1,-73.00,-6.00,19.00,15.00,58.00,7.00,13821978,171
729.22,1566881982,13819.56,51.48875119,7.41069848,168.18,12.58,0.13,348.50,1,-73.00,-6.00,19.00,15.00,58.00,7.00,13821978,171
730.21,1566881983,13832.09,51.48884995,7.41066764,167.81,12.68,0.10,348.39,1,-79.00,-5.00,11.00,12.00,51.00,7.00,13821978,171
731.21,1566881984,13844.77,51.48895032,7.41062866,167.36,12.36,-0.32,348.00,1,-79.00,-5.00,11.00,12.00,51.00,7.00,13821978,171
732.21,1566881985,13857.14,51.48905720,7.41059383,167.10,12.45,0.08,347.59,1,-73.00,-6.00,13.00,15.00,55.00,7.00,13821978,171
733.21,1566881986,13869.58,51.48916128,7.41055132,166.54,12.64,0.19,346.72,1,-73.00,-6.00,13.00,15.00,55.00,7.00,13821978,171
734.21,1566881987,13882.22,51.48926954,7.41050948,166.01,12.77,0.13,346.97,1,-66.00,-4.00,26.00,15.00,61.00,7.00,13821978,171
735.21,1566881988,13894.98,51.48938948,7.41046056,166.23,13.11,0.34,347.31,1,-66.00,-4.00,26.00,15.00,61.00,7.00,13821978,171
736.21,1566881989,13908.09,51.48951469,7.41041457,167.08,13.08,-0.03,348.01,1,-72.00,-6.00,25.00,15.00,58.00,7.00,13821978,171
737.21,1566881990,13921.16,51.48963273,7.41037352,167.99,12.90,-0.18,347.28,1,-72.00,-6.00,25.00,15.00,58.00,7.00,13821978,171
738.21,1566881991,13934.07,51.48974985,7.41033398,168.93,12.47,-0.43,347.86,1,-73.00,-6.00,28.00,15.00,57.00,7.00,13821978,171
739.21,1566881992,13946.52,51.48984832,7.41030162,169.73,9.89,-2.58,347.06,1,-73.00,-6.00,28.00,15.00,57.00,7.00,13821978,171
740.22,1566881993,13956.50,51.48992485,7.41027212,170.37,7.74,-2.13,346.66,1,-77.00,-5.00,22.00,15.00,53.00,7.00,13821978,171
741.21,1566881994,13964.18,51.48996566,7.41026793,170.80,4.50,-3.26,359.63,1,-77.00,-5.00,22.00,15.00,53.00,7.00,13821978,171
742.21,1566881995,13968.68,51.49001168,7.41030144,171.12,4.51,0.01,26.60,1,-77.00,-5.00,22.00,15.00,53.00,7.00,13821978,171
743.22,1566881996,13973.20,51.49004781,7.41036314,170.36,5.28,0.77,53.79,1,-75.00,-5.00,20.00,11.00,54.00,7.00,13821978,171
744.21,1566881997,13978.47,51.49005254,7.41043767,169.17,6.88,1.60,74.99,1,-75.00,-5.00,20.00,11.00,54.00,7.00,13821978,171
745.22,1566881998,13985.37,51.49007003,7.41053609,168.30,8.35,1.46,74.07,1,-79.00,-6.00,21.00,11.00,51.00,7.00,13821978,171
746.21,1566881999,13993.69,51.49009079,7.41066621,167.05,9.87,1.53,73.69,1,-79.00,-6.00,21.00,11.00,51.00,7.00,13821978,171
747.22,1566882000,14003.59,51.49011293,7.41080215,165.94,10.68,0.81,75.24,1,-83.00,-10.00,12.00,12.00,53.00,7.00,13821978,171
748.21,1566882001,14014.25,51.49013415,7.41094771,164.90,10.93,0.24,76.00,1,-83.00,-10.00,12.00,12.00,53.00,7.00,13821978,171
749.21,1566882002,14025.17,51.49015572,7.41110807,164.10,11.20,0.27,76.83,1,-80.00,-8.00,19.00,15.00,53.00,7.00,13821978,171
