47.77,1566881300,682.50,51.44471489,7.49123689,272.88,7.82,0.00,127.34,0,-110.00,-13.00,0.00,0.00,27.00,0.00,0,321
48.77,1566881301,690.32,51.44467884,7.49131386,273.32,5.91,0.00,127.95,0,-110.00,-13.00,0.00,0.00,27.00,0.00,0,321
53.77,1566881306,701.20,51.44463239,7.49141743,273.46,0.00,0.00,130.02,0,-138.00,-23.00,0.00,0.00,15.00,0.00,0,103
54.77,1566881307,701.20,51.44463239,7.49141743,273.46,0.00,0.00,130.02,0,-138.00,-23.00,0.00,0.00,15.00,0.00,0,103
74.77,1566881327,715.23,51.44450708,7.49166390,272.96,4.76,0.00,149.54,0,-110.00,-15.00,0.00,0.00,31.00,0.00,0,325
75.77,1566881328,720.00,51.44447456,7.49167861,273.07,4.97,0.00,165.78,0,-110.00,-15.00,0.00,0.00,31.00,0.00,0,325
78.77,1566881331,737.31,51.44433797,7.49158391,273.18,8.40,0.00,211.38,0,-104.00,-13.00,0.00,0.00,35.00,0.00,0,325
79.77,1566881332,745.72,51.44426756,7.49151592,273.39,9.52,0.00,213.22,0,-104.00,-13.00,0.00,0.00,35.00,0.00,0,325
99.77,1566881352,1034.83,51.44215227,7.48904184,276.48,14.48,0.00,217.60,0,-87.00,-10.00,0.00,0.00,50.00,0.00,0,325
100.77,1566881353,1049.31,51.44205218,7.48890981,277.17,14.28,0.00,218.71,0,-87.00,-10.00,0.00,0.00,50.00,0.00,0,325
103.78,1566881356,1092.72,51.44177488,7.48848738,278.05,14.59,0.00,225.43,0,-79.00,-11.00,0.00,0.00,57.00,0.00,0,325
104.77,1566881357,1107.15,51.44169351,7.48833701,277.90,14.02,0.00,226.95,0,-79.00,-11.00,0.00,0.00,57.00,0.00,0,325
105.77,1566881358,1121.21,51.44161100,7.48817845,277.53,14.78,0.00,228.39,0,-79.00,-11.00,0.00,0.00,57.00,0.00,0,325
116.77,1566881369,1280.94,51.44073461,7.48630155,278.58,13.64,0.00,232.97,0,-123.00,-13.00,0.00,0.00,18.00,0.00,0,52
117.77,1566881370,1294.64,51.44066254,7.48614977,279.00,13.13,0.00,233.53,0,-123.00,-13.00,0.00,0.00,18.00,0.00,0,52
118.77,1566881371,1307.72,51.44059386,7.48599174,279.56,13.46,0.00,233.97,0,-124.00,-13.00,0.00,0.00,18.00,0.00,0,52
119.77,1566881372,1321.23,51.44051894,7.48582366,280.40,14.03,0.00,233.55,0,-124.00,-13.00,0.00,0.00,18.00,0.00,0,52
120.77,1566881373,1335.20,51.44044674,7.48565875,281.12,14.11,0.00,233.02,0,-125.00,-14.00,0.00,0.00,18.00,0.00,0,52
121.84,1566881375,1350.27,51.44037609,7.48549480,281.68,13.84,0.00,233.58,0,-125.00,-14.00,0.00,0.00,18.00,0.00,0,52
122.77,1566881375,1363.15,51.44030439,7.48533277,281.93,13.99,0.00,233.04,0,-82.00,-7.00,0.00,0.00,52.00,0.00,0,326
123.77,1566881376,1377.16,51.44022961,7.48517381,282.54,13.41,0.00,232.56,0,-82.00,-7.00,0.00,0.00,52.00,0.00,0,326
143.77,1566881396,1653.66,51.43880329,7.48176061,283.19,13.35,0.00,240.06,0,-125.00,-13.00,0.00,0.00,17.00,0.00,0,163
144.77,1566881397,1667.03,51.43873949,7.48157908,282.81,13.79,0.00,240.47,0,-125.00,-13.00,0.00,0.00,17.00,0.00,0,163
145.77,1566881398,1680.80,51.43867914,7.48140328,282.42,13.71,0.00,240.86,0,-125.00,-13.00,0.00,0.00,17.00,0.00,0,163
146.77,1566881399,1694.50,51.43862006,7.48123517,281.96,13.30,0.00,241.57,0,-125.00,-13.00,0.00,0.00,17.00,0.00,0,163
147.78,1566881400,1707.89,51.43855516,7.48104435,282.33,13.17,0.00,240.08,0,-126.00,-14.00,0.00,0.00,17.00,0.00,0,163
148.77,1566881401,1720.96,51.43849793,7.48086882,282.81,13.92,0.00,240.71,0,-126.00,-14.00,0.00,0.00,17.00,0.00,0,163
149.77,1566881402,1734.95,51.43843685,7.48069526,283.14,13.80,0.00,239.85,0,-126.00,-14.00,0.00,0.00,17.00,0.00,0,163
154.77,1566881407,1801.43,51.43812903,7.47983101,282.90,13.16,0.00,239.94,0,-110.00,-10.00,0.00,0.00,26.00,0.00,0,163
155.77,1566881408,1814.59,51.43806938,7.47967020,282.02,13.11,0.00,239.59,0,-110.00,-10.00,0.00,0.00,26.00,0.00,0,163
159.22,1566881412,1860.45,51.43787511,7.47913967,279.29,13.54,0.00,238.28,0,-113.00,-17.00,0.00,0.00,29.00,0.00,0,326
159.22,1566881412,1860.45,51.43787511,7.47913967,279.29,13.54,0.00,238.28,0,-112.00,-6.00,0.00,0.00,24.00,0.00,0,163
160.22,1566881413,1873.91,51.43781387,7.47896023,278.50,12.01,0.00,240.05,0,-113.00,-17.00,0.00,0.00,29.00,0.00,0,326
160.22,1566881413,1873.92,51.43781387,7.47896023,278.50,12.01,0.00,240.05,0,-112.00,-6.00,0.00,0.00,24.00,0.00,0,163
161.22,1566881414,1885.92,51.43775752,7.47879987,278.03,11.95,0.00,239.41,0,-112.00,-13.00,0.00,0.00,27.00,0.00,0,326
161.22,1566881414,1885.94,51.43775752,7.47879987,278.03,11.95,0.00,239.41,0,-114.00,-14.00,0.00,0.00,25.00,0.00,0,70
161.22,1566881414,1885.94,51.43775752,7.47879987,278.03,11.95,0.00,239.41,0,-114.00,-9.00,0.00,0.00,24.00,0.00,0,163
162.22,1566881415,1897.87,51.43769806,7.47863153,277.35,11.85,0.00,240.86,0,-112.00,-13.00,0.00,0.00,27.00,0.00,0,326
162.22,1566881415,1897.87,51.43769806,7.47863153,277.35,11.85,0.00,240.86,0,-114.00,-14.00,0.00,0.00,25.00,0.00,0,70
162.22,1566881415,1897.87,51.43769806,7.47863153,277.35,11.85,0.00,240.86,0,-114.00,-9.00,0.00,0.00,24.00,0.00,0,163
163.22,1566881416,1909.72,51.43764457,7.47845603,276.48,12.04,0.00,242.87,0,-113.00,-13.00,0.00,0.00,26.00,0.00,0,70
163.22,1566881416,1909.73,51.43764457,7.47845603,276.48,12.04,0.00,242.87,0,-113.00,-13.00,0.00,0.00,26.00,0.00,0,326
163.22,1566881416,1909.73,51.43764457,7.47845603,276.48,12.04,0.00,242.87,0,-107.00,-14.00,0.00,0.00,35.00,0.00,0,457
163.22,1566881416,1909.73,51.43764457,7.47845603,276.48,12.04,0.00,242.87,0,-111.00,-17.00,0.00,0.00,35.00,0.00,0,341
164.22,1566881417,1921.82,51.43758461,7.47828005,275.73,12.88,0.00,241.11,0,-113.00,-13.00,0.00,0.00,26.00,0.00,0,70
164.22,1566881417,1921.83,51.43758461,7.47828005,275.73,12.88,0.00,241.11,0,-113.00,-13.00,0.00,0.00,26.00,0.00,0,326
164.22,1566881417,1921.83,51.43758461,7.47828005,275.73,12.88,0.00,241.11,0,-107.00,-14.00,0.00,0.00,35.00,0.00,0,457
164.22,1566881417,1921.85,51.43758461,7.47828005,275.73,12.88,0.00,241.11,0,-111.00,-17.00,0.00,0.00,35.00,0.00,0,341
165.22,1566881418,1934.62,51.43752269,7.47809888,275.41,13.46,0.00,240.68,0,-112.00,-13.00,0.00,0.00,26.00,0.00,0,326
165.22,1566881418,1934.64,51.43752269,7.47809888,275.41,13.46,0.00,240.68,0,-111.00,-17.00,0.00,0.00,34.00,0.00,0,457
165.22,1566881418,1934.64,51.43752269,7.47809888,275.41,13.46,0.00,240.68,0,-111.00,-17.00,0.00,0.00,34.00,0.00,0,341
166.22,1566881419,1948.15,51.43746615,7.47792209,275.08,13.47,0.00,241.53,0,-112.00,-13.00,0.00,0.00,26.00,0.00,0,326
166.22,1566881419,1948.17,51.43746615,7.47792209,275.08,13.47,0.00,241.53,0,-111.00,-17.00,0.00,0.00,34.00,0.00,0,457
166.22,1566881419,1948.18,51.43746615,7.47792209,275.08,13.47,0.00,241.53,0,-111.00,-17.00,0.00,0.00,34.00,0.00,0,341
167.22,1566881420,1961.57,51.43741079,7.47775822,275.09,12.66,0.00,240.91,0,-112.00,-10.00,0.00,0.00,24.00,0.00,0,70
167.22,1566881420,1961.57,51.43741079,7.47775822,275.09,12.66,0.00,240.91,0,-116.00,-14.00,0.00,0.00,24.00,0.00,0,326
167.22,1566881420,1961.58,51.43741079,7.47775822,275.09,12.66,0.00,240.91,0,-110.00,-16.00,0.00,0.00,34.00,0.00,0,71
167.22,1566881420,1961.58,51.43741079,7.47775822,275.09,12.66,0.00,240.91,0,-112.00,-18.00,0.00,0.00,34.00,0.00,0,457
168.22,1566881421,1974.29,51.43735656,7.47759454,274.69,12.52,0.00,241.69,0,-112.00,-10.00,0.00,0.00,24.00,0.00,0,70
168.22,1566881421,1974.30,51.43735656,7.47759454,274.69,12.52,0.00,241.69,0,-116.00,-14.00,0.00,0.00,24.00,0.00,0,326
168.22,1566881421,1974.31,51.43735656,7.47759454,274.69,12.52,0.00,241.69,0,-110.00,-16.00,0.00,0.00,34.00,0.00,0,71
168.22,1566881421,1974.31,51.43735656,7.47759454,274.69,12.52,0.00,241.69,0,-112.00,-18.00,0.00,0.00,34.00,0.00,0,457
169.22,1566881422,1986.82,51.43730337,7.47742139,274.22,12.43,0.00,243.03,0,-113.00,-12.00,0.00,0.00,24.00,0.00,0,70
169.22,1566881422,1986.82,51.43730337,7.47742139,274.22,12.43,0.00,243.03,0,-115.00,-13.00,0.00,0.00,24.00,0.00,0,326
169.22,1566881422,1986.82,51.43730337,7.47742139,274.22,12.43,0.00,243.03,0,-110.00,-17.00,0.00,0.00,34.00,0.00,0,457
169.22,1566881422,1986.84,51.43730337,7.47742139,274.22,12.43,0.00,243.03,0,-112.00,-18.00,0.00,0.00,34.00,0.00,0,71
169.22,1566881422,1986.84,51.43730337,7.47742139,274.22,12.43,0.00,243.03,0,-119.00,-10.00,0.00,0.00,21.00,0.00,0,163
170.22,1566881423,1999.18,51.43725168,7.47724475,273.77,13.21,0.00,244.35,0,-113.00,-12.00,0.00,0.00,24.00,0.00,0,70
170.22,1566881423,1999.18,51.43725168,7.47724475,273.77,13.21,0.00,244.35,0,-115.00,-13.00,0.00,0.00,24.00,0.00,0,326
170.22,1566881423,1999.20,51.43725168,7.47724475,273.77,13.21,0.00,244.35,0,-110.00,-17.00,0.00,0.00,34.00,0.00,0,457
170.22,1566881423,1999.20,51.43725168,7.47724475,273.77,13.21,0.00,244.35,0,-112.00,-18.00,0.00,0.00,34.00,0.00,0,71
170.22,1566881423,1999.20,51.43725168,7.47724475,273.77,13.21,0.00,244.35,0,-119.00,-10.00,0.00,0.00,21.00,0.00,0,163
171.22,1566881424,2012.47,51.43720174,7.47707447,273.75,13.06,0.00,244.25,0,-113.00,-12.00,0.00,0.00,24.00,0.00,0,70
171.22,1566881424,2012.47,51.43720174,7.47707447,273.75,13.06,0.00,244.25,0,-115.00,-13.00,0.00,0.00,24.00,0.00,0,326
171.22,1566881424,2012.48,51.43720174,7.47707447,273.75,13.06,0.00,244.25,0,-110.00,-17.00,0.00,0.00,34.00,0.00,0,457
171.22,1566881424,2012.50,51.43720174,7.47707447,273.75,13.06,0.00,244.25,0,-112.00,-18.00,0.00,0.00,34.00,0.00,0,71
171.22,1566881424,2012.51,51.43720174,7.47707447,273.75,13.06,0.00,244.25,0,-119.00,-10.00,0.00,0.00,21.00,0.00,0,163
172.22,1566881425,2025.45,51.43715965,7.47691052,273.77,12.91,0.00,246.68,0,-106.00,-16.00,0.00,0.00,36.00,0.00,0,456
172.22,1566881425,2025.45,51.43715965,7.47691052,273.77,12.91,0.00,246.68,0,-108.00,-17.00,0.00,0.00,35.00,0.00,0,213
172.22,1566881425,2025.45,51.43715965,7.47691052,273.77,12.91,0.00,246.68,0,-108.00,-17.00,0.00,0.00,35.00,0.00,0,71
173.22,1566881426,2038.41,51.43712945,7.47674840,273.56,12.34,0.00,249.26,0,-106.00,-16.00,0.00,0.00,36.00,0.00,0,456
173.22,1566881426,2038.42,51.43712945,7.47674840,273.56,12.34,0.00,249.26,0,-108.00,-17.00,0.00,0.00,35.00,0.00,0,213
173.22,1566881426,2038.44,51.43712945,7.47674840,273.56,12.34,0.00,249.26,0,-108.00,-17.00,0.00,0.00,35.00,0.00,0,71
174.22,1566881427,2050.70,51.43713205,7.47658070,273.90,11.15,0.00,268.99,0,-108.00,-17.00,0.00,0.00,35.00,0.00,0,213
174.22,1566881427,2050.71,51.43713205,7.47658070,273.90,11.15,0.00,268.99,0,-110.00,-18.00,0.00,0.00,34.00,0.00,0,342
174.22,1566881427,2050.71,51.43713205,7.47658070,273.90,11.15,0.00,268.99,0,-110.00,-18.00,0.00,0.00,34.00,0.00,0,167
174.22,1566881427,2050.71,51.43713205,7.47658070,273.90,11.15,0.00,268.99,0,0.00,0.00,0.00,0.00,63.00,0.00,0,209
174.22,1566881427,2050.72,51.43713205,7.47658070,273.90,11.15,0.00,268.99,0,-225.00,-225.00,0.00,0.00,63.00,0.00,0,23
174.22,1566881427,2050.72,51.43713205,7.47658070,273.90,11.15,0.00,268.99,0,-225.00,-225.00,0.00,0.00,63.00,0.00,0,482
174.22,1566881427,2050.72,51.43713205,7.47658070,273.90,11.15,0.00,268.99,0,0.00,0.00,0.00,0.00,63.00,0.00,0,237
175.22,1566881428,2061.86,51.43715403,7.47642597,274.89,9.90,0.00,281.74,0,-108.00,-17.00,0.00,0.00,35.00,0.00,0,213
175.22,1566881428,2061.86,51.43715403,7.47642597,274.89,9.90,0.00,281.74,0,-110.00,-18.00,0.00,0.00,34.00,0.00,0,342
175.22,1566881428,2061.87,51.43715403,7.47642597,274.89,9.90,0.00,281.74,0,-110.00,-18.00,0.00,0.00,34.00,0.00,0,167
175.22,1566881428,2061.87,51.43715403,7.47642597,274.89,9.90,0.00,281.74,0,0.00,0.00,0.00,0.00,63.00,0.00,0,209
175.22,1566881428,2061.87,51.43715403,7.47642597,274.89,9.90,0.00,281.74,0,-225.00,-225.00,0.00,0.00,63.00,0.00,0,23
175.22,1566881428,2061.87,51.43715403,7.47642597,274.89,9.90,0.00,281.74,0,-225.00,-225.00,0.00,0.00,63.00,0.00,0,482
175.22,1566881428,2061.88,51.43715403,7.47642597,274.89,9.90,0.00,281.74,0,0.00,0.00,0.00,0.00,63.00,0.00,0,237
176.22,1566881429,2071.76,51.43719645,7.47630021,275.41,8.59,0.00,301.12,0,-109.00,-16.00,0.00,0.00,33.00,0.00,0,248
176.22,1566881429,2071.76,51.43719645,7.47630021,275.41,8.59,0.00,301.12,0,-109.00,-17.00,0.00,0.00,34.00,0.00,0,213
176.22,1566881429,2071.77,51.43719645,7.47630021,275.41,8.59,0.00,301.12,0,-111.00,-18.00,0.00,0.00,33.00,0.00,0,292
176.22,1566881429,2071.77,51.43719645,7.47630021,275.41,8.59,0.00,301.12,0,-225.00,-225.00,0.00,0.00,63.00,0.00,0,237
176.22,1566881429,2071.77,51.43719645,7.47630021,275.41,8.59,0.00,301.12,0,0.00,0.00,0.00,0.00,63.00,0.00,0,209
176.22,1566881429,2071.77,51.43719645,7.47630021,275.41,8.59,0.00,301.12,0,-225.00,-225.00,0.00,0.00,63.00,0.00,0,23
177.22,1566881430,2080.36,51.43726841,7.47621839,276.04,8.14,0.00,328.33,0,-109.00,-16.00,0.00,0.00,33.00,0.00,0,248
177.22,1566881430,2080.37,51.43726841,7.47621839,276.04,8.14,0.00,328.33,0,-109.00,-17.00,0.00,0.00,34.00,0.00,0,213
177.22,1566881430,2080.38,51.43726841,7.47621839,276.04,8.14,0.00,328.33,0,-111.00,-18.00,0.00,0.00,33.00,0.00,0,292
177.22,1566881430,2080.38,51.43726841,7.47621839,276.04,8.14,0.00,328.33,0,-225.00,-225.00,0.00,0.00,63.00,0.00,0,237
177.22,1566881430,2080.39,51.43726841,7.47621839,276.04,8.14,0.00,328.33,0,0.00,0.00,0.00,0.00,63.00,0.00,0,209
177.22,1566881430,2080.39,51.43726841,7.47621839,276.04,8.14,0.00,328.33,0,-225.00,-225.00,0.00,0.00,63.00,0.00,0,23
178.22,1566881431,2088.47,51.43735061,7.47618568,276.40,8.71,0.00,351.62,0,-108.00,-14.00,0.00,0.00,32.00,0.00,0,167
178.22,1566881431,2088.47,51.43735061,7.47618568,276.40,8.71,0.00,351.62,0,-108.00,-15.00,0.00,0.00,32.00,0.00,0,342
178.22,1566881431,2088.48,51.43735061,7.47618568,276.40,8.71,0.00,351.62,0,-110.00,-16.00,0.00,0.00,32.00,0.00,0,248
178.22,1566881431,2088.48,51.43735061,7.47618568,276.40,8.71,0.00,351.62,0,-225.00,-225.00,0.00,0.00,63.00,0.00,0,237
178.22,1566881431,2088.48,51.43735061,7.47618568,276.40,8.71,0.00,351.62,0,0.00,0.00,0.00,0.00,63.00,0.00,0,209
179.22,1566881432,2097.23,51.43742925,7.47620163,276.55,8.20,0.00,13.68,0,-108.00,-14.00,0.00,0.00,32.00,0.00,0,167
179.22,1566881432,2097.23,51.43742925,7.47620163,276.55,8.20,0.00,13.68,0,-108.00,-15.00,0.00,0.00,32.00,0.00,0,342
179.22,1566881432,2097.23,51.43742925,7.47620163,276.55,8.20,0.00,13.68,0,-110.00,-16.00,0.00,0.00,32.00,0.00,0,248
179.22,1566881432,2097.24,51.43742925,7.47620163,276.55,8.20,0.00,13.68,0,-225.00,-225.00,0.00,0.00,63.00,0.00,0,237
179.22,1566881432,2097.24,51.43742925,7.47620163,276.55,8.20,0.00,13.68,0,0.00,0.00,0.00,0.00,63.00,0.00,0,209
199.22,1566881452,2401.68,51.43912827,7.47979828,287.63,19.01,0.00,56.13,0,-125.00,-13.00,0.00,0.00,18.00,0.00,0,163
200.22,1566881453,2420.69,51.43922512,7.48002524,287.89,19.16,0.00,55.16,0,-125.00,-13.00,0.00,0.00,18.00,0.00,0,163
228.22,1566881481,2945.33,51.44267371,7.48485246,273.56,17.97,0.00,26.11,0,-78.00,-9.00,0.00,0.00,55.00,0.00,0,324
229.22,1566881482,2963.32,51.44283388,7.48496115,274.40,17.97,0.00,25.35,0,-78.00,-9.00,0.00,0.00,55.00,0.00,0,324
230.22,1566881483,2981.23,51.44297527,7.48505247,274.98,17.93,0.00,24.73,0,-77.00,-7.00,0.00,0.00,59.00,0.00,0,324
231.22,1566881484,2999.16,51.44312785,7.48514431,275.65,18.20,0.00,24.22,0,-77.00,-7.00,0.00,0.00,59.00,0.00,0,324
232.23,1566881485,3017.60,51.44328272,7.48523703,276.21,18.13,0.00,23.23,0,-84.00,-11.00,0.00,0.00,53.00,0.00,0,326
233.22,1566881486,3035.49,51.44344193,7.48534190,276.16,17.69,0.00,23.73,0,-84.00,-11.00,0.00,0.00,53.00,0.00,0,326
234.22,1566881487,3053.18,51.44359562,7.48544246,276.05,16.80,0.00,23.28,0,-84.00,-11.00,0.00,0.00,53.00,0.00,0,326
243.22,1566881496,3176.37,51.44456398,7.48614027,271.14,10.49,0.00,39.77,0,-124.00,-14.00,0.00,0.00,19.00,0.00,0,52
243.22,1566881496,3176.37,51.44456398,7.48614027,271.14,10.49,0.00,39.77,0,-130.00,-19.00,0.00,0.00,18.00,0.00,0,25
244.22,1566881497,3186.87,51.44463339,7.48625294,270.16,10.23,0.00,42.45,0,-124.00,-14.00,0.00,0.00,19.00,0.00,0,52
244.22,1566881497,3186.87,51.44463339,7.48625294,270.16,10.23,0.00,42.45,0,-130.00,-19.00,0.00,0.00,18.00,0.00,0,25
274.22,1566881527,3534.02,51.44368234,7.48466680,265.66,16.95,0.00,270.11,0,-93.00,-14.00,0.00,0.00,46.00,0.00,0,326
275.22,1566881528,3550.90,51.44367640,7.48438044,265.29,17.09,0.00,269.35,0,-93.00,-14.00,0.00,0.00,46.00,0.00,0,326
276.21,1566881529,3567.94,51.44367121,7.48410932,264.80,17.54,0.00,269.00,0,-93.00,-14.00,0.00,0.00,46.00,0.00,0,326
277.22,1566881530,3585.54,51.44366624,7.48384366,264.33,18.13,0.00,268.54,0,-90.00,-14.00,0.00,0.00,49.00,0.00,0,326
278.21,1566881531,3603.61,51.44365944,7.48357143,263.82,18.78,0.00,268.30,0,-90.00,-14.00,0.00,0.00,49.00,0.00,0,326
279.22,1566881532,3622.40,51.44365372,7.48331446,263.98,19.38,0.00,267.83,0,-88.00,-13.00,0.00,0.00,51.00,0.00,0,326
280.22,1566881533,3641.84,51.44364598,7.48304471,264.44,19.53,0.00,267.60,0,-88.00,-13.00,0.00,0.00,51.00,0.00,0,326
281.21,1566881534,3661.30,51.44363273,7.48274739,264.62,19.41,0.00,267.28,0,-86.00,-13.00,0.00,0.00,52.00,0.00,0,326
282.22,1566881535,3680.78,51.44361957,7.48246586,264.97,19.49,0.00,267.08,0,-86.00,-13.00,0.00,0.00,52.00,0.00,0,326
283.21,1566881536,3700.19,51.44360999,7.48219409,265.44,19.71,0.00,266.52,0,-86.00,-6.00,0.00,0.00,45.00,0.00,0,326
284.21,1566881537,3719.90,51.44360015,7.48190903,265.86,20.19,0.00,266.50,0,-86.00,-6.00,0.00,0.00,45.00,0.00,0,326
285.21,1566881538,3740.09,51.44359027,7.48161508,266.14,20.58,0.00,266.83,0,-96.00,-11.00,0.00,0.00,42.00,0.00,0,324
286.21,1566881539,3760.67,51.44357637,7.48131388,266.24,20.97,0.00,266.19,0,-96.00,-11.00,0.00,0.00,42.00,0.00,0,324
287.21,1566881540,3781.64,51.44356205,7.48100849,266.27,21.28,0.00,265.87,0,-99.00,-12.00,0.00,0.00,39.00,0.00,0,324
288.21,1566881541,3802.92,51.44354703,7.48069905,266.28,21.54,0.00,265.47,0,-99.00,-12.00,0.00,0.00,39.00,0.00,0,324
295.22,1566881548,3957.15,51.44341422,7.47848763,265.39,23.00,0.00,263.33,0,-125.00,-15.00,0.00,0.00,18.00,0.00,0,204
295.22,1566881548,3957.15,51.44341422,7.47848763,265.39,23.00,0.00,263.33,0,-125.00,-15.00,0.00,0.00,19.00,0.00,0,54
295.22,1566881548,3957.15,51.44341422,7.47848763,265.39,23.00,0.00,263.33,0,-126.00,-17.00,0.00,0.00,19.00,0.00,0,223
296.22,1566881549,3979.99,51.44338983,7.47815700,265.13,23.44,0.00,263.76,0,-125.00,-15.00,0.00,0.00,18.00,0.00,0,204
296.22,1566881549,3979.99,51.44338983,7.47815700,265.13,23.44,0.00,263.76,0,-125.00,-15.00,0.00,0.00,19.00,0.00,0,54
296.22,1566881549,3979.99,51.44338983,7.47815700,265.13,23.44,0.00,263.76,0,-126.00,-17.00,0.00,0.00,19.00,0.00,0,223
297.22,1566881550,4003.54,51.44336568,7.47781992,264.83,23.46,0.00,263.42,0,-125.00,-15.00,0.00,0.00,18.00,0.00,0,204
297.22,1566881550,4003.56,51.44336568,7.47781992,264.83,23.46,0.00,263.42,0,-125.00,-15.00,0.00,0.00,19.00,0.00,0,54
297.22,1566881550,4003.56,51.44336568,7.47781992,264.83,23.46,0.00,263.42,0,-126.00,-17.00,0.00,0.00,19.00,0.00,0,223
298.22,1566881551,4026.88,51.44334166,7.47748397,264.39,23.51,0.00,263.57,0,-123.00,-15.00,0.00,0.00,20.00,0.00,0,204
298.22,1566881551,4026.88,51.44334166,7.47748397,264.39,23.51,0.00,263.57,0,-124.00,-15.00,0.00,0.00,20.00,0.00,0,54
298.22,1566881551,4026.88,51.44334166,7.47748397,264.39,23.51,0.00,263.57,0,-127.00,-19.00,0.00,0.00,20.00,0.00,0,223
299.22,1566881552,4050.39,51.44331751,7.47714976,263.96,23.58,0.00,263.17,0,-123.00,-15.00,0.00,0.00,20.00,0.00,0,204
299.22,1566881552,4050.39,51.44331751,7.47714976,263.96,23.58,0.00,263.17,0,-124.00,-15.00,0.00,0.00,20.00,0.00,0,54
299.22,1566881552,4050.41,51.44331751,7.47714976,263.96,23.58,0.00,263.17,0,-127.00,-19.00,0.00,0.00,20.00,0.00,0,223
300.22,1566881553,4073.97,51.44328910,7.47681207,263.49,23.95,0.00,262.27,0,-123.00,-14.00,0.00,0.00,20.00,0.00,0,54
300.22,1566881553,4073.97,51.44328910,7.47681207,263.49,23.95,0.00,262.27,0,-124.00,-15.00,0.00,0.00,20.00,0.00,0,204
300.22,1566881553,4073.97,51.44328910,7.47681207,263.49,23.95,0.00,262.27,0,-126.00,-18.00,0.00,0.00,20.00,0.00,0,223
301.22,1566881554,4097.93,51.44325966,7.47647305,263.00,24.21,0.00,261.93,0,-123.00,-14.00,0.00,0.00,20.00,0.00,0,54
301.22,1566881554,4097.93,51.44325966,7.47647305,263.00,24.21,0.00,261.93,0,-124.00,-15.00,0.00,0.00,20.00,0.00,0,204
301.22,1566881554,4097.93,51.44325966,7.47647305,263.00,24.21,0.00,261.93,0,-126.00,-18.00,0.00,0.00,20.00,0.00,0,223
302.22,1566881555,4122.23,51.44322979,7.47612591,262.54,24.39,0.00,261.77,0,-121.00,-12.00,0.00,0.00,20.00,0.00,0,54
302.22,1566881555,4122.23,51.44322979,7.47612591,262.54,24.39,0.00,261.77,0,-124.00,-15.00,0.00,0.00,20.00,0.00,0,204
303.22,1566881556,4146.55,51.44319596,7.47576858,262.39,24.33,0.00,261.11,0,-121.00,-12.00,0.00,0.00,20.00,0.00,0,54
303.22,1566881556,4146.57,51.44319596,7.47576858,262.39,24.33,0.00,261.11,0,-124.00,-15.00,0.00,0.00,20.00,0.00,0,204
308.22,1566881561,4269.79,51.44301825,7.47403319,260.72,25.04,0.00,259.35,0,-99.00,-7.00,0.00,0.00,34.00,0.00,0,342
309.22,1566881562,4294.85,51.44298232,7.47368477,260.07,25.19,0.00,259.36,0,-99.00,-7.00,0.00,0.00,34.00,0.00,0,342
312.21,1566881565,4370.91,51.44285776,7.47261181,257.67,25.70,0.00,259.68,0,-109.00,-10.00,0.00,0.00,27.00,0.00,0,326
313.21,1566881566,4396.62,51.44281451,7.47224674,256.90,26.03,0.00,259.65,0,-109.00,-10.00,0.00,0.00,27.00,0.00,0,326
316.22,1566881569,4474.63,51.44267841,7.47115903,254.61,25.85,0.00,258.49,0,-109.00,-9.00,0.00,0.00,25.00,0.00,0,326
317.22,1566881570,4500.45,51.44263308,7.47080197,253.85,25.76,0.00,258.52,0,-109.00,-9.00,0.00,0.00,25.00,0.00,0,326
318.21,1566881571,4526.11,51.44258876,7.47045172,253.10,25.69,0.00,258.68,0,-109.00,-9.00,0.00,0.00,25.00,0.00,0,326
319.22,1566881572,4551.83,51.44254690,7.47010307,252.68,25.40,0.00,258.45,0,-109.00,-8.00,0.00,0.00,25.00,0.00,0,326
319.22,1566881572,4551.83,51.44254690,7.47010307,252.68,25.40,0.00,258.45,0,-115.00,-14.00,0.00,0.00,24.00,0.00,0,52
320.22,1566881573,4577.31,51.44250218,7.46974776,252.36,25.35,0.00,258.58,0,-109.00,-8.00,0.00,0.00,25.00,0.00,0,326
320.22,1566881573,4577.33,51.44250218,7.46974776,252.36,25.35,0.00,258.58,0,-115.00,-14.00,0.00,0.00,24.00,0.00,0,52
321.22,1566881574,4602.68,51.44245392,7.46938328,252.04,25.54,0.00,258.47,0,-109.00,-10.00,0.00,0.00,26.00,0.00,0,326
321.22,1566881574,4602.71,51.44245392,7.46938328,252.04,25.54,0.00,258.47,0,-113.00,-12.00,0.00,0.00,25.00,0.00,0,342
321.22,1566881574,4602.73,51.44245392,7.46938328,252.04,25.54,0.00,258.47,0,-116.00,-13.00,0.00,0.00,24.00,0.00,0,144
322.22,1566881575,4628.12,51.44240673,7.46902377,251.87,25.40,0.00,257.96,0,-109.00,-10.00,0.00,0.00,26.00,0.00,0,326
322.22,1566881575,4628.12,51.44240673,7.46902377,251.87,25.40,0.00,257.96,0,-113.00,-12.00,0.00,0.00,25.00,0.00,0,342
322.22,1566881575,4628.14,51.44240673,7.46902377,251.87,25.40,0.00,257.96,0,-116.00,-13.00,0.00,0.00,24.00,0.00,0,144
329.21,1566881582,4807.94,51.44207518,7.46650232,247.81,25.25,0.00,260.09,0,-107.00,-17.00,0.00,0.00,35.00,0.00,0,344
330.21,1566881583,4833.19,51.44203471,7.46615274,247.42,25.13,0.00,259.95,0,-107.00,-17.00,0.00,0.00,35.00,0.00,0,344
331.22,1566881584,4858.37,51.44200172,7.46579162,247.31,25.24,0.00,261.19,0,-105.00,-14.00,0.00,0.00,34.00,0.00,0,58
331.22,1566881584,4858.37,51.44200172,7.46579162,247.31,25.24,0.00,261.19,0,-105.00,-15.00,0.00,0.00,35.00,0.00,0,337
331.22,1566881584,4858.40,51.44200172,7.46579162,247.31,25.24,0.00,261.19,0,-110.00,-20.00,0.00,0.00,35.00,0.00,0,344
331.22,1566881584,4858.40,51.44200172,7.46579162,247.31,25.24,0.00,261.19,0,-107.00,-9.00,0.00,0.00,27.00,0.00,0,337
331.22,1566881584,4858.40,51.44200172,7.46579162,247.31,25.24,0.00,261.19,0,-109.00,-11.00,0.00,0.00,27.00,0.00,0,326
331.22,1566881584,4858.42,51.44200172,7.46579162,247.31,25.24,0.00,261.19,0,-114.00,-14.00,0.00,0.00,25.00,0.00,0,397
332.22,1566881585,4883.59,51.44196768,7.46543200,247.16,25.11,0.00,261.67,0,-105.00,-14.00,0.00,0.00,34.00,0.00,0,58
332.22,1566881585,4883.59,51.44196768,7.46543200,247.16,25.11,0.00,261.67,0,-105.00,-15.00,0.00,0.00,35.00,0.00,0,337
332.22,1566881585,4883.61,51.44196768,7.46543200,247.16,25.11,0.00,261.67,0,-110.00,-20.00,0.00,0.00,35.00,0.00,0,344
332.22,1566881585,4883.61,51.44196768,7.46543200,247.16,25.11,0.00,261.67,0,-107.00,-9.00,0.00,0.00,27.00,0.00,0,337
332.22,1566881585,4883.61,51.44196768,7.46543200,247.16,25.11,0.00,261.67,0,-109.00,-11.00,0.00,0.00,27.00,0.00,0,326
332.22,1566881585,4883.64,51.44196768,7.46543200,247.16,25.11,0.00,261.67,0,-114.00,-14.00,0.00,0.00,25.00,0.00,0,397
333.22,1566881586,4908.70,51.44193521,7.46507773,246.80,25.46,0.00,261.20,0,-109.00,-10.00,0.00,0.00,27.00,0.00,0,326
333.22,1566881586,4908.70,51.44193521,7.46507773,246.80,25.46,0.00,261.20,0,-113.00,-13.00,0.00,0.00,25.00,0.00,0,397
333.22,1566881586,4908.70,51.44193521,7.46507773,246.80,25.46,0.00,261.20,0,-112.00,-11.00,0.00,0.00,25.00,0.00,0,144
334.21,1566881587,4934.14,51.44190504,7.46471996,246.26,25.26,0.00,260.70,0,-109.00,-10.00,0.00,0.00,27.00,0.00,0,326
334.22,1566881587,4934.16,51.44190504,7.46471996,246.26,25.26,0.00,260.70,0,-113.00,-13.00,0.00,0.00,25.00,0.00,0,397
334.22,1566881587,4934.16,51.44190504,7.46471996,246.26,25.26,0.00,260.70,0,-112.00,-11.00,0.00,0.00,25.00,0.00,0,144
335.22,1566881588,4959.48,51.44187669,7.46437242,245.43,24.94,0.00,260.99,0,-110.00,-11.00,0.00,0.00,27.00,0.00,0,326
335.22,1566881588,4959.50,51.44187669,7.46437242,245.43,24.94,0.00,260.99,0,-112.00,-12.00,0.00,0.00,25.00,0.00,0,397
335.22,1566881588,4959.50,51.44187669,7.46437242,245.43,24.94,0.00,260.99,0,-113.00,-12.00,0.00,0.00,25.00,0.00,0,144
336.21,1566881589,4984.35,51.44185155,7.46401754,244.60,24.66,0.00,262.27,0,-110.00,-11.00,0.00,0.00,27.00,0.00,0,326
336.22,1566881589,4984.37,51.44185155,7.46401754,244.60,24.66,0.00,262.27,0,-112.00,-12.00,0.00,0.00,25.00,0.00,0,397
336.22,1566881589,4984.37,51.44185155,7.46401754,244.60,24.66,0.00,262.27,0,-113.00,-12.00,0.00,0.00,25.00,0.00,0,144
337.22,1566881590,5009.21,51.44182298,7.46366321,243.75,24.56,0.00,262.89,0,-111.00,-11.00,0.00,0.00,26.00,0.00,0,397
337.22,1566881590,5009.21,51.44182298,7.46366321,243.75,24.56,0.00,262.89,0,-113.00,-12.00,0.00,0.00,25.00,0.00,0,144
337.22,1566881590,5009.23,51.44182298,7.46366321,243.75,24.56,0.00,262.89,0,-113.00,-13.00,0.00,0.00,26.00,0.00,0,326
338.22,1566881591,5033.69,51.44179704,7.46332189,242.87,24.19,0.00,263.44,0,-111.00,-11.00,0.00,0.00,26.00,0.00,0,397
338.22,1566881591,5033.71,51.44179704,7.46332189,242.87,24.19,0.00,263.44,0,-113.00,-12.00,0.00,0.00,25.00,0.00,0,144
338.22,1566881591,5033.71,51.44179704,7.46332189,242.87,24.19,0.00,263.44,0,-113.00,-13.00,0.00,0.00,26.00,0.00,0,326
339.21,1566881592,5057.76,51.44176824,7.46297910,241.86,23.96,0.00,263.08,0,-111.00,-11.00,0.00,0.00,26.00,0.00,0,397
339.22,1566881592,5057.78,51.44176824,7.46297910,241.86,23.96,0.00,263.08,0,-113.00,-12.00,0.00,0.00,25.00,0.00,0,144
339.22,1566881592,5057.78,51.44176824,7.46297910,241.86,23.96,0.00,263.08,0,-113.00,-13.00,0.00,0.00,26.00,0.00,0,326
340.22,1566881593,5081.74,51.44174186,7.46264214,240.92,23.77,0.00,264.31,0,-111.00,-10.00,0.00,0.00,25.00,0.00,0,144
340.22,1566881593,5081.74,51.44174186,7.46264214,240.92,23.77,0.00,264.31,0,-112.00,-12.00,0.00,0.00,25.00,0.00,0,326
340.22,1566881593,5081.76,51.44174186,7.46264214,240.92,23.77,0.00,264.31,0,-113.00,-13.00,0.00,0.00,25.00,0.00,0,397
341.22,1566881594,5105.51,51.44172053,7.46229595,239.83,23.79,0.00,264.68,0,-111.00,-10.00,0.00,0.00,25.00,0.00,0,144
341.22,1566881594,5105.54,51.44172053,7.46229595,239.83,23.79,0.00,264.68,0,-112.00,-12.00,0.00,0.00,25.00,0.00,0,326
341.22,1566881594,5105.54,51.44172053,7.46229595,239.83,23.79,0.00,264.68,0,-113.00,-13.00,0.00,0.00,25.00,0.00,0,397
342.21,1566881595,5129.28,51.44169807,7.46195999,238.90,23.68,0.00,265.18,0,-110.00,-10.00,0.00,0.00,25.00,0.00,0,144
342.22,1566881595,5129.30,51.44169807,7.46195999,238.90,23.68,0.00,265.18,0,-110.00,-9.00,0.00,0.00,25.00,0.00,0,326
343.22,1566881596,5153.03,51.44167529,7.46162797,238.15,23.28,0.00,265.37,0,-110.00,-10.00,0.00,0.00,25.00,0.00,0,144
343.22,1566881596,5153.05,51.44167529,7.46162797,238.15,23.28,0.00,265.37,0,-110.00,-9.00,0.00,0.00,25.00,0.00,0,326
344.22,1566881597,5176.26,51.44165773,7.46130118,237.48,23.01,0.00,265.69,0,-107.00,-9.00,0.00,0.00,27.00,0.00,0,144
344.22,1566881597,5176.26,51.44165773,7.46130118,237.48,23.01,0.00,265.69,0,-110.00,-10.00,0.00,0.00,26.00,0.00,0,326
344.22,1566881597,5176.26,51.44165773,7.46130118,237.48,23.01,0.00,265.69,0,-112.00,-13.00,0.00,0.00,27.00,0.00,0,344
345.22,1566881598,5199.28,51.44164220,7.46097461,236.96,22.87,0.00,266.62,0,-107.00,-9.00,0.00,0.00,27.00,0.00,0,144
345.22,1566881598,5199.28,51.44164220,7.46097461,236.96,22.87,0.00,266.62,0,-110.00,-10.00,0.00,0.00,26.00,0.00,0,326
345.22,1566881598,5199.28,51.44164220,7.46097461,236.96,22.87,0.00,266.62,0,-112.00,-13.00,0.00,0.00,27.00,0.00,0,344
346.22,1566881599,5222.15,51.44162596,7.46064836,236.55,22.56,0.00,266.44,0,-107.00,-10.00,0.00,0.00,28.00,0.00,0,144
346.22,1566881599,5222.15,51.44162596,7.46064836,236.55,22.56,0.00,266.44,0,-110.00,-11.00,0.00,0.00,27.00,0.00,0,326
346.22,1566881599,5222.15,51.44162596,7.46064836,236.55,22.56,0.00,266.44,0,-112.00,-13.00,0.00,0.00,27.00,0.00,0,344
347.22,1566881600,5244.71,51.44160796,7.46032601,236.44,22.48,0.00,266.91,0,-107.00,-10.00,0.00,0.00,28.00,0.00,0,144
347.22,1566881600,5244.71,51.44160796,7.46032601,236.44,22.48,0.00,266.91,0,-110.00,-11.00,0.00,0.00,27.00,0.00,0,326
347.22,1566881600,5244.74,51.44160796,7.46032601,236.44,22.48,0.00,266.91,0,-112.00,-13.00,0.00,0.00,27.00,0.00,0,344
348.22,1566881601,5267.28,51.44158672,7.45999746,236.46,22.52,0.00,267.46,0,-106.00,-10.00,0.00,0.00,29.00,0.00,0,144
348.22,1566881601,5267.30,51.44158672,7.45999746,236.46,22.52,0.00,267.46,0,-111.00,-13.00,0.00,0.00,28.00,0.00,0,344
348.22,1566881601,5267.32,51.44158672,7.45999746,236.46,22.52,0.00,267.46,0,-109.00,-11.00,0.00,0.00,28.00,0.00,0,326
349.22,1566881602,5289.71,51.44156954,7.45967037,236.40,22.51,0.00,267.53,0,-106.00,-10.00,0.00,0.00,29.00,0.00,0,144
349.22,1566881602,5289.71,51.44156954,7.45967037,236.40,22.51,0.00,267.53,0,-111.00,-13.00,0.00,0.00,28.00,0.00,0,344
349.22,1566881602,5289.71,51.44156954,7.45967037,236.40,22.51,0.00,267.53,0,-109.00,-11.00,0.00,0.00,28.00,0.00,0,326
350.22,1566881603,5312.22,51.44155788,7.45934673,236.30,22.69,0.00,268.11,0,-106.00,-10.00,0.00,0.00,29.00,0.00,0,144
350.22,1566881603,5312.22,51.44155788,7.45934673,236.30,22.69,0.00,268.11,0,-108.00,-12.00,0.00,0.00,29.00,0.00,0,344
350.22,1566881603,5312.22,51.44155788,7.45934673,236.30,22.69,0.00,268.11,0,-109.00,-12.00,0.00,0.00,28.00,0.00,0,326
351.21,1566881604,5334.89,51.44154642,7.45902132,236.17,22.79,0.00,268.40,0,-106.00,-10.00,0.00,0.00,29.00,0.00,0,144
351.21,1566881604,5334.89,51.44154642,7.45902132,236.17,22.79,0.00,268.40,0,-108.00,-12.00,0.00,0.00,29.00,0.00,0,344
351.22,1566881604,5334.91,51.44154642,7.45902132,236.17,22.79,0.00,268.40,0,-109.00,-12.00,0.00,0.00,28.00,0.00,0,326
352.22,1566881605,5357.70,51.44154153,7.45868917,236.15,22.91,0.00,268.11,0,-102.00,-8.00,0.00,0.00,32.00,0.00,0,144
352.22,1566881605,5357.70,51.44154153,7.45868917,236.15,22.91,0.00,268.11,0,-105.00,-10.00,0.00,0.00,31.00,0.00,0,344
352.22,1566881605,5357.70,51.44154153,7.45868917,236.15,22.91,0.00,268.11,0,-108.00,-11.00,0.00,0.00,29.00,0.00,0,326
353.22,1566881606,5380.70,51.44153699,7.45834940,236.19,23.07,0.00,269.09,0,-102.00,-8.00,0.00,0.00,32.00,0.00,0,144
353.22,1566881606,5380.73,51.44153699,7.45834940,236.19,23.07,0.00,269.09,0,-105.00,-10.00,0.00,0.00,31.00,0.00,0,344
353.22,1566881606,5380.75,51.44153699,7.45834940,236.19,23.07,0.00,269.09,0,-108.00,-11.00,0.00,0.00,29.00,0.00,0,326
363.21,1566881616,5611.01,51.44154727,7.45503507,234.85,22.86,0.00,271.31,0,-88.00,-10.00,0.00,0.00,50.00,0.00,0,344
364.22,1566881617,5633.92,51.44155988,7.45471392,234.58,22.87,0.00,272.21,0,-88.00,-10.00,0.00,0.00,50.00,0.00,0,344
386.22,1566881639,6140.78,51.44209492,7.44747474,228.19,23.52,0.00,280.57,0,-81.00,-11.00,0.00,0.00,59.00,0.00,0,344
387.21,1566881640,6164.23,51.44213378,7.44714336,228.08,23.15,0.00,281.22,0,-81.00,-11.00,0.00,0.00,59.00,0.00,0,344
442.21,1566881695,7544.86,51.44699463,7.42906651,194.53,29.14,0.00,313.19,0,-91.00,-6.00,0.00,0.00,43.00,0.00,0,70
443.21,1566881696,7574.00,51.44717999,7.42877403,193.76,29.72,0.00,315.07,0,-91.00,-6.00,0.00,0.00,43.00,0.00,0,70
444.22,1566881697,7603.86,51.44737190,7.42848128,192.61,29.95,0.00,316.11,0,-91.00,-6.00,0.00,0.00,44.00,0.00,0,70
445.22,1566881698,7633.69,51.44756042,7.42820163,190.96,30.00,0.00,317.02,0,-91.00,-6.00,0.00,0.00,44.00,0.00,0,70
446.22,1566881699,7663.69,51.44775815,7.42792524,189.26,29.88,0.00,318.10,0,-91.00,-6.00,0.00,0.00,44.00,0.00,0,70
447.22,1566881700,7693.60,51.44795893,7.42764938,187.67,29.55,0.00,319.23,0,-94.00,-6.00,0.00,0.00,41.00,0.00,0,70
448.22,1566881701,7723.18,51.44816339,7.42738409,186.23,29.81,0.00,321.04,0,-94.00,-6.00,0.00,0.00,41.00,0.00,0,70
449.22,1566881702,7752.93,51.44837194,7.42711104,184.80,30.38,0.00,322.03,0,-112.00,-11.00,0.00,0.00,25.00,0.00,0,70
449.22,1566881702,7752.93,51.44837194,7.42711104,184.80,30.38,0.00,322.03,0,-99.00,-8.00,0.00,0.00,37.00,0.00,0,70
450.21,1566881703,7783.27,51.44858822,7.42685019,183.44,30.45,0.00,323.03,0,-112.00,-11.00,0.00,0.00,25.00,0.00,0,70
450.22,1566881703,7783.30,51.44858822,7.42685019,183.44,30.45,0.00,323.03,0,-99.00,-8.00,0.00,0.00,37.00,0.00,0,70
451.22,1566881704,7813.88,51.44881128,7.42659468,181.97,30.72,0.00,324.63,0,-111.00,-11.00,0.00,0.00,25.00,0.00,0,70
451.22,1566881704,7813.88,51.44881128,7.42659468,181.97,30.72,0.00,324.63,0,-98.00,-8.00,0.00,0.00,37.00,0.00,0,70
452.22,1566881705,7844.51,51.44903647,7.42634164,180.46,30.99,0.00,325.53,0,-111.00,-11.00,0.00,0.00,25.00,0.00,0,70
452.22,1566881705,7844.54,51.44903647,7.42634164,180.46,30.99,0.00,325.53,0,-98.00,-8.00,0.00,0.00,37.00,0.00,0,70
455.21,1566881708,7938.32,51.44975756,7.42561993,176.09,31.59,0.00,328.82,0,-109.00,-9.00,0.00,0.00,25.00,0.00,0,70
456.21,1566881709,7969.91,51.45000724,7.42540345,174.99,31.26,0.00,331.41,0,-109.00,-9.00,0.00,0.00,25.00,0.00,0,70
457.22,1566881710,8001.20,51.45025311,7.42519194,173.75,31.09,0.00,332.40,0,-108.00,-8.00,0.00,0.00,27.00,0.00,0,70
457.22,1566881710,8001.20,51.45025311,7.42519194,173.75,31.09,0.00,332.40,0,-112.00,-16.00,0.00,0.00,30.00,0.00,0,69
457.22,1566881710,8001.23,51.45025311,7.42519194,173.75,31.09,0.00,332.40,0,-114.00,-16.00,0.00,0.00,27.00,0.00,0,397
458.22,1566881711,8032.42,51.45049461,7.42499856,172.24,30.80,0.00,332.74,0,-108.00,-8.00,0.00,0.00,27.00,0.00,0,70
458.22,1566881711,8032.45,51.45049461,7.42499856,172.24,30.80,0.00,332.74,0,-112.00,-16.00,0.00,0.00,30.00,0.00,0,69
458.22,1566881711,8032.48,51.45049461,7.42499856,172.24,30.80,0.00,332.74,0,-114.00,-16.00,0.00,0.00,27.00,0.00,0,397
459.22,1566881712,8063.09,51.45073211,7.42482361,171.25,30.15,0.00,334.44,0,-106.00,-11.00,0.00,0.00,31.00,0.00,0,58
459.22,1566881712,8063.09,51.45073211,7.42482361,171.25,30.15,0.00,334.44,0,-112.00,-14.00,0.00,0.00,28.00,0.00,0,397
459.22,1566881712,8063.12,51.45073211,7.42482361,171.25,30.15,0.00,334.44,0,-112.00,-17.00,0.00,0.00,32.00,0.00,0,350
460.21,1566881713,8093.21,51.45097804,7.42464768,169.98,29.14,0.00,335.68,0,-106.00,-11.00,0.00,0.00,31.00,0.00,0,58
460.22,1566881713,8093.24,51.45097804,7.42464768,169.98,29.14,0.00,335.68,0,-112.00,-14.00,0.00,0.00,28.00,0.00,0,397
460.22,1566881713,8093.24,51.45097804,7.42464768,169.98,29.14,0.00,335.68,0,-112.00,-17.00,0.00,0.00,32.00,0.00,0,350
461.22,1566881714,8122.38,51.45122276,7.42448391,168.93,28.46,0.00,336.75,0,-107.00,-13.00,0.00,0.00,33.00,0.00,0,350
461.22,1566881714,8122.38,51.45122276,7.42448391,168.93,28.46,0.00,336.75,0,-111.00,-17.00,0.00,0.00,31.00,0.00,0,338
461.22,1566881714,8122.41,51.45122276,7.42448391,168.93,28.46,0.00,336.75,0,-107.00,-16.00,0.00,0.00,34.00,0.00,0,277
462.22,1566881715,8150.84,51.45146144,7.42433529,168.06,27.94,0.00,337.83,0,-107.00,-13.00,0.00,0.00,33.00,0.00,0,350
462.22,1566881715,8150.87,51.45146144,7.42433529,168.06,27.94,0.00,337.83,0,-111.00,-17.00,0.00,0.00,31.00,0.00,0,338
462.22,1566881715,8150.87,51.45146144,7.42433529,168.06,27.94,0.00,337.83,0,-107.00,-16.00,0.00,0.00,34.00,0.00,0,277
463.22,1566881716,8178.92,51.45169540,7.42419851,166.95,27.64,0.00,339.91,0,-107.00,-15.00,0.00,0.00,34.00,0.00,0,338
463.22,1566881716,8178.95,51.45169540,7.42419851,166.95,27.64,0.00,339.91,0,-103.00,-14.00,0.00,0.00,37.00,0.00,0,376
463.22,1566881716,8178.95,51.45169540,7.42419851,166.95,27.64,0.00,339.91,0,-106.00,-14.00,0.00,0.00,34.00,0.00,0,350
464.22,1566881717,8206.43,51.45192457,7.42406524,165.80,27.51,0.00,340.31,0,-107.00,-15.00,0.00,0.00,34.00,0.00,0,338
464.22,1566881717,8206.43,51.45192457,7.42406524,165.80,27.51,0.00,340.31,0,-103.00,-14.00,0.00,0.00,37.00,0.00,0,376
464.22,1566881717,8206.45,51.45192457,7.42406524,165.80,27.51,0.00,340.31,0,-106.00,-14.00,0.00,0.00,34.00,0.00,0,350
465.22,1566881718,8234.10,51.45214894,7.42393241,164.95,27.18,0.00,340.78,0,-101.00,-13.00,0.00,0.00,38.00,0.00,0,58
466.21,1566881719,8261.09,51.45237115,7.42381055,164.14,26.89,0.00,341.17,0,-101.00,-13.00,0.00,0.00,38.00,0.00,0,58
467.22,1566881720,8288.06,51.45259060,7.42369291,163.02,26.78,0.00,341.97,0,-101.00,-13.00,0.00,0.00,38.00,0.00,0,58
472.21,1566881725,8424.44,51.45377025,7.42314288,159.67,28.28,0.00,343.48,0,-90.00,-7.00,0.00,0.00,42.00,0.00,0,70
472.21,1566881725,8424.44,51.45377025,7.42314288,159.67,28.28,0.00,343.48,0,-84.00,-11.00,0.00,0.00,56.00,0.00,0,70
473.22,1566881726,8452.84,51.45402173,7.42303416,158.93,28.91,0.00,343.70,0,-90.00,-7.00,0.00,0.00,42.00,0.00,0,70
473.22,1566881726,8452.87,51.45402173,7.42303416,158.93,28.91,0.00,343.70,0,-84.00,-11.00,0.00,0.00,56.00,0.00,0,70
476.22,1566881729,8540.59,51.45479170,7.42269231,157.45,29.63,0.00,343.29,0,-88.00,-10.00,0.00,0.00,48.00,0.00,0,338
476.22,1566881729,8540.62,51.45479170,7.42269231,157.45,29.63,0.00,343.29,0,-84.00,-10.00,0.00,0.00,55.00,0.00,0,338
477.22,1566881730,8570.10,51.45504811,7.42257328,156.96,29.89,0.00,343.25,0,-88.00,-10.00,0.00,0.00,48.00,0.00,0,338
477.22,1566881730,8570.10,51.45504811,7.42257328,156.96,29.89,0.00,343.25,0,-84.00,-10.00,0.00,0.00,55.00,0.00,0,338
478.21,1566881731,8599.96,51.45530750,7.42245199,156.50,30.09,0.00,342.62,0,-84.00,-7.00,0.00,0.00,49.00,0.00,0,338
479.21,1566881732,8630.05,51.45555940,7.42232076,156.09,30.13,0.00,341.98,0,-84.00,-7.00,0.00,0.00,49.00,0.00,0,338
480.22,1566881733,8660.33,51.45581756,7.42218609,155.60,30.20,0.00,341.10,0,-87.00,-9.00,0.00,0.00,48.00,0.00,0,70
480.22,1566881733,8660.36,51.45581756,7.42218609,155.60,30.20,0.00,341.10,0,-80.00,-11.00,0.00,0.00,59.00,0.00,0,70
480.22,1566881733,8660.39,51.45581756,7.42218609,155.60,30.20,0.00,341.10,0,-81.00,-11.00,0.00,0.00,59.00,0.00,0,206
481.21,1566881734,8690.35,51.45607482,7.42204002,155.10,30.27,0.00,340.40,0,-87.00,-9.00,0.00,0.00,48.00,0.00,0,70
481.21,1566881734,8690.38,51.45607482,7.42204002,155.10,30.27,0.00,340.40,0,-80.00,-11.00,0.00,0.00,59.00,0.00,0,70
481.21,1566881734,8690.38,51.45607482,7.42204002,155.10,30.27,0.00,340.40,0,-81.00,-11.00,0.00,0.00,59.00,0.00,0,206
482.22,1566881735,8720.77,51.45633489,7.42189303,154.65,30.40,0.00,339.77,0,-81.00,-10.00,0.00,0.00,58.00,0.00,0,70
483.22,1566881736,8751.20,51.45659438,7.42173974,154.34,30.41,0.00,339.13,0,-81.00,-10.00,0.00,0.00,58.00,0.00,0,70
484.22,1566881737,8781.49,51.45685782,7.42158459,154.18,30.25,0.00,338.65,0,-87.00,-8.00,0.00,0.00,46.00,0.00,0,70
484.22,1566881737,8781.52,51.45685782,7.42158459,154.18,30.25,0.00,338.65,0,-83.00,-11.00,0.00,0.00,56.00,0.00,0,70
485.22,1566881738,8811.73,51.45712067,7.42141655,154.32,30.17,0.00,337.51,0,-87.00,-8.00,0.00,0.00,46.00,0.00,0,70
485.22,1566881738,8811.73,51.45712067,7.42141655,154.32,30.17,0.00,337.51,0,-83.00,-11.00,0.00,0.00,56.00,0.00,0,70
486.22,1566881739,8842.05,51.45737873,7.42124065,154.59,30.12,0.00,336.27,0,-91.00,-11.00,0.00,0.00,45.00,0.00,0,70
486.22,1566881739,8842.08,51.45737873,7.42124065,154.59,30.12,0.00,336.27,0,-88.00,-12.00,0.00,0.00,53.00,0.00,0,70
486.22,1566881739,8842.08,51.45737873,7.42124065,154.59,30.12,0.00,336.27,0,-89.00,-11.00,0.00,0.00,51.00,0.00,0,376
487.22,1566881740,8872.08,51.45763344,7.42106437,154.95,30.13,0.00,335.36,0,-91.00,-11.00,0.00,0.00,45.00,0.00,0,70
487.22,1566881740,8872.11,51.45763344,7.42106437,154.95,30.13,0.00,335.36,0,-88.00,-12.00,0.00,0.00,53.00,0.00,0,70
487.22,1566881740,8872.11,51.45763344,7.42106437,154.95,30.13,0.00,335.36,0,-89.00,-11.00,0.00,0.00,51.00,0.00,0,376
488.22,1566881741,8902.30,51.45788039,7.42087775,155.24,30.00,0.00,334.25,0,-91.00,-11.00,0.00,0.00,45.00,0.00,0,70
488.22,1566881741,8902.30,51.45788039,7.42087775,155.24,30.00,0.00,334.25,0,-88.00,-12.00,0.00,0.00,53.00,0.00,0,70
488.22,1566881741,8902.33,51.45788039,7.42087775,155.24,30.00,0.00,334.25,0,-89.00,-11.00,0.00,0.00,51.00,0.00,0,376
489.22,1566881742,8932.16,51.45812252,7.42069577,155.29,29.76,0.00,333.42,0,-96.00,-12.00,0.00,0.00,42.00,0.00,0,70
489.22,1566881742,8932.19,51.45812252,7.42069577,155.29,29.76,0.00,333.42,0,-100.00,-15.00,0.00,0.00,42.00,0.00,0,69
489.22,1566881742,8932.19,51.45812252,7.42069577,155.29,29.76,0.00,333.42,0,-89.00,-11.00,0.00,0.00,52.00,0.00,0,70
489.22,1566881742,8932.19,51.45812252,7.42069577,155.29,29.76,0.00,333.42,0,-92.00,-16.00,0.00,0.00,53.00,0.00,0,206
490.22,1566881743,8962.06,51.45836252,7.42050518,155.25,29.79,0.00,332.89,0,-96.00,-12.00,0.00,0.00,42.00,0.00,0,70
490.22,1566881743,8962.09,51.45836252,7.42050518,155.25,29.79,0.00,332.89,0,-100.00,-15.00,0.00,0.00,42.00,0.00,0,69
490.22,1566881743,8962.09,51.45836252,7.42050518,155.25,29.79,0.00,332.89,0,-89.00,-11.00,0.00,0.00,52.00,0.00,0,70
490.22,1566881743,8962.12,51.45836252,7.42050518,155.25,29.79,0.00,332.89,0,-92.00,-16.00,0.00,0.00,53.00,0.00,0,206
491.22,1566881744,8991.74,51.45859866,7.42031550,155.02,29.81,0.00,332.22,0,-92.00,-10.00,0.00,0.00,44.00,0.00,0,70
491.22,1566881744,8991.74,51.45859866,7.42031550,155.02,29.81,0.00,332.22,0,-92.00,-11.00,0.00,0.00,44.00,0.00,0,69
491.22,1566881744,8991.74,51.45859866,7.42031550,155.02,29.81,0.00,332.22,0,-99.00,-17.00,0.00,0.00,45.00,0.00,0,206
491.22,1566881744,8991.74,51.45859866,7.42031550,155.02,29.81,0.00,332.22,0,-87.00,-12.00,0.00,0.00,53.00,0.00,0,70
491.22,1566881744,8991.77,51.45859866,7.42031550,155.02,29.81,0.00,332.22,0,-89.00,-13.00,0.00,0.00,53.00,0.00,0,206
492.22,1566881745,9021.52,51.45883205,7.42010253,154.58,29.93,0.00,331.19,0,-92.00,-10.00,0.00,0.00,44.00,0.00,0,70
492.22,1566881745,9021.55,51.45883205,7.42010253,154.58,29.93,0.00,331.19,0,-92.00,-11.00,0.00,0.00,44.00,0.00,0,69
492.22,1566881745,9021.55,51.45883205,7.42010253,154.58,29.93,0.00,331.19,0,-99.00,-17.00,0.00,0.00,45.00,0.00,0,206
492.22,1566881745,9021.55,51.45883205,7.42010253,154.58,29.93,0.00,331.19,0,-87.00,-12.00,0.00,0.00,53.00,0.00,0,70
492.22,1566881745,9021.58,51.45883205,7.42010253,154.58,29.93,0.00,331.19,0,-89.00,-13.00,0.00,0.00,53.00,0.00,0,206
493.22,1566881746,9051.54,51.45906064,7.41989044,154.29,29.88,0.00,331.01,0,-89.00,-10.00,0.00,0.00,46.00,0.00,0,69
493.22,1566881746,9051.57,51.45906064,7.41989044,154.29,29.88,0.00,331.01,0,-94.00,-14.00,0.00,0.00,46.00,0.00,0,70
493.22,1566881746,9051.60,51.45906064,7.41989044,154.29,29.88,0.00,331.01,0,-87.00,-11.00,0.00,0.00,53.00,0.00,0,70
493.22,1566881746,9051.60,51.45906064,7.41989044,154.29,29.88,0.00,331.01,0,-88.00,-12.00,0.00,0.00,53.00,0.00,0,69
494.21,1566881747,9081.30,51.45929414,7.41966783,154.36,30.13,0.00,329.46,0,-89.00,-10.00,0.00,0.00,46.00,0.00,0,69
494.22,1566881747,9081.33,51.45929414,7.41966783,154.36,30.13,0.00,329.46,0,-94.00,-14.00,0.00,0.00,46.00,0.00,0,70
494.22,1566881747,9081.33,51.45929414,7.41966783,154.36,30.13,0.00,329.46,0,-87.00,-11.00,0.00,0.00,53.00,0.00,0,70
494.22,1566881747,9081.33,51.45929414,7.41966783,154.36,30.13,0.00,329.46,0,-88.00,-12.00,0.00,0.00,53.00,0.00,0,69
495.22,1566881748,9111.55,51.45953334,7.41944082,154.66,30.01,0.00,328.88,0,-89.00,-12.00,0.00,0.00,48.00,0.00,0,69
495.22,1566881748,9111.58,51.45953334,7.41944082,154.66,30.01,0.00,328.88,0,-75.00,-7.00,0.00,0.00,62.00,0.00,0,69
496.21,1566881749,9141.44,51.45976383,7.41921191,155.11,29.77,0.00,327.79,0,-89.00,-12.00,0.00,0.00,48.00,0.00,0,69
496.21,1566881749,9141.44,51.45976383,7.41921191,155.11,29.77,0.00,327.79,0,-75.00,-7.00,0.00,0.00,62.00,0.00,0,69
497.21,1566881750,9171.21,51.45999062,7.41898537,155.47,29.76,0.00,327.00,0,-81.00,-10.00,0.00,0.00,54.00,0.00,0,69
497.21,1566881750,9171.21,51.45999062,7.41898537,155.47,29.76,0.00,327.00,0,-74.00,-8.00,0.00,0.00,62.00,0.00,0,69
498.21,1566881751,9200.97,51.46021160,7.41874738,155.56,29.84,0.00,325.96,0,-81.00,-10.00,0.00,0.00,54.00,0.00,0,69
498.22,1566881751,9201.00,51.46021160,7.41874738,155.56,29.84,0.00,325.96,0,-74.00,-8.00,0.00,0.00,62.00,0.00,0,69
499.21,1566881752,9230.81,51.46042839,7.41850627,155.23,30.08,0.00,325.26,0,-82.00,-11.00,0.00,0.00,57.00,0.00,0,69
500.22,1566881753,9261.01,51.46064540,7.41825286,154.91,30.34,0.00,324.19,0,-82.00,-11.00,0.00,0.00,57.00,0.00,0,69
503.22,1566881756,9352.76,51.46130821,7.41746814,153.64,31.20,0.00,324.31,0,-85.00,-7.00,0.00,0.00,48.00,0.00,0,69
503.22,1566881756,9352.76,51.46130821,7.41746814,153.64,31.20,0.00,324.31,0,-90.00,-11.00,0.00,0.00,47.00,0.00,0,93
504.22,1566881757,9383.99,51.46153320,7.41719788,153.45,31.48,0.00,323.09,0,-85.00,-7.00,0.00,0.00,48.00,0.00,0,69
504.22,1566881757,9384.03,51.46153320,7.41719788,153.45,31.48,0.00,323.09,0,-90.00,-11.00,0.00,0.00,47.00,0.00,0,93
512.22,1566881765,9640.91,51.46324086,7.41469223,153.37,32.80,0.00,313.67,0,-91.00,-9.00,0.00,0.00,44.00,0.00,0,93
512.22,1566881765,9640.94,51.46324086,7.41469223,153.37,32.80,0.00,313.67,0,-96.00,-14.00,0.00,0.00,43.00,0.00,0,338
512.22,1566881765,9640.97,51.46324086,7.41469223,153.37,32.80,0.00,313.67,0,-97.00,-14.00,0.00,0.00,43.00,0.00,0,459
513.22,1566881766,9673.58,51.46344377,7.41434153,153.53,32.98,0.00,312.80,0,-91.00,-9.00,0.00,0.00,44.00,0.00,0,93
513.22,1566881766,9673.58,51.46344377,7.41434153,153.53,32.98,0.00,312.80,0,-96.00,-14.00,0.00,0.00,43.00,0.00,0,338
513.22,1566881766,9673.58,51.46344377,7.41434153,153.53,32.98,0.00,312.80,0,-97.00,-14.00,0.00,0.00,43.00,0.00,0,459
514.22,1566881767,9706.73,51.46364800,7.41398823,153.87,33.03,0.00,312.35,0,-92.00,-11.00,0.00,0.00,45.00,0.00,0,459
514.22,1566881767,9706.77,51.46364800,7.41398823,153.87,33.03,0.00,312.35,0,-94.00,-13.00,0.00,0.00,46.00,0.00,0,338
514.22,1566881767,9706.80,51.46364800,7.41398823,153.87,33.03,0.00,312.35,0,-87.00,-11.00,0.00,0.00,53.00,0.00,0,338
515.22,1566881768,9739.66,51.46384807,7.41362522,154.28,33.17,0.00,311.48,0,-92.00,-11.00,0.00,0.00,45.00,0.00,0,459
515.22,1566881768,9739.66,51.46384807,7.41362522,154.28,33.17,0.00,311.48,0,-94.00,-13.00,0.00,0.00,46.00,0.00,0,338
515.22,1566881768,9739.70,51.46384807,7.41362522,154.28,33.17,0.00,311.48,0,-87.00,-11.00,0.00,0.00,53.00,0.00,0,338
516.22,1566881769,9772.83,51.46404123,7.41325700,154.59,33.36,0.00,310.46,0,-94.00,-15.00,0.00,0.00,46.00,0.00,0,338
516.22,1566881769,9772.87,51.46404123,7.41325700,154.59,33.36,0.00,310.46,0,-94.00,-13.00,0.00,0.00,45.00,0.00,0,459
517.22,1566881770,9806.09,51.46423275,7.41289071,154.83,33.42,0.00,309.92,0,-94.00,-15.00,0.00,0.00,46.00,0.00,0,338
517.22,1566881770,9806.13,51.46423275,7.41289071,154.83,33.42,0.00,309.92,0,-94.00,-13.00,0.00,0.00,45.00,0.00,0,459
518.22,1566881771,9839.51,51.46441835,7.41252852,155.06,32.67,0.00,309.06,0,-97.00,-16.00,0.00,0.00,44.00,0.00,0,338
519.22,1566881772,9872.30,51.46460269,7.41217399,155.27,32.15,0.00,308.67,0,-97.00,-16.00,0.00,0.00,44.00,0.00,0,338
520.22,1566881773,9904.32,51.46478485,7.41182732,155.33,31.52,0.00,308.40,0,-97.00,-14.00,0.00,0.00,43.00,0.00,0,459
520.22,1566881773,9904.36,51.46478485,7.41182732,155.33,31.52,0.00,308.40,0,-95.00,-12.00,0.00,0.00,42.00,0.00,0,93
521.22,1566881774,9935.88,51.46496467,7.41147565,155.46,31.31,0.00,308.22,0,-97.00,-14.00,0.00,0.00,43.00,0.00,0,459
521.22,1566881774,9935.88,51.46496467,7.41147565,155.46,31.31,0.00,308.22,0,-95.00,-12.00,0.00,0.00,42.00,0.00,0,93
522.22,1566881775,9967.16,51.46513652,7.41111688,155.48,31.21,0.00,307.07,0,-99.00,-13.00,0.00,0.00,40.00,0.00,0,93
522.22,1566881775,9967.19,51.46513652,7.41111688,155.48,31.21,0.00,307.07,0,-100.00,-15.00,0.00,0.00,41.00,0.00,0,459
523.22,1566881776,9998.40,51.46531248,7.41075446,155.78,31.24,0.00,306.82,0,-99.00,-13.00,0.00,0.00,40.00,0.00,0,93
523.22,1566881776,9998.40,51.46531248,7.41075446,155.78,31.24,0.00,306.82,0,-100.00,-15.00,0.00,0.00,41.00,0.00,0,459
524.22,1566881777,10029.77,51.46548096,7.41040036,156.11,31.16,0.00,306.76,0,-102.00,-13.00,0.00,0.00,37.00,0.00,0,93
524.22,1566881777,10029.80,51.46548096,7.41040036,156.11,31.16,0.00,306.76,0,-105.00,-16.00,0.00,0.00,37.00,0.00,0,459
524.22,1566881777,10029.83,51.46548096,7.41040036,156.11,31.16,0.00,306.76,0,-107.00,-16.00,0.00,0.00,34.00,0.00,0,338
525.22,1566881778,10060.81,51.46564705,7.41004573,156.42,31.18,0.00,306.82,0,-102.00,-13.00,0.00,0.00,37.00,0.00,0,93
525.22,1566881778,10060.81,51.46564705,7.41004573,156.42,31.18,0.00,306.82,0,-105.00,-16.00,0.00,0.00,37.00,0.00,0,459
525.22,1566881778,10060.81,51.46564705,7.41004573,156.42,31.18,0.00,306.82,0,-107.00,-16.00,0.00,0.00,34.00,0.00,0,338
526.22,1566881779,10092.08,51.46581280,7.40969108,156.62,31.37,0.00,307.42,0,-106.00,-13.00,0.00,0.00,33.00,0.00,0,376
526.22,1566881779,10092.11,51.46581280,7.40969108,156.62,31.37,0.00,307.42,0,-106.00,-16.00,0.00,0.00,36.00,0.00,0,459
526.22,1566881779,10092.14,51.46581280,7.40969108,156.62,31.37,0.00,307.42,0,-104.00,-14.00,0.00,0.00,36.00,0.00,0,93
527.22,1566881780,10123.36,51.46597785,7.40933960,156.69,31.14,0.00,307.80,0,-106.00,-13.00,0.00,0.00,33.00,0.00,0,376
527.22,1566881780,10123.36,51.46597785,7.40933960,156.69,31.14,0.00,307.80,0,-106.00,-16.00,0.00,0.00,36.00,0.00,0,459
527.22,1566881780,10123.36,51.46597785,7.40933960,156.69,31.14,0.00,307.80,0,-104.00,-14.00,0.00,0.00,36.00,0.00,0,93
528.22,1566881781,10154.65,51.46614790,7.40899133,156.76,31.18,0.00,308.19,0,-105.00,-13.00,0.00,0.00,33.00,0.00,0,206
528.22,1566881781,10154.68,51.46614790,7.40899133,156.76,31.18,0.00,308.19,0,-105.00,-13.00,0.00,0.00,33.00,0.00,0,459
529.22,1566881782,10185.77,51.46632060,7.40863515,156.27,31.25,0.00,308.54,0,-105.00,-13.00,0.00,0.00,33.00,0.00,0,206
529.22,1566881782,10185.80,51.46632060,7.40863515,156.27,31.25,0.00,308.54,0,-105.00,-13.00,0.00,0.00,33.00,0.00,0,459
530.22,1566881783,10216.90,51.46649353,7.40827950,155.67,31.52,0.00,308.67,0,-105.00,-13.00,0.00,0.00,33.00,0.00,0,206
530.22,1566881783,10216.93,51.46649353,7.40827950,155.67,31.52,0.00,308.67,0,-105.00,-13.00,0.00,0.00,33.00,0.00,0,459
533.22,1566881786,10311.86,51.46702305,7.40720834,154.60,32.03,0.00,309.18,0,-98.00,-11.00,0.00,0.00,39.00,0.00,0,459
533.22,1566881786,10311.89,51.46702305,7.40720834,154.60,32.03,0.00,309.18,0,-104.00,-17.00,0.00,0.00,40.00,0.00,0,376
533.22,1566881786,10311.89,51.46702305,7.40720834,154.60,32.03,0.00,309.18,0,-101.00,-15.00,0.00,0.00,41.00,0.00,0,93
534.22,1566881787,10343.99,51.46720581,7.40685871,154.35,32.15,0.00,309.67,0,-98.00,-11.00,0.00,0.00,39.00,0.00,0,459
534.22,1566881787,10343.99,51.46720581,7.40685871,154.35,32.15,0.00,309.67,0,-104.00,-17.00,0.00,0.00,40.00,0.00,0,376
534.22,1566881787,10344.02,51.46720581,7.40685871,154.35,32.15,0.00,309.67,0,-101.00,-15.00,0.00,0.00,41.00,0.00,0,93
535.22,1566881788,10376.04,51.46738896,7.40649372,154.36,32.40,0.00,310.09,0,-99.00,-14.00,0.00,0.00,41.00,0.00,0,93
536.22,1566881789,10408.60,51.46757168,7.40613486,154.66,32.50,0.00,310.14,0,-99.00,-14.00,0.00,0.00,41.00,0.00,0,93
537.22,1566881790,10440.97,51.46776319,7.40577587,154.57,32.58,0.00,310.96,0,-95.00,-7.00,0.00,0.00,37.00,0.00,0,376
537.22,1566881790,10440.97,51.46776319,7.40577587,154.57,32.58,0.00,310.96,0,-98.00,-10.00,0.00,0.00,37.00,0.00,0,69
537.22,1566881790,10441.00,51.46776319,7.40577587,154.57,32.58,0.00,310.96,0,-99.00,-13.00,0.00,0.00,39.00,0.00,0,93
538.22,1566881791,10473.55,51.46795206,7.40542069,154.77,32.07,0.00,311.03,0,-95.00,-7.00,0.00,0.00,37.00,0.00,0,376
538.22,1566881791,10473.55,51.46795206,7.40542069,154.77,32.07,0.00,311.03,0,-98.00,-10.00,0.00,0.00,37.00,0.00,0,69
538.22,1566881791,10473.55,51.46795206,7.40542069,154.77,32.07,0.00,311.03,0,-99.00,-13.00,0.00,0.00,39.00,0.00,0,93
539.22,1566881792,10505.59,51.46813915,7.40507095,155.37,31.47,0.00,311.34,0,-99.00,-11.00,0.00,0.00,38.00,0.00,0,93
540.22,1566881793,10537.05,51.46832890,7.40473269,155.71,30.89,0.00,312.52,0,-99.00,-11.00,0.00,0.00,38.00,0.00,0,93
541.22,1566881794,10568.04,51.46851894,7.40442131,156.03,30.37,0.00,314.40,0,-98.00,-7.00,0.00,0.00,35.00,0.00,0,146
541.22,1566881794,10568.04,51.46851894,7.40442131,156.03,30.37,0.00,314.40,0,-98.00,-10.00,0.00,0.00,37.00,0.00,0,93
541.22,1566881794,10568.04,51.46851894,7.40442131,156.03,30.37,0.00,314.40,0,-102.00,-13.00,0.00,0.00,37.00,0.00,0,69
542.22,1566881795,10598.35,51.46871084,7.40410565,156.37,30.06,0.00,314.16,0,-98.00,-7.00,0.00,0.00,35.00,0.00,0,146
542.22,1566881795,10598.35,51.46871084,7.40410565,156.37,30.06,0.00,314.16,0,-98.00,-10.00,0.00,0.00,37.00,0.00,0,93
542.22,1566881795,10598.35,51.46871084,7.40410565,156.37,30.06,0.00,314.16,0,-102.00,-13.00,0.00,0.00,37.00,0.00,0,69
547.22,1566881800,10747.60,51.46963731,7.40257416,159.14,29.92,0.00,314.53,0,-101.00,-11.00,0.00,0.00,39.00,0.00,0,206
547.22,1566881800,10747.60,51.46963731,7.40257416,159.14,29.92,0.00,314.53,0,-103.00,-13.00,0.00,0.00,39.00,0.00,0,69
548.22,1566881801,10777.50,51.46982524,7.40226114,159.05,30.04,0.00,314.54,0,-101.00,-11.00,0.00,0.00,39.00,0.00,0,206
548.22,1566881801,10777.53,51.46982524,7.40226114,159.05,30.04,0.00,314.54,0,-103.00,-13.00,0.00,0.00,39.00,0.00,0,69
549.22,1566881802,10807.75,51.47001542,7.40194571,158.63,30.15,0.00,315.17,0,-96.00,-11.00,0.00,0.00,43.00,0.00,0,206
549.22,1566881802,10807.75,51.47001542,7.40194571,158.63,30.15,0.00,315.17,0,-103.00,-17.00,0.00,0.00,44.00,0.00,0,32
550.22,1566881803,10837.68,51.47021142,7.40162638,158.25,30.31,0.00,315.54,0,-96.00,-11.00,0.00,0.00,43.00,0.00,0,206
550.22,1566881803,10837.71,51.47021142,7.40162638,158.25,30.31,0.00,315.54,0,-103.00,-17.00,0.00,0.00,44.00,0.00,0,32
551.22,1566881804,10868.03,51.47040431,7.40131441,157.73,30.49,0.00,316.26,0,-96.00,-11.00,0.00,0.00,43.00,0.00,0,206
551.22,1566881804,10868.03,51.47040431,7.40131441,157.73,30.49,0.00,316.26,0,-103.00,-17.00,0.00,0.00,44.00,0.00,0,32
552.22,1566881805,10898.51,51.47059361,7.40101307,157.60,29.84,0.00,316.46,0,-99.00,-10.00,0.00,0.00,39.00,0.00,0,206
552.22,1566881805,10898.51,51.47059361,7.40101307,157.60,29.84,0.00,316.46,0,-101.00,-12.00,0.00,0.00,38.00,0.00,0,376
553.22,1566881806,10928.32,51.47078595,7.40072070,157.20,29.28,0.00,316.57,0,-99.00,-10.00,0.00,0.00,39.00,0.00,0,206
553.22,1566881806,10928.35,51.47078595,7.40072070,157.20,29.28,0.00,316.57,0,-101.00,-12.00,0.00,0.00,38.00,0.00,0,376
554.22,1566881807,10957.66,51.47097630,7.40043656,156.81,29.18,0.00,316.74,0,-105.00,-13.00,0.00,0.00,36.00,0.00,0,376
554.22,1566881807,10957.69,51.47097630,7.40043656,156.81,29.18,0.00,316.74,0,-105.00,-13.00,0.00,0.00,36.00,0.00,0,206
555.22,1566881808,10986.78,51.47116307,7.40016331,156.32,28.17,0.00,317.30,0,-105.00,-13.00,0.00,0.00,36.00,0.00,0,376
555.22,1566881808,10986.81,51.47116307,7.40016331,156.32,28.17,0.00,317.30,0,-105.00,-13.00,0.00,0.00,36.00,0.00,0,206
556.22,1566881809,11014.96,51.47134886,7.39989119,155.86,27.99,0.00,317.52,0,-104.00,-12.00,0.00,0.00,36.00,0.00,0,459
556.22,1566881809,11014.99,51.47134886,7.39989119,155.86,27.99,0.00,317.52,0,-106.00,-13.00,0.00,0.00,36.00,0.00,0,276
557.22,1566881810,11042.94,51.47153589,7.39962698,155.28,27.85,0.00,318.00,0,-104.00,-12.00,0.00,0.00,36.00,0.00,0,459
557.22,1566881810,11042.94,51.47153589,7.39962698,155.28,27.85,0.00,318.00,0,-106.00,-13.00,0.00,0.00,36.00,0.00,0,276
558.22,1566881811,11070.93,51.47171705,7.39937071,154.92,27.07,0.00,318.52,0,-98.00,-8.00,0.00,0.00,38.00,0.00,0,459
559.22,1566881812,11097.86,51.47189618,7.39911696,154.60,26.52,0.00,318.33,0,-98.00,-8.00,0.00,0.00,38.00,0.00,0,459
560.22,1566881813,11124.38,51.47207467,7.39886445,154.47,26.42,0.00,318.83,0,-100.00,-8.00,0.00,0.00,37.00,0.00,0,459
561.22,1566881814,11150.80,51.47225508,7.39862059,154.48,26.04,0.00,319.23,0,-100.00,-8.00,0.00,0.00,37.00,0.00,0,459
562.22,1566881815,11176.89,51.47243468,7.39837633,154.50,25.82,0.00,318.98,0,-101.00,-9.00,0.00,0.00,37.00,0.00,0,459
562.22,1566881815,11176.91,51.47243468,7.39837633,154.50,25.82,0.00,318.98,0,-104.00,-12.00,0.00,0.00,36.00,0.00,0,59
563.22,1566881816,11202.73,51.47261265,7.39814126,154.76,25.19,0.00,320.23,0,-101.00,-9.00,0.00,0.00,37.00,0.00,0,459
563.22,1566881816,11202.73,51.47261265,7.39814126,154.76,25.19,0.00,320.23,0,-104.00,-12.00,0.00,0.00,36.00,0.00,0,59
564.22,1566881817,11227.85,51.47279131,7.39790108,155.13,25.33,0.00,320.44,0,-101.00,-8.00,0.00,0.00,36.00,0.00,0,459
565.22,1566881818,11253.18,51.47296764,7.39766210,155.79,25.43,0.00,320.39,0,-101.00,-8.00,0.00,0.00,36.00,0.00,0,459
566.22,1566881819,11278.71,51.47314448,7.39742200,156.62,25.17,0.00,320.53,0,-100.00,-9.00,0.00,0.00,37.00,0.00,0,459
566.22,1566881819,11278.71,51.47314448,7.39742200,156.62,25.17,0.00,320.53,0,-101.00,-10.00,0.00,0.00,37.00,0.00,0,59
567.22,1566881820,11303.77,51.47331926,7.39718622,157.48,25.02,0.00,320.22,0,-100.00,-9.00,0.00,0.00,37.00,0.00,0,459
567.22,1566881820,11303.80,51.47331926,7.39718622,157.48,25.02,0.00,320.22,0,-101.00,-10.00,0.00,0.00,37.00,0.00,0,59
575.22,1566881828,11501.95,51.47473399,7.39543890,162.90,25.43,0.00,325.43,0,-113.00,-12.00,0.00,0.00,24.00,0.00,0,459
576.22,1566881829,11527.28,51.47492218,7.39522634,163.46,25.79,0.00,325.44,0,-113.00,-12.00,0.00,0.00,24.00,0.00,0,459
577.22,1566881830,11553.09,51.47511517,7.39502393,163.99,25.56,0.00,327.36,0,-112.00,-11.00,0.00,0.00,25.00,0.00,0,459
577.22,1566881830,11553.09,51.47511517,7.39502393,163.99,25.56,0.00,327.36,0,-111.00,-13.00,0.00,0.00,27.00,0.00,0,120
577.22,1566881830,11553.12,51.47511517,7.39502393,163.99,25.56,0.00,327.36,0,-114.00,-18.00,0.00,0.00,31.00,0.00,0,438
578.22,1566881831,11578.75,51.47531050,7.39483736,164.64,25.04,0.00,329.69,0,-112.00,-11.00,0.00,0.00,25.00,0.00,0,459
578.22,1566881831,11578.78,51.47531050,7.39483736,164.64,25.04,0.00,329.69,0,-111.00,-13.00,0.00,0.00,27.00,0.00,0,120
578.22,1566881831,11578.80,51.47531050,7.39483736,164.64,25.04,0.00,329.69,0,-114.00,-18.00,0.00,0.00,31.00,0.00,0,438
581.22,1566881834,11652.44,51.47587382,7.39431434,166.63,23.61,0.00,329.65,0,-110.00,-16.00,0.00,0.00,32.00,0.00,0,461
582.22,1566881835,11676.04,51.47606089,7.39414604,167.43,23.45,0.00,331.23,0,-110.00,-16.00,0.00,0.00,32.00,0.00,0,461
583.22,1566881836,11699.52,51.47624861,7.39397715,168.10,23.49,0.00,332.17,0,-96.00,-4.00,0.00,0.00,34.00,0.00,0,57
583.22,1566881836,11699.52,51.47624861,7.39397715,168.10,23.49,0.00,332.17,0,-111.00,-16.00,0.00,0.00,31.00,0.00,0,461
583.22,1566881836,11699.52,51.47624861,7.39397715,168.10,23.49,0.00,332.17,0,-113.00,-17.00,0.00,0.00,29.00,0.00,0,120
584.22,1566881837,11722.98,51.47643787,7.39382277,168.75,23.39,0.00,333.19,0,-96.00,-4.00,0.00,0.00,34.00,0.00,0,57
584.22,1566881837,11723.00,51.47643787,7.39382277,168.75,23.39,0.00,333.19,0,-111.00,-16.00,0.00,0.00,31.00,0.00,0,461
584.22,1566881837,11723.00,51.47643787,7.39382277,168.75,23.39,0.00,333.19,0,-113.00,-17.00,0.00,0.00,29.00,0.00,0,120
585.22,1566881838,11746.44,51.47663191,7.39367729,169.38,23.42,0.00,334.94,0,-109.00,-13.00,0.00,0.00,30.00,0.00,0,459
585.22,1566881838,11746.46,51.47663191,7.39367729,169.38,23.42,0.00,334.94,0,-111.00,-17.00,0.00,0.00,32.00,0.00,0,461
586.22,1566881839,11769.81,51.47682494,7.39354067,170.09,23.08,0.00,336.07,0,-109.00,-13.00,0.00,0.00,30.00,0.00,0,459
586.22,1566881839,11769.81,51.47682494,7.39354067,170.09,23.08,0.00,336.07,0,-111.00,-17.00,0.00,0.00,32.00,0.00,0,461
587.22,1566881840,11792.89,51.47701489,7.39341235,170.90,22.59,0.00,337.13,0,-108.00,-12.00,0.00,0.00,30.00,0.00,0,459
587.22,1566881840,11792.89,51.47701489,7.39341235,170.90,22.59,0.00,337.13,0,-111.00,-16.00,0.00,0.00,30.00,0.00,0,461
587.22,1566881840,11792.91,51.47701489,7.39341235,170.90,22.59,0.00,337.13,0,-113.00,-17.00,0.00,0.00,28.00,0.00,0,397
588.22,1566881841,11815.53,51.47720308,7.39329546,171.63,22.03,0.00,338.72,0,-108.00,-12.00,0.00,0.00,30.00,0.00,0,459
588.22,1566881841,11815.53,51.47720308,7.39329546,171.63,22.03,0.00,338.72,0,-111.00,-16.00,0.00,0.00,30.00,0.00,0,461
588.22,1566881841,11815.55,51.47720308,7.39329546,171.63,22.03,0.00,338.72,0,-113.00,-17.00,0.00,0.00,28.00,0.00,0,397
589.22,1566881842,11837.52,51.47738372,7.39319047,172.18,21.31,0.00,340.97,0,-106.00,-10.00,0.00,0.00,30.00,0.00,0,459
589.22,1566881842,11837.54,51.47738372,7.39319047,172.18,21.31,0.00,340.97,0,-111.00,-15.00,0.00,0.00,30.00,0.00,0,461
589.22,1566881842,11837.54,51.47738372,7.39319047,172.18,21.31,0.00,340.97,0,-113.00,-14.00,0.00,0.00,27.00,0.00,0,438
589.22,1566881842,11837.54,51.47738372,7.39319047,172.18,21.31,0.00,340.97,0,-133.00,-22.00,0.00,0.00,17.00,0.00,0,369
589.22,1566881842,11837.56,51.47738372,7.39319047,172.18,21.31,0.00,340.97,0,0.00,0.00,0.00,0.00,63.00,0.00,0,372
590.22,1566881843,11858.89,51.47756611,7.39311638,172.55,20.62,0.00,347.16,0,-106.00,-10.00,0.00,0.00,30.00,0.00,0,459
590.22,1566881843,11858.91,51.47756611,7.39311638,172.55,20.62,0.00,347.16,0,-111.00,-15.00,0.00,0.00,30.00,0.00,0,461
590.22,1566881843,11858.93,51.47756611,7.39311638,172.55,20.62,0.00,347.16,0,-113.00,-14.00,0.00,0.00,27.00,0.00,0,438
590.22,1566881843,11858.93,51.47756611,7.39311638,172.55,20.62,0.00,347.16,0,-133.00,-22.00,0.00,0.00,17.00,0.00,0,369
590.22,1566881843,11858.95,51.47756611,7.39311638,172.55,20.62,0.00,347.16,0,0.00,0.00,0.00,0.00,63.00,0.00,0,372
591.22,1566881844,11879.57,51.47775773,7.39304930,173.06,21.20,0.00,346.41,0,-106.00,-13.00,0.00,0.00,34.00,0.00,0,461
592.22,1566881845,11900.64,51.47794299,7.39304738,173.25,19.48,0.00,0.38,0,-106.00,-13.00,0.00,0.00,34.00,0.00,0,461
593.22,1566881846,11920.10,51.47811851,7.39307082,173.84,19.46,0.00,5.50,0,-106.00,-13.00,0.00,0.00,34.00,0.00,0,461
594.22,1566881847,11939.62,51.47829042,7.39312332,175.10,19.21,0.00,12.02,0,-103.00,-17.00,0.00,0.00,40.00,0.00,0,57
594.22,1566881847,11939.64,51.47829042,7.39312332,175.10,19.21,0.00,12.02,0,-102.00,-15.00,0.00,0.00,39.00,0.00,0,461
594.22,1566881847,11939.64,51.47829042,7.39312332,175.10,19.21,0.00,12.02,0,-104.00,-17.00,0.00,0.00,39.00,0.00,0,120
595.22,1566881848,11958.77,51.47845699,7.39318921,176.25,19.08,0.00,13.79,0,-103.00,-17.00,0.00,0.00,40.00,0.00,0,57
595.22,1566881848,11958.78,51.47845699,7.39318921,176.25,19.08,0.00,13.79,0,-102.00,-15.00,0.00,0.00,39.00,0.00,0,461
595.22,1566881848,11958.78,51.47845699,7.39318921,176.25,19.08,0.00,13.79,0,-104.00,-17.00,0.00,0.00,39.00,0.00,0,120
596.22,1566881849,11977.85,51.47861533,7.39326924,176.60,18.38,0.00,17.32,0,-99.00,-14.00,0.00,0.00,42.00,0.00,0,461
597.22,1566881850,11996.23,51.47874343,7.39341105,176.81,17.24,0.00,34.51,0,-99.00,-14.00,0.00,0.00,42.00,0.00,0,461
598.22,1566881851,12013.47,51.47886348,7.39354629,176.83,16.48,0.00,35.00,0,-100.00,-13.00,0.00,0.00,40.00,0.00,0,461
599.22,1566881852,12029.96,51.47897968,7.39367732,176.75,15.40,0.00,34.05,0,-100.00,-13.00,0.00,0.00,40.00,0.00,0,461
600.22,1566881853,12045.43,51.47910582,7.39375951,176.80,14.60,0.00,19.94,0,-104.00,-7.00,0.00,0.00,29.00,0.00,0,57
600.22,1566881853,12045.45,51.47910582,7.39375951,176.80,14.60,0.00,19.94,0,-114.00,-16.00,0.00,0.00,28.00,0.00,0,120
600.22,1566881853,12045.46,51.47910582,7.39375951,176.80,14.60,0.00,19.94,0,-114.00,-17.00,0.00,0.00,29.00,0.00,0,143
601.22,1566881854,12059.96,51.47922970,7.39382597,176.66,14.60,0.00,16.69,0,-104.00,-7.00,0.00,0.00,29.00,0.00,0,57
601.22,1566881854,12059.96,51.47922970,7.39382597,176.66,14.60,0.00,16.69,0,-114.00,-16.00,0.00,0.00,28.00,0.00,0,120
601.22,1566881854,12059.98,51.47922970,7.39382597,176.66,14.60,0.00,16.69,0,-114.00,-17.00,0.00,0.00,29.00,0.00,0,143
606.22,1566881859,12128.27,51.47975089,7.39360851,175.52,13.28,0.00,334.54,0,-79.00,-7.00,0.00,0.00,56.00,0.00,0,59
607.22,1566881860,12141.55,51.47984708,7.39352546,175.63,12.75,0.00,334.92,0,-79.00,-7.00,0.00,0.00,56.00,0.00,0,59
608.22,1566881861,12154.30,51.47994159,7.39345563,175.86,11.74,0.00,338.16,0,-73.00,-7.00,0.00,0.00,63.00,0.00,0,59
609.22,1566881862,12166.04,51.48004031,7.39343638,176.47,10.74,0.00,355.97,0,-73.00,-7.00,0.00,0.00,63.00,0.00,0,59
610.22,1566881863,12176.79,51.48014070,7.39344933,177.82,10.20,0.00,10.18,0,-79.00,-8.00,0.00,0.00,58.00,0.00,0,59
611.22,1566881864,12186.98,51.48023572,7.39351649,179.01,9.94,0.00,28.47,0,-79.00,-8.00,0.00,0.00,58.00,0.00,0,59
612.22,1566881865,12196.97,51.48031814,7.39361856,180.56,10.16,0.00,46.73,0,-87.00,-8.00,0.00,0.00,49.00,0.00,0,59
613.22,1566881866,12207.11,51.48037530,7.39374325,181.87,11.18,0.00,59.80,0,-87.00,-8.00,0.00,0.00,49.00,0.00,0,59
614.22,1566881867,12218.25,51.48042687,7.39387865,182.63,12.31,0.00,60.22,0,-87.00,-8.00,0.00,0.00,49.00,0.00,0,59
615.22,1566881868,12230.59,51.48047842,7.39402797,183.11,13.17,0.00,59.89,0,-84.00,-7.00,0.00,0.00,52.00,0.00,0,59
616.22,1566881869,12243.74,51.48053739,7.39419796,183.61,14.19,0.00,60.77,0,-84.00,-7.00,0.00,0.00,52.00,0.00,0,59
617.22,1566881870,12257.94,51.48059811,7.39437029,183.72,14.80,0.00,59.77,0,-79.00,-7.00,0.00,0.00,58.00,0.00,0,59
618.22,1566881871,12272.76,51.48066154,7.39455132,183.52,15.04,0.00,59.91,0,-79.00,-7.00,0.00,0.00,58.00,0.00,0,59
619.22,1566881872,12287.81,51.48072697,7.39472967,183.72,15.16,0.00,59.67,0,-81.00,-7.00,0.00,0.00,54.00,0.00,0,59
620.22,1566881873,12302.93,51.48079325,7.39491327,183.55,15.35,0.00,60.59,0,-81.00,-7.00,0.00,0.00,54.00,0.00,0,59
621.22,1566881874,12318.28,51.48086176,7.39509975,183.69,15.55,0.00,60.09,0,-74.00,-6.00,0.00,0.00,61.00,0.00,0,59
622.22,1566881875,12333.89,51.48093306,7.39529688,183.83,15.57,0.00,60.94,0,-74.00,-6.00,0.00,0.00,61.00,0.00,0,59
625.22,1566881878,12381.37,51.48116183,7.39590077,185.96,15.58,0.00,59.06,0,-94.00,-16.00,0.00,0.00,50.00,0.00,0,459
625.22,1566881878,12381.37,51.48116183,7.39590077,185.96,15.58,0.00,59.06,0,-79.00,-8.00,0.00,0.00,57.00,0.00,0,59
626.22,1566881879,12396.92,51.48123596,7.39609265,186.69,15.26,0.00,59.94,0,-94.00,-16.00,0.00,0.00,50.00,0.00,0,459
626.22,1566881879,12396.92,51.48123596,7.39609265,186.69,15.26,0.00,59.94,0,-79.00,-8.00,0.00,0.00,57.00,0.00,0,59
627.22,1566881880,12412.16,51.48130428,7.39627764,186.80,15.10,0.00,59.58,0,-73.00,-7.00,0.00,0.00,62.00,0.00,0,59
628.22,1566881881,12427.26,51.48136889,7.39645668,186.54,14.80,0.00,60.31,0,-73.00,-7.00,0.00,0.00,62.00,0.00,0,59
629.22,1566881882,12442.09,51.48143080,7.39662808,186.24,14.61,0.00,59.94,0,-96.00,-8.00,0.00,0.00,39.00,0.00,0,459
629.22,1566881882,12442.09,51.48143080,7.39662808,186.24,14.61,0.00,59.94,0,-100.00,-9.00,0.00,0.00,36.00,0.00,0,438
629.22,1566881882,12442.09,51.48143080,7.39662808,186.24,14.61,0.00,59.94,0,-101.00,-15.00,0.00,0.00,41.00,0.00,0,461
629.22,1566881882,12442.09,51.48143080,7.39662808,186.24,14.61,0.00,59.94,0,-77.00,-8.00,0.00,0.00,59.00,0.00,0,59
630.22,1566881883,12456.72,51.48149322,7.39680029,185.85,14.53,0.00,59.09,0,-96.00,-8.00,0.00,0.00,39.00,0.00,0,459
630.22,1566881883,12456.73,51.48149322,7.39680029,185.85,14.53,0.00,59.09,0,-100.00,-9.00,0.00,0.00,36.00,0.00,0,438
630.22,1566881883,12456.73,51.48149322,7.39680029,185.85,14.53,0.00,59.09,0,-101.00,-15.00,0.00,0.00,41.00,0.00,0,461
630.22,1566881883,12456.75,51.48149322,7.39680029,185.85,14.53,0.00,59.09,0,-77.00,-8.00,0.00,0.00,59.00,0.00,0,59
631.22,1566881884,12471.20,51.48155927,7.39697019,185.77,14.50,0.00,58.45,0,-77.00,-7.00,0.00,0.00,59.00,0.00,0,59
632.22,1566881885,12485.75,51.48163074,7.39715203,185.94,14.25,0.00,57.55,0,-77.00,-7.00,0.00,0.00,59.00,0.00,0,59
638.22,1566881891,12565.75,51.48207678,7.39809908,186.26,12.05,0.00,51.42,0,-105.00,-15.00,0.00,0.00,36.00,0.00,0,59
639.22,1566881892,12577.79,51.48214960,7.39823062,185.94,11.71,0.00,50.12,0,-105.00,-15.00,0.00,0.00,36.00,0.00,0,59
640.22,1566881893,12589.50,51.48222100,7.39835215,185.90,11.31,0.00,48.66,0,-103.00,-14.00,0.00,0.00,37.00,0.00,0,59
641.22,1566881894,12600.82,51.48229368,7.39846492,185.62,10.98,0.00,46.39,0,-103.00,-14.00,0.00,0.00,37.00,0.00,0,59
642.22,1566881895,12611.80,51.48236352,7.39856567,185.70,10.14,0.00,44.31,0,-98.00,-11.00,0.00,0.00,40.00,0.00,0,59
643.22,1566881896,12621.93,51.48243308,7.39865949,185.92,9.64,0.00,42.63,0,-98.00,-11.00,0.00,0.00,40.00,0.00,0,59
644.22,1566881897,12631.63,51.48250306,7.39874829,185.95,9.49,0.00,40.93,0,-103.00,-12.00,0.00,0.00,35.00,0.00,0,59
644.22,1566881897,12631.64,51.48250306,7.39874829,185.95,9.49,0.00,40.93,0,-107.00,-15.00,0.00,0.00,34.00,0.00,0,323
644.22,1566881897,12631.65,51.48250306,7.39874829,185.95,9.49,0.00,40.93,0,-90.00,-12.00,0.00,0.00,50.00,0.00,0,59
645.22,1566881898,12641.06,51.48257551,7.39883277,185.90,9.44,0.00,39.35,0,-103.00,-12.00,0.00,0.00,35.00,0.00,0,59
645.22,1566881898,12641.07,51.48257551,7.39883277,185.90,9.44,0.00,39.35,0,-107.00,-15.00,0.00,0.00,34.00,0.00,0,323
645.22,1566881898,12641.07,51.48257551,7.39883277,185.90,9.44,0.00,39.35,0,-90.00,-12.00,0.00,0.00,50.00,0.00,0,59
646.22,1566881899,12650.50,51.48265330,7.39891606,186.26,9.36,0.00,38.20,0,-97.00,-9.00,0.00,0.00,37.00,0.00,0,59
646.22,1566881899,12650.51,51.48265330,7.39891606,186.26,9.36,0.00,38.20,0,-88.00,-13.00,0.00,0.00,53.00,0.00,0,59
647.22,1566881900,12659.87,51.48272582,7.39899033,186.70,9.04,0.00,37.05,0,-97.00,-9.00,0.00,0.00,37.00,0.00,0,59
647.22,1566881900,12659.87,51.48272582,7.39899033,186.70,9.04,0.00,37.05,0,-88.00,-13.00,0.00,0.00,53.00,0.00,0,59
648.22,1566881901,12668.90,51.48279535,7.39906521,186.90,8.86,0.00,36.37,0,-95.00,-8.00,0.00,0.00,40.00,0.00,0,59
648.22,1566881901,12668.90,51.48279535,7.39906521,186.90,8.86,0.00,36.37,0,-85.00,-12.00,0.00,0.00,56.00,0.00,0,59
649.22,1566881902,12677.81,51.48287068,7.39914514,187.06,9.80,0.00,35.71,0,-95.00,-8.00,0.00,0.00,40.00,0.00,0,59
649.22,1566881902,12677.82,51.48287068,7.39914514,187.06,9.80,0.00,35.71,0,-85.00,-12.00,0.00,0.00,56.00,0.00,0,59
650.22,1566881903,12687.56,51.48294839,7.39922960,186.93,10.13,0.00,34.77,0,-93.00,-8.00,0.00,0.00,41.00,0.00,0,59
650.22,1566881903,12687.57,51.48294839,7.39922960,186.93,10.13,0.00,34.77,0,-81.00,-11.00,0.00,0.00,59.00,0.00,0,59
651.22,1566881904,12697.72,51.48303649,7.39932214,186.61,11.80,0.00,34.10,0,-93.00,-8.00,0.00,0.00,41.00,0.00,0,59
651.22,1566881904,12697.72,51.48303649,7.39932214,186.61,11.80,0.00,34.10,0,-81.00,-11.00,0.00,0.00,59.00,0.00,0,59
652.22,1566881905,12709.52,51.48313339,7.39942241,186.69,12.97,0.00,34.28,0,-92.00,-8.00,0.00,0.00,42.00,0.00,0,59
653.22,1566881906,12722.46,51.48323671,7.39953117,186.58,13.89,0.00,34.29,0,-92.00,-8.00,0.00,0.00,42.00,0.00,0,59
654.23,1566881907,12736.51,51.48333637,7.39963877,186.46,14.68,0.00,34.37,0,-95.00,-12.00,0.00,0.00,43.00,0.00,0,57
655.22,1566881908,12751.03,51.48343957,7.39975090,186.41,15.11,0.00,34.71,0,-95.00,-12.00,0.00,0.00,43.00,0.00,0,57
656.22,1566881909,12766.18,51.48354601,7.39986707,186.12,15.16,0.00,34.96,0,-95.00,-12.00,0.00,0.00,43.00,0.00,0,57
657.22,1566881910,12781.29,51.48365473,7.39998871,185.82,15.33,0.00,34.77,0,-83.00,-6.00,0.00,0.00,52.00,0.00,0,57
658.22,1566881911,12796.63,51.48376054,7.40011733,185.56,15.62,0.00,35.47,0,-83.00,-6.00,0.00,0.00,52.00,0.00,0,57
659.22,1566881912,12812.29,51.48387147,7.40025168,185.26,16.05,0.00,35.91,0,-82.00,-6.00,0.00,0.00,53.00,0.00,0,57
660.22,1566881913,12828.31,51.48398950,7.40038765,185.13,16.40,0.00,36.45,0,-82.00,-6.00,0.00,0.00,53.00,0.00,0,57
661.22,1566881914,12844.73,51.48410028,7.40052233,184.92,16.04,0.00,37.05,0,-74.00,-5.00,0.00,0.00,59.00,0.00,0,57
662.22,1566881915,12860.74,51.48420973,7.40065729,184.59,15.82,0.00,38.04,0,-74.00,-5.00,0.00,0.00,59.00,0.00,0,57
663.22,1566881916,12876.62,51.48431684,7.40079966,184.37,15.70,0.00,39.03,0,-86.00,-6.00,0.00,0.00,49.00,0.00,0,57
664.22,1566881917,12892.26,51.48443072,7.40095500,184.13,15.42,0.00,40.29,0,-86.00,-6.00,0.00,0.00,49.00,0.00,0,57
665.22,1566881918,12907.68,51.48454160,7.40110968,184.02,15.26,0.00,41.13,0,-86.00,-7.00,0.00,0.00,50.00,0.00,0,57
666.22,1566881919,12922.94,51.48465181,7.40127126,183.86,15.11,0.00,42.05,0,-86.00,-7.00,0.00,0.00,50.00,0.00,0,57
667.22,1566881920,12938.05,51.48475574,7.40142652,183.68,14.89,0.00,42.94,0,-102.00,-10.00,0.00,0.00,33.00,0.00,0,278
667.22,1566881920,12938.05,51.48475574,7.40142652,183.68,14.89,0.00,42.94,0,-84.00,-6.00,0.00,0.00,52.00,0.00,0,57
668.22,1566881921,12953.01,51.48485402,7.40158225,183.48,14.98,0.00,43.50,0,-102.00,-10.00,0.00,0.00,33.00,0.00,0,278
668.22,1566881921,12953.02,51.48485402,7.40158225,183.48,14.98,0.00,43.50,0,-84.00,-6.00,0.00,0.00,52.00,0.00,0,57
675.23,1566881928,13060.73,51.48552122,7.40275074,180.89,15.39,0.00,48.93,0,-103.00,-11.00,0.00,0.00,33.00,0.00,0,171
676.22,1566881929,13075.94,51.48560581,7.40291978,180.90,15.44,0.00,49.90,0,-103.00,-11.00,0.00,0.00,33.00,0.00,0,171
677.22,1566881930,13091.38,51.48568560,7.40308356,181.11,15.75,0.00,50.88,0,-103.00,-11.00,0.00,0.00,33.00,0.00,0,171
678.22,1566881931,13107.13,51.48576608,7.40325834,181.34,16.23,0.00,51.66,0,-103.00,-11.00,0.00,0.00,34.00,0.00,0,171
679.22,1566881932,13123.35,51.48585261,7.40344411,181.44,16.54,0.00,52.49,0,-103.00,-11.00,0.00,0.00,34.00,0.00,0,171
682.22,1566881935,13172.96,51.48610585,7.40400311,181.67,16.41,0.00,54.52,0,-97.00,-11.00,0.00,0.00,39.00,0.00,0,171
683.22,1566881936,13189.37,51.48619331,7.40420360,181.77,16.37,0.00,55.17,0,-97.00,-11.00,0.00,0.00,39.00,0.00,0,171
684.22,1566881937,13205.81,51.48627346,7.40439758,182.11,16.33,0.00,56.12,0,-95.00,-10.00,0.00,0.00,41.00,0.00,0,171
685.22,1566881938,13222.07,51.48635449,7.40460250,182.77,15.85,0.00,57.37,0,-95.00,-10.00,0.00,0.00,41.00,0.00,0,171
686.22,1566881939,13237.94,51.48642990,7.40480487,182.84,16.09,0.00,58.15,0,-93.00,-8.00,0.00,0.00,41.00,0.00,0,171
686.22,1566881939,13237.94,51.48642990,7.40480487,182.84,16.09,0.00,58.15,0,-100.00,-14.00,0.00,0.00,39.00,0.00,0,277
686.22,1566881939,13237.96,51.48642990,7.40480487,182.84,16.09,0.00,58.15,0,-104.00,-17.00,0.00,0.00,40.00,0.00,0,278
687.22,1566881940,13254.11,51.48649799,7.40499793,183.35,15.97,0.00,58.75,0,-93.00,-8.00,0.00,0.00,41.00,0.00,0,171
687.22,1566881940,13254.13,51.48649799,7.40499793,183.35,15.97,0.00,58.75,0,-100.00,-14.00,0.00,0.00,39.00,0.00,0,277
687.22,1566881940,13254.14,51.48649799,7.40499793,183.35,15.97,0.00,58.75,0,-104.00,-17.00,0.00,0.00,40.00,0.00,0,278
688.22,1566881941,13270.00,51.48656924,7.40519293,184.27,15.96,0.00,58.88,0,-93.00,-10.00,0.00,0.00,43.00,0.00,0,277
688.22,1566881941,13270.00,51.48656924,7.40519293,184.27,15.96,0.00,58.88,0,-96.00,-12.00,0.00,0.00,42.00,0.00,0,278
688.22,1566881941,13270.00,51.48656924,7.40519293,184.27,15.96,0.00,58.88,0,-99.00,-12.00,0.00,0.00,40.00,0.00,0,59
689.22,1566881942,13285.95,51.48663994,7.40539045,184.72,15.92,0.00,59.46,0,-93.00,-10.00,0.00,0.00,43.00,0.00,0,277
689.22,1566881942,13285.97,51.48663994,7.40539045,184.72,15.92,0.00,59.46,0,-96.00,-12.00,0.00,0.00,42.00,0.00,0,278
689.22,1566881942,13285.97,51.48663994,7.40539045,184.72,15.92,0.00,59.46,0,-99.00,-12.00,0.00,0.00,40.00,0.00,0,59
690.22,1566881943,13301.89,51.48671040,7.40560779,184.64,15.92,0.00,60.39,0,-93.00,-11.00,0.00,0.00,43.00,0.00,0,277
690.22,1566881943,13301.89,51.48671040,7.40560779,184.64,15.92,0.00,60.39,0,-96.00,-11.00,0.00,0.00,42.00,0.00,0,59
691.22,1566881944,13317.85,51.48677258,7.40582028,183.89,16.00,0.00,61.88,0,-93.00,-11.00,0.00,0.00,43.00,0.00,0,277
691.22,1566881944,13317.86,51.48677258,7.40582028,183.89,16.00,0.00,61.88,0,-96.00,-11.00,0.00,0.00,42.00,0.00,0,59
692.21,1566881945,13333.77,51.48683030,7.40604459,182.54,16.14,0.00,63.02,0,-92.00,-10.00,0.00,0.00,44.00,0.00,0,277
693.22,1566881946,13349.93,51.48688870,7.40627730,181.13,16.17,0.00,64.62,0,-92.00,-10.00,0.00,0.00,44.00,0.00,0,277
694.22,1566881947,13366.16,51.48693698,7.40648864,179.87,16.17,0.00,66.21,0,-81.00,-8.00,0.00,0.00,52.00,0.00,0,277
694.22,1566881947,13366.18,51.48693698,7.40648864,179.87,16.17,0.00,66.21,0,-88.00,-14.00,0.00,0.00,53.00,0.00,0,278
695.22,1566881948,13382.27,51.48699220,7.40672178,178.78,16.71,0.00,67.28,0,-81.00,-8.00,0.00,0.00,52.00,0.00,0,277
695.22,1566881948,13382.29,51.48699220,7.40672178,178.78,16.71,0.00,67.28,0,-88.00,-14.00,0.00,0.00,53.00,0.00,0,278
696.22,1566881949,13399.06,51.48703437,7.40693364,177.47,16.51,0.00,68.58,0,-83.00,-9.00,0.00,0.00,51.00,0.00,0,171
697.22,1566881950,13415.49,51.48708203,7.40715450,176.49,16.33,0.00,69.51,0,-83.00,-9.00,0.00,0.00,51.00,0.00,0,171
698.22,1566881951,13431.82,51.48712708,7.40737723,175.93,16.27,0.00,70.02,0,-83.00,-9.00,0.00,0.00,51.00,0.00,0,171
711.22,1566881964,13640.60,51.48749776,7.41027963,164.36,12.81,0.00,81.53,0,-88.00,-6.00,0.00,0.00,44.00,0.00,0,171
712.22,1566881965,13653.41,51.48750716,7.41044680,163.91,10.81,0.00,82.97,0,-88.00,-6.00,0.00,0.00,44.00,0.00,0,171
713.22,1566881966,13664.22,51.48751343,7.41060110,163.57,9.48,0.00,84.12,0,-85.00,-6.00,0.00,0.00,47.00,0.00,0,171
714.22,1566881967,13673.70,51.48751863,7.41073668,163.38,7.95,0.00,84.87,0,-85.00,-6.00,0.00,0.00,47.00,0.00,0,171
715.22,1566881968,13681.66,51.48754307,7.41084375,163.07,7.25,0.00,66.04,0,-90.00,-6.00,0.00,0.00,42.00,0.00,0,171
715.22,1566881968,13681.66,51.48754307,7.41084375,163.07,7.25,0.00,66.04,0,-121.00,-11.00,0.00,0.00,19.00,0.00,0,98
716.22,1566881969,13688.91,51.48758486,7.41090255,163.15,7.22,0.00,41.83,0,-90.00,-6.00,0.00,0.00,42.00,0.00,0,171
716.22,1566881969,13688.91,51.48758486,7.41090255,163.15,7.22,0.00,41.83,0,-121.00,-11.00,0.00,0.00,19.00,0.00,0,98
717.23,1566881970,13696.22,51.48763480,7.41094694,163.37,6.56,0.00,25.89,0,-88.00,-6.00,0.00,0.00,44.00,0.00,0,171
717.23,1566881970,13696.23,51.48763480,7.41094694,163.37,6.56,0.00,25.89,0,-121.00,-11.00,0.00,0.00,19.00,0.00,0,98
718.22,1566881971,13702.71,51.48769991,7.41096778,163.77,7.38,0.00,5.39,0,-88.00,-6.00,0.00,0.00,44.00,0.00,0,171
718.22,1566881971,13702.71,51.48769991,7.41096778,163.77,7.38,0.00,5.39,0,-121.00,-11.00,0.00,0.00,19.00,0.00,0,98
719.22,1566881972,13710.08,51.48776558,7.41095866,164.21,7.74,0.00,352.48,0,-88.00,-6.00,0.00,0.00,44.00,0.00,0,171
719.22,1566881972,13710.09,51.48776558,7.41095866,164.21,7.74,0.00,352.48,0,-121.00,-11.00,0.00,0.00,19.00,0.00,0,98
720.22,1566881973,13717.86,51.48783605,7.41094397,164.93,8.69,0.00,351.48,0,-87.00,-6.00,0.00,0.00,45.00,0.00,0,171
720.22,1566881973,13717.87,51.48783605,7.41094397,164.93,8.69,0.00,351.48,0,-122.00,-12.00,0.00,0.00,19.00,0.00,0,98
720.22,1566881973,13717.87,51.48783605,7.41094397,164.93,8.69,0.00,351.48,0,-128.00,-18.00,0.00,0.00,19.00,0.00,0,206
721.22,1566881974,13726.54,51.48791525,7.41092278,165.35,9.36,0.00,350.83,0,-87.00,-6.00,0.00,0.00,45.00,0.00,0,171
721.22,1566881974,13726.54,51.48791525,7.41092278,165.35,9.36,0.00,350.83,0,-122.00,-12.00,0.00,0.00,19.00,0.00,0,98
721.22,1566881974,13726.55,51.48791525,7.41092278,165.35,9.36,0.00,350.83,0,-128.00,-18.00,0.00,0.00,19.00,0.00,0,206
722.22,1566881975,13735.87,51.48800165,7.41089892,165.61,10.39,0.00,350.87,0,-86.00,-6.00,0.00,0.00,45.00,0.00,0,171
722.22,1566881975,13735.87,51.48800165,7.41089892,165.61,10.39,0.00,350.87,0,-123.00,-12.00,0.00,0.00,19.00,0.00,0,98
722.22,1566881975,13735.87,51.48800165,7.41089892,165.61,10.39,0.00,350.87,0,-127.00,-17.00,0.00,0.00,19.00,0.00,0,206
723.22,1566881976,13746.26,51.48809653,7.41087309,165.84,11.52,0.00,350.59,0,-86.00,-6.00,0.00,0.00,45.00,0.00,0,171
723.22,1566881976,13746.27,51.48809653,7.41087309,165.84,11.52,0.00,350.59,0,-123.00,-12.00,0.00,0.00,19.00,0.00,0,98
723.22,1566881976,13746.27,51.48809653,7.41087309,165.84,11.52,0.00,350.59,0,-127.00,-17.00,0.00,0.00,19.00,0.00,0,206
724.22,1566881977,13757.81,51.48820258,7.41084740,166.04,12.37,0.00,351.36,0,-87.00,-6.00,0.00,0.00,45.00,0.00,0,171
725.22,1566881978,13770.20,51.48830970,7.41081916,166.50,12.41,0.00,351.01,0,-87.00,-6.00,0.00,0.00,45.00,0.00,0,171
