0.01,1566881252,0.00,51.45014426,7.48821222,248.21,8.28,0.00,173.26,1,-97.00,-5.00,15.00,11.00,26.00,7.00,13415170,315
1.12,1566881253,9.19,51.45007129,7.48823659,248.89,9.15,0.78,170.83,1,-97.00,-5.00,15.00,11.00,26.00,7.00,13415170,315
2.04,1566881254,17.56,51.44999754,7.48825933,249.83,9.12,-0.03,170.61,1,-99.00,-5.00,8.00,11.00,23.00,7.00,13415170,315
3.04,1566881255,26.67,51.44991338,7.48828919,250.67,10.69,1.57,171.33,1,-99.00,-5.00,8.00,11.00,23.00,7.00,13415170,315
4.35,1566881257,40.70,51.44981923,7.48831630,251.50,11.71,0.78,171.99,1,-100.00,-5.00,23.00,12.00,24.00,7.00,13415170,315
5.33,1566881257,52.23,51.44970899,7.48834949,251.89,12.49,0.80,172.89,1,-100.00,-5.00,23.00,12.00,24.00,7.00,13415170,315
6.33,1566881258,64.71,51.44959030,7.48836872,252.14,13.10,0.60,174.71,1,-102.00,-5.00,6.00,11.00,23.00,7.00,13415170,315
7.33,1566881259,77.78,51.44946648,7.48838365,252.38,13.56,0.47,176.01,1,-102.00,-5.00,6.00,11.00,23.00,7.00,13415170,315
8.33,1566881260,91.37,51.44934058,7.48839556,252.96,13.88,0.32,177.34,1,-99.00,-6.00,4.00,10.00,25.00,7.00,13415170,315
9.33,1566881261,105.23,51.44921434,7.48839645,253.66,14.07,0.19,179.49,1,-99.00,-6.00,4.00,10.00,25.00,7.00,13415170,315
10.34,1566881262,119.36,51.44908831,7.48838926,254.08,13.53,-0.54,182.85,1,-106.00,-7.00,3.00,8.00,21.00,7.00,13415170,315
11.34,1566881263,132.88,51.44895850,7.48836548,254.31,15.34,1.82,184.84,1,-106.00,-7.00,3.00,8.00,21.00,7.00,13415170,315
12.34,1566881265,148.30,51.44883027,7.48833211,254.66,15.10,-0.24,186.62,1,-101.00,-6.00,2.00,9.00,23.00,7.00,13415170,315
13.34,1566881265,163.35,51.44869872,7.48828909,255.09,14.74,-0.36,189.34,1,-101.00,-6.00,2.00,9.00,23.00,7.00,13415170,315
14.34,1566881266,178.07,51.44856129,7.48824277,255.42,15.20,0.46,190.77,1,-101.00,-6.00,2.00,9.00,23.00,7.00,13415170,315
15.33,1566881267,193.21,51.44842405,7.48818926,255.62,15.43,0.24,191.90,1,-108.00,-10.00,-3.00,5.00,22.00,7.00,13415170,315
16.34,1566881268,208.72,51.44828895,7.48813591,255.84,15.49,0.06,192.62,1,-108.00,-10.00,-3.00,5.00,22.00,7.00,13415170,315
17.33,1566881269,224.12,51.44815821,7.48808104,255.92,15.47,-0.02,193.16,1,-111.00,-11.00,1.00,7.00,18.00,7.00,13415170,315
18.34,1566881270,239.67,51.44802199,7.48802383,255.95,15.73,0.25,192.81,1,-111.00,-11.00,1.00,7.00,18.00,7.00,13415170,315
19.34,1566881271,255.41,51.44788327,7.48796712,256.08,14.96,-0.76,193.42,1,-112.00,-10.00,0.00,4.00,18.00,7.00,13415170,315
20.34,1566881273,270.39,51.44775696,7.48791260,256.08,14.45,-0.51,192.31,1,-112.00,-10.00,0.00,4.00,18.00,7.00,13415170,315
21.34,1566881273,284.79,51.44761490,7.48787701,255.88,15.39,0.95,189.14,1,-114.00,-16.00,-4.00,2.00,24.00,57.00,12973570,315
22.34,1566881274,300.20,51.44747723,7.48785280,255.91,15.25,-0.14,186.46,1,-114.00,-16.00,-4.00,2.00,24.00,57.00,12973570,315
23.34,1566881275,315.47,51.44734434,7.48783738,256.11,14.94,-0.31,184.97,1,-113.00,-13.00,-5.00,5.00,20.00,57.00,12973570,334
24.34,1566881276,330.39,51.44720147,7.48783489,255.91,14.86,-0.08,183.44,1,-113.00,-13.00,-5.00,5.00,20.00,57.00,12973570,334
25.34,1566881278,345.29,51.44705254,7.48788332,255.93,16.08,1.22,169.78,1,-114.00,-14.00,-3.00,5.00,20.00,57.00,12973570,334
26.34,1566881279,361.37,51.44690241,7.48794750,256.04,15.97,-0.11,167.75,1,-114.00,-14.00,-3.00,5.00,20.00,57.00,12973570,334
27.34,1566881279,377.32,51.44675811,7.48802350,256.68,15.78,-0.19,165.09,1,-113.00,-16.00,-5.00,5.00,22.00,57.00,12973570,334
28.34,1566881280,393.09,51.44661619,7.48810917,257.23,15.73,-0.06,162.87,1,-113.00,-16.00,-5.00,5.00,22.00,57.00,12973570,334
29.34,1566881281,408.80,51.44647349,7.48820441,258.02,15.66,-0.07,159.84,1,-109.00,-10.00,1.00,6.00,20.00,13.00,13415170,315
30.33,1566881282,424.45,51.44633928,7.48830827,258.88,15.38,-0.28,156.75,1,-109.00,-10.00,1.00,6.00,20.00,13.00,13415170,315
31.34,1566881283,439.86,51.44620627,7.48842598,259.83,14.60,-0.78,153.53,1,-103.00,-6.00,10.00,10.00,22.00,13.00,13415170,315
32.33,1566881284,454.43,51.44608309,7.48854595,260.65,14.87,0.28,150.06,1,-103.00,-6.00,10.00,10.00,22.00,13.00,13415170,315
33.34,1566881286,469.45,51.44597485,7.48867163,261.52,14.47,-0.40,146.66,1,-104.00,-6.00,19.00,9.00,21.00,13.00,13415170,315
34.33,1566881286,483.78,51.44587730,7.48880285,262.56,14.87,0.40,142.82,1,-104.00,-6.00,19.00,9.00,21.00,13.00,13415170,315
35.33,1566881287,498.64,51.44577696,7.48895382,263.21,14.86,-0.01,139.45,1,-104.00,-6.00,19.00,9.00,21.00,13.00,13415170,315
36.33,1566881288,513.51,51.44567477,7.48912756,263.36,14.88,0.02,136.46,1,-107.00,-8.00,2.00,10.00,19.00,13.00,13415170,315
37.33,1566881289,528.38,51.44557863,7.48930559,263.65,14.94,0.06,134.63,1,-107.00,-8.00,2.00,10.00,19.00,13.00,13415170,315
38.33,1566881290,543.32,51.44549228,7.48948311,264.25,14.94,-0.00,132.66,1,-104.00,-8.00,-1.00,10.00,21.00,13.00,13415170,315
39.33,1566881291,558.24,51.44541408,7.48964831,265.33,14.61,-0.32,130.88,1,-104.00,-8.00,-1.00,10.00,21.00,13.00,13415170,315
40.34,1566881292,572.88,51.44532373,7.48982912,266.20,14.85,0.24,130.08,1,-106.00,-8.00,0.00,4.00,21.00,13.00,13415170,315
41.33,1566881293,587.72,51.44524506,7.49000444,267.41,14.53,-0.33,129.43,1,-106.00,-8.00,0.00,4.00,21.00,13.00,13415170,315
42.33,1566881294,602.25,51.44517264,7.49017504,268.65,14.40,-0.12,128.26,1,-106.00,-10.00,-4.00,5.00,21.00,13.00,13415170,315
43.33,1566881295,616.65,51.44509483,7.49036150,269.81,14.45,0.05,127.55,1,-106.00,-10.00,-4.00,5.00,21.00,13.00,13415170,315
44.34,1566881296,631.13,51.44502260,7.49053701,271.41,14.25,-0.20,128.18,1,-106.00,-9.00,-1.00,6.00,21.00,13.00,13415170,315
45.34,1566881297,645.37,51.44495240,7.49070103,272.86,13.85,-0.40,127.79,1,-106.00,-9.00,-1.00,6.00,21.00,13.00,13415170,315
46.34,1566881298,659.22,51.44489018,7.49085533,273.63,12.87,-0.98,128.39,1,-111.00,-12.00,-3.00,7.00,19.00,13.00,13415170,315
47.34,1566881299,672.09,51.44482999,7.49099869,274.24,12.04,-0.84,127.56,1,-111.00,-12.00,-3.00,7.00,19.00,13.00,13415170,315
48.34,1566881300,684.16,51.44477678,7.49112485,274.92,10.16,-1.88,127.85,1,-110.00,-10.00,-6.00,6.00,19.00,13.00,13415170,315
49.34,1566881301,694.31,51.44473625,7.49122462,275.08,7.77,-2.38,127.37,1,-110.00,-10.00,-6.00,6.00,19.00,13.00,13415170,315
50.34,1566881302,702.07,51.44470102,7.49130891,274.80,5.52,-2.26,127.21,1,-119.00,-14.00,-5.00,1.00,17.00,13.00,13415170,315
51.34,1566881303,707.59,51.44468703,7.49134875,274.76,2.81,-2.70,127.59,1,-119.00,-14.00,-5.00,1.00,17.00,13.00,13415170,315
52.34,1566881304,710.41,51.44467704,7.49137813,274.67,1.10,-1.71,127.59,1,-116.00,-13.00,-9.00,4.00,16.00,23.00,13417219,440
53.34,1566881306,711.51,51.44467146,7.49139550,274.56,0.35,-0.75,127.59,1,-116.00,-13.00,-9.00,4.00,16.00,23.00,13417219,440
54.34,1566881307,711.85,51.44467146,7.49139550,274.54,0.00,-0.34,127.59,1,-118.00,-15.00,-4.00,5.00,17.00,23.00,13417219,440
55.34,1566881307,711.85,51.44467146,7.49139550,274.53,0.00,0.00,127.59,1,-118.00,-15.00,-4.00,5.00,17.00,23.00,13417219,440
56.34,1566881308,711.85,51.44467146,7.49139550,274.52,0.00,0.00,127.59,1,-118.00,-15.00,-4.00,5.00,17.00,23.00,13417219,440
57.34,1566881309,711.85,51.44467146,7.49139550,274.50,0.00,0.00,127.59,1,-118.00,-15.00,-6.00,4.00,17.00,23.00,13417219,440
58.34,1566881310,711.85,51.44467146,7.49139550,274.49,0.00,0.00,127.59,1,-118.00,-15.00,-6.00,4.00,17.00,23.00,13417219,440
59.34,1566881311,711.85,51.44467146,7.49139550,274.47,0.00,0.00,127.59,1,-116.00,-15.00,-7.00,2.00,27.00,23.00,13417219,440
60.34,1566881312,711.85,51.44467146,7.49139550,274.45,0.00,0.00,127.59,1,-116.00,-15.00,-7.00,2.00,27.00,23.00,13417219,440
61.33,1566881313,711.85,51.44467146,7.49139550,274.43,0.00,0.00,127.59,1,-118.00,-15.00,-5.00,2.00,17.00,23.00,13417219,440
62.34,1566881315,711.85,51.44467146,7.49139550,274.41,0.00,0.00,127.59,1,-118.00,-15.00,-5.00,2.00,17.00,23.00,13417219,440
63.34,1566881315,711.85,51.44467146,7.49139550,274.39,0.00,0.00,127.59,1,-119.00,-15.00,-3.00,4.00,15.00,23.00,13417219,440
64.34,1566881316,711.85,51.44467146,7.49139550,274.37,0.00,0.00,127.59,1,-119.00,-15.00,-3.00,4.00,15.00,23.00,13417219,440
65.34,1566881317,711.85,51.44467146,7.49139550,274.35,0.00,0.00,127.59,1,-117.00,-13.00,-3.00,5.00,17.00,23.00,13417219,440
66.33,1566881318,711.85,51.44467146,7.49139550,274.34,0.00,0.00,127.59,1,-117.00,-13.00,-3.00,5.00,17.00,23.00,13417219,440
67.34,1566881319,711.85,51.44467146,7.49139550,274.32,0.00,0.00,127.59,1,-117.00,-12.00,-1.00,6.00,15.00,23.00,13417219,440
68.34,1566881320,711.85,51.44467146,7.49139550,274.31,0.00,0.00,127.59,1,-117.00,-12.00,-1.00,6.00,15.00,23.00,13417219,440
69.34,1566881321,711.85,51.44467146,7.49139550,274.30,0.00,0.00,127.59,1,-116.00,-13.00,-2.00,6.00,17.00,23.00,13417219,440
70.33,1566881322,711.85,51.44467146,7.49139550,274.29,0.00,0.00,127.59,1,-116.00,-13.00,-2.00,6.00,17.00,23.00,13417219,440
71.34,1566881323,711.85,51.44467146,7.49139550,274.18,0.00,0.00,127.59,1,-113.00,-12.00,0.00,6.00,16.00,23.00,13417219,440
72.34,1566881324,711.85,51.44467146,7.49139550,274.09,0.00,0.00,118.68,1,-113.00,-12.00,0.00,6.00,16.00,23.00,13417219,440
73.33,1566881325,711.85,51.44462955,7.49150704,273.97,0.00,0.00,120.20,1,-111.00,-9.00,1.00,6.00,17.00,23.00,13417219,440
74.33,1566881326,711.85,51.44461036,7.49155352,273.26,4.82,0.00,122.24,1,-111.00,-9.00,1.00,6.00,17.00,23.00,13417219,440
75.34,1566881328,716.71,51.44457667,7.49163588,272.56,5.01,0.19,125.09,1,-109.00,-7.00,3.00,2.00,18.00,23.00,13417219,440
76.33,1566881328,721.68,51.44454094,7.49168384,272.52,4.37,-0.64,141.66,1,-109.00,-7.00,3.00,2.00,18.00,23.00,13417219,440
77.33,1566881329,726.05,51.44449294,7.49170847,272.85,5.00,0.63,166.66,1,-109.00,-7.00,3.00,2.00,18.00,23.00,13417219,440
78.33,1566881330,731.06,51.44443305,7.49171076,273.10,6.26,1.25,186.02,1,-107.00,-7.00,3.00,2.00,19.00,23.00,13417219,440
79.33,1566881331,737.32,51.44437809,7.49167653,273.69,7.81,1.55,201.11,1,-107.00,-7.00,3.00,2.00,19.00,23.00,13417219,440
80.34,1566881332,745.14,51.44432575,7.49161008,273.99,8.57,0.76,215.27,1,-107.00,-7.00,1.00,2.00,21.00,23.00,13417219,440
81.34,1566881333,753.71,51.44426173,7.49153210,273.97,9.53,0.96,216.09,1,-107.00,-7.00,1.00,2.00,21.00,23.00,13417219,440
82.34,1566881334,763.25,51.44419613,7.49144751,273.86,10.83,1.30,216.87,1,-108.00,-9.00,-6.00,2.00,22.00,23.00,13417219,440
83.34,1566881335,774.08,51.44411257,7.49134459,273.85,11.93,1.09,216.14,1,-108.00,-9.00,-6.00,2.00,22.00,23.00,13417219,440
84.34,1566881336,786.00,51.44401486,7.49123724,273.45,12.83,0.91,215.31,1,-108.00,-10.00,4.00,6.00,24.00,23.00,13417219,440
85.34,1566881337,798.83,51.44392014,7.49112991,273.19,13.72,0.89,215.13,1,-108.00,-10.00,4.00,6.00,24.00,23.00,13417219,440
86.33,1566881338,812.53,51.44381955,7.49101674,272.67,14.34,0.62,214.80,1,-97.00,-5.00,14.00,10.00,28.00,23.00,13417219,440
87.33,1566881339,826.87,51.44371481,7.49089913,272.40,15.16,0.82,215.33,1,-97.00,-5.00,14.00,10.00,28.00,23.00,13417219,440
88.33,1566881340,842.04,51.44360616,7.49077268,272.27,15.91,0.75,215.75,1,-112.00,-10.00,-6.00,6.00,18.00,23.00,13417219,440
89.34,1566881341,857.98,51.44348932,7.49063656,272.42,16.57,0.66,216.16,1,-112.00,-10.00,-6.00,6.00,18.00,23.00,13417219,440
90.34,1566881343,874.58,51.44336668,7.49048768,272.65,16.88,0.31,216.91,1,-112.00,-10.00,-7.00,5.00,19.00,23.00,13417219,440
91.34,1566881343,891.45,51.44323877,7.49033542,272.91,17.05,0.17,216.32,1,-112.00,-10.00,-7.00,5.00,19.00,23.00,13417219,440
92.34,1566881344,908.50,51.44311849,7.49019131,273.21,16.54,-0.51,216.22,1,-109.00,-11.00,-3.00,4.00,21.00,23.00,13417219,440
93.34,1566881345,925.04,51.44300351,7.49005196,273.56,16.04,-0.50,216.21,1,-109.00,-11.00,-3.00,4.00,21.00,23.00,13417219,440
94.33,1566881346,941.06,51.44289198,7.48992230,274.00,15.65,-0.40,215.51,1,-107.00,-10.00,-6.00,6.00,23.00,23.00,13417219,440
95.33,1566881347,956.70,51.44278461,7.48979128,274.23,14.85,-0.79,217.75,1,-107.00,-10.00,-6.00,6.00,23.00,23.00,13417219,440
96.34,1566881349,971.68,51.44268135,7.48966188,274.34,14.51,-0.34,218.16,1,-104.00,-10.00,-3.00,6.00,24.00,23.00,13417219,440
97.33,1566881349,986.05,51.44257925,7.48953562,274.54,14.50,-0.00,217.61,1,-104.00,-10.00,-3.00,6.00,24.00,23.00,13417219,440
98.33,1566881350,1000.55,51.44247712,7.48941165,274.80,14.57,0.07,216.73,1,-104.00,-10.00,-3.00,6.00,24.00,23.00,13417219,440
99.33,1566881351,1015.13,51.44237260,7.48928847,274.88,14.53,-0.04,216.07,1,-99.00,-7.00,-10.00,13.00,29.00,23.00,13417219,440
100.33,1566881352,1029.66,51.44228407,7.48918286,275.32,13.36,-1.17,216.85,1,-99.00,-7.00,-10.00,13.00,29.00,23.00,13417219,440
101.33,1566881353,1043.03,51.44218121,7.48906016,275.25,14.30,0.94,217.58,1,-99.00,-8.00,17.00,10.00,28.00,23.00,13417219,440
102.33,1566881354,1057.31,51.44206980,7.48891740,275.14,14.91,0.61,218.43,1,-99.00,-8.00,17.00,10.00,28.00,23.00,13417219,440
103.33,1566881355,1072.22,51.44196501,7.48877656,275.24,14.40,-0.51,219.91,1,-96.00,-11.00,-4.00,6.00,36.00,23.00,13417219,440
104.33,1566881356,1086.62,51.44186668,7.48863816,275.98,13.98,-0.42,222.16,1,-96.00,-11.00,-4.00,6.00,36.00,23.00,13417219,440
105.34,1566881357,1100.64,51.44177393,7.48849375,276.49,13.85,-0.13,224.76,1,-101.00,-11.00,-7.00,2.00,33.00,23.00,13417219,440
106.34,1566881358,1114.47,51.44167640,7.48833299,276.97,14.58,0.74,225.79,1,-101.00,-11.00,-7.00,2.00,33.00,23.00,13417219,440
107.34,1566881359,1129.07,51.44157948,7.48816305,277.17,14.82,0.24,227.90,1,-100.00,-11.00,-3.00,2.00,32.00,23.00,13417219,440
108.34,1566881360,1143.89,51.44148361,7.48798530,277.60,14.88,0.06,229.54,1,-100.00,-11.00,-3.00,2.00,32.00,23.00,13417219,440
109.34,1566881361,1158.75,51.44139810,7.48781996,277.77,14.53,-0.35,230.88,1,-99.00,-6.00,14.00,2.00,27.00,23.00,13417219,440
110.34,1566881362,1173.29,51.44132647,7.48765871,278.29,14.43,-0.10,233.07,1,-99.00,-6.00,14.00,2.00,27.00,23.00,13417219,440
111.34,1566881363,1187.72,51.44125596,7.48750106,278.50,14.44,0.01,233.42,1,-100.00,-6.00,21.00,2.00,27.00,23.00,13417219,440
112.34,1566881364,1202.17,51.44117217,7.48731576,278.82,14.58,0.14,232.45,1,-100.00,-6.00,21.00,2.00,27.00,23.00,13417219,440
113.33,1566881365,1216.70,51.44109123,7.48713533,279.07,14.74,0.15,232.95,1,-98.00,-6.00,5.00,11.00,28.00,20.00,13417219,440
114.33,1566881366,1231.44,51.44101558,7.48697082,279.56,14.27,-0.47,233.88,1,-98.00,-6.00,5.00,11.00,28.00,20.00,13417219,440
115.33,1566881367,1245.72,51.44094225,7.48681029,280.21,14.31,0.04,233.47,1,-90.00,-6.00,10.00,14.00,37.00,20.00,13417219,440
116.33,1566881368,1260.02,51.44086883,7.48665244,280.34,14.20,-0.12,232.98,1,-90.00,-6.00,10.00,14.00,37.00,20.00,13417219,440
117.34,1566881370,1274.36,51.44079490,7.48648515,280.35,13.65,-0.55,234.57,1,-95.00,-5.00,13.00,12.00,31.00,20.00,13417219,440
118.33,1566881370,1287.87,51.44072479,7.48631668,280.74,13.70,0.05,235.21,1,-95.00,-5.00,13.00,12.00,31.00,20.00,13417219,440
119.33,1566881371,1301.58,51.44066248,7.48617109,281.00,13.12,-0.58,234.14,1,-95.00,-5.00,13.00,12.00,31.00,20.00,13417219,440
120.33,1566881372,1314.69,51.44057897,7.48598835,281.31,14.32,1.20,233.25,1,-91.00,-6.00,13.00,13.00,34.00,20.00,13417219,440
121.33,1566881373,1328.96,51.44050409,7.48582246,281.63,13.99,-0.33,232.90,1,-91.00,-6.00,13.00,13.00,34.00,20.00,13417219,440
122.34,1566881374,1343.02,51.44043566,7.48567902,281.80,13.64,-0.35,233.41,1,-99.00,-9.00,-6.00,6.00,36.00,20.00,13417219,440
123.34,1566881375,1356.66,51.44036096,7.48551424,281.63,13.69,0.05,234.58,1,-99.00,-9.00,-6.00,6.00,36.00,20.00,13417219,440
124.33,1566881376,1370.31,51.44028886,7.48535380,281.55,13.55,-0.14,234.59,1,-98.00,-11.00,6.00,10.00,33.00,20.00,13417219,440
125.33,1566881377,1383.88,51.44021014,7.48517581,281.72,14.45,0.90,235.24,1,-98.00,-11.00,6.00,10.00,33.00,20.00,13417219,440
126.33,1566881378,1398.34,51.44013964,7.48501381,281.63,13.51,-0.93,235.63,1,-94.00,-10.00,10.00,11.00,38.00,20.00,13417219,440
127.34,1566881379,1411.88,51.44006716,7.48485840,281.87,14.02,0.50,234.17,1,-94.00,-10.00,10.00,11.00,38.00,20.00,13417219,440
128.34,1566881381,1425.92,51.44000092,7.48471737,281.71,12.94,-1.08,234.98,1,-95.00,-11.00,11.00,9.00,35.00,20.00,13417219,440
129.34,1566881381,1438.81,51.43992741,7.48455977,281.71,13.73,0.80,234.47,1,-95.00,-11.00,11.00,9.00,35.00,20.00,13417219,440
130.34,1566881382,1452.56,51.43984334,7.48437496,281.58,13.85,0.12,233.46,1,-96.00,-7.00,8.00,9.00,30.00,20.00,13417219,440
131.34,1566881383,1466.40,51.43976436,7.48419948,281.09,13.52,-0.34,233.87,1,-96.00,-7.00,8.00,9.00,30.00,20.00,13417219,440
132.34,1566881384,1479.92,51.43968785,7.48404371,280.85,14.12,0.60,232.51,1,-99.00,-10.00,7.00,11.00,32.00,20.00,13417219,440
133.34,1566881385,1494.03,51.43960751,7.48387529,281.27,13.99,-0.13,232.30,1,-99.00,-10.00,7.00,11.00,32.00,20.00,13417219,440
134.34,1566881386,1508.04,51.43954068,7.48372391,281.72,13.65,-0.33,234.70,1,-98.00,-9.00,7.00,11.00,32.00,20.00,13417219,440
135.34,1566881387,1521.68,51.43946984,7.48355764,281.89,13.50,-0.15,235.32,1,-98.00,-9.00,7.00,11.00,32.00,20.00,13417219,440
136.33,1566881388,1535.17,51.43939670,7.48338869,282.15,13.62,0.11,234.74,1,-98.00,-7.00,3.00,12.00,29.00,20.00,13417219,440
137.34,1566881389,1548.80,51.43932033,7.48320857,282.48,13.92,0.30,235.49,1,-98.00,-7.00,3.00,12.00,29.00,20.00,13417219,440
138.34,1566881391,1562.84,51.43925150,7.48303629,282.98,13.73,-0.19,236.67,1,-98.00,-5.00,6.00,10.00,26.00,20.00,13417219,440
139.34,1566881391,1576.45,51.43918398,7.48285497,283.39,13.15,-0.59,238.04,1,-98.00,-5.00,6.00,10.00,26.00,20.00,13417219,440
140.34,1566881392,1589.59,51.43912149,7.48267108,283.75,12.88,-0.27,240.33,1,-98.00,-5.00,6.00,10.00,26.00,20.00,13417219,440
141.33,1566881393,1602.46,51.43906027,7.48249136,284.04,14.04,1.16,239.66,1,-94.00,-5.00,17.00,15.00,29.00,20.00,13417219,440
142.33,1566881394,1616.50,51.43900205,7.48231557,284.13,13.97,-0.06,240.36,1,-94.00,-5.00,17.00,15.00,29.00,20.00,13417219,440
143.33,1566881395,1630.47,51.43894572,7.48214692,284.42,13.76,-0.22,239.95,1,-96.00,-5.00,13.00,11.00,29.00,20.00,13417219,440
144.33,1566881396,1644.23,51.43887902,7.48196791,284.25,13.90,0.14,238.93,1,-96.00,-5.00,13.00,11.00,29.00,20.00,13417219,440
145.33,1566881397,1658.13,51.43882086,7.48181015,283.74,12.35,-1.55,238.08,1,-101.00,-6.00,10.00,9.00,26.00,20.00,13417219,440
146.33,1566881398,1670.48,51.43875321,7.48161772,283.62,13.68,1.33,239.18,1,-101.00,-6.00,10.00,9.00,26.00,20.00,13417219,440
147.33,1566881399,1684.15,51.43869134,7.48144120,283.46,13.96,0.29,240.02,1,-95.00,-5.00,10.00,12.00,28.00,20.00,13417219,440
148.34,1566881400,1698.13,51.43862906,7.48126273,283.19,13.96,0.00,239.71,1,-95.00,-5.00,10.00,12.00,28.00,20.00,13417219,440
149.33,1566881401,1712.08,51.43857176,7.48108379,282.98,13.76,-0.20,241.83,1,-92.00,-4.00,19.00,15.00,32.00,20.00,13417219,440
150.33,1566881402,1725.84,51.43851572,7.48090798,282.72,13.93,0.17,241.39,1,-92.00,-4.00,19.00,15.00,32.00,20.00,13417219,440
151.34,1566881403,1739.79,51.43845247,7.48072591,282.61,13.99,0.06,240.32,1,-96.00,-6.00,14.00,11.00,32.00,20.00,13417219,440
152.34,1566881404,1753.78,51.43838770,7.48053515,282.93,14.53,0.55,239.65,1,-96.00,-6.00,14.00,11.00,32.00,20.00,13417219,440
153.34,1566881405,1768.31,51.43832045,7.48034527,283.76,13.63,-0.90,240.92,1,-94.00,-5.00,7.00,2.00,39.00,20.00,13417219,440
154.33,1566881406,1781.93,51.43826164,7.48017433,284.19,13.84,0.21,241.45,1,-94.00,-5.00,7.00,2.00,39.00,20.00,13417219,440
155.34,1566881408,1795.83,51.43820623,7.48000451,284.65,13.52,-0.32,241.48,1,-99.00,-8.00,4.00,2.00,29.00,20.00,13417219,440
156.34,1566881409,1809.36,51.43815480,7.47984464,284.70,12.96,-0.56,243.46,1,-99.00,-8.00,4.00,2.00,29.00,20.00,13417219,440
157.34,1566881410,1822.32,51.43810174,7.47966867,284.64,12.81,-0.15,243.07,1,-100.00,-7.00,4.00,2.00,28.00,20.00,13417219,440
158.34,1566881411,1835.13,51.43804326,7.47948801,284.63,13.47,0.66,242.19,1,-100.00,-7.00,4.00,2.00,28.00,20.00,13417219,440
159.35,1566881412,1848.73,51.43798929,7.47931727,284.42,13.07,-0.40,243.36,1,-99.00,-8.00,8.00,2.00,30.00,20.00,13417219,440
160.34,1566881413,1861.68,51.43793618,7.47916204,284.04,13.40,0.34,241.37,1,-99.00,-8.00,8.00,2.00,30.00,20.00,13417219,440
161.34,1566881414,1875.06,51.43787966,7.47899641,283.43,13.37,-0.04,242.00,1,-99.00,-8.00,8.00,2.00,30.00,20.00,13417219,440
162.34,1566881414,1888.41,51.43782250,7.47882013,283.46,12.66,-0.71,241.38,1,-96.00,-7.00,11.00,2.00,32.00,20.00,13417219,440
163.34,1566881415,1901.06,51.43776499,7.47864285,283.98,13.17,0.52,240.55,1,-96.00,-7.00,11.00,2.00,32.00,20.00,13417219,440
164.33,1566881416,1914.21,51.43770316,7.47847008,283.97,13.69,0.52,239.84,1,-93.00,-6.00,15.00,2.00,34.00,20.00,13417219,440
165.33,1566881417,1927.90,51.43764464,7.47830307,284.06,13.19,-0.50,241.20,1,-93.00,-6.00,15.00,2.00,34.00,20.00,13417219,440
166.34,1566881418,1941.11,51.43758143,7.47812027,284.50,12.51,-0.69,241.90,1,-96.00,-7.00,11.00,12.00,31.00,22.00,13417219,440
167.33,1566881419,1953.56,51.43751849,7.47794121,284.63,13.38,0.88,239.80,1,-96.00,-7.00,11.00,12.00,31.00,22.00,13417219,440
168.34,1566881420,1967.00,51.43746824,7.47778103,284.63,11.16,-2.22,242.37,1,-90.00,-6.00,11.00,12.00,36.00,22.00,13417219,440
169.33,1566881421,1978.14,51.43741650,7.47761908,284.69,12.23,1.08,241.84,1,-90.00,-6.00,11.00,12.00,36.00,22.00,13417219,440
170.33,1566881422,1990.37,51.43736206,7.47744857,284.88,13.01,0.78,241.39,1,-91.00,-5.00,20.00,14.00,36.00,18.00,13523715,6
171.33,1566881423,2003.38,51.43730272,7.47726787,284.98,13.13,0.12,242.41,1,-91.00,-5.00,20.00,14.00,36.00,18.00,13523715,6
172.33,1566881424,2016.51,51.43724973,7.47709116,284.81,12.90,-0.23,244.20,1,-90.00,-4.00,14.00,12.00,35.00,18.00,13523715,6
173.33,1566881425,2029.41,51.43720774,7.47692052,284.95,12.83,-0.07,246.85,1,-90.00,-4.00,14.00,12.00,35.00,18.00,13523715,6
174.33,1566881426,2042.24,51.43718908,7.47674436,285.09,12.10,-0.73,259.44,1,-94.00,-5.00,7.00,11.00,31.00,18.00,13523715,6
175.34,1566881427,2054.35,51.43717906,7.47657737,285.41,11.23,-0.87,263.16,1,-94.00,-5.00,7.00,11.00,31.00,18.00,13523715,6
176.33,1566881428,2065.57,51.43720239,7.47641236,285.46,10.02,-1.21,284.33,1,-94.00,-5.00,11.00,11.00,31.00,18.00,13523715,6
177.34,1566881429,2075.60,51.43725007,7.47627306,285.25,8.58,-1.44,305.18,1,-94.00,-5.00,11.00,11.00,31.00,18.00,13523715,6
178.34,1566881430,2084.18,51.43731532,7.47621316,285.14,8.82,0.25,330.00,1,-96.00,-5.00,8.00,9.00,28.00,18.00,13523715,6
179.34,1566881431,2093.00,51.43739140,7.47619111,285.03,8.63,-0.19,354.05,1,-96.00,-5.00,8.00,9.00,28.00,18.00,13523715,6
180.34,1566881433,2101.70,51.43745427,7.47622677,284.84,8.10,-0.53,23.48,1,-98.00,-6.00,8.00,12.00,27.00,18.00,13523715,6
181.34,1566881433,2109.74,51.43751465,7.47629083,284.39,9.34,1.24,40.01,1,-98.00,-6.00,8.00,12.00,27.00,18.00,13523715,6
182.34,1566881434,2119.08,51.43756948,7.47635803,284.89,10.37,1.04,43.01,1,-98.00,-6.00,8.00,12.00,27.00,18.00,13523715,6
183.33,1566881435,2129.44,51.43764302,7.47646288,285.63,10.78,0.41,45.43,1,-99.00,-4.00,3.00,2.00,33.00,18.00,13523715,6
184.33,1566881436,2140.22,51.43771618,7.47659544,286.24,12.67,1.89,47.75,1,-99.00,-4.00,3.00,2.00,33.00,18.00,13523715,6
185.34,1566881437,2152.90,51.43779759,7.47674793,286.52,13.91,1.24,49.67,1,-103.00,-7.00,-1.00,2.00,25.00,18.00,13523715,6
186.34,1566881438,2166.81,51.43788566,7.47692316,286.31,14.68,0.77,51.59,1,-103.00,-7.00,-1.00,2.00,25.00,18.00,13523715,6
187.34,1566881439,2181.49,51.43796398,7.47709138,286.41,15.36,0.69,52.73,1,-104.00,-7.00,-4.00,2.00,24.00,18.00,13523715,6
188.34,1566881440,2196.85,51.43805197,7.47727608,286.13,15.44,0.08,53.49,1,-104.00,-7.00,-4.00,2.00,24.00,18.00,13523715,6
189.34,1566881441,2212.30,51.43814444,7.47747653,285.79,15.58,0.14,54.18,1,-103.00,-7.00,9.00,2.00,24.00,18.00,13523715,6
190.34,1566881442,2227.88,51.43822341,7.47765434,285.48,15.77,0.18,54.72,1,-103.00,-7.00,9.00,2.00,24.00,18.00,13523715,6
191.33,1566881443,2243.63,51.43830247,7.47783942,285.24,16.01,0.24,55.24,1,-103.00,-6.00,-2.00,2.00,24.00,18.00,13523715,6
192.34,1566881444,2259.65,51.43838483,7.47803747,285.32,16.77,0.77,54.99,1,-103.00,-6.00,-2.00,2.00,24.00,18.00,13523715,6
193.34,1566881445,2276.42,51.43847933,7.47826214,285.68,17.15,0.37,55.71,1,-104.00,-7.00,-1.00,2.00,24.00,18.00,13523715,6
194.34,1566881446,2293.57,51.43857147,7.47848503,285.54,17.41,0.27,56.42,1,-104.00,-7.00,-1.00,2.00,24.00,18.00,13523715,6
195.34,1566881447,2310.98,51.43866330,7.47870441,285.92,17.49,0.08,57.14,1,-103.00,-5.00,5.00,2.00,30.00,22.00,13417219,440
196.33,1566881448,2328.46,51.43875417,7.47892272,286.55,17.86,0.37,56.62,1,-103.00,-5.00,5.00,2.00,30.00,22.00,13417219,440
197.34,1566881449,2346.35,51.43884610,7.47914491,287.06,18.17,0.31,56.23,1,-103.00,-6.00,7.00,2.00,23.00,22.00,13417219,440
198.34,1566881450,2364.52,51.43893703,7.47936123,287.89,18.55,0.39,57.05,1,-103.00,-6.00,7.00,2.00,23.00,22.00,13417219,440
199.34,1566881451,2383.07,51.43903299,7.47959568,288.47,19.14,0.59,56.63,1,-105.00,-6.00,1.00,2.00,21.00,22.00,13417219,440
200.34,1566881452,2402.22,51.43912615,7.47982268,288.64,18.91,-0.23,57.05,1,-105.00,-6.00,1.00,2.00,21.00,22.00,13417219,440
201.34,1566881453,2421.12,51.43921969,7.48004735,287.93,19.03,0.12,56.31,1,-106.00,-7.00,3.00,2.00,21.00,22.00,13417219,440
202.34,1566881454,2440.16,51.43931726,7.48027683,287.60,19.06,0.03,55.56,1,-106.00,-7.00,3.00,2.00,21.00,22.00,13417219,440
203.34,1566881456,2459.36,51.43942528,7.48051443,287.45,19.46,0.40,54.99,1,-106.00,-7.00,2.00,2.00,21.00,22.00,13417219,440
204.34,1566881456,2478.65,51.43952402,7.48073264,287.79,19.17,-0.29,54.66,1,-106.00,-7.00,2.00,2.00,21.00,22.00,13417219,440
205.34,1566881457,2497.82,51.43962269,7.48094607,288.06,18.76,-0.41,53.93,1,-106.00,-7.00,2.00,2.00,21.00,22.00,13417219,440
206.34,1566881458,2516.58,51.43971778,7.48115400,288.21,18.89,0.12,53.27,1,-106.00,-8.00,5.00,2.00,23.00,22.00,13417219,440
207.34,1566881459,2535.47,51.43981577,7.48135750,287.84,19.09,0.20,52.11,1,-106.00,-8.00,5.00,2.00,23.00,22.00,13417219,440
208.34,1566881460,2554.55,51.43991661,7.48156834,287.68,18.70,-0.38,51.33,1,-105.00,-8.00,-1.00,2.00,23.00,22.00,13417219,440
209.33,1566881461,2573.24,51.44001262,7.48175743,286.35,18.45,-0.25,49.99,1,-105.00,-8.00,-1.00,2.00,23.00,22.00,13417219,440
210.34,1566881462,2591.71,51.44011681,7.48195078,284.98,18.17,-0.28,48.58,1,-108.00,-10.00,-3.00,2.00,21.00,22.00,13417219,440
211.34,1566881463,2609.87,51.44023248,7.48214725,283.71,18.21,0.05,47.17,1,-108.00,-10.00,-3.00,2.00,21.00,22.00,13417219,440
212.34,1566881464,2628.09,51.44035098,7.48233335,282.89,18.23,0.02,45.70,1,-110.00,-11.00,-7.00,2.00,21.00,22.00,13417219,440
213.34,1566881465,2646.33,51.44047551,7.48251991,282.05,18.12,-0.11,44.39,1,-110.00,-11.00,-7.00,2.00,21.00,22.00,13417219,440
214.34,1566881466,2664.48,51.44059966,7.48270619,280.99,18.50,0.37,43.41,1,-112.00,-14.00,-9.00,2.00,22.00,22.00,13417219,440
215.34,1566881467,2682.97,51.44072258,7.48287548,280.14,18.58,0.09,42.19,1,-112.00,-14.00,-9.00,2.00,22.00,22.00,13417219,440
216.34,1566881469,2701.67,51.44084695,7.48304744,279.27,18.66,0.08,41.29,1,-111.00,-14.00,-5.00,2.00,23.00,22.00,13415426,265
217.34,1566881470,2720.33,51.44097767,7.48321608,278.44,19.10,0.44,40.25,1,-111.00,-14.00,-5.00,2.00,23.00,22.00,13415426,265
218.34,1566881471,2739.36,51.44112168,7.48339415,277.98,19.42,0.32,39.22,1,-109.00,-12.00,-3.00,2.00,24.00,22.00,13415426,265
219.34,1566881472,2758.76,51.44126156,7.48355876,277.66,19.25,-0.17,38.08,1,-109.00,-12.00,-3.00,2.00,24.00,22.00,13415426,265
220.34,1566881472,2777.97,51.44139595,7.48370939,277.33,19.15,-0.10,36.90,1,-108.00,-13.00,-3.00,2.00,25.00,22.00,13415426,265
221.34,1566881473,2797.12,51.44153606,7.48385919,277.08,18.99,-0.16,35.55,1,-108.00,-13.00,-3.00,2.00,25.00,22.00,13415426,265
222.34,1566881474,2816.13,51.44167717,7.48400233,276.86,18.90,-0.09,34.15,1,-110.00,-15.00,0.00,2.00,25.00,22.00,13415426,265
223.34,1566881475,2835.01,51.44182123,7.48414081,276.61,18.71,-0.20,32.68,1,-110.00,-15.00,0.00,2.00,25.00,22.00,13415426,265
224.35,1566881477,2853.90,51.44196911,7.48427176,276.49,18.58,-0.12,31.11,1,-110.00,-15.00,-6.00,2.00,24.00,22.00,13415426,265
225.34,1566881478,2872.34,51.44212176,7.48440048,276.41,18.39,-0.20,29.96,1,-110.00,-15.00,-6.00,2.00,24.00,22.00,13415426,265
226.34,1566881478,2890.71,51.44227151,7.48452214,276.13,18.23,-0.16,28.91,1,-110.00,-15.00,-6.00,2.00,24.00,22.00,13415426,265
227.34,1566881480,2908.95,51.44241569,7.48463783,275.76,18.16,-0.07,27.93,1,-109.00,-13.00,-9.00,2.00,22.00,22.00,13415426,265
228.34,1566881481,2927.13,51.44256310,7.48474638,275.38,18.04,-0.12,27.05,1,-109.00,-13.00,-9.00,2.00,22.00,22.00,13415426,265
229.34,1566881481,2945.10,51.44271035,7.48485726,275.08,17.99,-0.06,26.26,1,-112.00,-13.00,-7.00,2.00,22.00,22.00,13415426,265
230.34,1566881482,2963.09,51.44285902,7.48496055,274.62,17.86,-0.12,25.61,1,-112.00,-13.00,-7.00,2.00,22.00,22.00,13415426,265
231.34,1566881483,2980.99,51.44300591,7.48506244,274.11,17.83,-0.03,25.09,1,-112.00,-14.00,-7.00,3.00,21.00,17.00,13415170,315
232.34,1566881484,2998.80,51.44315452,7.48516364,273.49,18.07,0.24,24.60,1,-112.00,-14.00,-7.00,3.00,21.00,17.00,13415170,315
233.34,1566881485,3016.87,51.44330335,7.48526623,272.93,18.17,0.10,24.24,1,-114.00,-15.00,-9.00,3.00,22.00,17.00,13415170,315
234.34,1566881486,3035.04,51.44345297,7.48536741,272.61,17.43,-0.75,23.97,1,-114.00,-15.00,-9.00,3.00,22.00,17.00,13415170,315
235.34,1566881487,3052.49,51.44360559,7.48546723,272.44,16.58,-0.84,23.38,1,-113.00,-16.00,-9.00,1.00,24.00,17.00,13415170,315
236.34,1566881488,3069.05,51.44373678,7.48555194,272.19,15.79,-0.79,22.80,1,-113.00,-16.00,-9.00,1.00,24.00,17.00,13415170,315
237.33,1566881489,3084.81,51.44386388,7.48563087,271.87,15.39,-0.39,21.96,1,-109.00,-13.00,-8.00,3.00,23.00,17.00,13415170,315
238.33,1566881490,3100.20,51.44398992,7.48570980,271.67,14.37,-1.02,21.33,1,-109.00,-13.00,-8.00,3.00,23.00,17.00,13415170,315
239.34,1566881491,3114.59,51.44411580,7.48578248,271.67,13.38,-0.99,20.43,1,-110.00,-13.00,-6.00,2.00,23.00,17.00,13415170,315
240.34,1566881492,3127.97,51.44422640,7.48584593,271.38,12.84,-0.55,21.38,1,-110.00,-13.00,-6.00,2.00,23.00,17.00,13415170,315
241.34,1566881493,3140.83,51.44432767,7.48591051,271.09,12.37,-0.46,22.22,1,-110.00,-12.00,-9.00,1.00,22.00,17.00,13415170,315
242.34,1566881494,3153.20,51.44442640,7.48598109,270.66,11.36,-1.01,24.36,1,-110.00,-12.00,-9.00,1.00,22.00,17.00,13415170,315
243.34,1566881496,3164.58,51.44451539,7.48605678,270.17,10.72,-0.64,27.55,1,-109.00,-14.00,-3.00,4.00,24.00,17.00,13415170,315
244.34,1566881496,3175.26,51.44458428,7.48615299,269.50,10.50,-0.22,40.81,1,-109.00,-14.00,-3.00,4.00,24.00,17.00,13415170,315
245.34,1566881498,3185.80,51.44465086,7.48625603,268.92,10.33,-0.17,42.95,1,-112.00,-15.00,-6.00,3.00,22.00,17.00,13415170,315
246.34,1566881499,3196.12,51.44469735,7.48637773,268.33,10.20,-0.12,57.96,1,-112.00,-15.00,-6.00,3.00,22.00,17.00,13415170,315
247.35,1566881500,3206.42,51.44472885,7.48651767,267.76,10.07,-0.13,70.62,1,-120.00,-16.00,-8.00,1.00,16.00,17.00,13415170,315
248.38,1566881501,3216.85,51.44475362,7.48666123,267.18,10.47,0.38,74.42,1,-120.00,-16.00,-8.00,1.00,16.00,17.00,13415170,315
249.34,1566881502,3226.86,51.44474805,7.48681666,266.68,10.84,0.39,94.09,1,-120.00,-16.00,-8.00,1.00,16.00,17.00,13415170,315
250.33,1566881502,3237.65,51.44473356,7.48695846,266.17,10.97,0.13,97.85,nan,nan,nan,nan,nan,nan,nan,nan,nan
251.33,1566881503,3248.62,51.44468759,7.48710713,265.59,10.66,-0.32,116.95,nan,nan,nan,nan,nan,nan,nan,nan,nan
252.34,1566881504,3259.29,51.44463671,7.48723969,265.13,10.45,-0.20,120.65,nan,nan,nan,nan,nan,nan,nan,nan,nan
253.34,1566881505,3269.74,51.44455515,7.48735469,264.58,10.65,0.20,140.32,nan,nan,nan,nan,nan,nan,nan,nan,nan
254.34,1566881506,3280.39,51.44448115,7.48743928,264.26,10.56,-0.09,143.84,nan,nan,nan,nan,nan,nan,nan,nan,nan
255.33,1566881507,3290.95,51.44438998,7.48749363,264.28,9.99,-0.58,161.45,nan,nan,nan,nan,nan,nan,nan,nan,nan
256.33,1566881508,3300.94,51.44430712,7.48752443,264.30,9.91,-0.08,164.96,nan,nan,nan,nan,nan,nan,nan,nan,nan
257.34,1566881509,3310.86,51.44421321,7.48751677,264.19,9.65,-0.26,183.88,nan,nan,nan,nan,nan,nan,nan,nan,nan
258.37,1566881511,3320.86,51.44411447,7.48750198,263.76,9.70,0.05,186.89,nan,nan,nan,nan,nan,nan,nan,nan,nan
259.33,1566881511,3330.20,51.44403973,7.48744889,263.59,9.74,0.04,203.73,nan,nan,nan,nan,nan,nan,nan,nan,nan
260.34,1566881512,3339.95,51.44397403,7.48739372,263.35,9.99,0.25,207.26,1,-111.00,-13.00,-6.00,8.00,22.00,24.00,13417219,440
261.34,1566881513,3349.94,51.44391574,7.48729878,262.91,10.55,0.55,225.92,1,-111.00,-13.00,-6.00,8.00,22.00,24.00,13417219,440
262.34,1566881514,3360.49,51.44385445,7.48718424,262.53,10.53,-0.02,229.61,1,-118.00,-17.00,-5.00,4.00,18.00,24.00,13417219,440
263.34,1566881515,3371.03,51.44382167,7.48704544,262.04,10.57,0.04,248.58,1,-118.00,-17.00,-5.00,4.00,18.00,24.00,13417219,440
264.34,1566881516,3381.60,51.44378644,7.48688185,261.74,10.61,0.04,252.32,1,-115.00,-14.00,-6.00,5.00,18.00,24.00,13417219,440
265.34,1566881518,3392.22,51.44378019,7.48672215,261.81,11.16,0.55,268.37,1,-115.00,-14.00,-6.00,5.00,18.00,24.00,13417219,440
266.34,1566881519,3403.39,51.44377180,7.48655444,262.16,12.01,0.85,268.52,1,-116.00,-15.00,-8.00,4.00,18.00,24.00,13417219,440
267.34,1566881520,3415.38,51.44376369,7.48637881,262.46,12.88,0.87,267.97,1,-116.00,-15.00,-8.00,4.00,18.00,24.00,13417219,440
268.35,1566881521,3428.40,51.44375497,7.48618796,262.78,13.67,0.78,267.53,1,-113.00,-15.00,-7.00,5.00,19.00,24.00,13417219,440
269.34,1566881522,3441.92,51.44374505,7.48598759,263.01,14.35,0.69,267.14,1,-113.00,-15.00,-7.00,5.00,19.00,24.00,13417219,440
270.34,1566881523,3456.29,51.44373675,7.48578547,263.22,14.45,0.10,267.95,1,-113.00,-15.00,-7.00,5.00,19.00,24.00,13417219,440
271.33,1566881523,3470.67,51.44373334,7.48559642,263.66,14.68,0.23,268.80,1,-120.00,-16.00,-9.00,3.00,16.00,24.00,13417219,440
272.33,1566881524,3485.37,51.44372418,7.48537886,262.86,15.23,0.55,266.42,1,-120.00,-16.00,-9.00,3.00,16.00,24.00,13417219,440
273.33,1566881525,3500.60,51.44366877,7.48514834,262.70,16.36,1.13,247.25,nan,nan,nan,nan,nan,nan,nan,nan,nan
274.33,1566881526,3516.93,51.44366079,7.48491605,262.06,16.30,-0.06,265.82,nan,nan,nan,nan,nan,nan,nan,nan,nan
275.33,1566881527,3533.25,51.44365807,7.48465902,262.31,17.64,1.34,267.52,nan,nan,nan,nan,nan,nan,nan,nan,nan
276.33,1566881528,3550.91,51.44365786,7.48440225,262.81,17.15,-0.49,268.26,nan,nan,nan,nan,nan,nan,nan,nan,nan
277.33,1566881529,3568.00,51.44366318,7.48413606,263.61,17.54,0.39,269.04,nan,nan,nan,nan,nan,nan,nan,nan,nan
278.33,1566881530,3585.55,51.44366698,7.48387250,263.82,18.11,0.57,269.04,nan,nan,nan,nan,nan,nan,nan,nan,nan
279.33,1566881531,3603.69,51.44367073,7.48361457,263.84,18.76,0.65,268.09,nan,nan,nan,nan,nan,nan,nan,nan,nan
280.33,1566881532,3622.47,51.44366964,7.48333744,263.53,19.32,0.56,267.91,nan,nan,nan,nan,nan,nan,nan,nan,nan
281.33,1566881533,3641.79,51.44366673,7.48305536,263.11,19.49,0.17,267.75,nan,nan,nan,nan,nan,nan,nan,nan,nan
282.34,1566881534,3661.31,51.44366300,7.48276868,262.58,19.33,-0.16,267.24,nan,nan,nan,nan,nan,nan,nan,nan,nan
283.34,1566881535,3680.63,51.44365678,7.48249064,262.12,19.50,0.17,266.85,nan,nan,nan,nan,nan,nan,nan,nan,nan
284.34,1566881536,3700.14,51.44364992,7.48220701,261.79,19.83,0.33,266.95,nan,nan,nan,nan,nan,nan,nan,nan,nan
285.33,1566881537,3719.95,51.44364305,7.48192101,261.44,20.23,0.39,266.80,nan,nan,nan,nan,nan,nan,nan,nan,nan
286.33,1566881538,3740.18,51.44363191,7.48163453,261.39,20.65,0.42,266.52,nan,nan,nan,nan,nan,nan,nan,nan,nan
287.34,1566881539,3760.85,51.44361948,7.48133650,261.37,21.00,0.35,266.17,nan,nan,nan,nan,nan,nan,nan,nan,nan
288.33,1566881540,3781.82,51.44360800,7.48103299,261.35,21.29,0.29,265.87,nan,nan,nan,nan,nan,nan,nan,nan,nan
289.33,1566881541,3803.11,51.44359396,7.48072745,261.34,21.50,0.21,265.73,nan,nan,nan,nan,nan,nan,nan,nan,nan
290.33,1566881542,3824.61,51.44357979,7.48042016,261.28,21.62,0.12,264.75,nan,nan,nan,nan,nan,nan,nan,nan,nan
291.35,1566881544,3846.45,51.44355866,7.48011101,261.14,21.78,0.16,263.76,nan,nan,nan,nan,nan,nan,nan,nan,nan
292.33,1566881544,3868.01,51.44353740,7.47980432,261.08,21.94,0.16,263.07,nan,nan,nan,nan,nan,nan,nan,nan,nan
293.33,1566881545,3889.93,51.44351232,7.47949240,260.90,22.16,0.22,262.12,nan,nan,nan,nan,nan,nan,nan,nan,nan
294.33,1566881546,3912.11,51.44348516,7.47916890,260.60,22.55,0.38,262.38,nan,nan,nan,nan,nan,nan,nan,nan,nan
295.33,1566881547,3934.66,51.44345672,7.47884823,260.37,22.89,0.35,262.50,nan,nan,nan,nan,nan,nan,nan,nan,nan
296.33,1566881548,3957.53,51.44342876,7.47851747,260.05,23.12,0.22,262.77,nan,nan,nan,nan,nan,nan,nan,nan,nan
297.33,1566881549,3980.67,51.44340443,7.47818834,259.72,23.52,0.40,262.81,nan,nan,nan,nan,nan,nan,nan,nan,nan
298.34,1566881550,4004.21,51.44337969,7.47785271,259.30,23.74,0.22,262.42,1,-103.00,-9.00,-9.00,6.00,26.00,17.00,13415426,265
299.33,1566881551,4027.92,51.44335420,7.47751848,258.83,23.67,-0.07,262.14,1,-103.00,-9.00,-9.00,6.00,26.00,17.00,13415426,265
300.33,1566881552,4051.59,51.44332651,7.47718197,258.41,23.80,0.14,261.94,1,-105.00,-10.00,-4.00,7.00,25.00,17.00,13415426,265
301.34,1566881553,4075.41,51.44329798,7.47684257,258.05,24.06,0.26,261.88,1,-105.00,-10.00,-4.00,7.00,25.00,17.00,13415426,265
302.33,1566881554,4099.45,51.44326908,7.47650068,257.70,24.38,0.32,261.32,1,-108.00,-10.00,-3.00,6.00,23.00,17.00,13415426,265
303.34,1566881555,4123.85,51.44323770,7.47614366,257.51,24.45,0.07,261.30,1,-108.00,-10.00,-3.00,6.00,23.00,17.00,13415426,265
304.34,1566881556,4148.32,51.44320642,7.47579484,257.29,24.50,0.06,261.12,1,-111.00,-15.00,-5.00,3.00,26.00,17.00,13415426,265
305.34,1566881557,4172.83,51.44316836,7.47544422,257.15,24.46,-0.04,260.35,1,-111.00,-15.00,-5.00,3.00,26.00,17.00,13415426,265
306.33,1566881558,4197.24,51.44312829,7.47509219,256.92,24.62,0.16,259.55,1,-110.00,-14.00,-4.00,4.00,24.00,17.00,13415426,265
307.34,1566881559,4221.88,51.44307796,7.47473668,256.66,25.23,0.61,257.91,1,-110.00,-14.00,-4.00,4.00,24.00,17.00,13415426,265
308.33,1566881560,4247.08,51.44303160,7.47439766,256.13,25.17,-0.06,258.28,1,-109.00,-13.00,-3.00,5.00,22.00,17.00,13415426,265
309.33,1566881561,4272.26,51.44298429,7.47405175,255.38,25.30,0.13,258.61,1,-109.00,-13.00,-3.00,5.00,22.00,17.00,13415426,265
310.33,1566881562,4297.53,51.44293797,7.47370083,254.78,25.27,-0.03,258.88,1,-105.00,-11.00,4.00,6.00,25.00,17.00,13415426,265
311.33,1566881563,4322.83,51.44289538,7.47334450,254.11,25.47,0.20,259.31,1,-105.00,-11.00,4.00,6.00,25.00,17.00,13415426,265
312.33,1566881564,4348.27,51.44284914,7.47297642,253.61,25.57,0.10,259.43,1,-109.00,-10.00,1.00,5.00,22.00,17.00,13415426,265
313.33,1566881565,4373.84,51.44280521,7.47261360,253.29,25.63,0.06,259.39,1,-109.00,-10.00,1.00,5.00,22.00,17.00,13415426,265
314.34,1566881567,4399.70,51.44276272,7.47225387,252.74,25.89,0.26,259.40,1,-111.00,-9.00,4.00,7.00,19.00,17.00,13415426,265
315.33,1566881567,4425.38,51.44271680,7.47188635,251.96,25.88,-0.01,259.12,1,-111.00,-9.00,4.00,7.00,19.00,17.00,13415426,265
316.33,1566881568,4451.26,51.44267227,7.47152208,251.74,25.87,-0.01,258.75,1,-111.00,-9.00,4.00,7.00,19.00,17.00,13415426,265
317.33,1566881569,4477.13,51.44262621,7.47115065,251.57,25.70,-0.17,258.71,1,-110.00,-7.00,7.00,7.00,19.00,17.00,13415426,265
318.33,1566881570,4502.81,51.44258419,7.47080069,251.00,25.52,-0.19,258.63,1,-110.00,-7.00,7.00,7.00,19.00,17.00,13415426,265
319.33,1566881571,4528.33,51.44253840,7.47045795,249.97,25.51,-0.01,258.11,1,-109.00,-8.00,3.00,6.00,19.00,17.00,13415426,265
320.33,1566881572,4553.84,51.44249285,7.47011689,248.71,25.34,-0.17,257.82,1,-109.00,-8.00,3.00,6.00,19.00,17.00,13415426,265
321.33,1566881573,4579.20,51.44244646,7.46976933,247.40,25.57,0.23,257.81,1,-107.00,-7.00,4.00,10.00,20.00,17.00,13415426,265
322.33,1566881574,4604.77,51.44239629,7.46940660,246.23,25.47,-0.09,258.32,1,-107.00,-7.00,4.00,10.00,20.00,17.00,13415426,265
323.33,1566881575,4630.24,51.44234803,7.46905294,245.17,25.37,-0.11,257.55,1,-107.00,-8.00,5.00,9.00,19.00,17.00,13415426,265
324.33,1566881576,4655.61,51.44230216,7.46870117,244.44,25.54,0.17,258.14,1,-107.00,-8.00,5.00,9.00,19.00,17.00,13415426,265
325.33,1566881577,4681.15,51.44225341,7.46833293,243.84,25.92,0.38,258.78,1,-111.00,-8.00,2.00,6.00,17.00,17.00,13415426,265
326.33,1566881578,4707.07,51.44220905,7.46796404,243.36,26.02,0.10,259.16,1,-111.00,-8.00,2.00,6.00,17.00,17.00,13415426,265
327.33,1566881579,4733.09,51.44216587,7.46760233,242.80,25.97,-0.05,259.56,1,-112.00,-11.00,-8.00,5.00,18.00,17.00,13415426,265
328.33,1566881580,4759.06,51.44212390,7.46724624,242.28,25.47,-0.50,259.96,1,-112.00,-11.00,-8.00,5.00,18.00,17.00,13415426,265
329.34,1566881582,4784.61,51.44208226,7.46688899,241.81,25.10,-0.37,260.09,1,-114.00,-14.00,-6.00,3.00,19.00,17.00,13415426,265
330.34,1566881582,4809.69,51.44204551,7.46652786,241.41,25.11,0.01,260.54,1,-114.00,-14.00,-6.00,3.00,19.00,17.00,13415426,265
331.34,1566881583,4834.77,51.44200989,7.46616868,240.89,25.55,0.43,260.43,1,-112.00,-14.00,-7.00,3.00,20.00,17.00,13415426,265
332.34,1566881584,4860.32,51.44197416,7.46580856,240.26,25.71,0.16,260.74,1,-112.00,-14.00,-7.00,3.00,20.00,17.00,13415426,265
333.34,1566881585,4886.06,51.44193756,7.46544383,239.72,25.70,-0.01,260.91,1,-113.00,-14.00,-7.00,2.00,31.00,17.00,13415426,265
334.34,1566881586,4911.74,51.44190107,7.46507782,239.51,25.44,-0.27,260.89,1,-113.00,-14.00,-7.00,2.00,31.00,17.00,13415426,265
335.35,1566881588,4937.50,51.44186487,7.46472030,239.28,25.17,-0.26,261.39,1,-113.00,-14.00,-9.00,2.00,20.00,17.00,13415426,265
336.34,1566881589,4962.44,51.44183374,7.46436795,239.03,24.95,-0.22,262.07,1,-113.00,-14.00,-9.00,2.00,20.00,17.00,13415426,265
337.34,1566881590,4987.37,51.44180658,7.46402415,238.66,24.60,-0.35,262.89,1,-113.00,-14.00,-9.00,2.00,20.00,17.00,13415426,265
338.34,1566881591,5011.99,51.44177976,7.46368073,238.04,24.51,-0.08,262.88,1,-113.00,-12.00,-1.00,2.00,19.00,17.00,13415427,264
339.34,1566881592,5036.50,51.44175791,7.46333713,237.39,24.28,-0.23,263.13,1,-113.00,-12.00,-1.00,2.00,19.00,17.00,13415427,264
340.34,1566881592,5060.71,51.44173952,7.46299549,236.76,23.95,-0.33,264.50,1,-113.00,-11.00,0.00,2.00,18.00,17.00,13415427,264
341.34,1566881593,5084.67,51.44171940,7.46265088,236.31,23.80,-0.15,264.64,1,-113.00,-11.00,0.00,2.00,18.00,17.00,13415427,264
342.33,1566881594,5108.39,51.44169775,7.46230491,235.97,23.78,-0.02,264.51,1,-113.00,-11.00,5.00,2.00,18.00,17.00,13415427,264
343.33,1566881595,5132.19,51.44167940,7.46197051,235.65,23.66,-0.11,264.43,1,-113.00,-11.00,5.00,2.00,18.00,17.00,13415427,264
344.33,1566881596,5155.86,51.44166366,7.46163889,235.32,23.32,-0.34,265.52,1,-109.00,-9.00,5.00,2.00,20.00,17.00,13415427,264
345.33,1566881597,5179.18,51.44164953,7.46130716,234.94,23.10,-0.23,265.89,1,-109.00,-9.00,5.00,2.00,20.00,17.00,13415427,264
346.33,1566881598,5202.28,51.44163503,7.46098011,234.60,22.77,-0.32,266.00,1,-105.00,-8.00,3.00,2.00,23.00,17.00,13415427,264
347.33,1566881599,5225.05,51.44161989,7.46065479,234.31,22.63,-0.14,266.42,1,-105.00,-8.00,3.00,2.00,23.00,17.00,13415427,264
348.33,1566881600,5247.65,51.44161174,7.46033086,233.98,22.63,0.00,267.25,1,-105.00,-8.00,7.00,2.00,23.00,17.00,13415427,264
349.33,1566881601,5270.29,51.44160298,7.46001321,233.76,22.50,-0.13,266.94,1,-105.00,-8.00,7.00,2.00,23.00,17.00,13415427,264
350.33,1566881602,5292.81,51.44159860,7.45968963,233.42,22.50,-0.00,268.40,1,-101.00,-6.00,13.00,2.00,25.00,17.00,13415427,264
351.33,1566881603,5315.28,51.44159376,7.45936731,233.19,22.70,0.20,267.97,1,-101.00,-6.00,13.00,2.00,25.00,17.00,13415427,264
352.33,1566881604,5337.98,51.44159289,7.45903605,232.92,22.77,0.07,269.42,1,-99.00,-6.00,11.00,2.00,26.00,17.00,13415427,264
353.33,1566881605,5360.77,51.44159155,7.45870964,232.60,23.04,0.27,268.87,1,-99.00,-6.00,11.00,2.00,26.00,17.00,13415427,264
354.33,1566881606,5383.79,51.44158939,7.45837486,232.27,23.05,0.01,268.67,1,-99.00,-6.00,9.00,2.00,26.00,17.00,13415427,264
355.33,1566881607,5406.84,51.44158772,7.45804802,231.97,22.80,-0.25,269.61,1,-99.00,-6.00,9.00,2.00,26.00,17.00,13415427,264
356.34,1566881609,5429.85,51.44158255,7.45771769,231.88,22.70,-0.10,269.55,1,-101.00,-6.00,11.00,2.00,25.00,17.00,13415427,264
357.33,1566881609,5452.34,51.44157894,7.45739264,231.82,22.72,0.02,269.63,1,-101.00,-6.00,11.00,2.00,25.00,17.00,13415427,264
358.33,1566881610,5475.06,51.44157402,7.45706553,231.85,22.87,0.15,269.90,1,-101.00,-6.00,11.00,2.00,25.00,17.00,13415427,264
359.33,1566881611,5497.95,51.44157070,7.45673512,231.89,23.01,0.14,270.26,1,-104.00,-6.00,6.00,2.00,23.00,17.00,13415427,264
360.33,1566881612,5520.96,51.44156997,7.45640348,231.86,23.19,0.19,270.28,1,-104.00,-6.00,6.00,2.00,23.00,17.00,13415427,264
361.33,1566881613,5544.13,51.44157167,7.45606284,231.85,23.37,0.17,270.44,1,-105.00,-7.00,7.00,2.00,22.00,17.00,13415427,264
362.34,1566881614,5567.54,51.44157437,7.45572402,231.88,23.41,0.04,270.61,1,-105.00,-7.00,7.00,2.00,22.00,17.00,13415427,264
363.33,1566881615,5590.93,51.44157900,7.45539192,231.87,23.04,-0.37,270.46,1,-101.00,-5.00,10.00,11.00,24.00,15.00,13415427,264
364.34,1566881616,5614.01,51.44158303,7.45506353,231.78,22.85,-0.19,270.60,1,-101.00,-5.00,10.00,11.00,24.00,15.00,13415427,264
365.33,1566881617,5636.82,51.44159300,7.45473945,231.69,22.80,-0.06,272.64,1,-100.00,-10.00,9.00,11.00,31.00,15.00,13415427,264
366.33,1566881618,5659.61,51.44160389,7.45441040,231.55,23.13,0.34,273.24,1,-100.00,-10.00,9.00,11.00,31.00,15.00,13415427,264
367.33,1566881619,5682.72,51.44161602,7.45407486,231.39,23.54,0.41,273.42,1,-100.00,-10.00,8.00,12.00,30.00,15.00,13415427,264
368.34,1566881620,5706.31,51.44163298,7.45373439,231.27,23.74,0.20,273.89,1,-100.00,-10.00,8.00,12.00,30.00,15.00,13415427,264
369.33,1566881621,5730.01,51.44165084,7.45339601,231.16,23.52,-0.22,274.53,1,-101.00,-7.00,6.00,8.00,26.00,15.00,13415427,264
370.33,1566881622,5753.53,51.44167068,7.45305921,231.07,23.17,-0.35,274.97,1,-101.00,-7.00,6.00,8.00,26.00,15.00,13415427,264
371.33,1566881623,5776.73,51.44169463,7.45272859,230.96,23.09,-0.08,276.21,1,-105.00,-9.00,1.00,7.00,22.00,15.00,13415427,264
372.33,1566881624,5799.80,51.44171955,7.45240131,230.79,22.95,-0.14,276.14,1,-105.00,-9.00,1.00,7.00,22.00,15.00,13415427,264
373.33,1566881625,5822.77,51.44174287,7.45207437,230.61,22.83,-0.12,275.98,1,-110.00,-10.00,-1.00,5.00,20.00,15.00,13415427,264
374.33,1566881626,5845.61,51.44176591,7.45174916,230.41,22.55,-0.28,276.26,1,-110.00,-10.00,-1.00,5.00,20.00,15.00,13415427,264
375.33,1566881627,5868.16,51.44178828,7.45142626,230.23,22.61,0.05,276.62,1,-109.00,-10.00,0.00,7.00,21.00,15.00,13415427,264
376.33,1566881628,5890.74,51.44181420,7.45110120,230.09,22.75,0.14,277.40,1,-109.00,-10.00,0.00,7.00,21.00,15.00,13415427,264
377.34,1566881630,5913.72,51.44184149,7.45077738,229.97,22.80,0.05,277.61,1,-109.00,-10.00,1.00,7.00,21.00,15.00,13415427,264
378.33,1566881630,5936.31,51.44186926,7.45045407,229.86,22.81,0.02,277.97,1,-109.00,-10.00,1.00,7.00,21.00,15.00,13415427,264
379.34,1566881631,5959.14,51.44189568,7.45012831,229.74,22.87,0.06,277.86,1,-109.00,-10.00,1.00,7.00,21.00,15.00,13415427,264
380.33,1566881632,5981.99,51.44192228,7.44980052,229.63,23.08,0.21,277.99,1,-106.00,-9.00,-1.00,10.00,23.00,15.00,13415427,264
381.33,1566881633,6005.07,51.44195014,7.44946932,229.53,23.32,0.24,278.09,1,-106.00,-9.00,-1.00,10.00,23.00,15.00,13415427,264
382.33,1566881634,6028.37,51.44198226,7.44913890,229.44,23.22,-0.10,278.42,1,-108.00,-9.00,2.00,2.00,29.00,15.00,13415427,264
383.33,1566881635,6051.60,51.44201344,7.44880830,229.03,22.90,-0.33,278.97,1,-108.00,-9.00,2.00,2.00,29.00,15.00,13415427,264
384.33,1566881636,6074.49,51.44204498,7.44847568,228.70,23.06,0.16,279.03,1,-109.00,-7.00,-3.00,6.00,18.00,18.00,13415427,264
385.33,1566881637,6097.55,51.44208031,7.44814852,228.31,23.21,0.15,279.57,1,-109.00,-7.00,-3.00,6.00,18.00,18.00,13415427,264
386.34,1566881638,6120.81,51.44211572,7.44782000,227.86,23.61,0.40,280.30,1,-98.00,-4.00,11.00,12.00,26.00,18.00,13415427,264
387.33,1566881639,6144.35,51.44215729,7.44748651,227.51,23.43,-0.18,281.04,1,-98.00,-4.00,11.00,12.00,26.00,18.00,13415427,264
388.33,1566881640,6167.80,51.44219783,7.44715817,227.21,23.21,-0.22,281.49,1,-104.00,-6.00,7.00,6.00,28.00,18.00,13415427,264
389.33,1566881641,6191.02,51.44223874,7.44682942,227.06,22.86,-0.36,281.69,1,-104.00,-6.00,7.00,6.00,28.00,18.00,13415427,264
390.33,1566881642,6213.89,51.44227831,7.44650645,226.97,22.61,-0.24,282.01,1,-104.00,-7.00,-3.00,8.00,23.00,18.00,13415427,264
391.34,1566881643,6236.53,51.44232142,7.44619247,226.84,22.44,-0.17,282.15,1,-104.00,-7.00,-3.00,8.00,23.00,18.00,13415427,264
392.34,1566881645,6259.02,51.44236478,7.44588226,226.76,22.51,0.07,282.52,1,-107.00,-7.00,-6.00,6.00,21.00,18.00,13415427,264
393.33,1566881645,6281.46,51.44240829,7.44556279,226.66,22.79,0.28,282.85,1,-107.00,-7.00,-6.00,6.00,21.00,18.00,13415427,264
394.33,1566881646,6304.25,51.44245255,7.44524000,226.56,23.17,0.38,282.48,1,-107.00,-7.00,-6.00,2.00,28.00,18.00,13415427,264
395.33,1566881647,6327.39,51.44249855,7.44490730,226.40,23.26,0.09,282.34,1,-107.00,-7.00,-6.00,2.00,28.00,18.00,13415427,264
396.34,1566881648,6350.70,51.44255013,7.44458513,226.09,23.46,0.21,283.82,1,-108.00,-8.00,-3.00,2.00,21.00,18.00,13415427,264
397.34,1566881649,6374.16,51.44260085,7.44426823,225.58,23.32,-0.14,283.90,1,-108.00,-8.00,-3.00,2.00,21.00,18.00,13415427,264
398.35,1566881651,6397.72,51.44265090,7.44395373,224.90,23.03,-0.29,283.82,1,-108.00,-9.00,-9.00,2.00,21.00,18.00,13415427,264
399.34,1566881651,6420.52,51.44269888,7.44364164,224.30,22.95,-0.08,283.80,1,-108.00,-9.00,-9.00,2.00,21.00,18.00,13415427,264
400.34,1566881652,6443.46,51.44275017,7.44332228,223.71,22.88,-0.06,283.66,1,-108.00,-9.00,-9.00,2.00,21.00,18.00,13415427,264
401.34,1566881654,6466.39,51.44280690,7.44299549,223.27,23.50,0.61,285.24,1,-109.00,-12.00,-7.00,2.00,23.00,18.00,13415427,264
402.34,1566881655,6489.89,51.44286616,7.44264714,223.27,23.87,0.37,285.28,1,-109.00,-12.00,-7.00,2.00,23.00,18.00,13415427,264
403.34,1566881655,6513.73,51.44292520,7.44231278,223.17,23.90,0.03,285.30,1,-110.00,-12.00,-8.00,2.00,23.00,18.00,13415427,264
404.34,1566881656,6537.63,51.44298644,7.44198317,222.89,24.01,0.11,286.09,1,-110.00,-12.00,-8.00,2.00,23.00,18.00,13415427,264
405.34,1566881657,6561.64,51.44305185,7.44165433,222.54,23.86,-0.15,286.88,1,-110.00,-12.00,-9.00,2.00,22.00,18.00,13415427,264
406.34,1566881658,6585.50,51.44311690,7.44132073,222.42,23.66,-0.19,287.67,1,-110.00,-12.00,-9.00,2.00,22.00,18.00,13415427,264
407.34,1566881659,6609.14,51.44318084,7.44099838,222.06,23.85,0.18,287.65,1,-111.00,-13.00,-7.00,2.00,21.00,18.00,13415427,264
408.34,1566881660,6633.01,51.44324611,7.44067240,221.55,24.01,0.16,287.69,1,-111.00,-13.00,-7.00,2.00,21.00,18.00,13415427,264
409.34,1566881662,6657.05,51.44331716,7.44034805,220.72,24.46,0.45,288.09,1,-113.00,-15.00,-10.00,2.00,22.00,18.00,13415427,264
410.34,1566881663,6681.51,51.44339056,7.44001276,220.03,24.67,0.21,288.08,1,-113.00,-15.00,-10.00,2.00,22.00,18.00,13415427,264
411.34,1566881664,6706.25,51.44346270,7.43967852,219.45,24.70,0.03,288.77,1,-114.00,-15.00,-12.00,2.00,22.00,18.00,13415427,264
412.34,1566881665,6730.92,51.44353603,7.43934161,218.97,24.77,0.07,288.91,1,-114.00,-15.00,-12.00,2.00,22.00,18.00,13415427,264
413.34,1566881666,6755.69,51.44361257,7.43901742,218.38,24.59,-0.18,289.76,1,-107.00,-19.00,-3.00,2.00,40.00,18.00,13246978,157
414.34,1566881667,6780.31,51.44369040,7.43869113,217.59,24.77,0.17,289.39,1,-107.00,-19.00,-3.00,2.00,40.00,18.00,13246978,157
415.34,1566881667,6804.95,51.44376780,7.43836105,216.79,24.81,0.05,289.89,1,-107.00,-10.00,-8.00,2.00,22.00,18.00,13246978,157
416.34,1566881668,6829.76,51.44384605,7.43802959,215.93,24.94,0.13,290.42,1,-107.00,-10.00,-8.00,2.00,22.00,18.00,13246978,157
417.34,1566881669,6854.71,51.44392816,7.43769794,215.21,24.95,0.01,290.91,1,-107.00,-9.00,-4.00,2.00,22.00,18.00,13246978,157
418.34,1566881670,6879.66,51.44400797,7.43736095,214.51,24.88,-0.07,291.69,1,-107.00,-9.00,-4.00,2.00,22.00,18.00,13246978,157
419.35,1566881672,6904.81,51.44409313,7.43703213,213.79,24.98,0.10,292.87,1,-108.00,-10.00,-5.00,2.00,22.00,18.00,13246978,157
420.34,1566881672,6929.54,51.44417850,7.43670772,213.45,25.21,0.24,293.00,1,-108.00,-10.00,-5.00,2.00,22.00,18.00,13246978,157
421.34,1566881673,6954.75,51.44426273,7.43636973,213.14,25.30,0.08,291.34,1,-108.00,-10.00,-5.00,2.00,22.00,18.00,13246978,157
422.33,1566881674,6979.97,51.44434960,7.43603282,212.45,25.43,0.14,291.87,1,-110.00,-10.00,0.00,5.00,20.00,28.00,13246978,157
423.33,1566881675,7005.43,51.44444853,7.43569785,211.80,25.72,0.29,293.81,1,-110.00,-10.00,0.00,5.00,20.00,28.00,13246978,157
424.34,1566881676,7031.18,51.44454903,7.43535994,211.10,25.81,0.09,293.37,1,-110.00,-10.00,-1.00,5.00,21.00,28.00,13246978,157
425.34,1566881677,7057.02,51.44464977,7.43502079,210.38,25.85,0.03,293.52,1,-110.00,-10.00,-1.00,5.00,21.00,28.00,13246978,157
426.34,1566881679,7082.91,51.44475165,7.43469142,209.48,25.71,-0.14,294.94,1,-110.00,-11.00,0.00,5.00,21.00,67.00,13081345,210
427.34,1566881680,7108.62,51.44485460,7.43436788,208.76,25.62,-0.09,295.66,1,-110.00,-11.00,0.00,5.00,21.00,67.00,13081345,210
428.34,1566881680,7134.16,51.44495694,7.43404411,207.93,25.61,-0.01,296.41,1,-105.00,-10.00,2.00,6.00,24.00,67.00,13081345,210
429.34,1566881681,7159.77,51.44506452,7.43371849,207.13,25.93,0.31,297.53,1,-105.00,-10.00,2.00,6.00,24.00,67.00,13081345,210
430.33,1566881682,7185.68,51.44517247,7.43338453,206.37,26.40,0.47,297.91,1,-105.00,-9.00,4.00,8.00,24.00,67.00,13081345,210
431.34,1566881683,7212.10,51.44528790,7.43305117,205.48,26.87,0.47,299.17,1,-105.00,-9.00,4.00,8.00,24.00,67.00,13081345,210
432.34,1566881684,7238.97,51.44540290,7.43270103,204.75,27.24,0.37,298.61,1,-107.00,-11.00,-2.00,8.00,23.00,67.00,13081345,210
433.33,1566881685,7266.18,51.44552317,7.43236779,203.85,27.31,0.07,300.92,1,-107.00,-11.00,-2.00,8.00,23.00,67.00,13081345,210
434.34,1566881686,7293.52,51.44564685,7.43203963,202.73,27.73,0.42,302.17,1,-107.00,-11.00,0.00,7.00,23.00,67.00,13081345,210
435.34,1566881687,7321.25,51.44578201,7.43171066,201.68,28.22,0.49,303.68,1,-107.00,-11.00,0.00,7.00,23.00,67.00,13081345,210
436.34,1566881688,7349.47,51.44592497,7.43136550,200.83,28.41,0.18,305.06,1,-107.00,-11.00,-1.00,7.00,25.00,67.00,13081345,210
437.34,1566881689,7377.88,51.44606703,7.43103009,200.11,28.26,-0.15,305.43,1,-107.00,-11.00,-1.00,7.00,25.00,67.00,13081345,210
438.33,1566881690,7406.08,51.44622165,7.43069594,199.59,28.62,0.36,307.21,1,-104.00,-7.00,4.00,8.00,23.00,31.00,13395457,111
439.33,1566881691,7434.70,51.44637980,7.43036532,199.16,28.90,0.28,307.56,1,-104.00,-7.00,4.00,8.00,23.00,31.00,13395457,111
440.34,1566881693,7463.86,51.44654903,7.43005185,198.40,29.21,0.30,310.84,1,-99.00,-8.00,14.00,12.00,30.00,31.00,13395457,111
441.33,1566881693,7492.81,51.44672041,7.42972591,197.76,29.39,0.19,310.65,1,-99.00,-8.00,14.00,12.00,30.00,31.00,13395457,111
442.33,1566881694,7522.20,51.44689622,7.42940276,197.23,29.60,0.20,311.90,1,-99.00,-8.00,14.00,12.00,30.00,31.00,13395457,111
443.33,1566881695,7551.79,51.44706579,7.42910668,196.04,29.63,0.03,313.59,1,-103.00,-9.00,7.00,2.00,25.00,31.00,13395457,111
444.33,1566881696,7581.45,51.44723567,7.42881300,194.65,29.72,0.09,314.03,1,-103.00,-9.00,7.00,2.00,25.00,31.00,13395457,111
445.33,1566881697,7611.14,51.44741397,7.42852109,193.17,29.96,0.24,314.63,1,-108.00,-4.00,24.00,2.00,18.00,31.00,13395469,221
446.33,1566881698,7641.10,51.44759951,7.42823198,191.53,29.87,-0.09,316.71,1,-108.00,-4.00,24.00,2.00,18.00,31.00,13395469,221
447.33,1566881699,7670.97,51.44778665,7.42794225,189.81,29.91,0.04,317.56,1,-105.00,-6.00,19.00,2.00,22.00,31.00,13395469,221
448.33,1566881700,7700.88,51.44798697,7.42766684,188.19,29.79,-0.12,319.61,1,-105.00,-6.00,19.00,2.00,22.00,31.00,13395469,221
449.33,1566881701,7730.67,51.44819549,7.42739407,186.72,30.31,0.52,321.13,1,-104.00,-7.00,10.00,2.00,23.00,31.00,13395469,221
450.33,1566881702,7761.01,51.44840933,7.42712026,185.38,30.62,0.31,321.76,1,-104.00,-7.00,10.00,2.00,23.00,31.00,13395469,221
451.33,1566881703,7791.57,51.44863062,7.42684706,184.32,30.75,0.13,322.24,1,-107.00,-7.00,11.00,2.00,19.00,31.00,13395469,221
452.33,1566881704,7822.35,51.44885577,7.42658642,183.22,31.20,0.45,324.32,1,-107.00,-7.00,11.00,2.00,19.00,31.00,13395469,221
453.33,1566881705,7853.55,51.44908064,7.42634521,181.74,31.59,0.39,326.32,1,-113.00,-7.00,11.00,2.00,11.00,31.00,13395469,221
454.33,1566881706,7885.14,51.44931517,7.42609686,180.36,31.97,0.38,327.08,1,-113.00,-7.00,11.00,2.00,11.00,31.00,13395469,221
455.33,1566881707,7917.11,51.44955639,7.42585944,179.08,31.72,-0.25,328.39,1,-112.00,-6.00,10.00,2.00,11.00,31.00,13395469,221
456.33,1566881708,7948.86,51.44979744,7.42563371,177.93,31.40,-0.32,329.91,1,-112.00,-6.00,10.00,2.00,11.00,31.00,13395469,221
457.34,1566881709,7980.33,51.45004158,7.42541398,177.00,31.16,-0.24,331.24,1,-114.00,-8.00,4.00,2.00,12.00,31.00,13395469,221
458.34,1566881710,8011.49,51.45028677,7.42521034,176.05,31.21,0.06,332.81,1,-114.00,-8.00,4.00,2.00,12.00,31.00,13395469,221
459.34,1566881711,8042.70,51.45052480,7.42502130,175.18,30.53,-0.69,333.87,1,-114.00,-7.00,1.00,2.00,12.00,31.00,13395469,221
460.34,1566881712,8073.23,51.45076913,7.42482675,174.57,30.19,-0.34,334.83,1,-114.00,-7.00,1.00,2.00,12.00,31.00,13395469,221
461.35,1566881714,8103.75,51.45101169,7.42464738,174.14,29.15,-1.02,335.70,1,-114.00,-8.00,-2.00,2.00,12.00,31.00,13395469,221
462.34,1566881714,8132.58,51.45124540,7.42448495,173.56,28.36,-0.80,336.80,1,-114.00,-8.00,-2.00,2.00,12.00,31.00,13395469,221
463.34,1566881715,8160.94,51.45147891,7.42433614,172.77,27.94,-0.42,338.28,1,-114.00,-8.00,-2.00,2.00,12.00,31.00,13395469,221
464.34,1566881717,8188.91,51.45170862,7.42419758,171.82,27.67,-0.28,339.28,1,-114.00,-8.00,7.00,2.00,12.00,31.00,13395469,221
465.34,1566881718,8216.58,51.45193568,7.42406706,170.57,27.49,-0.18,340.13,1,-114.00,-8.00,7.00,2.00,12.00,31.00,13395469,221
466.34,1566881719,8244.07,51.45216084,7.42394838,169.19,27.13,-0.35,340.62,1,-116.00,-9.00,2.00,2.00,13.00,31.00,13395469,221
467.34,1566881720,8271.20,51.45238150,7.42384499,167.51,26.49,-0.65,342.69,1,-116.00,-9.00,2.00,2.00,13.00,31.00,13395469,221
468.34,1566881720,8297.66,51.45260777,7.42373139,165.93,26.79,0.30,342.24,1,-116.00,-9.00,8.00,2.00,12.00,31.00,13395469,221
469.34,1566881722,8324.48,51.45283317,7.42362278,164.60,26.89,0.10,342.59,1,-116.00,-9.00,8.00,2.00,12.00,31.00,13395469,221
470.34,1566881723,8351.36,51.45306481,7.42351168,163.38,27.21,0.32,342.93,1,-112.00,-8.00,5.00,2.00,14.00,31.00,13395469,221
471.34,1566881723,8378.55,51.45330596,7.42339001,162.60,27.62,0.40,343.42,1,-112.00,-8.00,5.00,2.00,14.00,31.00,13395469,221
472.34,1566881725,8406.19,51.45354322,7.42328200,161.78,28.05,0.43,343.87,1,-109.00,-7.00,5.00,2.00,15.00,31.00,13395469,221
473.34,1566881726,8434.24,51.45378078,7.42317306,160.88,28.67,0.62,343.70,1,-109.00,-7.00,5.00,2.00,15.00,31.00,13395469,221
474.34,1566881727,8462.91,51.45403031,7.42305575,159.89,29.31,0.64,343.67,1,-110.00,-7.00,12.00,2.00,15.00,31.00,13395469,221
475.34,1566881727,8492.19,51.45428423,7.42293366,159.22,29.44,0.13,343.60,1,-110.00,-7.00,12.00,2.00,15.00,31.00,13395469,221
476.34,1566881729,8521.66,51.45453730,7.42281607,158.67,29.62,0.19,343.56,1,-112.00,-8.00,8.00,2.00,16.00,31.00,13395469,221
477.34,1566881729,8551.25,51.45479351,7.42269872,158.35,29.86,0.23,343.28,1,-112.00,-8.00,8.00,2.00,16.00,31.00,13395469,221
478.34,1566881730,8581.11,51.45505064,7.42258019,157.98,29.89,0.03,343.33,1,-111.00,-8.00,2.00,2.00,16.00,31.00,13395469,221
479.34,1566881731,8611.00,51.45530914,7.42245737,157.25,30.13,0.24,342.88,1,-111.00,-8.00,2.00,2.00,16.00,31.00,13395469,221
480.34,1566881733,8641.16,51.45557217,7.42231787,156.59,30.13,0.00,342.32,1,-111.00,-9.00,11.00,2.00,16.00,31.00,13395469,221
481.34,1566881734,8671.29,51.45583184,7.42217403,155.99,30.26,0.13,341.28,1,-111.00,-9.00,11.00,2.00,16.00,31.00,13395469,221
482.35,1566881735,8701.89,51.45608620,7.42203321,155.26,30.30,0.04,340.47,1,-110.00,-5.00,4.00,10.00,15.00,15.00,13395469,221
483.33,1566881735,8731.64,51.45634350,7.42187595,154.36,30.47,0.17,339.78,1,-110.00,-5.00,4.00,10.00,15.00,15.00,13395469,221
484.33,1566881736,8762.14,51.45660182,7.42172115,153.61,30.60,0.13,339.19,1,-110.00,-5.00,4.00,10.00,15.00,15.00,13395469,221
485.33,1566881737,8792.77,51.45685446,7.42155910,152.90,30.40,-0.20,338.19,1,-109.00,-10.00,6.00,10.00,22.00,15.00,13395469,221
486.34,1566881738,8823.29,51.45710757,7.42139897,152.61,30.26,-0.14,337.33,1,-109.00,-10.00,6.00,10.00,22.00,15.00,13395469,221
487.34,1566881739,8853.55,51.45735881,7.42122809,152.54,30.21,-0.05,336.57,1,-109.00,-6.00,7.00,9.00,16.00,15.00,13395469,221
488.34,1566881740,8883.76,51.45760955,7.42104674,152.63,30.17,-0.05,335.40,1,-109.00,-6.00,7.00,9.00,16.00,15.00,13395469,221
489.34,1566881741,8913.90,51.45785683,7.42086051,152.82,30.18,0.01,334.26,1,-110.00,-6.00,9.00,9.00,15.00,15.00,13395469,221
490.33,1566881742,8944.06,51.45809997,7.42067828,152.79,29.92,-0.26,333.36,1,-110.00,-6.00,9.00,9.00,15.00,15.00,13395469,221
491.33,1566881743,8973.95,51.45833678,7.42048988,152.58,29.80,-0.12,332.73,1,-104.00,-4.00,10.00,11.00,20.00,15.00,13395469,221
492.33,1566881744,9003.75,51.45857421,7.42029799,152.33,29.74,-0.06,332.26,1,-104.00,-4.00,10.00,11.00,20.00,15.00,13395469,221
493.34,1566881745,9033.54,51.45880760,7.42009674,152.03,29.76,0.02,331.15,1,-103.00,-5.00,19.00,12.00,21.00,15.00,13395469,221
494.33,1566881746,9063.27,51.45904803,7.41988320,151.59,30.09,0.34,330.30,1,-103.00,-5.00,19.00,12.00,21.00,15.00,13395469,221
495.33,1566881747,9093.33,51.45928359,7.41966832,151.26,30.17,0.07,329.94,1,-93.00,-4.00,22.00,15.00,29.00,15.00,13395469,221
496.33,1566881748,9123.50,51.45951563,7.41944483,151.10,29.99,-0.18,328.67,1,-93.00,-4.00,22.00,15.00,29.00,15.00,13395469,221
497.33,1566881749,9153.49,51.45974726,7.41922106,151.04,29.87,-0.12,327.88,1,-93.00,-4.00,20.00,15.00,29.00,15.00,13395469,221
498.33,1566881750,9183.39,51.45997431,7.41898435,150.92,29.73,-0.13,327.00,1,-93.00,-4.00,20.00,15.00,29.00,15.00,13395469,221
499.33,1566881751,9213.12,51.46019411,7.41874677,150.85,29.88,0.14,325.98,1,-107.00,-6.00,13.00,9.00,21.00,15.00,13395469,221
500.33,1566881752,9243.00,51.46041577,7.41850789,150.80,30.06,0.18,325.01,1,-107.00,-6.00,13.00,9.00,21.00,15.00,13395469,221
501.33,1566881753,9273.03,51.46063432,7.41825676,150.70,30.21,0.15,324.26,1,-95.00,-6.00,21.00,2.00,42.00,15.00,13395469,221
502.33,1566881754,9303.24,51.46085615,7.41800229,150.55,30.62,0.40,323.51,1,-95.00,-6.00,21.00,2.00,42.00,15.00,13395469,221
503.34,1566881756,9334.07,51.46108144,7.41774425,150.44,30.84,0.23,323.82,1,-97.00,-4.00,18.00,15.00,28.00,8.00,13395469,221
504.33,1566881756,9364.70,51.46131110,7.41747777,150.23,31.30,0.45,324.31,1,-97.00,-4.00,18.00,15.00,28.00,8.00,13395469,221
505.33,1566881757,9395.99,51.46153918,7.41721126,150.18,31.66,0.37,323.76,1,-97.00,-4.00,18.00,15.00,28.00,8.00,13395469,221
506.33,1566881758,9427.69,51.46176055,7.41692864,150.22,31.90,0.23,321.59,1,-104.00,-4.00,4.00,9.00,21.00,8.00,13395469,221
507.33,1566881759,9459.59,51.46197231,7.41662696,150.42,31.92,0.02,318.91,1,-104.00,-4.00,4.00,9.00,21.00,8.00,13395469,221
508.33,1566881760,9491.48,51.46218480,7.41631996,150.58,32.03,0.11,317.85,1,-103.00,-4.00,21.00,14.00,23.00,8.00,13395469,221
509.33,1566881761,9523.51,51.46239220,7.41600520,150.60,32.21,0.18,316.83,1,-103.00,-4.00,21.00,14.00,23.00,8.00,13395469,221
510.33,1566881762,9555.75,51.46260229,7.41568659,150.50,32.34,0.13,316.42,1,-110.00,-5.00,2.00,8.00,15.00,8.00,13395469,221
511.33,1566881763,9588.09,51.46280702,7.41536287,150.36,32.32,-0.02,315.56,1,-110.00,-5.00,2.00,8.00,15.00,8.00,13395469,221
512.34,1566881764,9620.45,51.46301305,7.41502955,150.40,32.75,0.42,314.53,1,-111.00,-5.00,10.00,10.00,13.00,8.00,13395469,221
513.34,1566881765,9653.20,51.46321668,7.41469215,150.62,32.87,0.13,313.46,1,-111.00,-5.00,10.00,10.00,13.00,8.00,13395469,221
514.34,1566881766,9686.04,51.46342247,7.41434762,150.86,33.04,0.17,312.80,1,-109.00,-5.00,5.00,2.00,26.00,8.00,13395469,221
515.34,1566881767,9719.08,51.46361990,7.41399529,151.19,33.13,0.09,311.97,1,-109.00,-5.00,5.00,2.00,26.00,8.00,13395469,221
516.34,1566881768,9752.21,51.46382058,7.41363958,151.47,33.32,0.19,311.31,1,-110.00,-6.00,2.00,2.00,16.00,8.00,13395469,221
517.34,1566881769,9785.53,51.46401652,7.41327879,151.92,33.37,0.05,310.70,1,-110.00,-6.00,2.00,2.00,16.00,8.00,13395469,221
518.34,1566881770,9818.93,51.46421589,7.41291447,152.39,33.33,-0.04,309.76,1,-110.00,-7.00,19.00,2.00,15.00,8.00,13395469,221
519.34,1566881771,9852.27,51.46440488,7.41254729,152.83,32.65,-0.68,309.08,1,-110.00,-7.00,19.00,2.00,15.00,8.00,13395469,221
520.33,1566881772,9884.85,51.46459028,7.41218522,153.21,32.12,-0.53,308.90,1,-109.00,-6.00,4.00,2.00,16.00,8.00,13395469,221
521.33,1566881773,9916.88,51.46477111,7.41182908,153.59,31.54,-0.58,308.41,1,-109.00,-6.00,4.00,2.00,16.00,8.00,13395469,221
522.34,1566881774,9948.58,51.46494873,7.41147506,153.90,31.31,-0.24,308.21,1,-110.00,-5.00,-3.00,2.00,14.00,8.00,13395469,221
523.34,1566881775,9979.86,51.46512046,7.41111736,154.15,31.27,-0.04,307.38,1,-110.00,-5.00,-3.00,2.00,14.00,8.00,13395469,221
524.35,1566881777,10011.48,51.46529186,7.41075876,154.36,31.26,-0.02,307.12,1,-114.00,-7.00,-5.00,2.00,12.00,8.00,13395469,221
525.34,1566881777,10042.42,51.46546104,7.41040119,154.57,31.16,-0.10,306.89,1,-114.00,-7.00,-5.00,2.00,12.00,8.00,13395469,221
526.34,1566881778,10073.61,51.46563091,7.41004137,154.87,31.18,0.02,306.99,1,-114.00,-7.00,-5.00,2.00,12.00,8.00,13395469,221
527.34,1566881779,10104.76,51.46580000,7.40968338,155.18,31.16,-0.01,307.16,1,-121.00,-9.00,8.00,2.00,7.00,8.00,13395469,221
528.34,1566881780,10135.92,51.46596737,7.40932685,155.51,31.25,0.08,307.57,1,-121.00,-9.00,8.00,2.00,7.00,8.00,13395469,221
529.34,1566881781,10167.14,51.46613714,7.40896884,155.83,31.28,0.04,308.05,1,-121.00,-9.00,10.00,2.00,7.00,8.00,13395469,221
530.34,1566881782,10198.42,51.46630660,7.40861039,156.04,31.38,0.10,308.37,1,-121.00,-9.00,10.00,2.00,7.00,8.00,13395469,221
531.34,1566881783,10229.80,51.46648136,7.40825076,155.99,31.60,0.22,308.53,1,-117.00,-10.00,-9.00,2.00,11.00,8.00,13395469,221
532.33,1566881784,10261.36,51.46665469,7.40789322,155.94,31.72,0.13,308.72,1,-117.00,-10.00,-9.00,2.00,11.00,8.00,13395469,221
533.34,1566881786,10293.28,51.46683018,7.40753566,156.01,31.88,0.16,308.89,1,-121.00,-12.00,-9.00,2.00,9.00,8.00,13395469,221
534.34,1566881787,10325.16,51.46700718,7.40717810,156.19,32.07,0.19,309.14,1,-121.00,-12.00,-9.00,2.00,9.00,8.00,13395469,221
535.34,1566881787,10357.14,51.46718970,7.40682364,156.48,32.20,0.13,309.54,1,-112.00,-7.00,2.00,2.00,14.00,8.00,13532430,433
536.34,1566881788,10389.34,51.46737442,7.40646527,156.75,32.26,0.06,309.66,1,-112.00,-7.00,2.00,2.00,14.00,8.00,13532430,433
537.34,1566881790,10421.67,51.46755763,7.40611045,156.84,32.43,0.17,309.78,1,-115.00,-9.00,-9.00,2.00,12.00,8.00,13532430,433
538.34,1566881791,10454.10,51.46774756,7.40574939,157.09,32.22,-0.22,310.32,1,-115.00,-9.00,-9.00,2.00,12.00,8.00,13532430,433
539.34,1566881791,10486.22,51.46793823,7.40540021,157.30,31.97,-0.25,310.89,1,-116.00,-8.00,2.00,2.00,10.00,8.00,13395469,221
540.34,1566881792,10518.22,51.46812369,7.40505985,157.30,31.55,-0.41,311.88,1,-116.00,-8.00,2.00,2.00,10.00,8.00,13395469,221
541.34,1566881793,10549.74,51.46831588,7.40473294,157.37,30.98,-0.58,312.92,1,-116.00,-8.00,-2.00,2.00,10.00,8.00,13395469,221
542.34,1566881794,10580.71,51.46851433,7.40441138,157.19,30.40,-0.57,314.39,1,-116.00,-8.00,-2.00,2.00,10.00,8.00,13395469,221
543.33,1566881795,10611.06,51.46870621,7.40409916,157.01,30.16,-0.25,314.01,1,-87.00,-5.00,11.00,2.00,37.00,8.00,13395458,112
544.33,1566881796,10641.21,51.46889470,7.40379223,157.01,30.04,-0.12,313.76,1,-87.00,-5.00,11.00,2.00,37.00,8.00,13395458,112
545.35,1566881798,10671.61,51.46907551,7.40347864,157.26,29.67,-0.36,312.52,1,-87.00,-4.00,13.00,2.00,36.00,8.00,13395458,112
546.34,1566881798,10701.02,51.46925173,7.40317156,157.36,29.34,-0.33,312.08,1,-87.00,-4.00,13.00,2.00,36.00,8.00,13395458,112
547.34,1566881799,10730.36,51.46943638,7.40286537,157.83,29.66,0.32,314.44,1,-87.00,-4.00,13.00,2.00,36.00,8.00,13395458,112
548.34,1566881800,10760.02,51.46962897,7.40255721,158.26,30.30,0.64,315.37,1,-87.00,-4.00,8.00,2.00,36.00,8.00,13395458,112
549.34,1566881801,10790.33,51.46983088,7.40224276,159.10,30.29,-0.01,314.06,1,-87.00,-4.00,8.00,2.00,36.00,8.00,13395458,112
550.34,1566881803,10820.68,51.47002702,7.40193489,159.59,30.18,-0.11,314.69,1,-90.00,-4.00,14.00,2.00,35.00,8.00,13022465,205
551.34,1566881804,10850.83,51.47023172,7.40162154,160.55,30.34,0.16,315.92,1,-90.00,-4.00,14.00,2.00,35.00,8.00,13022465,205
552.33,1566881804,10881.04,51.47042895,7.40131554,161.17,30.60,0.26,315.74,1,-90.00,-4.00,16.00,15.00,33.00,16.00,13022465,205
553.33,1566881805,10911.64,51.47061727,7.40101617,161.67,29.96,-0.64,316.13,1,-90.00,-4.00,16.00,15.00,33.00,16.00,13022465,205
554.33,1566881806,10941.60,51.47080000,7.40072190,161.97,29.19,-0.77,316.53,1,-93.00,-4.00,19.00,14.00,32.00,16.00,13022465,205
555.34,1566881807,10970.82,51.47098017,7.40043422,162.16,28.75,-0.44,316.80,1,-93.00,-4.00,19.00,14.00,32.00,16.00,13022465,205
556.33,1566881808,10999.54,51.47117127,7.40015468,162.68,28.08,-0.67,317.62,1,-92.00,-4.00,13.00,14.00,33.00,16.00,13022465,205
557.34,1566881809,11027.65,51.47135909,7.39988436,162.97,27.64,-0.44,317.76,1,-92.00,-4.00,13.00,14.00,33.00,16.00,13022465,205
558.34,1566881810,11055.29,51.47154770,7.39961670,163.30,27.34,-0.30,317.94,1,-91.00,-4.00,21.00,14.00,34.00,16.00,13022465,205
559.33,1566881811,11082.60,51.47173758,7.39935588,163.54,27.09,-0.26,319.15,1,-91.00,-4.00,21.00,14.00,34.00,16.00,13022465,205
560.33,1566881812,11109.69,51.47192202,7.39910077,163.71,26.53,-0.55,318.59,1,-89.00,-4.00,21.00,14.00,34.00,16.00,13022465,205
561.33,1566881813,11136.22,51.47210625,7.39884474,163.98,26.31,-0.23,318.41,1,-89.00,-4.00,21.00,14.00,34.00,16.00,13022465,205
562.33,1566881814,11162.53,51.47228514,7.39859300,164.26,26.04,-0.27,318.92,1,-88.00,-5.00,19.00,2.00,45.00,16.00,13022465,205
563.33,1566881815,11188.56,51.47246088,7.39834739,164.50,25.73,-0.31,319.00,1,-88.00,-5.00,19.00,2.00,45.00,16.00,13022465,205
564.33,1566881816,11214.29,51.47263401,7.39810258,165.11,25.43,-0.30,319.36,1,-86.00,-4.00,22.00,15.00,39.00,12.00,13022465,205
565.33,1566881817,11239.72,51.47280926,7.39785974,165.83,25.32,-0.11,319.48,1,-86.00,-4.00,22.00,15.00,39.00,12.00,13022465,205
566.34,1566881819,11265.27,51.47298178,7.39762684,166.39,25.39,0.07,320.18,1,-86.00,-4.00,14.00,15.00,37.00,12.00,13022465,205
567.33,1566881819,11290.43,51.47315717,7.39738857,167.08,25.20,-0.20,320.05,1,-86.00,-4.00,14.00,15.00,37.00,12.00,13022465,205
568.33,1566881820,11315.63,51.47332938,7.39715508,167.92,24.79,-0.41,320.86,1,-86.00,-4.00,14.00,15.00,37.00,12.00,13022465,205
569.33,1566881821,11340.42,51.47350274,7.39692323,168.75,24.64,-0.15,320.79,1,-85.00,-4.00,23.00,15.00,38.00,12.00,13022465,205
570.34,1566881822,11365.08,51.47367432,7.39669332,169.46,24.57,-0.07,320.67,1,-85.00,-4.00,23.00,15.00,38.00,12.00,13022465,205
571.33,1566881823,11389.62,51.47384180,7.39646912,170.25,24.16,-0.41,320.62,1,-87.00,-3.00,18.00,15.00,36.00,12.00,13022465,205
572.33,1566881824,11413.78,51.47401644,7.39625510,170.88,24.43,0.28,322.36,1,-87.00,-3.00,18.00,15.00,36.00,12.00,13022465,205
573.34,1566881825,11438.24,51.47419169,7.39603533,171.58,24.62,0.18,322.96,1,-83.00,-4.00,24.00,15.00,40.00,12.00,13022465,205
574.33,1566881826,11462.83,51.47436376,7.39582236,171.94,24.64,0.03,322.73,1,-83.00,-4.00,24.00,15.00,40.00,12.00,13022465,205
575.33,1566881827,11487.47,51.47454603,7.39561146,172.19,25.19,0.55,324.20,1,-82.00,-3.00,25.00,2.00,49.00,12.00,13022465,205
576.33,1566881828,11512.66,51.47473325,7.39540322,172.42,25.46,0.26,325.45,1,-82.00,-3.00,25.00,2.00,49.00,12.00,13022465,205
577.33,1566881829,11538.12,51.47492148,7.39519077,172.91,25.37,-0.09,325.31,1,-83.00,-3.00,23.00,2.00,41.00,12.00,13022465,205
578.34,1566881830,11563.51,51.47511590,7.39499581,173.38,25.45,0.09,328.32,1,-83.00,-3.00,23.00,2.00,41.00,12.00,13022465,205
579.34,1566881831,11588.97,51.47531213,7.39481504,173.65,25.22,-0.23,330.32,1,-81.00,-3.00,30.00,2.00,41.00,12.00,13022465,205
580.34,1566881832,11614.19,51.47550962,7.39463398,174.16,24.48,-0.74,329.63,1,-81.00,-3.00,30.00,2.00,41.00,12.00,13022465,205
581.34,1566881833,11638.67,51.47570202,7.39445912,174.41,23.98,-0.51,330.18,1,-78.00,-3.00,22.00,2.00,44.00,12.00,13022465,205
582.33,1566881834,11662.58,51.47588912,7.39428881,174.41,23.45,-0.53,330.09,1,-78.00,-3.00,22.00,2.00,44.00,12.00,13022465,205
583.34,1566881835,11686.09,51.47607341,7.39412513,174.47,23.36,-0.09,331.48,1,-74.00,-3.00,31.00,2.00,48.00,12.00,13022465,205
584.34,1566881836,11709.45,51.47625660,7.39396412,174.67,23.37,0.01,332.08,1,-74.00,-3.00,31.00,2.00,48.00,12.00,13022465,205
585.33,1566881837,11732.80,51.47644122,7.39381276,174.80,23.42,0.05,332.91,1,-71.00,-3.00,10.00,2.00,51.00,12.00,13022465,205
586.34,1566881838,11756.24,51.47663075,7.39366784,174.91,23.43,0.01,334.38,1,-71.00,-3.00,10.00,2.00,51.00,12.00,13022465,205
587.34,1566881840,11779.86,51.47682553,7.39353260,175.14,22.95,-0.48,336.16,1,-64.00,-4.00,30.00,2.00,59.00,12.00,13022465,205
588.33,1566881840,11802.60,51.47701794,7.39340437,175.40,22.60,-0.35,337.25,1,-64.00,-4.00,30.00,2.00,59.00,12.00,13022465,205
589.33,1566881841,11825.19,51.47720434,7.39328555,175.61,21.94,-0.65,338.69,1,-64.00,-4.00,30.00,2.00,59.00,12.00,13022465,205
590.33,1566881842,11847.13,51.47738981,7.39318138,175.76,21.37,-0.58,341.37,1,-65.00,-4.00,30.00,2.00,58.00,12.00,13022465,205
591.34,1566881843,11868.52,51.47757033,7.39310781,175.94,20.55,-0.82,346.79,1,-65.00,-4.00,30.00,2.00,58.00,12.00,13022465,205
592.33,1566881844,11889.05,51.47774836,7.39306872,176.12,19.68,-0.87,353.14,1,-67.00,-4.00,27.00,2.00,56.00,12.00,13022465,205
593.33,1566881845,11908.73,51.47791836,7.39305197,176.14,19.22,-0.46,359.25,1,-67.00,-4.00,27.00,2.00,56.00,12.00,13022465,205
594.33,1566881846,11927.96,51.47809178,7.39305939,176.15,19.10,-0.12,2.18,1,-68.00,-3.00,31.00,2.00,55.00,12.00,13022465,205
595.33,1566881847,11947.06,51.47826451,7.39309118,176.04,18.79,-0.31,6.27,1,-68.00,-3.00,31.00,2.00,55.00,12.00,13022465,205
596.33,1566881848,11965.85,51.47842537,7.39317900,176.13,18.66,-0.14,19.73,1,-67.00,-3.00,22.00,2.00,56.00,12.00,13022465,205
597.33,1566881849,11984.51,51.47857812,7.39327933,176.36,18.33,-0.33,22.01,1,-67.00,-3.00,22.00,2.00,56.00,12.00,13022465,205
598.33,1566881850,12002.84,51.47870760,7.39342261,176.96,17.36,-0.97,34.90,1,-74.00,-3.00,25.00,2.00,49.00,12.00,13022465,205
599.34,1566881851,12020.22,51.47883757,7.39356173,177.74,16.44,-0.92,35.06,1,-74.00,-3.00,25.00,2.00,49.00,12.00,13022465,205
600.33,1566881852,12036.64,51.47896304,7.39370067,178.27,15.51,-0.93,34.32,1,-82.00,-3.00,14.00,2.00,40.00,12.00,13022465,205
601.33,1566881853,12052.15,51.47909143,7.39378461,178.90,14.54,-0.97,20.16,1,-82.00,-3.00,14.00,2.00,40.00,12.00,13022465,205
602.33,1566881854,12066.65,51.47922277,7.39381890,179.63,14.10,-0.44,7.10,1,-83.00,-3.00,21.00,2.00,39.00,12.00,13022465,205
603.33,1566881855,12080.79,51.47934537,7.39383397,180.50,13.62,-0.47,3.10,1,-83.00,-3.00,21.00,2.00,39.00,12.00,13022465,205
604.33,1566881856,12094.40,51.47945742,7.39379098,181.10,13.40,-0.22,344.09,1,-90.00,-4.00,8.00,6.00,42.00,5.00,13022465,205
605.33,1566881857,12107.81,51.47956614,7.39373261,181.74,13.42,0.02,341.72,1,-90.00,-4.00,8.00,6.00,42.00,5.00,13022465,205
606.34,1566881858,12121.28,51.47967786,7.39366242,182.47,13.11,-0.31,338.92,1,-96.00,-6.00,9.00,10.00,30.00,5.00,13022465,205
607.34,1566881859,12134.39,51.47978693,7.39358759,183.34,13.07,-0.04,337.05,1,-96.00,-6.00,9.00,10.00,30.00,5.00,13022465,205
608.35,1566881861,12147.56,51.47989500,7.39350393,183.94,12.72,-0.35,335.90,1,-96.00,-10.00,7.00,10.00,34.00,5.00,13022465,205
609.34,1566881862,12160.18,51.47999540,7.39343732,184.90,11.85,-0.87,338.95,1,-96.00,-10.00,7.00,10.00,34.00,5.00,13022465,205
610.33,1566881862,12172.00,51.48008612,7.39342971,185.04,10.34,-1.52,358.35,1,-96.00,-10.00,7.00,10.00,34.00,5.00,13022465,205
611.34,1566881863,12182.36,51.48017296,7.39346128,185.32,9.77,-0.57,17.97,1,-96.00,-11.00,7.00,9.00,36.00,5.00,13022465,205
612.33,1566881864,12192.10,51.48024908,7.39352868,185.83,9.84,0.07,35.58,1,-96.00,-11.00,7.00,9.00,36.00,5.00,13022465,205
613.34,1566881865,12201.97,51.48030250,7.39362180,186.13,10.49,0.64,53.62,1,-98.00,-7.00,15.00,12.00,29.00,5.00,13022465,205
614.34,1566881866,12212.46,51.48035230,7.39373394,186.22,11.05,0.56,56.03,1,-98.00,-7.00,15.00,12.00,29.00,5.00,13022465,205
615.34,1566881867,12223.51,51.48040778,7.39387405,185.98,12.09,1.05,57.69,1,-96.00,-7.00,16.00,10.00,30.00,5.00,13022465,205
616.34,1566881868,12235.60,51.48046082,7.39402348,185.49,12.99,0.90,58.30,1,-96.00,-7.00,16.00,10.00,30.00,5.00,13022465,205
617.33,1566881869,12248.55,51.48051942,7.39418393,185.11,14.16,1.17,58.35,1,-87.00,-4.00,5.00,6.00,43.00,12.00,13532162,198
618.33,1566881870,12262.72,51.48058014,7.39436457,184.77,14.82,0.67,59.39,1,-87.00,-4.00,5.00,6.00,43.00,12.00,13532162,198
619.34,1566881871,12277.59,51.48064279,7.39454995,184.57,15.05,0.22,59.85,1,-92.00,-6.00,10.00,10.00,33.00,12.00,13532162,198
620.34,1566881872,12292.64,51.48070844,7.39474098,184.46,15.12,0.07,60.14,1,-92.00,-6.00,10.00,10.00,33.00,12.00,13532162,198
621.34,1566881873,12307.74,51.48078196,7.39493700,184.51,15.54,0.42,59.46,1,-91.00,-7.00,3.00,10.00,36.00,12.00,13532162,198
622.34,1566881874,12323.29,51.48085171,7.39512655,184.56,15.52,-0.02,59.68,1,-91.00,-7.00,3.00,10.00,36.00,12.00,13532162,198
623.34,1566881875,12338.81,51.48093135,7.39534346,184.19,15.51,-0.02,60.45,1,-90.00,-7.00,2.00,6.00,35.00,12.00,13532162,198
624.34,1566881876,12354.31,51.48100808,7.39555284,184.01,15.61,0.10,59.84,1,-90.00,-7.00,2.00,6.00,35.00,12.00,13532162,198
625.34,1566881877,12369.94,51.48108487,7.39575998,183.78,15.37,-0.24,60.44,1,-94.00,-8.00,8.00,9.00,34.00,12.00,13532162,198
626.34,1566881878,12385.29,51.48115849,7.39595899,183.74,15.49,0.13,59.80,1,-94.00,-8.00,8.00,9.00,34.00,12.00,13532162,198
627.34,1566881879,12400.78,51.48123591,7.39615816,183.45,15.34,-0.15,59.27,1,-102.00,-12.00,4.00,8.00,29.00,12.00,13532162,198
628.34,1566881880,12416.12,51.48130715,7.39634165,183.18,15.14,-0.20,59.17,1,-102.00,-12.00,4.00,8.00,29.00,12.00,13532162,198
629.34,1566881882,12431.39,51.48137990,7.39653055,182.57,14.81,-0.33,59.47,1,-92.00,-9.00,1.00,9.00,34.00,12.00,13532162,198
630.34,1566881882,12446.08,51.48145323,7.39671800,182.02,14.44,-0.38,59.81,1,-92.00,-9.00,1.00,9.00,34.00,12.00,13532162,198
631.34,1566881883,12460.52,51.48152147,7.39689263,181.46,14.64,0.20,59.47,1,-92.00,-9.00,1.00,9.00,34.00,12.00,13532162,198
632.34,1566881884,12475.17,51.48159176,7.39706983,181.33,14.49,-0.15,58.68,1,-99.00,-11.00,-2.00,5.00,30.00,12.00,13532162,198
633.34,1566881885,12489.66,51.48166119,7.39723600,181.48,14.28,-0.21,57.49,1,-99.00,-11.00,-2.00,5.00,30.00,12.00,13532162,198
634.33,1566881886,12503.92,51.48173567,7.39740560,182.20,14.20,-0.09,55.44,1,-99.00,-7.00,1.00,2.00,36.00,12.00,13532162,198
635.33,1566881887,12518.11,51.48180582,7.39756258,183.12,13.43,-0.76,55.09,1,-99.00,-7.00,1.00,2.00,36.00,12.00,13532162,198
636.33,1566881888,12531.55,51.48187870,7.39771870,183.87,13.18,-0.25,53.99,1,-75.00,-4.00,23.00,2.00,44.00,12.00,13067528,356
637.33,1566881889,12544.73,51.48194506,7.39786165,184.78,12.70,-0.48,53.28,1,-75.00,-4.00,23.00,2.00,44.00,12.00,13067528,356
638.33,1566881890,12557.43,51.48201102,7.39799726,185.62,12.39,-0.31,52.76,1,-113.00,-6.00,8.00,2.00,11.00,12.00,13532175,337
639.34,1566881891,12569.83,51.48207115,7.39812155,186.38,12.10,-0.29,51.87,1,-113.00,-6.00,8.00,2.00,11.00,12.00,13532175,337
640.34,1566881892,12581.96,51.48213638,7.39824497,186.94,11.80,-0.30,50.15,1,-111.00,-6.00,11.00,10.00,15.00,9.00,13532175,337
641.33,1566881893,12593.70,51.48220489,7.39836555,187.55,11.28,-0.53,48.57,1,-111.00,-6.00,11.00,10.00,15.00,9.00,13532175,337
642.34,1566881895,12605.11,51.48227267,7.39847847,187.83,10.88,-0.40,46.45,1,-110.00,-5.00,5.00,11.00,14.00,9.00,13532175,337
643.34,1566881895,12615.89,51.48233909,7.39857780,188.02,10.20,-0.69,44.15,1,-110.00,-5.00,5.00,11.00,14.00,9.00,13532175,337
644.34,1566881896,12626.09,51.48241106,7.39867991,188.03,9.61,-0.58,42.57,1,-112.00,-6.00,9.00,9.00,13.00,9.00,13532175,337
645.34,1566881897,12635.71,51.48247580,7.39876606,188.31,9.46,-0.15,40.84,1,-112.00,-6.00,9.00,9.00,13.00,9.00,13532175,337
646.34,1566881898,12645.17,51.48254029,7.39884987,188.51,9.48,0.01,39.37,1,-106.00,-5.00,17.00,13.00,18.00,9.00,13532175,337
647.34,1566881899,12654.64,51.48260423,7.39892647,188.40,9.31,-0.16,38.26,1,-106.00,-5.00,17.00,13.00,18.00,9.00,13532175,337
648.34,1566881900,12663.96,51.48267286,7.39900198,188.46,9.11,-0.21,37.05,1,-103.00,-4.00,16.00,14.00,22.00,9.00,13532175,337
649.33,1566881901,12673.02,51.48274507,7.39908043,189.10,9.11,0.00,36.16,1,-103.00,-4.00,16.00,14.00,22.00,9.00,13532175,337
650.34,1566881903,12682.19,51.48282389,7.39916475,189.19,9.83,0.72,35.53,1,-101.00,-4.00,21.00,14.00,22.00,9.00,13532175,337
651.34,1566881903,12691.99,51.48290783,7.39924661,189.08,11.27,1.44,34.22,1,-101.00,-4.00,21.00,14.00,22.00,9.00,13532175,337
652.34,1566881904,12703.26,51.48299262,7.39933155,188.85,12.06,0.79,33.88,1,-101.00,-4.00,21.00,14.00,22.00,9.00,13532175,337
653.34,1566881905,12715.32,51.48308972,7.39943180,188.75,13.11,1.05,33.91,1,-100.00,-4.00,30.00,14.00,24.00,9.00,13532175,337
654.33,1566881906,12728.41,51.48319043,7.39953690,188.80,13.82,0.71,33.83,1,-100.00,-4.00,30.00,14.00,24.00,9.00,13532175,337
655.33,1566881907,12742.23,51.48329674,7.39964835,188.69,14.68,0.86,34.28,1,-102.00,-4.00,15.00,2.00,22.00,9.00,13532175,337
656.33,1566881908,12756.91,51.48340610,7.39976219,188.39,15.05,0.38,34.60,1,-102.00,-4.00,15.00,2.00,22.00,9.00,13532175,337
657.33,1566881909,12771.96,51.48351794,7.39988090,188.03,15.15,0.10,34.74,1,-104.00,-4.00,11.00,2.00,20.00,9.00,13532175,337
658.33,1566881910,12787.11,51.48362991,7.40000350,187.65,15.18,0.02,34.76,1,-104.00,-4.00,11.00,2.00,20.00,9.00,13532175,337
659.34,1566881911,12802.30,51.48374555,7.40012981,187.29,15.46,0.29,35.12,1,-105.00,-4.00,17.00,2.00,19.00,9.00,13532175,337
660.33,1566881912,12817.75,51.48386460,7.40026592,186.97,16.06,0.59,35.70,1,-105.00,-4.00,17.00,2.00,19.00,9.00,13532175,337
661.33,1566881913,12833.81,51.48398573,7.40040325,186.97,16.31,0.25,36.43,1,-106.00,-4.00,13.00,2.00,17.00,9.00,13532175,337
662.33,1566881914,12850.11,51.48410345,7.40054505,186.96,16.20,-0.10,36.89,1,-106.00,-4.00,13.00,2.00,17.00,9.00,13532175,337
663.33,1566881915,12866.32,51.48422204,7.40069319,187.34,15.81,-0.39,37.90,1,-107.00,-4.00,16.00,2.00,15.00,9.00,13532175,337
664.33,1566881916,12882.13,51.48433830,7.40083908,187.84,15.88,0.07,38.43,1,-107.00,-4.00,16.00,2.00,15.00,9.00,13532175,337
665.33,1566881917,12898.01,51.48444659,7.40098276,188.19,15.76,-0.13,39.27,1,-106.00,-4.00,17.00,2.00,17.00,9.00,13532175,337
666.33,1566881918,12913.72,51.48455302,7.40113233,188.41,15.36,-0.40,40.50,1,-106.00,-4.00,17.00,2.00,17.00,9.00,13532175,337
667.33,1566881919,12929.12,51.48465324,7.40128089,188.50,15.08,-0.28,41.66,1,-105.00,-4.00,13.00,2.00,18.00,9.00,13532175,337
668.33,1566881920,12944.20,51.48475565,7.40143239,188.77,14.90,-0.18,42.65,1,-105.00,-4.00,13.00,2.00,18.00,9.00,13532175,337
669.34,1566881921,12959.12,51.48485399,7.40158840,188.95,14.96,0.06,43.45,1,-109.00,-5.00,9.00,2.00,15.00,9.00,13532175,337
670.34,1566881922,12974.07,51.48495224,7.40174445,189.01,15.27,0.32,44.03,1,-109.00,-5.00,9.00,2.00,15.00,9.00,13532175,337
671.34,1566881924,12989.48,51.48504640,7.40189991,188.95,15.41,0.13,44.62,1,-110.00,-5.00,9.00,2.00,14.00,9.00,13532175,337
672.34,1566881924,13004.75,51.48513253,7.40205191,188.36,15.77,0.36,45.38,1,-110.00,-5.00,9.00,2.00,14.00,9.00,13532175,337
673.34,1566881925,13020.52,51.48522122,7.40221657,187.59,15.57,-0.19,46.30,1,-110.00,-5.00,9.00,2.00,14.00,9.00,13532175,337
674.33,1566881926,13036.08,51.48531232,7.40238148,187.13,15.39,-0.18,46.97,1,-112.00,-6.00,8.00,2.00,13.00,9.00,13532175,337
675.34,1566881927,13051.48,51.48540229,7.40255621,186.53,15.31,-0.08,47.81,1,-112.00,-6.00,8.00,2.00,13.00,9.00,13532175,337
676.34,1566881928,13066.79,51.48549506,7.40273458,185.93,15.35,0.04,48.75,1,-112.00,-5.00,11.00,2.00,13.00,9.00,13532175,337
677.34,1566881929,13082.15,51.48559048,7.40292088,185.35,15.44,0.08,49.63,1,-112.00,-5.00,11.00,2.00,13.00,9.00,13532175,337
678.34,1566881930,13097.58,51.48568187,7.40310726,184.82,15.69,0.26,50.77,1,-111.00,-5.00,16.00,2.00,13.00,9.00,13532175,337
679.34,1566881931,13113.28,51.48577460,7.40329646,184.30,16.29,0.59,51.48,1,-111.00,-5.00,16.00,2.00,13.00,9.00,13532175,337
680.33,1566881932,13129.55,51.48586142,7.40348775,183.88,16.48,0.19,52.42,1,-107.00,-4.00,16.00,2.00,17.00,9.00,13532175,337
681.33,1566881933,13145.99,51.48594820,7.40367863,183.42,16.59,0.11,52.91,1,-107.00,-4.00,16.00,2.00,17.00,9.00,13532175,337
682.33,1566881934,13162.62,51.48603221,7.40387052,183.05,16.68,0.09,53.43,1,-105.00,-4.00,18.00,2.00,19.00,9.00,13532175,337
683.33,1566881935,13179.29,51.48610963,7.40405131,182.71,16.54,-0.14,54.21,1,-105.00,-4.00,18.00,2.00,19.00,9.00,13532175,337
684.33,1566881936,13195.83,51.48618129,7.40423547,182.09,15.91,-0.63,55.00,1,-103.00,-3.00,21.00,14.00,19.00,8.00,13532175,337
685.33,1566881937,13211.74,51.48625365,7.40442667,181.96,15.81,-0.10,56.20,1,-103.00,-3.00,21.00,14.00,19.00,8.00,13532175,337
686.33,1566881938,13227.55,51.48632248,7.40461176,181.96,15.57,-0.23,56.68,1,-101.00,-4.00,17.00,15.00,23.00,8.00,13532175,337
687.33,1566881939,13243.12,51.48639069,7.40480664,181.93,15.28,-0.29,57.51,1,-101.00,-4.00,17.00,15.00,23.00,8.00,13532175,337
688.34,1566881940,13258.42,51.48645514,7.40499880,181.55,16.12,0.84,58.26,1,-106.00,-4.00,17.00,14.00,19.00,8.00,13532175,337
689.34,1566881941,13274.54,51.48651652,7.40518783,181.08,15.92,-0.21,58.71,1,-106.00,-4.00,17.00,14.00,19.00,8.00,13532175,337
690.33,1566881942,13290.44,51.48658055,7.40538848,180.68,15.96,0.04,59.69,1,-105.00,-6.00,11.00,11.00,23.00,8.00,13532175,337
691.33,1566881943,13306.41,51.48664499,7.40560169,180.19,16.01,0.05,60.36,1,-105.00,-6.00,11.00,11.00,23.00,8.00,13532175,337
692.34,1566881945,13322.56,51.48671689,7.40583960,179.12,15.96,-0.05,61.71,1,-113.00,-6.00,13.00,12.00,12.00,8.00,13532175,337
693.33,1566881945,13338.38,51.48678459,7.40607378,178.25,16.06,0.09,62.84,1,-113.00,-6.00,13.00,12.00,12.00,8.00,13532175,337
694.33,1566881946,13354.43,51.48684501,7.40628684,177.53,15.92,-0.13,64.06,1,-113.00,-6.00,13.00,12.00,12.00,8.00,13532175,337
695.34,1566881947,13370.37,51.48689906,7.40650431,177.04,16.22,0.29,65.56,1,-119.00,-8.00,0.00,2.00,20.00,8.00,13532175,337
696.34,1566881948,13386.59,51.48695723,7.40673512,176.84,16.69,0.48,66.67,1,-119.00,-8.00,0.00,2.00,20.00,8.00,13532175,337
697.34,1566881949,13403.28,51.48700131,7.40694415,176.64,16.22,-0.48,68.12,1,-119.00,-8.00,-1.00,2.00,8.00,8.00,13532175,337
698.34,1566881950,13419.50,51.48704510,7.40715346,176.36,15.80,-0.41,69.20,1,-119.00,-8.00,-1.00,2.00,8.00,8.00,13532175,337
699.34,1566881952,13435.33,51.48709067,7.40737443,176.08,15.97,0.17,70.03,1,-120.00,-9.00,4.00,2.00,7.00,8.00,13532175,337
700.34,1566881953,13451.32,51.48713621,7.40761833,176.00,16.99,1.02,71.73,1,-120.00,-9.00,4.00,2.00,7.00,8.00,13532175,337
701.34,1566881954,13468.32,51.48717580,7.40784240,175.85,16.57,-0.42,72.47,1,-117.00,-7.00,14.00,2.00,9.00,8.00,13532175,337
702.34,1566881955,13484.89,51.48721186,7.40807464,175.58,15.02,-1.55,74.75,1,-117.00,-7.00,14.00,2.00,9.00,8.00,13532175,337
703.34,1566881956,13499.90,51.48724819,7.40831297,175.42,16.28,1.26,75.10,1,-114.00,-6.00,17.00,2.00,11.00,8.00,13532175,337
704.34,1566881957,13516.18,51.48728427,7.40855132,175.20,16.23,-0.05,76.00,1,-114.00,-6.00,17.00,2.00,11.00,8.00,13532175,337
705.34,1566881958,13532.41,51.48730948,7.40876979,174.88,16.19,-0.04,77.16,1,-110.00,-4.00,13.00,2.00,14.00,8.00,13532175,337
706.34,1566881959,13548.62,51.48733654,7.40899668,174.57,16.22,0.03,77.77,1,-110.00,-4.00,13.00,2.00,14.00,8.00,13532175,337
707.34,1566881960,13564.82,51.48736278,7.40922313,174.01,16.25,0.03,78.64,1,-111.00,-5.00,13.00,2.00,12.00,8.00,13532175,337
708.34,1566881961,13581.09,51.48738871,7.40945889,173.70,16.33,0.08,79.28,1,-111.00,-5.00,13.00,2.00,12.00,8.00,13532175,337
709.34,1566881962,13597.41,51.48740686,7.40968012,173.24,16.17,-0.17,79.90,1,-111.00,-5.00,11.00,2.00,12.00,8.00,13532175,337
710.34,1566881963,13613.59,51.48742739,7.40990006,172.67,15.70,-0.46,80.33,1,-111.00,-5.00,11.00,2.00,12.00,8.00,13532175,337
711.34,1566881964,13629.28,51.48744482,7.41010823,172.06,14.19,-1.51,80.92,1,-110.00,-5.00,10.00,2.00,13.00,8.00,13532175,337
712.34,1566881965,13643.47,51.48745972,7.41030777,171.54,12.76,-1.44,81.76,1,-110.00,-5.00,10.00,2.00,13.00,8.00,13532175,337
713.35,1566881966,13656.35,51.48747077,7.41048059,171.20,10.83,-1.91,82.91,1,-113.00,-5.00,10.00,2.00,12.00,8.00,13532175,337
714.34,1566881967,13667.08,51.48747874,7.41062818,170.85,9.32,-1.52,84.18,1,-113.00,-5.00,10.00,2.00,12.00,8.00,13532175,337
715.34,1566881968,13676.41,51.48748591,7.41075691,170.40,8.18,-1.14,84.80,1,-113.00,-5.00,10.00,2.00,12.00,8.00,13532175,337
716.34,1566881969,13684.58,51.48750559,7.41084826,169.78,7.16,-1.02,67.43,1,-114.00,-6.00,7.00,2.00,10.00,8.00,13532175,337
717.34,1566881970,13691.74,51.48755469,7.41094154,169.04,6.83,-0.33,44.34,1,-114.00,-6.00,7.00,2.00,10.00,8.00,13532175,337
718.34,1566881971,13698.58,51.48760619,7.41098775,168.39,6.90,0.08,19.13,1,-117.00,-7.00,8.00,2.00,8.00,8.00,13532175,337
719.34,1566881972,13705.48,51.48764938,7.41100561,167.79,6.98,0.07,4.15,1,-117.00,-7.00,8.00,2.00,8.00,8.00,13532175,337
720.34,1566881973,13712.48,51.48769978,7.41101266,167.54,6.75,-0.23,0.73,1,-118.00,-7.00,8.00,2.00,8.00,8.00,13532175,337
721.33,1566881973,13719.18,51.48776053,7.41100290,167.01,8.75,2.02,357.14,1,-118.00,-7.00,8.00,2.00,8.00,8.00,13532175,337
722.34,1566881975,13728.00,51.48784257,7.41098864,166.60,9.52,0.76,354.14,1,-118.00,-8.00,6.00,2.00,7.00,8.00,13532175,337
723.34,1566881976,13737.52,51.48793561,7.41097117,166.18,10.48,0.96,354.05,1,-118.00,-8.00,6.00,2.00,7.00,8.00,13532175,337
724.34,1566881976,13747.94,51.48804219,7.41095075,165.70,11.61,1.13,353.46,1,-118.00,-8.00,1.00,6.00,7.00,10.00,13532175,337
725.34,1566881977,13759.54,51.48815169,7.41092433,164.98,12.42,0.82,353.02,1,-118.00,-8.00,1.00,6.00,7.00,10.00,13532175,337
726.34,1566881978,13771.98,51.48827073,7.41089998,164.49,12.28,-0.14,352.42,1,-119.00,-7.00,4.00,8.00,7.00,10.00,13532175,337
727.34,1566881979,13784.27,51.48839609,7.41087076,164.25,12.48,0.20,351.53,1,-119.00,-7.00,4.00,8.00,7.00,10.00,13532175,337
728.34,1566881981,13796.79,51.48851462,7.41083850,164.14,12.39,-0.09,351.09,1,-118.00,-11.00,4.00,8.00,12.00,10.00,13532175,337
729.34,1566881982,13809.16,51.48862656,7.41079837,164.23,12.47,0.08,350.19,1,-118.00,-11.00,4.00,8.00,12.00,10.00,13532175,337
730.34,1566881983,13821.63,51.48873879,7.41076086,164.70,12.46,-0.02,349.54,1,-118.00,-8.00,2.00,8.00,7.00,10.00,13532175,337
731.34,1566881984,13834.09,51.48884853,7.41071680,164.90,12.43,-0.03,349.07,1,-118.00,-8.00,2.00,8.00,7.00,10.00,13532175,337
732.33,1566881984,13846.41,51.48896062,7.41067350,165.13,12.36,-0.06,348.37,nan,nan,nan,nan,nan,nan,nan,nan,nan
733.33,1566881985,13858.83,51.48907632,7.41062896,165.44,12.31,-0.06,347.99,nan,nan,nan,nan,nan,nan,nan,nan,nan
734.35,1566881987,13871.27,51.48918406,7.41059236,165.51,12.56,0.25,347.42,nan,nan,nan,nan,nan,nan,nan,nan,nan
735.34,1566881987,13883.71,51.48928942,7.41055267,165.33,12.61,0.04,346.44,nan,nan,nan,nan,nan,nan,nan,nan,nan
736.33,1566881988,13896.30,51.48940218,7.41050396,165.29,13.23,0.63,346.86,nan,nan,nan,nan,nan,nan,nan,nan,nan
737.34,1566881989,13909.55,51.48950949,7.41046555,164.96,13.34,0.10,347.58,nan,nan,nan,nan,nan,nan,nan,nan,nan
738.34,1566881990,13922.88,51.48961726,7.41042467,164.65,12.78,-0.56,346.74,nan,nan,nan,nan,nan,nan,nan,nan,nan
739.34,1566881991,13935.66,51.48972499,7.41037631,164.60,12.13,-0.65,346.48,nan,nan,nan,nan,nan,nan,nan,nan,nan
740.34,1566881992,13947.79,51.48981793,7.41032515,164.72,9.92,-2.21,347.04,nan,nan,nan,nan,nan,nan,nan,nan,nan
741.34,1566881993,13957.71,51.48988708,7.41029526,164.83,7.39,-2.53,346.15,nan,nan,nan,nan,nan,nan,nan,nan,nan
742.34,1566881994,13965.09,51.48994437,7.41027590,164.71,5.38,-2.01,348.99,nan,nan,nan,nan,nan,nan,nan,nan,nan
743.34,1566881995,13970.47,51.48999483,7.41030806,164.79,4.75,-0.63,29.78,1,-112.00,-12.00,-8.00,5.00,20.00,19.00,13254913,38
744.34,1566881996,13975.22,51.49002099,7.41035632,165.09,5.48,0.73,52.19,1,-112.00,-12.00,-8.00,5.00,20.00,19.00,13254913,38
745.34,1566881997,13980.70,51.49003878,7.41042634,165.53,6.70,1.22,72.32,1,-110.00,-11.00,-1.00,6.00,20.00,19.00,13254913,38
746.34,1566881998,13987.41,51.49006299,7.41053818,165.22,7.17,0.48,73.44,1,-110.00,-11.00,-1.00,6.00,20.00,19.00,13254913,38
747.34,1566881999,13994.58,51.49008546,7.41067984,164.56,9.36,2.19,74.97,1,-112.00,-11.00,-2.00,5.00,19.00,19.00,13254913,38
