0.00,1566546140,0.00,51.44998365,7.48826480,245.77,10.27,0.00,167.40,1,-98.00,-11.00,7.00,11.00,43.00,6.00,28371201,66
0.99,1566546141,10.16,51.44990031,7.48829925,246.63,11.00,0.74,167.86,1,-98.00,-11.00,7.00,11.00,43.00,6.00,28371201,66
2.00,1566546142,21.18,51.44981014,7.48833314,247.33,10.97,-0.04,168.64,1,-101.00,-10.00,6.00,9.00,42.00,6.00,28371201,66
2.99,1566546143,32.14,51.45100060,7.49195570,247.31,12.48,1.52,170.04,1,-101.00,-10.00,6.00,9.00,42.00,6.00,28371201,66
4.00,1566546144,44.63,51.44957707,7.48839278,247.17,13.07,0.59,171.93,1,-99.00,-11.00,6.00,8.00,43.00,6.00,28371201,66
4.99,1566546145,57.69,51.44944641,7.48841283,246.63,14.22,1.15,173.83,1,-99.00,-11.00,6.00,8.00,43.00,6.00,28371201,66
6.00,1566546146,71.93,51.44930493,7.48843410,246.04,14.98,0.75,174.66,1,-99.00,-11.00,-1.00,6.00,43.00,10.00,27771909,125
6.99,1566546147,86.89,51.44916856,7.48844290,245.80,15.55,0.57,175.85,1,-99.00,-11.00,-1.00,6.00,43.00,10.00,27771909,125
8.00,1566546148,102.52,51.44903112,7.48843736,245.46,16.03,0.48,178.69,1,-92.00,-7.00,10.00,12.00,47.00,10.00,27771909,125
8.99,1566546149,118.42,51.44888265,7.48842333,245.57,16.24,0.21,182.05,1,-92.00,-7.00,10.00,12.00,47.00,10.00,27771909,125
9.99,1566546150,134.66,51.44873944,7.48840083,245.98,15.68,-0.56,184.17,1,-92.00,-7.00,10.00,12.00,47.00,10.00,27771909,125
10.99,1566546151,150.36,51.44860451,7.48836672,246.18,14.41,-1.26,187.25,1,-93.00,-6.00,13.00,14.00,45.00,10.00,27771909,125
11.99,1566546152,164.77,51.44846564,7.48830746,246.32,14.63,0.22,189.09,1,-93.00,-6.00,13.00,14.00,45.00,10.00,27771909,125
12.99,1566546153,179.40,51.44832643,7.48824416,246.19,14.33,-0.30,190.79,1,-95.00,-6.00,16.00,12.00,43.00,10.00,27771909,125
13.99,1566546154,193.73,51.44818247,7.48818184,246.68,14.87,0.53,191.61,1,-95.00,-6.00,16.00,12.00,43.00,10.00,27771909,125
14.99,1566546155,208.60,51.44804585,7.48813113,246.95,15.32,0.46,191.95,1,-95.00,-6.00,18.00,8.00,43.00,10.00,27771909,125
15.99,1566546156,223.92,51.44792349,7.48807470,247.53,14.77,-0.56,192.77,1,-95.00,-6.00,18.00,8.00,43.00,10.00,27771909,125
16.99,1566546157,238.67,51.44780101,7.48801847,248.05,14.29,-0.48,191.59,1,-97.00,-7.00,13.00,14.00,41.00,10.00,27771909,125
17.99,1566546158,252.97,51.44766708,7.48797680,248.36,14.35,0.06,189.43,1,-97.00,-7.00,13.00,14.00,41.00,10.00,27771909,125
18.99,1566546159,267.31,51.44754381,7.48794640,249.07,14.69,0.34,187.18,1,-94.00,-7.00,18.00,12.00,43.00,10.00,27771909,125
19.99,1566546160,282.00,51.44741195,7.48792250,250.09,15.27,0.58,185.37,1,-94.00,-7.00,18.00,12.00,43.00,10.00,27771909,125
20.99,1566546161,297.28,51.44729009,7.48790967,250.17,14.62,-0.65,183.61,1,-92.00,-6.00,18.00,15.00,45.00,10.00,27771909,125
21.99,1566546162,311.89,51.44717189,7.48791349,250.30,14.86,0.23,180.31,1,-92.00,-6.00,18.00,15.00,45.00,10.00,27771909,125
22.99,1566546163,326.76,51.44674590,7.48109340,250.53,15.24,0.39,176.69,1,-94.00,-6.00,13.00,9.00,43.00,10.00,27771909,125
23.99,1566546164,341.98,51.44692042,7.48796420,251.11,15.30,0.05,173.84,1,-94.00,-6.00,13.00,9.00,43.00,10.00,27771909,125
24.99,1566546165,357.29,51.44677841,7.48801468,251.81,15.84,0.54,170.53,1,-93.00,-6.00,18.00,15.00,44.00,10.00,27771909,125
25.99,1566546166,373.13,51.44666200,7.48807362,253.09,15.83,-0.00,166.80,1,-93.00,-6.00,18.00,15.00,44.00,10.00,27771909,125
26.99,1566546167,388.95,51.44654005,7.48815296,254.46,16.23,0.39,163.02,1,-91.00,-6.00,18.00,9.00,46.00,10.00,27771909,125
27.99,1566546168,405.19,51.44640906,7.48824909,255.99,16.34,0.11,160.02,1,-91.00,-6.00,18.00,9.00,46.00,10.00,27771909,125
29.00,1566546169,421.63,51.44625424,7.48837157,257.16,16.92,0.58,156.24,1,-90.00,-6.00,14.00,9.00,47.00,10.00,27771909,125
29.99,1566546170,438.45,51.44611760,7.48850935,257.98,16.91,-0.02,152.15,1,-90.00,-6.00,14.00,9.00,47.00,10.00,27771909,125
30.99,1566546171,455.35,51.44597122,7.48867454,258.79,16.73,-0.17,148.19,1,-90.00,-6.00,14.00,9.00,47.00,10.00,27771909,125
31.99,1566546172,472.07,51.44584380,7.48883904,259.17,16.96,0.23,144.26,1,-96.00,-7.00,14.00,12.00,42.00,10.00,27771909,125
32.99,1566546173,489.05,51.44571950,7.48901719,259.30,17.61,0.64,141.65,1,-96.00,-7.00,14.00,12.00,42.00,10.00,27771909,125
33.99,1566546174,506.67,51.44559504,7.48921174,259.75,17.78,0.18,138.19,1,-96.00,-8.00,10.00,14.00,42.00,10.00,27771909,125
34.99,1566546175,524.45,51.44548745,7.48940487,260.35,17.35,-0.44,135.27,1,-96.00,-8.00,10.00,14.00,42.00,10.00,27771909,125
35.99,1566546176,541.82,51.44539239,7.48959635,260.94,16.18,-1.17,132.56,1,-100.00,-11.00,10.00,11.00,41.00,10.00,27771909,125
36.99,1566546177,558.01,51.44531152,7.48978417,261.63,16.23,0.05,130.83,1,-100.00,-11.00,10.00,11.00,41.00,10.00,27771909,125
37.99,1566546178,574.22,51.44523931,7.48996633,262.18,16.05,-0.17,129.53,1,-102.00,-10.00,-1.00,8.00,40.00,10.00,27771909,125
38.99,1566546179,590.29,51.44515765,7.49015722,262.81,15.98,-0.08,128.60,1,-102.00,-10.00,-1.00,8.00,40.00,10.00,27771909,125
39.99,1566546180,606.25,51.44507021,7.49035655,263.51,15.42,-0.55,127.86,1,-100.00,-10.00,2.00,10.00,41.00,6.00,27771907,124
40.99,1566546181,621.66,51.44498417,7.49055332,264.38,14.46,-0.97,127.08,1,-100.00,-10.00,2.00,10.00,41.00,6.00,27771907,124
41.99,1566546182,636.08,51.44490686,7.49073402,265.85,13.78,-0.68,127.17,1,-96.00,-9.00,5.00,12.00,42.00,6.00,27771907,124
42.99,1566546183,649.87,51.44337950,7.49243380,267.00,13.45,-0.33,126.23,1,-96.00,-9.00,5.00,12.00,42.00,6.00,27771907,124
43.99,1566546184,663.32,51.44478514,7.49107231,268.05,13.76,0.32,126.90,1,-100.00,-8.00,9.00,9.00,38.00,6.00,27771907,124
44.99,1566546185,677.09,51.44475537,7.49122095,269.22,13.18,-0.59,127.05,1,-100.00,-8.00,9.00,9.00,38.00,6.00,27771907,124
45.99,1566546186,690.26,51.44470306,7.49137066,270.79,10.86,-2.32,127.50,1,-101.00,-9.00,10.00,12.00,40.00,6.00,27771907,124
46.99,1566546187,701.13,51.44465315,7.49149698,271.81,8.23,-2.63,127.75,1,-101.00,-9.00,10.00,12.00,40.00,6.00,27771907,124
47.99,1566546188,709.36,51.44461412,7.49158495,272.76,5.56,-2.67,128.30,1,-98.00,-7.00,15.00,8.00,40.00,6.00,27771907,124
48.99,1566546189,714.92,51.44459338,7.49162469,272.84,1.48,-4.08,127.94,1,-98.00,-7.00,15.00,8.00,40.00,6.00,27771907,124
50.00,1566546190,716.41,51.44459338,7.49162469,272.84,0.00,-1.46,127.94,1,-92.00,-7.00,14.00,1.00,48.00,6.00,27771907,124
50.99,1566546191,716.41,51.44459338,7.49162469,272.84,0.00,0.00,127.94,1,-92.00,-7.00,14.00,1.00,48.00,6.00,27771907,124
51.99,1566546192,716.41,51.44459338,7.49162469,272.84,0.00,0.00,127.94,1,-92.00,-7.00,14.00,1.00,48.00,6.00,27771907,124
52.99,1566546193,716.41,51.44459338,7.49162469,272.84,0.00,0.00,127.94,1,-93.00,-5.00,13.00,15.00,45.00,6.00,27771907,124
53.99,1566546194,716.41,51.44459338,7.49162469,272.83,0.00,0.00,127.94,1,-93.00,-5.00,13.00,15.00,45.00,6.00,27771907,124
54.99,1566546195,716.41,51.44459338,7.49162469,272.83,0.00,0.00,127.94,1,-91.00,-4.00,14.00,2.00,44.00,6.00,27771907,124
55.99,1566546196,716.41,51.44459338,7.49162469,272.82,0.00,0.00,127.94,1,-91.00,-4.00,14.00,2.00,44.00,6.00,27771907,124
56.99,1566546197,716.41,51.44459338,7.49162469,272.82,0.00,0.00,127.94,1,-93.00,-7.00,14.00,2.00,45.00,6.00,27771907,124
57.99,1566546198,716.41,51.44459338,7.49162469,272.81,0.00,0.00,127.94,1,-93.00,-7.00,14.00,2.00,45.00,6.00,27771907,124
58.99,1566546199,716.41,51.44459338,7.49162469,272.80,0.00,0.00,127.94,1,-93.00,-6.00,17.00,2.00,45.00,6.00,27771907,124
59.99,1566546200,716.41,51.44459338,7.49162469,272.80,0.00,0.00,127.94,1,-93.00,-6.00,17.00,2.00,45.00,6.00,27771907,124
60.99,1566546201,716.41,51.44459338,7.49162469,272.79,0.00,0.00,127.94,1,-92.00,-6.00,15.00,2.00,46.00,6.00,27771907,124
61.99,1566546202,716.41,51.44459338,7.49162469,272.78,0.00,0.00,127.94,1,-92.00,-6.00,15.00,2.00,46.00,6.00,27771907,124
62.99,1566546203,716.41,51.44337950,7.49243380,272.78,0.00,0.00,127.94,1,-92.00,-5.00,16.00,2.00,45.00,6.00,27771907,124
63.99,1566546204,716.41,51.44459338,7.49162469,272.77,0.00,0.00,127.94,1,-92.00,-5.00,16.00,2.00,45.00,6.00,27771907,124
64.99,1566546205,716.41,51.44459338,7.49162469,272.76,0.00,0.00,127.94,1,-92.00,-5.00,14.00,2.00,45.00,6.00,27771907,124
65.99,1566546206,716.41,51.44459338,7.49162469,272.75,0.00,0.00,127.94,1,-92.00,-5.00,14.00,2.00,45.00,6.00,27771907,124
66.99,1566546207,716.41,51.44459338,7.49162469,272.73,0.00,0.00,127.94,1,-93.00,-7.00,17.00,2.00,46.00,6.00,27771907,124
67.99,1566546208,716.41,51.44459338,7.49162469,272.72,0.00,0.00,127.94,1,-93.00,-7.00,17.00,2.00,46.00,6.00,27771907,124
68.99,1566546209,716.41,51.44459338,7.49162469,272.70,0.00,0.00,127.94,1,-92.00,-7.00,15.00,14.00,47.00,7.00,27771907,124
69.99,1566546210,716.41,51.44459338,7.49162469,272.69,0.00,0.00,127.94,1,-92.00,-7.00,15.00,14.00,47.00,7.00,27771907,124
71.00,1566546211,716.41,51.44459338,7.49162469,272.68,0.00,0.00,127.94,1,-91.00,-6.00,14.00,14.00,47.00,7.00,27771907,124
71.99,1566546212,716.41,51.44459338,7.49162469,272.66,0.00,0.00,127.94,1,-91.00,-6.00,14.00,14.00,47.00,7.00,27771907,124
72.99,1566546213,716.41,51.44459338,7.49162469,272.65,0.00,0.00,127.94,1,-91.00,-6.00,14.00,14.00,47.00,7.00,27771907,124
73.99,1566546214,716.41,51.44459338,7.49162469,272.63,0.00,0.00,127.94,1,-92.00,-7.00,25.00,14.00,48.00,7.00,27771907,124
74.99,1566546215,716.41,51.44459338,7.49162469,272.61,0.00,0.00,127.94,1,-92.00,-7.00,25.00,14.00,48.00,7.00,27771907,124
75.99,1566546216,716.41,51.44459338,7.49162469,272.60,0.00,0.00,127.94,1,-92.00,-7.00,14.00,14.00,47.00,7.00,27771907,124
76.99,1566546217,716.41,51.44459338,7.49162469,272.57,0.00,0.00,127.94,1,-92.00,-7.00,14.00,14.00,47.00,7.00,27771907,124
77.99,1566546218,716.41,51.44459352,7.49162440,272.55,0.00,0.00,127.94,1,-92.00,-7.00,14.00,1.00,47.00,7.00,27771907,124
78.99,1566546219,716.41,51.44459441,7.49161813,272.53,0.00,0.00,127.94,1,-92.00,-7.00,14.00,1.00,47.00,7.00,27771907,124
79.99,1566546220,716.41,51.44459601,7.49161271,272.51,0.00,0.00,127.94,1,-93.00,-8.00,14.00,12.00,47.00,7.00,27771907,124
80.99,1566546221,716.41,51.44459707,7.49159368,272.34,0.00,0.00,271.62,1,-93.00,-8.00,14.00,12.00,47.00,7.00,27771907,124
81.99,1566546222,716.41,51.44459952,7.49158803,272.17,0.00,0.00,271.62,1,-92.00,-8.00,14.00,14.00,47.00,7.00,27771907,124
82.99,1566546223,716.41,51.44460216,7.49157977,271.95,0.00,0.00,298.54,1,-92.00,-8.00,14.00,14.00,47.00,7.00,27771907,124
83.99,1566546224,716.41,51.44337950,7.49243380,271.74,0.00,0.00,298.54,1,-92.00,-8.00,14.00,12.00,47.00,7.00,27771907,124
84.99,1566546225,716.41,51.44460604,7.49157664,271.72,0.00,0.00,298.54,1,-92.00,-8.00,14.00,12.00,47.00,7.00,27771907,124
85.99,1566546226,716.41,51.44460587,7.49157621,271.70,0.00,0.00,298.54,1,-93.00,-8.00,14.00,14.00,47.00,7.00,27771907,124
86.99,1566546227,716.41,51.44460619,7.49157537,271.69,0.00,0.00,298.54,1,-93.00,-8.00,14.00,14.00,47.00,7.00,27771907,124
87.99,1566546228,716.41,51.44461050,7.49157486,271.66,0.00,0.00,314.51,1,-92.00,-7.00,14.00,14.00,47.00,7.00,27771907,124
88.99,1566546229,716.41,51.44461248,7.49157694,271.62,0.00,0.00,314.51,1,-92.00,-7.00,14.00,14.00,47.00,7.00,27771907,124
89.99,1566546230,716.41,51.44461072,7.49158082,271.56,0.00,0.00,314.51,1,-92.00,-5.00,15.00,2.00,44.00,7.00,27771907,124
90.99,1566546231,716.41,51.44460861,7.49158495,271.47,0.00,0.00,240.63,1,-92.00,-5.00,15.00,2.00,44.00,7.00,27771907,124
92.00,1566546232,716.41,51.44460840,7.49159671,271.46,0.00,0.00,240.63,1,-92.00,-5.00,16.00,2.00,45.00,7.00,27771907,124
92.99,1566546233,716.41,51.44460763,7.49160961,271.44,0.00,0.00,240.63,1,-92.00,-5.00,16.00,2.00,45.00,7.00,27771907,124
93.99,1566546234,716.41,51.44460632,7.49162239,271.40,0.00,0.00,240.63,1,-92.00,-5.00,16.00,2.00,45.00,7.00,27771907,124
94.99,1566546235,716.41,51.44460899,7.49162548,271.03,0.00,0.00,301.28,1,-92.00,-5.00,16.00,2.00,45.00,7.00,27771907,124
95.99,1566546236,716.41,51.44460550,7.49164161,270.56,0.00,0.00,106.99,1,-92.00,-5.00,16.00,2.00,45.00,7.00,27771907,124
96.99,1566546237,716.41,51.44459226,7.49166813,270.25,1.15,0.00,124.90,1,-93.00,-5.00,13.00,2.00,44.00,7.00,27771907,124
97.99,1566546238,717.56,51.44456810,7.49170312,268.28,2.61,1.46,136.50,1,-93.00,-5.00,13.00,2.00,44.00,7.00,27771907,124
98.99,1566546239,720.17,51.44452197,7.49173517,267.76,4.20,1.59,156.61,1,-94.00,-6.00,17.00,2.00,44.00,7.00,27771907,124
99.99,1566546240,724.37,51.44446158,7.49171710,267.80,5.39,1.19,195.51,1,-94.00,-6.00,17.00,2.00,44.00,7.00,27771907,124
100.99,1566546241,729.76,51.44439307,7.49168136,267.77,6.49,1.10,216.64,1,-92.00,-8.00,23.00,2.00,48.00,7.00,27771907,124
101.99,1566546242,736.25,51.44432937,7.49160454,267.43,9.64,3.16,216.92,1,-92.00,-8.00,23.00,2.00,48.00,7.00,27771907,124
102.99,1566546243,745.89,51.44425288,7.49150829,267.05,10.79,1.15,216.33,1,-88.00,-7.00,25.00,2.00,51.00,7.00,27771907,124
103.99,1566546244,756.68,51.44337950,7.49243380,267.04,12.36,1.57,215.74,1,-88.00,-7.00,25.00,2.00,51.00,7.00,27771907,124
104.99,1566546245,769.03,51.44404686,7.49127245,267.34,12.75,0.39,214.09,1,-85.00,-5.00,23.00,2.00,53.00,7.00,27771907,124
105.99,1566546246,781.78,51.44393685,7.49114549,268.29,14.09,1.34,214.19,1,-85.00,-5.00,23.00,2.00,53.00,7.00,27771907,124
106.99,1566546247,795.88,51.44383270,7.49103117,269.05,14.90,0.81,214.68,1,-82.00,-5.00,27.00,2.00,55.00,7.00,27771907,124
107.99,1566546248,810.78,51.44373522,7.49091850,269.38,15.38,0.48,215.33,1,-82.00,-5.00,27.00,2.00,55.00,7.00,27771907,124
108.99,1566546249,826.14,51.44362540,7.49079493,269.80,15.45,0.07,215.72,1,-73.00,-5.00,30.00,2.00,63.00,7.00,27771907,124
110.09,1566546251,843.15,51.44351247,7.49065656,270.23,15.56,0.11,216.60,1,-73.00,-5.00,30.00,2.00,63.00,7.00,27771907,124
111.12,1566546252,859.21,51.44339464,7.49051452,270.79,15.55,-0.01,216.48,1,-70.00,-4.00,35.00,15.00,63.00,4.00,27771907,124
112.09,1566546253,874.28,51.44328739,7.49038300,271.04,15.47,-0.08,216.64,1,-70.00,-4.00,35.00,15.00,63.00,4.00,27771907,124
113.09,1566546254,889.73,51.44317447,7.49025099,271.10,15.54,0.07,216.88,1,-85.00,-7.00,22.00,1.00,53.00,4.00,27771907,124
114.09,1566546255,905.27,51.44306409,7.49012122,271.37,15.64,0.10,217.12,1,-85.00,-7.00,22.00,1.00,53.00,4.00,27771907,124
115.10,1566546256,921.02,51.44295538,7.48999091,271.85,15.60,-0.04,216.96,1,-82.00,-8.00,21.00,1.00,57.00,4.00,27771907,124
116.09,1566546257,936.49,51.44284229,7.48985535,272.21,15.35,-0.25,216.12,1,-82.00,-8.00,21.00,1.00,57.00,4.00,27771907,124
117.09,1566546258,951.83,51.44272768,7.48972248,272.38,15.28,-0.07,216.68,1,-82.00,-8.00,21.00,1.00,57.00,4.00,27771907,124
118.09,1566546259,967.11,51.44261639,7.48959029,272.71,15.19,-0.08,217.16,1,-71.00,-5.00,30.00,12.00,63.00,4.00,27771907,124
119.09,1566546260,982.30,51.44251158,7.48945734,273.05,14.65,-0.54,218.14,1,-71.00,-5.00,30.00,12.00,63.00,4.00,27771907,124
120.09,1566546261,996.95,51.44240970,7.48933300,273.05,14.61,-0.03,218.91,1,-70.00,-7.00,31.00,15.00,63.00,4.00,27771907,124
121.09,1566546262,1011.55,51.44230397,7.48920670,273.47,14.35,-0.26,216.70,1,-70.00,-7.00,31.00,15.00,63.00,4.00,27771907,124
122.09,1566546263,1025.88,51.44219278,7.48908232,273.57,15.00,0.64,215.57,1,-73.00,-6.00,30.00,1.00,63.00,4.00,27771907,124
123.09,1566546264,1040.93,51.44208200,7.48894382,273.98,14.70,-0.30,217.11,1,-73.00,-6.00,30.00,1.00,63.00,4.00,27771907,124
124.09,1566546265,1055.61,51.44337950,7.49243380,274.09,14.60,-0.10,219.03,1,-78.00,-7.00,26.00,15.00,60.00,4.00,27771907,124
125.09,1566546266,1070.21,51.44187600,7.48865961,273.39,14.43,-0.17,220.94,1,-78.00,-7.00,26.00,15.00,60.00,4.00,27771907,124
126.09,1566546267,1084.65,51.44178437,7.48851595,273.60,14.18,-0.25,222.74,1,-77.00,-6.00,20.00,14.00,60.00,4.00,27771907,124
127.09,1566546268,1098.83,51.44170603,7.48835025,274.42,13.36,-0.82,230.92,1,-77.00,-6.00,20.00,14.00,60.00,4.00,27771907,124
128.09,1566546269,1112.19,51.44162589,7.48817910,275.11,13.02,-0.35,230.05,1,-73.00,-5.00,30.00,14.00,62.00,4.00,27771907,124
129.09,1566546270,1125.20,51.44155262,7.48802520,275.67,13.81,0.80,230.47,1,-73.00,-5.00,30.00,14.00,62.00,4.00,27771907,124
130.09,1566546271,1139.01,51.44146492,7.48784462,276.05,14.68,0.87,231.39,1,-81.00,-6.00,17.00,15.00,56.00,4.00,27771907,124
131.09,1566546272,1153.69,51.44138284,7.48766956,276.55,14.72,0.03,231.84,1,-81.00,-6.00,17.00,15.00,56.00,4.00,27771907,124
132.09,1566546273,1168.41,51.44131017,7.48749628,277.21,14.86,0.15,232.83,1,-86.00,-6.00,8.00,12.00,50.00,4.00,27771907,124
133.09,1566546274,1183.29,51.44123692,7.48733897,277.42,14.28,-0.58,232.66,1,-86.00,-6.00,8.00,12.00,50.00,4.00,27771907,124
134.09,1566546275,1197.57,51.44115367,7.48715902,277.29,14.32,0.04,232.19,1,-87.00,-8.00,4.00,10.00,51.00,4.00,27771907,124
135.09,1566546276,1211.89,51.44107400,7.48699611,277.64,14.14,-0.18,232.57,1,-87.00,-8.00,4.00,10.00,51.00,4.00,27771907,124
136.10,1566546277,1226.17,51.44099288,7.48683183,277.86,14.34,0.19,231.85,1,-87.00,-9.00,10.00,12.00,51.00,4.00,27771907,124
137.09,1566546278,1240.38,51.44091077,7.48667373,278.53,14.52,0.18,231.26,1,-87.00,-9.00,10.00,12.00,51.00,4.00,27771907,124
138.09,1566546279,1254.91,51.44082546,7.48650382,279.13,14.87,0.36,231.31,1,-87.00,-9.00,10.00,12.00,51.00,4.00,27771907,124
139.09,1566546280,1269.74,51.44075099,7.48634094,279.19,14.84,-0.04,232.50,1,-85.00,-7.00,16.00,12.00,53.00,1.00,27771908,123
140.09,1566546281,1284.59,51.44067233,7.48616686,279.42,14.95,0.11,233.12,1,-85.00,-7.00,16.00,12.00,53.00,1.00,27771908,123
141.09,1566546282,1299.56,51.44058771,7.48598561,279.81,15.25,0.29,233.04,1,-83.00,-7.00,27.00,12.00,55.00,1.00,27771908,123
142.09,1566546283,1314.80,51.44050318,7.48580117,280.13,15.40,0.16,232.48,1,-83.00,-7.00,27.00,12.00,55.00,1.00,27771908,123
143.09,1566546284,1330.19,51.44041367,7.48561027,280.26,14.93,-0.47,232.91,1,-78.00,-6.00,33.00,12.00,60.00,1.00,27771908,123
144.09,1566546285,1345.13,51.43701410,7.47847190,280.16,14.22,-0.71,233.84,1,-78.00,-6.00,33.00,12.00,60.00,1.00,27771908,123
145.09,1566546286,1359.35,51.44025561,7.48525919,280.09,14.77,0.55,233.19,1,-78.00,-5.00,31.00,14.00,59.00,1.00,27771908,123
146.09,1566546287,1374.12,51.44017665,7.48507824,279.42,14.96,0.19,233.55,1,-78.00,-5.00,31.00,14.00,59.00,1.00,27771908,123
147.09,1566546288,1389.08,51.44009151,7.48489205,278.79,14.80,-0.16,233.10,1,-75.00,-6.00,25.00,15.00,62.00,1.00,27771908,123
148.09,1566546289,1403.87,51.44001195,7.48471639,278.70,15.00,0.19,232.50,1,-75.00,-6.00,25.00,15.00,62.00,1.00,27771908,123
149.09,1566546290,1418.87,51.43993493,7.48455920,278.50,14.07,-0.92,231.52,1,-71.00,-5.00,27.00,15.00,63.00,1.00,27771908,123
150.09,1566546291,1432.94,51.43985060,7.48439373,278.73,13.84,-0.24,231.04,1,-71.00,-5.00,27.00,15.00,63.00,1.00,27771908,123
151.09,1566546292,1446.79,51.43976482,7.48422720,279.28,14.70,0.86,231.12,1,-69.00,-5.00,18.00,15.00,63.00,1.00,27771908,123
152.09,1566546293,1461.49,51.43967807,7.48405987,280.13,15.71,1.02,232.03,1,-69.00,-5.00,18.00,15.00,63.00,1.00,27771908,123
153.09,1566546294,1477.19,51.43959029,7.48387011,281.24,15.92,0.21,233.10,1,-73.00,-5.00,30.00,2.00,61.00,1.00,27771908,123
154.09,1566546295,1493.12,51.43950793,7.48367974,281.70,15.07,-0.85,234.25,1,-73.00,-5.00,30.00,2.00,61.00,1.00,27771908,123
155.09,1566546296,1508.17,51.43943589,7.48349062,282.29,13.94,-1.13,235.18,1,-69.00,-5.00,24.00,2.00,63.00,1.00,27771908,123
156.09,1566546297,1522.11,51.43936649,7.48331012,283.19,13.57,-0.37,235.90,1,-69.00,-5.00,24.00,2.00,63.00,1.00,27771908,123
157.10,1566546298,1535.82,51.43929401,7.48312050,283.12,13.46,-0.11,236.31,1,-71.00,-5.00,24.00,2.00,63.00,1.00,27771908,123
158.09,1566546299,1549.16,51.43922771,7.48294290,283.11,12.43,-1.04,237.23,1,-71.00,-5.00,24.00,2.00,63.00,1.00,27771908,123
159.09,1566546300,1561.57,51.43914563,7.48273456,282.87,14.56,2.14,237.61,1,-71.00,-5.00,24.00,2.00,63.00,1.00,27771908,123
160.09,1566546301,1576.15,51.43907152,7.48253777,283.19,13.54,-1.03,237.58,1,-74.00,-5.00,27.00,2.00,62.00,1.00,27771908,123
161.09,1566546302,1589.69,51.43899166,7.48231697,283.60,14.87,1.33,238.81,1,-74.00,-5.00,27.00,2.00,62.00,1.00,27771908,123
162.09,1566546303,1604.56,51.43891132,7.48209725,284.43,15.58,0.71,239.46,1,-83.00,-6.00,23.00,2.00,54.00,1.00,27771908,123
163.09,1566546304,1620.14,51.43884310,7.48189574,285.05,15.31,-0.27,240.14,1,-83.00,-6.00,23.00,2.00,54.00,1.00,27771908,123
164.09,1566546305,1635.44,51.43701410,7.47847190,285.62,14.94,-0.38,240.71,1,-95.00,-6.00,18.00,12.00,41.00,6.00,27771908,123
165.09,1566546306,1650.39,51.43871576,7.48151895,286.63,15.59,0.66,239.93,1,-95.00,-6.00,18.00,12.00,41.00,6.00,27771908,123
166.09,1566546307,1665.99,51.43864675,7.48131388,287.41,15.61,0.01,240.53,1,-100.00,-6.00,14.00,10.00,37.00,6.00,27771908,123
167.09,1566546308,1681.58,51.43857025,7.48108239,288.32,15.66,0.05,241.23,1,-100.00,-6.00,14.00,10.00,37.00,6.00,27771908,123
168.09,1566546309,1697.24,51.43849793,7.48086836,289.06,16.12,0.46,241.89,1,-100.00,-6.00,17.00,14.00,38.00,6.00,27771908,123
169.09,1566546310,1713.37,51.43843353,7.48066931,289.49,14.98,-1.14,242.63,1,-100.00,-6.00,17.00,14.00,38.00,6.00,27771908,123
170.09,1566546311,1728.35,51.43836494,7.48045653,289.96,14.72,-0.26,241.92,1,-102.00,-6.00,13.00,10.00,35.00,6.00,27771908,123
171.09,1566546312,1743.05,51.43829974,7.48026467,290.15,14.77,0.05,241.51,1,-102.00,-6.00,13.00,10.00,35.00,6.00,27771908,123
172.09,1566546313,1757.83,51.43822757,7.48005028,290.40,14.05,-0.72,241.11,1,-105.00,-10.00,6.00,9.00,35.00,6.00,27771908,123
173.09,1566546314,1771.87,51.43815143,7.47984143,290.40,14.89,0.84,239.71,1,-105.00,-10.00,6.00,9.00,35.00,6.00,27771908,123
174.09,1566546315,1786.78,51.43808685,7.47966097,290.30,14.31,-0.58,239.45,1,-106.00,-10.00,1.00,8.00,35.00,6.00,27771908,123
175.09,1566546316,1801.09,51.43802572,7.47948858,290.45,13.89,-0.42,238.81,1,-106.00,-10.00,1.00,8.00,35.00,6.00,27771908,123
176.09,1566546317,1814.97,51.43795161,7.47929403,290.39,13.57,-0.32,238.44,1,-107.00,-8.00,6.00,10.00,32.00,6.00,27771908,123
177.09,1566546318,1828.54,51.43787973,7.47910189,290.34,13.59,0.02,239.22,1,-107.00,-8.00,6.00,10.00,32.00,6.00,27771908,123
178.10,1566546319,1842.24,51.43781738,7.47891606,290.09,13.09,-0.50,239.72,1,-107.00,-9.00,1.00,9.00,33.00,6.00,27771908,123
179.09,1566546320,1855.24,51.43774740,7.47871600,289.47,12.79,-0.30,239.40,1,-107.00,-9.00,1.00,9.00,33.00,6.00,27771908,123
180.09,1566546321,1868.03,51.43767038,7.47850731,289.02,13.41,0.62,240.52,1,-107.00,-9.00,1.00,9.00,33.00,6.00,27771908,123
181.09,1566546322,1881.45,51.43759853,7.47830704,289.07,13.41,0.00,240.13,1,-108.00,-10.00,-1.00,2.00,33.00,6.00,27771908,123
182.09,1566546323,1894.86,51.43752599,7.47810559,289.19,14.41,1.00,239.37,1,-108.00,-10.00,-1.00,2.00,33.00,6.00,27771908,123
183.09,1566546324,1909.26,51.43745710,7.47789554,288.79,15.43,1.02,240.61,1,-109.00,-10.00,5.00,2.00,32.00,6.00,27771908,123
184.09,1566546325,1924.70,51.43701410,7.47847190,288.48,14.84,-0.59,240.97,1,-109.00,-10.00,5.00,2.00,32.00,6.00,27771908,123
185.10,1566546326,1939.58,51.43732140,7.47747780,287.78,14.32,-0.51,241.80,1,-111.00,-11.00,-3.00,7.00,32.00,10.00,27771908,123
186.09,1566546327,1953.89,51.43726568,7.47726914,287.76,14.48,0.16,244.00,1,-111.00,-11.00,-3.00,7.00,32.00,10.00,27771908,123
187.10,1566546328,1968.40,51.43722038,7.47706500,288.35,14.32,-0.16,245.69,1,-110.00,-10.00,4.00,8.00,31.00,10.00,27771908,123
188.10,1566546329,1982.72,51.43717768,7.47685166,289.29,13.71,-0.61,249.08,1,-110.00,-10.00,4.00,8.00,31.00,10.00,27771908,123
189.09,1566546330,1996.39,51.43716541,7.47661713,289.10,13.40,-0.31,261.85,1,-104.00,-6.00,15.00,13.00,34.00,10.00,27771908,123
190.09,1566546331,2009.80,51.43717908,7.47642857,289.25,10.82,-2.58,276.83,1,-104.00,-6.00,15.00,13.00,34.00,10.00,27771908,123
191.09,1566546332,2020.58,51.43723848,7.47627580,289.55,9.85,-0.97,307.17,1,-101.00,-6.00,15.00,9.00,36.00,10.00,27771908,123
192.09,1566546333,2030.43,51.43730697,7.47618166,289.71,9.32,-0.54,329.97,1,-101.00,-6.00,15.00,9.00,36.00,10.00,27771908,123
193.09,1566546334,2039.75,51.43739246,7.47615087,289.71,9.52,0.21,356.90,1,-99.00,-6.00,18.00,8.00,38.00,10.00,27771908,123
194.09,1566546335,2049.27,51.43747001,7.47617094,289.23,9.59,0.07,22.03,1,-99.00,-6.00,18.00,8.00,38.00,10.00,27771908,123
195.09,1566546336,2058.86,51.43754276,7.47625122,288.67,10.67,1.08,39.97,1,-79.00,-5.00,29.00,15.00,59.00,10.00,27771908,123
196.09,1566546337,2069.54,51.43761815,7.47640219,288.22,12.28,1.60,53.18,1,-79.00,-5.00,29.00,15.00,59.00,10.00,27771908,123
197.09,1566546338,2081.83,51.43769831,7.47656869,288.44,13.49,1.21,52.73,1,-83.00,-6.00,27.00,15.00,55.00,10.00,27771908,123
198.09,1566546339,2095.31,51.43777626,7.47673102,288.70,14.48,0.99,52.73,1,-83.00,-6.00,27.00,15.00,55.00,10.00,27771908,123
199.09,1566546340,2109.81,51.43786121,7.47690363,288.85,15.54,1.06,52.13,1,-82.00,-6.00,25.00,9.00,56.00,10.00,27771908,123
200.09,1566546341,2125.32,51.43795370,7.47709674,288.94,16.64,1.11,52.80,1,-82.00,-6.00,25.00,9.00,56.00,10.00,27771908,123
201.09,1566546342,2141.98,51.43804941,7.47730890,289.01,18.16,1.51,53.85,1,-82.00,-6.00,25.00,9.00,56.00,10.00,27771908,123
202.09,1566546343,2160.13,51.43815812,7.47754560,289.43,19.30,1.15,54.76,1,-82.00,-5.00,26.00,15.00,57.00,10.00,27771908,123
203.09,1566546344,2179.44,51.43825976,7.47778595,289.84,20.07,0.77,55.31,1,-82.00,-5.00,26.00,15.00,57.00,10.00,27771908,123
204.09,1566546345,2199.50,51.43701410,7.47847190,290.41,21.26,1.19,55.95,1,-82.00,-5.00,27.00,14.00,57.00,10.00,27771908,123
205.09,1566546346,2220.76,51.43848497,7.47831964,290.94,22.91,1.65,55.98,1,-82.00,-5.00,27.00,14.00,57.00,10.00,27771908,123
206.09,1566546347,2243.65,51.43860549,7.47859645,291.34,23.82,0.92,54.20,1,-83.00,-4.00,29.00,14.00,54.00,10.00,27771908,123
207.09,1566546348,2267.49,51.43871704,7.47887337,291.19,23.68,-0.14,56.05,1,-83.00,-4.00,29.00,14.00,54.00,10.00,27771908,123
208.09,1566546349,2291.15,51.43883822,7.47917395,291.15,24.92,1.24,57.01,1,-89.00,-6.00,25.00,14.00,49.00,10.00,27771908,123
209.09,1566546350,2316.10,51.43896287,7.47949230,291.44,25.67,0.74,57.36,1,-89.00,-6.00,25.00,14.00,49.00,10.00,27771908,123
210.09,1566546351,2341.74,51.43908635,7.47980541,291.24,25.60,-0.07,56.46,1,-92.00,-6.00,11.00,13.00,45.00,10.00,27771908,123
211.09,1566546352,2367.36,51.43921252,7.48010871,291.04,25.40,-0.20,55.57,1,-92.00,-6.00,11.00,13.00,45.00,10.00,27771908,123
212.09,1566546353,2392.76,51.43934491,7.48040937,290.82,25.00,-0.40,54.54,1,-92.00,-5.00,12.00,14.00,45.00,10.00,27771908,123
213.09,1566546354,2417.74,51.43947794,7.48070886,290.73,25.04,0.03,54.08,1,-92.00,-5.00,12.00,14.00,45.00,10.00,27771908,123
214.09,1566546355,2442.80,51.43963310,7.48101238,290.54,25.40,0.36,51.15,1,-90.00,-6.00,26.00,13.00,48.00,10.00,27771908,123
215.09,1566546356,2468.20,51.43978865,7.48131866,290.09,25.63,0.23,51.57,1,-90.00,-6.00,26.00,13.00,48.00,10.00,27771908,123
216.09,1566546357,2493.80,51.43994220,7.48162292,289.59,25.83,0.20,51.38,1,-87.00,-6.00,25.00,2.00,49.00,10.00,27771908,123
217.09,1566546358,2519.66,51.44010453,7.48190188,288.91,26.04,0.21,46.97,1,-87.00,-6.00,25.00,2.00,49.00,10.00,27771908,123
218.09,1566546359,2545.69,51.44027091,7.48216303,287.93,26.33,0.29,44.59,1,-86.00,-5.00,24.00,2.00,51.00,10.00,27771908,123
219.09,1566546360,2572.02,51.44044279,7.48243806,287.02,26.59,0.26,43.90,1,-86.00,-5.00,24.00,2.00,51.00,10.00,27771908,123
220.10,1566546361,2598.82,51.44061486,7.48268270,285.68,26.65,0.06,41.17,1,-85.00,-6.00,25.00,2.00,52.00,10.00,27771908,123
221.09,1566546362,2625.24,51.44079000,7.48293217,284.32,26.67,0.02,40.98,1,-85.00,-6.00,25.00,2.00,52.00,10.00,27771908,123
222.09,1566546363,2651.91,51.44097264,7.48317544,283.04,26.75,0.08,39.64,1,-85.00,-6.00,25.00,2.00,52.00,10.00,27771908,123
223.09,1566546364,2678.61,51.44115906,7.48340685,281.83,26.98,0.23,37.36,1,-85.00,-5.00,21.00,2.00,52.00,10.00,27771908,123
224.09,1566546365,2705.57,51.43701410,7.47847190,280.63,27.13,0.15,35.20,1,-85.00,-5.00,21.00,2.00,52.00,10.00,27771908,123
225.09,1566546366,2732.78,51.44154227,7.48383888,279.48,27.28,0.15,33.09,1,-85.00,-5.00,20.00,12.00,51.00,2.00,27771908,123
226.09,1566546367,2759.98,51.44174247,7.48404099,278.39,27.21,-0.07,31.12,1,-85.00,-5.00,20.00,12.00,51.00,2.00,27771908,123
227.09,1566546368,2787.22,51.44195015,7.48423034,277.53,26.95,-0.27,29.35,1,-92.00,-10.00,8.00,10.00,49.00,2.00,27771908,123
228.09,1566546369,2814.16,51.44215199,7.48440603,276.51,26.56,-0.39,27.29,1,-92.00,-10.00,8.00,10.00,49.00,2.00,27771908,123
229.09,1566546370,2840.83,51.44235292,7.48457526,275.30,26.42,-0.14,26.14,1,-90.00,-8.00,8.00,12.00,48.00,1.00,27771909,125
230.09,1566546371,2867.22,51.44256100,7.48473832,274.22,26.25,-0.17,24.93,1,-90.00,-8.00,8.00,12.00,48.00,1.00,27771909,125
231.09,1566546372,2893.48,51.44277222,7.48489976,273.28,26.00,-0.25,24.02,1,-80.00,-6.00,15.00,15.00,57.00,1.00,27771909,125
232.09,1566546373,2919.51,51.44298657,7.48504651,272.44,25.74,-0.26,23.91,1,-80.00,-6.00,15.00,15.00,57.00,1.00,27771909,125
233.09,1566546374,2945.22,51.44319318,7.48519079,271.48,25.55,-0.20,23.54,1,-72.00,-6.00,20.00,15.00,63.00,1.00,27771909,125
234.09,1566546375,2970.77,51.44340068,7.48533618,270.53,25.29,-0.25,23.35,1,-72.00,-6.00,20.00,15.00,63.00,1.00,27771909,125
235.09,1566546376,2996.07,51.44361000,7.48547605,269.65,24.61,-0.69,23.39,1,-82.00,-6.00,27.00,15.00,56.00,1.00,27771909,125
236.09,1566546377,3020.65,51.44380518,7.48560311,268.77,23.39,-1.22,22.78,1,-82.00,-6.00,27.00,15.00,56.00,1.00,27771909,125
237.09,1566546378,3044.06,51.44399174,7.48572526,267.95,21.82,-1.57,21.79,1,-79.00,-6.00,22.00,15.00,60.00,1.00,27771909,125
238.09,1566546379,3065.91,51.44417363,7.48584134,267.21,19.93,-1.89,23.43,1,-79.00,-6.00,22.00,15.00,60.00,1.00,27771909,125
239.09,1566546380,3085.84,51.44430931,7.48595217,266.57,17.32,-2.61,28.28,1,-87.00,-6.00,15.00,15.00,52.00,1.00,27771909,125
240.09,1566546381,3103.15,51.44444339,7.48607334,266.13,16.37,-0.95,29.95,1,-87.00,-6.00,15.00,15.00,52.00,1.00,27771909,125
241.10,1566546382,3119.60,51.44456639,7.48620434,266.00,15.27,-1.09,34.01,1,-86.00,-6.00,25.00,15.00,52.00,1.00,27771909,125
242.09,1566546383,3134.73,51.44464308,7.48637945,265.73,13.97,-1.31,58.06,1,-86.00,-6.00,25.00,15.00,52.00,1.00,27771909,125
243.09,1566546384,3148.70,51.44468632,7.48656961,265.38,12.63,-1.34,73.96,1,-86.00,-6.00,25.00,15.00,52.00,1.00,27771909,125
244.09,1566546385,3161.36,51.44674590,7.48109340,264.86,13.20,0.57,90.43,1,-85.00,-7.00,23.00,15.00,52.00,1.00,27771909,125
245.09,1566546386,3174.56,51.44468392,7.48695786,264.96,13.00,-0.20,103.15,1,-85.00,-7.00,23.00,15.00,52.00,1.00,27771909,125
246.09,1566546387,3187.57,51.44464461,7.48713164,264.81,13.54,0.54,118.75,1,-91.00,-6.00,13.00,15.00,46.00,1.00,27771909,125
247.09,1566546388,3201.11,51.44458628,7.48729732,264.95,13.20,-0.34,122.77,1,-91.00,-6.00,13.00,15.00,46.00,1.00,27771909,125
248.09,1566546389,3214.32,51.44449365,7.48741292,264.81,14.55,1.35,144.55,1,-87.00,-7.00,24.00,15.00,50.00,1.00,27771909,125
249.09,1566546390,3228.86,51.44437021,7.48749694,264.28,14.38,-0.17,158.52,1,-87.00,-7.00,24.00,15.00,50.00,1.00,27771909,125
250.09,1566546391,3243.24,51.44423801,7.48751627,263.58,14.53,0.15,176.42,1,-84.00,-7.00,25.00,15.00,54.00,1.00,27771909,125
251.09,1566546392,3257.78,51.44409293,7.48748313,262.90,14.97,0.44,193.20,1,-84.00,-7.00,25.00,15.00,54.00,1.00,27771909,125
252.09,1566546393,3272.74,51.44397961,7.48739553,262.37,15.25,0.27,209.19,1,-81.00,-6.00,29.00,15.00,56.00,1.00,27771909,125
253.09,1566546394,3287.97,51.44388149,7.48723866,261.88,15.55,0.30,227.20,1,-81.00,-6.00,29.00,15.00,56.00,1.00,27771909,125
254.09,1566546395,3303.54,51.44382086,7.48706818,261.97,14.96,-0.59,242.39,1,-91.00,-8.00,18.00,15.00,48.00,1.00,27771909,125
255.09,1566546396,3318.49,51.44378838,7.48686565,262.14,15.33,0.37,260.18,1,-91.00,-8.00,18.00,15.00,48.00,1.00,27771909,125
256.09,1566546397,3333.84,51.44375987,7.48663407,262.18,16.15,0.82,262.72,1,-91.00,-8.00,20.00,11.00,48.00,1.00,27771909,125
257.09,1566546398,3349.99,51.44373833,7.48638478,262.74,17.10,0.95,264.83,1,-91.00,-8.00,20.00,11.00,48.00,1.00,27771909,125
258.09,1566546399,3367.08,51.44372909,7.48614969,263.24,18.28,1.18,265.85,1,-91.00,-6.00,22.00,15.00,45.00,1.00,27771909,125
259.09,1566546400,3385.34,51.44371415,7.48585105,263.57,19.25,0.98,266.58,1,-91.00,-6.00,22.00,15.00,45.00,1.00,27771909,125
260.09,1566546401,3404.59,51.44370682,7.48556491,263.74,20.16,0.91,267.16,1,-89.00,-6.00,13.00,2.00,49.00,1.00,27771909,125
261.09,1566546402,3424.75,51.44369838,7.48524446,263.52,19.44,-0.72,267.11,1,-89.00,-6.00,13.00,2.00,49.00,1.00,27771909,125
262.10,1566546403,3444.35,51.44368873,7.48492682,263.22,22.27,2.81,266.93,1,-90.00,-7.00,12.00,2.00,48.00,1.00,27771909,125
263.09,1566546404,3466.44,51.44368482,7.48460870,263.66,22.68,0.41,268.23,1,-90.00,-7.00,12.00,2.00,48.00,1.00,27771909,125
264.09,1566546405,3489.10,51.44674590,7.48109340,264.01,23.53,0.85,268.88,1,-90.00,-7.00,12.00,2.00,48.00,1.00,27771909,125
265.09,1566546406,3512.63,51.44367852,7.48395416,263.69,24.12,0.59,269.09,1,-89.00,-7.00,24.00,2.00,49.00,1.00,27771909,125
266.09,1566546407,3536.75,51.44367938,7.48360092,263.84,24.62,0.50,268.12,1,-89.00,-7.00,24.00,2.00,49.00,1.00,27771909,125
267.09,1566546408,3561.37,51.44367864,7.48325649,263.99,24.72,0.10,267.87,1,-85.00,-8.00,25.00,2.00,54.00,1.00,27771909,125
268.09,1566546409,3586.12,51.44367267,7.48289216,263.99,25.04,0.32,267.93,1,-85.00,-8.00,25.00,2.00,54.00,1.00,27771909,125
269.09,1566546410,3611.13,51.44366644,7.48252618,263.81,25.55,0.51,267.12,1,-83.00,-7.00,25.00,2.00,55.00,1.00,27771909,125
270.09,1566546411,3636.68,51.44366120,7.48215973,263.71,25.67,0.12,266.78,1,-83.00,-7.00,25.00,2.00,55.00,1.00,27771909,125
271.09,1566546412,3662.38,51.44365619,7.48179471,263.51,25.86,0.19,266.42,1,-85.00,-7.00,21.00,2.00,52.00,1.00,27771909,125
272.09,1566546413,3688.24,51.44364118,7.48142107,263.46,26.22,0.36,265.88,1,-85.00,-7.00,21.00,2.00,52.00,1.00,27771909,125
273.09,1566546414,3714.44,51.44362412,7.48103502,263.58,26.59,0.37,265.91,1,-88.00,-6.00,20.00,2.00,49.00,1.00,27771909,125
274.09,1566546415,3741.03,51.44360764,7.48065067,263.69,26.91,0.32,265.89,1,-88.00,-6.00,20.00,2.00,49.00,1.00,27771909,125
275.09,1566546416,3767.94,51.44358489,7.48026258,263.68,27.23,0.32,264.39,1,-91.00,-7.00,20.00,2.00,48.00,1.00,27771909,125
276.09,1566546417,3795.18,51.44355921,7.47986677,263.70,27.43,0.19,263.63,1,-91.00,-7.00,20.00,2.00,48.00,1.00,27771909,125
277.09,1566546418,3822.63,51.44352544,7.47947247,263.66,27.62,0.19,262.59,1,-91.00,-8.00,19.00,2.00,48.00,1.00,27771909,125
278.09,1566546419,3850.22,51.44348925,7.47907953,263.71,27.75,0.13,262.40,1,-91.00,-8.00,19.00,2.00,48.00,1.00,27771909,125
279.09,1566546420,3878.00,51.44345520,7.47868548,263.68,27.92,0.17,262.77,1,-89.00,-9.00,16.00,2.00,51.00,1.00,27771909,125
280.09,1566546421,3905.89,51.44342442,7.47828940,263.53,28.33,0.41,262.73,1,-89.00,-9.00,16.00,2.00,51.00,1.00,27771909,125
281.09,1566546422,3934.23,51.44339146,7.47788405,263.47,28.56,0.23,262.26,1,-89.00,-8.00,19.00,2.00,50.00,1.00,27771909,125
282.09,1566546423,3962.78,51.44335854,7.47748231,263.16,28.99,0.43,262.19,1,-89.00,-8.00,19.00,2.00,50.00,1.00,27771909,125
283.11,1566546424,3992.21,51.44331666,7.47706169,262.74,29.52,0.52,261.03,1,-90.00,-7.00,16.00,2.00,47.00,1.00,27771909,125
284.09,1566546425,4021.29,51.44674590,7.48109340,262.11,29.86,0.34,261.19,1,-90.00,-7.00,16.00,2.00,47.00,1.00,27771909,125
285.09,1566546426,4051.14,51.44323483,7.47621564,261.58,29.70,-0.16,260.47,1,-90.00,-7.00,16.00,2.00,47.00,1.00,27771909,125
286.09,1566546427,4080.84,51.44318658,7.47578680,261.02,29.25,-0.45,259.46,1,-92.00,-6.00,15.00,2.00,45.00,1.00,27771909,125
287.09,1566546428,4110.09,51.44313939,7.47537059,260.26,29.52,0.28,259.02,1,-92.00,-6.00,15.00,2.00,45.00,1.00,27771909,125
288.09,1566546429,4139.64,51.44308855,7.47495535,259.34,29.90,0.38,258.41,1,-91.00,-8.00,13.00,2.00,48.00,1.00,27771909,125
289.09,1566546430,4169.53,51.44303123,7.47452141,258.59,30.22,0.32,257.97,1,-91.00,-8.00,13.00,2.00,48.00,1.00,27771909,125
290.09,1566546431,4199.76,51.44297609,7.47409217,257.67,30.79,0.57,258.06,1,-92.00,-8.00,0.00,2.00,48.00,1.00,27771909,125
291.09,1566546432,4230.55,51.44292057,7.47365673,256.65,31.20,0.41,257.97,1,-92.00,-8.00,0.00,2.00,48.00,1.00,27771909,125
292.09,1566546433,4261.74,51.44286176,7.47322255,255.42,31.10,-0.10,258.22,1,-100.00,-7.00,12.00,2.00,37.00,1.00,30422273,403
293.09,1566546434,4292.81,51.44280849,7.47278680,254.31,30.86,-0.24,258.47,1,-100.00,-7.00,12.00,2.00,37.00,1.00,30422273,403
294.09,1566546435,4323.68,51.44275588,7.47235068,253.25,30.91,0.05,258.34,1,-102.00,-7.00,1.00,2.00,36.00,1.00,30422273,403
295.09,1566546436,4354.61,51.44270236,7.47191322,252.22,30.96,0.06,258.65,1,-102.00,-7.00,1.00,2.00,36.00,1.00,30422273,403
296.09,1566546437,4385.58,51.44264883,7.47147524,251.19,30.85,-0.11,258.61,1,-102.00,-7.00,2.00,2.00,35.00,1.00,30422273,403
297.09,1566546438,4416.43,51.44259328,7.47103879,250.30,30.91,0.06,258.38,1,-102.00,-7.00,2.00,2.00,35.00,1.00,30422273,403
298.09,1566546439,4447.36,51.44253412,7.47058526,249.64,30.60,-0.31,258.26,1,-110.00,-9.00,2.00,2.00,29.00,1.00,30422273,403
299.09,1566546440,4477.96,51.44247983,7.47016352,248.90,30.64,0.04,257.99,1,-110.00,-9.00,2.00,2.00,29.00,1.00,30422273,403
300.09,1566546441,4508.60,51.44242491,7.46974172,248.16,30.26,-0.38,257.70,1,-109.00,-8.00,1.00,2.00,29.00,1.00,30422273,403
301.09,1566546442,4538.82,51.44236973,7.46932063,247.26,30.18,-0.08,258.31,1,-109.00,-8.00,1.00,2.00,29.00,1.00,30422273,403
302.09,1566546443,4569.03,51.44231360,7.46889448,246.37,30.03,-0.14,258.07,1,-111.00,-9.00,7.00,2.00,29.00,1.00,30422273,403
303.09,1566546444,4599.06,51.44225966,7.46846716,245.77,29.88,-0.16,258.31,1,-111.00,-9.00,7.00,2.00,29.00,1.00,30422273,403
304.09,1566546445,4628.79,51.44220829,7.46805695,245.19,29.76,-0.11,258.21,1,-109.00,-8.00,-1.00,2.00,30.00,1.00,30422273,403
305.09,1566546446,4658.67,51.44215756,7.46764022,244.73,29.22,-0.54,258.64,1,-109.00,-8.00,-1.00,2.00,30.00,1.00,30422273,403
306.10,1566546447,4688.12,51.44210523,7.46723330,244.06,28.95,-0.27,258.56,1,-109.00,-8.00,-4.00,2.00,31.00,1.00,30422273,403
307.09,1566546448,4716.84,51.44204973,7.46680563,243.71,28.62,-0.33,259.07,1,-109.00,-8.00,-4.00,2.00,31.00,1.00,30422273,403
308.09,1566546449,4745.46,51.44200534,7.46639984,243.64,27.63,-0.99,260.13,1,-109.00,-8.00,-4.00,2.00,31.00,1.00,30422273,403
309.09,1566546450,4773.15,51.44196722,7.46601967,243.22,26.85,-0.78,261.28,1,-116.00,-14.00,-6.00,5.00,30.00,10.00,30422273,403
310.09,1566546451,4800.00,51.44192927,7.46564464,242.59,26.33,-0.52,260.65,1,-116.00,-14.00,-6.00,5.00,30.00,10.00,30422273,403
311.09,1566546452,4826.33,51.44188829,7.46526852,242.02,26.74,0.41,260.05,1,-112.00,-11.00,1.00,7.00,30.00,25.00,31281409,195
312.09,1566546453,4853.07,51.44185495,7.46489960,241.64,26.02,-0.72,261.65,1,-112.00,-11.00,1.00,7.00,30.00,25.00,31281409,195
313.09,1566546454,4879.05,51.44181909,7.46452854,241.30,25.65,-0.37,261.74,1,-102.00,-11.00,1.00,9.00,38.00,86.00,27771137,308
314.09,1566546455,4904.70,51.44178454,7.46416386,240.97,25.34,-0.32,262.29,1,-102.00,-11.00,1.00,9.00,38.00,86.00,27771137,308
315.09,1566546456,4930.04,51.44175842,7.46383522,240.58,22.89,-2.45,262.82,1,-105.00,-10.00,6.00,9.00,34.00,86.00,27771137,308
316.09,1566546457,4952.86,51.44173528,7.46351863,240.25,22.08,-0.81,262.91,1,-105.00,-10.00,6.00,9.00,34.00,86.00,27771137,308
317.09,1566546458,4974.96,51.44171519,7.46320705,240.08,21.95,-0.13,263.78,1,-105.00,-10.00,3.00,10.00,34.00,86.00,27771137,308
318.09,1566546459,4996.98,51.44169476,7.46288938,239.65,22.66,0.71,264.02,1,-105.00,-10.00,3.00,10.00,34.00,86.00,27771137,308
319.09,1566546460,5019.64,51.44167514,7.46256477,239.15,23.41,0.76,263.96,1,-106.00,-12.00,10.00,8.00,34.00,86.00,27771137,308
320.09,1566546461,5043.03,51.44165671,7.46222329,238.72,24.60,1.18,264.55,1,-106.00,-12.00,10.00,8.00,34.00,86.00,27771137,308
321.09,1566546462,5067.65,51.44164902,7.46186099,238.59,26.10,1.50,266.77,1,-104.00,-11.00,1.00,7.00,36.00,86.00,27771137,308
322.09,1566546463,5093.75,51.44163164,7.46149333,238.27,26.98,0.88,265.20,1,-104.00,-11.00,1.00,7.00,36.00,86.00,27771137,308
323.09,1566546464,5120.73,51.44161089,7.46110815,237.68,27.91,0.93,265.59,1,-103.00,-10.00,1.00,8.00,36.00,86.00,27771137,308
324.09,1566546465,5148.61,51.44159416,7.46071360,236.83,28.74,0.83,266.20,1,-103.00,-10.00,1.00,8.00,36.00,86.00,27771137,308
325.10,1566546466,5177.44,51.44157691,7.46030640,235.88,29.09,0.34,266.61,1,-109.00,-13.00,3.00,7.00,32.00,86.00,27771137,308
326.10,1566546467,5206.56,51.44156330,7.45988076,235.02,29.68,0.59,267.29,1,-109.00,-13.00,3.00,7.00,32.00,86.00,27771137,308
327.11,1566546468,5236.57,51.44155162,7.45944745,234.37,30.17,0.48,267.75,1,-107.00,-12.00,-2.00,2.00,33.00,86.00,27771137,308
328.10,1566546469,5266.47,51.44154519,7.45901510,233.96,29.73,-0.45,268.39,1,-107.00,-12.00,-2.00,2.00,33.00,86.00,27771137,308
329.10,1566546470,5296.20,51.44153788,7.45858730,233.57,29.67,-0.06,268.08,1,-107.00,-12.00,-2.00,2.00,33.00,86.00,27771137,308
330.09,1566546471,5325.66,51.44153034,7.45816537,233.42,29.95,0.29,269.03,1,-107.00,-10.00,-5.00,2.00,33.00,86.00,27771908,123
331.09,1566546472,5355.64,51.44152309,7.45774133,233.47,30.21,0.26,269.27,1,-107.00,-10.00,-5.00,2.00,33.00,86.00,27771908,123
332.09,1566546473,5385.85,51.44152126,7.45731207,233.71,30.21,-0.01,269.77,1,-107.00,-10.00,-4.00,2.00,34.00,86.00,27771908,123
333.09,1566546474,5416.09,51.44152004,7.45687241,233.95,30.85,0.64,270.65,1,-107.00,-10.00,-4.00,2.00,34.00,86.00,27771908,123
334.09,1566546475,5446.94,51.44152029,7.45641846,233.96,31.30,0.45,269.89,1,-107.00,-10.00,-2.00,2.00,34.00,86.00,27771908,123
335.09,1566546476,5478.25,51.44152180,7.45596823,234.09,31.44,0.13,270.71,1,-107.00,-10.00,-2.00,2.00,34.00,86.00,27771908,123
336.09,1566546477,5509.69,51.44152875,7.45551484,234.06,31.67,0.23,271.16,1,-102.00,-8.00,4.00,2.00,37.00,86.00,33527552,231
337.09,1566546478,5541.32,51.44153842,7.45505487,234.22,32.13,0.46,272.26,1,-102.00,-8.00,4.00,2.00,37.00,86.00,33527552,231
338.09,1566546479,5573.42,51.44154963,7.45459412,234.46,32.46,0.33,273.02,1,-98.00,-7.00,7.00,2.00,39.00,86.00,33527552,231
339.09,1566546480,5605.91,51.44156919,7.45412641,234.73,32.83,0.37,273.95,1,-98.00,-7.00,7.00,2.00,39.00,86.00,33527552,231
340.09,1566546481,5638.74,51.44159420,7.45364124,234.75,33.33,0.50,275.01,1,-97.00,-7.00,18.00,2.00,41.00,86.00,33527552,231
341.09,1566546482,5672.08,51.44161897,7.45315230,234.33,33.47,0.14,275.05,1,-97.00,-7.00,18.00,2.00,41.00,86.00,33527552,231
342.09,1566546483,5705.51,51.44165223,7.45264843,233.93,33.71,0.24,276.22,1,-88.00,-6.00,21.00,2.00,49.00,86.00,33527552,231
343.09,1566546484,5739.26,51.44168723,7.45216554,233.94,34.33,0.62,275.99,1,-88.00,-6.00,21.00,2.00,49.00,86.00,33527552,231
344.09,1566546485,5773.59,51.44171918,7.45167202,233.55,34.59,0.25,276.23,1,-82.00,-6.00,24.00,2.00,55.00,86.00,33527552,231
345.09,1566546486,5808.17,51.44175276,7.45116541,233.24,34.99,0.41,276.83,1,-82.00,-6.00,24.00,2.00,55.00,86.00,33527552,231
346.09,1566546487,5843.13,51.44179702,7.45066297,232.98,35.31,0.31,277.70,1,-81.00,-5.00,27.00,12.00,56.00,12.00,33527552,231
347.09,1566546488,5878.37,51.44184284,7.45015666,232.74,35.70,0.39,278.00,1,-81.00,-5.00,27.00,12.00,56.00,12.00,33527552,231
348.09,1566546489,5914.25,51.44188963,7.44961619,232.54,36.01,0.31,278.36,1,-81.00,-5.00,26.00,12.00,58.00,12.00,33527552,231
349.09,1566546490,5950.18,51.44193473,7.44908453,232.58,35.98,-0.03,278.41,1,-81.00,-5.00,26.00,12.00,58.00,12.00,33527552,231
350.09,1566546491,5986.12,51.44198639,7.44856099,232.51,36.21,0.23,278.94,1,-81.00,-5.00,26.00,12.00,58.00,12.00,33527552,231
351.09,1566546492,6022.36,51.44203798,7.44804759,232.19,36.41,0.20,279.38,1,-80.00,-5.00,26.00,15.00,58.00,12.00,33527552,231
352.09,1566546493,6058.73,51.44209649,7.44754309,231.57,36.58,0.18,280.28,1,-80.00,-5.00,26.00,15.00,58.00,12.00,33527552,231
353.09,1566546494,6095.31,51.44215860,7.44702487,230.95,36.80,0.21,280.79,1,-77.00,-5.00,23.00,15.00,60.00,12.00,33527552,231
354.09,1566546495,6132.11,51.44222753,7.44651461,230.19,36.84,0.05,281.82,1,-77.00,-5.00,23.00,15.00,60.00,12.00,33527552,231
355.09,1566546496,6168.95,51.44229575,7.44599184,229.69,36.97,0.13,282.22,1,-73.00,-6.00,23.00,15.00,63.00,12.00,33527552,231
356.09,1566546497,6205.93,51.44236329,7.44547117,229.19,37.19,0.22,282.71,1,-73.00,-6.00,23.00,15.00,63.00,12.00,33527552,231
357.09,1566546498,6243.11,51.44243459,7.44494721,229.00,37.22,0.03,282.77,1,-69.00,-6.00,30.00,15.00,63.00,12.00,33527552,231
358.09,1566546499,6280.37,51.44251478,7.44443723,228.76,37.18,-0.04,283.49,1,-69.00,-6.00,30.00,15.00,63.00,12.00,33527552,231
359.09,1566546500,6317.55,51.44259435,7.44392733,228.34,37.32,0.14,283.98,1,-67.00,-5.00,27.00,15.00,63.00,12.00,33527552,231
360.09,1566546501,6354.84,51.44267998,7.44341127,227.86,37.28,-0.04,284.65,1,-67.00,-5.00,27.00,15.00,63.00,12.00,33527552,231
361.09,1566546502,6392.12,51.44276508,7.44288894,227.38,37.27,-0.01,285.27,1,-73.00,-5.00,28.00,15.00,63.00,12.00,33527552,231
362.09,1566546503,6429.46,51.44285608,7.44236846,226.90,37.16,-0.11,285.90,1,-73.00,-5.00,28.00,15.00,63.00,12.00,33527552,231
363.09,1566546504,6466.50,51.44294659,7.44185739,226.51,36.94,-0.21,286.17,1,-70.00,-6.00,22.00,15.00,63.00,12.00,33527552,231
364.09,1566546505,6503.48,51.44304282,7.44135398,226.10,36.44,-0.50,286.94,1,-70.00,-6.00,22.00,15.00,63.00,12.00,33527552,231
365.09,1566546506,6539.97,51.44313965,7.44084248,225.70,36.31,-0.14,287.22,1,-77.00,-4.00,16.00,15.00,58.00,12.00,33527552,231
366.09,1566546507,6576.23,51.44323605,7.44033694,225.05,36.67,0.36,287.79,1,-77.00,-4.00,16.00,15.00,58.00,12.00,33527552,231
367.09,1566546508,6612.94,51.44334306,7.43982567,224.57,36.87,0.20,288.62,1,-81.00,-5.00,15.00,11.00,46.00,12.00,33527552,231
368.09,1566546509,6649.81,51.44345056,7.43931481,224.27,37.25,0.38,288.75,1,-81.00,-5.00,15.00,11.00,46.00,12.00,33527552,231
369.10,1566546510,6687.32,51.44356015,7.43882420,223.59,37.62,0.37,289.58,1,-74.00,-6.00,18.00,11.00,63.00,12.00,33527552,231
370.09,1566546511,6724.64,51.44368528,7.43832829,222.67,38.05,0.43,290.51,1,-74.00,-6.00,18.00,11.00,63.00,12.00,33527552,231
371.09,1566546512,6762.69,51.44380881,7.43782520,221.44,38.05,-0.01,290.30,1,-74.00,-6.00,18.00,11.00,63.00,12.00,33527552,231
372.09,1566546513,6800.78,51.44393207,7.43731723,220.02,37.89,-0.15,290.94,1,-81.00,-7.00,11.00,9.00,58.00,12.00,33527552,231
373.09,1566546514,6838.67,51.44405989,7.43680892,218.50,37.92,0.02,291.67,1,-81.00,-7.00,11.00,9.00,58.00,12.00,33527552,231
374.09,1566546515,6876.59,51.44418578,7.43629895,217.08,37.58,-0.34,292.18,1,-79.00,-4.00,11.00,6.00,53.00,1.00,33527557,436
375.09,1566546516,6914.17,51.44431941,7.43578234,215.97,37.26,-0.31,292.77,1,-79.00,-4.00,11.00,6.00,53.00,1.00,33527557,436
376.09,1566546517,6951.39,51.44445369,7.43527572,214.98,37.31,0.04,293.73,1,-85.00,-6.00,13.00,9.00,49.00,1.00,33527557,436
377.09,1566546518,6988.74,51.44459470,7.43478285,214.30,37.06,-0.24,294.11,1,-85.00,-6.00,13.00,9.00,49.00,1.00,33527557,436
378.09,1566546519,7025.76,51.44473934,7.43431694,213.35,37.14,0.08,295.27,1,-87.00,-6.00,7.00,6.00,47.00,1.00,33527557,436
379.09,1566546520,7062.90,51.44489188,7.43383990,212.38,36.91,-0.23,296.67,1,-87.00,-6.00,7.00,6.00,47.00,1.00,33527557,436
380.09,1566546521,7099.81,51.44504798,7.43337690,211.28,36.14,-0.76,298.21,1,-81.00,-6.00,17.00,15.00,50.00,1.00,33527557,436
381.09,1566546522,7135.95,51.44520068,7.43292125,210.28,35.28,-0.86,299.07,1,-81.00,-6.00,17.00,15.00,50.00,1.00,33527557,436
382.09,1566546523,7171.24,51.44536233,7.43247622,209.41,35.03,-0.25,300.33,1,-80.00,-5.00,19.00,11.00,49.00,1.00,33527557,436
383.09,1566546524,7206.30,51.44552804,7.43204951,208.59,34.12,-0.91,302.16,1,-80.00,-5.00,19.00,11.00,49.00,1.00,33527557,436
384.09,1566546525,7240.49,51.44569637,7.43162868,207.79,33.94,-0.18,303.22,1,-86.00,-6.00,13.00,8.00,49.00,1.00,33527557,436
385.09,1566546526,7274.35,51.44586575,7.43123237,206.85,33.38,-0.56,304.79,1,-86.00,-6.00,13.00,8.00,49.00,1.00,33527557,436
386.09,1566546527,7307.70,51.44603954,7.43084625,205.71,33.42,0.04,306.09,1,-81.00,-5.00,21.00,12.00,51.00,1.00,33527557,436
387.09,1566546528,7341.11,51.44621824,7.43046746,204.58,33.32,-0.10,307.44,1,-81.00,-5.00,21.00,12.00,51.00,1.00,33527557,436
388.09,1566546529,7374.43,51.44640534,7.43008701,203.96,33.94,0.62,309.15,1,-79.00,-9.00,7.00,15.00,56.00,1.00,33527557,436
389.09,1566546530,7408.36,51.44659238,7.42971125,203.07,34.25,0.31,310.05,1,-79.00,-9.00,7.00,15.00,56.00,1.00,33527557,436
390.10,1566546531,7442.89,51.44679343,7.42934955,201.76,34.37,0.12,311.43,1,-77.00,-7.00,23.00,2.00,58.00,1.00,33527554,233
391.09,1566546532,7477.02,51.44699194,7.42898461,200.40,35.07,0.71,312.08,1,-77.00,-7.00,23.00,2.00,58.00,1.00,33527554,233
392.09,1566546533,7512.12,51.44721212,7.42863095,198.70,35.51,0.44,314.94,1,-77.00,-7.00,23.00,2.00,58.00,1.00,33527554,233
393.09,1566546534,7547.56,51.44744083,7.42830152,196.10,36.28,0.77,315.44,1,-78.00,-7.00,14.00,2.00,58.00,1.00,33527554,233
394.09,1566546535,7583.87,51.44768990,7.42795866,193.55,36.56,0.28,317.46,1,-78.00,-7.00,14.00,2.00,58.00,1.00,33527554,233
395.09,1566546536,7620.43,51.44794117,7.42762436,190.79,36.35,-0.21,318.69,1,-83.00,-9.00,11.00,2.00,55.00,1.00,33527554,233
396.09,1566546537,7656.78,51.44820594,7.42728799,188.48,36.59,0.24,320.54,1,-83.00,-9.00,11.00,2.00,55.00,1.00,33527554,233
397.09,1566546538,7693.37,51.44847194,7.42695797,186.71,36.66,0.07,322.15,1,-86.00,-9.00,14.00,2.00,51.00,1.00,33527554,233
398.09,1566546539,7730.02,51.44874019,7.42663519,185.41,36.94,0.28,323.62,1,-86.00,-9.00,14.00,2.00,51.00,1.00,33527554,233
399.09,1566546540,7766.96,51.44901467,7.42632827,184.11,37.21,0.27,325.08,1,-90.00,-9.00,2.00,2.00,48.00,1.00,33527554,233
400.09,1566546541,7804.17,51.44929937,7.42603704,182.56,37.37,0.16,326.73,1,-90.00,-9.00,2.00,2.00,48.00,1.00,33527554,233
401.09,1566546542,7841.58,51.44959353,7.42575217,181.06,37.64,0.27,328.56,1,-94.00,-8.00,7.00,2.00,45.00,1.00,33527554,233
402.09,1566546543,7879.18,51.44989011,7.42547939,179.92,37.30,-0.34,330.10,1,-94.00,-8.00,7.00,2.00,45.00,1.00,33527554,233
403.09,1566546544,7916.48,51.45018812,7.42521914,178.99,37.24,-0.06,331.29,1,-97.00,-8.00,4.00,2.00,43.00,1.00,33527554,233
404.09,1566546545,7953.72,51.45049879,7.42497915,177.68,37.61,0.37,334.53,1,-97.00,-8.00,4.00,2.00,43.00,1.00,33527554,233
405.09,1566546546,7991.33,51.45081021,7.42474193,176.35,37.51,-0.09,335.01,1,-98.00,-9.00,-1.00,2.00,42.00,1.00,33527554,233
406.09,1566546547,8028.80,51.45113544,7.42452550,174.92,38.29,0.77,337.16,1,-98.00,-9.00,-1.00,2.00,42.00,1.00,33527554,233
407.10,1566546548,8067.35,51.45146583,7.42432602,173.31,37.94,-0.35,338.25,1,-97.00,-11.00,-3.00,2.00,42.00,1.00,29568770,414
408.10,1566546549,8105.29,51.45178737,7.42414342,171.87,37.55,-0.39,339.63,1,-97.00,-11.00,-3.00,2.00,42.00,1.00,29568770,414
409.09,1566546550,8142.58,51.45211181,7.42396952,170.60,38.01,0.47,341.03,1,-97.00,-10.00,-7.00,2.00,42.00,1.00,29568770,414
410.09,1566546551,8180.59,51.45242651,7.42379894,169.10,37.91,-0.10,341.55,1,-97.00,-10.00,-7.00,2.00,42.00,1.00,29568770,414
411.11,1566546552,8219.04,51.45275165,7.42363685,167.79,38.01,0.09,342.70,1,-100.00,-11.00,-2.00,2.00,41.00,1.00,29568770,414
412.10,1566546553,8256.70,51.45307620,7.42347276,166.87,38.11,0.10,342.96,1,-100.00,-11.00,-2.00,2.00,41.00,1.00,29568770,414
413.10,1566546554,8294.77,51.45340222,7.42331366,165.58,38.26,0.15,343.28,1,-100.00,-11.00,-2.00,2.00,41.00,1.00,29568770,414
414.09,1566546555,8332.96,51.45372697,7.42316444,164.19,37.92,-0.34,343.70,1,-101.00,-12.00,-3.00,2.00,42.00,1.00,33837570,348
415.09,1566546556,8370.88,51.45405275,7.42301660,162.83,37.86,-0.06,344.03,1,-101.00,-12.00,-3.00,2.00,42.00,1.00,33837570,348
416.09,1566546557,8408.58,51.45438071,7.42286962,161.48,37.91,0.06,343.75,1,-102.00,-12.00,-3.00,2.00,42.00,1.00,33837570,348
417.10,1566546558,8446.76,51.45471351,7.42272549,160.00,38.15,0.23,343.57,1,-102.00,-12.00,-3.00,2.00,42.00,1.00,33837570,348
418.10,1566546559,8484.91,51.45504643,7.42257911,158.62,38.60,0.45,343.18,1,-103.00,-13.00,0.00,2.00,41.00,1.00,33837570,348
419.10,1566546560,8523.51,51.45537790,7.42241799,157.64,38.39,-0.22,342.63,1,-103.00,-13.00,0.00,2.00,41.00,1.00,33837570,348
420.10,1566546561,8561.86,51.45570824,7.42225542,156.70,38.21,-0.17,341.96,1,-98.00,-11.00,-3.00,2.00,44.00,1.00,33837570,348
421.10,1566546562,8600.07,51.45602787,7.42208916,156.07,37.77,-0.45,341.09,1,-98.00,-11.00,-3.00,2.00,44.00,1.00,33837570,348
422.09,1566546563,8637.80,51.45635038,7.42191091,155.50,37.70,-0.06,339.97,1,-95.00,-9.00,3.00,2.00,46.00,1.00,33837570,348
423.10,1566546564,8675.54,51.45666876,7.42173119,155.03,37.76,0.06,339.03,1,-95.00,-9.00,3.00,2.00,46.00,1.00,33837570,348
424.10,1566546565,8713.31,51.45698607,7.42152497,154.85,37.94,0.17,337.46,1,-96.00,-12.00,-6.00,8.00,47.00,9.00,33837570,348
425.09,1566546566,8751.13,51.45730212,7.42131033,154.76,37.92,-0.02,336.28,1,-96.00,-12.00,-6.00,8.00,47.00,9.00,33837570,348
426.09,1566546567,8789.13,51.45761334,7.42108378,154.67,37.69,-0.23,335.17,1,-93.00,-9.00,0.00,10.00,47.00,9.00,33837570,348
427.09,1566546568,8826.78,51.45791775,7.42085259,154.57,37.57,-0.13,333.98,1,-93.00,-9.00,0.00,10.00,47.00,9.00,33837570,348
428.10,1566546569,8864.43,51.45821943,7.42061777,154.59,37.19,-0.37,333.10,1,-91.00,-12.00,-2.00,9.00,51.00,9.00,33837570,348
429.10,1566546570,8901.62,51.45850974,7.42037063,154.53,36.47,-0.72,332.35,1,-91.00,-12.00,-2.00,9.00,51.00,9.00,33837570,348
430.09,1566546571,8938.06,51.45879713,7.42012625,154.35,36.07,-0.40,331.89,1,-87.00,-8.00,4.00,7.00,52.00,9.00,33837570,348
431.09,1566546572,8974.13,51.45907996,7.41986988,154.27,35.89,-0.18,330.57,1,-87.00,-8.00,4.00,7.00,52.00,9.00,33837570,348
432.10,1566546573,9010.27,51.45935554,7.41960544,153.86,35.84,-0.05,329.20,1,-83.00,-7.00,12.00,13.00,56.00,9.00,33837570,348
433.09,1566546574,9045.72,51.45962705,7.41933677,153.53,36.05,0.21,328.13,1,-83.00,-7.00,12.00,13.00,56.00,9.00,33837570,348
434.09,1566546575,9081.91,51.45989457,7.41906138,153.23,36.01,-0.03,327.05,1,-83.00,-7.00,12.00,13.00,56.00,9.00,33837570,348
435.09,1566546576,9117.82,51.46016338,7.41877350,152.93,36.08,0.06,325.94,1,-84.00,-8.00,4.00,6.00,52.00,7.00,33837570,348
436.09,1566546577,9153.93,51.46042550,7.41848116,152.61,35.59,-0.49,324.84,1,-84.00,-8.00,4.00,6.00,52.00,7.00,33837570,348
437.09,1566546578,9189.48,51.46068293,7.41819205,152.35,35.08,-0.51,324.16,1,-81.00,-8.00,3.00,6.00,58.00,8.00,27770883,375
438.09,1566546579,9224.60,51.46093249,7.41789146,152.39,35.33,0.25,323.42,1,-81.00,-8.00,3.00,6.00,58.00,8.00,27770883,375
439.09,1566546580,9259.97,51.46118713,7.41758556,152.46,35.42,0.09,322.57,1,-79.00,-9.00,8.00,13.00,61.00,8.00,27770883,375
440.09,1566546581,9295.39,51.46143418,7.41726350,152.57,35.37,-0.05,320.95,1,-79.00,-9.00,8.00,13.00,61.00,8.00,27770883,375
441.09,1566546582,9330.75,51.46168300,7.41693679,152.74,35.33,-0.03,320.38,1,-78.00,-7.00,10.00,10.00,61.00,8.00,27770883,375
442.09,1566546583,9366.12,51.46192302,7.41659727,153.02,35.56,0.22,318.88,1,-78.00,-7.00,10.00,10.00,61.00,8.00,27770883,375
443.09,1566546584,9401.57,51.46216360,7.41625502,153.25,35.55,-0.00,318.02,1,-79.00,-9.00,16.00,12.00,62.00,8.00,27770883,375
444.09,1566546585,9437.16,51.46239858,7.41590715,153.45,35.87,0.32,317.40,1,-79.00,-9.00,16.00,12.00,62.00,8.00,27770883,375
445.09,1566546586,9473.03,51.46263042,7.41555861,153.29,35.67,-0.20,316.35,1,-77.00,-8.00,25.00,11.00,63.00,8.00,27770883,375
446.09,1566546587,9508.70,51.46285105,7.41521016,152.68,34.99,-0.68,314.41,1,-77.00,-8.00,25.00,11.00,63.00,8.00,27770883,375
447.09,1566546588,9543.72,51.46307028,7.41486408,152.21,34.59,-0.40,314.11,1,-85.00,-7.00,29.00,9.00,53.00,8.00,27770883,375
448.09,1566546589,9578.28,51.46328500,7.41450955,151.80,34.52,-0.07,313.31,1,-85.00,-7.00,29.00,9.00,53.00,8.00,27770883,375
449.09,1566546590,9612.76,51.46349388,7.41414634,151.70,34.48,-0.04,312.27,1,-90.00,-9.00,21.00,10.00,48.00,8.00,27770883,375
450.09,1566546591,9647.24,51.46369715,7.41377744,151.74,34.40,-0.08,311.12,1,-90.00,-9.00,21.00,10.00,48.00,8.00,27770883,375
451.09,1566546592,9681.64,51.46390208,7.41340554,151.75,34.16,-0.24,310.44,1,-88.00,-7.00,6.00,2.00,50.00,8.00,27770883,375
452.09,1566546593,9715.83,51.46410313,7.41303264,151.54,34.16,-0.01,310.05,1,-88.00,-7.00,6.00,2.00,50.00,8.00,27770883,375
453.10,1566546594,9750.26,51.46429897,7.41265392,151.84,34.06,-0.10,309.43,1,-77.00,-8.00,10.00,2.00,56.00,8.00,27770883,375
454.09,1566546595,9784.02,51.46449355,7.41227271,152.04,33.97,-0.09,308.95,1,-77.00,-8.00,10.00,2.00,56.00,8.00,27770883,375
455.09,1566546596,9818.02,51.46468363,7.41189383,152.35,33.80,-0.17,308.65,1,-77.00,-8.00,10.00,2.00,56.00,8.00,27770883,375
456.09,1566546597,9851.82,51.46486946,7.41152132,152.78,32.90,-0.90,308.28,1,-82.00,-8.00,2.00,2.00,53.00,8.00,27770883,375
457.09,1566546598,9884.72,51.46505758,7.41115550,152.74,32.40,-0.49,308.33,1,-82.00,-8.00,2.00,2.00,53.00,8.00,27770883,375
458.09,1566546599,9917.09,51.46523675,7.41078959,152.73,32.36,-0.05,308.32,1,-87.00,-10.00,-4.00,2.00,51.00,8.00,27770883,375
459.09,1566546600,9949.44,51.46542032,7.41042395,152.79,32.38,0.02,308.17,1,-87.00,-10.00,-4.00,2.00,51.00,8.00,27770883,375
460.09,1566546601,9981.85,51.46560192,7.41005657,153.02,32.50,0.12,308.11,1,-95.00,-8.00,8.00,2.00,44.00,8.00,27770885,376
461.09,1566546602,10014.35,51.46578401,7.40969421,153.15,32.41,-0.09,308.30,1,-95.00,-8.00,8.00,2.00,44.00,8.00,27770885,376
462.09,1566546603,10046.76,51.46596376,7.40932910,153.29,32.47,0.05,308.22,1,-89.00,-8.00,9.00,2.00,50.00,8.00,27770885,376
463.09,1566546604,10079.22,51.46614598,7.40895830,153.79,32.50,0.03,308.11,1,-89.00,-8.00,9.00,2.00,50.00,8.00,27770885,376
464.09,1566546605,10111.69,51.46632425,7.40859016,154.40,32.18,-0.32,308.25,1,-85.00,-7.00,10.00,2.00,54.00,8.00,27770885,376
465.09,1566546606,10143.90,51.46650313,7.40822593,154.88,32.25,0.07,308.34,1,-85.00,-7.00,10.00,2.00,54.00,8.00,27770885,376
466.09,1566546607,10176.12,51.46668105,7.40785921,155.38,32.33,0.08,308.74,1,-91.00,-8.00,6.00,9.00,47.00,5.00,27770885,376
467.09,1566546608,10208.52,51.46686438,7.40749213,155.66,32.63,0.29,309.22,1,-91.00,-8.00,6.00,9.00,47.00,5.00,27770885,376
468.09,1566546609,10241.15,51.46704905,7.40712588,155.89,32.80,0.18,309.21,1,-80.00,-7.00,16.00,15.00,53.00,5.00,27770885,376
469.09,1566546610,10273.88,51.46723579,7.40675557,156.17,32.95,0.14,309.23,1,-80.00,-7.00,16.00,15.00,53.00,5.00,27770885,376
470.09,1566546611,10306.86,51.46742495,7.40638622,156.46,33.43,0.48,309.73,1,-82.00,-6.00,20.00,15.00,55.00,5.00,27770885,376
471.09,1566546612,10340.29,51.46762131,7.40602024,156.71,33.64,0.21,310.24,1,-82.00,-6.00,20.00,15.00,55.00,5.00,27770885,376
472.09,1566546613,10373.90,51.46782108,7.40564691,156.94,33.90,0.26,310.54,1,-86.00,-7.00,13.00,9.00,51.00,5.00,27770885,376
473.09,1566546614,10407.80,51.46802545,7.40527590,157.25,34.35,0.45,311.36,1,-86.00,-7.00,13.00,9.00,51.00,5.00,27770885,376
474.10,1566546615,10442.45,51.46823356,7.40490182,157.41,34.80,0.45,311.86,1,-87.00,-8.00,12.00,6.00,51.00,5.00,27770885,376
475.09,1566546616,10476.97,51.46843862,7.40452717,157.87,34.96,0.16,312.16,1,-87.00,-8.00,12.00,6.00,51.00,5.00,27770885,376
476.09,1566546617,10511.93,51.46864891,7.40414731,158.39,35.00,0.04,312.31,1,-87.00,-8.00,12.00,6.00,51.00,5.00,27770885,376
477.09,1566546618,10546.93,51.46885959,7.40378344,158.77,35.06,0.05,312.71,1,-82.00,-8.00,6.00,14.00,57.00,19.00,27771140,49
478.09,1566546619,10581.99,51.46907643,7.40341017,159.32,34.48,-0.58,313.27,1,-82.00,-8.00,6.00,14.00,57.00,19.00,27771140,49
479.09,1566546620,10616.50,51.46929996,7.40303847,160.33,33.82,-0.65,313.94,1,-88.00,-7.00,27.00,11.00,51.00,19.00,27771140,49
480.09,1566546621,10650.32,51.46951103,7.40268911,160.92,34.10,0.28,314.52,1,-88.00,-7.00,27.00,11.00,51.00,19.00,27771140,49
481.09,1566546622,10684.39,51.46973301,7.40233971,161.95,34.55,0.45,315.42,1,-88.00,-8.00,6.00,15.00,51.00,19.00,27771140,49
482.10,1566546623,10719.04,51.46995996,7.40199634,163.05,34.29,-0.25,316.82,1,-88.00,-8.00,6.00,15.00,51.00,19.00,27771140,49
483.09,1566546624,10753.20,51.47017390,7.40166948,163.73,33.37,-0.93,316.12,1,-85.00,-7.00,14.00,15.00,54.00,19.00,27771140,49
484.09,1566546625,10786.64,51.47037951,7.40134249,163.94,32.99,-0.38,315.44,1,-85.00,-7.00,14.00,15.00,54.00,19.00,27771140,49
485.09,1566546626,10819.56,51.47058561,7.40101542,164.24,32.26,-0.73,316.24,1,-85.00,-6.00,13.00,15.00,53.00,19.00,27771140,49
486.09,1566546627,10851.82,51.47079057,7.40069770,164.36,31.85,-0.40,316.32,1,-85.00,-6.00,13.00,15.00,53.00,19.00,27771140,49
487.09,1566546628,10883.71,51.47099513,7.40039557,164.18,31.35,-0.50,316.50,1,-87.00,-7.00,18.00,11.00,52.00,19.00,27771140,49
488.09,1566546629,10915.02,51.47119417,7.40009165,164.38,30.32,-1.03,317.33,1,-87.00,-7.00,18.00,11.00,52.00,19.00,27771140,49
489.09,1566546630,10945.37,51.47139221,7.39980170,164.89,29.70,-0.62,317.81,1,-89.00,-6.00,12.00,10.00,50.00,19.00,27771140,49
490.09,1566546631,10975.07,51.47159343,7.39950623,165.73,29.62,-0.08,318.08,1,-89.00,-6.00,12.00,10.00,50.00,19.00,27771140,49
491.09,1566546632,11004.70,51.47179019,7.39921197,167.03,29.46,-0.16,318.26,1,-87.00,-7.00,7.00,13.00,51.00,19.00,27771140,49
492.09,1566546633,11034.16,51.47198200,7.39893208,167.81,29.23,-0.23,318.76,1,-87.00,-7.00,7.00,13.00,51.00,19.00,27771140,49
493.09,1566546634,11063.38,51.47217747,7.39864730,168.53,29.32,0.09,318.71,1,-86.00,-6.00,7.00,13.00,51.00,19.00,27771140,49
494.09,1566546635,11092.73,51.47237558,7.39837652,168.98,29.26,-0.05,319.57,1,-86.00,-6.00,7.00,13.00,51.00,19.00,27771140,49
495.10,1566546636,11122.23,51.47257378,7.39811144,169.12,28.98,-0.28,319.74,1,-88.00,-7.00,2.00,12.00,50.00,19.00,27771140,49
496.09,1566546637,11150.97,51.47277319,7.39784461,169.25,28.79,-0.19,319.70,1,-88.00,-7.00,2.00,12.00,50.00,19.00,27771140,49
497.09,1566546638,11179.77,51.47296054,7.39758992,169.33,28.04,-0.75,319.10,1,-88.00,-7.00,2.00,12.00,50.00,19.00,27771140,49
498.09,1566546639,11207.78,51.47314133,7.39734655,169.56,25.83,-2.22,319.04,1,-90.00,-9.00,17.00,13.00,50.00,19.00,27771140,49
499.09,1566546640,11233.60,51.47332023,7.39710102,169.97,25.33,-0.49,320.47,1,-90.00,-9.00,17.00,13.00,50.00,19.00,27771140,49
500.09,1566546641,11258.96,51.47349100,7.39687382,170.58,24.70,-0.63,320.99,1,-89.00,-8.00,6.00,12.00,51.00,19.00,27771140,49
501.09,1566546642,11283.66,51.47365923,7.39665687,171.08,24.18,-0.52,321.97,1,-89.00,-8.00,6.00,12.00,51.00,19.00,27771140,49
502.09,1566546643,11307.82,51.47383437,7.39644557,171.48,23.96,-0.22,322.28,1,-86.00,-8.00,8.00,2.00,52.00,19.00,27771140,49
503.09,1566546644,11331.77,51.47400720,7.39623433,171.89,23.88,-0.07,322.47,1,-86.00,-8.00,8.00,2.00,52.00,19.00,27771140,49
504.09,1566546645,11355.66,51.47417595,7.39601900,172.47,24.05,0.17,322.99,1,-88.00,-9.00,-1.00,2.00,52.00,19.00,27771140,49
505.09,1566546646,11379.71,51.47434578,7.39580537,173.29,23.75,-0.30,323.02,1,-88.00,-9.00,-1.00,2.00,52.00,19.00,27771140,49
506.09,1566546647,11403.48,51.47452014,7.39560591,174.02,23.50,-0.25,324.18,1,-88.00,-8.00,5.00,2.00,51.00,19.00,27771140,49
507.09,1566546648,11426.96,51.47469000,7.39540740,174.62,23.13,-0.37,324.93,1,-88.00,-8.00,5.00,2.00,51.00,19.00,27771140,49
508.09,1566546649,11450.09,51.47486401,7.39523086,175.24,22.65,-0.49,327.36,1,-87.00,-7.00,18.00,2.00,51.00,19.00,27771140,49
509.09,1566546650,11472.74,51.47503579,7.39505724,175.73,22.31,-0.34,328.26,1,-87.00,-7.00,18.00,2.00,51.00,19.00,27771140,49
510.09,1566546651,11495.07,51.47520976,7.39488437,175.91,22.47,0.16,328.52,1,-84.00,-6.00,21.00,2.00,53.00,19.00,27771140,49
511.09,1566546652,11517.52,51.47538497,7.39471721,176.21,22.22,-0.25,329.04,1,-84.00,-6.00,21.00,2.00,53.00,19.00,27771140,49
512.09,1566546653,11539.75,51.47555630,7.39455820,176.62,21.99,-0.23,329.61,1,-83.00,-6.00,20.00,2.00,54.00,19.00,27771140,49
513.09,1566546654,11561.73,51.47572922,7.39440234,176.91,21.92,-0.07,329.40,1,-83.00,-6.00,20.00,2.00,54.00,19.00,27771140,49
514.09,1566546655,11583.65,51.47590122,7.39424244,177.10,21.80,-0.11,329.38,1,-82.00,-6.00,21.00,2.00,56.00,19.00,27771140,49
515.09,1566546656,11605.43,51.47608001,7.39409145,177.10,21.79,-0.01,330.95,1,-82.00,-6.00,21.00,2.00,56.00,19.00,27771140,49
516.10,1566546657,11627.41,51.47625302,7.39393948,177.10,21.64,-0.15,331.24,1,-79.00,-6.00,22.00,2.00,57.00,19.00,27771140,49
517.09,1566546658,11648.88,51.47642817,7.39379602,176.88,21.38,-0.27,332.12,1,-79.00,-6.00,22.00,2.00,57.00,19.00,27771140,49
518.09,1566546659,11670.26,51.47659228,7.39365299,177.06,21.20,-0.18,332.52,1,-79.00,-6.00,22.00,2.00,57.00,19.00,27771140,49
519.09,1566546660,11691.44,51.47676351,7.39352061,177.35,20.98,-0.22,334.46,1,-77.00,-6.00,21.00,2.00,58.00,19.00,27771140,49
520.09,1566546661,11712.42,51.47693876,7.39339888,177.78,21.40,0.41,336.68,1,-77.00,-6.00,21.00,2.00,58.00,19.00,27771140,49
521.09,1566546662,11733.82,51.47711322,7.39328737,178.34,21.06,-0.34,338.56,1,-78.00,-6.00,16.00,2.00,60.00,19.00,27771140,49
522.09,1566546663,11754.87,51.47728713,7.39318645,179.25,20.55,-0.51,340.56,1,-78.00,-6.00,16.00,2.00,60.00,19.00,27771140,49
523.09,1566546664,11775.45,51.47745827,7.39310145,179.92,19.91,-0.64,343.90,1,-80.00,-7.00,8.00,2.00,59.00,19.00,27771140,49
524.09,1566546665,11795.34,51.47762829,7.39304991,180.37,19.75,-0.17,350.92,1,-80.00,-7.00,8.00,2.00,59.00,19.00,27771140,49
525.09,1566546666,11815.11,51.47779884,7.39301712,180.79,19.62,-0.13,353.41,1,-85.00,-8.00,4.00,2.00,55.00,19.00,27771140,49
526.09,1566546667,11834.73,51.47797351,7.39300651,181.09,20.18,0.56,358.47,1,-85.00,-8.00,4.00,2.00,55.00,19.00,27771140,49
527.09,1566546668,11854.89,51.47815684,7.39303500,181.38,18.89,-1.29,6.24,1,-82.00,-8.00,19.00,2.00,56.00,19.00,27771139,48
528.09,1566546669,11873.80,51.47835649,7.39310718,181.07,19.40,0.50,9.90,1,-82.00,-8.00,19.00,2.00,56.00,19.00,27771139,48
529.09,1566546670,11893.20,51.47853105,7.39323162,180.59,18.76,-0.64,25.76,1,-83.00,-7.00,22.00,2.00,56.00,19.00,27771139,48
530.09,1566546671,11911.96,51.47870393,7.39338217,180.52,19.55,0.80,28.23,1,-83.00,-7.00,22.00,2.00,56.00,19.00,27771139,48
531.09,1566546672,11931.51,51.47885151,7.39353012,180.42,18.13,-1.42,30.59,1,-83.00,-7.00,22.00,2.00,56.00,19.00,27771139,48
532.09,1566546673,11949.62,51.47898072,7.39366404,180.76,16.44,-1.69,30.42,1,-83.00,-7.00,22.00,2.00,56.00,19.00,27771139,48
533.09,1566546674,11966.06,51.47910691,7.39377271,181.31,15.10,-1.34,27.65,1,-83.00,-6.00,25.00,2.00,55.00,19.00,27771139,48
534.09,1566546675,11981.18,51.47924657,7.39381851,181.90,14.28,-0.82,7.41,1,-83.00,-6.00,25.00,2.00,55.00,19.00,27771139,48
535.09,1566546676,11995.40,51.47936710,7.39380859,182.39,14.35,0.07,354.23,1,-82.00,-6.00,20.00,2.00,55.00,19.00,27771139,48
536.09,1566546677,12009.82,51.47948063,7.39377982,182.51,14.57,0.21,350.48,1,-82.00,-6.00,20.00,2.00,55.00,19.00,27771139,48
537.10,1566546678,12024.51,51.47959093,7.39369507,182.67,14.65,0.08,333.68,1,-88.00,-6.00,16.00,2.00,49.00,19.00,27771139,48
538.09,1566546679,12039.03,51.47969972,7.39360301,182.86,14.59,-0.06,333.43,1,-88.00,-6.00,16.00,2.00,49.00,19.00,27771139,48
539.09,1566546680,12053.61,51.47982516,7.39351249,183.13,13.90,-0.70,333.92,1,-88.00,-6.00,16.00,2.00,49.00,19.00,27771139,48
540.09,1566546681,12067.52,51.47993042,7.39344552,183.54,12.39,-1.51,335.73,1,-92.00,-5.00,18.00,2.00,44.00,19.00,28365058,357
541.09,1566546682,12079.91,51.48004324,7.39341378,183.88,11.37,-1.02,350.17,1,-92.00,-5.00,18.00,2.00,44.00,19.00,28365058,357
542.09,1566546683,12091.26,51.48013982,7.39340133,184.50,11.38,0.01,352.69,1,-92.00,-5.00,12.00,2.00,44.00,19.00,28365058,357
543.09,1566546684,12102.64,51.48022934,7.39346655,184.98,11.63,0.25,23.88,1,-92.00,-5.00,12.00,2.00,44.00,19.00,28365058,357
544.09,1566546685,12114.29,51.48030284,7.39358841,185.02,12.17,0.54,48.11,1,-91.00,-5.00,10.00,2.00,46.00,19.00,28365058,357
545.09,1566546686,12126.46,51.48037026,7.39372955,184.92,12.65,0.48,51.85,1,-91.00,-5.00,10.00,2.00,46.00,19.00,28365058,357
546.09,1566546687,12139.10,51.48044086,7.39389721,184.66,13.71,1.06,54.58,1,-87.00,-5.00,22.00,2.00,49.00,19.00,27771139,48
547.09,1566546688,12152.79,51.48050970,7.39407434,184.55,14.76,1.05,56.62,1,-87.00,-5.00,22.00,2.00,49.00,19.00,27771139,48
548.09,1566546689,12167.58,51.48057642,7.39426147,184.38,15.59,0.83,58.04,1,-88.00,-6.00,-1.00,2.00,49.00,19.00,27771139,48
549.09,1566546690,12183.15,51.48064880,7.39446134,184.54,16.59,1.01,58.74,1,-88.00,-6.00,-1.00,2.00,49.00,19.00,27771139,48
550.09,1566546691,12199.76,51.48072592,7.39468503,184.91,17.61,1.01,59.19,1,-86.00,-7.00,17.00,2.00,53.00,19.00,27771139,48
551.09,1566546692,12217.35,51.48081470,7.39491410,185.40,18.56,0.96,59.91,1,-86.00,-7.00,17.00,2.00,53.00,19.00,27771139,48
552.09,1566546693,12235.91,51.48090282,7.39515953,186.11,18.90,0.34,60.61,1,-85.00,-6.00,18.00,2.00,52.00,19.00,27771139,48
553.09,1566546694,12254.81,51.48097555,7.39537987,186.24,18.82,-0.08,59.88,1,-85.00,-6.00,18.00,2.00,52.00,19.00,27771139,48
554.09,1566546695,12273.63,51.48106084,7.39562180,186.38,18.88,0.06,60.45,1,-87.00,-5.00,10.00,2.00,48.00,19.00,27771139,48
555.09,1566546696,12292.51,51.48114698,7.39586562,186.61,18.90,0.02,60.79,1,-87.00,-5.00,10.00,2.00,48.00,19.00,27771139,48
556.09,1566546697,12311.44,51.48122989,7.39610356,186.73,18.72,-0.19,60.69,1,-89.00,-6.00,10.00,2.00,46.00,19.00,27771139,48
557.09,1566546698,12330.16,51.48131072,7.39633027,186.72,18.70,-0.02,60.19,1,-89.00,-6.00,10.00,2.00,46.00,19.00,27771139,48
558.10,1566546699,12349.01,51.48139645,7.39655794,186.59,18.38,-0.32,59.41,1,-89.00,-6.00,13.00,2.00,47.00,19.00,27771139,48
559.09,1566546700,12367.22,51.48148165,7.39678642,186.72,17.98,-0.41,58.45,1,-89.00,-6.00,13.00,2.00,47.00,19.00,27771139,48
560.09,1566546701,12385.20,51.48156403,7.39700270,186.75,17.61,-0.37,57.49,1,-89.00,-6.00,13.00,2.00,47.00,19.00,27771139,48
561.09,1566546702,12402.83,51.48164449,7.39721313,186.73,17.05,-0.57,56.64,1,-90.00,-6.00,12.00,2.00,46.00,19.00,27771139,48
562.09,1566546703,12419.86,51.48173017,7.39741770,186.67,16.64,-0.41,56.10,1,-90.00,-6.00,12.00,2.00,46.00,19.00,27771139,48
563.09,1566546704,12436.50,51.48180897,7.39760669,186.77,16.50,-0.14,55.27,1,-92.00,-6.00,15.00,2.00,45.00,19.00,27771139,48
564.09,1566546705,12453.00,51.48188949,7.39778315,186.84,15.42,-1.08,53.98,1,-92.00,-6.00,15.00,2.00,45.00,19.00,27771139,48
565.09,1566546706,12468.40,51.48196691,7.39794419,186.85,13.81,-1.61,52.66,1,-92.00,-6.00,14.00,2.00,45.00,19.00,27771139,48
566.09,1566546707,12482.21,51.48204050,7.39808506,186.83,12.14,-1.67,51.53,1,-92.00,-6.00,14.00,2.00,45.00,19.00,27771139,48
567.09,1566546708,12494.36,51.48211404,7.39821431,187.03,10.55,-1.59,50.44,1,-90.00,-6.00,16.00,2.00,44.00,19.00,27771139,48
568.09,1566546709,12504.91,51.48218327,7.39832863,187.08,8.77,-1.79,49.29,1,-90.00,-6.00,16.00,2.00,44.00,19.00,27771139,48
569.09,1566546710,12513.67,51.48222862,7.39840581,186.91,6.98,-1.79,48.61,1,-84.00,-6.00,18.00,2.00,48.00,19.00,27771139,48
570.09,1566546711,12520.65,51.48227171,7.39847588,186.90,5.57,-1.41,48.12,1,-84.00,-6.00,18.00,2.00,48.00,19.00,27771139,48
571.09,1566546712,12526.23,51.48230310,7.39852658,186.89,4.17,-1.40,46.24,1,-82.00,-6.00,19.00,2.00,49.00,19.00,27771139,48
572.09,1566546713,12530.39,51.48231499,7.39854463,186.87,2.48,-1.70,43.77,1,-82.00,-6.00,19.00,2.00,49.00,19.00,27771139,48
573.09,1566546714,12532.87,51.48232331,7.39855558,186.87,0.54,-1.93,43.77,1,-82.00,-5.00,19.00,2.00,52.00,19.00,27771139,48
574.09,1566546715,12533.42,51.48232331,7.39855558,186.87,0.00,-0.54,43.77,1,-82.00,-5.00,19.00,2.00,52.00,19.00,27771139,48
575.09,1566546716,12533.42,51.48232331,7.39855558,186.87,0.00,0.00,43.77,1,-82.00,-5.00,24.00,2.00,52.00,19.00,27771139,48
576.09,1566546717,12533.42,51.48232331,7.39855558,186.86,0.00,0.00,43.77,1,-82.00,-5.00,24.00,2.00,52.00,19.00,27771139,48
577.09,1566546718,12533.42,51.48232331,7.39855558,186.85,0.00,0.00,43.77,1,-83.00,-5.00,23.00,2.00,52.00,19.00,27771139,48
578.09,1566546719,12533.42,51.48232331,7.39855558,186.85,0.00,0.00,43.77,1,-83.00,-5.00,23.00,2.00,52.00,19.00,27771139,48
579.10,1566546720,12533.42,51.48232331,7.39855558,186.84,0.00,0.00,43.77,1,-83.00,-5.00,23.00,2.00,52.00,19.00,27771139,48
580.09,1566546721,12533.42,51.48232331,7.39855558,186.83,0.00,0.00,43.77,1,-83.00,-5.00,23.00,2.00,52.00,19.00,27771139,48
581.09,1566546722,12533.42,51.48232331,7.39855558,186.82,0.00,0.00,43.77,1,-83.00,-5.00,23.00,2.00,52.00,19.00,27771139,48
582.09,1566546723,12533.42,51.48232331,7.39855558,186.81,0.00,0.00,43.77,1,-83.00,-5.00,22.00,2.00,52.00,19.00,27771139,48
583.09,1566546724,12533.42,51.48232331,7.39855558,186.81,0.00,0.00,43.77,1,-83.00,-5.00,22.00,2.00,52.00,19.00,27771139,48
584.09,1566546725,12533.42,51.48232331,7.39855558,186.80,0.00,0.00,43.77,1,-82.00,-5.00,22.00,2.00,52.00,19.00,27771139,48
585.10,1566546726,12533.42,51.48232331,7.39855558,186.79,0.00,0.00,43.77,1,-82.00,-5.00,22.00,2.00,52.00,19.00,27771139,48
586.09,1566546727,12533.42,51.48232331,7.39855558,186.79,0.00,0.00,43.77,1,-81.00,-4.00,23.00,13.00,53.00,10.00,27771139,48
587.09,1566546728,12533.42,51.48232331,7.39855558,186.78,0.00,0.00,43.77,1,-81.00,-4.00,23.00,13.00,53.00,10.00,27771139,48
588.09,1566546729,12533.42,51.48232331,7.39855558,186.78,0.00,0.00,43.77,1,-81.00,-4.00,22.00,15.00,54.00,10.00,27771139,48
589.09,1566546730,12533.42,51.48232331,7.39855558,186.78,0.00,0.00,43.77,1,-81.00,-4.00,22.00,15.00,54.00,10.00,27771139,48
590.09,1566546731,12533.42,51.48232331,7.39855558,186.77,0.00,0.00,43.77,1,-80.00,-4.00,34.00,12.00,54.00,10.00,27771139,48
591.09,1566546732,12533.42,51.48232331,7.39855558,186.77,0.00,0.00,43.77,1,-80.00,-4.00,34.00,12.00,54.00,10.00,27771139,48
592.09,1566546733,12533.42,51.48232331,7.39855558,186.77,0.00,0.00,43.77,1,-82.00,-5.00,33.00,15.00,53.00,10.00,27771139,48
593.09,1566546734,12533.42,51.48232331,7.39855558,186.76,0.00,0.00,43.77,1,-82.00,-5.00,33.00,15.00,53.00,10.00,27771139,48
594.09,1566546735,12533.42,51.48232331,7.39855558,186.75,0.00,0.00,53.97,1,-80.00,-4.00,21.00,15.00,54.00,10.00,27771139,48
595.09,1566546736,12533.42,51.48232331,7.39855558,186.73,0.00,0.00,40.14,1,-80.00,-4.00,21.00,15.00,54.00,10.00,27771139,48
596.09,1566546737,12533.42,51.48239167,7.39865844,186.77,5.05,0.00,40.59,1,-80.00,-4.00,27.00,15.00,53.00,10.00,27771139,48
597.09,1566546738,12538.47,51.48242988,7.39870908,186.92,6.76,1.70,39.68,1,-80.00,-4.00,27.00,15.00,53.00,10.00,27771139,48
598.09,1566546739,12545.23,51.48248352,7.39877678,187.17,8.00,1.25,38.90,1,-82.00,-5.00,29.00,12.00,52.00,10.00,27771139,48
599.09,1566546740,12553.23,51.48253943,7.39884833,187.25,9.18,1.18,38.47,1,-82.00,-5.00,29.00,12.00,52.00,10.00,27771139,48
600.10,1566546741,12562.48,51.48260558,7.39892799,187.27,10.19,1.00,37.88,1,-89.00,-6.00,24.00,12.00,47.00,10.00,27771139,48
601.09,1566546742,12572.58,51.48268162,7.39901599,187.29,10.41,0.23,36.81,1,-89.00,-6.00,24.00,12.00,47.00,10.00,27771139,48
602.09,1566546743,12583.01,51.48276284,7.39910126,187.34,11.01,0.60,35.75,1,-89.00,-6.00,24.00,12.00,47.00,10.00,27771139,48
603.10,1566546744,12594.06,51.48284436,7.39919152,187.16,12.04,1.03,34.98,1,-86.00,-5.00,15.00,2.00,50.00,10.00,27771139,48
604.09,1566546745,12606.03,51.48293536,7.39929108,186.87,13.04,1.00,34.46,1,-86.00,-5.00,15.00,2.00,50.00,10.00,27771139,48
605.09,1566546746,12619.11,51.48303950,7.39940053,186.74,13.55,0.51,34.99,1,-92.00,-8.00,12.00,12.00,46.00,11.00,27771139,48
606.09,1566546747,12632.66,51.48316062,7.39953076,187.24,14.41,0.85,34.18,1,-92.00,-8.00,12.00,12.00,46.00,11.00,27771139,48
607.09,1566546748,12647.04,51.48327216,7.39964598,187.58,14.46,0.05,33.37,1,-93.00,-6.00,11.00,15.00,41.00,11.00,27771139,48
608.09,1566546749,12661.51,51.48338035,7.39975778,187.79,14.73,0.27,33.89,1,-93.00,-6.00,11.00,15.00,41.00,11.00,27771139,48
609.09,1566546750,12676.25,51.48349601,7.39987823,188.07,14.88,0.14,33.46,1,-101.00,-7.00,4.00,7.00,37.00,11.00,27771139,48
610.09,1566546751,12691.13,51.48360828,7.39999381,188.31,15.11,0.23,32.59,1,-101.00,-7.00,4.00,7.00,37.00,11.00,27771139,48
611.09,1566546752,12706.24,51.48372400,7.40010830,188.44,15.64,0.53,33.56,1,-97.00,-7.00,2.00,6.00,40.00,10.00,28365058,357
612.09,1566546753,12721.86,51.48384117,7.40023437,188.47,15.93,0.30,34.38,1,-97.00,-7.00,2.00,6.00,40.00,10.00,28365058,357
613.09,1566546754,12737.81,51.48395465,7.40036165,188.40,15.84,-0.10,35.15,1,-96.00,-7.00,10.00,11.00,41.00,10.00,28365058,357
614.09,1566546755,12753.63,51.48405647,7.40048985,188.07,15.61,-0.23,36.32,1,-96.00,-7.00,10.00,11.00,41.00,10.00,28365058,357
615.09,1566546756,12769.23,51.48416570,7.40062833,187.69,15.35,-0.26,37.09,1,-98.00,-8.00,6.00,8.00,40.00,10.00,28365058,357
616.09,1566546757,12784.58,51.48427745,7.40077576,187.46,15.77,0.42,38.08,1,-98.00,-8.00,6.00,8.00,40.00,10.00,28365058,357
617.09,1566546758,12800.35,51.48438974,7.40092717,187.25,16.04,0.27,38.78,1,-98.00,-8.00,6.00,10.00,40.00,10.00,28365058,357
618.09,1566546759,12816.41,51.48450090,7.40108124,186.89,15.75,-0.29,39.55,1,-98.00,-8.00,6.00,10.00,40.00,10.00,28365058,357
619.09,1566546760,12832.18,51.48460863,7.40123850,186.48,15.57,-0.18,40.56,1,-102.00,-10.00,2.00,8.00,39.00,10.00,28365058,357
620.09,1566546761,12847.76,51.48471117,7.40140157,185.99,15.63,0.06,41.80,1,-102.00,-10.00,2.00,8.00,39.00,10.00,28365058,357
621.09,1566546762,12863.38,51.48480775,7.40156145,185.42,15.46,-0.17,42.76,1,-101.00,-8.00,5.00,6.00,38.00,10.00,28365058,357
622.09,1566546763,12878.83,51.48490454,7.40172511,185.12,15.63,0.17,43.68,1,-101.00,-8.00,5.00,6.00,38.00,10.00,28365058,357
623.10,1566546764,12894.60,51.48500236,7.40188821,185.23,15.86,0.23,44.82,1,-103.00,-10.00,3.00,6.00,38.00,10.00,28365058,357
624.10,1566546765,12910.35,51.48510468,7.40205559,185.60,16.01,0.15,45.67,1,-103.00,-10.00,3.00,6.00,38.00,10.00,28365058,357
625.09,1566546766,12926.35,51.48132020,7.40464160,185.73,16.08,0.07,46.42,1,-103.00,-10.00,3.00,6.00,38.00,10.00,28365058,357
626.09,1566546767,12942.43,51.48530277,7.40239771,185.96,16.18,0.10,47.04,1,-100.00,-9.00,4.00,10.00,39.00,10.00,28365058,357
627.09,1566546768,12958.59,51.48539855,7.40257329,186.07,16.00,-0.18,47.73,1,-100.00,-9.00,4.00,10.00,39.00,10.00,28365058,357
628.09,1566546769,12974.60,51.48549290,7.40275453,186.19,16.01,0.01,48.85,1,-102.00,-10.00,-1.00,2.00,40.00,10.00,28365058,357
629.09,1566546770,12990.60,51.48558034,7.40291766,186.20,15.89,-0.12,49.70,1,-102.00,-10.00,-1.00,2.00,40.00,10.00,28365058,357
630.09,1566546771,13006.49,51.48567476,7.40310387,186.15,15.93,0.05,50.66,1,-102.00,-9.00,-1.00,2.00,37.00,10.00,28365058,357
631.09,1566546772,13022.42,51.48576567,7.40328669,185.99,15.93,-0.01,51.50,1,-102.00,-9.00,-1.00,2.00,37.00,10.00,28365058,357
632.09,1566546773,13038.35,51.48585143,7.40347090,185.87,15.75,-0.17,52.63,1,-101.00,-8.00,5.00,2.00,37.00,10.00,28365058,357
633.09,1566546774,13054.10,51.48593422,7.40365639,185.81,15.54,-0.22,53.66,1,-101.00,-8.00,5.00,2.00,37.00,10.00,28365058,357
634.09,1566546775,13069.62,51.48601519,7.40383916,185.57,15.65,0.11,54.65,1,-101.00,-8.00,-5.00,2.00,37.00,10.00,28365058,357
635.09,1566546776,13085.27,51.48609255,7.40402783,185.18,15.51,-0.14,55.37,1,-101.00,-8.00,-5.00,2.00,37.00,10.00,28365058,357
636.09,1566546777,13100.80,51.48616754,7.40421875,184.65,15.49,-0.02,56.43,1,-101.00,-9.00,7.00,2.00,39.00,10.00,29391105,167
637.09,1566546778,13116.28,51.48623897,7.40440158,183.77,15.45,-0.04,56.85,1,-101.00,-9.00,7.00,2.00,39.00,10.00,29391105,167
638.09,1566546779,13131.69,51.48631465,7.40460868,183.43,15.52,0.07,57.77,1,-99.00,-7.00,1.00,2.00,40.00,10.00,29391105,167
639.09,1566546780,13147.21,51.48638765,7.40480872,183.05,15.20,-0.32,58.29,1,-99.00,-7.00,1.00,2.00,40.00,10.00,29391105,167
640.09,1566546781,13162.42,51.48646034,7.40501405,182.61,15.95,0.75,58.79,1,-97.00,-8.00,2.00,2.00,42.00,10.00,29391105,167
641.09,1566546782,13178.37,51.48653189,7.40521605,182.41,15.96,0.01,59.35,1,-97.00,-8.00,2.00,2.00,42.00,10.00,29391105,167
642.09,1566546783,13194.35,51.48660266,7.40542501,182.28,15.90,-0.06,60.04,1,-99.00,-10.00,2.00,2.00,42.00,10.00,29391105,167
643.09,1566546784,13210.25,51.48666779,7.40562624,182.04,15.94,0.04,61.14,1,-99.00,-10.00,2.00,2.00,42.00,10.00,29391105,167
644.10,1566546785,13226.35,51.48673019,7.40582984,181.75,15.95,0.00,62.16,1,-98.00,-11.00,1.00,2.00,43.00,10.00,29391105,167
645.09,1566546786,13242.15,51.49121850,7.42037690,181.59,15.97,0.02,63.40,1,-98.00,-11.00,1.00,2.00,43.00,10.00,29391105,167
646.09,1566546787,13258.12,51.48684646,7.40624650,181.28,16.12,0.16,64.78,1,-98.00,-11.00,1.00,2.00,43.00,10.00,29391105,167
647.10,1566546788,13274.26,51.48690613,7.40646577,181.17,15.94,-0.18,65.47,1,-100.00,-12.00,0.00,8.00,43.00,13.00,29391105,167
648.10,1566546789,13290.21,51.48696118,7.40668976,181.07,16.04,0.09,66.53,1,-100.00,-12.00,0.00,8.00,43.00,13.00,29391105,167
649.09,1566546790,13306.23,51.48700827,7.40690416,180.58,16.08,0.04,67.91,1,-99.00,-10.00,3.00,8.00,43.00,13.00,29391105,167
650.09,1566546791,13322.31,51.48704933,7.40711004,179.97,15.82,-0.26,69.16,1,-99.00,-10.00,3.00,8.00,43.00,13.00,29391105,167
651.09,1566546792,13338.13,51.48708897,7.40730738,179.52,15.30,-0.53,69.66,1,-94.00,-9.00,1.00,10.00,46.00,13.00,29391105,167
652.09,1566546793,13353.43,51.48713567,7.40753560,178.98,15.42,0.12,70.28,1,-94.00,-9.00,1.00,10.00,46.00,13.00,29391105,167
653.09,1566546794,13368.81,51.48717759,7.40776018,178.26,15.88,0.47,71.41,1,-93.00,-8.00,-1.00,6.00,47.00,4.00,26385408,95
654.09,1566546795,13384.69,51.48721534,7.40796343,177.08,15.38,-0.50,71.78,1,-93.00,-8.00,-1.00,6.00,47.00,4.00,26385408,95
655.09,1566546796,13400.07,51.48724645,7.40816766,176.01,14.72,-0.66,73.08,1,-94.00,-6.00,6.00,12.00,44.00,4.00,26385408,95
656.09,1566546797,13414.80,51.48727966,7.40838867,174.98,15.57,0.85,74.27,1,-94.00,-6.00,6.00,12.00,44.00,4.00,26385408,95
657.10,1566546798,13430.42,51.48730721,7.40860057,174.37,16.08,0.50,75.26,1,-90.00,-7.00,4.00,6.00,48.00,8.00,29391106,166
658.10,1566546799,13446.49,51.48733820,7.40884458,173.64,15.87,-0.20,76.24,1,-90.00,-7.00,4.00,6.00,48.00,8.00,29391106,166
659.09,1566546800,13462.30,51.48737259,7.40909671,173.12,16.01,0.13,77.22,1,-91.00,-5.00,4.00,6.00,45.00,4.00,26385408,95
660.09,1566546801,13478.31,51.48740370,7.40933536,172.80,16.12,0.12,76.68,1,-91.00,-5.00,4.00,6.00,45.00,4.00,26385408,95
661.09,1566546802,13494.45,51.48743262,7.40956726,172.84,16.09,-0.03,77.76,1,-93.00,-6.00,7.00,13.00,44.00,4.00,26385408,95
662.09,1566546803,13510.54,51.48745679,7.40977598,172.59,16.20,0.10,77.69,1,-93.00,-6.00,7.00,13.00,44.00,4.00,26385408,95
663.09,1566546804,13526.74,51.48748516,7.41000430,172.31,15.99,-0.20,78.61,1,-98.00,-8.00,4.00,9.00,42.00,7.00,28365056,359
664.09,1566546805,13542.71,51.48750822,7.41024131,172.29,14.94,-1.05,80.13,1,-98.00,-8.00,4.00,9.00,42.00,7.00,28365056,359
665.10,1566546806,13557.78,51.48830460,7.42466720,172.59,12.98,-1.95,81.75,1,-89.00,-7.00,11.00,13.00,48.00,7.00,28365056,359
666.09,1566546807,13570.66,51.48753729,7.41063870,173.16,11.28,-1.71,83.26,1,-89.00,-7.00,11.00,13.00,48.00,7.00,28365056,359
667.09,1566546808,13581.95,51.48754648,7.41077594,173.66,9.42,-1.87,84.06,1,-89.00,-7.00,11.00,13.00,48.00,7.00,28365056,359
668.09,1566546809,13591.36,51.48758778,7.41089836,174.05,7.74,-1.68,57.55,1,-87.00,-7.00,10.00,14.00,51.00,7.00,28365056,359
669.09,1566546810,13599.09,51.48763721,7.41098679,173.51,7.91,0.17,41.49,1,-87.00,-7.00,10.00,14.00,51.00,7.00,28365056,359
670.09,1566546811,13607.00,51.48769334,7.41101776,172.72,7.29,-0.62,15.95,1,-86.00,-7.00,19.00,12.00,53.00,7.00,28365056,359
671.09,1566546812,13614.29,51.48774990,7.41100822,172.26,7.61,0.33,355.78,1,-86.00,-7.00,19.00,12.00,53.00,7.00,28365056,359
672.09,1566546813,13621.90,51.48781284,7.41099986,172.02,8.56,0.95,354.19,1,-87.00,-7.00,9.00,10.00,49.00,7.00,28365056,359
673.09,1566546814,13630.46,51.48786928,7.41098459,171.22,9.90,1.33,353.55,1,-87.00,-7.00,9.00,10.00,49.00,7.00,28365056,359
674.09,1566546815,13640.36,51.48793694,7.41095262,170.27,10.91,1.02,352.63,1,-90.00,-6.00,8.00,12.00,47.00,7.00,28365056,359
675.09,1566546816,13651.27,51.48803899,7.41093244,169.69,11.90,0.98,352.39,1,-90.00,-6.00,8.00,12.00,47.00,7.00,28365056,359
676.09,1566546817,13663.17,51.48815180,7.41090647,169.64,12.82,0.92,351.85,1,-92.00,-8.00,9.00,11.00,47.00,7.00,28365056,359
677.09,1566546818,13675.99,51.48827687,7.41087560,169.93,13.87,1.05,351.51,1,-92.00,-8.00,9.00,11.00,47.00,7.00,28365056,359
678.10,1566546819,13689.91,51.48840656,7.41084296,170.02,14.75,0.89,351.24,1,-89.00,-8.00,2.00,12.00,47.00,7.00,28365056,359
679.09,1566546820,13704.65,51.48852936,7.41080992,170.12,13.69,-1.06,350.69,1,-89.00,-8.00,2.00,12.00,47.00,7.00,28365056,359
680.09,1566546821,13718.32,51.48865569,7.41077457,170.16,13.62,-0.07,350.20,1,-88.00,-4.00,4.00,2.00,46.00,7.00,26385408,95
681.09,1566546822,13731.95,51.48878625,7.41073966,170.70,13.80,0.18,349.20,1,-88.00,-4.00,4.00,2.00,46.00,7.00,26385408,95
682.09,1566546823,13745.73,51.48892015,7.41070042,171.47,13.84,0.04,348.10,1,-91.00,-5.00,-5.00,2.00,45.00,7.00,26385408,95
683.09,1566546824,13759.57,51.48905046,7.41064861,172.33,14.17,0.33,347.59,1,-91.00,-5.00,-5.00,2.00,45.00,7.00,26385408,95
684.10,1566546825,13773.78,51.48917257,7.41059323,173.33,13.94,-0.23,346.59,1,-93.00,-11.00,-10.00,2.00,49.00,7.00,29391105,167
685.10,1566546826,13787.72,51.48929583,7.41054282,174.19,13.89,-0.05,346.03,1,-93.00,-11.00,-10.00,2.00,49.00,7.00,29391105,167
686.10,1566546827,13801.70,51.48939641,7.41049393,174.70,13.94,0.05,346.40,1,-96.00,-14.00,14.00,2.00,49.00,7.00,29391106,166
687.09,1566546828,13815.51,51.48950354,7.41044716,174.65,13.63,-0.31,346.83,1,-96.00,-14.00,14.00,2.00,49.00,7.00,29391106,166
688.09,1566546829,13829.14,51.48962116,7.41040449,174.46,12.50,-1.13,347.82,1,-96.00,-14.00,14.00,2.00,49.00,7.00,29391106,166
689.09,1566546830,13841.64,51.48973423,7.41036610,174.25,11.36,-1.14,347.37,1,-93.00,-9.00,9.00,2.00,48.00,7.00,29391106,166
690.09,1566546831,13853.00,51.48982805,7.41032902,174.17,9.74,-1.62,346.62,1,-93.00,-9.00,9.00,2.00,48.00,7.00,29391106,166
691.09,1566546832,13862.73,51.48990312,7.41029730,174.18,6.80,-2.94,345.30,1,-93.00,-9.00,8.00,2.00,47.00,7.00,29391106,166
692.09,1566546833,13869.52,51.48996162,7.41028588,173.79,5.35,-1.45,3.08,1,-93.00,-9.00,8.00,2.00,47.00,7.00,29391106,166
693.09,1566546834,13874.88,51.49000406,7.41031682,173.36,5.19,-0.17,33.33,1,-92.00,-7.00,8.00,2.00,47.00,7.00,26385408,95
694.09,1566546835,13880.07,51.49004292,7.41039888,172.77,6.74,1.55,59.92,1,-92.00,-7.00,8.00,2.00,47.00,7.00,26385408,95
695.09,1566546836,13886.81,51.49006037,7.41048593,172.15,6.81,0.08,72.89,1,-90.00,-7.00,16.00,2.00,49.00,7.00,26385408,95
696.09,1566546837,13893.62,51.49008090,7.41061304,171.21,8.89,2.07,72.38,1,-90.00,-7.00,16.00,2.00,49.00,7.00,26385408,95
697.09,1566546838,13902.49,51.49010619,7.41076089,170.39,11.08,2.20,73.33,1,-87.00,-6.00,13.00,2.00,51.00,7.00,26385408,95
