0.01,1566794640,0.02,51.45007057,7.48828663,248.59,8.43,0.00,167.91,0,-112.00,-13.00,0.00,0.00,27.00,0.00,0,337
0.01,1566794640,0.02,51.45007057,7.48828663,248.59,8.43,0.00,167.91,0,-115.00,-15.00,0.00,0.00,25.00,0.00,0,290
0.01,1566794640,0.02,51.45007057,7.48828663,248.59,8.43,0.00,167.91,0,-115.00,-16.00,0.00,0.00,26.00,0.00,0,142
0.01,1566794640,0.02,51.45007057,7.48828663,248.59,8.43,0.00,167.91,0,-106.00,-16.00,0.00,0.00,35.00,0.00,0,354
0.01,1566794640,0.03,51.45007057,7.48828663,248.59,8.43,0.00,167.91,0,-107.00,-18.00,0.00,0.00,36.00,0.00,0,100
0.01,1566794640,0.03,51.45007057,7.48828663,248.59,8.43,0.00,167.91,0,-108.00,-16.00,0.00,0.00,34.00,0.00,0,337
0.01,1566794640,0.03,51.45007057,7.48828663,248.59,8.43,0.00,167.91,0,-123.00,-13.00,0.00,0.00,19.00,0.00,0,121
0.01,1566794640,0.03,51.45007057,7.48828663,248.59,8.43,0.00,167.91,0,-124.00,-14.00,0.00,0.00,19.00,0.00,0,223
0.01,1566794640,0.03,51.45007057,7.48828663,248.59,8.43,0.00,167.91,0,-126.00,-16.00,0.00,0.00,19.00,0.00,0,52
1.11,1566794642,9.31,51.44999360,7.48831696,248.62,9.60,0.00,167.37,0,-112.00,-13.00,0.00,0.00,27.00,0.00,0,337
1.11,1566794642,9.32,51.44999360,7.48831696,248.62,9.60,0.00,167.37,0,-115.00,-15.00,0.00,0.00,25.00,0.00,0,290
1.11,1566794642,9.32,51.44999360,7.48831696,248.62,9.60,0.00,167.37,0,-115.00,-16.00,0.00,0.00,26.00,0.00,0,142
1.11,1566794642,9.33,51.44999360,7.48831696,248.62,9.60,0.00,167.37,0,-106.00,-16.00,0.00,0.00,35.00,0.00,0,354
1.11,1566794642,9.34,51.44999360,7.48831696,248.62,9.60,0.00,167.37,0,-107.00,-18.00,0.00,0.00,36.00,0.00,0,100
1.11,1566794642,9.35,51.44999360,7.48831696,248.62,9.60,0.00,167.37,0,-108.00,-16.00,0.00,0.00,34.00,0.00,0,337
1.11,1566794642,9.35,51.44999360,7.48831696,248.62,9.60,0.00,167.37,0,-123.00,-13.00,0.00,0.00,19.00,0.00,0,121
1.11,1566794642,9.36,51.44999360,7.48831696,248.62,9.60,0.00,167.37,0,-124.00,-14.00,0.00,0.00,19.00,0.00,0,223
1.12,1566794642,9.37,51.44999360,7.48831696,248.62,9.60,0.00,167.37,0,-126.00,-16.00,0.00,0.00,19.00,0.00,0,52
2.04,1566794643,18.27,51.44991140,7.48834434,248.47,9.90,0.00,168.22,0,-113.00,-13.00,0.00,0.00,26.00,0.00,0,290
2.04,1566794643,18.28,51.44991140,7.48834434,248.47,9.90,0.00,168.22,0,-115.00,-16.00,0.00,0.00,26.00,0.00,0,337
2.04,1566794643,18.29,51.44991140,7.48834434,248.47,9.90,0.00,168.22,0,-115.00,-16.00,0.00,0.00,26.00,0.00,0,142
3.04,1566794644,28.17,51.44982137,7.48836977,248.30,10.78,0.00,169.20,0,-113.00,-13.00,0.00,0.00,26.00,0.00,0,290
3.04,1566794644,28.18,51.44982137,7.48836977,248.30,10.78,0.00,169.20,0,-115.00,-16.00,0.00,0.00,26.00,0.00,0,337
3.04,1566794644,28.19,51.44982137,7.48836977,248.30,10.78,0.00,169.20,0,-115.00,-16.00,0.00,0.00,26.00,0.00,0,142
4.04,1566794645,38.95,51.44971628,7.48839619,248.33,11.66,0.00,170.65,0,-114.00,-14.00,0.00,0.00,26.00,0.00,0,337
5.04,1566794646,50.60,51.44960448,7.48841826,248.55,12.29,0.00,172.37,0,-114.00,-14.00,0.00,0.00,26.00,0.00,0,337
6.04,1566794647,62.90,51.44949141,7.48843085,248.78,12.94,0.00,174.51,0,-113.00,-14.00,0.00,0.00,26.00,0.00,0,289
6.04,1566794647,62.92,51.44949141,7.48843085,248.78,12.94,0.00,174.51,0,-114.00,-14.00,0.00,0.00,26.00,0.00,0,290
7.04,1566794648,75.83,51.44937505,7.48843750,249.11,13.96,0.00,176.46,0,-113.00,-14.00,0.00,0.00,26.00,0.00,0,289
7.04,1566794648,75.85,51.44937505,7.48843750,249.11,13.96,0.00,176.46,0,-114.00,-14.00,0.00,0.00,26.00,0.00,0,290
35.04,1566794676,469.36,51.44594718,7.48873942,263.70,14.87,0.00,145.94,0,-120.00,-11.00,0.00,0.00,20.00,0.00,0,223
36.04,1566794677,484.24,51.44585119,7.48887205,264.10,14.74,0.00,142.41,0,-120.00,-11.00,0.00,0.00,20.00,0.00,0,223
37.05,1566794678,499.13,51.44576181,7.48901536,264.66,13.80,0.00,139.00,0,-121.00,-11.00,0.00,0.00,19.00,0.00,0,223
37.05,1566794678,499.14,51.44576181,7.48901536,264.66,13.80,0.00,139.00,0,-128.00,-17.00,0.00,0.00,19.00,0.00,0,52
38.04,1566794679,512.81,51.44567574,7.48916594,265.52,13.69,0.00,136.55,0,-121.00,-11.00,0.00,0.00,19.00,0.00,0,223
38.04,1566794679,512.81,51.44567574,7.48916594,265.52,13.69,0.00,136.55,0,-128.00,-17.00,0.00,0.00,19.00,0.00,0,52
39.04,1566794680,526.50,51.44558926,7.48933251,266.41,14.25,0.00,134.15,0,-121.00,-11.00,0.00,0.00,19.00,0.00,0,223
39.04,1566794680,526.51,51.44558926,7.48933251,266.41,14.25,0.00,134.15,0,-128.00,-17.00,0.00,0.00,19.00,0.00,0,52
40.04,1566794681,540.73,51.44550433,7.48949769,267.26,14.27,0.00,132.49,0,-123.00,-12.00,0.00,0.00,19.00,0.00,0,223
40.04,1566794681,540.74,51.44550433,7.48949769,267.26,14.27,0.00,132.49,0,-126.00,-16.00,0.00,0.00,19.00,0.00,0,52
41.04,1566794682,555.01,51.44542516,7.48966487,268.16,13.73,0.00,130.59,0,-123.00,-12.00,0.00,0.00,19.00,0.00,0,223
41.04,1566794682,555.03,51.44542516,7.48966487,268.16,13.73,0.00,130.59,0,-126.00,-16.00,0.00,0.00,19.00,0.00,0,52
61.04,1566794702,717.70,51.44460122,7.49156370,271.65,0.00,0.00,125.57,0,-121.00,-11.00,0.00,0.00,20.00,0.00,0,223
62.04,1566794703,717.70,51.44460122,7.49156370,271.68,0.00,0.00,125.57,0,-121.00,-11.00,0.00,0.00,20.00,0.00,0,223
63.04,1566794704,717.70,51.44460122,7.49156370,271.72,0.00,0.00,125.57,0,-121.00,-11.00,0.00,0.00,20.00,0.00,0,223
64.04,1566794705,717.70,51.44460122,7.49156370,271.75,0.00,0.00,125.57,0,-121.00,-11.00,0.00,0.00,20.00,0.00,0,223
65.04,1566794706,717.70,51.44460122,7.49156370,271.79,0.00,0.00,125.57,0,-121.00,-11.00,0.00,0.00,20.00,0.00,0,223
66.04,1566794707,717.70,51.44460122,7.49156370,271.83,0.00,0.00,125.57,0,-121.00,-11.00,0.00,0.00,20.00,0.00,0,223
90.04,1566794731,717.70,51.44459514,7.49162566,273.57,0.00,0.00,140.09,0,-121.00,-11.00,0.00,0.00,19.00,0.00,0,223
91.04,1566794732,717.70,51.44459721,7.49162756,273.59,0.00,0.00,140.09,0,-121.00,-11.00,0.00,0.00,19.00,0.00,0,223
92.04,1566794733,717.70,51.44459990,7.49163159,273.77,0.00,0.00,140.09,0,-121.00,-11.00,0.00,0.00,19.00,0.00,0,223
93.04,1566794734,717.70,51.44460397,7.49163058,273.91,0.00,0.00,280.67,0,-121.00,-11.00,0.00,0.00,19.00,0.00,0,223
94.04,1566794735,717.70,51.44460028,7.49163401,274.00,0.00,0.00,181.24,0,-121.00,-10.00,0.00,0.00,19.00,0.00,0,223
95.04,1566794736,717.70,51.44459643,7.49163548,274.05,0.45,0.00,194.36,0,-121.00,-10.00,0.00,0.00,19.00,0.00,0,223
103.04,1566794744,723.86,51.44447949,7.49169735,274.73,4.05,0.00,182.39,0,-114.00,-14.00,0.00,0.00,26.00,0.00,0,70
104.04,1566794745,727.89,51.44440917,7.49165284,275.17,5.53,0.00,206.57,0,-114.00,-14.00,0.00,0.00,26.00,0.00,0,70
119.04,1566794760,921.74,51.44288854,7.48993280,276.44,15.72,0.00,215.84,0,-96.00,-11.00,0.00,0.00,41.00,0.00,0,325
120.04,1566794761,937.48,51.44277065,7.48979949,275.97,15.56,0.00,216.61,0,-96.00,-11.00,0.00,0.00,41.00,0.00,0,325
121.06,1566794762,953.24,51.44265846,7.48967452,275.42,15.02,0.00,217.15,0,-89.00,-13.00,0.00,0.00,51.00,0.00,0,325
121.06,1566794762,953.25,51.44265846,7.48967452,275.42,15.02,0.00,217.15,0,-127.00,-16.00,0.00,0.00,18.00,0.00,0,223
121.06,1566794762,953.25,51.44265846,7.48967452,275.42,15.02,0.00,217.15,0,-129.00,-17.00,0.00,0.00,18.00,0.00,0,54
121.06,1566794762,953.27,51.44265846,7.48967452,275.42,15.02,0.00,217.15,0,-130.00,-18.00,0.00,0.00,18.00,0.00,0,37
122.04,1566794763,968.09,51.44255410,7.48955701,275.14,14.59,0.00,216.91,0,-89.00,-13.00,0.00,0.00,51.00,0.00,0,325
122.04,1566794763,968.09,51.44255410,7.48955701,275.14,14.59,0.00,216.91,0,-127.00,-16.00,0.00,0.00,18.00,0.00,0,223
122.05,1566794763,968.11,51.44255410,7.48955701,275.14,14.59,0.00,216.91,0,-129.00,-17.00,0.00,0.00,18.00,0.00,0,54
122.05,1566794763,968.11,51.44255410,7.48955701,275.14,14.59,0.00,216.91,0,-130.00,-18.00,0.00,0.00,18.00,0.00,0,37
123.04,1566794764,982.62,51.44245577,7.48944098,274.92,14.21,0.00,217.62,0,-89.00,-13.00,0.00,0.00,51.00,0.00,0,325
123.04,1566794764,982.62,51.44245577,7.48944098,274.92,14.21,0.00,217.62,0,-127.00,-16.00,0.00,0.00,18.00,0.00,0,223
123.04,1566794764,982.62,51.44245577,7.48944098,274.92,14.21,0.00,217.62,0,-129.00,-17.00,0.00,0.00,18.00,0.00,0,54
123.04,1566794764,982.63,51.44245577,7.48944098,274.92,14.21,0.00,217.62,0,-130.00,-18.00,0.00,0.00,18.00,0.00,0,37
124.04,1566794765,996.80,51.44236153,7.48932324,274.70,13.88,0.00,218.73,0,-86.00,-11.00,0.00,0.00,51.00,0.00,0,325
125.04,1566794766,1010.74,51.44226393,7.48920385,274.36,13.53,0.00,219.34,0,-86.00,-11.00,0.00,0.00,51.00,0.00,0,325
126.04,1566794767,1024.27,51.44217055,7.48908208,273.86,13.13,0.00,219.79,0,-87.00,-10.00,0.00,0.00,50.00,0.00,0,325
127.04,1566794768,1037.40,51.44207515,7.48894694,274.18,13.91,0.00,220.06,0,-87.00,-10.00,0.00,0.00,50.00,0.00,0,325
128.04,1566794769,1051.32,51.44198296,7.48882436,274.61,14.07,0.00,220.50,0,-86.00,-8.00,0.00,0.00,48.00,0.00,0,325
129.04,1566794770,1065.38,51.44188778,7.48868713,275.04,14.57,0.00,221.58,0,-86.00,-8.00,0.00,0.00,48.00,0.00,0,325
130.04,1566794771,1079.95,51.44179573,7.48854821,275.53,14.20,0.00,223.59,0,-81.00,-8.00,0.00,0.00,53.00,0.00,0,325
131.04,1566794772,1094.15,51.44171058,7.48840064,276.19,13.91,0.00,225.73,0,-81.00,-8.00,0.00,0.00,53.00,0.00,0,325
132.04,1566794773,1108.06,51.44162763,7.48824571,276.39,13.51,0.00,228.50,0,-82.00,-8.00,0.00,0.00,52.00,0.00,0,325
133.04,1566794774,1121.60,51.44154249,7.48808771,276.35,14.13,0.00,229.27,0,-82.00,-8.00,0.00,0.00,52.00,0.00,0,325
147.04,1566794788,1315.51,51.44049087,7.48581323,278.37,13.67,0.00,233.62,0,-82.00,-9.00,0.00,0.00,54.00,0.00,0,326
148.04,1566794789,1329.19,51.44042497,7.48565846,278.49,13.68,0.00,232.84,0,-82.00,-9.00,0.00,0.00,54.00,0.00,0,326
149.04,1566794790,1342.86,51.44035978,7.48550740,278.63,12.93,0.00,233.55,0,-84.00,-8.00,0.00,0.00,51.00,0.00,0,326
150.04,1566794791,1355.79,51.44029081,7.48535215,278.79,13.29,0.00,234.64,0,-84.00,-8.00,0.00,0.00,51.00,0.00,0,326
151.04,1566794792,1369.11,51.44021953,7.48519986,278.97,13.32,0.00,233.05,0,-82.00,-8.00,0.00,0.00,51.00,0.00,0,326
151.04,1566794792,1369.13,51.44021953,7.48519986,278.97,13.32,0.00,233.05,0,-128.00,-17.00,0.00,0.00,18.00,0.00,0,223
151.04,1566794792,1369.13,51.44021953,7.48519986,278.97,13.32,0.00,233.05,0,-129.00,-18.00,0.00,0.00,18.00,0.00,0,52
151.05,1566794792,1369.14,51.44021953,7.48519986,278.97,13.32,0.00,233.05,0,-133.00,-23.00,0.00,0.00,18.00,0.00,0,211
152.04,1566794793,1382.43,51.44014911,7.48504907,279.37,13.45,0.00,233.63,0,-82.00,-8.00,0.00,0.00,51.00,0.00,0,326
152.04,1566794793,1382.45,51.44014911,7.48504907,279.37,13.45,0.00,233.63,0,-128.00,-17.00,0.00,0.00,18.00,0.00,0,223
152.04,1566794793,1382.45,51.44014911,7.48504907,279.37,13.45,0.00,233.63,0,-129.00,-18.00,0.00,0.00,18.00,0.00,0,52
152.05,1566794793,1382.46,51.44014911,7.48504907,279.37,13.45,0.00,233.63,0,-133.00,-23.00,0.00,0.00,18.00,0.00,0,211
155.04,1566794796,1423.50,51.43992807,7.48458558,279.38,13.38,0.00,233.36,0,-135.00,-22.00,0.00,0.00,17.00,0.00,0,155
156.04,1566794797,1436.88,51.43985357,7.48442876,279.94,13.90,0.00,233.28,0,-135.00,-22.00,0.00,0.00,17.00,0.00,0,155
178.04,1566794819,1746.87,51.43830512,7.48048266,284.42,14.67,0.00,238.93,0,-112.00,-16.00,0.00,0.00,30.00,0.00,0,163
179.04,1566794820,1761.56,51.43823898,7.48028941,284.46,14.94,0.00,239.92,0,-112.00,-16.00,0.00,0.00,30.00,0.00,0,163
180.04,1566794821,1776.50,51.43817448,7.48009584,283.89,14.97,0.00,239.63,0,-109.00,-12.00,0.00,0.00,29.00,0.00,0,163
180.04,1566794821,1776.51,51.43817448,7.48009584,283.89,14.97,0.00,239.63,0,-117.00,-13.00,0.00,0.00,23.00,0.00,0,228
180.04,1566794821,1776.51,51.43817448,7.48009584,283.89,14.97,0.00,239.63,0,-119.00,-15.00,0.00,0.00,22.00,0.00,0,243
181.62,1566794822,1800.14,51.43810882,7.47990117,283.59,14.53,0.00,240.47,0,-109.00,-12.00,0.00,0.00,29.00,0.00,0,163
181.62,1566794822,1800.14,51.43810882,7.47990117,283.59,14.53,0.00,240.47,0,-117.00,-13.00,0.00,0.00,23.00,0.00,0,228
181.62,1566794822,1800.16,51.43810882,7.47990117,283.59,14.53,0.00,240.47,0,-119.00,-15.00,0.00,0.00,22.00,0.00,0,243
182.62,1566794823,1814.63,51.43805396,7.47972273,283.23,14.72,0.00,241.42,0,-103.00,-12.00,0.00,0.00,38.00,0.00,0,292
182.62,1566794823,1814.64,51.43805396,7.47972273,283.23,14.72,0.00,241.42,0,-103.00,-11.00,0.00,0.00,37.00,0.00,0,457
183.62,1566794824,1829.34,51.43799443,7.47952827,283.10,14.88,0.00,242.28,0,-103.00,-12.00,0.00,0.00,38.00,0.00,0,292
183.62,1566794824,1829.36,51.43799443,7.47952827,283.10,14.88,0.00,242.28,0,-103.00,-11.00,0.00,0.00,37.00,0.00,0,457
184.63,1566794825,1844.34,51.43793521,7.47933629,283.06,14.31,0.00,241.59,0,-113.00,-11.00,0.00,0.00,24.00,0.00,0,326
184.63,1566794825,1844.35,51.43793521,7.47933629,283.06,14.31,0.00,241.59,0,-101.00,-12.00,0.00,0.00,39.00,0.00,0,292
184.63,1566794825,1844.37,51.43793521,7.47933629,283.06,14.31,0.00,241.59,0,-103.00,-12.00,0.00,0.00,38.00,0.00,0,457
185.62,1566794826,1858.55,51.43788041,7.47915932,283.57,13.84,0.00,242.23,0,-113.00,-11.00,0.00,0.00,24.00,0.00,0,326
185.62,1566794826,1858.55,51.43788041,7.47915932,283.57,13.84,0.00,242.23,0,-101.00,-12.00,0.00,0.00,39.00,0.00,0,292
185.62,1566794826,1858.56,51.43788041,7.47915932,283.57,13.84,0.00,242.23,0,-103.00,-12.00,0.00,0.00,38.00,0.00,0,457
186.62,1566794827,1872.41,51.43782379,7.47897335,284.05,14.05,0.00,243.08,0,-113.00,-11.00,0.00,0.00,24.00,0.00,0,326
186.62,1566794827,1872.43,51.43782379,7.47897335,284.05,14.05,0.00,243.08,0,-101.00,-12.00,0.00,0.00,39.00,0.00,0,292
186.62,1566794827,1872.43,51.43782379,7.47897335,284.05,14.05,0.00,243.08,0,-103.00,-12.00,0.00,0.00,38.00,0.00,0,457
187.62,1566794828,1886.43,51.43776755,7.47878734,283.75,13.65,0.00,243.68,0,-112.00,-11.00,0.00,0.00,24.00,0.00,0,70
187.62,1566794828,1886.45,51.43776755,7.47878734,283.75,13.65,0.00,243.68,0,-114.00,-12.00,0.00,0.00,24.00,0.00,0,326
187.62,1566794828,1886.45,51.43776755,7.47878734,283.75,13.65,0.00,243.68,0,-104.00,-13.00,0.00,0.00,38.00,0.00,0,457
187.62,1566794828,1886.46,51.43776755,7.47878734,283.75,13.65,0.00,243.68,0,-107.00,-16.00,0.00,0.00,38.00,0.00,0,292
188.62,1566794829,1900.10,51.43771193,7.47860648,284.27,13.44,0.00,242.57,0,-112.00,-11.00,0.00,0.00,24.00,0.00,0,70
188.62,1566794829,1900.10,51.43771193,7.47860648,284.27,13.44,0.00,242.57,0,-114.00,-12.00,0.00,0.00,24.00,0.00,0,326
188.62,1566794829,1900.11,51.43771193,7.47860648,284.27,13.44,0.00,242.57,0,-104.00,-13.00,0.00,0.00,38.00,0.00,0,457
188.62,1566794829,1900.12,51.43771193,7.47860648,284.27,13.44,0.00,242.57,0,-107.00,-16.00,0.00,0.00,38.00,0.00,0,292
189.62,1566794830,1913.53,51.43765361,7.47842901,284.73,13.54,0.00,241.90,0,-113.00,-11.00,0.00,0.00,24.00,0.00,0,70
189.62,1566794830,1913.53,51.43765361,7.47842901,284.73,13.54,0.00,241.90,0,-114.00,-12.00,0.00,0.00,23.00,0.00,0,326
189.62,1566794830,1913.55,51.43765361,7.47842901,284.73,13.54,0.00,241.90,0,-117.00,-14.00,0.00,0.00,23.00,0.00,0,252
189.62,1566794830,1913.56,51.43765361,7.47842901,284.73,13.54,0.00,241.90,0,-104.00,-12.00,0.00,0.00,37.00,0.00,0,457
189.62,1566794830,1913.56,51.43765361,7.47842901,284.73,13.54,0.00,241.90,0,-105.00,-13.00,0.00,0.00,37.00,0.00,0,292
190.62,1566794831,1927.06,51.43758872,7.47823856,285.50,13.82,0.00,241.63,0,-113.00,-11.00,0.00,0.00,24.00,0.00,0,70
190.62,1566794831,1927.09,51.43758872,7.47823856,285.50,13.82,0.00,241.63,0,-114.00,-12.00,0.00,0.00,23.00,0.00,0,326
190.62,1566794831,1927.09,51.43758872,7.47823856,285.50,13.82,0.00,241.63,0,-117.00,-14.00,0.00,0.00,23.00,0.00,0,252
190.62,1566794831,1927.10,51.43758872,7.47823856,285.50,13.82,0.00,241.63,0,-104.00,-12.00,0.00,0.00,37.00,0.00,0,457
190.63,1566794831,1927.12,51.43758872,7.47823856,285.50,13.82,0.00,241.63,0,-105.00,-13.00,0.00,0.00,37.00,0.00,0,292
191.62,1566794832,1940.84,51.43752135,7.47804041,286.25,14.00,0.00,242.40,0,-104.00,-11.00,0.00,0.00,36.00,0.00,0,457
191.62,1566794832,1940.85,51.43752135,7.47804041,286.25,14.00,0.00,242.40,0,-108.00,-15.00,0.00,0.00,36.00,0.00,0,106
192.62,1566794833,1954.86,51.43746335,7.47785445,286.83,13.53,0.00,243.82,0,-104.00,-11.00,0.00,0.00,36.00,0.00,0,457
192.62,1566794833,1954.88,51.43746335,7.47785445,286.83,13.53,0.00,243.82,0,-108.00,-15.00,0.00,0.00,36.00,0.00,0,106
193.62,1566794834,1968.41,51.43741258,7.47768900,286.89,12.86,0.00,244.62,0,-112.00,-10.00,0.00,0.00,23.00,0.00,0,70
193.62,1566794834,1968.42,51.43741258,7.47768900,286.89,12.86,0.00,244.62,0,-117.00,-13.00,0.00,0.00,22.00,0.00,0,326
193.62,1566794834,1968.42,51.43741258,7.47768900,286.89,12.86,0.00,244.62,0,-118.00,-13.00,0.00,0.00,20.00,0.00,0,228
194.62,1566794835,1981.26,51.43736345,7.47751548,287.04,12.86,0.00,245.43,0,-112.00,-10.00,0.00,0.00,23.00,0.00,0,70
194.62,1566794835,1981.28,51.43736345,7.47751548,287.04,12.86,0.00,245.43,0,-117.00,-13.00,0.00,0.00,22.00,0.00,0,326
194.62,1566794835,1981.28,51.43736345,7.47751548,287.04,12.86,0.00,245.43,0,-118.00,-13.00,0.00,0.00,20.00,0.00,0,228
195.62,1566794836,1994.11,51.43731581,7.47735100,287.09,13.30,0.00,244.94,0,-113.00,-10.00,0.00,0.00,22.00,0.00,0,70
195.62,1566794836,1994.12,51.43731581,7.47735100,287.09,13.30,0.00,244.94,0,-117.00,-13.00,0.00,0.00,21.00,0.00,0,326
196.62,1566794837,2007.38,51.43726223,7.47718013,286.94,13.09,0.00,244.43,0,-113.00,-10.00,0.00,0.00,22.00,0.00,0,70
196.62,1566794837,2007.40,51.43726223,7.47718013,286.94,13.09,0.00,244.43,0,-117.00,-13.00,0.00,0.00,21.00,0.00,0,326
197.62,1566794838,2020.51,51.43721003,7.47699976,286.95,12.90,0.00,245.04,0,-114.00,-11.00,0.00,0.00,22.00,0.00,0,70
197.62,1566794838,2020.52,51.43721003,7.47699976,286.95,12.90,0.00,245.04,0,-117.00,-13.00,0.00,0.00,22.00,0.00,0,326
197.62,1566794838,2020.54,51.43721003,7.47699976,286.95,12.90,0.00,245.04,0,-121.00,-16.00,0.00,0.00,21.00,0.00,0,405
198.62,1566794839,2033.41,51.43717186,7.47683234,286.69,12.53,0.00,248.92,0,-114.00,-11.00,0.00,0.00,22.00,0.00,0,70
198.62,1566794839,2033.42,51.43717186,7.47683234,286.69,12.53,0.00,248.92,0,-117.00,-13.00,0.00,0.00,22.00,0.00,0,326
198.62,1566794839,2033.44,51.43717186,7.47683234,286.69,12.53,0.00,248.92,0,-121.00,-16.00,0.00,0.00,21.00,0.00,0,405
199.62,1566794840,2045.93,51.43716511,7.47665119,286.44,12.29,0.00,265.77,0,-113.00,-10.00,0.00,0.00,22.00,0.00,0,70
199.62,1566794840,2045.94,51.43716511,7.47665119,286.44,12.29,0.00,265.77,0,-117.00,-14.00,0.00,0.00,22.00,0.00,0,326
200.62,1566794841,2058.22,51.43716639,7.47648495,286.01,10.52,0.00,269.74,0,-113.00,-10.00,0.00,0.00,22.00,0.00,0,70
200.62,1566794841,2058.23,51.43716639,7.47648495,286.01,10.52,0.00,269.74,0,-117.00,-14.00,0.00,0.00,22.00,0.00,0,326
203.03,1566794843,2080.33,51.43735805,7.47620250,285.28,9.12,0.00,350.69,0,-134.00,-22.00,0.00,0.00,16.00,0.00,0,54
204.03,1566794844,2089.46,51.43743378,7.47620334,285.22,8.84,0.00,12.58,0,-134.00,-22.00,0.00,0.00,16.00,0.00,0,54
205.04,1566794846,2098.39,51.43750157,7.47625679,285.27,9.55,0.00,36.39,0,-134.00,-22.00,0.00,0.00,16.00,0.00,0,54
206.03,1566794846,2107.86,51.43756662,7.47636366,284.61,10.18,0.00,49.58,0,-134.00,-22.00,0.00,0.00,16.00,0.00,0,54
207.03,1566794847,2118.04,51.43762634,7.47647652,284.18,11.64,0.00,51.16,0,-134.00,-22.00,0.00,0.00,16.00,0.00,0,54
245.03,1566794885,2920.10,51.44259921,7.48476035,277.12,21.93,0.00,25.28,0,-83.00,-12.00,0.00,0.00,56.00,0.00,0,324
246.05,1566794887,2942.43,51.44278093,7.48489363,276.72,21.85,0.00,24.62,0,-83.00,-12.00,0.00,0.00,56.00,0.00,0,324
247.04,1566794888,2964.05,51.44295881,7.48502323,276.29,21.59,0.00,23.69,0,-79.00,-8.00,0.00,0.00,56.00,0.00,0,324
248.03,1566794888,2985.47,51.44313622,7.48514449,275.78,21.60,0.00,22.99,0,-79.00,-8.00,0.00,0.00,56.00,0.00,0,324
249.03,1566794889,3007.07,51.44331570,7.48526673,275.29,21.51,0.00,22.85,0,-79.00,-8.00,0.00,0.00,56.00,0.00,0,324
250.03,1566794890,3028.60,51.44349430,7.48538757,274.84,21.20,0.00,22.76,0,-89.00,-14.00,0.00,0.00,50.00,0.00,0,326
251.03,1566794891,3049.79,51.44366175,7.48549937,274.43,19.87,0.00,22.64,0,-89.00,-14.00,0.00,0.00,50.00,0.00,0,326
289.04,1566794930,3629.10,51.44366552,7.48297142,262.92,25.06,0.00,267.63,0,-83.00,-9.00,0.00,0.00,53.00,0.00,0,326
290.03,1566794930,3653.93,51.44365904,7.48261889,263.02,24.68,0.00,267.60,0,-83.00,-9.00,0.00,0.00,53.00,0.00,0,326
291.03,1566794931,3678.63,51.44365318,7.48226472,263.00,24.28,0.00,266.92,0,-83.00,-9.00,0.00,0.00,53.00,0.00,0,326
292.03,1566794932,3702.89,51.44364163,7.48192076,262.94,23.89,0.00,266.55,0,-86.00,-9.00,0.00,0.00,49.00,0.00,0,326
293.03,1566794933,3726.80,51.44362863,7.48157953,262.90,23.55,0.00,266.09,0,-86.00,-9.00,0.00,0.00,49.00,0.00,0,326
294.03,1566794934,3750.35,51.44361555,7.48124401,262.84,23.27,0.00,265.74,0,-86.00,-8.00,0.00,0.00,48.00,0.00,0,326
295.03,1566794935,3773.61,51.44360336,7.48091845,262.68,22.95,0.00,265.61,0,-86.00,-8.00,0.00,0.00,48.00,0.00,0,326
296.03,1566794936,3796.59,51.44358748,7.48059624,262.42,22.86,0.00,265.15,0,-125.00,-15.00,0.00,0.00,18.00,0.00,0,52
296.03,1566794936,3796.61,51.44358748,7.48059624,262.42,22.86,0.00,265.15,0,-128.00,-17.00,0.00,0.00,18.00,0.00,0,223
296.04,1566794936,3796.63,51.44358748,7.48059624,262.42,22.86,0.00,265.15,0,-129.00,-17.00,0.00,0.00,17.00,0.00,0,133
297.03,1566794937,3819.45,51.44357037,7.48027104,262.09,22.90,0.00,264.80,0,-125.00,-15.00,0.00,0.00,18.00,0.00,0,52
297.03,1566794937,3819.47,51.44357037,7.48027104,262.09,22.90,0.00,264.80,0,-128.00,-17.00,0.00,0.00,18.00,0.00,0,223
297.04,1566794937,3819.49,51.44357037,7.48027104,262.09,22.90,0.00,264.80,0,-129.00,-17.00,0.00,0.00,17.00,0.00,0,133
298.03,1566794938,3842.32,51.44354546,7.47994608,261.68,23.15,0.00,263.09,0,-124.00,-13.00,0.00,0.00,19.00,0.00,0,52
298.03,1566794938,3842.35,51.44354546,7.47994608,261.68,23.15,0.00,263.09,0,-125.00,-14.00,0.00,0.00,19.00,0.00,0,223
299.03,1566794939,3865.47,51.44352062,7.47961529,261.11,23.15,0.00,262.26,0,-124.00,-13.00,0.00,0.00,19.00,0.00,0,52
299.03,1566794939,3865.50,51.44352062,7.47961529,261.11,23.15,0.00,262.26,0,-125.00,-14.00,0.00,0.00,19.00,0.00,0,223
300.03,1566794940,3888.62,51.44349223,7.47928200,260.56,23.63,0.00,261.92,0,-125.00,-15.00,0.00,0.00,19.00,0.00,0,223
300.03,1566794940,3888.65,51.44349223,7.47928200,260.56,23.63,0.00,261.92,0,-125.00,-14.00,0.00,0.00,19.00,0.00,0,52
301.03,1566794941,3912.26,51.44346211,7.47894352,260.17,23.97,0.00,262.27,0,-125.00,-15.00,0.00,0.00,19.00,0.00,0,223
301.03,1566794941,3912.28,51.44346211,7.47894352,260.17,23.97,0.00,262.27,0,-125.00,-14.00,0.00,0.00,19.00,0.00,0,52
302.03,1566794942,3936.16,51.44343411,7.47859584,259.87,24.62,0.00,262.94,0,-126.00,-16.00,0.00,0.00,19.00,0.00,0,223
302.03,1566794942,3936.16,51.44343411,7.47859584,259.87,24.62,0.00,262.94,0,-126.00,-15.00,0.00,0.00,19.00,0.00,0,52
303.03,1566794943,3960.85,51.44340587,7.47824407,259.46,25.17,0.00,263.00,0,-126.00,-16.00,0.00,0.00,19.00,0.00,0,223
303.03,1566794943,3960.88,51.44340587,7.47824407,259.46,25.17,0.00,263.00,0,-126.00,-15.00,0.00,0.00,19.00,0.00,0,52
315.03,1566794955,4298.28,51.44290163,7.47342881,253.34,30.43,0.00,258.80,0,-101.00,-7.00,0.00,0.00,31.00,0.00,0,342
316.03,1566794956,4328.68,51.44284658,7.47299592,252.81,30.95,0.00,258.98,0,-101.00,-7.00,0.00,0.00,31.00,0.00,0,342
317.03,1566794957,4359.69,51.44279104,7.47255186,252.25,31.50,0.00,258.92,0,-108.00,-9.00,0.00,0.00,26.00,0.00,0,342
317.03,1566794957,4359.72,51.44279104,7.47255186,252.25,31.50,0.00,258.92,0,-114.00,-14.00,0.00,0.00,25.00,0.00,0,144
318.03,1566794958,4391.19,51.44273325,7.47210638,251.50,32.11,0.00,257.65,0,-108.00,-9.00,0.00,0.00,26.00,0.00,0,342
318.03,1566794958,4391.19,51.44273325,7.47210638,251.50,32.11,0.00,257.65,0,-114.00,-14.00,0.00,0.00,25.00,0.00,0,144
319.03,1566794959,4423.26,51.44267042,7.47167377,250.35,32.93,0.00,257.14,0,-108.00,-9.00,0.00,0.00,27.00,0.00,0,342
319.03,1566794959,4423.30,51.44267042,7.47167377,250.35,32.93,0.00,257.14,0,-130.00,-19.00,0.00,0.00,17.00,0.00,0,223
320.03,1566794960,4456.23,51.44260603,7.47121601,249.16,33.61,0.00,256.95,0,-108.00,-9.00,0.00,0.00,27.00,0.00,0,342
320.03,1566794960,4456.23,51.44260603,7.47121601,249.16,33.61,0.00,256.95,0,-130.00,-19.00,0.00,0.00,17.00,0.00,0,223
321.03,1566794961,4489.81,51.44254193,7.47075760,247.69,34.11,0.00,256.60,0,-107.00,-8.00,0.00,0.00,27.00,0.00,0,342
321.03,1566794961,4489.84,51.44254193,7.47075760,247.69,34.11,0.00,256.60,0,-131.00,-19.00,0.00,0.00,17.00,0.00,0,223
322.03,1566794962,4523.95,51.44247815,7.47028858,246.38,34.62,0.00,257.92,0,-107.00,-8.00,0.00,0.00,27.00,0.00,0,342
322.03,1566794962,4523.95,51.44247815,7.47028858,246.38,34.62,0.00,257.92,0,-131.00,-19.00,0.00,0.00,17.00,0.00,0,223
323.03,1566794963,4558.57,51.44241471,7.46981103,245.28,34.29,0.00,257.66,0,-108.00,-9.00,0.00,0.00,26.00,0.00,0,342
323.03,1566794963,4558.60,51.44241471,7.46981103,245.28,34.29,0.00,257.66,0,-112.00,-11.00,0.00,0.00,25.00,0.00,0,144
323.03,1566794963,4558.60,51.44241471,7.46981103,245.28,34.29,0.00,257.66,0,-130.00,-19.00,0.00,0.00,17.00,0.00,0,223
324.03,1566794964,4592.69,51.44235529,7.46933818,244.19,34.21,0.00,258.16,0,-108.00,-9.00,0.00,0.00,26.00,0.00,0,342
324.03,1566794964,4592.69,51.44235529,7.46933818,244.19,34.21,0.00,258.16,0,-112.00,-11.00,0.00,0.00,25.00,0.00,0,144
324.03,1566794964,4592.72,51.44235529,7.46933818,244.19,34.21,0.00,258.16,0,-130.00,-19.00,0.00,0.00,17.00,0.00,0,223
327.03,1566794967,4696.30,51.44216284,7.46784957,241.22,34.92,0.00,259.05,0,-113.00,-11.00,0.00,0.00,23.00,0.00,0,326
327.03,1566794967,4696.34,51.44216284,7.46784957,241.22,34.92,0.00,259.05,0,-115.00,-12.00,0.00,0.00,23.00,0.00,0,342
327.04,1566794967,4696.37,51.44216284,7.46784957,241.22,34.92,0.00,259.05,0,-117.00,-13.00,0.00,0.00,22.00,0.00,0,144
328.04,1566794968,4731.29,51.44210055,7.46735083,240.32,34.87,0.00,259.06,0,-113.00,-11.00,0.00,0.00,23.00,0.00,0,326
328.04,1566794968,4731.33,51.44210055,7.46735083,240.32,34.87,0.00,259.06,0,-115.00,-12.00,0.00,0.00,23.00,0.00,0,342
328.04,1566794969,4731.36,51.44210055,7.46735083,240.32,34.87,0.00,259.06,0,-117.00,-13.00,0.00,0.00,22.00,0.00,0,144
329.03,1566794969,4766.03,51.44204697,7.46685766,239.82,34.87,0.00,259.94,0,-106.00,-12.00,0.00,0.00,31.00,0.00,0,337
330.03,1566794970,4800.93,51.44199411,7.46636662,239.38,34.87,0.00,260.52,0,-106.00,-12.00,0.00,0.00,31.00,0.00,0,337
331.04,1566794972,4836.01,51.44194032,7.46587364,238.98,34.77,0.00,260.85,0,-103.00,-12.00,0.00,0.00,35.00,0.00,0,337
332.03,1566794972,4870.57,51.44189179,7.46537901,238.62,34.83,0.00,261.03,0,-103.00,-12.00,0.00,0.00,35.00,0.00,0,337
333.03,1566794973,4905.40,51.44184325,7.46487762,238.19,34.82,0.00,261.63,0,-103.00,-12.00,0.00,0.00,35.00,0.00,0,337
334.03,1566794974,4940.25,51.44179278,7.46438153,237.53,34.58,0.00,261.64,0,-103.00,-11.00,0.00,0.00,33.00,0.00,0,337
334.03,1566794974,4940.29,51.44179278,7.46438153,237.53,34.58,0.00,261.64,0,-104.00,-13.00,0.00,0.00,34.00,0.00,0,58
334.04,1566794974,4940.32,51.44179278,7.46438153,237.53,34.58,0.00,261.64,0,-106.00,-16.00,0.00,0.00,35.00,0.00,0,344
335.03,1566794975,4974.83,51.44175128,7.46388871,236.82,34.49,0.00,262.48,0,-103.00,-11.00,0.00,0.00,33.00,0.00,0,337
335.03,1566794975,4974.87,51.44175128,7.46388871,236.82,34.49,0.00,262.48,0,-104.00,-13.00,0.00,0.00,34.00,0.00,0,58
335.04,1566794975,4974.90,51.44175128,7.46388871,236.82,34.49,0.00,262.48,0,-106.00,-16.00,0.00,0.00,35.00,0.00,0,344
336.03,1566794976,5009.32,51.44171218,7.46340621,236.33,34.45,0.00,263.16,0,-103.00,-13.00,0.00,0.00,35.00,0.00,0,344
336.03,1566794976,5009.35,51.44171218,7.46340621,236.33,34.45,0.00,263.16,0,-105.00,-12.00,0.00,0.00,32.00,0.00,0,337
336.04,1566794976,5009.39,51.44171218,7.46340621,236.33,34.45,0.00,263.16,0,-107.00,-15.00,0.00,0.00,33.00,0.00,0,58
337.03,1566794977,5043.77,51.44167989,7.46292069,235.99,34.53,0.00,263.73,0,-103.00,-13.00,0.00,0.00,35.00,0.00,0,344
337.03,1566794977,5043.81,51.44167989,7.46292069,235.99,34.53,0.00,263.73,0,-105.00,-12.00,0.00,0.00,32.00,0.00,0,337
337.03,1566794977,5043.81,51.44167989,7.46292069,235.99,34.53,0.00,263.73,0,-107.00,-15.00,0.00,0.00,33.00,0.00,0,58
338.03,1566794978,5078.27,51.44164939,7.46244056,235.57,34.00,0.00,264.53,0,-98.00,-10.00,0.00,0.00,37.00,0.00,0,344
338.03,1566794978,5078.30,51.44164939,7.46244056,235.57,34.00,0.00,264.53,0,-102.00,-11.00,0.00,0.00,34.00,0.00,0,337
339.03,1566794979,5112.13,51.44162454,7.46196901,235.11,33.61,0.00,264.87,0,-98.00,-10.00,0.00,0.00,37.00,0.00,0,344
339.03,1566794979,5112.13,51.44162454,7.46196901,235.11,33.61,0.00,264.87,0,-102.00,-11.00,0.00,0.00,34.00,0.00,0,337
340.03,1566794980,5145.93,51.44160252,7.46150516,234.96,32.75,0.00,265.59,0,-95.00,-10.00,0.00,0.00,40.00,0.00,0,344
340.03,1566794980,5145.93,51.44160252,7.46150516,234.96,32.75,0.00,265.59,0,-99.00,-11.00,0.00,0.00,39.00,0.00,0,337
340.04,1566794980,5145.96,51.44160252,7.46150516,234.96,32.75,0.00,265.59,0,-101.00,-14.00,0.00,0.00,39.00,0.00,0,144
341.03,1566794981,5178.64,51.44158102,7.46103203,234.78,32.80,0.00,265.85,0,-95.00,-10.00,0.00,0.00,40.00,0.00,0,344
341.03,1566794981,5178.68,51.44158102,7.46103203,234.78,32.80,0.00,265.85,0,-99.00,-11.00,0.00,0.00,39.00,0.00,0,337
341.03,1566794981,5178.68,51.44158102,7.46103203,234.78,32.80,0.00,265.85,0,-101.00,-14.00,0.00,0.00,39.00,0.00,0,144
342.03,1566794982,5211.45,51.44156942,7.46055964,234.14,32.71,0.00,266.92,0,-92.00,-10.00,0.00,0.00,43.00,0.00,0,344
342.03,1566794982,5211.45,51.44156942,7.46055964,234.14,32.71,0.00,266.92,0,-97.00,-10.00,0.00,0.00,39.00,0.00,0,337
343.03,1566794983,5244.12,51.44156087,7.46009295,233.88,32.55,0.00,267.43,0,-92.00,-10.00,0.00,0.00,43.00,0.00,0,344
343.03,1566794983,5244.15,51.44156087,7.46009295,233.88,32.55,0.00,267.43,0,-97.00,-10.00,0.00,0.00,39.00,0.00,0,337
346.03,1566794986,5341.30,51.44153735,7.45870578,233.72,32.07,0.00,268.43,0,-92.00,-9.00,0.00,0.00,43.00,0.00,0,144
346.03,1566794986,5341.33,51.44153735,7.45870578,233.72,32.07,0.00,268.43,0,-96.00,-15.00,0.00,0.00,44.00,0.00,0,342
346.03,1566794986,5341.33,51.44153735,7.45870578,233.72,32.07,0.00,268.43,0,-93.00,-6.00,0.00,0.00,40.00,0.00,0,144
347.03,1566794987,5373.37,51.44152982,7.45824377,233.51,31.82,0.00,269.09,0,-92.00,-9.00,0.00,0.00,43.00,0.00,0,144
347.03,1566794987,5373.40,51.44152982,7.45824377,233.51,31.82,0.00,269.09,0,-96.00,-15.00,0.00,0.00,44.00,0.00,0,342
347.04,1566794987,5373.43,51.44152982,7.45824377,233.51,31.82,0.00,269.09,0,-93.00,-6.00,0.00,0.00,40.00,0.00,0,144
348.03,1566794988,5405.16,51.44152889,7.45779694,233.51,31.25,0.00,269.38,0,-92.00,-9.00,0.00,0.00,43.00,0.00,0,144
348.03,1566794988,5405.19,51.44152889,7.45779694,233.51,31.25,0.00,269.38,0,-89.00,-6.00,0.00,0.00,44.00,0.00,0,144
349.03,1566794989,5436.25,51.44152795,7.45735207,233.51,30.72,0.00,269.36,0,-92.00,-9.00,0.00,0.00,43.00,0.00,0,144
349.03,1566794989,5436.25,51.44152795,7.45735207,233.51,30.72,0.00,269.36,0,-89.00,-6.00,0.00,0.00,44.00,0.00,0,144
352.04,1566794993,5527.98,51.44154120,7.45604247,233.16,30.37,0.00,271.06,0,-90.00,-10.00,0.00,0.00,46.00,0.00,0,344
353.03,1566794993,5558.11,51.44154394,7.45560252,232.67,30.22,0.00,271.46,0,-90.00,-10.00,0.00,0.00,46.00,0.00,0,344
354.03,1566794994,5588.33,51.44155382,7.45517320,232.20,30.28,0.00,271.93,0,-90.00,-10.00,0.00,0.00,46.00,0.00,0,344
361.03,1566795001,5802.09,51.44171803,7.45210195,230.94,30.76,0.00,276.13,0,-74.00,-7.00,0.00,0.00,58.00,0.00,0,144
362.03,1566795002,5832.84,51.44174803,7.45166419,230.75,30.61,0.00,276.49,0,-74.00,-7.00,0.00,0.00,58.00,0.00,0,144
388.03,1566795028,6618.92,51.44320801,7.44062946,220.19,31.17,0.00,287.81,0,-77.00,-5.00,0.00,0.00,53.00,0.00,0,146
389.03,1566795029,6650.09,51.44329191,7.44019942,219.37,31.16,0.00,288.46,0,-77.00,-5.00,0.00,0.00,53.00,0.00,0,146
415.04,1566795056,7471.72,51.44661087,7.42980728,201.15,31.42,0.00,309.26,0,-91.00,-7.00,0.00,0.00,46.00,0.00,0,70
416.03,1566795056,7502.95,51.44679695,7.42947220,199.74,31.14,0.00,311.73,0,-91.00,-7.00,0.00,0.00,46.00,0.00,0,70
417.03,1566795057,7534.09,51.44698750,7.42915572,198.42,30.96,0.00,313.01,0,-91.00,-7.00,0.00,0.00,46.00,0.00,0,70
420.03,1566795060,7626.47,51.44757984,7.42823173,194.59,30.13,0.00,316.40,0,-108.00,-9.00,0.00,0.00,28.00,0.00,0,70
421.03,1566795061,7656.63,51.44777834,7.42794577,193.44,29.83,0.00,317.52,0,-108.00,-9.00,0.00,0.00,28.00,0.00,0,70
428.03,1566795068,7866.61,51.44924153,7.42612479,183.81,30.74,0.00,326.04,0,-111.00,-9.00,0.00,0.00,24.00,0.00,0,70
429.03,1566795069,7897.36,51.44947178,7.42588842,182.46,30.18,0.00,327.43,0,-111.00,-9.00,0.00,0.00,24.00,0.00,0,70
430.03,1566795070,7927.50,51.44970532,7.42567530,181.12,29.94,0.00,329.83,0,-108.00,-9.00,0.00,0.00,26.00,0.00,0,70
431.03,1566795071,7957.47,51.44993790,7.42546547,180.04,29.79,0.00,330.28,0,-108.00,-9.00,0.00,0.00,26.00,0.00,0,70
432.03,1566795072,7987.28,51.45017623,7.42526565,179.00,29.69,0.00,331.89,0,-109.00,-9.00,0.00,0.00,26.00,0.00,0,70
432.03,1566795072,7987.31,51.45017623,7.42526565,179.00,29.69,0.00,331.89,0,-110.00,-11.00,0.00,0.00,26.00,0.00,0,58
432.04,1566795072,7987.34,51.45017623,7.42526565,179.00,29.69,0.00,331.89,0,-112.00,-13.00,0.00,0.00,27.00,0.00,0,69
433.03,1566795073,8016.97,51.45041608,7.42507023,177.90,29.61,0.00,332.88,0,-109.00,-9.00,0.00,0.00,26.00,0.00,0,70
433.03,1566795073,8017.00,51.45041608,7.42507023,177.90,29.61,0.00,332.88,0,-110.00,-11.00,0.00,0.00,26.00,0.00,0,58
433.04,1566795073,8017.03,51.45041608,7.42507023,177.90,29.61,0.00,332.88,0,-112.00,-13.00,0.00,0.00,27.00,0.00,0,69
434.04,1566795075,8046.70,51.45065798,7.42488863,176.65,29.23,0.00,334.48,0,-107.00,-11.00,0.00,0.00,29.00,0.00,0,58
434.04,1566795075,8046.72,51.45065798,7.42488863,176.65,29.23,0.00,334.48,0,-109.00,-12.00,0.00,0.00,29.00,0.00,0,70
434.04,1566795075,8046.75,51.45065798,7.42488863,176.65,29.23,0.00,334.48,0,-113.00,-16.00,0.00,0.00,29.00,0.00,0,397
434.04,1566795075,8046.75,51.45065798,7.42488863,176.65,29.23,0.00,334.48,0,-122.00,-13.00,0.00,0.00,20.00,0.00,0,206
434.04,1566795075,8046.78,51.45065798,7.42488863,176.65,29.23,0.00,334.48,0,-123.00,-14.00,0.00,0.00,20.00,0.00,0,376
434.04,1566795075,8046.81,51.45065798,7.42488863,176.65,29.23,0.00,334.48,0,0.00,0.00,0.00,0.00,63.00,0.00,0,305
434.04,1566795075,8046.81,51.45065798,7.42488863,176.65,29.23,0.00,334.48,0,0.00,0.00,0.00,0.00,63.00,0.00,0,27
434.04,1566795075,8046.84,51.45065798,7.42488863,176.65,29.23,0.00,334.48,0,0.00,0.00,0.00,0.00,63.00,0.00,0,61
434.04,1566795075,8046.87,51.45065798,7.42488863,176.65,29.23,0.00,334.48,0,0.00,0.00,0.00,0.00,63.00,0.00,0,24
435.04,1566795075,8075.89,51.45089588,7.42471418,175.30,29.45,0.00,335.52,0,-107.00,-11.00,0.00,0.00,29.00,0.00,0,58
435.04,1566795076,8075.92,51.45089588,7.42471418,175.30,29.45,0.00,335.52,0,-109.00,-12.00,0.00,0.00,29.00,0.00,0,70
435.04,1566795076,8075.95,51.45089588,7.42471418,175.30,29.45,0.00,335.52,0,-113.00,-16.00,0.00,0.00,29.00,0.00,0,397
435.04,1566795076,8075.95,51.45089588,7.42471418,175.30,29.45,0.00,335.52,0,-122.00,-13.00,0.00,0.00,20.00,0.00,0,206
435.04,1566795076,8075.98,51.45089588,7.42471418,175.30,29.45,0.00,335.52,0,-123.00,-14.00,0.00,0.00,20.00,0.00,0,376
435.04,1566795076,8076.01,51.45089588,7.42471418,175.30,29.45,0.00,335.52,0,0.00,0.00,0.00,0.00,63.00,0.00,0,305
435.04,1566795076,8076.04,51.45089588,7.42471418,175.30,29.45,0.00,335.52,0,0.00,0.00,0.00,0.00,63.00,0.00,0,27
435.04,1566795076,8076.07,51.45089588,7.42471418,175.30,29.45,0.00,335.52,0,0.00,0.00,0.00,0.00,63.00,0.00,0,61
435.04,1566795076,8076.10,51.45089588,7.42471418,175.30,29.45,0.00,335.52,0,0.00,0.00,0.00,0.00,63.00,0.00,0,24
436.04,1566795077,8105.52,51.45113248,7.42454362,174.15,29.37,0.00,336.44,0,-107.00,-14.00,0.00,0.00,32.00,0.00,0,338
436.04,1566795077,8105.55,51.45113248,7.42454362,174.15,29.37,0.00,336.44,0,-109.00,-17.00,0.00,0.00,33.00,0.00,0,350
436.04,1566795077,8105.55,51.45113248,7.42454362,174.15,29.37,0.00,336.44,0,-107.00,-14.00,0.00,0.00,33.00,0.00,0,376
437.03,1566795077,8134.62,51.45137539,7.42438340,172.91,29.45,0.00,337.40,0,-107.00,-14.00,0.00,0.00,32.00,0.00,0,338
437.03,1566795077,8134.65,51.45137539,7.42438340,172.91,29.45,0.00,337.40,0,-109.00,-17.00,0.00,0.00,33.00,0.00,0,350
437.03,1566795077,8134.65,51.45137539,7.42438340,172.91,29.45,0.00,337.40,0,-107.00,-14.00,0.00,0.00,33.00,0.00,0,376
438.03,1566795078,8164.07,51.45161428,7.42423722,171.40,29.10,0.00,338.97,0,-107.00,-14.00,0.00,0.00,32.00,0.00,0,338
438.03,1566795078,8164.10,51.45161428,7.42423722,171.40,29.10,0.00,338.97,0,-109.00,-17.00,0.00,0.00,33.00,0.00,0,350
438.03,1566795078,8164.10,51.45161428,7.42423722,171.40,29.10,0.00,338.97,0,-107.00,-14.00,0.00,0.00,33.00,0.00,0,376
439.03,1566795079,8193.16,51.45185233,7.42410831,170.08,28.90,0.00,340.92,0,-104.00,-12.00,0.00,0.00,34.00,0.00,0,338
439.03,1566795079,8193.19,51.45185233,7.42410831,170.08,28.90,0.00,340.92,0,-106.00,-14.00,0.00,0.00,35.00,0.00,0,350
439.04,1566795079,8193.22,51.45185233,7.42410831,170.08,28.90,0.00,340.92,0,-105.00,-12.00,0.00,0.00,33.00,0.00,0,376
440.03,1566795080,8222.07,51.45209480,7.42397810,168.49,29.06,0.00,341.40,0,-104.00,-12.00,0.00,0.00,34.00,0.00,0,338
440.03,1566795080,8222.10,51.45209480,7.42397810,168.49,29.06,0.00,341.40,0,-106.00,-14.00,0.00,0.00,35.00,0.00,0,350
440.04,1566795080,8222.13,51.45209480,7.42397810,168.49,29.06,0.00,341.40,0,-105.00,-12.00,0.00,0.00,33.00,0.00,0,376
441.03,1566795081,8251.13,51.45234075,7.42385915,166.96,29.19,0.00,341.46,0,-100.00,-10.00,0.00,0.00,35.00,0.00,0,338
441.03,1566795081,8251.16,51.45234075,7.42385915,166.96,29.19,0.00,341.46,0,-105.00,-14.00,0.00,0.00,35.00,0.00,0,376
441.04,1566795081,8251.19,51.45234075,7.42385915,166.96,29.19,0.00,341.46,0,-105.00,-15.00,0.00,0.00,35.00,0.00,0,350
442.03,1566795082,8280.35,51.45259412,7.42373617,165.37,30.02,0.00,342.18,0,-100.00,-10.00,0.00,0.00,35.00,0.00,0,338
442.03,1566795082,8280.35,51.45259412,7.42373617,165.37,30.02,0.00,342.18,0,-105.00,-14.00,0.00,0.00,35.00,0.00,0,376
442.04,1566795082,8280.38,51.45259412,7.42373617,165.37,30.02,0.00,342.18,0,-105.00,-15.00,0.00,0.00,35.00,0.00,0,350
443.03,1566795083,8310.33,51.45284941,7.42361110,164.06,30.01,0.00,342.71,0,-98.00,-9.00,0.00,0.00,37.00,0.00,0,338
443.03,1566795083,8310.36,51.45284941,7.42361110,164.06,30.01,0.00,342.71,0,-104.00,-14.00,0.00,0.00,35.00,0.00,0,277
443.03,1566795083,8310.36,51.45284941,7.42361110,164.06,30.01,0.00,342.71,0,-105.00,-15.00,0.00,0.00,35.00,0.00,0,376
444.03,1566795084,8340.34,51.45310353,7.42348949,162.77,29.73,0.00,343.01,0,-98.00,-9.00,0.00,0.00,37.00,0.00,0,338
444.03,1566795084,8340.37,51.45310353,7.42348949,162.77,29.73,0.00,343.01,0,-104.00,-14.00,0.00,0.00,35.00,0.00,0,277
444.04,1566795084,8340.40,51.45310353,7.42348949,162.77,29.73,0.00,343.01,0,-105.00,-15.00,0.00,0.00,35.00,0.00,0,376
447.03,1566795087,8428.86,51.45386630,7.42314380,159.84,29.53,0.00,343.79,0,-92.00,-7.00,0.00,0.00,42.00,0.00,0,70
447.03,1566795087,8428.86,51.45386630,7.42314380,159.84,29.53,0.00,343.79,0,-79.00,-7.00,0.00,0.00,57.00,0.00,0,70
448.03,1566795088,8458.39,51.45412038,7.42303037,159.04,29.13,0.00,343.79,0,-92.00,-7.00,0.00,0.00,42.00,0.00,0,70
448.03,1566795088,8458.39,51.45412038,7.42303037,159.04,29.13,0.00,343.79,0,-79.00,-7.00,0.00,0.00,57.00,0.00,0,70
453.03,1566795093,8603.17,51.45537410,7.42245873,155.99,28.66,0.00,342.79,0,-80.00,-8.00,0.00,0.00,57.00,0.00,0,70
454.03,1566795094,8631.83,51.45562451,7.42233055,155.38,28.55,0.00,341.99,0,-80.00,-8.00,0.00,0.00,57.00,0.00,0,70
455.03,1566795095,8660.33,51.45586725,7.42220440,154.74,28.32,0.00,341.52,0,-89.00,-10.00,0.00,0.00,48.00,0.00,0,70
455.03,1566795095,8660.36,51.45586725,7.42220440,154.74,28.32,0.00,341.52,0,-73.00,-7.00,0.00,0.00,62.00,0.00,0,70
456.03,1566795096,8688.70,51.45610717,7.42206879,154.18,28.13,0.00,340.75,0,-89.00,-10.00,0.00,0.00,48.00,0.00,0,70
456.03,1566795096,8688.73,51.45610717,7.42206879,154.18,28.13,0.00,340.75,0,-73.00,-7.00,0.00,0.00,62.00,0.00,0,70
457.04,1566795098,8717.06,51.45634616,7.42192865,153.67,28.30,0.00,339.65,0,-92.00,-10.00,0.00,0.00,44.00,0.00,0,70
457.04,1566795098,8717.06,51.45634616,7.42192865,153.67,28.30,0.00,339.65,0,-75.00,-6.00,0.00,0.00,60.00,0.00,0,70
458.03,1566795098,8745.13,51.45658484,7.42178661,153.21,28.49,0.00,338.95,0,-92.00,-10.00,0.00,0.00,44.00,0.00,0,70
458.03,1566795098,8745.16,51.45658484,7.42178661,153.21,28.49,0.00,338.95,0,-75.00,-6.00,0.00,0.00,60.00,0.00,0,70
459.03,1566795099,8773.62,51.45682600,7.42163416,152.68,28.85,0.00,338.15,0,-92.00,-10.00,0.00,0.00,44.00,0.00,0,70
459.03,1566795099,8773.65,51.45682600,7.42163416,152.68,28.85,0.00,338.15,0,-75.00,-6.00,0.00,0.00,60.00,0.00,0,70
460.03,1566795100,8802.50,51.45706943,7.42147898,152.15,28.87,0.00,337.56,0,-96.00,-12.00,0.00,0.00,42.00,0.00,0,338
460.03,1566795100,8802.53,51.45706943,7.42147898,152.15,28.87,0.00,337.56,0,-98.00,-12.00,0.00,0.00,41.00,0.00,0,459
461.03,1566795101,8831.34,51.45730784,7.42131316,151.59,28.40,0.00,336.22,0,-96.00,-12.00,0.00,0.00,42.00,0.00,0,338
461.03,1566795101,8831.37,51.45730784,7.42131316,151.59,28.40,0.00,336.22,0,-98.00,-12.00,0.00,0.00,41.00,0.00,0,459
462.03,1566795102,8859.71,51.45754181,7.42114941,151.14,27.72,0.00,335.74,0,-88.00,-8.00,0.00,0.00,47.00,0.00,0,338
463.03,1566795103,8887.42,51.45776828,7.42097904,150.83,26.73,0.00,335.01,0,-88.00,-8.00,0.00,0.00,47.00,0.00,0,338
464.03,1566795104,8914.20,51.45798345,7.42081726,150.62,25.93,0.00,334.25,0,-87.00,-8.00,0.00,0.00,47.00,0.00,0,338
464.03,1566795104,8914.23,51.45798345,7.42081726,150.62,25.93,0.00,334.25,0,-83.00,-11.00,0.00,0.00,57.00,0.00,0,338
464.04,1566795104,8914.26,51.45798345,7.42081726,150.62,25.93,0.00,334.25,0,-86.00,-12.00,0.00,0.00,56.00,0.00,0,69
465.03,1566795105,8940.14,51.45819621,7.42064929,150.67,25.60,0.00,333.53,0,-87.00,-8.00,0.00,0.00,47.00,0.00,0,338
465.03,1566795105,8940.16,51.45819621,7.42064929,150.67,25.60,0.00,333.53,0,-83.00,-11.00,0.00,0.00,57.00,0.00,0,338
465.04,1566795105,8940.19,51.45819621,7.42064929,150.67,25.60,0.00,333.53,0,-86.00,-12.00,0.00,0.00,56.00,0.00,0,69
466.03,1566795106,8965.71,51.45840287,7.42049040,150.63,25.22,0.00,332.72,0,-82.00,-10.00,0.00,0.00,57.00,0.00,0,70
466.03,1566795106,8965.74,51.45840287,7.42049040,150.63,25.22,0.00,332.72,0,-84.00,-12.00,0.00,0.00,58.00,0.00,0,69
467.03,1566795107,8990.96,51.45860133,7.42032158,150.43,24.87,0.00,331.80,0,-82.00,-10.00,0.00,0.00,57.00,0.00,0,70
467.03,1566795107,8990.98,51.45860133,7.42032158,150.43,24.87,0.00,331.80,0,-84.00,-12.00,0.00,0.00,58.00,0.00,0,69
468.03,1566795108,9015.83,51.45879583,7.42015571,150.23,24.49,0.00,331.21,0,-91.00,-9.00,0.00,0.00,44.00,0.00,0,69
468.03,1566795108,9015.85,51.45879583,7.42015571,150.23,24.49,0.00,331.21,0,-93.00,-10.00,0.00,0.00,44.00,0.00,0,70
468.04,1566795108,9015.88,51.45879583,7.42015571,150.23,24.49,0.00,331.21,0,-78.00,-7.00,0.00,0.00,58.00,0.00,0,69
468.04,1566795108,9015.88,51.45879583,7.42015571,150.23,24.49,0.00,331.21,0,-83.00,-12.00,0.00,0.00,58.00,0.00,0,70
469.03,1566795109,9040.34,51.45898252,7.41998678,150.11,24.25,0.00,330.66,0,-91.00,-9.00,0.00,0.00,44.00,0.00,0,69
469.04,1566795109,9040.37,51.45898252,7.41998678,150.11,24.25,0.00,330.66,0,-93.00,-10.00,0.00,0.00,44.00,0.00,0,70
469.04,1566795109,9040.37,51.45898252,7.41998678,150.11,24.25,0.00,330.66,0,-78.00,-7.00,0.00,0.00,58.00,0.00,0,69
469.04,1566795109,9040.39,51.45898252,7.41998678,150.11,24.25,0.00,330.66,0,-83.00,-12.00,0.00,0.00,58.00,0.00,0,70
470.03,1566795110,9064.59,51.45917872,7.41980701,150.25,24.40,0.00,330.03,0,-89.00,-9.00,0.00,0.00,46.00,0.00,0,69
470.04,1566795110,9064.61,51.45917872,7.41980701,150.25,24.40,0.00,330.03,0,-96.00,-12.00,0.00,0.00,41.00,0.00,0,93
470.04,1566795110,9064.64,51.45917872,7.41980701,150.25,24.40,0.00,330.03,0,-80.00,-8.00,0.00,0.00,58.00,0.00,0,69
470.04,1566795110,9064.64,51.45917872,7.41980701,150.25,24.40,0.00,330.03,0,-82.00,-11.00,0.00,0.00,58.00,0.00,0,70
471.03,1566795111,9088.99,51.45936918,7.41962850,150.64,24.60,0.00,329.44,0,-89.00,-9.00,0.00,0.00,46.00,0.00,0,69
471.03,1566795111,9088.99,51.45936918,7.41962850,150.64,24.60,0.00,329.44,0,-96.00,-12.00,0.00,0.00,41.00,0.00,0,93
471.04,1566795111,9089.02,51.45936918,7.41962850,150.64,24.60,0.00,329.44,0,-80.00,-8.00,0.00,0.00,58.00,0.00,0,69
471.04,1566795111,9089.04,51.45936918,7.41962850,150.64,24.60,0.00,329.44,0,-82.00,-11.00,0.00,0.00,58.00,0.00,0,70
472.03,1566795112,9113.54,51.45955348,7.41945203,151.36,24.86,0.00,328.34,0,-91.00,-11.00,0.00,0.00,46.00,0.00,0,338
473.03,1566795113,9138.37,51.45975126,7.41925921,151.80,25.28,0.00,327.88,0,-91.00,-11.00,0.00,0.00,46.00,0.00,0,338
476.03,1566795116,9215.79,51.46033879,7.41864432,152.62,27.11,0.00,325.72,0,-84.00,-7.00,0.00,0.00,49.00,0.00,0,338
477.03,1566795117,9242.92,51.46053730,7.41842526,153.06,27.76,0.00,325.50,0,-84.00,-7.00,0.00,0.00,49.00,0.00,0,338
478.04,1566795119,9270.91,51.46074333,7.41818329,153.63,28.79,0.00,324.16,0,-91.00,-9.00,0.00,0.00,43.00,0.00,0,69
478.04,1566795119,9270.91,51.46074333,7.41818329,153.63,28.79,0.00,324.16,0,-82.00,-8.00,0.00,0.00,55.00,0.00,0,69
479.03,1566795119,9299.50,51.46095310,7.41792421,154.10,29.46,0.00,323.16,0,-91.00,-9.00,0.00,0.00,43.00,0.00,0,69
479.03,1566795119,9299.53,51.46095310,7.41792421,154.10,29.46,0.00,323.16,0,-82.00,-8.00,0.00,0.00,55.00,0.00,0,69
480.03,1566795120,9328.93,51.46116769,7.41766333,154.50,30.04,0.00,322.23,0,-91.00,-9.00,0.00,0.00,43.00,0.00,0,69
480.03,1566795120,9328.96,51.46116769,7.41766333,154.50,30.04,0.00,322.23,0,-82.00,-8.00,0.00,0.00,55.00,0.00,0,69
487.03,1566795127,9549.12,51.46268080,7.41554500,156.14,32.68,0.00,316.07,0,-88.00,-11.00,0.00,0.00,49.00,0.00,0,93
488.03,1566795128,9581.76,51.46289327,7.41521220,156.63,32.66,0.00,315.28,0,-88.00,-11.00,0.00,0.00,49.00,0.00,0,93
491.03,1566795131,9680.27,51.46349862,7.41420428,156.37,32.65,0.00,312.26,0,-93.00,-11.00,0.00,0.00,43.00,0.00,0,338
491.04,1566795131,9680.30,51.46349862,7.41420428,156.37,32.65,0.00,312.26,0,-95.00,-12.00,0.00,0.00,43.00,0.00,0,459
492.03,1566795132,9712.82,51.46369661,7.41385996,156.14,32.54,0.00,311.79,0,-93.00,-11.00,0.00,0.00,43.00,0.00,0,338
492.03,1566795132,9712.86,51.46369661,7.41385996,156.14,32.54,0.00,311.79,0,-95.00,-12.00,0.00,0.00,43.00,0.00,0,459
497.03,1566795137,9876.58,51.46464162,7.41205604,154.69,33.44,0.00,308.59,0,-95.00,-8.00,0.00,0.00,39.00,0.00,0,93
497.03,1566795137,9876.62,51.46464162,7.41205604,154.69,33.44,0.00,308.59,0,-97.00,-10.00,0.00,0.00,39.00,0.00,0,69
497.04,1566795137,9876.65,51.46464162,7.41205604,154.69,33.44,0.00,308.59,0,-101.00,-12.00,0.00,0.00,38.00,0.00,0,338
497.04,1566795137,9876.65,51.46464162,7.41205604,154.69,33.44,0.00,308.59,0,-87.00,-8.00,0.00,0.00,51.00,0.00,0,69
498.03,1566795138,9910.05,51.46483073,7.41168213,154.54,33.65,0.00,308.46,0,-95.00,-8.00,0.00,0.00,39.00,0.00,0,93
498.03,1566795138,9910.05,51.46483073,7.41168213,154.54,33.65,0.00,308.46,0,-97.00,-10.00,0.00,0.00,39.00,0.00,0,69
498.04,1566795138,9910.09,51.46483073,7.41168213,154.54,33.65,0.00,308.46,0,-101.00,-12.00,0.00,0.00,38.00,0.00,0,338
498.04,1566795138,9910.12,51.46483073,7.41168213,154.54,33.65,0.00,308.46,0,-87.00,-8.00,0.00,0.00,51.00,0.00,0,69
499.04,1566795140,9943.87,51.46502253,7.41130236,154.44,33.96,0.00,308.50,0,-101.00,-12.00,0.00,0.00,38.00,0.00,0,93
500.03,1566795140,9977.59,51.46521563,7.41091891,154.41,34.25,0.00,308.54,0,-101.00,-12.00,0.00,0.00,38.00,0.00,0,93
501.03,1566795141,10011.84,51.46540746,7.41053126,154.24,34.53,0.00,308.15,0,-101.00,-12.00,0.00,0.00,38.00,0.00,0,93
502.03,1566795142,10046.41,51.46560191,7.41013783,154.15,34.81,0.00,307.96,0,-104.00,-10.00,0.00,0.00,32.00,0.00,0,376
502.03,1566795142,10046.44,51.46560191,7.41013783,154.15,34.81,0.00,307.96,0,-107.00,-12.00,0.00,0.00,30.00,0.00,0,93
502.04,1566795142,10046.48,51.46560191,7.41013783,154.15,34.81,0.00,307.96,0,-109.00,-15.00,0.00,0.00,31.00,0.00,0,149
503.03,1566795143,10081.22,51.46579744,7.40974057,154.10,35.01,0.00,308.00,0,-104.00,-10.00,0.00,0.00,32.00,0.00,0,376
503.03,1566795143,10081.25,51.46579744,7.40974057,154.10,35.01,0.00,308.00,0,-107.00,-12.00,0.00,0.00,30.00,0.00,0,93
503.04,1566795143,10081.29,51.46579744,7.40974057,154.10,35.01,0.00,308.00,0,-109.00,-15.00,0.00,0.00,31.00,0.00,0,149
504.03,1566795144,10116.19,51.46599468,7.40934197,154.15,35.26,0.00,308.33,0,-100.00,-9.00,0.00,0.00,35.00,0.00,0,149
504.03,1566795144,10116.23,51.46599468,7.40934197,154.15,35.26,0.00,308.33,0,-106.00,-13.00,0.00,0.00,33.00,0.00,0,459
505.03,1566795145,10151.45,51.46619020,7.40894223,154.12,35.32,0.00,308.41,0,-100.00,-9.00,0.00,0.00,35.00,0.00,0,149
505.03,1566795145,10151.49,51.46619020,7.40894223,154.12,35.32,0.00,308.41,0,-106.00,-13.00,0.00,0.00,33.00,0.00,0,459
506.03,1566795146,10186.80,51.46638385,7.40854281,153.89,35.04,0.00,308.91,0,-101.00,-13.00,0.00,0.00,38.00,0.00,0,459
506.03,1566795146,10186.84,51.46638385,7.40854281,153.89,35.04,0.00,308.91,0,-101.00,-13.00,0.00,0.00,37.00,0.00,0,149
506.03,1566795146,10186.84,51.46638385,7.40854281,153.89,35.04,0.00,308.91,0,-91.00,-8.00,0.00,0.00,47.00,0.00,0,459
507.03,1566795147,10221.84,51.46657166,7.40815339,153.49,34.03,0.00,309.06,0,-101.00,-13.00,0.00,0.00,38.00,0.00,0,459
507.03,1566795147,10221.87,51.46657166,7.40815339,153.49,34.03,0.00,309.06,0,-101.00,-13.00,0.00,0.00,37.00,0.00,0,149
507.04,1566795147,10221.90,51.46657166,7.40815339,153.49,34.03,0.00,309.06,0,-91.00,-8.00,0.00,0.00,47.00,0.00,0,459
510.03,1566795150,10323.28,51.46712954,7.40702063,153.14,33.32,0.00,309.61,0,-94.00,-9.00,0.00,0.00,40.00,0.00,0,93
510.04,1566795150,10323.31,51.46712954,7.40702063,153.14,33.32,0.00,309.61,0,-96.00,-11.00,0.00,0.00,40.00,0.00,0,376
510.04,1566795150,10323.31,51.46712954,7.40702063,153.14,33.32,0.00,309.61,0,-89.00,-10.00,0.00,0.00,51.00,0.00,0,276
510.04,1566795150,10323.34,51.46712954,7.40702063,153.14,33.32,0.00,309.61,0,-92.00,-14.00,0.00,0.00,52.00,0.00,0,206
511.03,1566795151,10356.57,51.46731614,7.40665408,153.20,32.64,0.00,309.83,0,-94.00,-9.00,0.00,0.00,40.00,0.00,0,93
511.03,1566795151,10356.60,51.46731614,7.40665408,153.20,32.64,0.00,309.83,0,-96.00,-11.00,0.00,0.00,40.00,0.00,0,376
511.04,1566795151,10356.63,51.46731614,7.40665408,153.20,32.64,0.00,309.83,0,-89.00,-10.00,0.00,0.00,51.00,0.00,0,276
511.04,1566795151,10356.63,51.46731614,7.40665408,153.20,32.64,0.00,309.83,0,-92.00,-14.00,0.00,0.00,52.00,0.00,0,206
514.03,1566795154,10451.48,51.46785955,7.40561632,153.89,30.38,0.00,311.18,0,-92.00,-10.00,0.00,0.00,43.00,0.00,0,93
514.03,1566795154,10451.51,51.46785955,7.40561632,153.89,30.38,0.00,311.18,0,-89.00,-13.00,0.00,0.00,54.00,0.00,0,206
515.03,1566795155,10481.79,51.46803723,7.40528323,154.26,30.49,0.00,311.47,0,-92.00,-10.00,0.00,0.00,43.00,0.00,0,93
515.03,1566795155,10481.82,51.46803723,7.40528323,154.26,30.49,0.00,311.47,0,-89.00,-13.00,0.00,0.00,54.00,0.00,0,206
516.03,1566795156,10512.38,51.46822594,7.40495476,154.68,30.74,0.00,312.58,0,-100.00,-12.00,0.00,0.00,37.00,0.00,0,338
516.03,1566795156,10512.41,51.46822594,7.40495476,154.68,30.74,0.00,312.58,0,-100.00,-13.00,0.00,0.00,38.00,0.00,0,69
516.03,1566795156,10512.44,51.46822594,7.40495476,154.68,30.74,0.00,312.58,0,-101.00,-13.00,0.00,0.00,38.00,0.00,0,376
517.03,1566795157,10543.12,51.46841338,7.40462675,155.01,30.76,0.00,312.05,0,-100.00,-12.00,0.00,0.00,37.00,0.00,0,338
517.03,1566795157,10543.15,51.46841338,7.40462675,155.01,30.76,0.00,312.05,0,-100.00,-13.00,0.00,0.00,38.00,0.00,0,69
517.03,1566795157,10543.18,51.46841338,7.40462675,155.01,30.76,0.00,312.05,0,-101.00,-13.00,0.00,0.00,38.00,0.00,0,376
518.03,1566795158,10573.87,51.46860224,7.40429670,155.65,31.05,0.00,312.52,0,-104.00,-13.00,0.00,0.00,35.00,0.00,0,459
518.03,1566795158,10573.91,51.46860224,7.40429670,155.65,31.05,0.00,312.52,0,-104.00,-14.00,0.00,0.00,35.00,0.00,0,69
518.03,1566795158,10573.94,51.46860224,7.40429670,155.65,31.05,0.00,312.52,0,-105.00,-14.00,0.00,0.00,35.00,0.00,0,338
519.03,1566795159,10604.92,51.46879475,7.40396083,156.65,31.27,0.00,312.62,0,-104.00,-13.00,0.00,0.00,35.00,0.00,0,459
519.03,1566795159,10604.92,51.46879475,7.40396083,156.65,31.27,0.00,312.62,0,-104.00,-14.00,0.00,0.00,35.00,0.00,0,69
519.03,1566795159,10604.95,51.46879475,7.40396083,156.65,31.27,0.00,312.62,0,-105.00,-14.00,0.00,0.00,35.00,0.00,0,338
520.04,1566795161,10636.44,51.46898726,7.40362462,157.51,31.49,0.00,312.67,0,-98.00,-8.00,0.00,0.00,36.00,0.00,0,459
520.04,1566795161,10636.47,51.46898726,7.40362462,157.51,31.49,0.00,312.67,0,-96.00,-12.00,0.00,0.00,45.00,0.00,0,459
520.04,1566795161,10636.50,51.46898726,7.40362462,157.51,31.49,0.00,312.67,0,-98.00,-13.00,0.00,0.00,45.00,0.00,0,206
521.03,1566795161,10667.68,51.46917390,7.40329320,158.16,31.59,0.00,313.30,0,-98.00,-8.00,0.00,0.00,36.00,0.00,0,459
521.03,1566795161,10667.71,51.46917390,7.40329320,158.16,31.59,0.00,313.30,0,-96.00,-12.00,0.00,0.00,45.00,0.00,0,459
521.03,1566795161,10667.71,51.46917390,7.40329320,158.16,31.59,0.00,313.30,0,-98.00,-13.00,0.00,0.00,45.00,0.00,0,206
522.03,1566795162,10699.27,51.46936275,7.40297090,158.45,31.87,0.00,313.82,0,-98.00,-8.00,0.00,0.00,36.00,0.00,0,459
522.03,1566795162,10699.27,51.46936275,7.40297090,158.45,31.87,0.00,313.82,0,-96.00,-12.00,0.00,0.00,45.00,0.00,0,459
522.03,1566795162,10699.30,51.46936275,7.40297090,158.45,31.87,0.00,313.82,0,-98.00,-13.00,0.00,0.00,45.00,0.00,0,206
523.03,1566795163,10731.17,51.46956373,7.40263237,158.82,31.86,0.00,314.37,0,-102.00,-10.00,0.00,0.00,37.00,0.00,0,146
523.03,1566795163,10731.21,51.46956373,7.40263237,158.82,31.86,0.00,314.37,0,-107.00,-17.00,0.00,0.00,37.00,0.00,0,276
523.04,1566795163,10731.24,51.46956373,7.40263237,158.82,31.86,0.00,314.37,0,-107.00,-20.00,0.00,0.00,39.00,0.00,0,206
523.04,1566795163,10731.24,51.46956373,7.40263237,158.82,31.86,0.00,314.37,0,-101.00,-14.00,0.00,0.00,41.00,0.00,0,69
523.04,1566795164,10731.27,51.46956373,7.40263237,158.82,31.86,0.00,314.37,0,-101.00,-12.00,0.00,0.00,41.00,0.00,0,206
524.03,1566795164,10763.06,51.46975916,7.40230314,158.98,32.12,0.00,314.47,0,-102.00,-10.00,0.00,0.00,37.00,0.00,0,146
524.04,1566795164,10763.10,51.46975916,7.40230314,158.98,32.12,0.00,314.47,0,-107.00,-17.00,0.00,0.00,37.00,0.00,0,276
524.04,1566795165,10763.13,51.46975916,7.40230314,158.98,32.12,0.00,314.47,0,-107.00,-20.00,0.00,0.00,39.00,0.00,0,206
524.04,1566795165,10763.13,51.46975916,7.40230314,158.98,32.12,0.00,314.47,0,-101.00,-14.00,0.00,0.00,41.00,0.00,0,69
524.04,1566795165,10763.16,51.46975916,7.40230314,158.98,32.12,0.00,314.47,0,-101.00,-12.00,0.00,0.00,41.00,0.00,0,206
525.03,1566795165,10795.12,51.46996694,7.40196890,159.20,32.77,0.00,315.04,0,-102.00,-11.00,0.00,0.00,35.00,0.00,0,149
525.03,1566795165,10795.12,51.46996694,7.40196890,159.20,32.77,0.00,315.04,0,-97.00,-10.00,0.00,0.00,43.00,0.00,0,206
525.03,1566795165,10795.15,51.46996694,7.40196890,159.20,32.77,0.00,315.04,0,-103.00,-16.00,0.00,0.00,42.00,0.00,0,459
526.03,1566795166,10827.86,51.47017607,7.40163171,159.34,32.78,0.00,315.34,0,-102.00,-11.00,0.00,0.00,35.00,0.00,0,149
526.03,1566795166,10827.89,51.47017607,7.40163171,159.34,32.78,0.00,315.34,0,-97.00,-10.00,0.00,0.00,43.00,0.00,0,206
526.03,1566795166,10827.92,51.47017607,7.40163171,159.34,32.78,0.00,315.34,0,-103.00,-16.00,0.00,0.00,42.00,0.00,0,459
527.03,1566795167,10860.64,51.47038797,7.40129878,159.92,33.05,0.00,315.60,0,-96.00,-10.00,0.00,0.00,43.00,0.00,0,206
527.03,1566795167,10860.67,51.47038797,7.40129878,159.92,33.05,0.00,315.60,0,-103.00,-16.00,0.00,0.00,43.00,0.00,0,376
528.03,1566795168,10893.69,51.47060151,7.40096767,160.53,33.01,0.00,316.02,0,-96.00,-10.00,0.00,0.00,43.00,0.00,0,206
528.03,1566795168,10893.72,51.47060151,7.40096767,160.53,33.01,0.00,316.02,0,-103.00,-16.00,0.00,0.00,43.00,0.00,0,376
529.03,1566795169,10926.70,51.47082082,7.40064392,160.59,32.83,0.00,316.66,0,-101.00,-13.00,0.00,0.00,42.00,0.00,0,206
529.03,1566795169,10926.73,51.47082082,7.40064392,160.59,32.83,0.00,316.66,0,-103.00,-13.00,0.00,0.00,41.00,0.00,0,376
530.03,1566795170,10959.54,51.47103972,7.40032225,160.74,33.07,0.00,316.50,0,-101.00,-13.00,0.00,0.00,42.00,0.00,0,206
530.03,1566795170,10959.57,51.47103972,7.40032225,160.74,33.07,0.00,316.50,0,-103.00,-13.00,0.00,0.00,41.00,0.00,0,376
531.03,1566795171,10992.64,51.47125845,7.39999450,161.10,32.97,0.00,317.39,0,-102.00,-12.00,0.00,0.00,39.00,0.00,0,459
531.03,1566795171,10992.64,51.47125845,7.39999450,161.10,32.97,0.00,317.39,0,-104.00,-14.00,0.00,0.00,39.00,0.00,0,276
532.03,1566795172,11025.57,51.47147668,7.39967465,161.25,33.04,0.00,317.71,0,-102.00,-12.00,0.00,0.00,39.00,0.00,0,459
532.03,1566795172,11025.60,51.47147668,7.39967465,161.25,33.04,0.00,317.71,0,-104.00,-14.00,0.00,0.00,39.00,0.00,0,276
533.03,1566795173,11058.64,51.47169584,7.39935518,161.52,33.17,0.00,318.00,0,-99.00,-8.00,0.00,0.00,35.00,0.00,0,459
533.03,1566795173,11058.68,51.47169584,7.39935518,161.52,33.17,0.00,318.00,0,-97.00,-9.00,0.00,0.00,42.00,0.00,0,459
533.03,1566795173,11058.68,51.47169584,7.39935518,161.52,33.17,0.00,318.00,0,-103.00,-14.00,0.00,0.00,42.00,0.00,0,276
534.03,1566795174,11091.81,51.47192114,7.39904028,162.12,33.30,0.00,318.74,0,-99.00,-8.00,0.00,0.00,35.00,0.00,0,459
534.03,1566795174,11091.81,51.47192114,7.39904028,162.12,33.30,0.00,318.74,0,-97.00,-9.00,0.00,0.00,42.00,0.00,0,459
534.03,1566795174,11091.84,51.47192114,7.39904028,162.12,33.30,0.00,318.74,0,-103.00,-14.00,0.00,0.00,42.00,0.00,0,276
539.03,1566795179,11256.09,51.47305928,7.39752938,166.15,31.49,0.00,320.72,0,-99.00,-14.00,0.00,0.00,44.00,0.00,0,459
539.03,1566795179,11256.12,51.47305928,7.39752938,166.15,31.49,0.00,320.72,0,-100.00,-15.00,0.00,0.00,44.00,0.00,0,59
540.03,1566795180,11287.58,51.47327619,7.39724453,166.73,30.82,0.00,320.41,0,-99.00,-14.00,0.00,0.00,44.00,0.00,0,459
540.03,1566795180,11287.61,51.47327619,7.39724453,166.73,30.82,0.00,320.41,0,-100.00,-15.00,0.00,0.00,44.00,0.00,0,59
541.03,1566795181,11318.40,51.47348497,7.39696459,167.13,30.46,0.00,321.00,0,-104.00,-12.00,0.00,0.00,37.00,0.00,0,59
541.03,1566795181,11318.43,51.47348497,7.39696459,167.13,30.46,0.00,321.00,0,-104.00,-11.00,0.00,0.00,37.00,0.00,0,459
542.03,1566795182,11348.86,51.47369274,7.39669969,167.19,30.14,0.00,321.53,0,-104.00,-12.00,0.00,0.00,37.00,0.00,0,59
542.03,1566795182,11348.89,51.47369274,7.39669969,167.19,30.14,0.00,321.53,0,-104.00,-11.00,0.00,0.00,37.00,0.00,0,459
543.04,1566795184,11379.24,51.47390098,7.39643795,167.37,29.48,0.00,322.26,0,-103.00,-11.00,0.00,0.00,37.00,0.00,0,459
543.04,1566795184,11379.27,51.47390098,7.39643795,167.37,29.48,0.00,322.26,0,-105.00,-12.00,0.00,0.00,36.00,0.00,0,59
544.03,1566795184,11408.48,51.47410384,7.39618258,167.54,28.65,0.00,322.27,0,-103.00,-11.00,0.00,0.00,37.00,0.00,0,459
544.03,1566795184,11408.51,51.47410384,7.39618258,167.54,28.65,0.00,322.27,0,-105.00,-12.00,0.00,0.00,36.00,0.00,0,59
545.03,1566795185,11437.07,51.47430887,7.39594049,167.74,28.42,0.00,323.35,0,-103.00,-11.00,0.00,0.00,37.00,0.00,0,459
545.03,1566795185,11437.10,51.47430887,7.39594049,167.74,28.42,0.00,323.35,0,-105.00,-12.00,0.00,0.00,36.00,0.00,0,59
546.03,1566795186,11465.58,51.47451559,7.39569579,168.04,28.22,0.00,324.08,0,-106.00,-14.00,0.00,0.00,37.00,0.00,0,59
546.03,1566795186,11465.58,51.47451559,7.39569579,168.04,28.22,0.00,324.08,0,-108.00,-16.00,0.00,0.00,37.00,0.00,0,459
547.03,1566795187,11493.80,51.47472508,7.39546670,168.46,27.90,0.00,325.54,0,-106.00,-14.00,0.00,0.00,37.00,0.00,0,59
547.03,1566795187,11493.82,51.47472508,7.39546670,168.46,27.90,0.00,325.54,0,-108.00,-16.00,0.00,0.00,37.00,0.00,0,459
548.03,1566795188,11521.73,51.47493025,7.39524165,168.98,27.47,0.00,326.53,0,-109.00,-10.00,0.00,0.00,26.00,0.00,0,459
548.03,1566795188,11521.76,51.47493025,7.39524165,168.98,27.47,0.00,326.53,0,-111.00,-12.00,0.00,0.00,26.00,0.00,0,120
548.04,1566795188,11521.78,51.47493025,7.39524165,168.98,27.47,0.00,326.53,0,-115.00,-16.00,0.00,0.00,26.00,0.00,0,461
548.04,1566795188,11521.78,51.47493025,7.39524165,168.98,27.47,0.00,326.53,0,-106.00,-13.00,0.00,0.00,37.00,0.00,0,459
548.04,1566795189,11521.81,51.47493025,7.39524165,168.98,27.47,0.00,326.53,0,-106.00,-14.00,0.00,0.00,37.00,0.00,0,59
549.03,1566795189,11549.22,51.47513563,7.39502295,169.61,26.82,0.00,326.65,0,-109.00,-10.00,0.00,0.00,26.00,0.00,0,459
549.04,1566795189,11549.25,51.47513563,7.39502295,169.61,26.82,0.00,326.65,0,-111.00,-12.00,0.00,0.00,26.00,0.00,0,120
549.04,1566795189,11549.25,51.47513563,7.39502295,169.61,26.82,0.00,326.65,0,-115.00,-16.00,0.00,0.00,26.00,0.00,0,461
549.04,1566795190,11549.28,51.47513563,7.39502295,169.61,26.82,0.00,326.65,0,-106.00,-13.00,0.00,0.00,37.00,0.00,0,459
549.04,1566795190,11549.30,51.47513563,7.39502295,169.61,26.82,0.00,326.65,0,-106.00,-14.00,0.00,0.00,37.00,0.00,0,59
550.03,1566795190,11575.99,51.47534265,7.39482700,170.46,26.27,0.00,329.77,0,-96.00,-9.00,0.00,0.00,38.00,0.00,0,59
550.03,1566795190,11576.02,51.47534265,7.39482700,170.46,26.27,0.00,329.77,0,-103.00,-14.00,0.00,0.00,37.00,0.00,0,431
550.03,1566795190,11576.05,51.47534265,7.39482700,170.46,26.27,0.00,329.77,0,-107.00,-9.00,0.00,0.00,29.00,0.00,0,459
550.03,1566795190,11576.05,51.47534265,7.39482700,170.46,26.27,0.00,329.77,0,-111.00,-12.00,0.00,0.00,30.00,0.00,0,120
551.03,1566795191,11602.26,51.47555084,7.39463114,171.42,26.23,0.00,330.19,0,-96.00,-9.00,0.00,0.00,38.00,0.00,0,59
551.03,1566795191,11602.29,51.47555084,7.39463114,171.42,26.23,0.00,330.19,0,-103.00,-14.00,0.00,0.00,37.00,0.00,0,431
551.03,1566795191,11602.29,51.47555084,7.39463114,171.42,26.23,0.00,330.19,0,-107.00,-9.00,0.00,0.00,29.00,0.00,0,459
551.03,1566795191,11602.31,51.47555084,7.39463114,171.42,26.23,0.00,330.19,0,-111.00,-12.00,0.00,0.00,30.00,0.00,0,120
552.03,1566795192,11628.52,51.47575380,7.39444255,172.20,26.04,0.00,330.40,0,-104.00,-8.00,0.00,0.00,30.00,0.00,0,57
552.03,1566795192,11628.54,51.47575380,7.39444255,172.20,26.04,0.00,330.40,0,-106.00,-11.00,0.00,0.00,32.00,0.00,0,459
552.03,1566795192,11628.54,51.47575380,7.39444255,172.20,26.04,0.00,330.40,0,-110.00,-12.00,0.00,0.00,25.00,0.00,0,438
553.03,1566795193,11654.53,51.47595916,7.39426670,172.70,26.00,0.00,332.02,0,-104.00,-8.00,0.00,0.00,30.00,0.00,0,57
553.03,1566795193,11654.56,51.47595916,7.39426670,172.70,26.00,0.00,332.02,0,-106.00,-11.00,0.00,0.00,32.00,0.00,0,459
553.03,1566795193,11654.56,51.47595916,7.39426670,172.70,26.00,0.00,332.02,0,-110.00,-12.00,0.00,0.00,25.00,0.00,0,438
558.03,1566795198,11781.06,51.47696520,7.39346077,174.51,23.02,0.00,336.33,0,-100.00,-15.00,0.00,0.00,41.00,0.00,0,459
559.03,1566795199,11804.10,51.47714842,7.39332654,174.38,21.93,0.00,337.25,0,-100.00,-15.00,0.00,0.00,41.00,0.00,0,459
560.03,1566795200,11826.02,51.47732200,7.39322238,174.03,20.28,0.00,340.64,0,-99.00,-15.00,0.00,0.00,41.00,0.00,0,459
560.03,1566795200,11826.04,51.47732200,7.39322238,174.03,20.28,0.00,340.64,0,-99.00,-15.00,0.00,0.00,41.00,0.00,0,438
560.03,1566795200,11826.06,51.47732200,7.39322238,174.03,20.28,0.00,340.64,0,-99.00,-14.00,0.00,0.00,40.00,0.00,0,113
561.03,1566795201,11846.32,51.47749381,7.39314659,174.10,19.01,0.00,345.35,0,-99.00,-15.00,0.00,0.00,41.00,0.00,0,459
561.03,1566795201,11846.34,51.47749381,7.39314659,174.10,19.01,0.00,345.35,0,-99.00,-15.00,0.00,0.00,41.00,0.00,0,438
561.03,1566795201,11846.36,51.47749381,7.39314659,174.10,19.01,0.00,345.35,0,-99.00,-14.00,0.00,0.00,40.00,0.00,0,113
562.03,1566795202,11865.34,51.47766514,7.39308577,174.32,18.96,0.00,347.13,0,-98.00,-14.00,0.00,0.00,42.00,0.00,0,459
562.03,1566795202,11865.36,51.47766514,7.39308577,174.32,18.96,0.00,347.13,0,-99.00,-7.00,0.00,0.00,33.00,0.00,0,459
562.03,1566795202,11865.37,51.47766514,7.39308577,174.32,18.96,0.00,347.13,0,-104.00,-9.00,0.00,0.00,30.00,0.00,0,120
562.04,1566795202,11865.39,51.47766514,7.39308577,174.32,18.96,0.00,347.13,0,-104.00,-12.00,0.00,0.00,33.00,0.00,0,461
563.03,1566795203,11884.29,51.47782323,7.39304325,174.14,18.60,0.00,349.92,0,-98.00,-14.00,0.00,0.00,42.00,0.00,0,459
563.03,1566795203,11884.31,51.47782323,7.39304325,174.14,18.60,0.00,349.92,0,-99.00,-7.00,0.00,0.00,33.00,0.00,0,459
563.03,1566795203,11884.33,51.47782323,7.39304325,174.14,18.60,0.00,349.92,0,-104.00,-9.00,0.00,0.00,30.00,0.00,0,120
563.03,1566795203,11884.33,51.47782323,7.39304325,174.14,18.60,0.00,349.92,0,-104.00,-12.00,0.00,0.00,33.00,0.00,0,461
564.04,1566795205,11903.03,51.47798919,7.39306004,173.91,17.98,0.00,3.38,0,-103.00,-13.00,0.00,0.00,36.00,0.00,0,461
565.03,1566795205,11920.86,51.47815286,7.39308253,174.01,18.12,0.00,4.75,0,-103.00,-13.00,0.00,0.00,36.00,0.00,0,461
566.03,1566795206,11938.96,51.47830345,7.39311426,174.02,18.07,0.00,7.24,0,-103.00,-13.00,0.00,0.00,36.00,0.00,0,461
567.03,1566795207,11957.04,51.47845758,7.39316721,174.34,17.79,0.00,11.01,0,-102.00,-14.00,0.00,0.00,38.00,0.00,0,461
568.03,1566795208,11974.83,51.47858756,7.39329630,174.47,17.29,0.00,29.32,0,-102.00,-14.00,0.00,0.00,38.00,0.00,0,461
569.03,1566795209,11992.10,51.47872005,7.39343011,175.23,17.06,0.00,30.39,0,-103.00,-14.00,0.00,0.00,36.00,0.00,0,461
570.03,1566795210,12009.16,51.47884335,7.39356574,176.27,15.76,0.00,32.11,0,-103.00,-14.00,0.00,0.00,36.00,0.00,0,461
571.03,1566795211,12024.93,51.47896210,7.39369322,177.16,14.89,0.00,31.43,0,-109.00,-10.00,0.00,0.00,28.00,0.00,0,57
571.03,1566795211,12024.95,51.47896210,7.39369322,177.16,14.89,0.00,31.43,0,-108.00,-15.00,0.00,0.00,33.00,0.00,0,461
572.03,1566795212,12039.84,51.47907863,7.39379200,177.90,14.08,0.00,27.80,0,-109.00,-10.00,0.00,0.00,28.00,0.00,0,57
572.03,1566795212,12039.84,51.47907863,7.39379200,177.90,14.08,0.00,27.80,0,-108.00,-15.00,0.00,0.00,33.00,0.00,0,461
573.03,1566795213,12053.91,51.47921183,7.39383482,178.66,13.54,0.00,7.52,0,-107.00,-10.00,0.00,0.00,28.00,0.00,0,57
573.03,1566795213,12053.92,51.47921183,7.39383482,178.66,13.54,0.00,7.52,0,-115.00,-17.00,0.00,0.00,27.00,0.00,0,143
573.03,1566795213,12053.94,51.47921183,7.39383482,178.66,13.54,0.00,7.52,0,-118.00,-20.00,0.00,0.00,27.00,0.00,0,336
573.03,1566795213,12053.94,51.47921183,7.39383482,178.66,13.54,0.00,7.52,0,0.00,0.00,0.00,0.00,63.00,0.00,0,450
574.03,1566795214,12067.46,51.47933806,7.39383198,179.59,13.37,0.00,354.95,0,-107.00,-10.00,0.00,0.00,28.00,0.00,0,57
574.03,1566795214,12067.46,51.47933806,7.39383198,179.59,13.37,0.00,354.95,0,-115.00,-17.00,0.00,0.00,27.00,0.00,0,143
574.03,1566795214,12067.47,51.47933806,7.39383198,179.59,13.37,0.00,354.95,0,-118.00,-20.00,0.00,0.00,27.00,0.00,0,336
574.04,1566795214,12067.49,51.47933806,7.39383198,179.59,13.37,0.00,354.95,0,0.00,0.00,0.00,0.00,63.00,0.00,0,450
581.03,1566795221,12158.56,51.48008677,7.39345532,183.93,11.02,0.00,358.33,0,-79.00,-7.00,0.00,0.00,57.00,0.00,0,59
582.03,1566795222,12169.57,51.48017996,7.39349387,184.48,10.30,0.00,16.01,0,-79.00,-7.00,0.00,0.00,57.00,0.00,0,59
583.03,1566795223,12179.87,51.48024920,7.39355590,185.22,10.31,0.00,33.73,0,-80.00,-7.00,0.00,0.00,55.00,0.00,0,59
584.03,1566795224,12190.18,51.48029315,7.39364027,185.67,10.82,0.00,51.56,0,-80.00,-7.00,0.00,0.00,55.00,0.00,0,59
585.04,1566795226,12201.10,51.48034309,7.39375137,186.26,11.64,0.00,54.60,0,-87.00,-8.00,0.00,0.00,49.00,0.00,0,59
586.03,1566795226,12212.64,51.48039625,7.39388477,186.81,12.66,0.00,56.41,0,-87.00,-8.00,0.00,0.00,49.00,0.00,0,59
587.03,1566795227,12225.30,51.48045571,7.39404571,187.47,13.88,0.00,57.97,0,-87.00,-8.00,0.00,0.00,49.00,0.00,0,59
588.03,1566795228,12239.17,51.48052551,7.39422693,188.12,14.37,0.00,58.67,0,-84.00,-8.00,0.00,0.00,53.00,0.00,0,59
589.03,1566795229,12253.54,51.48058999,7.39440503,188.65,14.42,0.00,59.09,0,-84.00,-8.00,0.00,0.00,53.00,0.00,0,59
590.03,1566795230,12267.96,51.48065483,7.39458842,189.05,14.59,0.00,59.94,0,-74.00,-6.00,0.00,0.00,60.00,0.00,0,59
591.03,1566795231,12282.56,51.48071697,7.39477266,189.28,14.92,0.00,60.37,0,-74.00,-6.00,0.00,0.00,60.00,0.00,0,59
592.03,1566795232,12297.48,51.48078269,7.39496125,189.57,15.38,0.00,59.71,0,-79.00,-9.00,0.00,0.00,59.00,0.00,0,59
593.03,1566795233,12312.86,51.48085183,7.39515567,189.73,15.72,0.00,59.91,0,-79.00,-9.00,0.00,0.00,59.00,0.00,0,59
594.03,1566795234,12328.57,51.48091998,7.39535395,189.80,15.90,0.00,59.68,0,-76.00,-7.00,0.00,0.00,62.00,0.00,0,59
595.03,1566795235,12344.48,51.48099166,7.39555091,189.84,16.15,0.00,59.30,0,-76.00,-7.00,0.00,0.00,62.00,0.00,0,59
596.03,1566795236,12360.61,51.48106579,7.39575242,189.84,16.23,0.00,58.61,0,-81.00,-9.00,0.00,0.00,59.00,0.00,0,59
597.03,1566795237,12376.84,51.48114308,7.39595615,190.03,15.91,0.00,59.19,0,-81.00,-9.00,0.00,0.00,59.00,0.00,0,59
598.03,1566795238,12392.77,51.48121850,7.39616146,190.26,15.82,0.00,59.49,0,-99.00,-12.00,0.00,0.00,38.00,0.00,0,459
599.03,1566795239,12408.57,51.48128889,7.39635496,190.10,15.42,0.00,59.78,0,-99.00,-12.00,0.00,0.00,38.00,0.00,0,459
602.03,1566795242,12454.30,51.48149624,7.39690547,189.91,14.88,0.00,58.54,0,-103.00,-14.00,0.00,0.00,36.00,0.00,0,459
602.03,1566795242,12454.30,51.48149624,7.39690547,189.91,14.88,0.00,58.54,0,-104.00,-14.00,0.00,0.00,35.00,0.00,0,130
603.03,1566795243,12469.16,51.48156864,7.39708131,190.20,14.56,0.00,58.10,0,-103.00,-14.00,0.00,0.00,36.00,0.00,0,459
603.03,1566795243,12469.17,51.48156864,7.39708131,190.20,14.56,0.00,58.10,0,-104.00,-14.00,0.00,0.00,35.00,0.00,0,130
604.03,1566795244,12483.69,51.48164096,7.39726257,190.39,14.02,0.00,57.28,0,-108.00,-14.00,0.00,0.00,31.00,0.00,0,130
604.03,1566795244,12483.69,51.48164096,7.39726257,190.39,14.02,0.00,57.28,0,-107.00,-14.00,0.00,0.00,32.00,0.00,0,459
604.03,1566795244,12483.69,51.48164096,7.39726257,190.39,14.02,0.00,57.28,0,-110.00,-14.00,0.00,0.00,30.00,0.00,0,438
605.04,1566795246,12497.81,51.48170964,7.39742502,190.65,13.31,0.00,56.70,0,-108.00,-14.00,0.00,0.00,31.00,0.00,0,130
605.04,1566795246,12497.82,51.48170964,7.39742502,190.65,13.31,0.00,56.70,0,-107.00,-14.00,0.00,0.00,32.00,0.00,0,459
605.04,1566795246,12497.82,51.48170964,7.39742502,190.65,13.31,0.00,56.70,0,-110.00,-14.00,0.00,0.00,30.00,0.00,0,438
606.04,1566795247,12511.15,51.48177935,7.39758362,190.91,12.37,0.00,55.59,0,-86.00,-8.00,0.00,0.00,53.00,0.00,0,59
607.03,1566795247,12523.44,51.48183733,7.39771788,191.11,11.16,0.00,54.66,0,-86.00,-8.00,0.00,0.00,53.00,0.00,0,59
608.03,1566795248,12534.58,51.48188990,7.39783317,190.92,9.45,0.00,53.82,0,-86.00,-8.00,0.00,0.00,53.00,0.00,0,59
609.03,1566795249,12544.02,51.48193485,7.39792661,190.43,7.73,0.00,52.52,0,-85.00,-9.00,0.00,0.00,53.00,0.00,0,59
610.03,1566795250,12551.75,51.48197009,7.39799863,189.86,5.85,0.00,51.81,0,-85.00,-9.00,0.00,0.00,53.00,0.00,0,59
611.03,1566795251,12557.60,51.48200050,7.39805399,189.79,3.85,0.00,50.61,0,-104.00,-12.00,0.00,0.00,35.00,0.00,0,59
611.03,1566795251,12557.60,51.48200050,7.39805399,189.79,3.85,0.00,50.61,0,-87.00,-9.00,0.00,0.00,53.00,0.00,0,59
612.03,1566795252,12561.44,51.48202676,7.39809818,189.69,2.42,0.00,50.05,0,-104.00,-12.00,0.00,0.00,35.00,0.00,0,59
612.03,1566795252,12561.45,51.48202676,7.39809818,189.69,2.42,0.00,50.05,0,-87.00,-9.00,0.00,0.00,53.00,0.00,0,59
613.03,1566795253,12563.86,51.48204143,7.39812206,189.62,1.65,0.00,50.75,0,-97.00,-10.00,0.00,0.00,39.00,0.00,0,59
613.03,1566795253,12563.86,51.48204143,7.39812206,189.62,1.65,0.00,50.75,0,-86.00,-10.00,0.00,0.00,56.00,0.00,0,59
614.03,1566795254,12565.51,51.48204967,7.39813457,189.57,0.81,0.00,50.75,0,-97.00,-10.00,0.00,0.00,39.00,0.00,0,59
614.03,1566795254,12565.51,51.48204967,7.39813457,189.57,0.81,0.00,50.75,0,-86.00,-10.00,0.00,0.00,56.00,0.00,0,59
615.03,1566795255,12566.32,51.48204967,7.39813457,189.57,0.00,0.00,50.75,0,-98.00,-11.00,0.00,0.00,38.00,0.00,0,59
615.03,1566795255,12566.32,51.48204967,7.39813457,189.57,0.00,0.00,50.75,0,-87.00,-10.00,0.00,0.00,53.00,0.00,0,59
616.03,1566795256,12566.32,51.48204967,7.39813457,189.56,0.00,0.00,50.75,0,-98.00,-11.00,0.00,0.00,38.00,0.00,0,59
616.03,1566795256,12566.32,51.48204967,7.39813457,189.56,0.00,0.00,50.75,0,-87.00,-10.00,0.00,0.00,53.00,0.00,0,59
617.03,1566795257,12566.32,51.48204967,7.39813457,189.56,0.00,0.00,50.75,0,-86.00,-8.00,0.00,0.00,53.00,0.00,0,59
618.03,1566795258,12566.32,51.48204967,7.39813457,189.55,0.00,0.00,50.75,0,-86.00,-8.00,0.00,0.00,53.00,0.00,0,59
619.03,1566795259,12566.32,51.48204967,7.39813457,189.55,0.00,0.00,50.75,0,-86.00,-8.00,0.00,0.00,54.00,0.00,0,59
620.03,1566795260,12566.32,51.48204967,7.39813457,189.54,0.00,0.00,50.75,0,-86.00,-8.00,0.00,0.00,54.00,0.00,0,59
625.03,1566795265,12566.32,51.48204967,7.39813457,189.51,0.00,0.00,50.75,0,-103.00,-13.00,0.00,0.00,37.00,0.00,0,59
626.03,1566795266,12566.32,51.48204967,7.39813457,189.51,0.00,0.00,50.75,0,-103.00,-13.00,0.00,0.00,37.00,0.00,0,59
627.04,1566795268,12566.32,51.48204967,7.39813457,189.50,0.00,0.00,50.75,0,-87.00,-10.00,0.00,0.00,53.00,0.00,0,59
628.03,1566795268,12566.32,51.48204967,7.39813457,189.49,0.00,0.00,50.75,0,-87.00,-10.00,0.00,0.00,53.00,0.00,0,59
629.03,1566795269,12566.32,51.48204967,7.39813457,189.48,0.00,0.00,50.75,0,-87.00,-10.00,0.00,0.00,53.00,0.00,0,59
630.03,1566795270,12566.32,51.48204967,7.39813457,189.47,0.00,0.00,50.75,0,-86.00,-10.00,0.00,0.00,54.00,0.00,0,59
631.03,1566795271,12566.32,51.48204967,7.39813457,189.46,0.00,0.00,50.75,0,-86.00,-10.00,0.00,0.00,54.00,0.00,0,59
632.03,1566795272,12566.32,51.48204967,7.39813457,189.45,0.00,0.00,50.75,0,-87.00,-9.00,0.00,0.00,52.00,0.00,0,59
633.03,1566795273,12566.32,51.48204967,7.39813457,189.36,0.00,0.00,50.75,0,-87.00,-9.00,0.00,0.00,52.00,0.00,0,59
634.03,1566795274,12566.32,51.48204967,7.39813457,189.26,0.00,0.00,49.28,0,-103.00,-12.00,0.00,0.00,34.00,0.00,0,59
634.03,1566795274,12566.32,51.48204967,7.39813457,189.26,0.00,0.00,49.28,0,-87.00,-10.00,0.00,0.00,53.00,0.00,0,59
635.03,1566795275,12566.32,51.48204967,7.39813457,189.16,0.00,0.00,49.65,0,-103.00,-12.00,0.00,0.00,34.00,0.00,0,59
635.03,1566795275,12566.32,51.48204967,7.39813457,189.16,0.00,0.00,49.65,0,-87.00,-10.00,0.00,0.00,53.00,0.00,0,59
636.03,1566795276,12566.32,51.48209509,7.39820487,189.09,3.72,0.00,48.19,0,-102.00,-14.00,0.00,0.00,38.00,0.00,0,59
636.03,1566795276,12566.33,51.48209509,7.39820487,189.09,3.72,0.00,48.19,0,-84.00,-10.00,0.00,0.00,56.00,0.00,0,59
637.03,1566795277,12570.04,51.48212589,7.39825117,188.61,5.23,0.00,47.02,0,-102.00,-14.00,0.00,0.00,38.00,0.00,0,59
637.03,1566795277,12570.05,51.48212589,7.39825117,188.61,5.23,0.00,47.02,0,-84.00,-10.00,0.00,0.00,56.00,0.00,0,59
638.03,1566795278,12575.26,51.48216529,7.39831364,188.22,5.84,0.00,46.22,0,-103.00,-12.00,0.00,0.00,34.00,0.00,0,59
639.03,1566795279,12581.11,51.48221753,7.39839301,187.88,7.38,0.00,45.53,0,-103.00,-12.00,0.00,0.00,34.00,0.00,0,59
640.03,1566795280,12588.49,51.48227450,7.39847342,187.67,9.10,0.00,43.72,0,-97.00,-11.00,0.00,0.00,39.00,0.00,0,59
641.03,1566795281,12597.59,51.48234410,7.39857151,187.36,9.96,0.00,42.43,0,-97.00,-11.00,0.00,0.00,39.00,0.00,0,59
642.03,1566795282,12607.54,51.48241407,7.39866152,187.49,10.44,0.00,41.24,0,-97.00,-10.00,0.00,0.00,39.00,0.00,0,59
643.03,1566795283,12617.98,51.48248599,7.39875138,187.26,10.89,0.00,40.23,0,-97.00,-10.00,0.00,0.00,39.00,0.00,0,59
644.03,1566795284,12628.89,51.48256050,7.39884116,186.91,11.24,0.00,38.94,0,-100.00,-11.00,0.00,0.00,37.00,0.00,0,59
645.03,1566795285,12640.12,51.48264594,7.39893670,186.47,11.68,0.00,37.54,0,-100.00,-11.00,0.00,0.00,37.00,0.00,0,59
646.03,1566795286,12651.80,51.48273221,7.39903475,186.07,11.70,0.00,36.55,0,-102.00,-12.00,0.00,0.00,35.00,0.00,0,59
647.03,1566795287,12663.50,51.48282350,7.39913005,185.83,12.06,0.00,35.53,0,-102.00,-12.00,0.00,0.00,35.00,0.00,0,59
648.04,1566795289,12675.66,51.48292193,7.39923148,185.56,12.24,0.00,35.11,0,-100.00,-10.00,0.00,0.00,36.00,0.00,0,59
649.03,1566795289,12687.80,51.48302796,7.39934469,185.44,12.51,0.00,34.59,0,-100.00,-10.00,0.00,0.00,36.00,0.00,0,59
650.03,1566795290,12700.32,51.48312368,7.39944685,185.45,12.17,0.00,34.17,0,-100.00,-10.00,0.00,0.00,36.00,0.00,0,59
653.03,1566795293,12737.96,51.48340783,7.39975152,186.20,13.10,0.00,33.84,0,-92.00,-11.00,0.00,0.00,44.00,0.00,0,57
654.03,1566795294,12751.06,51.48350705,7.39985829,186.28,13.36,0.00,34.37,0,-92.00,-11.00,0.00,0.00,44.00,0.00,0,57
655.03,1566795295,12764.42,51.48360765,7.39996730,186.21,13.71,0.00,34.65,0,-98.00,-12.00,0.00,0.00,40.00,0.00,0,57
656.03,1566795296,12778.11,51.48370845,7.40007740,186.04,13.76,0.00,35.06,0,-98.00,-12.00,0.00,0.00,40.00,0.00,0,57
657.03,1566795297,12791.88,51.48381049,7.40019720,186.00,13.87,0.00,35.97,0,-102.00,-13.00,0.00,0.00,37.00,0.00,0,57
658.03,1566795298,12805.74,51.48390855,7.40031561,185.92,13.78,0.00,36.40,0,-102.00,-13.00,0.00,0.00,37.00,0.00,0,57
663.03,1566795303,12874.65,51.48438823,7.40092859,185.27,13.70,0.00,39.14,0,-107.00,-15.00,0.00,0.00,34.00,0.00,0,278
664.03,1566795304,12888.36,51.48448510,7.40106409,185.36,13.81,0.00,40.25,0,-107.00,-15.00,0.00,0.00,34.00,0.00,0,278
665.03,1566795305,12902.16,51.48458036,7.40119822,185.43,14.08,0.00,41.20,0,-106.00,-14.00,0.00,0.00,33.00,0.00,0,278
666.03,1566795306,12916.25,51.48467554,7.40134021,185.61,14.25,0.00,42.11,0,-106.00,-14.00,0.00,0.00,33.00,0.00,0,278
667.03,1566795307,12930.49,51.48477153,7.40148276,185.88,14.40,0.00,42.87,0,-80.00,-6.00,0.00,0.00,55.00,0.00,0,57
668.03,1566795308,12944.88,51.48486902,7.40163297,186.50,14.30,0.00,43.39,0,-80.00,-6.00,0.00,0.00,55.00,0.00,0,57
669.04,1566795310,12959.31,51.48495748,7.40177219,186.70,14.18,0.00,44.01,0,-103.00,-10.00,0.00,0.00,33.00,0.00,0,171
669.04,1566795310,12959.33,51.48495748,7.40177219,186.70,14.18,0.00,44.01,0,-83.00,-6.00,0.00,0.00,53.00,0.00,0,57
670.03,1566795310,12973.38,51.48504080,7.40191237,186.09,14.24,0.00,44.85,0,-103.00,-10.00,0.00,0.00,33.00,0.00,0,171
670.03,1566795310,12973.40,51.48504080,7.40191237,186.09,14.24,0.00,44.85,0,-83.00,-6.00,0.00,0.00,53.00,0.00,0,57
671.03,1566795311,12987.62,51.48512626,7.40205485,185.40,14.36,0.00,45.52,0,-103.00,-10.00,0.00,0.00,33.00,0.00,0,171
671.03,1566795311,12987.64,51.48512626,7.40205485,185.40,14.36,0.00,45.52,0,-83.00,-6.00,0.00,0.00,53.00,0.00,0,57
672.03,1566795312,13001.96,51.48522206,7.40221909,185.04,14.61,0.00,46.40,0,-80.00,-7.00,0.00,0.00,56.00,0.00,0,57
673.03,1566795313,13016.57,51.48531980,7.40239034,184.81,14.69,0.00,47.13,0,-80.00,-7.00,0.00,0.00,56.00,0.00,0,57
674.03,1566795314,13031.28,51.48541019,7.40255719,184.57,14.86,0.00,47.81,0,-80.00,-6.00,0.00,0.00,56.00,0.00,0,57
675.03,1566795315,13046.14,51.48549888,7.40272156,184.39,15.08,0.00,48.43,0,-80.00,-6.00,0.00,0.00,56.00,0.00,0,57
676.03,1566795316,13061.22,51.48558512,7.40289061,184.21,15.42,0.00,49.15,0,-81.00,-6.00,0.00,0.00,55.00,0.00,0,57
677.03,1566795317,13076.61,51.48567293,7.40306094,184.08,15.63,0.00,50.05,0,-81.00,-6.00,0.00,0.00,55.00,0.00,0,57
678.03,1566795318,13092.29,51.48575901,7.40323720,184.00,16.07,0.00,50.71,0,-98.00,-16.00,0.00,0.00,45.00,0.00,0,171
678.03,1566795318,13092.31,51.48575901,7.40323720,184.00,16.07,0.00,50.71,0,-78.00,-5.00,0.00,0.00,58.00,0.00,0,57
679.03,1566795319,13108.39,51.48583705,7.40341017,183.42,16.44,0.00,51.66,0,-98.00,-16.00,0.00,0.00,45.00,0.00,0,171
679.03,1566795319,13108.40,51.48583705,7.40341017,183.42,16.44,0.00,51.66,0,-78.00,-5.00,0.00,0.00,58.00,0.00,0,57
680.03,1566795320,13124.79,51.48591938,7.40359883,182.99,16.44,0.00,52.43,0,-89.00,-7.00,0.00,0.00,43.00,0.00,0,171
680.03,1566795320,13124.81,51.48591938,7.40359883,182.99,16.44,0.00,52.43,0,-77.00,-6.00,0.00,0.00,58.00,0.00,0,57
681.03,1566795321,13141.24,51.48599963,7.40378641,183.11,16.22,0.00,53.59,0,-89.00,-7.00,0.00,0.00,43.00,0.00,0,171
681.03,1566795321,13141.25,51.48599963,7.40378641,183.11,16.22,0.00,53.59,0,-77.00,-6.00,0.00,0.00,58.00,0.00,0,57
682.03,1566795322,13157.48,51.48607862,7.40398019,183.39,16.09,0.00,54.80,0,-91.00,-7.00,0.00,0.00,42.00,0.00,0,171
682.03,1566795322,13157.49,51.48607862,7.40398019,183.39,16.09,0.00,54.80,0,-79.00,-6.00,0.00,0.00,57.00,0.00,0,57
683.03,1566795323,13173.55,51.48615778,7.40417025,183.86,16.15,0.00,55.45,0,-91.00,-7.00,0.00,0.00,42.00,0.00,0,171
683.03,1566795323,13173.57,51.48615778,7.40417025,183.86,16.15,0.00,55.45,0,-79.00,-6.00,0.00,0.00,57.00,0.00,0,57
686.03,1566795326,13222.33,51.48638924,7.40479371,185.23,16.50,0.00,58.36,0,-94.00,-11.00,0.00,0.00,43.00,0.00,0,278
686.03,1566795326,13222.35,51.48638924,7.40479371,185.23,16.50,0.00,58.36,0,-94.00,-11.00,0.00,0.00,43.00,0.00,0,59
686.03,1566795326,13222.36,51.48638924,7.40479371,185.23,16.50,0.00,58.36,0,-95.00,-12.00,0.00,0.00,43.00,0.00,0,277
687.03,1566795327,13238.82,51.48646069,7.40500807,185.23,16.68,0.00,58.81,0,-94.00,-11.00,0.00,0.00,43.00,0.00,0,278
687.03,1566795327,13238.83,51.48646069,7.40500807,185.23,16.68,0.00,58.81,0,-94.00,-11.00,0.00,0.00,43.00,0.00,0,59
687.03,1566795327,13238.85,51.48646069,7.40500807,185.23,16.68,0.00,58.81,0,-95.00,-12.00,0.00,0.00,43.00,0.00,0,277
705.03,1566795345,13539.38,51.48737772,7.40911816,172.21,16.35,0.00,78.04,0,-125.00,-14.00,0.00,0.00,18.00,0.00,0,222
705.03,1566795345,13539.40,51.48737772,7.40911816,172.21,16.35,0.00,78.04,0,-128.00,-17.00,0.00,0.00,18.00,0.00,0,98
705.03,1566795345,13539.41,51.48737772,7.40911816,172.21,16.35,0.00,78.04,0,-130.00,-19.00,0.00,0.00,17.00,0.00,0,205
706.03,1566795346,13555.72,51.48740146,7.40935007,171.61,16.13,0.00,79.09,0,-125.00,-14.00,0.00,0.00,18.00,0.00,0,222
706.03,1566795346,13555.74,51.48740146,7.40935007,171.61,16.13,0.00,79.09,0,-128.00,-17.00,0.00,0.00,18.00,0.00,0,98
706.03,1566795346,13555.76,51.48740146,7.40935007,171.61,16.13,0.00,79.09,0,-130.00,-19.00,0.00,0.00,17.00,0.00,0,205
709.03,1566795349,13604.12,51.48747163,7.41003057,169.92,15.46,0.00,80.26,0,-90.00,-6.00,0.00,0.00,42.00,0.00,0,171
710.03,1566795350,13619.58,51.48748747,7.41023532,169.51,13.78,0.00,81.44,0,-90.00,-6.00,0.00,0.00,42.00,0.00,0,171
711.04,1566795352,13633.45,51.48750021,7.41042136,169.13,12.32,0.00,82.43,0,-87.00,-6.00,0.00,0.00,45.00,0.00,0,171
712.03,1566795352,13645.68,51.48751020,7.41059173,168.97,11.02,0.00,83.37,0,-87.00,-6.00,0.00,0.00,45.00,0.00,0,171
713.03,1566795353,13656.70,51.48751548,7.41071832,168.49,9.24,0.00,83.81,0,-87.00,-6.00,0.00,0.00,45.00,0.00,0,171
714.03,1566795354,13665.92,51.48752419,7.41082451,167.73,7.50,0.00,80.38,0,-88.00,-5.00,0.00,0.00,43.00,0.00,0,171
715.03,1566795355,13673.42,51.48756550,7.41090144,166.96,6.85,0.00,43.61,0,-88.00,-5.00,0.00,0.00,43.00,0.00,0,171
716.03,1566795356,13680.26,51.48762572,7.41096125,166.53,7.24,0.00,25.02,0,-87.00,-6.00,0.00,0.00,44.00,0.00,0,171
717.03,1566795357,13687.51,51.48768223,7.41098257,166.08,7.56,0.00,5.35,0,-87.00,-6.00,0.00,0.00,44.00,0.00,0,171
718.03,1566795358,13695.08,51.48772310,7.41098215,166.00,7.25,0.00,2.25,0,-85.00,-5.00,0.00,0.00,46.00,0.00,0,171
719.03,1566795359,13702.32,51.48778004,7.41097832,166.21,7.88,0.00,358.80,0,-85.00,-5.00,0.00,0.00,46.00,0.00,0,171
720.03,1566795360,13710.20,51.48784783,7.41097040,166.78,8.10,0.00,356.24,0,-84.00,-4.00,0.00,0.00,46.00,0.00,0,171
721.03,1566795361,13718.30,51.48791707,7.41095949,167.53,7.28,0.00,354.34,0,-84.00,-4.00,0.00,0.00,46.00,0.00,0,171
722.03,1566795362,13725.57,51.48799683,7.41094694,168.05,8.85,0.00,353.41,0,-91.00,-5.00,0.00,0.00,40.00,0.00,0,277
723.03,1566795363,13734.42,51.48808115,7.41093072,168.34,9.70,0.00,352.65,0,-91.00,-5.00,0.00,0.00,40.00,0.00,0,277
724.04,1566795365,13744.20,51.48817567,7.41091080,168.54,10.57,0.00,351.76,0,-92.00,-8.00,0.00,0.00,43.00,0.00,0,277
725.03,1566795365,13754.64,51.48827760,7.41088626,168.60,10.95,0.00,351.02,0,-92.00,-8.00,0.00,0.00,43.00,0.00,0,277
730.03,1566795370,13812.03,51.48882477,7.41074254,167.16,12.31,0.00,347.98,0,-85.00,-7.00,0.00,0.00,48.00,0.00,0,277
731.03,1566795371,13824.34,51.48893858,7.41070569,166.61,12.75,0.00,347.18,0,-85.00,-7.00,0.00,0.00,48.00,0.00,0,277
745.03,1566795385,13960.45,51.49003048,7.41041064,168.54,1.65,0.00,66.67,0,-128.00,-19.00,0.00,0.00,19.00,0.00,0,90
745.03,1566795385,13960.45,51.49003048,7.41041064,168.54,1.65,0.00,66.67,0,-128.00,-19.00,0.00,0.00,19.00,0.00,0,205
745.03,1566795385,13960.45,51.49003048,7.41041064,168.54,1.65,0.00,66.67,0,-130.00,-20.00,0.00,0.00,19.00,0.00,0,133
746.03,1566795386,13962.10,51.49002857,7.41042818,168.49,1.14,0.00,66.67,0,-128.00,-19.00,0.00,0.00,19.00,0.00,0,90
746.03,1566795386,13962.10,51.49002857,7.41042818,168.49,1.14,0.00,66.67,0,-128.00,-19.00,0.00,0.00,19.00,0.00,0,205
746.03,1566795386,13962.10,51.49002857,7.41042818,168.49,1.14,0.00,66.67,0,-130.00,-20.00,0.00,0.00,19.00,0.00,0,133
