0.01,1566967521,0.02,51.44997747,7.48829452,249.62,9.43,0.00,164.27,0,-112.00,-15.00,0.00,0.00,28.00,0.00,0,337
0.01,1566967521,0.02,51.44997747,7.48829452,249.62,9.43,0.00,164.27,0,-114.00,-16.00,0.00,0.00,27.00,0.00,0,142
0.01,1566967521,0.02,51.44997747,7.48829452,249.62,9.43,0.00,164.27,0,-114.00,-18.00,0.00,0.00,29.00,0.00,0,354
0.99,1566967522,9.29,51.44989818,7.48832602,249.62,9.48,0.00,166.13,0,-112.00,-15.00,0.00,0.00,28.00,0.00,0,337
0.99,1566967522,9.30,51.44989818,7.48832602,249.62,9.48,0.00,166.13,0,-114.00,-16.00,0.00,0.00,27.00,0.00,0,142
0.99,1566967522,9.30,51.44989818,7.48832602,249.62,9.48,0.00,166.13,0,-114.00,-18.00,0.00,0.00,29.00,0.00,0,354
2.00,1566967523,18.81,51.44980698,7.48835613,249.99,10.99,0.00,167.43,0,-112.00,-15.00,0.00,0.00,28.00,0.00,0,337
2.00,1566967523,18.82,51.44980698,7.48835613,249.99,10.99,0.00,167.43,0,-114.00,-16.00,0.00,0.00,27.00,0.00,0,142
2.00,1566967523,18.82,51.44980698,7.48835613,249.99,10.99,0.00,167.43,0,-114.00,-18.00,0.00,0.00,29.00,0.00,0,354
3.00,1566967524,29.80,51.44971154,7.48838228,250.21,11.67,0.00,169.33,0,-111.00,-14.00,0.00,0.00,29.00,0.00,0,337
3.00,1566967524,29.82,51.44971154,7.48838228,250.21,11.67,0.00,169.33,0,-114.00,-18.00,0.00,0.00,29.00,0.00,0,354
4.00,1566967525,41.48,51.44960799,7.48839928,250.05,12.26,0.00,171.52,0,-111.00,-14.00,0.00,0.00,29.00,0.00,0,337
4.00,1566967525,41.49,51.44960799,7.48839928,250.05,12.26,0.00,171.52,0,-114.00,-18.00,0.00,0.00,29.00,0.00,0,354
5.00,1566967526,53.73,51.44949466,7.48841929,250.00,12.52,0.00,173.03,0,-112.00,-17.00,0.00,0.00,32.00,0.00,0,337
6.00,1566967527,66.23,51.44938579,7.48842724,250.34,12.60,0.00,174.84,0,-112.00,-17.00,0.00,0.00,32.00,0.00,0,337
30.00,1566967551,407.48,51.44635510,7.48825138,258.35,14.83,0.00,157.57,0,-124.00,-13.00,0.00,0.00,18.00,0.00,0,204
30.00,1566967551,407.49,51.44635510,7.48825138,258.35,14.83,0.00,157.57,0,-129.00,-18.00,0.00,0.00,18.00,0.00,0,90
31.00,1566967552,422.31,51.44623387,7.48836237,259.18,14.67,0.00,154.22,0,-124.00,-13.00,0.00,0.00,18.00,0.00,0,204
31.00,1566967552,422.32,51.44623387,7.48836237,259.18,14.67,0.00,154.22,0,-129.00,-18.00,0.00,0.00,18.00,0.00,0,90
32.00,1566967553,436.98,51.44610697,7.48849515,259.95,14.93,0.00,151.62,0,-129.00,-18.00,0.00,0.00,18.00,0.00,0,204
32.00,1566967553,436.99,51.44610697,7.48849515,259.95,14.93,0.00,151.62,0,-131.00,-20.00,0.00,0.00,18.00,0.00,0,90
33.00,1566967554,451.92,51.44599006,7.48863594,261.11,15.07,0.00,147.76,0,-129.00,-18.00,0.00,0.00,18.00,0.00,0,204
33.00,1566967554,451.94,51.44599006,7.48863594,261.11,15.07,0.00,147.76,0,-131.00,-20.00,0.00,0.00,18.00,0.00,0,90
76.00,1566967597,1024.68,51.44226481,7.48914192,271.86,14.90,0.00,216.30,0,-89.00,-13.00,0.00,0.00,54.00,0.00,0,325
76.00,1566967597,1024.69,51.44226481,7.48914192,271.86,14.90,0.00,216.30,0,-125.00,-17.00,0.00,0.00,20.00,0.00,0,238
76.00,1566967597,1024.71,51.44226481,7.48914192,271.86,14.90,0.00,216.30,0,-125.00,-17.00,0.00,0.00,20.00,0.00,0,208
76.00,1566967597,1024.71,51.44226481,7.48914192,271.86,14.90,0.00,216.30,0,-125.00,-17.00,0.00,0.00,21.00,0.00,0,223
77.00,1566967598,1039.58,51.44215440,7.48901289,271.74,14.65,0.00,217.13,0,-89.00,-13.00,0.00,0.00,54.00,0.00,0,325
77.00,1566967598,1039.60,51.44215440,7.48901289,271.74,14.65,0.00,217.13,0,-125.00,-17.00,0.00,0.00,20.00,0.00,0,238
77.00,1566967598,1039.60,51.44215440,7.48901289,271.74,14.65,0.00,217.13,0,-125.00,-17.00,0.00,0.00,20.00,0.00,0,208
77.00,1566967598,1039.61,51.44215440,7.48901289,271.74,14.65,0.00,217.13,0,-125.00,-17.00,0.00,0.00,21.00,0.00,0,223
78.00,1566967599,1054.23,51.44204417,7.48886634,271.99,15.08,0.00,218.50,0,-125.00,-16.00,0.00,0.00,19.00,0.00,0,208
78.00,1566967599,1054.23,51.44204417,7.48886634,271.99,15.08,0.00,218.50,0,-126.00,-17.00,0.00,0.00,20.00,0.00,0,223
78.00,1566967599,1054.25,51.44204417,7.48886634,271.99,15.08,0.00,218.50,0,-128.00,-19.00,0.00,0.00,20.00,0.00,0,238
79.00,1566967600,1069.30,51.44194413,7.48872560,271.99,15.01,0.00,220.28,0,-125.00,-16.00,0.00,0.00,19.00,0.00,0,208
79.00,1566967600,1069.30,51.44194413,7.48872560,271.99,15.01,0.00,220.28,0,-126.00,-17.00,0.00,0.00,20.00,0.00,0,223
79.00,1566967600,1069.31,51.44194413,7.48872560,271.99,15.01,0.00,220.28,0,-128.00,-19.00,0.00,0.00,20.00,0.00,0,238
80.00,1566967601,1084.31,51.44185429,7.48858504,272.02,14.04,0.00,223.63,0,-87.00,-12.00,0.00,0.00,53.00,0.00,0,325
80.00,1566967601,1084.32,51.44185429,7.48858504,272.02,14.04,0.00,223.63,0,-123.00,-15.00,0.00,0.00,20.00,0.00,0,208
80.00,1566967601,1084.33,51.44185429,7.48858504,272.02,14.04,0.00,223.63,0,-124.00,-16.00,0.00,0.00,21.00,0.00,0,223
81.00,1566967602,1098.36,51.44175533,7.48843002,272.15,14.24,0.00,224.55,0,-87.00,-12.00,0.00,0.00,53.00,0.00,0,325
81.00,1566967602,1098.37,51.44175533,7.48843002,272.15,14.24,0.00,224.55,0,-123.00,-15.00,0.00,0.00,20.00,0.00,0,208
81.00,1566967602,1098.39,51.44175533,7.48843002,272.15,14.24,0.00,224.55,0,-124.00,-16.00,0.00,0.00,21.00,0.00,0,223
82.00,1566967603,1112.56,51.44167396,7.48828805,272.24,13.42,0.00,226.92,0,-73.00,-8.00,0.00,0.00,62.00,0.00,0,325
83.00,1566967604,1125.99,51.44158935,7.48812921,272.62,14.78,0.00,228.39,0,-73.00,-8.00,0.00,0.00,62.00,0.00,0,325
95.00,1566967616,1308.71,51.44054400,7.48598703,277.22,15.47,0.00,232.22,0,-124.00,-15.00,0.00,0.00,19.00,0.00,0,208
95.00,1566967616,1308.73,51.44054400,7.48598703,277.22,15.47,0.00,232.22,0,-124.00,-15.00,0.00,0.00,20.00,0.00,0,52
96.00,1566967617,1324.22,51.44046383,7.48581396,277.45,15.38,0.00,233.04,0,-124.00,-15.00,0.00,0.00,19.00,0.00,0,208
96.00,1566967617,1324.23,51.44046383,7.48581396,277.45,15.38,0.00,233.04,0,-124.00,-15.00,0.00,0.00,20.00,0.00,0,52
97.00,1566967618,1339.53,51.44038312,7.48563426,277.36,15.27,0.00,233.57,0,-82.00,-11.00,0.00,0.00,55.00,0.00,0,326
98.00,1566967619,1354.82,51.44030330,7.48545610,277.30,15.56,0.00,233.58,0,-82.00,-11.00,0.00,0.00,55.00,0.00,0,326
99.00,1566967620,1370.38,51.44022457,7.48528360,277.55,15.23,0.00,233.56,0,-78.00,-7.00,0.00,0.00,55.00,0.00,0,326
100.00,1566967621,1385.61,51.44014705,7.48511488,277.81,14.27,0.00,233.57,0,-78.00,-7.00,0.00,0.00,55.00,0.00,0,326
116.00,1566967637,1612.48,51.43893710,7.48229986,280.81,14.55,0.00,237.15,0,-124.00,-13.00,0.00,0.00,18.00,0.00,0,163
116.00,1566967637,1612.49,51.43893710,7.48229986,280.81,14.55,0.00,237.15,0,-128.00,-17.00,0.00,0.00,17.00,0.00,0,208
117.00,1566967638,1627.02,51.43886569,7.48210308,280.40,14.40,0.00,238.32,0,-124.00,-13.00,0.00,0.00,18.00,0.00,0,163
117.00,1566967638,1627.04,51.43886569,7.48210308,280.40,14.40,0.00,238.32,0,-128.00,-17.00,0.00,0.00,17.00,0.00,0,208
118.00,1566967639,1641.43,51.43880139,7.48192203,280.31,13.79,0.00,237.37,0,-125.00,-14.00,0.00,0.00,18.00,0.00,0,163
118.00,1566967639,1641.44,51.43880139,7.48192203,280.31,13.79,0.00,237.37,0,-130.00,-18.00,0.00,0.00,18.00,0.00,0,208
119.00,1566967640,1655.22,51.43873240,7.48173547,280.51,13.63,0.00,237.91,0,-125.00,-14.00,0.00,0.00,18.00,0.00,0,163
119.00,1566967640,1655.23,51.43873240,7.48173547,280.51,13.63,0.00,237.91,0,-130.00,-18.00,0.00,0.00,18.00,0.00,0,208
119.99,1566967641,1668.79,51.43867000,7.48155441,281.16,13.68,0.00,239.22,0,-125.00,-14.00,0.00,0.00,18.00,0.00,0,163
119.99,1566967641,1668.79,51.43867000,7.48155441,281.16,13.68,0.00,239.22,0,-130.00,-18.00,0.00,0.00,18.00,0.00,0,208
121.00,1566967642,1682.52,51.43860570,7.48136429,281.21,14.51,0.00,239.87,0,-125.00,-14.00,0.00,0.00,18.00,0.00,0,163
121.00,1566967642,1682.53,51.43860570,7.48136429,281.21,14.51,0.00,239.87,0,-130.00,-18.00,0.00,0.00,18.00,0.00,0,208
126.00,1566967647,1755.77,51.43831297,7.48044781,281.34,13.82,0.00,240.64,0,-110.00,-12.00,0.00,0.00,30.00,0.00,0,163
127.00,1566967648,1769.53,51.43825295,7.48025276,281.36,15.52,0.00,242.23,0,-110.00,-12.00,0.00,0.00,30.00,0.00,0,163
131.00,1566967652,1830.97,51.43800388,7.47945441,282.20,15.16,0.00,242.85,0,-112.00,-12.00,0.00,0.00,25.00,0.00,0,326
131.00,1566967652,1830.99,51.43800388,7.47945441,282.20,15.16,0.00,242.85,0,-104.00,-13.00,0.00,0.00,38.00,0.00,0,292
131.00,1566967652,1830.99,51.43800388,7.47945441,282.20,15.16,0.00,242.85,0,-106.00,-14.00,0.00,0.00,38.00,0.00,0,457
132.00,1566967653,1846.14,51.43793014,7.47924317,282.88,16.87,0.00,239.53,0,-112.00,-12.00,0.00,0.00,25.00,0.00,0,326
132.00,1566967653,1846.15,51.43793014,7.47924317,282.88,16.87,0.00,239.53,0,-104.00,-13.00,0.00,0.00,38.00,0.00,0,292
132.00,1566967653,1846.17,51.43793014,7.47924317,282.88,16.87,0.00,239.53,0,-106.00,-14.00,0.00,0.00,38.00,0.00,0,457
133.00,1566967654,1863.02,51.43785845,7.47904629,282.66,16.41,0.00,238.68,0,-111.00,-11.00,0.00,0.00,26.00,0.00,0,326
133.00,1566967654,1863.02,51.43785845,7.47904629,282.66,16.41,0.00,238.68,0,-112.00,-13.00,0.00,0.00,27.00,0.00,0,70
133.00,1566967654,1863.03,51.43785845,7.47904629,282.66,16.41,0.00,238.68,0,-107.00,-15.00,0.00,0.00,36.00,0.00,0,457
133.00,1566967654,1863.05,51.43785845,7.47904629,282.66,16.41,0.00,238.68,0,-109.00,-16.00,0.00,0.00,36.00,0.00,0,292
134.00,1566967655,1879.42,51.43777962,7.47884378,282.66,16.25,0.00,237.63,0,-111.00,-11.00,0.00,0.00,26.00,0.00,0,326
134.00,1566967655,1879.44,51.43777962,7.47884378,282.66,16.25,0.00,237.63,0,-112.00,-13.00,0.00,0.00,27.00,0.00,0,70
134.00,1566967655,1879.44,51.43777962,7.47884378,282.66,16.25,0.00,237.63,0,-107.00,-15.00,0.00,0.00,36.00,0.00,0,457
134.00,1566967655,1879.46,51.43777962,7.47884378,282.66,16.25,0.00,237.63,0,-109.00,-16.00,0.00,0.00,36.00,0.00,0,292
135.00,1566967656,1895.66,51.43771003,7.47864667,282.74,14.51,0.00,239.30,0,-113.00,-14.00,0.00,0.00,26.00,0.00,0,326
135.00,1566967656,1895.67,51.43771003,7.47864667,282.74,14.51,0.00,239.30,0,-113.00,-14.00,0.00,0.00,26.00,0.00,0,70
135.00,1566967656,1895.69,51.43771003,7.47864667,282.74,14.51,0.00,239.30,0,-106.00,-14.00,0.00,0.00,36.00,0.00,0,457
135.00,1566967656,1895.69,51.43771003,7.47864667,282.74,14.51,0.00,239.30,0,-109.00,-16.00,0.00,0.00,36.00,0.00,0,292
136.00,1566967657,1910.18,51.43764217,7.47845622,283.06,14.51,0.00,239.93,0,-113.00,-14.00,0.00,0.00,26.00,0.00,0,326
136.00,1566967657,1910.20,51.43764217,7.47845622,283.06,14.51,0.00,239.93,0,-113.00,-14.00,0.00,0.00,26.00,0.00,0,70
136.00,1566967657,1910.20,51.43764217,7.47845622,283.06,14.51,0.00,239.93,0,-106.00,-14.00,0.00,0.00,36.00,0.00,0,457
136.00,1566967657,1910.21,51.43764217,7.47845622,283.06,14.51,0.00,239.93,0,-109.00,-16.00,0.00,0.00,36.00,0.00,0,292
137.00,1566967658,1924.68,51.43757467,7.47826760,283.61,14.83,0.00,239.71,0,-114.00,-13.00,0.00,0.00,25.00,0.00,0,326
137.00,1566967658,1924.69,51.43757467,7.47826760,283.61,14.83,0.00,239.71,0,-114.00,-14.00,0.00,0.00,26.00,0.00,0,70
137.00,1566967658,1924.71,51.43757467,7.47826760,283.61,14.83,0.00,239.71,0,-109.00,-15.00,0.00,0.00,35.00,0.00,0,457
137.00,1566967658,1924.72,51.43757467,7.47826760,283.61,14.83,0.00,239.71,0,-110.00,-17.00,0.00,0.00,35.00,0.00,0,292
138.00,1566967659,1939.52,51.43751044,7.47808107,283.87,13.72,0.00,241.03,0,-114.00,-13.00,0.00,0.00,25.00,0.00,0,326
138.00,1566967659,1939.52,51.43751044,7.47808107,283.87,13.72,0.00,241.03,0,-114.00,-14.00,0.00,0.00,26.00,0.00,0,70
138.00,1566967659,1939.53,51.43751044,7.47808107,283.87,13.72,0.00,241.03,0,-109.00,-15.00,0.00,0.00,35.00,0.00,0,457
138.00,1566967659,1939.55,51.43751044,7.47808107,283.87,13.72,0.00,241.03,0,-110.00,-17.00,0.00,0.00,35.00,0.00,0,292
139.00,1566967660,1953.25,51.43744936,7.47789307,283.76,14.58,0.00,242.03,0,-112.00,-13.00,0.00,0.00,27.00,0.00,0,70
139.00,1566967660,1953.25,51.43744936,7.47789307,283.76,14.58,0.00,242.03,0,-116.00,-16.00,0.00,0.00,25.00,0.00,0,326
139.00,1566967660,1953.26,51.43744936,7.47789307,283.76,14.58,0.00,242.03,0,-111.00,-17.00,0.00,0.00,34.00,0.00,0,292
139.00,1566967660,1953.28,51.43744936,7.47789307,283.76,14.58,0.00,242.03,0,-112.00,-18.00,0.00,0.00,34.00,0.00,0,457
139.99,1566967661,1967.74,51.43738497,7.47771011,283.34,13.50,0.00,238.79,0,-112.00,-13.00,0.00,0.00,27.00,0.00,0,70
140.00,1566967661,1967.76,51.43738497,7.47771011,283.34,13.50,0.00,238.79,0,-116.00,-16.00,0.00,0.00,25.00,0.00,0,326
140.00,1566967661,1967.76,51.43738497,7.47771011,283.34,13.50,0.00,238.79,0,-111.00,-17.00,0.00,0.00,34.00,0.00,0,292
140.00,1566967661,1967.76,51.43738497,7.47771011,283.34,13.50,0.00,238.79,0,-112.00,-18.00,0.00,0.00,34.00,0.00,0,457
143.00,1566967664,2008.59,51.43719399,7.47715938,283.81,13.78,0.00,241.87,0,-112.00,-11.00,0.00,0.00,25.00,0.00,0,70
143.00,1566967664,2008.60,51.43719399,7.47715938,283.81,13.78,0.00,241.87,0,-117.00,-15.00,0.00,0.00,23.00,0.00,0,326
143.00,1566967664,2008.62,51.43719399,7.47715938,283.81,13.78,0.00,241.87,0,-119.00,-17.00,0.00,0.00,24.00,0.00,0,237
143.00,1566967664,2008.63,51.43719399,7.47715938,283.81,13.78,0.00,241.87,0,-119.00,-10.00,0.00,0.00,20.00,0.00,0,163
143.00,1566967664,2008.63,51.43719399,7.47715938,283.81,13.78,0.00,241.87,0,-103.00,-12.00,0.00,0.00,35.00,0.00,0,457
143.00,1566967664,2008.65,51.43719399,7.47715938,283.81,13.78,0.00,241.87,0,-108.00,-15.00,0.00,0.00,34.00,0.00,0,248
143.01,1566967664,2008.66,51.43719399,7.47715938,283.81,13.78,0.00,241.87,0,0.00,0.00,0.00,0.00,63.00,0.00,0,23
144.00,1566967665,2022.37,51.43714059,7.47697561,284.21,13.21,0.00,243.39,0,-112.00,-11.00,0.00,0.00,25.00,0.00,0,70
144.00,1566967665,2022.37,51.43714059,7.47697561,284.21,13.21,0.00,243.39,0,-117.00,-15.00,0.00,0.00,23.00,0.00,0,326
144.00,1566967665,2022.39,51.43714059,7.47697561,284.21,13.21,0.00,243.39,0,-119.00,-17.00,0.00,0.00,24.00,0.00,0,237
144.00,1566967665,2022.40,51.43714059,7.47697561,284.21,13.21,0.00,243.39,0,-119.00,-10.00,0.00,0.00,20.00,0.00,0,163
144.00,1566967665,2022.41,51.43714059,7.47697561,284.21,13.21,0.00,243.39,0,-103.00,-12.00,0.00,0.00,35.00,0.00,0,457
144.00,1566967665,2022.41,51.43714059,7.47697561,284.21,13.21,0.00,243.39,0,-108.00,-15.00,0.00,0.00,34.00,0.00,0,248
144.00,1566967665,2022.43,51.43714059,7.47697561,284.21,13.21,0.00,243.39,0,0.00,0.00,0.00,0.00,63.00,0.00,0,23
145.00,1566967666,2035.60,51.43709992,7.47680543,284.40,12.33,0.00,246.48,0,-113.00,-13.00,0.00,0.00,26.00,0.00,0,70
145.00,1566967666,2035.61,51.43709992,7.47680543,284.40,12.33,0.00,246.48,0,-116.00,-15.00,0.00,0.00,24.00,0.00,0,326
145.00,1566967666,2035.62,51.43709992,7.47680543,284.40,12.33,0.00,246.48,0,-119.00,-18.00,0.00,0.00,23.00,0.00,0,337
145.00,1566967666,2035.64,51.43709992,7.47680543,284.40,12.33,0.00,246.48,0,-121.00,-11.00,0.00,0.00,19.00,0.00,0,163
145.00,1566967666,2035.64,51.43709992,7.47680543,284.40,12.33,0.00,246.48,0,-105.00,-14.00,0.00,0.00,36.00,0.00,0,457
145.01,1566967666,2035.65,51.43709992,7.47680543,284.40,12.33,0.00,246.48,0,-108.00,-16.00,0.00,0.00,35.00,0.00,0,248
145.01,1566967666,2035.66,51.43709992,7.47680543,284.40,12.33,0.00,246.48,0,-111.00,-21.00,0.00,0.00,35.00,0.00,0,337
145.01,1566967666,2035.66,51.43709992,7.47680543,284.40,12.33,0.00,246.48,0,0.00,0.00,0.00,0.00,63.00,0.00,0,23
146.00,1566967667,2047.93,51.43709086,7.47661038,284.07,11.11,0.00,266.42,0,-113.00,-13.00,0.00,0.00,26.00,0.00,0,70
146.00,1566967667,2047.94,51.43709086,7.47661038,284.07,11.11,0.00,266.42,0,-116.00,-15.00,0.00,0.00,24.00,0.00,0,326
146.00,1566967667,2047.95,51.43709086,7.47661038,284.07,11.11,0.00,266.42,0,-119.00,-18.00,0.00,0.00,23.00,0.00,0,337
146.00,1566967667,2047.96,51.43709086,7.47661038,284.07,11.11,0.00,266.42,0,-121.00,-11.00,0.00,0.00,19.00,0.00,0,163
146.00,1566967667,2047.96,51.43709086,7.47661038,284.07,11.11,0.00,266.42,0,-105.00,-14.00,0.00,0.00,36.00,0.00,0,457
146.01,1566967667,2047.97,51.43709086,7.47661038,284.07,11.11,0.00,266.42,0,-108.00,-16.00,0.00,0.00,35.00,0.00,0,248
146.01,1566967667,2047.98,51.43709086,7.47661038,284.07,11.11,0.00,266.42,0,-111.00,-21.00,0.00,0.00,35.00,0.00,0,337
146.01,1566967667,2048.00,51.43709086,7.47661038,284.07,11.11,0.00,266.42,0,0.00,0.00,0.00,0.00,63.00,0.00,0,23
149.01,1566967670,2078.14,51.43723635,7.47618763,284.74,9.15,0.00,327.15,0,-130.00,-17.00,0.00,0.00,16.00,0.00,0,163
149.01,1566967670,2078.15,51.43723635,7.47618763,284.74,9.15,0.00,327.15,0,-134.00,-21.00,0.00,0.00,16.00,0.00,0,54
150.00,1566967671,2087.21,51.43733141,7.47614900,285.27,9.88,0.00,350.14,0,-130.00,-17.00,0.00,0.00,16.00,0.00,0,163
150.00,1566967671,2087.22,51.43733141,7.47614900,285.27,9.88,0.00,350.14,0,-134.00,-21.00,0.00,0.00,16.00,0.00,0,54
151.00,1566967672,2097.09,51.43742786,7.47615599,285.67,9.99,0.00,8.89,0,-130.00,-17.00,0.00,0.00,16.00,0.00,0,163
151.00,1566967672,2097.10,51.43742786,7.47615599,285.67,9.99,0.00,8.89,0,-134.00,-21.00,0.00,0.00,16.00,0.00,0,54
152.00,1566967673,2107.07,51.43750766,7.47622508,286.18,9.74,0.00,36.04,0,-130.00,-16.00,0.00,0.00,16.00,0.00,0,163
153.00,1566967674,2116.82,51.43757871,7.47632949,286.80,10.54,0.00,49.44,0,-130.00,-16.00,0.00,0.00,16.00,0.00,0,163
154.00,1566967675,2127.35,51.43765652,7.47646034,286.94,11.42,0.00,49.95,0,-131.00,-17.00,0.00,0.00,16.00,0.00,0,163
155.00,1566967676,2138.78,51.43772714,7.47659257,287.38,12.63,0.00,50.96,0,-131.00,-17.00,0.00,0.00,16.00,0.00,0,163
156.00,1566967677,2151.41,51.43780427,7.47673944,287.60,13.24,0.00,51.49,0,-130.00,-17.00,0.00,0.00,15.00,0.00,0,163
157.00,1566967678,2164.65,51.43788580,7.47689476,287.93,14.04,0.00,51.89,0,-130.00,-17.00,0.00,0.00,15.00,0.00,0,163
175.00,1566967696,2531.26,51.43986554,7.48131340,293.34,24.14,0.00,50.24,0,-130.00,-20.00,0.00,0.00,20.00,0.00,0,223
175.00,1566967696,2531.29,51.43986554,7.48131340,293.34,24.14,0.00,50.24,0,-132.00,-24.00,0.00,0.00,20.00,0.00,0,373
175.00,1566967696,2531.31,51.43986554,7.48131340,293.34,24.14,0.00,50.24,0,-132.00,-23.00,0.00,0.00,20.00,0.00,0,363
176.00,1566967697,2555.40,51.44001213,7.48157750,294.22,24.43,0.00,48.17,0,-130.00,-20.00,0.00,0.00,20.00,0.00,0,223
176.00,1566967697,2555.43,51.44001213,7.48157750,294.22,24.43,0.00,48.17,0,-132.00,-24.00,0.00,0.00,20.00,0.00,0,373
176.00,1566967697,2555.43,51.44001213,7.48157750,294.22,24.43,0.00,48.17,0,-132.00,-23.00,0.00,0.00,20.00,0.00,0,363
177.00,1566967698,2579.81,51.44015817,7.48183413,295.29,23.94,0.00,47.32,0,-127.00,-18.00,0.00,0.00,20.00,0.00,0,223
178.00,1566967699,2603.72,51.44030148,7.48207661,295.60,23.93,0.00,47.15,0,-127.00,-18.00,0.00,0.00,20.00,0.00,0,223
179.00,1566967700,2627.66,51.44045447,7.48231770,294.91,24.03,0.00,43.38,0,-127.00,-18.00,0.00,0.00,20.00,0.00,0,223
180.00,1566967701,2651.74,51.44061416,7.48255680,293.95,24.24,0.00,41.40,0,-127.00,-18.00,0.00,0.00,20.00,0.00,0,223
181.00,1566967702,2675.93,51.44077664,7.48279007,292.57,24.47,0.00,40.29,0,-125.00,-17.00,0.00,0.00,20.00,0.00,0,223
182.00,1566967703,2700.37,51.44093237,7.48301616,290.84,24.30,0.00,40.10,0,-125.00,-17.00,0.00,0.00,20.00,0.00,0,223
196.00,1566967717,3040.04,51.44350749,7.48536980,275.61,24.08,0.00,23.57,0,-80.00,-6.00,0.00,0.00,53.00,0.00,0,324
197.00,1566967718,3064.09,51.44369694,7.48550698,275.02,23.38,0.00,23.25,0,-80.00,-6.00,0.00,0.00,53.00,0.00,0,324
229.00,1566967750,3582.43,51.44371172,7.48389570,266.98,20.39,0.00,269.82,0,-83.00,-11.00,0.00,0.00,54.00,0.00,0,326
230.00,1566967751,3602.82,51.44370928,7.48360624,266.85,21.03,0.00,268.43,0,-83.00,-11.00,0.00,0.00,54.00,0.00,0,326
231.00,1566967752,3623.83,51.44370429,7.48330080,266.40,21.37,0.00,268.30,0,-84.00,-9.00,0.00,0.00,51.00,0.00,0,326
232.00,1566967753,3645.20,51.44369771,7.48299506,266.01,21.35,0.00,267.58,0,-84.00,-9.00,0.00,0.00,51.00,0.00,0,326
236.00,1566967757,3731.49,51.44366041,7.48175316,264.87,22.06,0.00,266.46,0,-88.00,-7.00,0.00,0.00,45.00,0.00,0,326
237.00,1566967758,3753.57,51.44364627,7.48143338,264.75,22.39,0.00,266.13,0,-88.00,-7.00,0.00,0.00,45.00,0.00,0,326
238.00,1566967759,3776.02,51.44363256,7.48111084,264.61,22.72,0.00,265.95,0,-95.00,-12.00,0.00,0.00,42.00,0.00,0,324
238.00,1566967759,3776.05,51.44363256,7.48111084,264.61,22.72,0.00,265.95,0,-120.00,-13.00,0.00,0.00,22.00,0.00,0,204
238.00,1566967759,3776.07,51.44363256,7.48111084,264.61,22.72,0.00,265.95,0,-122.00,-15.00,0.00,0.00,21.00,0.00,0,208
238.00,1566967759,3776.09,51.44363256,7.48111084,264.61,22.72,0.00,265.95,0,-125.00,-16.00,0.00,0.00,20.00,0.00,0,367
239.00,1566967760,3798.74,51.44361602,7.48078134,264.39,23.07,0.00,265.05,0,-95.00,-12.00,0.00,0.00,42.00,0.00,0,324
239.00,1566967760,3798.74,51.44361602,7.48078134,264.39,23.07,0.00,265.05,0,-120.00,-13.00,0.00,0.00,22.00,0.00,0,204
239.00,1566967760,3798.77,51.44361602,7.48078134,264.39,23.07,0.00,265.05,0,-122.00,-15.00,0.00,0.00,21.00,0.00,0,208
239.00,1566967760,3798.79,51.44361602,7.48078134,264.39,23.07,0.00,265.05,0,-125.00,-16.00,0.00,0.00,20.00,0.00,0,367
240.00,1566967761,3821.76,51.44359926,7.48045036,264.15,23.32,0.00,264.60,0,-119.00,-12.00,0.00,0.00,22.00,0.00,0,208
240.00,1566967761,3821.76,51.44359926,7.48045036,264.15,23.32,0.00,264.60,0,-124.00,-16.00,0.00,0.00,21.00,0.00,0,367
241.00,1566967762,3845.09,51.44358203,7.48011542,263.90,23.40,0.00,264.31,0,-119.00,-12.00,0.00,0.00,22.00,0.00,0,208
241.00,1566967762,3845.11,51.44358203,7.48011542,263.90,23.40,0.00,264.31,0,-124.00,-16.00,0.00,0.00,21.00,0.00,0,367
242.00,1566967763,3868.51,51.44355679,7.47977460,263.70,23.51,0.00,263.57,0,-120.00,-12.00,0.00,0.00,21.00,0.00,0,208
242.00,1566967763,3868.54,51.44355679,7.47977460,263.70,23.51,0.00,263.57,0,-126.00,-17.00,0.00,0.00,20.00,0.00,0,367
242.00,1566967763,3868.56,51.44355679,7.47977460,263.70,23.51,0.00,263.57,0,-128.00,-19.00,0.00,0.00,20.00,0.00,0,204
243.00,1566967764,3892.07,51.44353075,7.47943678,263.50,23.59,0.00,263.29,0,-120.00,-12.00,0.00,0.00,21.00,0.00,0,208
243.00,1566967764,3892.07,51.44353075,7.47943678,263.50,23.59,0.00,263.29,0,-126.00,-17.00,0.00,0.00,20.00,0.00,0,367
243.00,1566967764,3892.09,51.44353075,7.47943678,263.50,23.59,0.00,263.29,0,-128.00,-19.00,0.00,0.00,20.00,0.00,0,204
259.00,1566967780,4275.33,51.44296003,7.47397154,256.20,27.24,0.00,257.96,0,-122.00,-14.00,0.00,0.00,20.00,0.00,0,367
260.00,1566967781,4302.54,51.44290635,7.47358051,255.19,28.41,0.00,258.02,0,-122.00,-14.00,0.00,0.00,20.00,0.00,0,367
261.00,1566967782,4331.01,51.44285361,7.47318354,254.14,29.07,0.00,258.37,0,-100.00,-10.00,0.00,0.00,35.00,0.00,0,342
261.00,1566967782,4331.04,51.44285361,7.47318354,254.14,29.07,0.00,258.37,0,-107.00,-17.00,0.00,0.00,35.00,0.00,0,144
261.00,1566967782,4331.07,51.44285361,7.47318354,254.14,29.07,0.00,258.37,0,-123.00,-14.00,0.00,0.00,20.00,0.00,0,367
261.00,1566967782,4331.07,51.44285361,7.47318354,254.14,29.07,0.00,258.37,0,-128.00,-17.00,0.00,0.00,19.00,0.00,0,204
262.00,1566967783,4360.10,51.44279899,7.47277060,253.08,29.61,0.00,259.69,0,-100.00,-10.00,0.00,0.00,35.00,0.00,0,342
262.00,1566967783,4360.13,51.44279899,7.47277060,253.08,29.61,0.00,259.69,0,-107.00,-17.00,0.00,0.00,35.00,0.00,0,144
262.00,1566967783,4360.13,51.44279899,7.47277060,253.08,29.61,0.00,259.69,0,-123.00,-14.00,0.00,0.00,20.00,0.00,0,367
262.00,1566967783,4360.16,51.44279899,7.47277060,253.08,29.61,0.00,259.69,0,-128.00,-17.00,0.00,0.00,19.00,0.00,0,204
265.00,1566967786,4451.22,51.44262552,7.47144705,250.54,31.61,0.00,259.05,0,-129.00,-17.00,0.00,0.00,17.00,0.00,0,223
265.00,1566967786,4451.26,51.44262552,7.47144705,250.54,31.61,0.00,259.05,0,-132.00,-19.00,0.00,0.00,17.00,0.00,0,208
265.00,1566967786,4451.26,51.44262552,7.47144705,250.54,31.61,0.00,259.05,0,-132.00,-20.00,0.00,0.00,17.00,0.00,0,52
266.00,1566967787,4482.81,51.44256789,7.47099738,249.64,32.36,0.00,258.99,0,-129.00,-17.00,0.00,0.00,17.00,0.00,0,223
266.00,1566967787,4482.84,51.44256789,7.47099738,249.64,32.36,0.00,258.99,0,-132.00,-19.00,0.00,0.00,17.00,0.00,0,208
266.00,1566967787,4482.87,51.44256789,7.47099738,249.64,32.36,0.00,258.99,0,-132.00,-20.00,0.00,0.00,17.00,0.00,0,52
267.00,1566967788,4515.20,51.44251093,7.47053707,248.66,32.71,0.00,258.97,0,-130.00,-17.00,0.00,0.00,17.00,0.00,0,223
267.00,1566967788,4515.20,51.44251093,7.47053707,248.66,32.71,0.00,258.97,0,-131.00,-19.00,0.00,0.00,17.00,0.00,0,52
267.00,1566967788,4515.24,51.44251093,7.47053707,248.66,32.71,0.00,258.97,0,-133.00,-20.00,0.00,0.00,17.00,0.00,0,208
268.00,1566967789,4547.91,51.44245300,7.47006829,247.78,33.30,0.00,257.95,0,-130.00,-17.00,0.00,0.00,17.00,0.00,0,223
268.00,1566967789,4547.95,51.44245300,7.47006829,247.78,33.30,0.00,257.95,0,-131.00,-19.00,0.00,0.00,17.00,0.00,0,52
268.00,1566967789,4547.95,51.44245300,7.47006829,247.78,33.30,0.00,257.95,0,-133.00,-20.00,0.00,0.00,17.00,0.00,0,208
269.00,1566967790,4581.31,51.44239912,7.46960480,246.87,33.32,0.00,258.08,0,-110.00,-11.00,0.00,0.00,27.00,0.00,0,326
269.00,1566967790,4581.31,51.44239912,7.46960480,246.87,33.32,0.00,258.08,0,-116.00,-14.00,0.00,0.00,24.00,0.00,0,144
269.00,1566967790,4581.34,51.44239912,7.46960480,246.87,33.32,0.00,258.08,0,-119.00,-15.00,0.00,0.00,21.00,0.00,0,52
269.00,1566967790,4581.37,51.44239912,7.46960480,246.87,33.32,0.00,258.08,0,-128.00,-16.00,0.00,0.00,17.00,0.00,0,52
269.00,1566967790,4581.41,51.44239912,7.46960480,246.87,33.32,0.00,258.08,0,-130.00,-17.00,0.00,0.00,17.00,0.00,0,223
269.00,1566967790,4581.41,51.44239912,7.46960480,246.87,33.32,0.00,258.08,0,0.00,0.00,0.00,0.00,63.00,0.00,0,427
269.01,1566967790,4581.44,51.44239912,7.46960480,246.87,33.32,0.00,258.08,0,0.00,0.00,0.00,0.00,63.00,0.00,0,31
269.01,1566967790,4581.47,51.44239912,7.46960480,246.87,33.32,0.00,258.08,0,0.00,0.00,0.00,0.00,63.00,0.00,0,29
270.00,1566967791,4614.63,51.44234510,7.46913989,246.23,33.81,0.00,259.59,0,-110.00,-11.00,0.00,0.00,27.00,0.00,0,326
270.00,1566967791,4614.67,51.44234510,7.46913989,246.23,33.81,0.00,259.59,0,-116.00,-14.00,0.00,0.00,24.00,0.00,0,144
270.00,1566967791,4614.70,51.44234510,7.46913989,246.23,33.81,0.00,259.59,0,-119.00,-15.00,0.00,0.00,21.00,0.00,0,52
270.00,1566967791,4614.73,51.44234510,7.46913989,246.23,33.81,0.00,259.59,0,-128.00,-16.00,0.00,0.00,17.00,0.00,0,52
270.00,1566967791,4614.73,51.44234510,7.46913989,246.23,33.81,0.00,259.59,0,-130.00,-17.00,0.00,0.00,17.00,0.00,0,223
270.01,1566967791,4614.77,51.44234510,7.46913989,246.23,33.81,0.00,259.59,0,0.00,0.00,0.00,0.00,63.00,0.00,0,427
270.01,1566967791,4614.80,51.44234510,7.46913989,246.23,33.81,0.00,259.59,0,0.00,0.00,0.00,0.00,63.00,0.00,0,31
270.01,1566967791,4614.84,51.44234510,7.46913989,246.23,33.81,0.00,259.59,0,0.00,0.00,0.00,0.00,63.00,0.00,0,29
271.00,1566967792,4648.41,51.44228742,7.46865720,245.63,34.58,0.00,259.53,0,-110.00,-10.00,0.00,0.00,25.00,0.00,0,326
271.00,1566967792,4648.44,51.44228742,7.46865720,245.63,34.58,0.00,259.53,0,-115.00,-14.00,0.00,0.00,24.00,0.00,0,144
271.00,1566967792,4648.48,51.44228742,7.46865720,245.63,34.58,0.00,259.53,0,-118.00,-15.00,0.00,0.00,22.00,0.00,0,350
271.00,1566967792,4648.51,51.44228742,7.46865720,245.63,34.58,0.00,259.53,0,-127.00,-16.00,0.00,0.00,18.00,0.00,0,52
271.00,1566967792,4648.55,51.44228742,7.46865720,245.63,34.58,0.00,259.53,0,-129.00,-17.00,0.00,0.00,18.00,0.00,0,223
271.01,1566967792,4648.58,51.44228742,7.46865720,245.63,34.58,0.00,259.53,0,0.00,0.00,0.00,0.00,63.00,0.00,0,427
271.01,1566967792,4648.58,51.44228742,7.46865720,245.63,34.58,0.00,259.53,0,0.00,0.00,0.00,0.00,63.00,0.00,0,31
271.01,1566967792,4648.62,51.44228742,7.46865720,245.63,34.58,0.00,259.53,0,0.00,0.00,0.00,0.00,63.00,0.00,0,29
272.00,1566967793,4683.02,51.44222607,7.46816229,245.02,34.78,0.00,258.88,0,-110.00,-10.00,0.00,0.00,25.00,0.00,0,326
272.00,1566967793,4683.06,51.44222607,7.46816229,245.02,34.78,0.00,258.88,0,-115.00,-14.00,0.00,0.00,24.00,0.00,0,144
272.00,1566967793,4683.09,51.44222607,7.46816229,245.02,34.78,0.00,258.88,0,-118.00,-15.00,0.00,0.00,22.00,0.00,0,350
272.00,1566967793,4683.13,51.44222607,7.46816229,245.02,34.78,0.00,258.88,0,-127.00,-16.00,0.00,0.00,18.00,0.00,0,52
272.00,1566967793,4683.13,51.44222607,7.46816229,245.02,34.78,0.00,258.88,0,-129.00,-17.00,0.00,0.00,18.00,0.00,0,223
272.01,1566967793,4683.16,51.44222607,7.46816229,245.02,34.78,0.00,258.88,0,0.00,0.00,0.00,0.00,63.00,0.00,0,427
272.01,1566967793,4683.20,51.44222607,7.46816229,245.02,34.78,0.00,258.88,0,0.00,0.00,0.00,0.00,63.00,0.00,0,31
272.01,1566967793,4683.20,51.44222607,7.46816229,245.02,34.78,0.00,258.88,0,0.00,0.00,0.00,0.00,63.00,0.00,0,29
273.00,1566967794,4717.84,51.44216279,7.46766237,244.36,34.74,0.00,259.50,0,-112.00,-11.00,0.00,0.00,25.00,0.00,0,326
273.00,1566967794,4717.87,51.44216279,7.46766237,244.36,34.74,0.00,259.50,0,-114.00,-14.00,0.00,0.00,25.00,0.00,0,144
273.00,1566967794,4717.87,51.44216279,7.46766237,244.36,34.74,0.00,259.50,0,-117.00,-15.00,0.00,0.00,24.00,0.00,0,397
273.00,1566967794,4717.91,51.44216279,7.46766237,244.36,34.74,0.00,259.50,0,-128.00,-16.00,0.00,0.00,17.00,0.00,0,25
273.01,1566967794,4717.94,51.44216279,7.46766237,244.36,34.74,0.00,259.50,0,-131.00,-20.00,0.00,0.00,17.00,0.00,0,474
273.01,1566967794,4717.94,51.44216279,7.46766237,244.36,34.74,0.00,259.50,0,-129.00,-17.00,0.00,0.00,18.00,0.00,0,223
273.01,1566967794,4717.98,51.44216279,7.46766237,244.36,34.74,0.00,259.50,0,0.00,0.00,0.00,0.00,63.00,0.00,0,427
273.01,1566967794,4718.01,51.44216279,7.46766237,244.36,34.74,0.00,259.50,0,0.00,0.00,0.00,0.00,63.00,0.00,0,31
273.01,1566967794,4718.05,51.44216279,7.46766237,244.36,34.74,0.00,259.50,0,0.00,0.00,0.00,0.00,63.00,0.00,0,28
273.01,1566967794,4718.05,51.44216279,7.46766237,244.36,34.74,0.00,259.50,0,0.00,0.00,0.00,0.00,63.00,0.00,0,29
274.00,1566967795,4752.57,51.44210166,7.46717165,243.77,34.63,0.00,259.73,0,-112.00,-11.00,0.00,0.00,25.00,0.00,0,326
274.00,1566967795,4752.61,51.44210166,7.46717165,243.77,34.63,0.00,259.73,0,-114.00,-14.00,0.00,0.00,25.00,0.00,0,144
274.00,1566967795,4752.64,51.44210166,7.46717165,243.77,34.63,0.00,259.73,0,-117.00,-15.00,0.00,0.00,24.00,0.00,0,397
274.01,1566967795,4752.68,51.44210166,7.46717165,243.77,34.63,0.00,259.73,0,-128.00,-16.00,0.00,0.00,17.00,0.00,0,25
274.01,1566967795,4752.68,51.44210166,7.46717165,243.77,34.63,0.00,259.73,0,-131.00,-20.00,0.00,0.00,17.00,0.00,0,474
274.01,1566967795,4752.71,51.44210166,7.46717165,243.77,34.63,0.00,259.73,0,-129.00,-17.00,0.00,0.00,18.00,0.00,0,223
274.01,1566967795,4752.75,51.44210166,7.46717165,243.77,34.63,0.00,259.73,0,0.00,0.00,0.00,0.00,63.00,0.00,0,427
274.01,1566967795,4752.78,51.44210166,7.46717165,243.77,34.63,0.00,259.73,0,0.00,0.00,0.00,0.00,63.00,0.00,0,31
274.01,1566967795,4752.81,51.44210166,7.46717165,243.77,34.63,0.00,259.73,0,0.00,0.00,0.00,0.00,63.00,0.00,0,28
274.01,1566967795,4752.85,51.44210166,7.46717165,243.77,34.63,0.00,259.73,0,0.00,0.00,0.00,0.00,63.00,0.00,0,29
275.00,1566967796,4787.21,51.44203896,7.46666647,242.90,34.83,0.00,259.77,0,-112.00,-12.00,0.00,0.00,25.00,0.00,0,326
275.00,1566967796,4787.24,51.44203896,7.46666647,242.90,34.83,0.00,259.77,0,-114.00,-12.00,0.00,0.00,23.00,0.00,0,337
275.00,1566967796,4787.28,51.44203896,7.46666647,242.90,34.83,0.00,259.77,0,-116.00,-14.00,0.00,0.00,24.00,0.00,0,397
275.00,1566967796,4787.28,51.44203896,7.46666647,242.90,34.83,0.00,259.77,0,-130.00,-18.00,0.00,0.00,17.00,0.00,0,25
275.01,1566967796,4787.31,51.44203896,7.46666647,242.90,34.83,0.00,259.77,0,-130.00,-18.00,0.00,0.00,18.00,0.00,0,223
275.01,1566967796,4787.35,51.44203896,7.46666647,242.90,34.83,0.00,259.77,0,-131.00,-21.00,0.00,0.00,18.00,0.00,0,474
275.01,1566967796,4787.38,51.44203896,7.46666647,242.90,34.83,0.00,259.77,0,0.00,0.00,0.00,0.00,63.00,0.00,0,427
275.01,1566967796,4787.38,51.44203896,7.46666647,242.90,34.83,0.00,259.77,0,0.00,0.00,0.00,0.00,63.00,0.00,0,31
275.01,1566967796,4787.42,51.44203896,7.46666647,242.90,34.83,0.00,259.77,0,0.00,0.00,0.00,0.00,63.00,0.00,0,28
275.01,1566967796,4787.45,51.44203896,7.46666647,242.90,34.83,0.00,259.77,0,0.00,0.00,0.00,0.00,63.00,0.00,0,29
276.00,1566967797,4822.04,51.44197818,7.46616472,241.86,34.88,0.00,259.74,0,-112.00,-12.00,0.00,0.00,25.00,0.00,0,326
276.00,1566967797,4822.07,51.44197818,7.46616472,241.86,34.88,0.00,259.74,0,-114.00,-12.00,0.00,0.00,23.00,0.00,0,337
276.00,1566967797,4822.11,51.44197818,7.46616472,241.86,34.88,0.00,259.74,0,-116.00,-14.00,0.00,0.00,24.00,0.00,0,397
276.01,1566967797,4822.14,51.44197818,7.46616472,241.86,34.88,0.00,259.74,0,-130.00,-18.00,0.00,0.00,17.00,0.00,0,25
276.01,1566967797,4822.14,51.44197818,7.46616472,241.86,34.88,0.00,259.74,0,-130.00,-18.00,0.00,0.00,18.00,0.00,0,223
276.01,1566967797,4822.18,51.44197818,7.46616472,241.86,34.88,0.00,259.74,0,-131.00,-21.00,0.00,0.00,18.00,0.00,0,474
276.01,1566967797,4822.21,51.44197818,7.46616472,241.86,34.88,0.00,259.74,0,0.00,0.00,0.00,0.00,63.00,0.00,0,427
276.01,1566967797,4822.21,51.44197818,7.46616472,241.86,34.88,0.00,259.74,0,0.00,0.00,0.00,0.00,63.00,0.00,0,31
276.01,1566967797,4822.24,51.44197818,7.46616472,241.86,34.88,0.00,259.74,0,0.00,0.00,0.00,0.00,63.00,0.00,0,28
276.01,1566967797,4822.28,51.44197818,7.46616472,241.86,34.88,0.00,259.74,0,0.00,0.00,0.00,0.00,63.00,0.00,0,29
280.00,1566967801,4962.43,51.44179311,7.46417030,238.47,35.50,0.00,262.11,0,-108.00,-10.00,0.00,0.00,27.00,0.00,0,337
280.00,1566967801,4962.46,51.44179311,7.46417030,238.47,35.50,0.00,262.11,0,-110.00,-13.00,0.00,0.00,28.00,0.00,0,397
280.00,1566967801,4962.46,51.44179311,7.46417030,238.47,35.50,0.00,262.11,0,-110.00,-12.00,0.00,0.00,27.00,0.00,0,144
280.00,1566967801,4962.50,51.44179311,7.46417030,238.47,35.50,0.00,262.11,0,-137.00,-22.00,0.00,0.00,16.00,0.00,0,103
280.00,1566967801,4962.53,51.44179311,7.46417030,238.47,35.50,0.00,262.11,0,-124.00,-17.00,0.00,0.00,21.00,0.00,0,223
280.01,1566967801,4962.57,51.44179311,7.46417030,238.47,35.50,0.00,262.11,0,-125.00,-17.00,0.00,0.00,22.00,0.00,0,238
280.01,1566967801,4962.57,51.44179311,7.46417030,238.47,35.50,0.00,262.11,0,-128.00,-20.00,0.00,0.00,21.00,0.00,0,54
281.00,1566967802,4997.89,51.44175460,7.46365883,237.94,35.46,0.00,262.65,0,-108.00,-10.00,0.00,0.00,27.00,0.00,0,337
281.00,1566967802,4997.93,51.44175460,7.46365883,237.94,35.46,0.00,262.65,0,-110.00,-13.00,0.00,0.00,28.00,0.00,0,397
281.00,1566967802,4997.96,51.44175460,7.46365883,237.94,35.46,0.00,262.65,0,-110.00,-12.00,0.00,0.00,27.00,0.00,0,144
281.00,1566967802,4998.00,51.44175460,7.46365883,237.94,35.46,0.00,262.65,0,-137.00,-22.00,0.00,0.00,16.00,0.00,0,103
281.00,1566967802,4998.00,51.44175460,7.46365883,237.94,35.46,0.00,262.65,0,-124.00,-17.00,0.00,0.00,21.00,0.00,0,223
281.00,1566967802,4998.03,51.44175460,7.46365883,237.94,35.46,0.00,262.65,0,-125.00,-17.00,0.00,0.00,22.00,0.00,0,238
281.01,1566967802,4998.07,51.44175460,7.46365883,237.94,35.46,0.00,262.65,0,-128.00,-20.00,0.00,0.00,21.00,0.00,0,54
282.00,1566967803,5033.35,51.44171714,7.46315330,237.38,35.42,0.00,263.62,0,-109.00,-13.00,0.00,0.00,29.00,0.00,0,144
282.00,1566967803,5033.39,51.44171714,7.46315330,237.38,35.42,0.00,263.62,0,-110.00,-12.00,0.00,0.00,27.00,0.00,0,397
282.00,1566967803,5033.39,51.44171714,7.46315330,237.38,35.42,0.00,263.62,0,-127.00,-15.00,0.00,0.00,17.00,0.00,0,367
282.00,1566967803,5033.42,51.44171714,7.46315330,237.38,35.42,0.00,263.62,0,-133.00,-23.00,0.00,0.00,17.00,0.00,0,250
282.00,1566967803,5033.46,51.44171714,7.46315330,237.38,35.42,0.00,263.62,0,-134.00,-21.00,0.00,0.00,17.00,0.00,0,133
283.00,1566967804,5068.78,51.44168619,7.46264593,236.79,35.50,0.00,263.97,0,-109.00,-13.00,0.00,0.00,29.00,0.00,0,144
283.00,1566967804,5068.78,51.44168619,7.46264593,236.79,35.50,0.00,263.97,0,-110.00,-12.00,0.00,0.00,27.00,0.00,0,397
283.00,1566967804,5068.81,51.44168619,7.46264593,236.79,35.50,0.00,263.97,0,-127.00,-15.00,0.00,0.00,17.00,0.00,0,367
283.00,1566967804,5068.85,51.44168619,7.46264593,236.79,35.50,0.00,263.97,0,-133.00,-23.00,0.00,0.00,17.00,0.00,0,250
283.00,1566967804,5068.85,51.44168619,7.46264593,236.79,35.50,0.00,263.97,0,-134.00,-21.00,0.00,0.00,17.00,0.00,0,133
284.00,1566967805,5104.21,51.44165679,7.46212673,236.29,35.62,0.00,263.68,0,-105.00,-9.00,0.00,0.00,29.00,0.00,0,144
284.00,1566967805,5104.24,51.44165679,7.46212673,236.29,35.62,0.00,263.68,0,-109.00,-12.00,0.00,0.00,28.00,0.00,0,326
284.00,1566967805,5104.28,51.44165679,7.46212673,236.29,35.62,0.00,263.68,0,-103.00,-13.00,0.00,0.00,39.00,0.00,0,342
284.00,1566967805,5104.28,51.44165679,7.46212673,236.29,35.62,0.00,263.68,0,-103.00,-14.00,0.00,0.00,39.00,0.00,0,344
285.00,1566967806,5139.86,51.44162786,7.46162104,235.94,35.56,0.00,264.46,0,-105.00,-9.00,0.00,0.00,29.00,0.00,0,144
285.00,1566967806,5139.90,51.44162786,7.46162104,235.94,35.56,0.00,264.46,0,-109.00,-12.00,0.00,0.00,28.00,0.00,0,326
285.00,1566967806,5139.90,51.44162786,7.46162104,235.94,35.56,0.00,264.46,0,-103.00,-13.00,0.00,0.00,39.00,0.00,0,342
285.00,1566967806,5139.93,51.44162786,7.46162104,235.94,35.56,0.00,264.46,0,-103.00,-14.00,0.00,0.00,39.00,0.00,0,344
286.00,1566967807,5175.39,51.44160935,7.46110939,235.67,35.56,0.00,266.04,0,-105.00,-10.00,0.00,0.00,32.00,0.00,0,144
286.00,1566967807,5175.42,51.44160935,7.46110939,235.67,35.56,0.00,266.04,0,-110.00,-15.00,0.00,0.00,31.00,0.00,0,344
286.00,1566967807,5175.46,51.44160935,7.46110939,235.67,35.56,0.00,266.04,0,-110.00,-15.00,0.00,0.00,30.00,0.00,0,326
286.00,1566967807,5175.50,51.44160935,7.46110939,235.67,35.56,0.00,266.04,0,-101.00,-12.00,0.00,0.00,40.00,0.00,0,344
286.00,1566967807,5175.50,51.44160935,7.46110939,235.67,35.56,0.00,266.04,0,-103.00,-14.00,0.00,0.00,40.00,0.00,0,342
287.00,1566967808,5210.99,51.44159022,7.46060324,235.68,35.62,0.00,266.66,0,-105.00,-10.00,0.00,0.00,32.00,0.00,0,144
287.00,1566967808,5211.02,51.44159022,7.46060324,235.68,35.62,0.00,266.66,0,-110.00,-15.00,0.00,0.00,31.00,0.00,0,344
287.00,1566967808,5211.06,51.44159022,7.46060324,235.68,35.62,0.00,266.66,0,-110.00,-15.00,0.00,0.00,30.00,0.00,0,326
287.00,1566967808,5211.06,51.44159022,7.46060324,235.68,35.62,0.00,266.66,0,-101.00,-12.00,0.00,0.00,40.00,0.00,0,344
287.00,1566967808,5211.09,51.44159022,7.46060324,235.68,35.62,0.00,266.66,0,-103.00,-14.00,0.00,0.00,40.00,0.00,0,342
288.00,1566967809,5246.54,51.44157706,7.46008548,235.56,35.77,0.00,267.11,0,-102.00,-9.00,0.00,0.00,32.00,0.00,0,337
288.00,1566967809,5246.58,51.44157706,7.46008548,235.56,35.77,0.00,267.11,0,-104.00,-14.00,0.00,0.00,36.00,0.00,0,344
288.00,1566967809,5246.61,51.44157706,7.46008548,235.56,35.77,0.00,267.11,0,-97.00,-9.00,0.00,0.00,41.00,0.00,0,344
289.00,1566967810,5282.34,51.44156414,7.45956796,235.40,35.92,0.00,267.53,0,-102.00,-9.00,0.00,0.00,32.00,0.00,0,337
289.00,1566967810,5282.38,51.44156414,7.45956796,235.40,35.92,0.00,267.53,0,-104.00,-14.00,0.00,0.00,36.00,0.00,0,344
289.00,1566967810,5282.38,51.44156414,7.45956796,235.40,35.92,0.00,267.53,0,-97.00,-9.00,0.00,0.00,41.00,0.00,0,344
290.00,1566967811,5318.19,51.44155905,7.45904604,235.03,36.12,0.00,268.16,0,-93.00,-8.00,0.00,0.00,44.00,0.00,0,344
291.00,1566967812,5354.35,51.44155364,7.45852461,234.60,36.27,0.00,268.74,0,-93.00,-8.00,0.00,0.00,44.00,0.00,0,344
291.99,1566967813,5390.44,51.44155426,7.45800067,234.19,36.20,0.00,269.33,0,-94.00,-11.00,0.00,0.00,47.00,0.00,0,344
293.00,1566967814,5426.78,51.44155317,7.45747769,233.94,36.18,0.00,269.60,0,-94.00,-11.00,0.00,0.00,47.00,0.00,0,344
332.00,1566967853,6556.26,51.44303087,7.44156622,223.53,27.15,0.00,286.83,0,-85.00,-11.00,0.00,0.00,52.00,0.00,0,146
333.00,1566967854,6583.38,51.44310221,7.44119718,223.67,27.16,0.00,287.06,0,-85.00,-11.00,0.00,0.00,52.00,0.00,0,146
366.00,1566967887,7490.22,51.44665454,7.42961252,200.12,28.25,0.00,310.97,0,-86.00,-5.00,0.00,0.00,47.00,0.00,0,70
366.99,1566967888,7518.35,51.44681987,7.42931575,199.48,28.43,0.00,311.90,0,-86.00,-5.00,0.00,0.00,47.00,0.00,0,70
368.00,1566967889,7546.87,51.44698552,7.42902827,198.45,28.61,0.00,312.90,0,-94.00,-6.00,0.00,0.00,40.00,0.00,0,70
369.00,1566967890,7575.51,51.44716129,7.42875095,197.53,28.78,0.00,314.63,0,-94.00,-6.00,0.00,0.00,40.00,0.00,0,70
370.00,1566967891,7604.26,51.44734382,7.42846737,195.82,29.06,0.00,315.11,0,-94.00,-7.00,0.00,0.00,42.00,0.00,0,70
371.00,1566967892,7633.35,51.44753710,7.42819157,193.88,28.82,0.00,316.46,0,-94.00,-7.00,0.00,0.00,42.00,0.00,0,70
372.00,1566967893,7662.17,51.44773927,7.42792039,191.85,28.91,0.00,318.10,0,-97.00,-8.00,0.00,0.00,39.00,0.00,0,70
373.00,1566967894,7691.05,51.44794478,7.42764468,190.13,29.11,0.00,319.33,0,-97.00,-8.00,0.00,0.00,39.00,0.00,0,70
374.00,1566967895,7720.19,51.44814699,7.42737330,188.51,28.94,0.00,319.82,0,-111.00,-10.00,0.00,0.00,25.00,0.00,0,70
374.00,1566967895,7720.22,51.44814699,7.42737330,188.51,28.94,0.00,319.82,0,-99.00,-7.00,0.00,0.00,37.00,0.00,0,70
375.00,1566967896,7749.13,51.44835684,7.42711520,186.64,29.29,0.00,321.60,0,-111.00,-10.00,0.00,0.00,25.00,0.00,0,70
375.00,1566967896,7749.16,51.44835684,7.42711520,186.64,29.29,0.00,321.60,0,-99.00,-7.00,0.00,0.00,37.00,0.00,0,70
376.00,1566967897,7778.42,51.44856568,7.42687222,184.63,29.51,0.00,323.12,0,-108.00,-9.00,0.00,0.00,27.00,0.00,0,146
376.00,1566967897,7778.45,51.44856568,7.42687222,184.63,29.51,0.00,323.12,0,-110.00,-10.00,0.00,0.00,27.00,0.00,0,70
377.00,1566967898,7807.93,51.44878259,7.42662710,182.69,30.03,0.00,324.25,0,-108.00,-9.00,0.00,0.00,27.00,0.00,0,146
377.00,1566967898,7807.96,51.44878259,7.42662710,182.69,30.03,0.00,324.25,0,-110.00,-10.00,0.00,0.00,27.00,0.00,0,70
378.00,1566967899,7837.95,51.44900376,7.42638704,181.15,29.99,0.00,325.72,0,-109.00,-9.00,0.00,0.00,25.00,0.00,0,146
378.00,1566967899,7837.98,51.44900376,7.42638704,181.15,29.99,0.00,325.72,0,-111.00,-8.00,0.00,0.00,24.00,0.00,0,70
379.00,1566967900,7867.86,51.44922090,7.42615029,179.74,29.79,0.00,326.69,0,-109.00,-9.00,0.00,0.00,25.00,0.00,0,146
379.00,1566967900,7867.89,51.44922090,7.42615029,179.74,29.79,0.00,326.69,0,-111.00,-8.00,0.00,0.00,24.00,0.00,0,70
384.01,1566967905,8017.20,51.45040900,7.42506522,177.21,30.41,0.00,333.37,0,-94.00,-12.00,0.00,0.00,44.00,0.00,0,58
384.01,1566967905,8017.20,51.45040900,7.42506522,177.21,30.41,0.00,333.37,0,-97.00,-13.00,0.00,0.00,44.00,0.00,0,59
385.00,1566967906,8047.36,51.45065143,7.42487147,176.99,29.26,0.00,333.94,0,-94.00,-12.00,0.00,0.00,44.00,0.00,0,58
385.00,1566967906,8047.39,51.45065143,7.42487147,176.99,29.26,0.00,333.94,0,-97.00,-13.00,0.00,0.00,44.00,0.00,0,59
386.00,1566967907,8076.62,51.45089015,7.42469592,176.62,29.35,0.00,335.08,0,-94.00,-12.00,0.00,0.00,44.00,0.00,0,58
386.00,1566967907,8076.65,51.45089015,7.42469592,176.62,29.35,0.00,335.08,0,-97.00,-13.00,0.00,0.00,44.00,0.00,0,59
387.00,1566967908,8106.00,51.45112757,7.42453420,175.99,29.31,0.00,336.55,0,-93.00,-13.00,0.00,0.00,45.00,0.00,0,58
387.00,1566967908,8106.03,51.45112757,7.42453420,175.99,29.31,0.00,336.55,0,-94.00,-13.00,0.00,0.00,46.00,0.00,0,206
387.00,1566967908,8106.06,51.45112757,7.42453420,175.99,29.31,0.00,336.55,0,-94.00,-12.00,0.00,0.00,45.00,0.00,0,376
388.00,1566967909,8135.28,51.45135613,7.42439175,174.89,28.20,0.00,338.20,0,-93.00,-13.00,0.00,0.00,45.00,0.00,0,58
388.00,1566967909,8135.30,51.45135613,7.42439175,174.89,28.20,0.00,338.20,0,-94.00,-13.00,0.00,0.00,46.00,0.00,0,206
388.00,1566967909,8135.33,51.45135613,7.42439175,174.89,28.20,0.00,338.20,0,-94.00,-12.00,0.00,0.00,45.00,0.00,0,376
389.00,1566967910,8163.44,51.45158308,7.42425469,173.89,27.36,0.00,339.36,0,-81.00,-5.00,0.00,0.00,52.00,0.00,0,338
390.00,1566967911,8190.83,51.45181229,7.42412238,172.67,27.33,0.00,340.31,0,-81.00,-5.00,0.00,0.00,52.00,0.00,0,338
391.00,1566967912,8218.19,51.45203649,7.42400486,171.16,26.99,0.00,340.76,0,-82.00,-6.00,0.00,0.00,52.00,0.00,0,338
391.00,1566967912,8218.19,51.45203649,7.42400486,171.16,26.99,0.00,340.76,0,-97.00,-7.00,0.00,0.00,38.00,0.00,0,338
392.00,1566967913,8245.15,51.45226528,7.42388445,169.64,26.59,0.00,341.00,0,-82.00,-6.00,0.00,0.00,52.00,0.00,0,338
392.00,1566967913,8245.17,51.45226528,7.42388445,169.64,26.59,0.00,341.00,0,-97.00,-7.00,0.00,0.00,38.00,0.00,0,338
397.00,1566967918,8379.22,51.45341254,7.42332124,162.04,27.37,0.00,343.14,0,-84.00,-8.00,0.00,0.00,50.00,0.00,0,70
398.00,1566967919,8406.61,51.45364982,7.42320956,160.66,27.44,0.00,343.14,0,-84.00,-8.00,0.00,0.00,50.00,0.00,0,70
399.00,1566967920,8434.05,51.45389360,7.42310540,159.44,27.55,0.00,343.91,0,-80.00,-6.00,0.00,0.00,53.00,0.00,0,70
399.00,1566967920,8434.05,51.45389360,7.42310540,159.44,27.55,0.00,343.91,0,-91.00,-7.00,0.00,0.00,44.00,0.00,0,70
400.00,1566967921,8461.62,51.45413771,7.42300142,158.42,27.44,0.00,343.87,0,-80.00,-6.00,0.00,0.00,53.00,0.00,0,70
400.00,1566967921,8461.65,51.45413771,7.42300142,158.42,27.44,0.00,343.87,0,-91.00,-7.00,0.00,0.00,44.00,0.00,0,70
401.00,1566967922,8489.03,51.45438048,7.42289878,157.53,27.49,0.00,343.73,0,-82.00,-11.00,0.00,0.00,55.00,0.00,0,338
401.00,1566967922,8489.06,51.45438048,7.42289878,157.53,27.49,0.00,343.73,0,-83.00,-7.00,0.00,0.00,48.00,0.00,0,338
402.00,1566967923,8516.52,51.45462267,7.42279258,156.79,27.51,0.00,343.55,0,-82.00,-11.00,0.00,0.00,55.00,0.00,0,338
402.00,1566967923,8516.52,51.45462267,7.42279258,156.79,27.51,0.00,343.55,0,-83.00,-7.00,0.00,0.00,48.00,0.00,0,338
403.00,1566967924,8544.03,51.45486302,7.42268456,156.11,27.60,0.00,343.52,0,-74.00,-7.00,0.00,0.00,59.00,0.00,0,338
403.00,1566967924,8544.06,51.45486302,7.42268456,156.11,27.60,0.00,343.52,0,-85.00,-6.00,0.00,0.00,47.00,0.00,0,338
404.00,1566967925,8571.63,51.45510401,7.42257129,155.79,27.69,0.00,343.10,0,-74.00,-7.00,0.00,0.00,59.00,0.00,0,338
404.00,1566967925,8571.63,51.45510401,7.42257129,155.79,27.69,0.00,343.10,0,-85.00,-6.00,0.00,0.00,47.00,0.00,0,338
405.00,1566967926,8599.51,51.45534635,7.42244798,155.71,27.57,0.00,342.75,0,-75.00,-5.00,0.00,0.00,58.00,0.00,0,338
406.00,1566967927,8626.86,51.45558291,7.42232757,155.61,27.44,0.00,341.88,0,-75.00,-5.00,0.00,0.00,58.00,0.00,0,338
407.00,1566967928,8654.30,51.45581714,7.42220277,155.56,27.32,0.00,341.39,0,-75.00,-5.00,0.00,0.00,58.00,0.00,0,338
408.00,1566967929,8681.62,51.45605211,7.42207836,155.54,27.41,0.00,340.78,0,-72.00,-6.00,0.00,0.00,60.00,0.00,0,338
408.00,1566967929,8681.65,51.45605211,7.42207836,155.54,27.41,0.00,340.78,0,-82.00,-5.00,0.00,0.00,51.00,0.00,0,338
409.00,1566967930,8709.06,51.45628225,7.42194712,155.41,27.59,0.00,340.08,0,-72.00,-6.00,0.00,0.00,60.00,0.00,0,338
409.00,1566967930,8709.09,51.45628225,7.42194712,155.41,27.59,0.00,340.08,0,-82.00,-5.00,0.00,0.00,51.00,0.00,0,338
412.00,1566967933,8792.54,51.45697925,7.42152621,154.59,28.30,0.00,337.78,0,-88.00,-11.00,0.00,0.00,49.00,0.00,0,338
412.00,1566967933,8792.54,51.45697925,7.42152621,154.59,28.30,0.00,337.78,0,-88.00,-11.00,0.00,0.00,48.00,0.00,0,376
412.00,1566967933,8792.57,51.45697925,7.42152621,154.59,28.30,0.00,337.78,0,-91.00,-8.00,0.00,0.00,42.00,0.00,0,70
412.00,1566967933,8792.60,51.45697925,7.42152621,154.59,28.30,0.00,337.78,0,-94.00,-10.00,0.00,0.00,41.00,0.00,0,338
413.00,1566967934,8820.82,51.45721787,7.42136405,154.57,28.42,0.00,336.61,0,-88.00,-11.00,0.00,0.00,49.00,0.00,0,338
413.00,1566967934,8820.84,51.45721787,7.42136405,154.57,28.42,0.00,336.61,0,-88.00,-11.00,0.00,0.00,48.00,0.00,0,376
413.00,1566967934,8820.87,51.45721787,7.42136405,154.57,28.42,0.00,336.61,0,-91.00,-8.00,0.00,0.00,42.00,0.00,0,70
413.00,1566967934,8820.87,51.45721787,7.42136405,154.57,28.42,0.00,336.61,0,-94.00,-10.00,0.00,0.00,41.00,0.00,0,338
414.00,1566967935,8849.18,51.45745585,7.42119963,154.59,28.73,0.00,336.00,0,-91.00,-9.00,0.00,0.00,43.00,0.00,0,70
415.00,1566967936,8877.91,51.45769129,7.42102595,154.58,28.95,0.00,335.21,0,-91.00,-9.00,0.00,0.00,43.00,0.00,0,70
416.00,1566967937,8906.86,51.45791986,7.42086081,154.21,29.11,0.00,334.36,0,-91.00,-9.00,0.00,0.00,43.00,0.00,0,70
417.00,1566967938,8935.95,51.45815005,7.42067848,153.79,29.32,0.00,333.44,0,-91.00,-9.00,0.00,0.00,43.00,0.00,0,70
418.00,1566967939,8965.33,51.45838332,7.42049294,153.47,29.50,0.00,332.70,0,-95.00,-13.00,0.00,0.00,45.00,0.00,0,69
418.00,1566967939,8965.36,51.45838332,7.42049294,153.47,29.50,0.00,332.70,0,-93.00,-11.00,0.00,0.00,42.00,0.00,0,70
419.00,1566967940,8994.77,51.45861277,7.42029331,153.19,29.67,0.00,331.84,0,-95.00,-13.00,0.00,0.00,45.00,0.00,0,69
419.00,1566967940,8994.77,51.45861277,7.42029331,153.19,29.67,0.00,331.84,0,-93.00,-11.00,0.00,0.00,42.00,0.00,0,70
420.00,1566967941,9024.47,51.45884545,7.42008849,152.82,29.67,0.00,331.44,0,-94.00,-12.00,0.00,0.00,44.00,0.00,0,69
420.00,1566967941,9024.50,51.45884545,7.42008849,152.82,29.67,0.00,331.44,0,-95.00,-12.00,0.00,0.00,42.00,0.00,0,70
421.00,1566967942,9054.17,51.45906911,7.41987949,152.48,29.80,0.00,330.35,0,-94.00,-12.00,0.00,0.00,44.00,0.00,0,69
421.00,1566967942,9054.17,51.45906911,7.41987949,152.48,29.80,0.00,330.35,0,-95.00,-12.00,0.00,0.00,42.00,0.00,0,70
422.00,1566967943,9083.94,51.45929522,7.41966279,152.30,29.84,0.00,329.30,0,-93.00,-11.00,0.00,0.00,44.00,0.00,0,69
423.00,1566967944,9113.81,51.45951627,7.41944761,152.16,29.75,0.00,328.47,0,-93.00,-11.00,0.00,0.00,44.00,0.00,0,69
424.00,1566967945,9143.55,51.45974024,7.41921814,152.01,29.87,0.00,327.77,0,-85.00,-11.00,0.00,0.00,51.00,0.00,0,69
424.00,1566967945,9143.58,51.45974024,7.41921814,152.01,29.87,0.00,327.77,0,-74.00,-7.00,0.00,0.00,61.00,0.00,0,69
425.00,1566967946,9173.42,51.45997321,7.41898110,151.83,29.73,0.00,326.85,0,-85.00,-11.00,0.00,0.00,51.00,0.00,0,69
425.00,1566967946,9173.45,51.45997321,7.41898110,151.83,29.73,0.00,326.85,0,-74.00,-7.00,0.00,0.00,61.00,0.00,0,69
426.01,1566967947,9203.39,51.46019800,7.41873772,151.58,29.81,0.00,326.01,0,-81.00,-9.00,0.00,0.00,56.00,0.00,0,69
427.00,1566967948,9233.08,51.46042251,7.41849435,151.29,29.90,0.00,325.15,0,-81.00,-9.00,0.00,0.00,56.00,0.00,0,69
428.00,1566967949,9262.83,51.46064793,7.41823729,151.12,30.17,0.00,324.39,0,-81.00,-9.00,0.00,0.00,56.00,0.00,0,69
429.00,1566967950,9293.03,51.46086432,7.41797863,150.91,30.49,0.00,323.30,0,-90.00,-9.00,0.00,0.00,44.00,0.00,0,69
429.00,1566967950,9293.06,51.46086432,7.41797863,150.91,30.49,0.00,323.30,0,-95.00,-13.00,0.00,0.00,43.00,0.00,0,459
429.00,1566967950,9293.09,51.46086432,7.41797863,150.91,30.49,0.00,323.30,0,-80.00,-7.00,0.00,0.00,56.00,0.00,0,69
430.00,1566967951,9323.55,51.46108310,7.41771544,150.68,30.83,0.00,322.53,0,-90.00,-9.00,0.00,0.00,44.00,0.00,0,69
430.00,1566967951,9323.59,51.46108310,7.41771544,150.68,30.83,0.00,322.53,0,-95.00,-13.00,0.00,0.00,43.00,0.00,0,459
430.00,1566967951,9323.59,51.46108310,7.41771544,150.68,30.83,0.00,322.53,0,-80.00,-7.00,0.00,0.00,56.00,0.00,0,69
431.00,1566967952,9354.33,51.46130314,7.41744867,150.46,31.05,0.00,322.35,0,-87.00,-8.00,0.00,0.00,47.00,0.00,0,93
432.00,1566967953,9385.41,51.46152577,7.41718180,150.41,30.99,0.00,322.75,0,-87.00,-8.00,0.00,0.00,47.00,0.00,0,93
439.00,1566967960,9595.73,51.46294399,7.41518227,151.49,29.67,0.00,315.53,0,-91.00,-11.00,0.00,0.00,46.00,0.00,0,459
439.00,1566967960,9595.76,51.46294399,7.41518227,151.49,29.67,0.00,315.53,0,-93.00,-11.00,0.00,0.00,45.00,0.00,0,93
439.00,1566967960,9595.78,51.46294399,7.41518227,151.49,29.67,0.00,315.53,0,-94.00,-14.00,0.00,0.00,46.00,0.00,0,338
440.00,1566967961,9625.37,51.46312771,7.41488065,151.69,29.62,0.00,314.18,0,-91.00,-11.00,0.00,0.00,46.00,0.00,0,459
440.00,1566967961,9625.40,51.46312771,7.41488065,151.69,29.62,0.00,314.18,0,-93.00,-11.00,0.00,0.00,45.00,0.00,0,93
440.00,1566967961,9625.43,51.46312771,7.41488065,151.69,29.62,0.00,314.18,0,-94.00,-14.00,0.00,0.00,46.00,0.00,0,338
441.01,1566967962,9655.37,51.46331660,7.41456991,151.95,29.75,0.00,313.22,0,-90.00,-15.00,0.00,0.00,50.00,0.00,0,459
441.01,1566967962,9655.37,51.46331660,7.41456991,151.95,29.75,0.00,313.22,0,-91.00,-15.00,0.00,0.00,50.00,0.00,0,338
441.01,1566967962,9655.40,51.46331660,7.41456991,151.95,29.75,0.00,313.22,0,-94.00,-20.00,0.00,0.00,51.00,0.00,0,93
441.01,1566967962,9655.43,51.46331660,7.41456991,151.95,29.75,0.00,313.22,0,-88.00,-17.00,0.00,0.00,58.00,0.00,0,338
441.01,1566967962,9655.46,51.46331660,7.41456991,151.95,29.75,0.00,313.22,0,-88.00,-19.00,0.00,0.00,59.00,0.00,0,431
442.00,1566967963,9684.67,51.46349749,7.41424756,152.24,30.07,0.00,312.08,0,-90.00,-15.00,0.00,0.00,50.00,0.00,0,459
442.00,1566967963,9684.70,51.46349749,7.41424756,152.24,30.07,0.00,312.08,0,-91.00,-15.00,0.00,0.00,50.00,0.00,0,338
442.00,1566967963,9684.70,51.46349749,7.41424756,152.24,30.07,0.00,312.08,0,-94.00,-20.00,0.00,0.00,51.00,0.00,0,93
442.00,1566967963,9684.73,51.46349749,7.41424756,152.24,30.07,0.00,312.08,0,-88.00,-17.00,0.00,0.00,58.00,0.00,0,338
442.00,1566967963,9684.73,51.46349749,7.41424756,152.24,30.07,0.00,312.08,0,-88.00,-19.00,0.00,0.00,59.00,0.00,0,431
443.00,1566967964,9714.80,51.46367699,7.41392337,152.39,29.73,0.00,311.78,0,-87.00,-9.00,0.00,0.00,50.00,0.00,0,31
444.00,1566967965,9744.53,51.46384874,7.41360033,152.39,29.29,0.00,310.98,0,-87.00,-9.00,0.00,0.00,50.00,0.00,0,31
447.01,1566967968,9830.89,51.46433977,7.41266343,152.47,27.78,0.00,309.77,0,-96.00,-10.00,0.00,0.00,40.00,0.00,0,93
447.01,1566967968,9830.92,51.46433977,7.41266343,152.47,27.78,0.00,309.77,0,-100.00,-12.00,0.00,0.00,38.00,0.00,0,69
447.01,1566967968,9830.92,51.46433977,7.41266343,152.47,27.78,0.00,309.77,0,-92.00,-9.00,0.00,0.00,45.00,0.00,0,69
447.01,1566967968,9830.95,51.46433977,7.41266343,152.47,27.78,0.00,309.77,0,-96.00,-11.00,0.00,0.00,43.00,0.00,0,431
448.00,1566967969,9858.45,51.46449445,7.41235241,152.49,27.44,0.00,308.73,0,-96.00,-10.00,0.00,0.00,40.00,0.00,0,93
448.00,1566967969,9858.45,51.46449445,7.41235241,152.49,27.44,0.00,308.73,0,-100.00,-12.00,0.00,0.00,38.00,0.00,0,69
448.00,1566967969,9858.47,51.46449445,7.41235241,152.49,27.44,0.00,308.73,0,-92.00,-9.00,0.00,0.00,45.00,0.00,0,69
448.00,1566967969,9858.50,51.46449445,7.41235241,152.49,27.44,0.00,308.73,0,-96.00,-11.00,0.00,0.00,43.00,0.00,0,431
449.00,1566967970,9885.89,51.46464238,7.41204271,152.55,27.71,0.00,307.07,0,-96.00,-10.00,0.00,0.00,40.00,0.00,0,93
449.00,1566967970,9885.92,51.46464238,7.41204271,152.55,27.71,0.00,307.07,0,-100.00,-12.00,0.00,0.00,38.00,0.00,0,69
449.00,1566967970,9885.92,51.46464238,7.41204271,152.55,27.71,0.00,307.07,0,-92.00,-9.00,0.00,0.00,45.00,0.00,0,69
449.00,1566967970,9885.94,51.46464238,7.41204271,152.55,27.71,0.00,307.07,0,-96.00,-11.00,0.00,0.00,43.00,0.00,0,431
450.00,1566967971,9913.55,51.46479840,7.41171745,152.70,28.40,0.00,306.23,0,-98.00,-10.00,0.00,0.00,37.00,0.00,0,338
450.00,1566967971,9913.57,51.46479840,7.41171745,152.70,28.40,0.00,306.23,0,-101.00,-12.00,0.00,0.00,36.00,0.00,0,93
450.00,1566967971,9913.60,51.46479840,7.41171745,152.70,28.40,0.00,306.23,0,-96.00,-12.00,0.00,0.00,45.00,0.00,0,338
451.00,1566967972,9941.97,51.46495725,7.41138529,152.86,29.32,0.00,306.93,0,-98.00,-10.00,0.00,0.00,37.00,0.00,0,338
451.00,1566967972,9942.00,51.46495725,7.41138529,152.86,29.32,0.00,306.93,0,-101.00,-12.00,0.00,0.00,36.00,0.00,0,93
451.00,1566967972,9942.03,51.46495725,7.41138529,152.86,29.32,0.00,306.93,0,-96.00,-12.00,0.00,0.00,45.00,0.00,0,338
452.00,1566967973,9971.32,51.46511974,7.41104696,153.04,30.16,0.00,307.31,0,-102.00,-12.00,0.00,0.00,35.00,0.00,0,93
452.00,1566967973,9971.35,51.46511974,7.41104696,153.04,30.16,0.00,307.31,0,-103.00,-12.00,0.00,0.00,35.00,0.00,0,338
452.00,1566967973,9971.35,51.46511974,7.41104696,153.04,30.16,0.00,307.31,0,-106.00,-14.00,0.00,0.00,34.00,0.00,0,376
452.00,1566967973,9971.38,51.46511974,7.41104696,153.04,30.16,0.00,307.31,0,-96.00,-11.00,0.00,0.00,45.00,0.00,0,59
452.00,1566967973,9971.41,51.46511974,7.41104696,153.04,30.16,0.00,307.31,0,-97.00,-13.00,0.00,0.00,45.00,0.00,0,58
453.00,1566967974,10001.48,51.46528882,7.41069706,153.31,30.96,0.00,307.57,0,-102.00,-12.00,0.00,0.00,35.00,0.00,0,93
453.00,1566967974,10001.51,51.46528882,7.41069706,153.31,30.96,0.00,307.57,0,-103.00,-12.00,0.00,0.00,35.00,0.00,0,338
453.00,1566967974,10001.55,51.46528882,7.41069706,153.31,30.96,0.00,307.57,0,-106.00,-14.00,0.00,0.00,34.00,0.00,0,376
453.00,1566967974,10001.55,51.46528882,7.41069706,153.31,30.96,0.00,307.57,0,-96.00,-11.00,0.00,0.00,45.00,0.00,0,59
453.00,1566967974,10001.58,51.46528882,7.41069706,153.31,30.96,0.00,307.57,0,-97.00,-13.00,0.00,0.00,45.00,0.00,0,58
454.00,1566967975,10032.44,51.46546067,7.41034225,153.56,31.64,0.00,307.62,0,-103.00,-10.00,0.00,0.00,33.00,0.00,0,376
454.00,1566967975,10032.47,51.46546067,7.41034225,153.56,31.64,0.00,307.62,0,-108.00,-14.00,0.00,0.00,32.00,0.00,0,31
454.00,1566967975,10032.47,51.46546067,7.41034225,153.56,31.64,0.00,307.62,0,-108.00,-14.00,0.00,0.00,32.00,0.00,0,93
454.00,1566967975,10032.50,51.46546067,7.41034225,153.56,31.64,0.00,307.62,0,-97.00,-13.00,0.00,0.00,45.00,0.00,0,31
454.00,1566967975,10032.54,51.46546067,7.41034225,153.56,31.64,0.00,307.62,0,-99.00,-16.00,0.00,0.00,45.00,0.00,0,338
455.00,1566967976,10064.08,51.46563595,7.40997950,153.81,32.19,0.00,307.80,0,-103.00,-10.00,0.00,0.00,33.00,0.00,0,376
455.00,1566967976,10064.08,51.46563595,7.40997950,153.81,32.19,0.00,307.80,0,-108.00,-14.00,0.00,0.00,32.00,0.00,0,31
455.00,1566967976,10064.11,51.46563595,7.40997950,153.81,32.19,0.00,307.80,0,-108.00,-14.00,0.00,0.00,32.00,0.00,0,93
455.00,1566967976,10064.14,51.46563595,7.40997950,153.81,32.19,0.00,307.80,0,-97.00,-13.00,0.00,0.00,45.00,0.00,0,31
455.00,1566967976,10064.17,51.46563595,7.40997950,153.81,32.19,0.00,307.80,0,-99.00,-16.00,0.00,0.00,45.00,0.00,0,338
456.00,1566967977,10096.21,51.46581560,7.40961007,154.06,32.74,0.00,307.95,0,-101.00,-10.00,0.00,0.00,35.00,0.00,0,206
456.00,1566967977,10096.21,51.46581560,7.40961007,154.06,32.74,0.00,307.95,0,-104.00,-13.00,0.00,0.00,34.00,0.00,0,459
457.01,1566967978,10129.34,51.46599732,7.40923791,154.28,32.98,0.00,308.00,0,-101.00,-10.00,0.00,0.00,35.00,0.00,0,206
457.01,1566967978,10129.37,51.46599732,7.40923791,154.28,32.98,0.00,308.00,0,-104.00,-13.00,0.00,0.00,34.00,0.00,0,459
458.00,1566967979,10161.96,51.46618672,7.40886054,154.51,33.66,0.00,308.12,0,-100.00,-11.00,0.00,0.00,36.00,0.00,0,459
458.00,1566967979,10161.96,51.46618672,7.40886054,154.51,33.66,0.00,308.12,0,-104.00,-14.00,0.00,0.00,36.00,0.00,0,206
459.00,1566967980,10195.62,51.46637596,7.40848209,154.92,34.02,0.00,308.43,0,-100.00,-11.00,0.00,0.00,36.00,0.00,0,459
459.00,1566967980,10195.65,51.46637596,7.40848209,154.92,34.02,0.00,308.43,0,-104.00,-14.00,0.00,0.00,36.00,0.00,0,206
460.00,1566967981,10229.58,51.46656958,7.40809347,155.17,34.69,0.00,308.88,0,-96.00,-18.00,0.00,0.00,51.00,0.00,0,69
461.00,1566967982,10264.30,51.46676444,7.40770206,155.42,34.95,0.00,308.82,0,-96.00,-18.00,0.00,0.00,51.00,0.00,0,69
462.00,1566967983,10299.28,51.46696567,7.40731362,155.84,35.25,0.00,309.16,0,-93.00,-9.00,0.00,0.00,43.00,0.00,0,93
462.00,1566967983,10299.32,51.46696567,7.40731362,155.84,35.25,0.00,309.16,0,-95.00,-11.00,0.00,0.00,42.00,0.00,0,376
462.00,1566967983,10299.35,51.46696567,7.40731362,155.84,35.25,0.00,309.16,0,-90.00,-11.00,0.00,0.00,50.00,0.00,0,206
462.00,1566967983,10299.35,51.46696567,7.40731362,155.84,35.25,0.00,309.16,0,-91.00,-13.00,0.00,0.00,50.00,0.00,0,69
463.00,1566967984,10334.54,51.46716911,7.40691837,156.34,35.74,0.00,309.60,0,-93.00,-9.00,0.00,0.00,43.00,0.00,0,93
463.00,1566967984,10334.57,51.46716911,7.40691837,156.34,35.74,0.00,309.60,0,-95.00,-11.00,0.00,0.00,42.00,0.00,0,376
463.00,1566967984,10334.61,51.46716911,7.40691837,156.34,35.74,0.00,309.60,0,-90.00,-11.00,0.00,0.00,50.00,0.00,0,206
463.00,1566967984,10334.61,51.46716911,7.40691837,156.34,35.74,0.00,309.60,0,-91.00,-13.00,0.00,0.00,50.00,0.00,0,69
464.00,1566967985,10370.28,51.46737876,7.40652000,156.80,36.27,0.00,310.20,0,-101.00,-14.00,0.00,0.00,38.00,0.00,0,376
464.00,1566967985,10370.31,51.46737876,7.40652000,156.80,36.27,0.00,310.20,0,-102.00,-13.00,0.00,0.00,37.00,0.00,0,69
464.00,1566967985,10370.31,51.46737876,7.40652000,156.80,36.27,0.00,310.20,0,-92.00,-14.00,0.00,0.00,51.00,0.00,0,69
465.00,1566967986,10406.55,51.46759026,7.40611065,157.12,36.34,0.00,310.45,0,-101.00,-14.00,0.00,0.00,38.00,0.00,0,376
465.00,1566967986,10406.59,51.46759026,7.40611065,157.12,36.34,0.00,310.45,0,-102.00,-13.00,0.00,0.00,37.00,0.00,0,69
465.00,1566967986,10406.59,51.46759026,7.40611065,157.12,36.34,0.00,310.45,0,-92.00,-14.00,0.00,0.00,51.00,0.00,0,69
466.00,1566967987,10442.85,51.46779724,7.40570925,157.63,36.20,0.00,310.69,0,-95.00,-14.00,0.00,0.00,45.00,0.00,0,93
466.00,1566967987,10442.89,51.46779724,7.40570925,157.63,36.20,0.00,310.69,0,-95.00,-14.00,0.00,0.00,44.00,0.00,0,143
466.00,1566967987,10442.92,51.46779724,7.40570925,157.63,36.20,0.00,310.69,0,-97.00,-15.00,0.00,0.00,45.00,0.00,0,459
467.00,1566967988,10479.09,51.46800474,7.40532445,158.42,35.63,0.00,311.32,0,-95.00,-14.00,0.00,0.00,45.00,0.00,0,93
467.00,1566967988,10479.09,51.46800474,7.40532445,158.42,35.63,0.00,311.32,0,-95.00,-14.00,0.00,0.00,44.00,0.00,0,143
467.00,1566967988,10479.13,51.46800474,7.40532445,158.42,35.63,0.00,311.32,0,-97.00,-15.00,0.00,0.00,45.00,0.00,0,459
468.01,1566967989,10514.97,51.46821761,7.40495042,159.15,34.81,0.00,312.63,0,-99.00,-8.00,0.00,0.00,36.00,0.00,0,146
468.01,1566967989,10515.00,51.46821761,7.40495042,159.15,34.81,0.00,312.63,0,-100.00,-11.00,0.00,0.00,36.00,0.00,0,69
468.01,1566967989,10515.04,51.46821761,7.40495042,159.15,34.81,0.00,312.63,0,-102.00,-12.00,0.00,0.00,35.00,0.00,0,338
469.00,1566967990,10549.50,51.46842381,7.40458374,159.95,34.54,0.00,312.14,0,-99.00,-8.00,0.00,0.00,36.00,0.00,0,146
469.00,1566967990,10549.54,51.46842381,7.40458374,159.95,34.54,0.00,312.14,0,-100.00,-11.00,0.00,0.00,36.00,0.00,0,69
469.00,1566967990,10549.57,51.46842381,7.40458374,159.95,34.54,0.00,312.14,0,-102.00,-12.00,0.00,0.00,35.00,0.00,0,338
470.00,1566967991,10584.05,51.46863144,7.40421564,160.66,34.50,0.00,313.46,0,-99.00,-8.00,0.00,0.00,36.00,0.00,0,146
470.00,1566967991,10584.08,51.46863144,7.40421564,160.66,34.50,0.00,313.46,0,-100.00,-11.00,0.00,0.00,36.00,0.00,0,69
470.00,1566967991,10584.11,51.46863144,7.40421564,160.66,34.50,0.00,313.46,0,-102.00,-12.00,0.00,0.00,35.00,0.00,0,338
471.00,1566967992,10618.54,51.46884246,7.40386507,161.22,33.97,0.00,314.49,0,-96.00,-11.00,0.00,0.00,43.00,0.00,0,459
471.00,1566967992,10618.58,51.46884246,7.40386507,161.22,33.97,0.00,314.49,0,-99.00,-13.00,0.00,0.00,42.00,0.00,0,69
472.00,1566967993,10652.51,51.46904865,7.40352449,161.72,33.02,0.00,315.02,0,-96.00,-11.00,0.00,0.00,43.00,0.00,0,459
472.00,1566967993,10652.54,51.46904865,7.40352449,161.72,33.02,0.00,315.02,0,-99.00,-13.00,0.00,0.00,42.00,0.00,0,69
473.00,1566967994,10685.56,51.46926941,7.40319143,162.62,32.40,0.00,317.08,0,-99.00,-13.00,0.00,0.00,39.00,0.00,0,459
473.00,1566967994,10685.59,51.46926941,7.40319143,162.62,32.40,0.00,317.08,0,-100.00,-13.00,0.00,0.00,41.00,0.00,0,69
473.00,1566967994,10685.59,51.46926941,7.40319143,162.62,32.40,0.00,317.08,0,-102.00,-15.00,0.00,0.00,41.00,0.00,0,459
474.00,1566967995,10717.93,51.46946760,7.40287476,163.21,31.28,0.00,315.16,0,-99.00,-13.00,0.00,0.00,39.00,0.00,0,459
474.00,1566967995,10717.96,51.46946760,7.40287476,163.21,31.28,0.00,315.16,0,-100.00,-13.00,0.00,0.00,41.00,0.00,0,69
474.00,1566967995,10717.99,51.46946760,7.40287476,163.21,31.28,0.00,315.16,0,-102.00,-15.00,0.00,0.00,41.00,0.00,0,459
475.00,1566967996,10749.23,51.46965069,7.40255577,163.68,30.01,0.00,313.27,0,-103.00,-13.00,0.00,0.00,35.00,0.00,0,149
475.00,1566967996,10749.23,51.46965069,7.40255577,163.68,30.01,0.00,313.27,0,-101.00,-11.00,0.00,0.00,39.00,0.00,0,69
475.00,1566967996,10749.26,51.46965069,7.40255577,163.68,30.01,0.00,313.27,0,-104.00,-14.00,0.00,0.00,39.00,0.00,0,206
476.00,1566967997,10779.28,51.46983791,7.40226480,163.69,29.65,0.00,316.65,0,-103.00,-13.00,0.00,0.00,35.00,0.00,0,149
476.00,1566967997,10779.28,51.46983791,7.40226480,163.69,29.65,0.00,316.65,0,-101.00,-11.00,0.00,0.00,39.00,0.00,0,69
476.00,1566967997,10779.30,51.46983791,7.40226480,163.69,29.65,0.00,316.65,0,-104.00,-14.00,0.00,0.00,39.00,0.00,0,206
477.00,1566967998,10808.92,51.47002376,7.40197732,163.58,29.74,0.00,317.77,0,-101.00,-9.00,0.00,0.00,33.00,0.00,0,149
477.00,1566967998,10808.95,51.47002376,7.40197732,163.58,29.74,0.00,317.77,0,-105.00,-12.00,0.00,0.00,33.00,0.00,0,206
477.00,1566967998,10808.98,51.47002376,7.40197732,163.58,29.74,0.00,317.77,0,-100.00,-11.00,0.00,0.00,40.00,0.00,0,206
477.00,1566967998,10808.98,51.47002376,7.40197732,163.58,29.74,0.00,317.77,0,-106.00,-16.00,0.00,0.00,40.00,0.00,0,69
478.00,1566967999,10838.66,51.47020549,7.40168221,163.64,29.29,0.00,316.14,0,-101.00,-9.00,0.00,0.00,33.00,0.00,0,149
478.00,1566967999,10838.66,51.47020549,7.40168221,163.64,29.29,0.00,316.14,0,-105.00,-12.00,0.00,0.00,33.00,0.00,0,206
478.00,1566967999,10838.69,51.47020549,7.40168221,163.64,29.29,0.00,316.14,0,-100.00,-11.00,0.00,0.00,40.00,0.00,0,206
478.00,1566967999,10838.72,51.47020549,7.40168221,163.64,29.29,0.00,316.14,0,-106.00,-16.00,0.00,0.00,40.00,0.00,0,69
479.00,1566968000,10867.89,51.47039465,7.40138258,163.77,29.51,0.00,317.09,0,-99.00,-9.00,0.00,0.00,38.00,0.00,0,206
479.00,1566968000,10867.92,51.47039465,7.40138258,163.77,29.51,0.00,317.09,0,-103.00,-13.00,0.00,0.00,39.00,0.00,0,376
480.00,1566968001,10897.40,51.47057816,7.40109703,163.20,29.25,0.00,316.23,0,-99.00,-9.00,0.00,0.00,38.00,0.00,0,206
480.00,1566968001,10897.43,51.47057816,7.40109703,163.20,29.25,0.00,316.23,0,-103.00,-13.00,0.00,0.00,39.00,0.00,0,376
483.00,1566968004,10984.28,51.47114824,7.40025394,162.73,27.79,0.00,317.33,0,-102.00,-12.00,0.00,0.00,39.00,0.00,0,459
483.00,1566968004,10984.30,51.47114824,7.40025394,162.73,27.79,0.00,317.33,0,-106.00,-16.00,0.00,0.00,38.00,0.00,0,276
483.99,1566968005,11011.87,51.47132985,7.39999516,162.98,26.18,0.00,316.44,0,-102.00,-12.00,0.00,0.00,39.00,0.00,0,459
483.99,1566968005,11011.87,51.47132985,7.39999516,162.98,26.18,0.00,316.44,0,-106.00,-16.00,0.00,0.00,38.00,0.00,0,276
484.99,1566968006,11038.04,51.47149966,7.39974481,163.71,24.98,0.00,316.96,0,-99.00,-11.00,0.00,0.00,40.00,0.00,0,459
486.00,1566968007,11063.12,51.47166131,7.39950142,164.43,24.57,0.00,317.37,0,-99.00,-11.00,0.00,0.00,40.00,0.00,0,459
487.00,1566968008,11087.67,51.47182634,7.39926099,165.13,24.31,0.00,317.41,0,-98.00,-9.00,0.00,0.00,40.00,0.00,0,459
488.00,1566968009,11111.98,51.47199402,7.39902044,165.82,24.30,0.00,317.79,0,-98.00,-9.00,0.00,0.00,40.00,0.00,0,459
489.00,1566968010,11136.47,51.47216221,7.39878583,166.53,24.34,0.00,318.29,0,-102.00,-12.00,0.00,0.00,39.00,0.00,0,459
490.00,1566968011,11160.62,51.47232560,7.39854834,166.81,24.37,0.00,318.16,0,-102.00,-12.00,0.00,0.00,39.00,0.00,0,459
491.00,1566968012,11185.02,51.47249222,7.39831772,166.81,24.46,0.00,319.12,0,-102.00,-12.00,0.00,0.00,39.00,0.00,0,459
492.00,1566968013,11209.49,51.47265867,7.39808415,166.88,24.37,0.00,319.77,0,-101.00,-9.00,0.00,0.00,37.00,0.00,0,459
493.00,1566968014,11233.85,51.47282508,7.39785571,166.97,24.45,0.00,319.84,0,-101.00,-9.00,0.00,0.00,37.00,0.00,0,459
494.00,1566968015,11258.32,51.47299165,7.39762462,167.12,24.49,0.00,319.91,0,-101.00,-11.00,0.00,0.00,40.00,0.00,0,459
494.00,1566968015,11258.35,51.47299165,7.39762462,167.12,24.49,0.00,319.91,0,-102.00,-12.00,0.00,0.00,40.00,0.00,0,59
495.00,1566968016,11282.79,51.47315781,7.39739116,167.33,24.56,0.00,320.07,0,-101.00,-11.00,0.00,0.00,40.00,0.00,0,459
495.00,1566968016,11282.82,51.47315781,7.39739116,167.33,24.56,0.00,320.07,0,-102.00,-12.00,0.00,0.00,40.00,0.00,0,59
496.00,1566968017,11307.38,51.47332531,7.39716467,167.77,24.65,0.00,320.66,0,-103.00,-12.00,0.00,0.00,37.00,0.00,0,59
496.00,1566968017,11307.41,51.47332531,7.39716467,167.77,24.65,0.00,320.66,0,-105.00,-14.00,0.00,0.00,38.00,0.00,0,459
497.00,1566968018,11332.00,51.47349617,7.39694186,168.22,25.06,0.00,321.30,0,-103.00,-12.00,0.00,0.00,37.00,0.00,0,59
497.00,1566968018,11332.03,51.47349617,7.39694186,168.22,25.06,0.00,321.30,0,-105.00,-14.00,0.00,0.00,38.00,0.00,0,459
498.00,1566968019,11357.07,51.47366775,7.39671836,168.88,25.08,0.00,321.14,0,-105.00,-12.00,0.00,0.00,35.00,0.00,0,59
498.00,1566968019,11357.07,51.47366775,7.39671836,168.88,25.08,0.00,321.14,0,-108.00,-14.00,0.00,0.00,35.00,0.00,0,459
499.00,1566968020,11382.15,51.47383854,7.39649148,169.76,24.97,0.00,321.32,0,-105.00,-12.00,0.00,0.00,35.00,0.00,0,59
499.00,1566968020,11382.17,51.47383854,7.39649148,169.76,24.97,0.00,321.32,0,-108.00,-14.00,0.00,0.00,35.00,0.00,0,459
500.00,1566968021,11407.17,51.47401994,7.39626365,170.52,25.36,0.00,322.16,0,-107.00,-14.00,0.00,0.00,35.00,0.00,0,59
500.00,1566968021,11407.19,51.47401994,7.39626365,170.52,25.36,0.00,322.16,0,-109.00,-15.00,0.00,0.00,35.00,0.00,0,459
501.00,1566968022,11432.50,51.47420350,7.39604148,171.43,25.42,0.00,323.21,0,-107.00,-14.00,0.00,0.00,35.00,0.00,0,59
501.00,1566968022,11432.53,51.47420350,7.39604148,171.43,25.42,0.00,323.21,0,-109.00,-15.00,0.00,0.00,35.00,0.00,0,459
504.00,1566968025,11506.92,51.47472867,7.39540475,172.91,24.16,0.00,324.60,0,-102.00,-14.00,0.00,0.00,39.00,0.00,0,459
504.00,1566968025,11506.95,51.47472867,7.39540475,172.91,24.16,0.00,324.60,0,-103.00,-16.00,0.00,0.00,39.00,0.00,0,276
504.00,1566968025,11506.95,51.47472867,7.39540475,172.91,24.16,0.00,324.60,0,-104.00,-16.00,0.00,0.00,39.00,0.00,0,431
504.00,1566968025,11506.97,51.47472867,7.39540475,172.91,24.16,0.00,324.60,0,-107.00,-11.00,0.00,0.00,33.00,0.00,0,459
504.00,1566968025,11506.99,51.47472867,7.39540475,172.91,24.16,0.00,324.60,0,-108.00,-9.00,0.00,0.00,28.00,0.00,0,120
504.00,1566968025,11506.99,51.47472867,7.39540475,172.91,24.16,0.00,324.60,0,-113.00,-12.00,0.00,0.00,28.00,0.00,0,146
505.00,1566968026,11531.08,51.47490521,7.39520667,173.46,24.17,0.00,325.75,0,-102.00,-14.00,0.00,0.00,39.00,0.00,0,459
505.00,1566968026,11531.11,51.47490521,7.39520667,173.46,24.17,0.00,325.75,0,-103.00,-16.00,0.00,0.00,39.00,0.00,0,276
505.00,1566968026,11531.13,51.47490521,7.39520667,173.46,24.17,0.00,325.75,0,-104.00,-16.00,0.00,0.00,39.00,0.00,0,431
505.00,1566968026,11531.16,51.47490521,7.39520667,173.46,24.17,0.00,325.75,0,-107.00,-11.00,0.00,0.00,33.00,0.00,0,459
505.00,1566968026,11531.16,51.47490521,7.39520667,173.46,24.17,0.00,325.75,0,-108.00,-9.00,0.00,0.00,28.00,0.00,0,120
505.00,1566968026,11531.18,51.47490521,7.39520667,173.46,24.17,0.00,325.75,0,-113.00,-12.00,0.00,0.00,28.00,0.00,0,146
506.00,1566968027,11555.16,51.47508918,7.39501793,174.26,24.10,0.00,327.84,0,-101.00,-15.00,0.00,0.00,40.00,0.00,0,459
507.00,1566968028,11579.28,51.47526994,7.39483419,174.83,23.72,0.00,328.65,0,-101.00,-15.00,0.00,0.00,40.00,0.00,0,459
515.00,1566968036,11760.25,51.47671440,7.39359597,179.73,21.75,0.00,333.65,0,-105.00,-11.00,0.00,0.00,32.00,0.00,0,459
515.00,1566968036,11760.28,51.47671440,7.39359597,179.73,21.75,0.00,333.65,0,-106.00,-11.00,0.00,0.00,32.00,0.00,0,57
515.00,1566968036,11760.30,51.47671440,7.39359597,179.73,21.75,0.00,333.65,0,-112.00,-16.00,0.00,0.00,31.00,0.00,0,438
516.00,1566968037,11782.01,51.47689611,7.39346691,180.05,21.72,0.00,335.51,0,-105.00,-11.00,0.00,0.00,32.00,0.00,0,459
516.00,1566968037,11782.03,51.47689611,7.39346691,180.05,21.72,0.00,335.51,0,-106.00,-11.00,0.00,0.00,32.00,0.00,0,57
516.00,1566968037,11782.03,51.47689611,7.39346691,180.05,21.72,0.00,335.51,0,-112.00,-16.00,0.00,0.00,31.00,0.00,0,438
517.00,1566968038,11803.73,51.47707620,7.39333923,180.36,21.49,0.00,336.24,0,-108.00,-12.00,0.00,0.00,29.00,0.00,0,57
517.00,1566968038,11803.73,51.47707620,7.39333923,180.36,21.49,0.00,336.24,0,-110.00,-15.00,0.00,0.00,31.00,0.00,0,461
517.00,1566968038,11803.75,51.47707620,7.39333923,180.36,21.49,0.00,336.24,0,-114.00,-15.00,0.00,0.00,26.00,0.00,0,120
518.00,1566968039,11825.22,51.47725078,7.39323082,180.54,20.81,0.00,338.77,0,-108.00,-12.00,0.00,0.00,29.00,0.00,0,57
518.00,1566968039,11825.24,51.47725078,7.39323082,180.54,20.81,0.00,338.77,0,-110.00,-15.00,0.00,0.00,31.00,0.00,0,461
518.00,1566968039,11825.26,51.47725078,7.39323082,180.54,20.81,0.00,338.77,0,-114.00,-15.00,0.00,0.00,26.00,0.00,0,120
519.00,1566968040,11846.03,51.47742214,7.39314111,180.25,20.10,0.00,342.95,0,-109.00,-14.00,0.00,0.00,31.00,0.00,0,461
519.00,1566968040,11846.05,51.47742214,7.39314111,180.25,20.10,0.00,342.95,0,-110.00,-14.00,0.00,0.00,29.00,0.00,0,57
519.00,1566968040,11846.07,51.47742214,7.39314111,180.25,20.10,0.00,342.95,0,-113.00,-15.00,0.00,0.00,28.00,0.00,0,438
520.00,1566968041,11866.12,51.47759541,7.39307150,180.06,19.41,0.00,346.40,0,-109.00,-14.00,0.00,0.00,31.00,0.00,0,461
520.00,1566968041,11866.14,51.47759541,7.39307150,180.06,19.41,0.00,346.40,0,-110.00,-14.00,0.00,0.00,29.00,0.00,0,57
520.00,1566968041,11866.16,51.47759541,7.39307150,180.06,19.41,0.00,346.40,0,-113.00,-15.00,0.00,0.00,28.00,0.00,0,438
521.00,1566968042,11885.51,51.47776854,7.39303554,179.76,18.97,0.00,353.64,0,-107.00,-15.00,0.00,0.00,34.00,0.00,0,461
521.00,1566968042,11885.53,51.47776854,7.39303554,179.76,18.97,0.00,353.64,0,-109.00,-15.00,0.00,0.00,33.00,0.00,0,438
521.00,1566968042,11885.55,51.47776854,7.39303554,179.76,18.97,0.00,353.64,0,-108.00,-16.00,0.00,0.00,33.00,0.00,0,57
522.00,1566968043,11904.50,51.47794031,7.39301245,179.64,18.93,0.00,356.03,0,-107.00,-15.00,0.00,0.00,34.00,0.00,0,461
522.00,1566968043,11904.50,51.47794031,7.39301245,179.64,18.93,0.00,356.03,0,-109.00,-15.00,0.00,0.00,33.00,0.00,0,438
522.00,1566968043,11904.52,51.47794031,7.39301245,179.64,18.93,0.00,356.03,0,-108.00,-16.00,0.00,0.00,33.00,0.00,0,57
523.00,1566968044,11923.41,51.47811851,7.39300946,179.69,19.44,0.00,359.71,0,-104.00,-15.00,0.00,0.00,37.00,0.00,0,57
523.00,1566968044,11923.43,51.47811851,7.39300946,179.69,19.44,0.00,359.71,0,-104.00,-15.00,0.00,0.00,37.00,0.00,0,461
524.00,1566968045,11942.85,51.47827758,7.39308394,179.88,17.92,0.00,16.92,0,-104.00,-15.00,0.00,0.00,37.00,0.00,0,57
524.00,1566968045,11942.87,51.47827758,7.39308394,179.88,17.92,0.00,16.92,0,-104.00,-15.00,0.00,0.00,37.00,0.00,0,461
525.00,1566968046,11960.76,51.47843856,7.39316687,180.39,17.87,0.00,18.08,0,-103.00,-14.00,0.00,0.00,37.00,0.00,0,461
526.00,1566968047,11978.64,51.47858486,7.39326285,180.54,17.22,0.00,21.49,0,-103.00,-14.00,0.00,0.00,37.00,0.00,0,461
527.00,1566968048,11995.87,51.47872305,7.39337870,180.88,17.12,0.00,24.80,0,-103.00,-14.00,0.00,0.00,37.00,0.00,0,461
527.00,1566968048,11995.88,51.47872305,7.39337870,180.88,17.12,0.00,24.80,0,-104.00,-12.00,0.00,0.00,36.00,0.00,0,57
528.00,1566968049,12013.00,51.47885041,7.39350346,181.32,16.46,0.00,28.35,0,-103.00,-14.00,0.00,0.00,37.00,0.00,0,461
528.00,1566968049,12013.01,51.47885041,7.39350346,181.32,16.46,0.00,28.35,0,-104.00,-12.00,0.00,0.00,36.00,0.00,0,57
529.00,1566968050,12029.45,51.47897454,7.39364190,181.79,16.25,0.00,30.98,0,-108.00,-12.00,0.00,0.00,31.00,0.00,0,57
529.00,1566968050,12029.47,51.47897454,7.39364190,181.79,16.25,0.00,30.98,0,-108.00,-14.00,0.00,0.00,32.00,0.00,0,461
529.00,1566968050,12029.47,51.47897454,7.39364190,181.79,16.25,0.00,30.98,0,-114.00,-17.00,0.00,0.00,28.00,0.00,0,143
530.00,1566968051,12045.70,51.47908750,7.39374408,182.31,13.46,0.00,27.52,0,-108.00,-12.00,0.00,0.00,31.00,0.00,0,57
530.00,1566968051,12045.71,51.47908750,7.39374408,182.31,13.46,0.00,27.52,0,-108.00,-14.00,0.00,0.00,32.00,0.00,0,461
530.00,1566968051,12045.71,51.47908750,7.39374408,182.31,13.46,0.00,27.52,0,-114.00,-17.00,0.00,0.00,28.00,0.00,0,143
536.00,1566968057,12126.66,51.47977424,7.39354205,182.80,13.59,0.00,333.94,0,-75.00,-12.00,0.00,0.00,63.00,0.00,0,59
537.00,1566968058,12140.27,51.47987540,7.39346846,183.15,12.71,0.00,334.36,0,-75.00,-12.00,0.00,0.00,63.00,0.00,0,59
538.00,1566968059,12152.97,51.47997399,7.39340565,183.59,11.56,0.00,338.00,0,-76.00,-7.00,0.00,0.00,60.00,0.00,0,59
539.00,1566968060,12164.53,51.48008003,7.39340394,184.06,10.97,0.00,359.24,0,-76.00,-7.00,0.00,0.00,60.00,0.00,0,59
540.00,1566968061,12175.50,51.48017440,7.39343568,183.99,10.53,0.00,14.51,0,-78.00,-8.00,0.00,0.00,60.00,0.00,0,59
541.00,1566968062,12186.04,51.48025120,7.39352151,184.15,10.66,0.00,35.66,0,-78.00,-8.00,0.00,0.00,60.00,0.00,0,59
542.00,1566968063,12196.69,51.48030384,7.39364106,184.40,11.35,0.00,55.01,0,-84.00,-7.00,0.00,0.00,51.00,0.00,0,59
543.00,1566968064,12208.05,51.48036236,7.39378067,184.74,12.07,0.00,56.44,0,-84.00,-7.00,0.00,0.00,51.00,0.00,0,59
544.00,1566968065,12220.13,51.48041678,7.39393206,185.20,13.00,0.00,57.67,0,-85.00,-8.00,0.00,0.00,52.00,0.00,0,59
545.00,1566968066,12233.14,51.48047909,7.39410673,185.47,14.30,0.00,59.25,0,-85.00,-8.00,0.00,0.00,52.00,0.00,0,59
546.00,1566968067,12247.43,51.48053928,7.39427788,185.69,14.76,0.00,60.18,0,-74.00,-8.00,0.00,0.00,63.00,0.00,0,59
547.00,1566968068,12262.18,51.48060421,7.39446222,185.48,15.48,0.00,59.95,0,-74.00,-8.00,0.00,0.00,63.00,0.00,0,59
559.00,1566968080,12471.91,51.48154061,7.39705919,186.72,16.64,0.00,58.21,0,-102.00,-11.00,0.00,0.00,35.00,0.00,0,459
559.00,1566968080,12471.93,51.48154061,7.39705919,186.72,16.64,0.00,58.21,0,-106.00,-16.00,0.00,0.00,36.00,0.00,0,461
559.00,1566968080,12471.94,51.48154061,7.39705919,186.72,16.64,0.00,58.21,0,-106.00,-13.00,0.00,0.00,33.00,0.00,0,438
560.00,1566968081,12488.54,51.48162156,7.39725684,187.09,16.28,0.00,57.33,0,-102.00,-11.00,0.00,0.00,35.00,0.00,0,459
560.00,1566968081,12488.56,51.48162156,7.39725684,187.09,16.28,0.00,57.33,0,-106.00,-16.00,0.00,0.00,36.00,0.00,0,461
560.00,1566968081,12488.58,51.48162156,7.39725684,187.09,16.28,0.00,57.33,0,-106.00,-13.00,0.00,0.00,33.00,0.00,0,438
561.00,1566968082,12504.82,51.48170467,7.39744797,186.99,15.86,0.00,56.41,0,-107.00,-18.00,0.00,0.00,36.00,0.00,0,130
561.00,1566968082,12504.84,51.48170467,7.39744797,186.99,15.86,0.00,56.41,0,-104.00,-13.00,0.00,0.00,34.00,0.00,0,459
561.00,1566968082,12504.85,51.48170467,7.39744797,186.99,15.86,0.00,56.41,0,-106.00,-18.00,0.00,0.00,37.00,0.00,0,461
562.00,1566968083,12520.68,51.48178842,7.39762831,186.86,15.55,0.00,55.15,0,-107.00,-18.00,0.00,0.00,36.00,0.00,0,130
562.00,1566968083,12520.70,51.48178842,7.39762831,186.86,15.55,0.00,55.15,0,-104.00,-13.00,0.00,0.00,34.00,0.00,0,459
562.00,1566968083,12520.71,51.48178842,7.39762831,186.86,15.55,0.00,55.15,0,-106.00,-18.00,0.00,0.00,37.00,0.00,0,461
567.00,1566968088,12596.03,51.48223728,7.39844656,188.03,14.17,0.00,47.39,0,-96.00,-10.00,0.00,0.00,40.00,0.00,0,59
567.00,1566968088,12596.03,51.48223728,7.39844656,188.03,14.17,0.00,47.39,0,-82.00,-10.00,0.00,0.00,57.00,0.00,0,59
568.00,1566968089,12610.19,51.48233146,7.39858697,188.10,13.57,0.00,45.41,0,-96.00,-10.00,0.00,0.00,40.00,0.00,0,59
568.00,1566968089,12610.20,51.48233146,7.39858697,188.10,13.57,0.00,45.41,0,-82.00,-10.00,0.00,0.00,57.00,0.00,0,59
569.00,1566968090,12623.76,51.48242330,7.39871388,188.09,13.29,0.00,43.34,0,-100.00,-10.00,0.00,0.00,35.00,0.00,0,59
569.00,1566968090,12623.77,51.48242330,7.39871388,188.09,13.29,0.00,43.34,0,-89.00,-11.00,0.00,0.00,50.00,0.00,0,59
570.00,1566968091,12637.06,51.48251431,7.39882684,188.10,13.03,0.00,41.17,0,-100.00,-10.00,0.00,0.00,35.00,0.00,0,59
570.00,1566968091,12637.06,51.48251431,7.39882684,188.10,13.03,0.00,41.17,0,-89.00,-11.00,0.00,0.00,50.00,0.00,0,59
571.00,1566968092,12650.08,51.48260733,7.39893822,187.82,12.54,0.00,39.61,0,-97.00,-9.00,0.00,0.00,38.00,0.00,0,59
571.00,1566968092,12650.09,51.48260733,7.39893822,187.82,12.54,0.00,39.61,0,-90.00,-14.00,0.00,0.00,52.00,0.00,0,59
572.00,1566968093,12662.62,51.48270353,7.39904370,187.83,12.78,0.00,37.54,0,-97.00,-9.00,0.00,0.00,38.00,0.00,0,59
572.00,1566968093,12662.63,51.48270353,7.39904370,187.83,12.78,0.00,37.54,0,-90.00,-14.00,0.00,0.00,52.00,0.00,0,59
573.00,1566968094,12675.38,51.48279221,7.39914074,187.52,11.70,0.00,36.68,0,-93.00,-8.00,0.00,0.00,41.00,0.00,0,59
574.00,1566968095,12687.09,51.48289102,7.39924767,187.11,12.83,0.00,35.82,0,-93.00,-8.00,0.00,0.00,41.00,0.00,0,59
575.00,1566968096,12699.93,51.48300066,7.39936480,186.81,14.85,0.00,34.78,0,-89.00,-7.00,0.00,0.00,44.00,0.00,0,59
575.00,1566968096,12699.94,51.48300066,7.39936480,186.81,14.85,0.00,34.78,0,-82.00,-13.00,0.00,0.00,59.00,0.00,0,59
576.00,1566968097,12714.78,51.48311391,7.39948878,186.93,14.87,0.00,34.18,0,-89.00,-7.00,0.00,0.00,44.00,0.00,0,59
576.00,1566968097,12714.78,51.48311391,7.39948878,186.93,14.87,0.00,34.18,0,-82.00,-13.00,0.00,0.00,59.00,0.00,0,59
577.00,1566968098,12729.74,51.48323133,7.39961047,187.12,15.65,0.00,33.80,0,-94.00,-8.00,0.00,0.00,39.00,0.00,0,59
578.00,1566968099,12745.29,51.48335169,7.39973067,187.26,15.76,0.00,33.89,0,-94.00,-8.00,0.00,0.00,39.00,0.00,0,59
579.00,1566968100,12761.05,51.48347574,7.39985450,187.25,15.61,0.00,34.32,0,-94.00,-8.00,0.00,0.00,39.00,0.00,0,59
584.00,1566968105,12840.21,51.48407789,7.40051702,187.22,15.88,0.00,36.90,0,-87.00,-7.00,0.00,0.00,49.00,0.00,0,57
585.00,1566968106,12856.11,51.48419171,7.40065281,187.22,16.15,0.00,37.67,0,-87.00,-7.00,0.00,0.00,49.00,0.00,0,57
586.00,1566968107,12872.27,51.48431031,7.40080778,187.24,16.30,0.00,38.63,0,-85.00,-8.00,0.00,0.00,51.00,0.00,0,57
587.00,1566968108,12888.55,51.48442743,7.40096373,187.51,15.99,0.00,39.54,0,-85.00,-8.00,0.00,0.00,51.00,0.00,0,57
588.00,1566968109,12904.54,51.48453885,7.40111964,187.56,15.63,0.00,40.67,0,-86.00,-7.00,0.00,0.00,49.00,0.00,0,57
589.00,1566968110,12920.17,51.48464649,7.40127339,187.78,15.55,0.00,41.59,0,-86.00,-7.00,0.00,0.00,49.00,0.00,0,57
590.00,1566968111,12935.72,51.48474731,7.40142615,187.85,15.42,0.00,42.56,0,-82.00,-7.00,0.00,0.00,53.00,0.00,0,57
591.00,1566968112,12951.15,51.48484757,7.40158041,187.92,15.36,0.00,43.40,0,-82.00,-7.00,0.00,0.00,53.00,0.00,0,57
592.00,1566968113,12966.51,51.48494493,7.40173947,187.86,15.59,0.00,44.22,0,-82.00,-6.00,0.00,0.00,53.00,0.00,0,57
593.00,1566968114,12982.09,51.48504107,7.40190061,187.57,15.93,0.00,45.01,0,-82.00,-6.00,0.00,0.00,53.00,0.00,0,57
596.00,1566968117,13030.31,51.48533195,7.40242209,186.24,15.97,0.00,47.27,0,-103.00,-11.00,0.00,0.00,33.00,0.00,0,171
597.00,1566968118,13046.29,51.48542721,7.40259739,185.96,15.87,0.00,48.03,0,-103.00,-11.00,0.00,0.00,33.00,0.00,0,171
601.00,1566968122,13108.87,51.48577107,7.40328819,184.56,15.36,0.00,51.44,0,-102.00,-9.00,0.00,0.00,33.00,0.00,0,171
602.00,1566968123,13124.23,51.48585012,7.40346514,184.15,15.21,0.00,52.39,0,-102.00,-9.00,0.00,0.00,33.00,0.00,0,171
603.00,1566968124,13139.44,51.48592633,7.40363207,183.87,14.85,0.00,52.97,0,-96.00,-9.00,0.00,0.00,38.00,0.00,0,171
603.99,1566968125,13154.25,51.48599929,7.40380134,183.72,14.53,0.00,54.26,0,-96.00,-9.00,0.00,0.00,38.00,0.00,0,171
605.00,1566968126,13168.84,51.48606985,7.40396560,183.48,13.95,0.00,54.89,0,-94.00,-8.00,0.00,0.00,39.00,0.00,0,171
605.00,1566968126,13168.84,51.48606985,7.40396560,183.48,13.95,0.00,54.89,0,-80.00,-5.00,0.00,0.00,54.00,0.00,0,57
606.00,1566968127,13182.77,51.48614103,7.40413248,183.42,13.44,0.00,54.17,0,-94.00,-8.00,0.00,0.00,39.00,0.00,0,171
606.00,1566968127,13182.79,51.48614103,7.40413248,183.42,13.44,0.00,54.17,0,-80.00,-5.00,0.00,0.00,54.00,0.00,0,57
609.00,1566968130,13221.19,51.48632699,7.40462285,182.70,12.39,0.00,57.66,0,-94.00,-9.00,0.00,0.00,40.00,0.00,0,59
610.00,1566968131,13233.58,51.48638829,7.40479444,182.29,13.46,0.00,56.89,0,-94.00,-9.00,0.00,0.00,40.00,0.00,0,59
611.00,1566968132,13247.07,51.48645095,7.40496420,181.66,13.78,0.00,57.73,0,-91.00,-10.00,0.00,0.00,45.00,0.00,0,277
611.00,1566968132,13247.07,51.48645095,7.40496420,181.66,13.78,0.00,57.73,0,-94.00,-12.00,0.00,0.00,45.00,0.00,0,278
612.00,1566968133,13260.84,51.48651167,7.40512975,180.92,13.67,0.00,58.27,0,-91.00,-10.00,0.00,0.00,45.00,0.00,0,277
612.00,1566968133,13260.85,51.48651167,7.40512975,180.92,13.67,0.00,58.27,0,-94.00,-12.00,0.00,0.00,45.00,0.00,0,278
615.00,1566968136,13301.66,51.48668296,7.40566084,179.14,13.62,0.00,61.41,0,-85.00,-8.00,0.00,0.00,49.00,0.00,0,277
616.00,1566968137,13315.28,51.48674068,7.40585164,179.04,14.29,0.00,62.37,0,-85.00,-8.00,0.00,0.00,49.00,0.00,0,277
619.01,1566968140,13359.67,51.48690017,7.40646797,177.70,15.06,0.00,66.06,0,-80.00,-10.00,0.00,0.00,55.00,0.00,0,171
619.01,1566968140,13359.68,51.48690017,7.40646797,177.70,15.06,0.00,66.06,0,-130.00,-16.00,0.00,0.00,17.00,0.00,0,323
619.01,1566968140,13359.70,51.48690017,7.40646797,177.70,15.06,0.00,66.06,0,-136.00,-21.00,0.00,0.00,17.00,0.00,0,362
619.01,1566968140,13359.70,51.48690017,7.40646797,177.70,15.06,0.00,66.06,0,-111.00,-7.00,0.00,0.00,25.00,0.00,0,222
620.00,1566968141,13374.59,51.48694620,7.40666578,177.36,15.16,0.00,66.95,0,-80.00,-10.00,0.00,0.00,55.00,0.00,0,171
620.00,1566968141,13374.61,51.48694620,7.40666578,177.36,15.16,0.00,66.95,0,-130.00,-16.00,0.00,0.00,17.00,0.00,0,323
620.00,1566968141,13374.62,51.48694620,7.40666578,177.36,15.16,0.00,66.95,0,-136.00,-21.00,0.00,0.00,17.00,0.00,0,362
620.00,1566968141,13374.64,51.48694620,7.40666578,177.36,15.16,0.00,66.95,0,-111.00,-7.00,0.00,0.00,25.00,0.00,0,222
621.00,1566968142,13389.68,51.48698602,7.40685464,176.75,14.39,0.00,68.53,0,-80.00,-10.00,0.00,0.00,55.00,0.00,0,171
621.00,1566968142,13389.68,51.48698602,7.40685464,176.75,14.39,0.00,68.53,0,-130.00,-16.00,0.00,0.00,17.00,0.00,0,323
621.00,1566968142,13389.69,51.48698602,7.40685464,176.75,14.39,0.00,68.53,0,-136.00,-21.00,0.00,0.00,17.00,0.00,0,362
621.00,1566968142,13389.69,51.48698602,7.40685464,176.75,14.39,0.00,68.53,0,-111.00,-7.00,0.00,0.00,25.00,0.00,0,222
622.00,1566968143,13404.11,51.48702873,7.40705661,176.35,14.16,0.00,70.28,0,-79.00,-11.00,0.00,0.00,59.00,0.00,0,171
623.00,1566968144,13418.25,51.48707005,7.40724785,176.15,13.82,0.00,71.23,0,-79.00,-11.00,0.00,0.00,59.00,0.00,0,171
638.00,1566968159,13621.55,51.48747402,7.41011834,171.26,11.57,0.00,80.42,0,-87.00,-9.00,0.00,0.00,47.00,0.00,0,171
639.00,1566968160,13633.12,51.48748837,7.41028684,170.96,10.59,0.00,81.29,0,-87.00,-9.00,0.00,0.00,47.00,0.00,0,171
640.00,1566968161,13643.78,51.48749955,7.41042563,170.63,9.09,0.00,82.28,0,-85.00,-7.00,0.00,0.00,47.00,0.00,0,171
641.00,1566968162,13652.80,51.48750752,7.41055737,170.15,8.82,0.00,83.20,0,-85.00,-7.00,0.00,0.00,47.00,0.00,0,171
642.00,1566968163,13661.62,51.48751497,7.41068657,169.83,8.38,0.00,83.45,0,-85.00,-7.00,0.00,0.00,47.00,0.00,0,171
645.00,1566968166,13685.91,51.48758534,7.41101307,169.49,7.65,0.00,58.03,0,-86.00,-7.00,0.00,0.00,46.00,0.00,0,171
646.00,1566968167,13693.55,51.48763928,7.41103050,169.40,7.34,0.00,12.39,0,-86.00,-7.00,0.00,0.00,46.00,0.00,0,171
647.00,1566968168,13700.89,51.48769002,7.41101818,168.92,6.62,0.00,355.89,0,-86.00,-6.00,0.00,0.00,45.00,0.00,0,171
648.00,1566968169,13707.51,51.48775495,7.41100139,168.60,7.42,0.00,354.39,0,-86.00,-6.00,0.00,0.00,45.00,0.00,0,171
651.00,1566968172,13730.36,51.48798561,7.41092394,168.24,10.10,0.00,351.28,0,-90.00,-9.00,0.00,0.00,45.00,0.00,0,277
652.00,1566968173,13740.46,51.48808771,7.41089062,168.25,11.57,0.00,351.51,0,-90.00,-9.00,0.00,0.00,45.00,0.00,0,277
657.00,1566968178,13796.42,51.48856632,7.41074612,171.31,9.69,0.00,348.99,0,-77.00,-7.00,0.00,0.00,55.00,0.00,0,277
658.00,1566968179,13806.12,51.48864575,7.41072007,172.02,8.42,0.00,348.49,0,-77.00,-7.00,0.00,0.00,55.00,0.00,0,277
659.00,1566968180,13814.57,51.48872340,7.41069585,172.80,8.10,0.00,348.09,0,-83.00,-8.00,0.00,0.00,51.00,0.00,0,277
659.00,1566968180,13814.57,51.48872340,7.41069585,172.80,8.10,0.00,348.09,0,-132.00,-17.00,0.00,0.00,16.00,0.00,0,323
659.00,1566968180,13814.57,51.48872340,7.41069585,172.80,8.10,0.00,348.09,0,-135.00,-20.00,0.00,0.00,16.00,0.00,0,218
659.00,1566968180,13814.58,51.48872340,7.41069585,172.80,8.10,0.00,348.09,0,-118.00,-10.00,0.00,0.00,21.00,0.00,0,222
659.00,1566968180,13814.59,51.48872340,7.41069585,172.80,8.10,0.00,348.09,0,-122.00,-13.00,0.00,0.00,20.00,0.00,0,98
659.00,1566968180,13814.59,51.48872340,7.41069585,172.80,8.10,0.00,348.09,0,-125.00,-16.00,0.00,0.00,20.00,0.00,0,179
660.00,1566968181,13822.66,51.48879481,7.41066884,173.16,8.28,0.00,347.20,0,-83.00,-8.00,0.00,0.00,51.00,0.00,0,277
660.00,1566968181,13822.67,51.48879481,7.41066884,173.16,8.28,0.00,347.20,0,-132.00,-17.00,0.00,0.00,16.00,0.00,0,323
660.00,1566968181,13822.67,51.48879481,7.41066884,173.16,8.28,0.00,347.20,0,-135.00,-20.00,0.00,0.00,16.00,0.00,0,218
660.00,1566968181,13822.68,51.48879481,7.41066884,173.16,8.28,0.00,347.20,0,-118.00,-10.00,0.00,0.00,21.00,0.00,0,222
660.00,1566968181,13822.69,51.48879481,7.41066884,173.16,8.28,0.00,347.20,0,-122.00,-13.00,0.00,0.00,20.00,0.00,0,98
660.00,1566968181,13822.69,51.48879481,7.41066884,173.16,8.28,0.00,347.20,0,-125.00,-16.00,0.00,0.00,20.00,0.00,0,179
661.01,1566968182,13831.01,51.48887470,7.41064380,173.07,9.47,0.00,347.79,0,-79.00,-9.00,0.00,0.00,56.00,0.00,0,277
661.01,1566968182,13831.01,51.48887470,7.41064380,173.07,9.47,0.00,347.79,0,-118.00,-10.00,0.00,0.00,21.00,0.00,0,222
661.01,1566968182,13831.02,51.48887470,7.41064380,173.07,9.47,0.00,347.79,0,-122.00,-13.00,0.00,0.00,20.00,0.00,0,98
661.01,1566968182,13831.02,51.48887470,7.41064380,173.07,9.47,0.00,347.79,0,-125.00,-16.00,0.00,0.00,20.00,0.00,0,179
662.00,1566968183,13840.38,51.48896213,7.41061467,172.51,10.97,0.00,348.08,0,-79.00,-9.00,0.00,0.00,56.00,0.00,0,277
662.00,1566968183,13840.38,51.48896213,7.41061467,172.51,10.97,0.00,348.08,0,-118.00,-10.00,0.00,0.00,21.00,0.00,0,222
662.00,1566968183,13840.39,51.48896213,7.41061467,172.51,10.97,0.00,348.08,0,-122.00,-13.00,0.00,0.00,20.00,0.00,0,98
662.00,1566968183,13840.40,51.48896213,7.41061467,172.51,10.97,0.00,348.08,0,-125.00,-16.00,0.00,0.00,20.00,0.00,0,179
663.00,1566968184,13851.35,51.48906382,7.41058018,171.88,11.38,0.00,347.66,0,-79.00,-9.00,0.00,0.00,56.00,0.00,0,277
663.00,1566968184,13851.36,51.48906382,7.41058018,171.88,11.38,0.00,347.66,0,-118.00,-10.00,0.00,0.00,21.00,0.00,0,222
663.00,1566968184,13851.38,51.48906382,7.41058018,171.88,11.38,0.00,347.66,0,-122.00,-13.00,0.00,0.00,20.00,0.00,0,98
663.00,1566968184,13851.38,51.48906382,7.41058018,171.88,11.38,0.00,347.66,0,-125.00,-16.00,0.00,0.00,20.00,0.00,0,179
