0.01,1567659329,0.04,51.44987527,7.48827587,243.60,11.00,0.00,170.72,0,-106.00,-18.00,0.00,0.00,38.00,0.00,0,354
0.01,1567659329,0.06,51.44987527,7.48827587,243.60,11.00,0.00,170.72,0,-107.00,-18.00,0.00,0.00,37.00,0.00,0,342
0.01,1567659329,0.06,51.44987527,7.48827587,243.60,11.00,0.00,170.72,0,-109.00,-20.00,0.00,0.00,37.00,0.00,0,52
0.01,1567659329,0.06,51.44987527,7.48827587,243.60,11.00,0.00,170.72,0,-108.00,-11.00,0.00,0.00,29.00,0.00,0,324
0.02,1567659329,0.07,51.44987527,7.48827587,243.60,11.00,0.00,170.72,0,0.00,0.00,0.00,0.00,63.00,0.00,0,473
1.02,1567659330,11.07,51.44977472,7.48830598,242.58,12.01,0.00,171.13,0,-106.00,-18.00,0.00,0.00,38.00,0.00,0,354
1.02,1567659330,11.08,51.44977472,7.48830598,242.58,12.01,0.00,171.13,0,-107.00,-18.00,0.00,0.00,37.00,0.00,0,342
1.02,1567659330,11.09,51.44977472,7.48830598,242.58,12.01,0.00,171.13,0,-109.00,-20.00,0.00,0.00,37.00,0.00,0,52
1.02,1567659330,11.10,51.44977472,7.48830598,242.58,12.01,0.00,171.13,0,-108.00,-11.00,0.00,0.00,29.00,0.00,0,324
1.02,1567659330,11.10,51.44977472,7.48830598,242.58,12.01,0.00,171.13,0,0.00,0.00,0.00,0.00,63.00,0.00,0,473
2.12,1567659331,24.33,51.44966315,7.48833501,241.60,12.17,0.00,172.13,0,-107.00,-17.00,0.00,0.00,37.00,0.00,0,342
2.12,1567659331,24.33,51.44966315,7.48833501,241.60,12.17,0.00,172.13,0,-108.00,-18.00,0.00,0.00,37.00,0.00,0,58
2.12,1567659331,24.34,51.44966315,7.48833501,241.60,12.17,0.00,172.13,0,-108.00,-19.00,0.00,0.00,37.00,0.00,0,354
2.12,1567659331,24.35,51.44966315,7.48833501,241.60,12.17,0.00,172.13,0,-107.00,-9.00,0.00,0.00,29.00,0.00,0,324
2.12,1567659331,24.35,51.44966315,7.48833501,241.60,12.17,0.00,172.13,0,0.00,0.00,0.00,0.00,63.00,0.00,0,473
3.12,1567659332,36.45,51.44954610,7.48835191,241.28,12.51,0.00,173.50,0,-107.00,-17.00,0.00,0.00,37.00,0.00,0,342
3.12,1567659332,36.46,51.44954610,7.48835191,241.28,12.51,0.00,173.50,0,-108.00,-18.00,0.00,0.00,37.00,0.00,0,58
3.12,1567659332,36.47,51.44954610,7.48835191,241.28,12.51,0.00,173.50,0,-108.00,-19.00,0.00,0.00,37.00,0.00,0,354
3.12,1567659332,36.47,51.44954610,7.48835191,241.28,12.51,0.00,173.50,0,-107.00,-9.00,0.00,0.00,29.00,0.00,0,324
3.12,1567659332,36.49,51.44954610,7.48835191,241.28,12.51,0.00,173.50,0,0.00,0.00,0.00,0.00,63.00,0.00,0,473
4.12,1567659333,49.04,51.44942610,7.48836073,240.61,12.83,0.00,175.30,0,-107.00,-18.00,0.00,0.00,37.00,0.00,0,58
4.12,1567659333,49.06,51.44942610,7.48836073,240.61,12.83,0.00,175.30,0,-107.00,-19.00,0.00,0.00,37.00,0.00,0,354
4.13,1567659333,49.07,51.44942610,7.48836073,240.61,12.83,0.00,175.30,0,-109.00,-19.00,0.00,0.00,37.00,0.00,0,149
5.12,1567659334,61.77,51.44930896,7.48836760,239.66,13.17,0.00,176.66,0,-107.00,-18.00,0.00,0.00,37.00,0.00,0,58
5.12,1567659334,61.79,51.44930896,7.48836760,239.66,13.17,0.00,176.66,0,-107.00,-19.00,0.00,0.00,37.00,0.00,0,354
5.12,1567659334,61.80,51.44930896,7.48836760,239.66,13.17,0.00,176.66,0,-109.00,-19.00,0.00,0.00,37.00,0.00,0,149
6.12,1567659335,74.95,51.44919151,7.48836950,238.54,13.25,0.00,178.31,0,-107.00,-18.00,0.00,0.00,37.00,0.00,0,58
6.12,1567659335,74.96,51.44919151,7.48836950,238.54,13.25,0.00,178.31,0,-107.00,-19.00,0.00,0.00,37.00,0.00,0,354
6.12,1567659335,74.98,51.44919151,7.48836950,238.54,13.25,0.00,178.31,0,-109.00,-19.00,0.00,0.00,37.00,0.00,0,149
7.12,1567659336,88.22,51.44907497,7.48835927,237.82,13.20,0.00,181.29,0,-106.00,-16.00,0.00,0.00,36.00,0.00,0,337
7.12,1567659336,88.24,51.44907497,7.48835927,237.82,13.20,0.00,181.29,0,-106.00,-16.00,0.00,0.00,36.00,0.00,0,204
7.12,1567659336,88.25,51.44907497,7.48835927,237.82,13.20,0.00,181.29,0,-107.00,-17.00,0.00,0.00,36.00,0.00,0,354
7.12,1567659336,88.25,51.44907497,7.48835927,237.82,13.20,0.00,181.29,0,-99.00,-7.00,0.00,0.00,34.00,0.00,0,324
7.12,1567659336,88.26,51.44907497,7.48835927,237.82,13.20,0.00,181.29,0,0.00,0.00,0.00,0.00,63.00,0.00,0,473
8.12,1567659337,101.41,51.44895416,7.48833932,237.76,13.62,0.00,183.75,0,-106.00,-16.00,0.00,0.00,36.00,0.00,0,337
8.12,1567659337,101.42,51.44895416,7.48833932,237.76,13.62,0.00,183.75,0,-106.00,-16.00,0.00,0.00,36.00,0.00,0,204
8.12,1567659337,101.44,51.44895416,7.48833932,237.76,13.62,0.00,183.75,0,-107.00,-17.00,0.00,0.00,36.00,0.00,0,354
8.12,1567659337,101.44,51.44895416,7.48833932,237.76,13.62,0.00,183.75,0,-99.00,-7.00,0.00,0.00,34.00,0.00,0,324
8.12,1567659337,101.45,51.44895416,7.48833932,237.76,13.62,0.00,183.75,0,0.00,0.00,0.00,0.00,63.00,0.00,0,473
9.12,1567659338,115.03,51.44882783,7.48831120,237.32,13.69,0.00,186.75,0,-106.00,-16.00,0.00,0.00,36.00,0.00,0,337
9.12,1567659338,115.05,51.44882783,7.48831120,237.32,13.69,0.00,186.75,0,-106.00,-16.00,0.00,0.00,36.00,0.00,0,58
9.12,1567659338,115.05,51.44882783,7.48831120,237.32,13.69,0.00,186.75,0,-107.00,-17.00,0.00,0.00,36.00,0.00,0,187
9.12,1567659338,115.06,51.44882783,7.48831120,237.32,13.69,0.00,186.75,0,0.00,0.00,0.00,0.00,63.00,0.00,0,473
10.12,1567659339,128.72,51.44870161,7.48827732,237.06,13.86,0.00,188.54,0,-106.00,-16.00,0.00,0.00,36.00,0.00,0,337
10.12,1567659339,128.72,51.44870161,7.48827732,237.06,13.86,0.00,188.54,0,-106.00,-16.00,0.00,0.00,36.00,0.00,0,58
10.12,1567659339,128.73,51.44870161,7.48827732,237.06,13.86,0.00,188.54,0,-107.00,-17.00,0.00,0.00,36.00,0.00,0,187
10.12,1567659339,128.75,51.44870161,7.48827732,237.06,13.86,0.00,188.54,0,0.00,0.00,0.00,0.00,63.00,0.00,0,473
11.12,1567659340,142.58,51.44858092,7.48824153,237.33,14.15,0.00,189.98,0,-103.00,-19.00,0.00,0.00,43.00,0.00,0,337
11.12,1567659340,142.58,51.44858092,7.48824153,237.33,14.15,0.00,189.98,0,-103.00,-20.00,0.00,0.00,43.00,0.00,0,58
11.12,1567659340,142.59,51.44858092,7.48824153,237.33,14.15,0.00,189.98,0,-103.00,-20.00,0.00,0.00,43.00,0.00,0,187
12.12,1567659341,156.71,51.44846367,7.48819566,237.94,14.08,0.00,192.01,0,-103.00,-19.00,0.00,0.00,43.00,0.00,0,337
12.12,1567659341,156.72,51.44846367,7.48819566,237.94,14.08,0.00,192.01,0,-103.00,-20.00,0.00,0.00,43.00,0.00,0,58
12.12,1567659341,156.74,51.44846367,7.48819566,237.94,14.08,0.00,192.01,0,-103.00,-20.00,0.00,0.00,43.00,0.00,0,187
13.12,1567659342,170.79,51.44834641,7.48814226,238.72,13.84,0.00,193.66,0,-104.00,-15.00,0.00,0.00,36.00,0.00,0,337
13.12,1567659342,170.81,51.44834641,7.48814226,238.72,13.84,0.00,193.66,0,-105.00,-16.00,0.00,0.00,37.00,0.00,0,204
13.12,1567659342,170.82,51.44834641,7.48814226,238.72,13.84,0.00,193.66,0,-106.00,-17.00,0.00,0.00,37.00,0.00,0,58
14.11,1567659343,184.55,51.44822872,7.48809379,239.69,13.77,0.00,194.14,0,-104.00,-15.00,0.00,0.00,36.00,0.00,0,337
14.11,1567659343,184.56,51.44822872,7.48809379,239.69,13.77,0.00,194.14,0,-105.00,-16.00,0.00,0.00,37.00,0.00,0,204
14.11,1567659343,184.56,51.44822872,7.48809379,239.69,13.77,0.00,194.14,0,-106.00,-17.00,0.00,0.00,37.00,0.00,0,58
15.11,1567659344,198.32,51.44813036,7.48804832,242.25,14.33,0.00,194.42,0,-102.00,-13.00,0.00,0.00,37.00,0.00,0,58
15.11,1567659344,198.32,51.44813036,7.48804832,242.25,14.33,0.00,194.42,0,-103.00,-13.00,0.00,0.00,36.00,0.00,0,337
15.11,1567659344,198.32,51.44813036,7.48804832,242.25,14.33,0.00,194.42,0,-106.00,-16.00,0.00,0.00,37.00,0.00,0,204
15.11,1567659344,198.32,51.44813036,7.48804832,242.25,14.33,0.00,194.42,0,-99.00,-6.00,0.00,0.00,32.00,0.00,0,324
16.12,1567659345,212.76,51.44801754,7.48800125,244.70,15.01,0.00,194.01,0,-102.00,-13.00,0.00,0.00,37.00,0.00,0,58
16.12,1567659345,212.76,51.44801754,7.48800125,244.70,15.01,0.00,194.01,0,-103.00,-13.00,0.00,0.00,36.00,0.00,0,337
16.12,1567659345,212.77,51.44801754,7.48800125,244.70,15.01,0.00,194.01,0,-106.00,-16.00,0.00,0.00,37.00,0.00,0,204
16.12,1567659345,212.77,51.44801754,7.48800125,244.70,15.01,0.00,194.01,0,-99.00,-6.00,0.00,0.00,32.00,0.00,0,324
53.11,1567659382,706.85,51.44458503,7.49155088,267.08,0.00,0.00,127.26,0,-109.00,-14.00,0.00,0.00,31.00,0.00,0,325
54.11,1567659383,706.85,51.44458503,7.49155088,267.09,0.00,0.00,127.26,0,-109.00,-14.00,0.00,0.00,31.00,0.00,0,325
55.11,1567659384,706.85,51.44458503,7.49155088,267.10,0.00,0.00,127.26,0,-106.00,-11.00,0.00,0.00,31.00,0.00,0,325
56.11,1567659385,706.85,51.44458503,7.49155088,267.12,0.00,0.00,127.26,0,-106.00,-11.00,0.00,0.00,31.00,0.00,0,325
57.12,1567659386,706.85,51.44458503,7.49155088,267.13,0.00,0.00,127.26,0,-108.00,-13.00,0.00,0.00,31.00,0.00,0,325
58.11,1567659387,706.85,51.44458503,7.49155088,267.14,0.00,0.00,127.26,0,-108.00,-13.00,0.00,0.00,31.00,0.00,0,325
61.11,1567659390,706.85,51.44458503,7.49155088,267.19,0.00,0.00,127.26,0,-105.00,-12.00,0.00,0.00,33.00,0.00,0,325
62.12,1567659391,706.85,51.44458503,7.49155088,267.21,0.00,0.00,127.26,0,-105.00,-12.00,0.00,0.00,33.00,0.00,0,325
63.12,1567659392,706.85,51.44458503,7.49155088,267.23,0.00,0.00,127.26,0,-106.00,-13.00,0.00,0.00,33.00,0.00,0,325
63.12,1567659392,706.85,51.44458503,7.49155088,267.23,0.00,0.00,127.26,0,-111.00,-17.00,0.00,0.00,32.00,0.00,0,70
64.11,1567659393,706.85,51.44458503,7.49155088,267.25,0.00,0.00,127.26,0,-106.00,-13.00,0.00,0.00,33.00,0.00,0,325
64.11,1567659393,706.85,51.44458503,7.49155088,267.25,0.00,0.00,127.26,0,-111.00,-17.00,0.00,0.00,32.00,0.00,0,70
65.11,1567659394,706.85,51.44458503,7.49155088,267.27,0.00,0.00,127.26,0,-106.00,-13.00,0.00,0.00,33.00,0.00,0,325
66.11,1567659395,706.85,51.44458503,7.49155088,267.29,0.00,0.00,127.26,0,-106.00,-13.00,0.00,0.00,33.00,0.00,0,325
67.11,1567659396,706.85,51.44458503,7.49155088,267.31,0.00,0.00,127.26,0,-107.00,-12.00,0.00,0.00,31.00,0.00,0,325
68.11,1567659397,706.85,51.44458503,7.49155088,267.34,0.00,0.00,127.26,0,-107.00,-12.00,0.00,0.00,31.00,0.00,0,325
69.12,1567659398,706.85,51.44458503,7.49155088,267.36,0.00,0.00,127.26,0,-107.00,-14.00,0.00,0.00,32.00,0.00,0,325
70.11,1567659399,706.85,51.44458503,7.49155088,267.38,0.00,0.00,127.26,0,-107.00,-14.00,0.00,0.00,32.00,0.00,0,325
71.11,1567659400,706.85,51.44458503,7.49155088,267.40,0.00,0.00,127.26,0,-107.00,-14.00,0.00,0.00,32.00,0.00,0,325
72.11,1567659401,706.85,51.44458503,7.49155088,267.43,0.00,0.00,127.26,0,-107.00,-15.00,0.00,0.00,33.00,0.00,0,325
72.12,1567659401,706.85,51.44458503,7.49155088,267.43,0.00,0.00,127.26,0,-111.00,-19.00,0.00,0.00,35.00,0.00,0,70
72.12,1567659401,706.85,51.44458503,7.49155088,267.43,0.00,0.00,127.26,0,-111.00,-20.00,0.00,0.00,35.00,0.00,0,321
73.12,1567659402,706.85,51.44458503,7.49155088,267.45,0.00,0.00,127.26,0,-107.00,-15.00,0.00,0.00,33.00,0.00,0,325
73.12,1567659402,706.85,51.44458503,7.49155088,267.45,0.00,0.00,127.26,0,-111.00,-19.00,0.00,0.00,35.00,0.00,0,70
73.12,1567659402,706.85,51.44458503,7.49155088,267.45,0.00,0.00,127.26,0,-111.00,-20.00,0.00,0.00,35.00,0.00,0,321
74.12,1567659403,706.85,51.44458503,7.49155088,267.47,0.00,0.00,127.26,0,-107.00,-16.00,0.00,0.00,35.00,0.00,0,325
74.12,1567659403,706.85,51.44458503,7.49155088,267.47,0.00,0.00,127.26,0,-110.00,-20.00,0.00,0.00,36.00,0.00,0,321
74.12,1567659403,706.85,51.44458503,7.49155088,267.47,0.00,0.00,127.26,0,-110.00,-20.00,0.00,0.00,35.00,0.00,0,70
75.11,1567659404,706.85,51.44458503,7.49155088,267.49,0.00,0.00,127.26,0,-107.00,-16.00,0.00,0.00,35.00,0.00,0,325
75.11,1567659404,706.85,51.44458503,7.49155088,267.49,0.00,0.00,127.26,0,-110.00,-20.00,0.00,0.00,36.00,0.00,0,321
75.11,1567659404,706.85,51.44458503,7.49155088,267.49,0.00,0.00,127.26,0,-110.00,-20.00,0.00,0.00,35.00,0.00,0,70
76.11,1567659405,706.85,51.44458503,7.49155088,267.50,0.00,0.00,127.26,0,-108.00,-16.00,0.00,0.00,34.00,0.00,0,325
77.11,1567659406,706.85,51.44458503,7.49155088,267.52,0.00,0.00,127.26,0,-108.00,-16.00,0.00,0.00,34.00,0.00,0,325
78.11,1567659407,706.85,51.44458503,7.49155088,267.54,0.00,0.00,127.26,0,-109.00,-15.00,0.00,0.00,31.00,0.00,0,325
79.11,1567659408,706.85,51.44458503,7.49155088,267.56,0.00,0.00,127.26,0,-109.00,-15.00,0.00,0.00,31.00,0.00,0,325
80.11,1567659409,706.85,51.44458503,7.49155088,267.70,0.00,0.00,127.26,0,-109.00,-14.00,0.00,0.00,30.00,0.00,0,325
81.11,1567659410,706.85,51.44458503,7.49155088,267.83,0.00,0.00,124.96,0,-109.00,-14.00,0.00,0.00,30.00,0.00,0,325
82.11,1567659411,706.85,51.44458503,7.49155088,269.31,0.00,0.00,137.59,0,-110.00,-14.00,0.00,0.00,30.00,0.00,0,325
82.11,1567659411,706.85,51.44458503,7.49155088,269.31,0.00,0.00,137.59,0,-111.00,-14.00,0.00,0.00,29.00,0.00,0,70
83.11,1567659412,706.85,51.44447026,7.49172269,269.96,5.29,0.00,155.55,0,-110.00,-14.00,0.00,0.00,30.00,0.00,0,325
83.11,1567659412,706.86,51.44447026,7.49172269,269.96,5.29,0.00,155.55,0,-111.00,-14.00,0.00,0.00,29.00,0.00,0,70
84.11,1567659413,712.15,51.44441358,7.49171268,270.62,6.86,0.00,191.58,0,-97.00,-15.00,0.00,0.00,46.00,0.00,0,325
85.11,1567659414,719.02,51.44434455,7.49166407,271.13,8.48,0.00,209.60,0,-97.00,-15.00,0.00,0.00,46.00,0.00,0,325
105.31,1567659434,1004.40,51.44226952,7.48923580,273.78,15.18,0.00,215.46,0,-86.00,-11.00,0.00,0.00,51.00,0.00,0,325
106.31,1567659435,1019.58,51.44215772,7.48911116,273.52,14.65,0.00,215.11,0,-86.00,-11.00,0.00,0.00,51.00,0.00,0,325
107.31,1567659436,1034.23,51.44205012,7.48897863,272.88,14.43,0.00,216.91,0,-88.00,-9.00,0.00,0.00,48.00,0.00,0,325
108.31,1567659437,1048.66,51.44194121,7.48883673,272.38,14.78,0.00,218.33,0,-88.00,-9.00,0.00,0.00,48.00,0.00,0,325
126.31,1567659455,1316.75,51.44043446,7.48577172,278.06,14.68,0.00,232.68,0,-80.00,-9.00,0.00,0.00,55.00,0.00,0,326
127.31,1567659456,1331.44,51.44035783,7.48559555,278.85,14.43,0.00,233.53,0,-80.00,-9.00,0.00,0.00,55.00,0.00,0,326
128.31,1567659457,1345.87,51.44028814,7.48543316,279.64,13.80,0.00,232.71,0,-84.00,-13.00,0.00,0.00,55.00,0.00,0,326
129.31,1567659458,1359.68,51.44021179,7.48526053,280.53,14.61,0.00,233.22,0,-84.00,-13.00,0.00,0.00,55.00,0.00,0,326
130.31,1567659459,1374.29,51.44014440,7.48510443,281.09,12.84,0.00,233.65,0,-83.00,-11.00,0.00,0.00,54.00,0.00,0,325
131.31,1567659460,1387.13,51.44007092,7.48494128,281.23,13.22,0.00,233.09,0,-83.00,-11.00,0.00,0.00,54.00,0.00,0,325
157.31,1567659486,1766.13,51.43823195,7.48015847,281.30,14.08,0.00,240.81,0,-107.00,-10.00,0.00,0.00,28.00,0.00,0,163
158.31,1567659487,1780.16,51.43816953,7.47996781,281.43,14.55,0.00,241.58,0,-107.00,-10.00,0.00,0.00,28.00,0.00,0,163
159.32,1567659488,1794.84,51.43810662,7.47976322,280.76,14.68,0.00,242.11,0,-106.00,-9.00,0.00,0.00,28.00,0.00,0,163
160.31,1567659489,1809.45,51.43804587,7.47956841,279.71,14.33,0.00,241.22,0,-106.00,-9.00,0.00,0.00,28.00,0.00,0,163
161.31,1567659490,1823.78,51.43798343,7.47938185,279.27,13.92,0.00,240.23,0,-106.00,-9.00,0.00,0.00,28.00,0.00,0,163
162.31,1567659491,1837.70,51.43792335,7.47920750,278.53,13.39,0.00,240.56,0,-115.00,-13.00,0.00,0.00,23.00,0.00,0,326
162.31,1567659491,1837.71,51.43792335,7.47920750,278.53,13.39,0.00,240.56,0,-115.00,-13.00,0.00,0.00,23.00,0.00,0,243
163.31,1567659492,1851.09,51.43785821,7.47901158,278.30,14.71,0.00,241.03,0,-115.00,-13.00,0.00,0.00,23.00,0.00,0,326
163.31,1567659492,1851.10,51.43785821,7.47901158,278.30,14.71,0.00,241.03,0,-115.00,-13.00,0.00,0.00,23.00,0.00,0,243
164.31,1567659493,1865.81,51.43779942,7.47882878,278.60,13.80,0.00,242.18,0,-113.00,-13.00,0.00,0.00,25.00,0.00,0,326
164.32,1567659493,1865.82,51.43779942,7.47882878,278.60,13.80,0.00,242.18,0,-114.00,-13.00,0.00,0.00,25.00,0.00,0,70
164.32,1567659493,1865.84,51.43779942,7.47882878,278.60,13.80,0.00,242.18,0,-117.00,-16.00,0.00,0.00,25.00,0.00,0,228
165.32,1567659494,1879.63,51.43774008,7.47865125,278.21,13.51,0.00,242.27,0,-113.00,-13.00,0.00,0.00,25.00,0.00,0,326
165.32,1567659494,1879.63,51.43774008,7.47865125,278.21,13.51,0.00,242.27,0,-114.00,-13.00,0.00,0.00,25.00,0.00,0,70
165.32,1567659494,1879.64,51.43774008,7.47865125,278.21,13.51,0.00,242.27,0,-117.00,-16.00,0.00,0.00,25.00,0.00,0,228
166.31,1567659495,1893.13,51.43767498,7.47845871,277.87,14.11,0.00,241.65,0,-113.00,-12.00,0.00,0.00,25.00,0.00,0,326
166.32,1567659495,1893.14,51.43767498,7.47845871,277.87,14.11,0.00,241.65,0,-114.00,-13.00,0.00,0.00,25.00,0.00,0,70
167.31,1567659496,1907.14,51.43760956,7.47827358,277.52,14.47,0.00,240.83,0,-113.00,-12.00,0.00,0.00,25.00,0.00,0,326
167.31,1567659496,1907.14,51.43760956,7.47827358,277.52,14.47,0.00,240.83,0,-114.00,-13.00,0.00,0.00,25.00,0.00,0,70
168.31,1567659497,1921.71,51.43754218,7.47808162,277.47,14.10,0.00,240.42,0,-113.00,-13.00,0.00,0.00,26.00,0.00,0,326
168.32,1567659497,1921.72,51.43754218,7.47808162,277.47,14.10,0.00,240.42,0,-114.00,-14.00,0.00,0.00,26.00,0.00,0,70
169.31,1567659498,1935.80,51.43747782,7.47790542,277.26,13.55,0.00,241.19,0,-113.00,-13.00,0.00,0.00,26.00,0.00,0,326
169.31,1567659498,1935.81,51.43747782,7.47790542,277.26,13.55,0.00,241.19,0,-114.00,-14.00,0.00,0.00,26.00,0.00,0,70
170.31,1567659499,1949.35,51.43741425,7.47771153,277.60,13.95,0.00,241.90,0,-113.00,-14.00,0.00,0.00,26.00,0.00,0,70
170.31,1567659499,1949.36,51.43741425,7.47771153,277.60,13.95,0.00,241.90,0,-115.00,-15.00,0.00,0.00,26.00,0.00,0,326
171.31,1567659500,1963.29,51.43735262,7.47751731,278.32,13.97,0.00,241.40,0,-113.00,-14.00,0.00,0.00,26.00,0.00,0,70
171.31,1567659500,1963.31,51.43735262,7.47751731,278.32,13.97,0.00,241.40,0,-115.00,-15.00,0.00,0.00,26.00,0.00,0,326
172.32,1567659501,1977.29,51.43729440,7.47733774,278.95,13.45,0.00,242.23,0,-114.00,-13.00,0.00,0.00,24.00,0.00,0,70
172.32,1567659501,1977.29,51.43729440,7.47733774,278.95,13.45,0.00,242.23,0,-117.00,-16.00,0.00,0.00,24.00,0.00,0,326
172.32,1567659501,1977.30,51.43729440,7.47733774,278.95,13.45,0.00,242.23,0,-122.00,-20.00,0.00,0.00,24.00,0.00,0,204
173.31,1567659502,1990.73,51.43723661,7.47714625,279.26,14.12,0.00,243.20,0,-114.00,-13.00,0.00,0.00,24.00,0.00,0,70
173.32,1567659502,1990.74,51.43723661,7.47714625,279.26,14.12,0.00,243.20,0,-117.00,-16.00,0.00,0.00,24.00,0.00,0,326
173.32,1567659502,1990.76,51.43723661,7.47714625,279.26,14.12,0.00,243.20,0,-122.00,-20.00,0.00,0.00,24.00,0.00,0,204
174.32,1567659503,2004.86,51.43719126,7.47696722,280.05,13.32,0.00,245.41,0,-113.00,-11.00,0.00,0.00,24.00,0.00,0,70
174.32,1567659503,2004.86,51.43719126,7.47696722,280.05,13.32,0.00,245.41,0,-117.00,-15.00,0.00,0.00,24.00,0.00,0,326
174.32,1567659503,2004.88,51.43719126,7.47696722,280.05,13.32,0.00,245.41,0,-118.00,-17.00,0.00,0.00,24.00,0.00,0,337
175.31,1567659504,2018.17,51.43716123,7.47680502,280.70,12.67,0.00,249.31,0,-113.00,-11.00,0.00,0.00,24.00,0.00,0,70
175.32,1567659504,2018.18,51.43716123,7.47680502,280.70,12.67,0.00,249.31,0,-117.00,-15.00,0.00,0.00,24.00,0.00,0,326
175.32,1567659504,2018.20,51.43716123,7.47680502,280.70,12.67,0.00,249.31,0,-118.00,-17.00,0.00,0.00,24.00,0.00,0,337
176.31,1567659505,2030.84,51.43716115,7.47661695,281.23,12.39,0.00,266.86,0,-113.00,-12.00,0.00,0.00,24.00,0.00,0,70
176.32,1567659505,2030.86,51.43716115,7.47661695,281.23,12.39,0.00,266.86,0,-116.00,-14.00,0.00,0.00,24.00,0.00,0,326
176.32,1567659505,2030.87,51.43716115,7.47661695,281.23,12.39,0.00,266.86,0,-119.00,-17.00,0.00,0.00,23.00,0.00,0,337
177.31,1567659506,2043.23,51.43718625,7.47644147,282.19,10.54,0.00,282.81,0,-113.00,-12.00,0.00,0.00,24.00,0.00,0,70
177.32,1567659506,2043.25,51.43718625,7.47644147,282.19,10.54,0.00,282.81,0,-116.00,-14.00,0.00,0.00,24.00,0.00,0,326
177.32,1567659506,2043.26,51.43718625,7.47644147,282.19,10.54,0.00,282.81,0,-119.00,-17.00,0.00,0.00,23.00,0.00,0,337
220.31,1567659549,2937.41,51.44284446,7.48489886,283.93,26.13,0.00,24.36,0,-78.00,-9.00,0.00,0.00,58.00,0.00,0,324
221.31,1567659550,2963.52,51.44305204,7.48505002,282.62,26.07,0.00,23.69,0,-78.00,-9.00,0.00,0.00,58.00,0.00,0,324
222.33,1567659551,2989.93,51.44325586,7.48519698,281.34,25.86,0.00,23.16,0,-83.00,-11.00,0.00,0.00,54.00,0.00,0,326
223.31,1567659552,3015.48,51.44345897,7.48534180,280.13,25.68,0.00,23.03,0,-83.00,-11.00,0.00,0.00,54.00,0.00,0,326
224.31,1567659553,3041.13,51.44365773,7.48548251,278.88,25.02,0.00,22.69,0,-83.00,-11.00,0.00,0.00,54.00,0.00,0,326
258.31,1567659587,3647.18,51.44368826,7.48273542,263.54,25.32,0.00,267.33,0,-87.00,-9.00,0.00,0.00,49.00,0.00,0,326
259.31,1567659588,3672.50,51.44368083,7.48236142,264.03,25.85,0.00,267.01,0,-87.00,-9.00,0.00,0.00,49.00,0.00,0,326
285.32,1567659614,4475.91,51.44258552,7.47080870,251.35,35.30,0.00,258.21,0,-113.00,-12.00,0.00,0.00,24.00,0.00,0,342
286.31,1567659615,4510.97,51.44251872,7.47030576,250.30,35.79,0.00,258.65,0,-113.00,-12.00,0.00,0.00,24.00,0.00,0,342
287.31,1567659616,4546.79,51.44244999,7.46979157,249.30,36.07,0.00,258.12,0,-113.00,-12.00,0.00,0.00,24.00,0.00,0,342
288.31,1567659617,4582.83,51.44238264,7.46928401,248.20,36.16,0.00,258.31,0,-115.00,-13.00,0.00,0.00,24.00,0.00,0,144
288.31,1567659617,4582.87,51.44238264,7.46928401,248.20,36.16,0.00,258.31,0,-115.00,-14.00,0.00,0.00,25.00,0.00,0,342
289.31,1567659618,4619.03,51.44231629,7.46877143,247.16,36.30,0.00,259.05,0,-115.00,-13.00,0.00,0.00,24.00,0.00,0,144
289.32,1567659618,4619.07,51.44231629,7.46877143,247.16,36.30,0.00,259.05,0,-115.00,-14.00,0.00,0.00,25.00,0.00,0,342
290.31,1567659619,4655.33,51.44225221,7.46825898,246.14,36.40,0.00,259.11,0,-114.00,-13.00,0.00,0.00,24.00,0.00,0,144
290.32,1567659619,4655.37,51.44225221,7.46825898,246.14,36.40,0.00,259.11,0,-114.00,-13.00,0.00,0.00,25.00,0.00,0,342
290.32,1567659619,4655.40,51.44225221,7.46825898,246.14,36.40,0.00,259.11,0,-118.00,-16.00,0.00,0.00,24.00,0.00,0,397
291.31,1567659620,4691.73,51.44218603,7.46773603,245.11,36.73,0.00,258.55,0,-114.00,-13.00,0.00,0.00,24.00,0.00,0,144
291.32,1567659620,4691.77,51.44218603,7.46773603,245.11,36.73,0.00,258.55,0,-114.00,-13.00,0.00,0.00,25.00,0.00,0,342
291.32,1567659620,4691.80,51.44218603,7.46773603,245.11,36.73,0.00,258.55,0,-118.00,-16.00,0.00,0.00,24.00,0.00,0,397
292.32,1567659621,4728.49,51.44212483,7.46721662,244.25,36.78,0.00,258.97,0,-108.00,-14.00,0.00,0.00,32.00,0.00,0,337
292.32,1567659621,4728.53,51.44212483,7.46721662,244.25,36.78,0.00,258.97,0,-111.00,-12.00,0.00,0.00,27.00,0.00,0,326
292.32,1567659621,4728.57,51.44212483,7.46721662,244.25,36.78,0.00,258.97,0,-112.00,-12.00,0.00,0.00,26.00,0.00,0,144
292.32,1567659621,4728.57,51.44212483,7.46721662,244.25,36.78,0.00,258.97,0,-115.00,-14.00,0.00,0.00,26.00,0.00,0,337
293.32,1567659622,4765.27,51.44206642,7.46668334,243.13,36.81,0.00,259.79,0,-108.00,-14.00,0.00,0.00,32.00,0.00,0,337
293.32,1567659622,4765.31,51.44206642,7.46668334,243.13,36.81,0.00,259.79,0,-111.00,-12.00,0.00,0.00,27.00,0.00,0,326
293.32,1567659622,4765.35,51.44206642,7.46668334,243.13,36.81,0.00,259.79,0,-112.00,-12.00,0.00,0.00,26.00,0.00,0,144
293.32,1567659622,4765.35,51.44206642,7.46668334,243.13,36.81,0.00,259.79,0,-115.00,-14.00,0.00,0.00,26.00,0.00,0,337
294.31,1567659623,4802.05,51.44200513,7.46616025,241.92,37.02,0.00,260.63,0,-106.00,-14.00,0.00,0.00,33.00,0.00,0,337
294.32,1567659623,4802.08,51.44200513,7.46616025,241.92,37.02,0.00,260.63,0,-111.00,-12.00,0.00,0.00,28.00,0.00,0,337
294.32,1567659623,4802.12,51.44200513,7.46616025,241.92,37.02,0.00,260.63,0,-111.00,-13.00,0.00,0.00,28.00,0.00,0,326
294.32,1567659623,4802.12,51.44200513,7.46616025,241.92,37.02,0.00,260.63,0,-113.00,-13.00,0.00,0.00,28.00,0.00,0,144
295.31,1567659624,4839.00,51.44195123,7.46563150,240.78,37.04,0.00,260.99,0,-106.00,-14.00,0.00,0.00,33.00,0.00,0,337
295.31,1567659624,4839.03,51.44195123,7.46563150,240.78,37.04,0.00,260.99,0,-111.00,-12.00,0.00,0.00,28.00,0.00,0,337
295.31,1567659624,4839.07,51.44195123,7.46563150,240.78,37.04,0.00,260.99,0,-111.00,-13.00,0.00,0.00,28.00,0.00,0,326
295.31,1567659624,4839.07,51.44195123,7.46563150,240.78,37.04,0.00,260.99,0,-113.00,-13.00,0.00,0.00,28.00,0.00,0,144
296.32,1567659625,4876.18,51.44190525,7.46510112,239.78,36.86,0.00,262.28,0,-106.00,-12.00,0.00,0.00,32.00,0.00,0,337
296.32,1567659625,4876.22,51.44190525,7.46510112,239.78,36.86,0.00,262.28,0,-108.00,-15.00,0.00,0.00,32.00,0.00,0,144
296.32,1567659625,4876.22,51.44190525,7.46510112,239.78,36.86,0.00,262.28,0,-109.00,-16.00,0.00,0.00,33.00,0.00,0,344
296.32,1567659625,4876.25,51.44190525,7.46510112,239.78,36.86,0.00,262.28,0,-109.00,-11.00,0.00,0.00,27.00,0.00,0,337
296.32,1567659625,4876.29,51.44190525,7.46510112,239.78,36.86,0.00,262.28,0,-111.00,-12.00,0.00,0.00,28.00,0.00,0,144
296.32,1567659625,4876.33,51.44190525,7.46510112,239.78,36.86,0.00,262.28,0,-112.00,-13.00,0.00,0.00,27.00,0.00,0,397
297.32,1567659626,4913.08,51.44185461,7.46457554,238.62,37.14,0.00,261.64,0,-106.00,-12.00,0.00,0.00,32.00,0.00,0,337
297.32,1567659626,4913.12,51.44185461,7.46457554,238.62,37.14,0.00,261.64,0,-108.00,-15.00,0.00,0.00,32.00,0.00,0,144
297.32,1567659626,4913.12,51.44185461,7.46457554,238.62,37.14,0.00,261.64,0,-109.00,-16.00,0.00,0.00,33.00,0.00,0,344
297.32,1567659626,4913.15,51.44185461,7.46457554,238.62,37.14,0.00,261.64,0,-109.00,-11.00,0.00,0.00,27.00,0.00,0,337
297.32,1567659626,4913.19,51.44185461,7.46457554,238.62,37.14,0.00,261.64,0,-111.00,-12.00,0.00,0.00,28.00,0.00,0,144
297.32,1567659626,4913.19,51.44185461,7.46457554,238.62,37.14,0.00,261.64,0,-112.00,-13.00,0.00,0.00,27.00,0.00,0,397
298.31,1567659627,4950.10,51.44180213,7.46405146,237.52,37.01,0.00,262.57,0,-105.00,-12.00,0.00,0.00,32.00,0.00,0,58
298.32,1567659627,4950.14,51.44180213,7.46405146,237.52,37.01,0.00,262.57,0,-106.00,-13.00,0.00,0.00,34.00,0.00,0,344
298.32,1567659627,4950.14,51.44180213,7.46405146,237.52,37.01,0.00,262.57,0,-106.00,-13.00,0.00,0.00,33.00,0.00,0,337
299.32,1567659628,4987.15,51.44175565,7.46352183,236.49,37.05,0.00,263.28,0,-105.00,-12.00,0.00,0.00,32.00,0.00,0,58
299.32,1567659628,4987.18,51.44175565,7.46352183,236.49,37.05,0.00,263.28,0,-106.00,-13.00,0.00,0.00,34.00,0.00,0,344
299.32,1567659628,4987.18,51.44175565,7.46352183,236.49,37.05,0.00,263.28,0,-106.00,-13.00,0.00,0.00,33.00,0.00,0,337
300.31,1567659629,5024.16,51.44171126,7.46298875,235.62,37.03,0.00,263.80,0,-102.00,-11.00,0.00,0.00,35.00,0.00,0,344
300.32,1567659629,5024.20,51.44171126,7.46298875,235.62,37.03,0.00,263.80,0,-104.00,-13.00,0.00,0.00,37.00,0.00,0,144
300.32,1567659629,5024.23,51.44171126,7.46298875,235.62,37.03,0.00,263.80,0,-106.00,-14.00,0.00,0.00,35.00,0.00,0,337
301.31,1567659630,5061.19,51.44167947,7.46246034,234.92,36.91,0.00,264.85,0,-102.00,-11.00,0.00,0.00,35.00,0.00,0,344
301.32,1567659630,5061.23,51.44167947,7.46246034,234.92,36.91,0.00,264.85,0,-104.00,-13.00,0.00,0.00,37.00,0.00,0,144
301.32,1567659630,5061.23,51.44167947,7.46246034,234.92,36.91,0.00,264.85,0,-106.00,-14.00,0.00,0.00,35.00,0.00,0,337
302.31,1567659631,5098.10,51.44165032,7.46193120,234.57,36.91,0.00,265.22,0,-98.00,-11.00,0.00,0.00,39.00,0.00,0,344
302.31,1567659631,5098.10,51.44165032,7.46193120,234.57,36.91,0.00,265.22,0,-100.00,-11.00,0.00,0.00,37.00,0.00,0,337
303.31,1567659632,5134.97,51.44162160,7.46140402,234.24,36.79,0.00,265.61,0,-98.00,-11.00,0.00,0.00,39.00,0.00,0,344
303.31,1567659632,5135.01,51.44162160,7.46140402,234.24,36.79,0.00,265.61,0,-100.00,-11.00,0.00,0.00,37.00,0.00,0,337
304.32,1567659633,5171.87,51.44160216,7.46088111,233.96,36.44,0.00,266.36,0,-98.00,-11.00,0.00,0.00,39.00,0.00,0,337
304.32,1567659633,5171.91,51.44160216,7.46088111,233.96,36.44,0.00,266.36,0,-100.00,-14.00,0.00,0.00,40.00,0.00,0,342
304.32,1567659633,5171.95,51.44160216,7.46088111,233.96,36.44,0.00,266.36,0,-101.00,-15.00,0.00,0.00,42.00,0.00,0,144
304.32,1567659633,5171.98,51.44160216,7.46088111,233.96,36.44,0.00,266.36,0,-102.00,-8.00,0.00,0.00,33.00,0.00,0,144
304.32,1567659633,5171.98,51.44160216,7.46088111,233.96,36.44,0.00,266.36,0,-106.00,-10.00,0.00,0.00,32.00,0.00,0,337
305.32,1567659634,5208.28,51.44158330,7.46036312,233.76,36.14,0.00,266.91,0,-98.00,-11.00,0.00,0.00,39.00,0.00,0,337
305.32,1567659634,5208.32,51.44158330,7.46036312,233.76,36.14,0.00,266.91,0,-100.00,-14.00,0.00,0.00,40.00,0.00,0,342
305.32,1567659634,5208.35,51.44158330,7.46036312,233.76,36.14,0.00,266.91,0,-101.00,-15.00,0.00,0.00,42.00,0.00,0,144
305.32,1567659634,5208.39,51.44158330,7.46036312,233.76,36.14,0.00,266.91,0,-102.00,-8.00,0.00,0.00,33.00,0.00,0,144
305.32,1567659634,5208.43,51.44158330,7.46036312,233.76,36.14,0.00,266.91,0,-106.00,-10.00,0.00,0.00,32.00,0.00,0,337
306.32,1567659635,5244.68,51.44157318,7.45984753,233.81,36.04,0.00,267.39,0,-92.00,-6.00,0.00,0.00,43.00,0.00,0,344
306.32,1567659635,5244.72,51.44157318,7.45984753,233.81,36.04,0.00,267.39,0,-99.00,-13.00,0.00,0.00,43.00,0.00,0,342
307.31,1567659636,5280.43,51.44155665,7.45932841,233.64,35.81,0.00,268.02,0,-92.00,-6.00,0.00,0.00,43.00,0.00,0,344
307.32,1567659636,5280.47,51.44155665,7.45932841,233.64,35.81,0.00,268.02,0,-99.00,-13.00,0.00,0.00,43.00,0.00,0,342
308.31,1567659637,5316.24,51.44154950,7.45881458,233.38,35.90,0.00,268.84,0,-92.00,-6.00,0.00,0.00,43.00,0.00,0,344
308.32,1567659637,5316.28,51.44154950,7.45881458,233.38,35.90,0.00,268.84,0,-99.00,-13.00,0.00,0.00,43.00,0.00,0,342
309.31,1567659638,5352.14,51.44154156,7.45829276,233.17,35.90,0.00,269.24,0,-90.00,-8.00,0.00,0.00,46.00,0.00,0,344
309.32,1567659638,5352.18,51.44154156,7.45829276,233.17,35.90,0.00,269.24,0,-96.00,-13.00,0.00,0.00,46.00,0.00,0,342
310.31,1567659639,5388.00,51.44153522,7.45777030,233.06,36.04,0.00,269.69,0,-90.00,-8.00,0.00,0.00,46.00,0.00,0,344
310.31,1567659639,5388.04,51.44153522,7.45777030,233.06,36.04,0.00,269.69,0,-96.00,-13.00,0.00,0.00,46.00,0.00,0,342
311.32,1567659640,5424.19,51.44153457,7.45725436,232.81,36.08,0.00,269.92,0,-91.00,-7.00,0.00,0.00,45.00,0.00,0,344
312.31,1567659641,5460.13,51.44153582,7.45673680,232.64,36.12,0.00,270.34,0,-91.00,-7.00,0.00,0.00,45.00,0.00,0,344
315.31,1567659644,5568.15,51.44155512,7.45518359,232.15,35.88,0.00,271.95,0,-91.00,-8.00,0.00,0.00,46.00,0.00,0,344
316.31,1567659645,5604.11,51.44157100,7.45466698,232.10,35.41,0.00,272.75,0,-91.00,-8.00,0.00,0.00,46.00,0.00,0,344
332.31,1567659661,6110.86,51.44213240,7.44749342,231.24,28.54,0.00,280.81,0,-81.00,-7.00,0.00,0.00,55.00,0.00,0,344
333.31,1567659662,6139.37,51.44218000,7.44708579,230.86,28.78,0.00,281.40,0,-81.00,-7.00,0.00,0.00,55.00,0.00,0,344
346.31,1567659675,6531.18,51.44303903,7.44161097,225.44,30.64,0.00,286.51,0,-86.00,-13.00,0.00,0.00,54.00,0.00,0,146
347.31,1567659676,6561.78,51.44311603,7.44120499,224.63,30.27,0.00,287.11,0,-86.00,-13.00,0.00,0.00,54.00,0.00,0,146
348.32,1567659677,6592.35,51.44319720,7.44080231,223.62,29.90,0.00,287.51,0,-79.00,-16.00,0.00,0.00,63.00,0.00,0,144
349.31,1567659678,6621.96,51.44328165,7.44040430,222.53,29.51,0.00,288.09,0,-79.00,-16.00,0.00,0.00,63.00,0.00,0,144
350.31,1567659679,6651.50,51.44336533,7.43999819,221.60,29.51,0.00,288.07,0,-79.00,-16.00,0.00,0.00,63.00,0.00,0,144
369.32,1567659698,7218.91,51.44536142,7.43247360,205.32,29.44,0.00,299.02,0,-98.00,-9.00,0.00,0.00,37.00,0.00,0,397
370.31,1567659699,7248.12,51.44550005,7.43210860,205.01,29.38,0.00,300.68,0,-98.00,-9.00,0.00,0.00,37.00,0.00,0,397
371.31,1567659700,7277.47,51.44564396,7.43175941,204.70,29.11,0.00,303.04,0,-98.00,-9.00,0.00,0.00,37.00,0.00,0,397
378.31,1567659707,7482.40,51.44676066,7.42939444,201.64,30.82,0.00,310.06,0,-90.00,-6.00,0.00,0.00,45.00,0.00,0,70
379.31,1567659708,7513.21,51.44694135,7.42907402,200.30,30.99,0.00,312.27,0,-90.00,-6.00,0.00,0.00,45.00,0.00,0,70
380.31,1567659709,7544.23,51.44713495,7.42876668,198.99,31.13,0.00,315.27,0,-95.00,-7.00,0.00,0.00,41.00,0.00,0,70
381.31,1567659710,7575.36,51.44733260,7.42847360,197.28,30.52,0.00,316.85,0,-95.00,-7.00,0.00,0.00,41.00,0.00,0,70
382.31,1567659711,7605.91,51.44752877,7.42817877,195.53,30.42,0.00,316.63,0,-108.00,-9.00,0.00,0.00,28.00,0.00,0,70
382.32,1567659711,7605.94,51.44752877,7.42817877,195.53,30.42,0.00,316.63,0,-96.00,-9.00,0.00,0.00,42.00,0.00,0,70
383.31,1567659712,7636.32,51.44772987,7.42789561,193.63,30.34,0.00,318.20,0,-108.00,-9.00,0.00,0.00,28.00,0.00,0,70
383.32,1567659712,7636.35,51.44772987,7.42789561,193.63,30.34,0.00,318.20,0,-96.00,-9.00,0.00,0.00,42.00,0.00,0,70
384.31,1567659713,7666.63,51.44793490,7.42761041,191.67,30.54,0.00,318.44,0,-103.00,-8.00,0.00,0.00,34.00,0.00,0,70
385.31,1567659714,7697.14,51.44814568,7.42733470,189.89,30.32,0.00,320.00,0,-103.00,-8.00,0.00,0.00,34.00,0.00,0,70
386.31,1567659715,7727.46,51.44836516,7.42707209,188.36,30.22,0.00,322.64,0,-98.00,-7.00,0.00,0.00,38.00,0.00,0,70
387.31,1567659716,7757.71,51.44858461,7.42681076,186.99,30.00,0.00,323.05,0,-98.00,-7.00,0.00,0.00,38.00,0.00,0,70
390.32,1567659719,7847.94,51.44926215,7.42609372,184.57,30.20,0.00,327.06,0,-113.00,-11.00,0.00,0.00,24.00,0.00,0,146
390.32,1567659719,7847.97,51.44926215,7.42609372,184.57,30.20,0.00,327.06,0,-128.00,-16.00,0.00,0.00,17.00,0.00,0,206
390.32,1567659719,7848.00,51.44926215,7.42609372,184.57,30.20,0.00,327.06,0,-128.00,-15.00,0.00,0.00,17.00,0.00,0,376
391.31,1567659720,7877.90,51.44949636,7.42587077,183.79,30.30,0.00,328.39,0,-113.00,-11.00,0.00,0.00,24.00,0.00,0,146
391.31,1567659720,7877.90,51.44949636,7.42587077,183.79,30.30,0.00,328.39,0,-128.00,-16.00,0.00,0.00,17.00,0.00,0,206
391.32,1567659720,7877.93,51.44949636,7.42587077,183.79,30.30,0.00,328.39,0,-128.00,-15.00,0.00,0.00,17.00,0.00,0,376
392.32,1567659721,7908.24,51.44973562,7.42565320,182.85,30.38,0.00,329.80,0,-113.00,-11.00,0.00,0.00,24.00,0.00,0,146
392.32,1567659721,7908.27,51.44973562,7.42565320,182.85,30.38,0.00,329.80,0,-128.00,-16.00,0.00,0.00,17.00,0.00,0,206
392.32,1567659721,7908.27,51.44973562,7.42565320,182.85,30.38,0.00,329.80,0,-128.00,-15.00,0.00,0.00,17.00,0.00,0,376
393.31,1567659722,7938.55,51.44997051,7.42544664,181.64,30.10,0.00,331.09,0,-115.00,-14.00,0.00,0.00,25.00,0.00,0,146
394.31,1567659723,7968.69,51.45021056,7.42524520,180.18,30.20,0.00,332.55,0,-115.00,-14.00,0.00,0.00,25.00,0.00,0,146
395.31,1567659724,7998.89,51.45045043,7.42505093,178.43,30.27,0.00,333.75,0,-111.00,-11.00,0.00,0.00,27.00,0.00,0,58
395.31,1567659724,7998.89,51.45045043,7.42505093,178.43,30.27,0.00,333.75,0,-111.00,-12.00,0.00,0.00,27.00,0.00,0,397
396.31,1567659725,8029.16,51.45070213,7.42484959,177.41,30.55,0.00,334.74,0,-111.00,-11.00,0.00,0.00,27.00,0.00,0,58
396.32,1567659725,8029.19,51.45070213,7.42484959,177.41,30.55,0.00,334.74,0,-111.00,-12.00,0.00,0.00,27.00,0.00,0,397
397.31,1567659726,8059.68,51.45094900,7.42466751,175.98,29.85,0.00,336.06,0,-110.00,-12.00,0.00,0.00,30.00,0.00,0,58
397.31,1567659726,8059.71,51.45094900,7.42466751,175.98,29.85,0.00,336.06,0,-111.00,-14.00,0.00,0.00,30.00,0.00,0,340
398.31,1567659727,8089.56,51.45119353,7.42450425,174.83,28.86,0.00,337.81,0,-110.00,-12.00,0.00,0.00,30.00,0.00,0,58
398.32,1567659727,8089.59,51.45119353,7.42450425,174.83,28.86,0.00,337.81,0,-111.00,-14.00,0.00,0.00,30.00,0.00,0,340
399.31,1567659728,8118.43,51.45143929,7.42436369,173.98,27.60,0.00,339.24,0,-90.00,-14.00,0.00,0.00,49.00,0.00,0,338
399.32,1567659728,8118.45,51.45143929,7.42436369,173.98,27.60,0.00,339.24,0,-105.00,-13.00,0.00,0.00,34.00,0.00,0,350
399.32,1567659728,8118.48,51.45143929,7.42436369,173.98,27.60,0.00,339.24,0,-108.00,-15.00,0.00,0.00,34.00,0.00,0,58
400.31,1567659729,8146.03,51.45167473,7.42423119,172.84,27.11,0.00,339.84,0,-90.00,-14.00,0.00,0.00,49.00,0.00,0,338
400.32,1567659729,8146.05,51.45167473,7.42423119,172.84,27.11,0.00,339.84,0,-105.00,-13.00,0.00,0.00,34.00,0.00,0,350
400.32,1567659729,8146.08,51.45167473,7.42423119,172.84,27.11,0.00,339.84,0,-108.00,-15.00,0.00,0.00,34.00,0.00,0,58
403.31,1567659732,8225.96,51.45235924,7.42387832,169.37,26.16,0.00,341.93,0,-112.00,-12.00,0.00,0.00,30.00,0.00,0,206
404.31,1567659733,8252.11,51.45258573,7.42376566,168.66,26.18,0.00,341.98,0,-112.00,-12.00,0.00,0.00,30.00,0.00,0,206
405.31,1567659734,8278.32,51.45281173,7.42365354,167.61,26.56,0.00,342.54,0,-112.00,-11.00,0.00,0.00,27.00,0.00,0,206
406.31,1567659735,8304.88,51.45304342,7.42354139,166.83,26.94,0.00,342.73,0,-112.00,-11.00,0.00,0.00,27.00,0.00,0,206
409.31,1567659738,8386.97,51.45376282,7.42322774,164.20,28.61,0.00,345.27,0,-115.00,-14.00,0.00,0.00,27.00,0.00,0,206
410.31,1567659739,8415.58,51.45400956,7.42311663,163.56,28.39,0.00,343.85,0,-115.00,-14.00,0.00,0.00,27.00,0.00,0,206
411.32,1567659740,8444.25,51.45425090,7.42300687,162.96,28.33,0.00,343.41,0,-114.00,-12.00,0.00,0.00,27.00,0.00,0,206
412.31,1567659741,8472.32,51.45449385,7.42289632,162.30,28.39,0.00,343.21,0,-114.00,-12.00,0.00,0.00,27.00,0.00,0,206
413.31,1567659742,8500.71,51.45473764,7.42278425,161.77,28.25,0.00,343.09,0,-114.00,-12.00,0.00,0.00,27.00,0.00,0,206
414.31,1567659743,8528.97,51.45498233,7.42266904,161.38,28.43,0.00,343.14,0,-112.00,-11.00,0.00,0.00,28.00,0.00,0,206
415.31,1567659744,8557.36,51.45522632,7.42255682,161.27,28.63,0.00,343.14,0,-112.00,-11.00,0.00,0.00,28.00,0.00,0,206
416.31,1567659745,8586.05,51.45547040,7.42243570,161.27,28.90,0.00,342.53,0,-102.00,-7.00,0.00,0.00,34.00,0.00,0,206
417.31,1567659746,8614.92,51.45571553,7.42231599,161.17,29.08,0.00,342.53,0,-102.00,-7.00,0.00,0.00,34.00,0.00,0,206
418.31,1567659747,8644.01,51.45596445,7.42218975,160.81,29.20,0.00,342.24,0,-99.00,-7.00,0.00,0.00,38.00,0.00,0,376
419.31,1567659748,8673.21,51.45620857,7.42205590,160.28,29.25,0.00,340.85,0,-99.00,-7.00,0.00,0.00,38.00,0.00,0,376
420.31,1567659749,8702.46,51.45645540,7.42190916,159.99,29.41,0.00,339.45,0,-111.00,-10.00,0.00,0.00,28.00,0.00,0,206
421.31,1567659750,8731.87,51.45670246,7.42175733,159.71,29.32,0.00,338.79,0,-111.00,-10.00,0.00,0.00,28.00,0.00,0,206
424.31,1567659753,8819.44,51.45742449,7.42126877,158.82,29.35,0.00,336.06,0,-105.00,-12.00,0.00,0.00,37.00,0.00,0,206
425.31,1567659754,8848.79,51.45766446,7.42109431,158.79,29.39,0.00,335.23,0,-105.00,-12.00,0.00,0.00,37.00,0.00,0,206
426.31,1567659755,8878.15,51.45790231,7.42090787,158.95,29.37,0.00,334.43,0,-104.00,-10.00,0.00,0.00,36.00,0.00,0,206
427.31,1567659756,8907.49,51.45814253,7.42071948,159.01,29.58,0.00,333.88,0,-104.00,-10.00,0.00,0.00,36.00,0.00,0,206
428.31,1567659757,8937.10,51.45837451,7.42052943,159.08,29.17,0.00,332.97,0,-106.00,-12.00,0.00,0.00,35.00,0.00,0,376
429.31,1567659758,8966.27,51.45860365,7.42033700,159.27,28.49,0.00,332.33,0,-106.00,-12.00,0.00,0.00,35.00,0.00,0,376
441.31,1567659770,9310.75,51.46121015,7.41769209,155.91,30.44,0.00,323.43,0,-108.00,-12.00,0.00,0.00,33.00,0.00,0,376
442.31,1567659771,9341.19,51.46142410,7.41742086,155.94,30.47,0.00,321.64,0,-108.00,-12.00,0.00,0.00,33.00,0.00,0,376
443.31,1567659772,9371.66,51.46163755,7.41715077,156.10,30.38,0.00,320.68,0,-108.00,-12.00,0.00,0.00,33.00,0.00,0,376
444.31,1567659773,9402.01,51.46184578,7.41686874,156.29,30.32,0.00,319.76,0,-108.00,-12.00,0.00,0.00,33.00,0.00,0,376
445.31,1567659774,9432.37,51.46205187,7.41657092,156.40,30.60,0.00,318.21,0,-108.00,-10.00,0.00,0.00,32.00,0.00,0,376
445.31,1567659774,9432.40,51.46205187,7.41657092,156.40,30.60,0.00,318.21,0,-117.00,-17.00,0.00,0.00,29.00,0.00,0,369
446.31,1567659775,9463.00,51.46225120,7.41628636,156.34,30.19,0.00,317.96,0,-108.00,-10.00,0.00,0.00,32.00,0.00,0,376
446.32,1567659775,9463.03,51.46225120,7.41628636,156.34,30.19,0.00,317.96,0,-117.00,-17.00,0.00,0.00,29.00,0.00,0,369
447.31,1567659776,9493.16,51.46245386,7.41600034,156.47,30.34,0.00,317.35,0,-109.00,-11.00,0.00,0.00,31.00,0.00,0,376
448.31,1567659777,9523.50,51.46265423,7.41570598,156.69,30.35,0.00,316.96,0,-109.00,-11.00,0.00,0.00,31.00,0.00,0,376
449.31,1567659778,9553.87,51.46285017,7.41539939,156.96,30.48,0.00,315.39,0,-110.00,-12.00,0.00,0.00,31.00,0.00,0,376
449.32,1567659778,9553.90,51.46285017,7.41539939,156.96,30.48,0.00,315.39,0,-114.00,-14.00,0.00,0.00,29.00,0.00,0,369
450.31,1567659779,9584.32,51.46304532,7.41509566,157.37,30.58,0.00,314.47,0,-110.00,-12.00,0.00,0.00,31.00,0.00,0,376
450.31,1567659779,9584.36,51.46304532,7.41509566,157.37,30.58,0.00,314.47,0,-114.00,-14.00,0.00,0.00,29.00,0.00,0,369
453.32,1567659782,9676.28,51.46360015,7.41413415,158.45,30.13,0.00,311.77,0,-110.00,-9.00,0.00,0.00,29.00,0.00,0,206
453.32,1567659782,9676.31,51.46360015,7.41413415,158.45,30.13,0.00,311.77,0,-114.00,-12.00,0.00,0.00,27.00,0.00,0,369
453.33,1567659782,9676.34,51.46360015,7.41413415,158.45,30.13,0.00,311.77,0,-86.00,-6.00,0.00,0.00,46.00,0.00,0,69
454.32,1567659783,9706.17,51.46378228,7.41380767,158.81,30.10,0.00,311.24,0,-110.00,-9.00,0.00,0.00,29.00,0.00,0,206
454.32,1567659783,9706.17,51.46378228,7.41380767,158.81,30.10,0.00,311.24,0,-114.00,-12.00,0.00,0.00,27.00,0.00,0,369
454.32,1567659783,9706.20,51.46378228,7.41380767,158.81,30.10,0.00,311.24,0,-86.00,-6.00,0.00,0.00,46.00,0.00,0,69
455.32,1567659784,9736.28,51.46395830,7.41347900,159.37,30.21,0.00,310.52,0,-110.00,-9.00,0.00,0.00,29.00,0.00,0,206
455.32,1567659784,9736.31,51.46395830,7.41347900,159.37,30.21,0.00,310.52,0,-114.00,-12.00,0.00,0.00,27.00,0.00,0,369
455.32,1567659784,9736.31,51.46395830,7.41347900,159.37,30.21,0.00,310.52,0,-86.00,-6.00,0.00,0.00,46.00,0.00,0,69
456.31,1567659785,9766.43,51.46413326,7.41315050,159.91,30.21,0.00,310.16,0,-95.00,-14.00,0.00,0.00,44.00,0.00,0,338
457.31,1567659786,9796.64,51.46430643,7.41281883,160.38,30.30,0.00,309.68,0,-95.00,-14.00,0.00,0.00,44.00,0.00,0,338
460.32,1567659789,9887.34,51.46481427,7.41180592,160.95,30.04,0.00,309.08,0,-96.00,-9.00,0.00,0.00,39.00,0.00,0,338
460.32,1567659789,9887.37,51.46481427,7.41180592,160.95,30.04,0.00,309.08,0,-96.00,-13.00,0.00,0.00,47.00,0.00,0,338
460.32,1567659789,9887.40,51.46481427,7.41180592,160.95,30.04,0.00,309.08,0,-96.00,-12.00,0.00,0.00,45.00,0.00,0,31
461.31,1567659790,9917.35,51.46498285,7.41147448,161.05,30.29,0.00,308.28,0,-96.00,-9.00,0.00,0.00,39.00,0.00,0,338
461.32,1567659790,9917.38,51.46498285,7.41147448,161.05,30.29,0.00,308.28,0,-96.00,-13.00,0.00,0.00,47.00,0.00,0,338
461.32,1567659790,9917.38,51.46498285,7.41147448,161.05,30.29,0.00,308.28,0,-96.00,-12.00,0.00,0.00,45.00,0.00,0,31
462.31,1567659791,9947.64,51.46515367,7.41112357,160.95,30.14,0.00,308.21,0,-105.00,-15.00,0.00,0.00,35.00,0.00,0,338
462.32,1567659791,9947.67,51.46515367,7.41112357,160.95,30.14,0.00,308.21,0,-99.00,-13.00,0.00,0.00,45.00,0.00,0,206
462.32,1567659791,9947.67,51.46515367,7.41112357,160.95,30.14,0.00,308.21,0,-99.00,-14.00,0.00,0.00,44.00,0.00,0,59
463.31,1567659792,9977.78,51.46532165,7.41077668,160.83,30.09,0.00,308.10,0,-105.00,-15.00,0.00,0.00,35.00,0.00,0,338
463.32,1567659792,9977.81,51.46532165,7.41077668,160.83,30.09,0.00,308.10,0,-99.00,-13.00,0.00,0.00,45.00,0.00,0,206
463.32,1567659792,9977.84,51.46532165,7.41077668,160.83,30.09,0.00,308.10,0,-99.00,-14.00,0.00,0.00,44.00,0.00,0,59
464.32,1567659793,10007.90,51.46548792,7.41043557,160.94,30.14,0.00,307.83,0,-105.00,-13.00,0.00,0.00,33.00,0.00,0,146
464.32,1567659793,10007.90,51.46548792,7.41043557,160.94,30.14,0.00,307.83,0,-105.00,-12.00,0.00,0.00,32.00,0.00,0,376
464.32,1567659793,10007.93,51.46548792,7.41043557,160.94,30.14,0.00,307.83,0,-107.00,-15.00,0.00,0.00,33.00,0.00,0,338
465.31,1567659794,10038.01,51.46565159,7.41009412,161.19,30.29,0.00,307.74,0,-105.00,-13.00,0.00,0.00,33.00,0.00,0,146
465.32,1567659794,10038.04,51.46565159,7.41009412,161.19,30.29,0.00,307.74,0,-105.00,-12.00,0.00,0.00,32.00,0.00,0,376
465.32,1567659794,10038.07,51.46565159,7.41009412,161.19,30.29,0.00,307.74,0,-107.00,-15.00,0.00,0.00,33.00,0.00,0,338
466.32,1567659795,10068.33,51.46581602,7.40975433,161.36,30.51,0.00,307.69,0,-101.00,-12.00,0.00,0.00,37.00,0.00,0,206
466.32,1567659795,10068.36,51.46581602,7.40975433,161.36,30.51,0.00,307.69,0,-101.00,-12.00,0.00,0.00,37.00,0.00,0,149
466.32,1567659795,10068.36,51.46581602,7.40975433,161.36,30.51,0.00,307.69,0,-87.00,-6.00,0.00,0.00,48.00,0.00,0,31
467.31,1567659796,10098.81,51.46598303,7.40941158,161.57,30.71,0.00,307.70,0,-101.00,-12.00,0.00,0.00,37.00,0.00,0,206
467.32,1567659796,10098.84,51.46598303,7.40941158,161.57,30.71,0.00,307.70,0,-101.00,-12.00,0.00,0.00,37.00,0.00,0,149
467.32,1567659796,10098.87,51.46598303,7.40941158,161.57,30.71,0.00,307.70,0,-87.00,-6.00,0.00,0.00,48.00,0.00,0,31
468.31,1567659797,10129.52,51.46615381,7.40905938,161.77,30.83,0.00,307.92,0,-99.00,-16.00,0.00,0.00,45.00,0.00,0,149
468.32,1567659797,10129.55,51.46615381,7.40905938,161.77,30.83,0.00,307.92,0,-100.00,-17.00,0.00,0.00,44.00,0.00,0,459
469.31,1567659798,10160.35,51.46632743,7.40870042,161.91,31.06,0.00,308.42,0,-99.00,-16.00,0.00,0.00,45.00,0.00,0,149
469.32,1567659798,10160.38,51.46632743,7.40870042,161.91,31.06,0.00,308.42,0,-100.00,-17.00,0.00,0.00,44.00,0.00,0,459
470.32,1567659799,10191.44,51.46649863,7.40834929,162.14,31.10,0.00,308.54,0,-94.00,-10.00,0.00,0.00,42.00,0.00,0,459
470.32,1567659799,10191.47,51.46649863,7.40834929,162.14,31.10,0.00,308.54,0,-93.00,-11.00,0.00,0.00,46.00,0.00,0,459
470.32,1567659799,10191.47,51.46649863,7.40834929,162.14,31.10,0.00,308.54,0,-94.00,-14.00,0.00,0.00,49.00,0.00,0,69
471.31,1567659800,10222.51,51.46667168,7.40799001,162.46,31.10,0.00,308.73,0,-94.00,-10.00,0.00,0.00,42.00,0.00,0,459
471.32,1567659800,10222.54,51.46667168,7.40799001,162.46,31.10,0.00,308.73,0,-93.00,-11.00,0.00,0.00,46.00,0.00,0,459
471.32,1567659800,10222.57,51.46667168,7.40799001,162.46,31.10,0.00,308.73,0,-94.00,-14.00,0.00,0.00,49.00,0.00,0,69
472.31,1567659801,10253.61,51.46684848,7.40764696,162.72,31.20,0.00,308.92,0,-92.00,-13.00,0.00,0.00,47.00,0.00,0,206
472.32,1567659801,10253.64,51.46684848,7.40764696,162.72,31.20,0.00,308.92,0,-98.00,-10.00,0.00,0.00,37.00,0.00,0,459
472.32,1567659801,10253.64,51.46684848,7.40764696,162.72,31.20,0.00,308.92,0,-99.00,-11.00,0.00,0.00,37.00,0.00,0,376
473.36,1567659802,10286.06,51.46702585,7.40730901,162.85,31.27,0.00,309.02,0,-92.00,-13.00,0.00,0.00,47.00,0.00,0,206
473.36,1567659802,10286.06,51.46702585,7.40730901,162.85,31.27,0.00,309.02,0,-98.00,-10.00,0.00,0.00,37.00,0.00,0,459
473.36,1567659802,10286.09,51.46702585,7.40730901,162.85,31.27,0.00,309.02,0,-99.00,-11.00,0.00,0.00,37.00,0.00,0,376
474.32,1567659803,10316.14,51.46720521,7.40695824,162.93,31.31,0.00,309.24,0,-84.00,-13.00,0.00,0.00,56.00,0.00,0,459
474.32,1567659803,10316.17,51.46720521,7.40695824,162.93,31.31,0.00,309.24,0,-94.00,-12.00,0.00,0.00,44.00,0.00,0,459
474.32,1567659803,10316.20,51.46720521,7.40695824,162.93,31.31,0.00,309.24,0,-96.00,-12.00,0.00,0.00,44.00,0.00,0,376
475.31,1567659804,10347.38,51.46738752,7.40661759,163.09,31.06,0.00,310.25,0,-84.00,-13.00,0.00,0.00,56.00,0.00,0,459
475.32,1567659804,10347.41,51.46738752,7.40661759,163.09,31.06,0.00,310.25,0,-94.00,-12.00,0.00,0.00,44.00,0.00,0,459
475.32,1567659804,10347.45,51.46738752,7.40661759,163.09,31.06,0.00,310.25,0,-96.00,-12.00,0.00,0.00,44.00,0.00,0,376
476.33,1567659805,10378.84,51.46756913,7.40628406,163.21,30.75,0.00,310.49,0,-90.00,-15.00,0.00,0.00,52.00,0.00,0,206
476.33,1567659805,10378.90,51.46756913,7.40628406,163.21,30.75,0.00,310.49,0,-91.00,-16.00,0.00,0.00,53.00,0.00,0,69
476.33,1567659805,10378.90,51.46756913,7.40628406,163.21,30.75,0.00,310.49,0,-92.00,-16.00,0.00,0.00,52.00,0.00,0,31
476.33,1567659805,10378.94,51.46756913,7.40628406,163.21,30.75,0.00,310.49,0,-100.00,-13.00,0.00,0.00,40.00,0.00,0,376
476.33,1567659805,10378.97,51.46756913,7.40628406,163.21,30.75,0.00,310.49,0,-101.00,-14.00,0.00,0.00,39.00,0.00,0,459
477.32,1567659806,10409.25,51.46774624,7.40595151,163.35,29.72,0.00,311.00,0,-90.00,-15.00,0.00,0.00,52.00,0.00,0,206
477.32,1567659806,10409.28,51.46774624,7.40595151,163.35,29.72,0.00,311.00,0,-91.00,-16.00,0.00,0.00,53.00,0.00,0,69
477.32,1567659806,10409.28,51.46774624,7.40595151,163.35,29.72,0.00,311.00,0,-92.00,-16.00,0.00,0.00,52.00,0.00,0,31
477.32,1567659806,10409.31,51.46774624,7.40595151,163.35,29.72,0.00,311.00,0,-100.00,-13.00,0.00,0.00,40.00,0.00,0,376
477.32,1567659806,10409.34,51.46774624,7.40595151,163.35,29.72,0.00,311.00,0,-101.00,-14.00,0.00,0.00,39.00,0.00,0,459
478.32,1567659807,10439.00,51.46791272,7.40563963,163.56,27.61,0.00,310.82,0,-90.00,-15.00,0.00,0.00,52.00,0.00,0,206
478.32,1567659807,10439.02,51.46791272,7.40563963,163.56,27.61,0.00,310.82,0,-91.00,-16.00,0.00,0.00,53.00,0.00,0,69
478.32,1567659807,10439.05,51.46791272,7.40563963,163.56,27.61,0.00,310.82,0,-92.00,-16.00,0.00,0.00,52.00,0.00,0,31
478.32,1567659807,10439.05,51.46791272,7.40563963,163.56,27.61,0.00,310.82,0,-100.00,-13.00,0.00,0.00,40.00,0.00,0,376
478.32,1567659807,10439.08,51.46791272,7.40563963,163.56,27.61,0.00,310.82,0,-101.00,-14.00,0.00,0.00,39.00,0.00,0,459
479.32,1567659808,10466.67,51.46807152,7.40532975,163.97,26.61,0.00,310.97,0,-96.00,-11.00,0.00,0.00,41.00,0.00,0,459
479.32,1567659808,10466.69,51.46807152,7.40532975,163.97,26.61,0.00,310.97,0,-96.00,-12.00,0.00,0.00,41.00,0.00,0,143
479.32,1567659808,10466.72,51.46807152,7.40532975,163.97,26.61,0.00,310.97,0,-99.00,-14.00,0.00,0.00,40.00,0.00,0,338
479.32,1567659808,10466.72,51.46807152,7.40532975,163.97,26.61,0.00,310.97,0,-89.00,-10.00,0.00,0.00,47.00,0.00,0,459
479.32,1567659808,10466.75,51.46807152,7.40532975,163.97,26.61,0.00,310.97,0,-93.00,-14.00,0.00,0.00,47.00,0.00,0,376
479.32,1567659808,10466.77,51.46807152,7.40532975,163.97,26.61,0.00,310.97,0,-94.00,-15.00,0.00,0.00,47.00,0.00,0,69
480.32,1567659809,10493.22,51.46822534,7.40503969,164.45,26.07,0.00,311.15,0,-96.00,-11.00,0.00,0.00,41.00,0.00,0,459
480.32,1567659809,10493.25,51.46822534,7.40503969,164.45,26.07,0.00,311.15,0,-96.00,-12.00,0.00,0.00,41.00,0.00,0,143
480.32,1567659809,10493.27,51.46822534,7.40503969,164.45,26.07,0.00,311.15,0,-99.00,-14.00,0.00,0.00,40.00,0.00,0,338
480.32,1567659809,10493.30,51.46822534,7.40503969,164.45,26.07,0.00,311.15,0,-89.00,-10.00,0.00,0.00,47.00,0.00,0,459
480.32,1567659809,10493.33,51.46822534,7.40503969,164.45,26.07,0.00,311.15,0,-93.00,-14.00,0.00,0.00,47.00,0.00,0,376
480.32,1567659809,10493.33,51.46822534,7.40503969,164.45,26.07,0.00,311.15,0,-94.00,-15.00,0.00,0.00,47.00,0.00,0,69
481.32,1567659810,10519.26,51.46838178,7.40476329,164.80,25.97,0.00,311.95,0,-101.00,-15.00,0.00,0.00,40.00,0.00,0,69
481.32,1567659810,10519.29,51.46838178,7.40476329,164.80,25.97,0.00,311.95,0,-101.00,-16.00,0.00,0.00,41.00,0.00,0,338
481.32,1567659810,10519.29,51.46838178,7.40476329,164.80,25.97,0.00,311.95,0,-103.00,-17.00,0.00,0.00,41.00,0.00,0,376
481.32,1567659810,10519.32,51.46838178,7.40476329,164.80,25.97,0.00,311.95,0,-90.00,-10.00,0.00,0.00,48.00,0.00,0,69
482.32,1567659811,10545.21,51.46853973,7.40449304,164.80,25.95,0.00,312.21,0,-101.00,-15.00,0.00,0.00,40.00,0.00,0,69
482.32,1567659811,10545.23,51.46853973,7.40449304,164.80,25.95,0.00,312.21,0,-101.00,-16.00,0.00,0.00,41.00,0.00,0,338
482.32,1567659811,10545.23,51.46853973,7.40449304,164.80,25.95,0.00,312.21,0,-103.00,-17.00,0.00,0.00,41.00,0.00,0,376
482.32,1567659811,10545.26,51.46853973,7.40449304,164.80,25.95,0.00,312.21,0,-90.00,-10.00,0.00,0.00,48.00,0.00,0,69
483.32,1567659812,10571.16,51.46869969,7.40421884,164.75,25.96,0.00,312.59,0,-101.00,-12.00,0.00,0.00,37.00,0.00,0,459
483.32,1567659812,10571.18,51.46869969,7.40421884,164.75,25.96,0.00,312.59,0,-105.00,-16.00,0.00,0.00,37.00,0.00,0,69
483.32,1567659812,10571.18,51.46869969,7.40421884,164.75,25.96,0.00,312.59,0,-105.00,-17.00,0.00,0.00,38.00,0.00,0,338
483.32,1567659812,10571.21,51.46869969,7.40421884,164.75,25.96,0.00,312.59,0,-89.00,-8.00,0.00,0.00,48.00,0.00,0,69
484.32,1567659813,10597.12,51.46885942,7.40395298,164.84,25.70,0.00,313.17,0,-101.00,-12.00,0.00,0.00,37.00,0.00,0,459
484.32,1567659813,10597.12,51.46885942,7.40395298,164.84,25.70,0.00,313.17,0,-105.00,-16.00,0.00,0.00,37.00,0.00,0,69
484.32,1567659813,10597.15,51.46885942,7.40395298,164.84,25.70,0.00,313.17,0,-105.00,-17.00,0.00,0.00,38.00,0.00,0,338
484.32,1567659813,10597.17,51.46885942,7.40395298,164.84,25.70,0.00,313.17,0,-89.00,-8.00,0.00,0.00,48.00,0.00,0,69
485.32,1567659814,10622.82,51.46901889,7.40368420,164.84,25.49,0.00,313.49,0,-99.00,-10.00,0.00,0.00,36.00,0.00,0,459
485.32,1567659814,10622.84,51.46901889,7.40368420,164.84,25.49,0.00,313.49,0,-97.00,-11.00,0.00,0.00,43.00,0.00,0,69
485.32,1567659814,10622.84,51.46901889,7.40368420,164.84,25.49,0.00,313.49,0,-98.00,-12.00,0.00,0.00,43.00,0.00,0,459
486.31,1567659815,10648.28,51.46917463,7.40342536,165.04,25.11,0.00,313.99,0,-99.00,-10.00,0.00,0.00,36.00,0.00,0,459
486.32,1567659815,10648.31,51.46917463,7.40342536,165.04,25.11,0.00,313.99,0,-97.00,-11.00,0.00,0.00,43.00,0.00,0,69
486.32,1567659815,10648.33,51.46917463,7.40342536,165.04,25.11,0.00,313.99,0,-98.00,-12.00,0.00,0.00,43.00,0.00,0,459
487.31,1567659816,10673.37,51.46933328,7.40317450,165.56,24.99,0.00,314.83,0,-99.00,-10.00,0.00,0.00,40.00,0.00,0,69
487.31,1567659816,10673.40,51.46933328,7.40317450,165.56,24.99,0.00,314.83,0,-102.00,-13.00,0.00,0.00,39.00,0.00,0,459
488.31,1567659817,10698.39,51.46949180,7.40291777,165.97,24.84,0.00,314.37,0,-99.00,-10.00,0.00,0.00,40.00,0.00,0,69
488.31,1567659817,10698.39,51.46949180,7.40291777,165.97,24.84,0.00,314.37,0,-102.00,-13.00,0.00,0.00,39.00,0.00,0,459
489.31,1567659818,10723.23,51.46964609,7.40264959,166.08,25.18,0.00,313.53,0,-104.00,-15.00,0.00,0.00,40.00,0.00,0,69
489.32,1567659818,10723.25,51.46964609,7.40264959,166.08,25.18,0.00,313.53,0,-107.00,-18.00,0.00,0.00,40.00,0.00,0,459
490.31,1567659819,10748.41,51.46979826,7.40238869,166.41,25.47,0.00,313.60,0,-104.00,-15.00,0.00,0.00,40.00,0.00,0,69
490.31,1567659819,10748.41,51.46979826,7.40238869,166.41,25.47,0.00,313.60,0,-107.00,-18.00,0.00,0.00,40.00,0.00,0,459
491.31,1567659820,10773.88,51.46995153,7.40212576,166.64,25.46,0.00,312.96,0,-103.00,-14.00,0.00,0.00,37.00,0.00,0,149
491.32,1567659820,10773.91,51.46995153,7.40212576,166.64,25.46,0.00,312.96,0,-102.00,-14.00,0.00,0.00,40.00,0.00,0,459
491.32,1567659820,10773.93,51.46995153,7.40212576,166.64,25.46,0.00,312.96,0,-105.00,-17.00,0.00,0.00,40.00,0.00,0,69
492.31,1567659821,10799.35,51.47011097,7.40186736,166.91,25.60,0.00,315.10,0,-103.00,-14.00,0.00,0.00,37.00,0.00,0,149
492.32,1567659821,10799.37,51.47011097,7.40186736,166.91,25.60,0.00,315.10,0,-102.00,-14.00,0.00,0.00,40.00,0.00,0,459
492.32,1567659821,10799.40,51.47011097,7.40186736,166.91,25.60,0.00,315.10,0,-105.00,-17.00,0.00,0.00,40.00,0.00,0,69
500.31,1567659829,11006.27,51.47143033,7.39978136,168.14,25.40,0.00,317.41,0,-103.00,-11.00,0.00,0.00,37.00,0.00,0,459
500.32,1567659829,11006.30,51.47143033,7.39978136,168.14,25.40,0.00,317.41,0,-106.00,-14.00,0.00,0.00,37.00,0.00,0,276
501.31,1567659830,11031.67,51.47160231,7.39954889,168.65,25.32,0.00,318.39,0,-103.00,-11.00,0.00,0.00,37.00,0.00,0,459
501.32,1567659830,11031.69,51.47160231,7.39954889,168.65,25.32,0.00,318.39,0,-106.00,-14.00,0.00,0.00,37.00,0.00,0,276
502.31,1567659831,11056.96,51.47177241,7.39931789,168.84,25.31,0.00,318.77,0,-97.00,-11.00,0.00,0.00,43.00,0.00,0,459
503.31,1567659832,11082.27,51.47194441,7.39908483,168.80,25.64,0.00,318.01,0,-97.00,-11.00,0.00,0.00,43.00,0.00,0,459
504.31,1567659833,11107.92,51.47211798,7.39884527,168.63,25.87,0.00,318.97,0,-101.00,-11.00,0.00,0.00,39.00,0.00,0,459
505.31,1567659834,11133.81,51.47230087,7.39860433,168.58,26.07,0.00,319.72,0,-101.00,-11.00,0.00,0.00,39.00,0.00,0,459
506.31,1567659835,11159.85,51.47248545,7.39836341,168.96,26.00,0.00,319.76,0,-102.00,-10.00,0.00,0.00,37.00,0.00,0,459
506.31,1567659835,11159.88,51.47248545,7.39836341,168.96,26.00,0.00,319.76,0,-108.00,-15.00,0.00,0.00,36.00,0.00,0,59
507.31,1567659836,11185.85,51.47266768,7.39812204,169.45,26.13,0.00,319.65,0,-102.00,-10.00,0.00,0.00,37.00,0.00,0,459
507.31,1567659836,11185.88,51.47266768,7.39812204,169.45,26.13,0.00,319.65,0,-108.00,-15.00,0.00,0.00,36.00,0.00,0,59
508.31,1567659837,11211.99,51.47284939,7.39787276,169.99,26.45,0.00,319.84,0,-102.00,-13.00,0.00,0.00,40.00,0.00,0,59
508.31,1567659837,11212.01,51.47284939,7.39787276,169.99,26.45,0.00,319.84,0,-103.00,-13.00,0.00,0.00,40.00,0.00,0,459
509.31,1567659838,11238.47,51.47303623,7.39762229,170.35,26.62,0.00,320.30,0,-102.00,-13.00,0.00,0.00,40.00,0.00,0,59
509.32,1567659838,11238.50,51.47303623,7.39762229,170.35,26.62,0.00,320.30,0,-103.00,-13.00,0.00,0.00,40.00,0.00,0,459
518.32,1567659847,11468.69,51.47465614,7.39553729,172.99,25.20,0.00,324.70,0,-104.00,-13.00,0.00,0.00,35.00,0.00,0,431
518.32,1567659847,11468.71,51.47465614,7.39553729,172.99,25.20,0.00,324.70,0,-106.00,-16.00,0.00,0.00,36.00,0.00,0,459
518.33,1567659847,11468.74,51.47465614,7.39553729,172.99,25.20,0.00,324.70,0,-108.00,-12.00,0.00,0.00,30.00,0.00,0,459
518.33,1567659847,11468.76,51.47465614,7.39553729,172.99,25.20,0.00,324.70,0,-110.00,-14.00,0.00,0.00,30.00,0.00,0,120
519.31,1567659848,11493.58,51.47483990,7.39534386,174.04,24.96,0.00,326.72,0,-104.00,-13.00,0.00,0.00,35.00,0.00,0,431
519.31,1567659848,11493.58,51.47483990,7.39534386,174.04,24.96,0.00,326.72,0,-106.00,-16.00,0.00,0.00,36.00,0.00,0,459
519.31,1567659848,11493.58,51.47483990,7.39534386,174.04,24.96,0.00,326.72,0,-108.00,-12.00,0.00,0.00,30.00,0.00,0,459
519.31,1567659848,11493.60,51.47483990,7.39534386,174.04,24.96,0.00,326.72,0,-110.00,-14.00,0.00,0.00,30.00,0.00,0,120
520.32,1567659849,11518.67,51.47502813,7.39514509,175.06,24.86,0.00,327.05,0,-104.00,-13.00,0.00,0.00,35.00,0.00,0,431
520.32,1567659849,11518.67,51.47502813,7.39514509,175.06,24.86,0.00,327.05,0,-106.00,-16.00,0.00,0.00,36.00,0.00,0,459
520.32,1567659849,11518.69,51.47502813,7.39514509,175.06,24.86,0.00,327.05,0,-108.00,-12.00,0.00,0.00,30.00,0.00,0,459
520.32,1567659849,11518.72,51.47502813,7.39514509,175.06,24.86,0.00,327.05,0,-110.00,-14.00,0.00,0.00,30.00,0.00,0,120
521.32,1567659850,11543.55,51.47521886,7.39495311,175.86,24.49,0.00,328.08,0,-98.00,-10.00,0.00,0.00,37.00,0.00,0,459
521.32,1567659850,11543.57,51.47521886,7.39495311,175.86,24.49,0.00,328.08,0,-101.00,-12.00,0.00,0.00,37.00,0.00,0,431
521.32,1567659850,11543.57,51.47521886,7.39495311,175.86,24.49,0.00,328.08,0,-105.00,-17.00,0.00,0.00,37.00,0.00,0,113
521.32,1567659850,11543.60,51.47521886,7.39495311,175.86,24.49,0.00,328.08,0,-107.00,-11.00,0.00,0.00,31.00,0.00,0,459
521.32,1567659850,11543.62,51.47521886,7.39495311,175.86,24.49,0.00,328.08,0,-110.00,-13.00,0.00,0.00,30.00,0.00,0,120
521.32,1567659850,11543.65,51.47521886,7.39495311,175.86,24.49,0.00,328.08,0,-113.00,-17.00,0.00,0.00,30.00,0.00,0,146
522.32,1567659851,11568.03,51.47540768,7.39476840,176.48,24.07,0.00,328.89,0,-98.00,-10.00,0.00,0.00,37.00,0.00,0,459
522.32,1567659851,11568.06,51.47540768,7.39476840,176.48,24.07,0.00,328.89,0,-101.00,-12.00,0.00,0.00,37.00,0.00,0,431
522.32,1567659851,11568.06,51.47540768,7.39476840,176.48,24.07,0.00,328.89,0,-105.00,-17.00,0.00,0.00,37.00,0.00,0,113
522.32,1567659851,11568.08,51.47540768,7.39476840,176.48,24.07,0.00,328.89,0,-107.00,-11.00,0.00,0.00,31.00,0.00,0,459
522.32,1567659851,11568.10,51.47540768,7.39476840,176.48,24.07,0.00,328.89,0,-110.00,-13.00,0.00,0.00,30.00,0.00,0,120
522.32,1567659851,11568.10,51.47540768,7.39476840,176.48,24.07,0.00,328.89,0,-113.00,-17.00,0.00,0.00,30.00,0.00,0,146
523.31,1567659852,11592.03,51.47559190,7.39459523,177.22,23.71,0.00,329.69,0,-107.00,-9.00,0.00,0.00,28.00,0.00,0,459
524.31,1567659853,11615.65,51.47577893,7.39442813,177.99,23.52,0.00,331.46,0,-107.00,-9.00,0.00,0.00,28.00,0.00,0,459
525.31,1567659854,11639.26,51.47596902,7.39425835,178.39,23.72,0.00,331.32,0,-89.00,-7.00,0.00,0.00,44.00,0.00,0,59
526.31,1567659855,11662.98,51.47615797,7.39409274,178.67,23.60,0.00,331.82,0,-89.00,-7.00,0.00,0.00,44.00,0.00,0,59
527.32,1567659856,11686.60,51.47634106,7.39393336,178.66,23.65,0.00,332.89,0,-105.00,-9.00,0.00,0.00,30.00,0.00,0,459
527.32,1567659856,11686.60,51.47634106,7.39393336,178.66,23.65,0.00,332.89,0,-90.00,-7.00,0.00,0.00,42.00,0.00,0,59
528.32,1567659857,11710.25,51.47653318,7.39376915,178.94,23.52,0.00,334.03,0,-105.00,-9.00,0.00,0.00,30.00,0.00,0,459
528.32,1567659857,11710.27,51.47653318,7.39376915,178.94,23.52,0.00,334.03,0,-90.00,-7.00,0.00,0.00,42.00,0.00,0,59
529.32,1567659858,11733.79,51.47672478,7.39361240,179.48,23.60,0.00,334.84,0,-107.00,-11.00,0.00,0.00,29.00,0.00,0,459
529.32,1567659858,11733.82,51.47672478,7.39361240,179.48,23.60,0.00,334.84,0,-112.00,-15.00,0.00,0.00,29.00,0.00,0,461
529.32,1567659858,11733.84,51.47672478,7.39361240,179.48,23.60,0.00,334.84,0,-112.00,-15.00,0.00,0.00,28.00,0.00,0,438
529.32,1567659858,11733.84,51.47672478,7.39361240,179.48,23.60,0.00,334.84,0,-93.00,-7.00,0.00,0.00,40.00,0.00,0,59
529.32,1567659858,11733.86,51.47672478,7.39361240,179.48,23.60,0.00,334.84,0,-99.00,-13.00,0.00,0.00,39.00,0.00,0,459
530.32,1567659859,11757.42,51.47691412,7.39347040,179.88,23.20,0.00,335.72,0,-107.00,-11.00,0.00,0.00,29.00,0.00,0,459
530.32,1567659859,11757.44,51.47691412,7.39347040,179.88,23.20,0.00,335.72,0,-112.00,-15.00,0.00,0.00,29.00,0.00,0,461
530.32,1567659859,11757.44,51.47691412,7.39347040,179.88,23.20,0.00,335.72,0,-112.00,-15.00,0.00,0.00,28.00,0.00,0,438
530.32,1567659859,11757.47,51.47691412,7.39347040,179.88,23.20,0.00,335.72,0,-93.00,-7.00,0.00,0.00,40.00,0.00,0,59
530.32,1567659859,11757.49,51.47691412,7.39347040,179.88,23.20,0.00,335.72,0,-99.00,-13.00,0.00,0.00,39.00,0.00,0,459
531.32,1567659860,11780.57,51.47709563,7.39334825,180.25,21.75,0.00,337.82,0,-112.00,-15.00,0.00,0.00,29.00,0.00,0,461
531.32,1567659860,11780.59,51.47709563,7.39334825,180.25,21.75,0.00,337.82,0,-96.00,-9.00,0.00,0.00,42.00,0.00,0,59
532.31,1567659861,11802.29,51.47727303,7.39324357,180.75,20.21,0.00,340.45,0,-112.00,-15.00,0.00,0.00,29.00,0.00,0,461
532.32,1567659861,11802.31,51.47727303,7.39324357,180.75,20.21,0.00,340.45,0,-96.00,-9.00,0.00,0.00,42.00,0.00,0,59
533.32,1567659862,11822.52,51.47744319,7.39316201,180.86,19.39,0.00,344.04,0,-105.00,-17.00,0.00,0.00,38.00,0.00,0,461
533.32,1567659862,11822.54,51.47744319,7.39316201,180.86,19.39,0.00,344.04,0,-106.00,-17.00,0.00,0.00,37.00,0.00,0,120
533.32,1567659862,11822.56,51.47744319,7.39316201,180.86,19.39,0.00,344.04,0,-96.00,-11.00,0.00,0.00,43.00,0.00,0,59
534.32,1567659863,11841.91,51.47760457,7.39309008,180.79,18.66,0.00,345.33,0,-105.00,-17.00,0.00,0.00,38.00,0.00,0,461
534.32,1567659863,11841.93,51.47760457,7.39309008,180.79,18.66,0.00,345.33,0,-106.00,-17.00,0.00,0.00,37.00,0.00,0,120
534.32,1567659863,11841.94,51.47760457,7.39309008,180.79,18.66,0.00,345.33,0,-96.00,-11.00,0.00,0.00,43.00,0.00,0,59
535.32,1567659864,11860.57,51.47776427,7.39303480,180.13,18.18,0.00,348.23,0,-101.00,-15.00,0.00,0.00,41.00,0.00,0,461
535.32,1567659864,11860.59,51.47776427,7.39303480,180.13,18.18,0.00,348.23,0,-103.00,-18.00,0.00,0.00,42.00,0.00,0,57
535.32,1567659864,11860.60,51.47776427,7.39303480,180.13,18.18,0.00,348.23,0,-84.00,-6.00,0.00,0.00,51.00,0.00,0,59
536.32,1567659865,11878.77,51.47792446,7.39303943,179.29,17.41,0.00,1.52,0,-101.00,-15.00,0.00,0.00,41.00,0.00,0,461
536.32,1567659865,11878.79,51.47792446,7.39303943,179.29,17.41,0.00,1.52,0,-103.00,-18.00,0.00,0.00,42.00,0.00,0,57
536.32,1567659865,11878.80,51.47792446,7.39303943,179.29,17.41,0.00,1.52,0,-84.00,-6.00,0.00,0.00,51.00,0.00,0,59
537.31,1567659866,11896.15,51.47807488,7.39305035,178.45,16.68,0.00,3.27,0,-97.00,-17.00,0.00,0.00,47.00,0.00,0,461
537.32,1567659866,11896.16,51.47807488,7.39305035,178.45,16.68,0.00,3.27,0,-88.00,-7.00,0.00,0.00,47.00,0.00,0,59
538.31,1567659867,11912.83,51.47822067,7.39308102,177.81,16.02,0.00,6.84,0,-97.00,-17.00,0.00,0.00,47.00,0.00,0,461
538.32,1567659867,11912.84,51.47822067,7.39308102,177.81,16.02,0.00,6.84,0,-88.00,-7.00,0.00,0.00,47.00,0.00,0,59
539.32,1567659868,11928.97,51.47836323,7.39313031,177.67,15.20,0.00,10.45,0,-96.00,-13.00,0.00,0.00,43.00,0.00,0,461
539.32,1567659868,11928.97,51.47836323,7.39313031,177.67,15.20,0.00,10.45,0,-89.00,-7.00,0.00,0.00,48.00,0.00,0,59
540.31,1567659869,11944.05,51.47849150,7.39322281,177.49,15.21,0.00,24.05,0,-96.00,-13.00,0.00,0.00,43.00,0.00,0,461
540.32,1567659869,11944.06,51.47849150,7.39322281,177.49,15.21,0.00,24.05,0,-89.00,-7.00,0.00,0.00,48.00,0.00,0,59
541.31,1567659870,11959.26,51.47860723,7.39332332,177.19,14.08,0.00,26.06,0,-96.00,-13.00,0.00,0.00,43.00,0.00,0,461
541.32,1567659870,11959.27,51.47860723,7.39332332,177.19,14.08,0.00,26.06,0,-89.00,-7.00,0.00,0.00,48.00,0.00,0,59
542.32,1567659871,11973.36,51.47872926,7.39342148,177.00,14.04,0.00,27.83,0,-106.00,-9.00,0.00,0.00,29.00,0.00,0,57
542.32,1567659871,11973.37,51.47872926,7.39342148,177.00,14.04,0.00,27.83,0,-108.00,-13.00,0.00,0.00,30.00,0.00,0,461
542.32,1567659871,11973.38,51.47872926,7.39342148,177.00,14.04,0.00,27.83,0,-87.00,-7.00,0.00,0.00,49.00,0.00,0,59
543.32,1567659872,11987.40,51.47885514,7.39353500,176.82,14.33,0.00,29.75,0,-106.00,-9.00,0.00,0.00,29.00,0.00,0,57
543.32,1567659872,11987.41,51.47885514,7.39353500,176.82,14.33,0.00,29.75,0,-108.00,-13.00,0.00,0.00,30.00,0.00,0,461
543.32,1567659872,11987.42,51.47885514,7.39353500,176.82,14.33,0.00,29.75,0,-87.00,-7.00,0.00,0.00,49.00,0.00,0,59
544.31,1567659873,12001.71,51.47897232,7.39365556,176.71,13.79,0.00,31.56,0,-112.00,-16.00,0.00,0.00,29.00,0.00,0,459
544.32,1567659873,12001.73,51.47897232,7.39365556,176.71,13.79,0.00,31.56,0,-86.00,-7.00,0.00,0.00,49.00,0.00,0,59
545.32,1567659874,12015.52,51.47908386,7.39376272,176.80,12.71,0.00,28.83,0,-112.00,-16.00,0.00,0.00,29.00,0.00,0,459
545.32,1567659874,12015.53,51.47908386,7.39376272,176.80,12.71,0.00,28.83,0,-86.00,-7.00,0.00,0.00,49.00,0.00,0,59
546.31,1567659875,12028.21,51.47919926,7.39381207,177.77,12.87,0.00,11.56,0,-78.00,-8.00,0.00,0.00,58.00,0.00,0,59
547.31,1567659876,12041.08,51.47930741,7.39381927,178.45,12.69,0.00,358.39,0,-78.00,-8.00,0.00,0.00,58.00,0.00,0,59
548.32,1567659877,12053.78,51.47942398,7.39381183,179.12,13.25,0.00,355.25,0,-85.00,-7.00,0.00,0.00,50.00,0.00,0,59
549.31,1567659878,12067.02,51.47953163,7.39375070,179.67,13.39,0.00,338.16,0,-85.00,-7.00,0.00,0.00,50.00,0.00,0,59
550.32,1567659879,12080.47,51.47964031,7.39368337,180.26,13.60,0.00,336.88,0,-77.00,-7.00,0.00,0.00,59.00,0.00,0,59
551.31,1567659880,12094.01,51.47974491,7.39361431,180.93,12.81,0.00,335.86,0,-77.00,-7.00,0.00,0.00,59.00,0.00,0,59
552.31,1567659881,12106.82,51.47984039,7.39355016,181.54,11.19,0.00,334.97,0,-73.00,-7.00,0.00,0.00,63.00,0.00,0,59
553.32,1567659882,12118.01,51.47992104,7.39349395,181.83,9.80,0.00,338.07,0,-73.00,-7.00,0.00,0.00,63.00,0.00,0,59
554.31,1567659883,12127.77,51.48000515,7.39344793,181.87,9.50,0.00,340.68,0,-77.00,-7.00,0.00,0.00,58.00,0.00,0,59
555.31,1567659884,12137.30,51.48009479,7.39343969,182.03,9.60,0.00,357.78,0,-77.00,-7.00,0.00,0.00,58.00,0.00,0,59
556.31,1567659885,12146.87,51.48018349,7.39343901,182.14,10.14,0.00,358.94,0,-75.00,-7.00,0.00,0.00,63.00,0.00,0,59
557.31,1567659886,12157.05,51.48026482,7.39351316,182.40,10.30,0.00,31.01,0,-75.00,-7.00,0.00,0.00,63.00,0.00,0,59
558.31,1567659887,12167.35,51.48031755,7.39363057,182.72,10.95,0.00,53.66,0,-84.00,-7.00,0.00,0.00,52.00,0.00,0,59
559.31,1567659888,12178.30,51.48037129,7.39375565,183.04,12.12,0.00,55.64,0,-84.00,-7.00,0.00,0.00,52.00,0.00,0,59
560.32,1567659889,12190.51,51.48043963,7.39391405,183.19,13.26,0.00,57.17,0,-85.00,-7.00,0.00,0.00,52.00,0.00,0,59
561.31,1567659890,12203.69,51.48050374,7.39407693,183.24,14.42,0.00,58.16,0,-85.00,-7.00,0.00,0.00,52.00,0.00,0,59
562.32,1567659891,12218.12,51.48057146,7.39425958,183.05,15.62,0.00,58.84,0,-85.00,-7.00,0.00,0.00,52.00,0.00,0,59
563.31,1567659892,12233.71,51.48064497,7.39445785,182.75,16.57,0.00,59.35,0,-74.00,-8.00,0.00,0.00,63.00,0.00,0,59
564.31,1567659893,12250.27,51.48072378,7.39467738,182.55,16.98,0.00,60.20,0,-74.00,-8.00,0.00,0.00,63.00,0.00,0,59
565.31,1567659894,12267.27,51.48080434,7.39489996,182.72,17.43,0.00,61.12,0,-78.00,-7.00,0.00,0.00,58.00,0.00,0,59
566.31,1567659895,12284.71,51.48088502,7.39512418,182.89,17.97,0.00,61.17,0,-78.00,-7.00,0.00,0.00,58.00,0.00,0,59
567.31,1567659896,12302.64,51.48096765,7.39535037,183.25,18.13,0.00,60.79,0,-84.00,-8.00,0.00,0.00,53.00,0.00,0,59
568.31,1567659897,12320.79,51.48104843,7.39557478,183.66,18.14,0.00,60.45,0,-84.00,-8.00,0.00,0.00,53.00,0.00,0,59
569.31,1567659898,12338.94,51.48112749,7.39579968,183.84,17.96,0.00,60.38,0,-77.00,-7.00,0.00,0.00,59.00,0.00,0,59
570.31,1567659899,12356.90,51.48120632,7.39602003,184.29,17.73,0.00,60.05,0,-77.00,-7.00,0.00,0.00,59.00,0.00,0,59
573.31,1567659902,12408.77,51.48144166,7.39667437,186.17,16.49,0.00,59.18,0,-96.00,-11.00,0.00,0.00,40.00,0.00,0,57
573.31,1567659902,12408.77,51.48144166,7.39667437,186.17,16.49,0.00,59.18,0,-86.00,-10.00,0.00,0.00,52.00,0.00,0,59
573.32,1567659902,12408.79,51.48144166,7.39667437,186.17,16.49,0.00,59.18,0,-92.00,-13.00,0.00,0.00,50.00,0.00,0,113
574.32,1567659903,12425.30,51.48151999,7.39688298,186.77,15.89,0.00,59.05,0,-96.00,-11.00,0.00,0.00,40.00,0.00,0,57
574.32,1567659903,12425.30,51.48151999,7.39688298,186.77,15.89,0.00,59.05,0,-86.00,-10.00,0.00,0.00,52.00,0.00,0,59
574.32,1567659903,12425.31,51.48151999,7.39688298,186.77,15.89,0.00,59.05,0,-92.00,-13.00,0.00,0.00,50.00,0.00,0,113
575.32,1567659904,12441.19,51.48158997,7.39707438,187.14,15.20,0.00,58.59,0,-105.00,-10.00,0.00,0.00,30.00,0.00,0,459
575.32,1567659904,12441.19,51.48158997,7.39707438,187.14,15.20,0.00,58.59,0,-108.00,-15.00,0.00,0.00,32.00,0.00,0,438
575.32,1567659904,12441.20,51.48158997,7.39707438,187.14,15.20,0.00,58.59,0,-89.00,-11.00,0.00,0.00,52.00,0.00,0,59
576.32,1567659905,12456.37,51.48166797,7.39726012,187.43,14.60,0.00,57.53,0,-105.00,-10.00,0.00,0.00,30.00,0.00,0,459
576.32,1567659905,12456.38,51.48166797,7.39726012,187.43,14.60,0.00,57.53,0,-108.00,-15.00,0.00,0.00,32.00,0.00,0,438
576.32,1567659905,12456.40,51.48166797,7.39726012,187.43,14.60,0.00,57.53,0,-89.00,-11.00,0.00,0.00,52.00,0.00,0,59
577.31,1567659906,12470.95,51.48173808,7.39742917,187.60,13.56,0.00,56.56,0,-86.00,-10.00,0.00,0.00,52.00,0.00,0,59
578.31,1567659907,12484.51,51.48180639,7.39758541,188.02,12.11,0.00,55.48,0,-86.00,-10.00,0.00,0.00,52.00,0.00,0,59
579.31,1567659908,12496.62,51.48186279,7.39771867,188.49,10.32,0.00,54.70,0,-84.00,-8.00,0.00,0.00,52.00,0.00,0,59
580.31,1567659909,12506.94,51.48191850,7.39783366,189.06,9.06,0.00,53.50,0,-84.00,-8.00,0.00,0.00,52.00,0.00,0,59
581.32,1567659910,12516.07,51.48196854,7.39793554,189.76,7.78,0.00,52.72,0,-106.00,-16.00,0.00,0.00,36.00,0.00,0,59
581.32,1567659910,12516.08,51.48196854,7.39793554,189.76,7.78,0.00,52.72,0,-83.00,-11.00,0.00,0.00,58.00,0.00,0,59
582.31,1567659911,12523.79,51.48201278,7.39801990,190.41,6.70,0.00,51.90,0,-106.00,-16.00,0.00,0.00,36.00,0.00,0,59
582.32,1567659911,12523.79,51.48201278,7.39801990,190.41,6.70,0.00,51.90,0,-83.00,-11.00,0.00,0.00,58.00,0.00,0,59
583.31,1567659912,12530.48,51.48204860,7.39808657,190.99,5.17,0.00,51.20,0,-106.00,-16.00,0.00,0.00,36.00,0.00,0,59
583.32,1567659912,12530.49,51.48204860,7.39808657,190.99,5.17,0.00,51.20,0,-83.00,-11.00,0.00,0.00,58.00,0.00,0,59
584.31,1567659913,12535.65,51.48207773,7.39813624,191.06,3.59,0.00,50.27,0,-93.00,-11.00,0.00,0.00,43.00,0.00,0,59
584.32,1567659913,12535.65,51.48207773,7.39813624,191.06,3.59,0.00,50.27,0,-82.00,-11.00,0.00,0.00,56.00,0.00,0,59
585.31,1567659914,12539.24,51.48209809,7.39817284,191.15,2.96,0.00,49.57,0,-93.00,-11.00,0.00,0.00,43.00,0.00,0,59
585.32,1567659914,12539.25,51.48209809,7.39817284,191.15,2.96,0.00,49.57,0,-82.00,-11.00,0.00,0.00,56.00,0.00,0,59
586.31,1567659915,12542.20,51.48211465,7.39819705,191.23,1.80,0.00,48.64,0,-94.00,-10.00,0.00,0.00,43.00,0.00,0,59
587.31,1567659916,12544.00,51.48212359,7.39820664,191.30,1.08,0.00,48.64,0,-94.00,-10.00,0.00,0.00,43.00,0.00,0,59
588.32,1567659917,12545.08,51.48213105,7.39821248,191.37,0.49,0.00,48.64,0,-96.00,-10.00,0.00,0.00,40.00,0.00,0,59
588.32,1567659917,12545.08,51.48213105,7.39821248,191.37,0.49,0.00,48.64,0,-135.00,-20.00,0.00,0.00,16.00,0.00,0,104
589.32,1567659918,12545.56,51.48213105,7.39821248,191.44,0.00,0.00,48.64,0,-96.00,-10.00,0.00,0.00,40.00,0.00,0,59
589.32,1567659918,12545.56,51.48213105,7.39821248,191.44,0.00,0.00,48.64,0,-135.00,-20.00,0.00,0.00,16.00,0.00,0,104
590.31,1567659919,12545.56,51.48213105,7.39821248,191.45,0.00,0.00,48.64,0,-99.00,-12.00,0.00,0.00,39.00,0.00,0,59
591.31,1567659920,12545.56,51.48213105,7.39821248,191.46,0.00,0.00,48.64,0,-99.00,-12.00,0.00,0.00,39.00,0.00,0,59
592.31,1567659921,12545.56,51.48213105,7.39821248,191.47,0.00,0.00,48.64,0,-99.00,-12.00,0.00,0.00,39.00,0.00,0,59
593.31,1567659922,12545.56,51.48213105,7.39821248,191.47,0.00,0.00,48.64,0,-99.00,-12.00,0.00,0.00,39.00,0.00,0,59
594.32,1567659923,12545.56,51.48213105,7.39821248,191.48,0.00,0.00,48.64,0,-102.00,-13.00,0.00,0.00,37.00,0.00,0,59
595.31,1567659924,12545.56,51.48213105,7.39821248,191.48,0.00,0.00,48.64,0,-102.00,-13.00,0.00,0.00,37.00,0.00,0,59
596.31,1567659925,12545.56,51.48213105,7.39821248,191.50,0.00,0.00,48.64,0,-103.00,-13.00,0.00,0.00,36.00,0.00,0,59
597.31,1567659926,12545.56,51.48213105,7.39821248,191.54,0.00,0.00,44.02,0,-103.00,-13.00,0.00,0.00,36.00,0.00,0,59
600.31,1567659929,12551.34,51.48224859,7.39839052,192.68,6.92,0.00,45.12,0,-94.00,-11.00,0.00,0.00,43.00,0.00,0,59
600.31,1567659929,12551.35,51.48224859,7.39839052,192.68,6.92,0.00,45.12,0,-80.00,-12.00,0.00,0.00,61.00,0.00,0,59
601.31,1567659930,12558.27,51.48229607,7.39846795,192.95,8.06,0.00,44.55,0,-94.00,-11.00,0.00,0.00,43.00,0.00,0,59
601.32,1567659930,12558.28,51.48229607,7.39846795,192.95,8.06,0.00,44.55,0,-80.00,-12.00,0.00,0.00,61.00,0.00,0,59
602.32,1567659931,12566.39,51.48235083,7.39855325,193.36,8.92,0.00,43.73,0,-101.00,-12.00,0.00,0.00,37.00,0.00,0,59
602.32,1567659931,12566.40,51.48235083,7.39855325,193.36,8.92,0.00,43.73,0,-85.00,-10.00,0.00,0.00,54.00,0.00,0,59
603.32,1567659932,12575.25,51.48240880,7.39864186,193.69,9.14,0.00,43.27,0,-101.00,-12.00,0.00,0.00,37.00,0.00,0,59
603.32,1567659932,12575.26,51.48240880,7.39864186,193.69,9.14,0.00,43.27,0,-85.00,-10.00,0.00,0.00,54.00,0.00,0,59
604.32,1567659933,12584.39,51.48247236,7.39872927,193.70,9.93,0.00,41.35,0,-101.00,-12.00,0.00,0.00,37.00,0.00,0,59
604.32,1567659933,12584.39,51.48247236,7.39872927,193.70,9.93,0.00,41.35,0,-85.00,-10.00,0.00,0.00,54.00,0.00,0,59
605.32,1567659934,12594.34,51.48254395,7.39882278,193.73,10.79,0.00,39.89,0,-103.00,-11.00,0.00,0.00,34.00,0.00,0,59
605.32,1567659934,12594.35,51.48254395,7.39882278,193.73,10.79,0.00,39.89,0,-109.00,-16.00,0.00,0.00,33.00,0.00,0,323
605.32,1567659934,12594.35,51.48254395,7.39882278,193.73,10.79,0.00,39.89,0,-90.00,-11.00,0.00,0.00,50.00,0.00,0,59
606.32,1567659935,12605.13,51.48262028,7.39892028,193.92,11.13,0.00,38.75,0,-103.00,-11.00,0.00,0.00,34.00,0.00,0,59
606.32,1567659935,12605.13,51.48262028,7.39892028,193.92,11.13,0.00,38.75,0,-109.00,-16.00,0.00,0.00,33.00,0.00,0,323
606.32,1567659935,12605.14,51.48262028,7.39892028,193.92,11.13,0.00,38.75,0,-90.00,-11.00,0.00,0.00,50.00,0.00,0,59
607.31,1567659936,12616.24,51.48269593,7.39901415,193.74,11.08,0.00,37.67,0,-90.00,-10.00,0.00,0.00,46.00,0.00,0,57
607.32,1567659936,12616.25,51.48269593,7.39901415,193.74,11.08,0.00,37.67,0,-80.00,-8.00,0.00,0.00,57.00,0.00,0,57
608.31,1567659937,12627.32,51.48277215,7.39911047,193.66,10.59,0.00,36.75,0,-90.00,-10.00,0.00,0.00,46.00,0.00,0,57
608.32,1567659937,12627.33,51.48277215,7.39911047,193.66,10.59,0.00,36.75,0,-80.00,-8.00,0.00,0.00,57.00,0.00,0,57
609.32,1567659938,12637.92,51.48285619,7.39920682,193.41,10.78,0.00,35.08,0,-99.00,-12.00,0.00,0.00,39.00,0.00,0,57
609.32,1567659938,12637.93,51.48285619,7.39920682,193.41,10.78,0.00,35.08,0,-83.00,-8.00,0.00,0.00,54.00,0.00,0,57
610.31,1567659939,12648.69,51.48294743,7.39930355,192.39,11.07,0.00,34.20,0,-99.00,-12.00,0.00,0.00,39.00,0.00,0,57
610.32,1567659939,12648.70,51.48294743,7.39930355,192.39,11.07,0.00,34.20,0,-83.00,-8.00,0.00,0.00,54.00,0.00,0,57
611.32,1567659940,12659.77,51.48303093,7.39939049,191.42,12.05,0.00,34.50,0,-98.00,-12.00,0.00,0.00,40.00,0.00,0,57
611.32,1567659940,12659.77,51.48303093,7.39939049,191.42,12.05,0.00,34.50,0,-76.00,-7.00,0.00,0.00,59.00,0.00,0,57
612.31,1567659941,12671.81,51.48312197,7.39948602,190.72,12.66,0.00,33.55,0,-98.00,-12.00,0.00,0.00,40.00,0.00,0,57
612.32,1567659941,12671.82,51.48312197,7.39948602,190.72,12.66,0.00,33.55,0,-76.00,-7.00,0.00,0.00,59.00,0.00,0,57
613.31,1567659942,12684.47,51.48321663,7.39958198,189.86,13.87,0.00,33.74,0,-74.00,-6.00,0.00,0.00,61.00,0.00,0,57
614.31,1567659943,12698.35,51.48331993,7.39969576,189.36,14.03,0.00,33.97,0,-74.00,-6.00,0.00,0.00,61.00,0.00,0,57
615.32,1567659944,12712.40,51.48342530,7.39980826,189.23,14.26,0.00,34.10,0,-101.00,-13.00,0.00,0.00,38.00,0.00,0,57
615.32,1567659944,12712.40,51.48342530,7.39980826,189.23,14.26,0.00,34.10,0,-75.00,-6.00,0.00,0.00,60.00,0.00,0,57
616.32,1567659945,12726.65,51.48353480,7.39993291,189.26,14.40,0.00,34.69,0,-101.00,-13.00,0.00,0.00,38.00,0.00,0,57
616.32,1567659945,12726.66,51.48353480,7.39993291,189.26,14.40,0.00,34.69,0,-75.00,-6.00,0.00,0.00,60.00,0.00,0,57
617.32,1567659946,12741.05,51.48364211,7.40005327,189.33,14.81,0.00,34.35,0,-107.00,-15.00,0.00,0.00,35.00,0.00,0,57
617.32,1567659946,12741.06,51.48364211,7.40005327,189.33,14.81,0.00,34.35,0,-81.00,-6.00,0.00,0.00,54.00,0.00,0,57
618.31,1567659947,12755.80,51.48375087,7.40017638,189.31,14.93,0.00,34.91,0,-107.00,-15.00,0.00,0.00,35.00,0.00,0,57
618.31,1567659947,12755.80,51.48375087,7.40017638,189.31,14.93,0.00,34.91,0,-81.00,-6.00,0.00,0.00,54.00,0.00,0,57
619.31,1567659948,12770.77,51.48385904,7.40029943,189.22,14.59,0.00,35.26,0,-74.00,-5.00,0.00,0.00,60.00,0.00,0,57
620.31,1567659949,12785.37,51.48396050,7.40042135,188.80,14.35,0.00,36.34,0,-74.00,-5.00,0.00,0.00,60.00,0.00,0,57
621.31,1567659950,12799.70,51.48406161,7.40054171,188.34,14.15,0.00,36.75,0,-87.00,-7.00,0.00,0.00,49.00,0.00,0,57
622.31,1567659951,12813.87,51.48416304,7.40066922,188.48,13.88,0.00,37.37,0,-87.00,-7.00,0.00,0.00,49.00,0.00,0,57
623.32,1567659952,12827.84,51.48425937,7.40078722,188.69,12.37,0.00,38.35,0,-85.00,-7.00,0.00,0.00,51.00,0.00,0,57
624.31,1567659953,12840.12,51.48434502,7.40090334,189.15,12.10,0.00,39.61,0,-85.00,-7.00,0.00,0.00,51.00,0.00,0,57
625.31,1567659954,12852.21,51.48442795,7.40101552,189.67,11.85,0.00,40.10,0,-85.00,-7.00,0.00,0.00,51.00,0.00,0,57
626.32,1567659955,12864.08,51.48450746,7.40112616,190.47,11.37,0.00,40.78,0,-85.00,-7.00,0.00,0.00,51.00,0.00,0,57
627.31,1567659956,12875.43,51.48458887,7.40123945,191.28,11.06,0.00,41.48,0,-85.00,-7.00,0.00,0.00,51.00,0.00,0,57
628.31,1567659957,12886.49,51.48466766,7.40135182,192.27,10.81,0.00,42.21,0,-83.00,-5.00,0.00,0.00,52.00,0.00,0,57
629.31,1567659958,12897.32,51.48474013,7.40145185,192.67,10.59,0.00,43.01,0,-83.00,-5.00,0.00,0.00,52.00,0.00,0,57
630.32,1567659959,12907.92,51.48480896,7.40155542,192.50,11.02,0.00,44.06,0,-106.00,-13.00,0.00,0.00,33.00,0.00,0,162
630.32,1567659959,12907.92,51.48480896,7.40155542,192.50,11.02,0.00,44.06,0,-81.00,-5.00,0.00,0.00,54.00,0.00,0,57
631.31,1567659960,12918.93,51.48488458,7.40167553,192.53,12.34,0.00,44.59,0,-106.00,-13.00,0.00,0.00,33.00,0.00,0,162
631.32,1567659960,12918.94,51.48488458,7.40167553,192.53,12.34,0.00,44.59,0,-81.00,-5.00,0.00,0.00,54.00,0.00,0,57
632.32,1567659961,12931.29,51.48496246,7.40180505,192.56,12.54,0.00,45.22,0,-108.00,-14.00,0.00,0.00,32.00,0.00,0,278
632.32,1567659961,12931.29,51.48496246,7.40180505,192.56,12.54,0.00,45.22,0,-108.00,-15.00,0.00,0.00,33.00,0.00,0,171
632.32,1567659961,12931.30,51.48496246,7.40180505,192.56,12.54,0.00,45.22,0,-109.00,-15.00,0.00,0.00,31.00,0.00,0,271
633.32,1567659962,12943.83,51.48503784,7.40193356,192.54,12.39,0.00,45.73,0,-108.00,-14.00,0.00,0.00,32.00,0.00,0,278
633.32,1567659962,12943.84,51.48503784,7.40193356,192.54,12.39,0.00,45.73,0,-108.00,-15.00,0.00,0.00,33.00,0.00,0,171
633.32,1567659962,12943.84,51.48503784,7.40193356,192.54,12.39,0.00,45.73,0,-109.00,-15.00,0.00,0.00,31.00,0.00,0,271
644.32,1567659973,13099.77,51.48593056,7.40365264,186.55,15.15,0.00,52.89,0,-98.00,-13.00,0.00,0.00,40.00,0.00,0,171
645.31,1567659974,13114.78,51.48601211,7.40383379,186.10,15.09,0.00,53.84,0,-98.00,-13.00,0.00,0.00,40.00,0.00,0,171
646.31,1567659975,13129.88,51.48608737,7.40401661,185.52,15.05,0.00,54.75,0,-98.00,-13.00,0.00,0.00,40.00,0.00,0,171
647.31,1567659976,13144.92,51.48615872,7.40418940,185.07,14.93,0.00,55.21,0,-96.00,-11.00,0.00,0.00,40.00,0.00,0,171
648.31,1567659977,13159.86,51.48622578,7.40435993,184.68,14.76,0.00,56.24,0,-96.00,-11.00,0.00,0.00,40.00,0.00,0,171
649.32,1567659978,13174.63,51.48629779,7.40453887,184.11,14.90,0.00,56.85,0,-96.00,-10.00,0.00,0.00,40.00,0.00,0,171
649.32,1567659978,13174.65,51.48629779,7.40453887,184.11,14.90,0.00,56.85,0,-97.00,-13.00,0.00,0.00,41.00,0.00,0,277
649.32,1567659978,13174.66,51.48629779,7.40453887,184.11,14.90,0.00,56.85,0,-102.00,-18.00,0.00,0.00,41.00,0.00,0,278
650.32,1567659979,13189.53,51.48636500,7.40471478,183.54,14.50,0.00,57.36,0,-96.00,-10.00,0.00,0.00,40.00,0.00,0,171
650.32,1567659979,13189.55,51.48636500,7.40471478,183.54,14.50,0.00,57.36,0,-97.00,-13.00,0.00,0.00,41.00,0.00,0,277
650.32,1567659979,13189.56,51.48636500,7.40471478,183.54,14.50,0.00,57.36,0,-102.00,-18.00,0.00,0.00,41.00,0.00,0,278
651.32,1567659980,13204.04,51.48642632,7.40489115,182.67,14.12,0.00,59.11,0,-94.00,-8.00,0.00,0.00,40.00,0.00,0,171
651.32,1567659980,13204.05,51.48642632,7.40489115,182.67,14.12,0.00,59.11,0,-98.00,-14.00,0.00,0.00,41.00,0.00,0,277
651.32,1567659980,13204.07,51.48642632,7.40489115,182.67,14.12,0.00,59.11,0,-100.00,-15.00,0.00,0.00,40.00,0.00,0,278
652.32,1567659981,13218.16,51.48649138,7.40507620,181.54,14.83,0.00,59.30,0,-94.00,-8.00,0.00,0.00,40.00,0.00,0,171
652.32,1567659981,13218.17,51.48649138,7.40507620,181.54,14.83,0.00,59.30,0,-98.00,-14.00,0.00,0.00,41.00,0.00,0,277
652.32,1567659981,13218.19,51.48649138,7.40507620,181.54,14.83,0.00,59.30,0,-100.00,-15.00,0.00,0.00,40.00,0.00,0,278
653.32,1567659982,13232.98,51.48656105,7.40526664,180.28,15.42,0.00,59.88,0,-92.00,-10.00,0.00,0.00,44.00,0.00,0,171
653.32,1567659982,13233.00,51.48656105,7.40526664,180.28,15.42,0.00,59.88,0,-97.00,-13.00,0.00,0.00,42.00,0.00,0,278
653.32,1567659982,13233.01,51.48656105,7.40526664,180.28,15.42,0.00,59.88,0,-96.00,-14.00,0.00,0.00,43.00,0.00,0,277
654.32,1567659983,13248.40,51.48662803,7.40546675,179.19,15.86,0.00,60.84,0,-92.00,-10.00,0.00,0.00,44.00,0.00,0,171
654.32,1567659983,13248.42,51.48662803,7.40546675,179.19,15.86,0.00,60.84,0,-97.00,-13.00,0.00,0.00,42.00,0.00,0,278
654.32,1567659983,13248.43,51.48662803,7.40546675,179.19,15.86,0.00,60.84,0,-96.00,-14.00,0.00,0.00,43.00,0.00,0,277
657.32,1567659986,13296.58,51.48680546,7.40610923,176.94,16.02,0.00,64.76,0,-86.00,-11.00,0.00,0.00,51.00,0.00,0,277
657.32,1567659986,13296.60,51.48680546,7.40610923,176.94,16.02,0.00,64.76,0,-128.00,-15.00,0.00,0.00,19.00,0.00,0,323
657.33,1567659986,13296.63,51.48680546,7.40610923,176.94,16.02,0.00,64.76,0,-132.00,-19.00,0.00,0.00,18.00,0.00,0,143
657.33,1567659986,13296.65,51.48680546,7.40610923,176.94,16.02,0.00,64.76,0,-132.00,-19.00,0.00,0.00,18.00,0.00,0,218
658.32,1567659987,13312.52,51.48686250,7.40632294,176.36,16.20,0.00,65.72,0,-86.00,-11.00,0.00,0.00,51.00,0.00,0,277
658.32,1567659987,13312.52,51.48686250,7.40632294,176.36,16.20,0.00,65.72,0,-128.00,-15.00,0.00,0.00,19.00,0.00,0,323
658.32,1567659987,13312.54,51.48686250,7.40632294,176.36,16.20,0.00,65.72,0,-132.00,-19.00,0.00,0.00,18.00,0.00,0,143
658.32,1567659987,13312.55,51.48686250,7.40632294,176.36,16.20,0.00,65.72,0,-132.00,-19.00,0.00,0.00,18.00,0.00,0,218
661.32,1567659990,13361.28,51.48701737,7.40699321,175.54,15.68,0.00,68.99,0,-80.00,-8.00,0.00,0.00,54.00,0.00,0,171
662.31,1567659991,13376.83,51.48706321,7.40721451,175.19,15.63,0.00,69.44,0,-80.00,-8.00,0.00,0.00,54.00,0.00,0,171
678.31,1567660007,13590.73,51.48751288,7.41019573,171.68,11.76,0.00,80.97,0,-88.00,-8.00,0.00,0.00,45.00,0.00,0,171
679.31,1567660008,13602.55,51.48752411,7.41034201,171.06,10.07,0.00,82.14,0,-88.00,-8.00,0.00,0.00,45.00,0.00,0,171
680.31,1567660009,13612.62,51.48753196,7.41048181,170.63,9.21,0.00,82.97,0,-87.00,-7.00,0.00,0.00,45.00,0.00,0,171
681.31,1567660010,13621.83,51.48753469,7.41061559,170.47,8.67,0.00,83.78,0,-87.00,-7.00,0.00,0.00,45.00,0.00,0,171
682.31,1567660011,13630.49,51.48753458,7.41073669,170.35,7.95,0.00,83.40,0,-91.00,-10.00,0.00,0.00,45.00,0.00,0,277
683.31,1567660012,13638.44,51.48754031,7.41085272,170.18,7.14,0.00,80.74,0,-91.00,-10.00,0.00,0.00,45.00,0.00,0,277
684.31,1567660013,13645.58,51.48757520,7.41091922,170.05,6.90,0.00,43.51,0,-91.00,-10.00,0.00,0.00,44.00,0.00,0,277
685.31,1567660014,13652.48,51.48761846,7.41098997,169.69,6.77,0.00,40.97,0,-91.00,-10.00,0.00,0.00,44.00,0.00,0,277
686.32,1567660015,13659.30,51.48768051,7.41102133,169.52,6.80,0.00,9.89,0,-89.00,-10.00,0.00,0.00,46.00,0.00,0,277
687.31,1567660016,13666.05,51.48774893,7.41102956,169.25,7.11,0.00,356.42,0,-89.00,-10.00,0.00,0.00,46.00,0.00,0,277
688.31,1567660017,13673.15,51.48781106,7.41102618,168.78,7.09,0.00,354.15,0,-89.00,-10.00,0.00,0.00,46.00,0.00,0,277
689.31,1567660018,13680.25,51.48787653,7.41101615,168.23,7.64,0.00,353.25,0,-90.00,-12.00,0.00,0.00,48.00,0.00,0,277
690.31,1567660019,13687.89,51.48795161,7.41099780,167.26,8.16,0.00,352.24,0,-90.00,-12.00,0.00,0.00,48.00,0.00,0,277
691.31,1567660020,13696.05,51.48802823,7.41097870,166.35,8.47,0.00,353.07,0,-135.00,-20.00,0.00,0.00,16.00,0.00,0,323
692.31,1567660021,13704.52,51.48811163,7.41095786,165.48,9.09,0.00,352.47,0,-135.00,-20.00,0.00,0.00,16.00,0.00,0,323
693.31,1567660022,13713.62,51.48820383,7.41093564,164.76,10.03,0.00,351.61,0,-91.00,-9.00,0.00,0.00,44.00,0.00,0,277
693.32,1567660022,13713.63,51.48820383,7.41093564,164.76,10.03,0.00,351.61,0,-136.00,-21.00,0.00,0.00,16.00,0.00,0,323
694.32,1567660023,13723.65,51.48829226,7.41091354,164.58,9.78,0.00,351.14,0,-91.00,-9.00,0.00,0.00,44.00,0.00,0,277
694.32,1567660023,13723.65,51.48829226,7.41091354,164.58,9.78,0.00,351.14,0,-136.00,-21.00,0.00,0.00,16.00,0.00,0,323
695.31,1567660024,13733.43,51.48838371,7.41088887,164.74,9.78,0.00,350.52,0,-92.00,-11.00,0.00,0.00,45.00,0.00,0,277
696.31,1567660025,13743.21,51.48847105,7.41086359,165.19,9.61,0.00,350.78,0,-92.00,-11.00,0.00,0.00,45.00,0.00,0,277
701.31,1567660030,13789.12,51.48887530,7.41073199,167.44,8.23,0.00,348.83,0,-82.00,-9.00,0.00,0.00,51.00,0.00,0,277
702.31,1567660031,13797.34,51.48895420,7.41070324,167.69,8.05,0.00,348.02,0,-82.00,-9.00,0.00,0.00,51.00,0.00,0,277
703.32,1567660032,13805.41,51.48903625,7.41067387,167.98,9.37,0.00,347.18,0,-77.00,-8.00,0.00,0.00,56.00,0.00,0,277
704.31,1567660033,13814.77,51.48912192,7.41063937,168.79,10.58,0.00,346.56,0,-77.00,-8.00,0.00,0.00,56.00,0.00,0,277
705.31,1567660034,13825.35,51.48921536,7.41060462,169.50,11.34,0.00,346.21,0,-78.00,-8.00,0.00,0.00,56.00,0.00,0,277
706.31,1567660035,13836.67,51.48931934,7.41056836,170.03,11.61,0.00,346.72,0,-78.00,-8.00,0.00,0.00,56.00,0.00,0,277
