0.01,1567485961,0.02,51.44986489,7.48831624,242.11,10.03,0.00,167.74,0,-112.00,-16.00,0.00,0.00,29.00,0.00,0,337
0.01,1567485961,0.02,51.44986489,7.48831624,242.11,10.03,0.00,167.74,0,-113.00,-16.00,0.00,0.00,29.00,0.00,0,290
0.01,1567485961,0.02,51.44986489,7.48831624,242.11,10.03,0.00,167.74,0,-114.00,-18.00,0.00,0.00,29.00,0.00,0,142
1.00,1567485962,9.95,51.44976310,7.48835018,242.51,10.61,0.00,168.11,0,-112.00,-16.00,0.00,0.00,29.00,0.00,0,337
1.00,1567485962,9.96,51.44976310,7.48835018,242.51,10.61,0.00,168.11,0,-113.00,-16.00,0.00,0.00,29.00,0.00,0,290
1.00,1567485962,9.97,51.44976310,7.48835018,242.51,10.61,0.00,168.11,0,-114.00,-18.00,0.00,0.00,29.00,0.00,0,142
2.00,1567485963,20.57,51.44965943,7.48837989,243.40,11.49,0.00,169.00,0,-112.00,-16.00,0.00,0.00,29.00,0.00,0,337
2.00,1567485963,20.57,51.44965943,7.48837989,243.40,11.49,0.00,169.00,0,-113.00,-16.00,0.00,0.00,29.00,0.00,0,290
2.00,1567485963,20.58,51.44965943,7.48837989,243.40,11.49,0.00,169.00,0,-114.00,-18.00,0.00,0.00,29.00,0.00,0,142
3.00,1567485964,32.04,51.44954938,7.48840250,244.14,12.27,0.00,171.57,0,-112.00,-14.00,0.00,0.00,28.00,0.00,0,290
4.00,1567485965,44.31,51.44943612,7.48841550,244.42,12.08,0.00,174.96,0,-112.00,-14.00,0.00,0.00,28.00,0.00,0,290
28.00,1567485989,381.76,51.44643572,7.48816455,254.54,14.47,0.00,160.75,0,-127.00,-15.00,0.00,0.00,18.00,0.00,0,223
28.00,1567485989,381.76,51.44643572,7.48816455,254.54,14.47,0.00,160.75,0,-127.00,-15.00,0.00,0.00,17.00,0.00,0,54
28.00,1567485989,381.77,51.44643572,7.48816455,254.54,14.47,0.00,160.75,0,-127.00,-15.00,0.00,0.00,18.00,0.00,0,204
29.00,1567485990,396.23,51.44630739,7.48826819,254.71,15.04,0.00,157.27,0,-127.00,-15.00,0.00,0.00,18.00,0.00,0,223
29.00,1567485990,396.23,51.44630739,7.48826819,254.71,15.04,0.00,157.27,0,-127.00,-15.00,0.00,0.00,17.00,0.00,0,54
29.00,1567485990,396.25,51.44630739,7.48826819,254.71,15.04,0.00,157.27,0,-127.00,-15.00,0.00,0.00,18.00,0.00,0,204
74.00,1567486035,947.58,51.44273374,7.48975482,270.13,11.86,0.00,216.12,0,-89.00,-10.00,0.00,0.00,48.00,0.00,0,325
75.00,1567486036,959.44,51.44265110,7.48966368,270.08,11.70,0.00,214.27,0,-89.00,-10.00,0.00,0.00,48.00,0.00,0,325
76.00,1567486037,971.15,51.44257106,7.48957749,269.78,11.20,0.00,213.33,0,-127.00,-16.00,0.00,0.00,18.00,0.00,0,223
76.00,1567486037,971.16,51.44257106,7.48957749,269.78,11.20,0.00,213.33,0,-127.00,-16.00,0.00,0.00,18.00,0.00,0,377
76.00,1567486037,971.16,51.44257106,7.48957749,269.78,11.20,0.00,213.33,0,-132.00,-21.00,0.00,0.00,18.00,0.00,0,90
77.01,1567486038,982.39,51.44248306,7.48948698,269.77,11.97,0.00,212.74,0,-127.00,-16.00,0.00,0.00,18.00,0.00,0,223
77.01,1567486038,982.40,51.44248306,7.48948698,269.77,11.97,0.00,212.74,0,-127.00,-16.00,0.00,0.00,18.00,0.00,0,377
77.01,1567486038,982.42,51.44248306,7.48948698,269.77,11.97,0.00,212.74,0,-132.00,-21.00,0.00,0.00,18.00,0.00,0,90
78.00,1567486039,994.32,51.44239896,7.48940077,269.36,11.54,0.00,213.16,0,-127.00,-15.00,0.00,0.00,18.00,0.00,0,223
78.00,1567486039,994.32,51.44239896,7.48940077,269.36,11.54,0.00,213.16,0,-129.00,-18.00,0.00,0.00,18.00,0.00,0,377
78.00,1567486039,994.33,51.44239896,7.48940077,269.36,11.54,0.00,213.16,0,-131.00,-20.00,0.00,0.00,18.00,0.00,0,90
79.00,1567486040,1005.86,51.44231278,7.48930401,269.69,11.40,0.00,214.19,0,-127.00,-15.00,0.00,0.00,18.00,0.00,0,223
79.00,1567486040,1005.86,51.44231278,7.48930401,269.69,11.40,0.00,214.19,0,-129.00,-18.00,0.00,0.00,18.00,0.00,0,377
79.00,1567486040,1005.87,51.44231278,7.48930401,269.69,11.40,0.00,214.19,0,-131.00,-20.00,0.00,0.00,18.00,0.00,0,90
82.00,1567486043,1039.81,51.44206370,7.48895666,271.87,11.11,0.00,218.63,0,-87.00,-9.00,0.00,0.00,48.00,0.00,0,325
83.00,1567486044,1050.93,51.44198922,7.48884995,272.87,10.68,0.00,219.75,0,-87.00,-9.00,0.00,0.00,48.00,0.00,0,325
84.00,1567486045,1061.61,51.44191306,7.48873302,273.46,11.40,0.00,221.79,0,-80.00,-10.00,0.00,0.00,56.00,0.00,0,325
85.00,1567486046,1073.00,51.44183836,7.48861282,273.95,11.10,0.00,222.29,0,-80.00,-10.00,0.00,0.00,56.00,0.00,0,325
86.01,1567486047,1084.22,51.44177106,7.48850130,275.12,10.02,0.00,223.54,0,-79.00,-9.00,0.00,0.00,55.00,0.00,0,325
87.00,1567486048,1094.15,51.44169292,7.48836771,275.35,11.71,0.00,225.13,0,-79.00,-9.00,0.00,0.00,55.00,0.00,0,325
88.00,1567486049,1105.86,51.44162093,7.48824810,275.41,11.83,0.00,225.78,0,-79.00,-9.00,0.00,0.00,55.00,0.00,0,325
89.00,1567486050,1117.69,51.44155335,7.48811670,275.44,11.77,0.00,228.18,0,-74.00,-8.00,0.00,0.00,59.00,0.00,0,325
90.00,1567486051,1129.44,51.44147820,7.48796563,275.21,12.00,0.00,229.62,0,-74.00,-8.00,0.00,0.00,59.00,0.00,0,325
91.00,1567486052,1141.46,51.44141533,7.48783342,274.91,11.79,0.00,230.54,0,-71.00,-6.00,0.00,0.00,61.00,0.00,0,325
92.00,1567486053,1153.24,51.44134624,7.48767870,275.18,12.10,0.00,231.26,0,-71.00,-6.00,0.00,0.00,61.00,0.00,0,325
93.00,1567486054,1165.34,51.44128074,7.48753520,275.04,12.25,0.00,231.92,0,-123.00,-13.00,0.00,0.00,19.00,0.00,0,52
93.00,1567486054,1165.35,51.44128074,7.48753520,275.04,12.25,0.00,231.92,0,-126.00,-16.00,0.00,0.00,19.00,0.00,0,467
94.00,1567486055,1177.63,51.44121337,7.48739106,275.02,12.56,0.00,231.55,0,-123.00,-13.00,0.00,0.00,19.00,0.00,0,52
94.00,1567486055,1177.64,51.44121337,7.48739106,275.02,12.56,0.00,231.55,0,-126.00,-16.00,0.00,0.00,19.00,0.00,0,467
105.00,1567486066,1313.25,51.44047657,7.48578926,278.95,12.60,0.00,232.70,0,-77.00,-9.00,0.00,0.00,59.00,0.00,0,326
106.00,1567486067,1325.87,51.44041007,7.48564405,279.41,12.10,0.00,233.22,0,-77.00,-9.00,0.00,0.00,59.00,0.00,0,326
107.01,1567486068,1338.06,51.44034528,7.48550120,279.47,11.82,0.00,233.66,0,-83.00,-8.00,0.00,0.00,50.00,0.00,0,326
108.00,1567486069,1349.79,51.44028689,7.48536954,279.07,11.27,0.00,233.31,0,-83.00,-8.00,0.00,0.00,50.00,0.00,0,326
109.00,1567486070,1361.05,51.44023037,7.48524590,278.90,10.70,0.00,233.80,0,-83.00,-8.00,0.00,0.00,50.00,0.00,0,326
110.00,1567486071,1371.76,51.44017794,7.48512669,278.15,9.79,0.00,234.77,0,-84.00,-12.00,0.00,0.00,54.00,0.00,0,325
111.00,1567486072,1381.54,51.44012051,7.48499981,278.48,10.91,0.00,234.20,0,-84.00,-12.00,0.00,0.00,54.00,0.00,0,325
131.00,1567486092,1588.04,51.43900988,7.48233399,278.61,8.36,0.00,239.57,0,-132.00,-20.00,0.00,0.00,17.00,0.00,0,467
132.00,1567486093,1596.41,51.43897365,7.48220904,279.78,8.63,0.00,241.60,0,-132.00,-20.00,0.00,0.00,17.00,0.00,0,467
143.00,1567486104,1733.91,51.43833230,7.48029089,278.98,14.21,0.00,241.07,0,-109.00,-8.00,0.00,0.00,25.00,0.00,0,163
144.00,1567486105,1748.13,51.43826976,7.48010567,278.89,13.59,0.00,242.07,0,-109.00,-8.00,0.00,0.00,25.00,0.00,0,163
145.00,1567486106,1761.74,51.43820921,7.47993324,278.81,13.39,0.00,240.29,0,-105.00,-7.00,0.00,0.00,27.00,0.00,0,163
145.00,1567486106,1761.75,51.43820921,7.47993324,278.81,13.39,0.00,240.29,0,-113.00,-13.00,0.00,0.00,25.00,0.00,0,243
145.00,1567486106,1761.76,51.43820921,7.47993324,278.81,13.39,0.00,240.29,0,-114.00,-14.00,0.00,0.00,25.00,0.00,0,228
146.00,1567486107,1775.13,51.43814599,7.47975695,279.36,13.82,0.00,239.92,0,-105.00,-7.00,0.00,0.00,27.00,0.00,0,163
146.00,1567486107,1775.13,51.43814599,7.47975695,279.36,13.82,0.00,239.92,0,-113.00,-13.00,0.00,0.00,25.00,0.00,0,243
146.00,1567486107,1775.14,51.43814599,7.47975695,279.36,13.82,0.00,239.92,0,-114.00,-14.00,0.00,0.00,25.00,0.00,0,228
147.00,1567486108,1788.95,51.43808178,7.47958233,279.66,13.76,0.00,241.11,0,-107.00,-7.00,0.00,0.00,26.00,0.00,0,163
147.00,1567486108,1788.96,51.43808178,7.47958233,279.66,13.76,0.00,241.11,0,-114.00,-14.00,0.00,0.00,25.00,0.00,0,243
147.00,1567486108,1788.96,51.43808178,7.47958233,279.66,13.76,0.00,241.11,0,-115.00,-14.00,0.00,0.00,25.00,0.00,0,228
147.89,1567486108,1801.17,51.43802162,7.47940239,279.85,13.46,0.00,242.06,0,-107.00,-7.00,0.00,0.00,26.00,0.00,0,163
147.89,1567486108,1801.17,51.43802162,7.47940239,279.85,13.46,0.00,242.06,0,-114.00,-14.00,0.00,0.00,25.00,0.00,0,243
147.89,1567486108,1801.18,51.43802162,7.47940239,279.85,13.46,0.00,242.06,0,-115.00,-14.00,0.00,0.00,25.00,0.00,0,228
148.89,1567486109,1814.62,51.43796217,7.47921501,279.50,13.48,0.00,241.36,0,-112.00,-11.00,0.00,0.00,25.00,0.00,0,326
148.89,1567486109,1814.63,51.43796217,7.47921501,279.50,13.48,0.00,241.36,0,-113.00,-12.00,0.00,0.00,24.00,0.00,0,70
148.89,1567486109,1814.63,51.43796217,7.47921501,279.50,13.48,0.00,241.36,0,-111.00,-17.00,0.00,0.00,34.00,0.00,0,71
148.89,1567486109,1814.65,51.43796217,7.47921501,279.50,13.48,0.00,241.36,0,-112.00,-18.00,0.00,0.00,33.00,0.00,0,341
149.89,1567486110,1828.10,51.43790928,7.47904494,278.71,13.28,0.00,240.90,0,-112.00,-11.00,0.00,0.00,25.00,0.00,0,326
149.89,1567486110,1828.11,51.43790928,7.47904494,278.71,13.28,0.00,240.90,0,-113.00,-12.00,0.00,0.00,24.00,0.00,0,70
149.89,1567486110,1828.12,51.43790928,7.47904494,278.71,13.28,0.00,240.90,0,-111.00,-17.00,0.00,0.00,34.00,0.00,0,71
149.89,1567486110,1828.12,51.43790928,7.47904494,278.71,13.28,0.00,240.90,0,-112.00,-18.00,0.00,0.00,33.00,0.00,0,341
150.90,1567486112,1841.54,51.43785570,7.47888137,276.99,12.01,0.00,240.03,0,-112.00,-12.00,0.00,0.00,26.00,0.00,0,326
150.90,1567486112,1841.55,51.43785570,7.47888137,276.99,12.01,0.00,240.03,0,-114.00,-14.00,0.00,0.00,26.00,0.00,0,70
150.90,1567486112,1841.57,51.43785570,7.47888137,276.99,12.01,0.00,240.03,0,-111.00,-17.00,0.00,0.00,34.00,0.00,0,71
150.91,1567486112,1841.58,51.43785570,7.47888137,276.99,12.01,0.00,240.03,0,-112.00,-17.00,0.00,0.00,33.00,0.00,0,341
151.89,1567486112,1853.41,51.43779656,7.47871581,276.27,12.29,0.00,239.51,0,-112.00,-12.00,0.00,0.00,26.00,0.00,0,326
151.89,1567486112,1853.41,51.43779656,7.47871581,276.27,12.29,0.00,239.51,0,-114.00,-14.00,0.00,0.00,26.00,0.00,0,70
151.89,1567486112,1853.42,51.43779656,7.47871581,276.27,12.29,0.00,239.51,0,-111.00,-17.00,0.00,0.00,34.00,0.00,0,71
151.89,1567486112,1853.43,51.43779656,7.47871581,276.27,12.29,0.00,239.51,0,-112.00,-17.00,0.00,0.00,33.00,0.00,0,341
152.89,1567486113,1865.70,51.43773578,7.47854455,275.94,12.98,0.00,239.10,0,-112.00,-12.00,0.00,0.00,26.00,0.00,0,326
152.89,1567486113,1865.72,51.43773578,7.47854455,275.94,12.98,0.00,239.10,0,-114.00,-14.00,0.00,0.00,26.00,0.00,0,70
152.89,1567486113,1865.72,51.43773578,7.47854455,275.94,12.98,0.00,239.10,0,-111.00,-17.00,0.00,0.00,34.00,0.00,0,71
152.89,1567486113,1865.73,51.43773578,7.47854455,275.94,12.98,0.00,239.10,0,-112.00,-17.00,0.00,0.00,33.00,0.00,0,341
153.89,1567486114,1878.67,51.43766969,7.47837231,276.12,13.56,0.00,238.32,0,-112.00,-13.00,0.00,0.00,28.00,0.00,0,70
153.89,1567486114,1878.69,51.43766969,7.47837231,276.12,13.56,0.00,238.32,0,-113.00,-14.00,0.00,0.00,28.00,0.00,0,326
153.89,1567486114,1878.70,51.43766969,7.47837231,276.12,13.56,0.00,238.32,0,-108.00,-14.00,0.00,0.00,34.00,0.00,0,71
153.89,1567486114,1878.70,51.43766969,7.47837231,276.12,13.56,0.00,238.32,0,-112.00,-18.00,0.00,0.00,35.00,0.00,0,341
154.89,1567486115,1892.24,51.43760142,7.47819287,275.85,14.53,0.00,238.36,0,-112.00,-13.00,0.00,0.00,28.00,0.00,0,70
154.89,1567486115,1892.24,51.43760142,7.47819287,275.85,14.53,0.00,238.36,0,-113.00,-14.00,0.00,0.00,28.00,0.00,0,326
154.89,1567486115,1892.26,51.43760142,7.47819287,275.85,14.53,0.00,238.36,0,-108.00,-14.00,0.00,0.00,34.00,0.00,0,71
154.89,1567486115,1892.27,51.43760142,7.47819287,275.85,14.53,0.00,238.36,0,-112.00,-18.00,0.00,0.00,35.00,0.00,0,341
155.89,1567486116,1906.74,51.43753001,7.47799909,276.06,14.62,0.00,237.70,0,-109.00,-15.00,0.00,0.00,33.00,0.00,0,457
155.89,1567486116,1906.76,51.43753001,7.47799909,276.06,14.62,0.00,237.70,0,-109.00,-14.00,0.00,0.00,33.00,0.00,0,71
156.89,1567486117,1921.35,51.43746712,7.47782612,276.04,12.99,0.00,239.15,0,-109.00,-15.00,0.00,0.00,33.00,0.00,0,457
156.89,1567486117,1921.37,51.43746712,7.47782612,276.04,12.99,0.00,239.15,0,-109.00,-14.00,0.00,0.00,33.00,0.00,0,71
157.89,1567486118,1934.37,51.43740999,7.47764691,276.24,13.21,0.00,241.24,0,-113.00,-11.00,0.00,0.00,23.00,0.00,0,70
157.89,1567486118,1934.37,51.43740999,7.47764691,276.24,13.21,0.00,241.24,0,-117.00,-14.00,0.00,0.00,23.00,0.00,0,326
157.89,1567486118,1934.38,51.43740999,7.47764691,276.24,13.21,0.00,241.24,0,-109.00,-14.00,0.00,0.00,33.00,0.00,0,71
157.89,1567486118,1934.40,51.43740999,7.47764691,276.24,13.21,0.00,241.24,0,-112.00,-17.00,0.00,0.00,33.00,0.00,0,457
158.89,1567486119,1947.58,51.43735365,7.47745577,276.05,13.22,0.00,243.07,0,-113.00,-11.00,0.00,0.00,23.00,0.00,0,70
158.89,1567486119,1947.59,51.43735365,7.47745577,276.05,13.22,0.00,243.07,0,-117.00,-14.00,0.00,0.00,23.00,0.00,0,326
158.89,1567486119,1947.59,51.43735365,7.47745577,276.05,13.22,0.00,243.07,0,-109.00,-14.00,0.00,0.00,33.00,0.00,0,71
158.89,1567486119,1947.61,51.43735365,7.47745577,276.05,13.22,0.00,243.07,0,-112.00,-17.00,0.00,0.00,33.00,0.00,0,457
159.89,1567486120,1960.80,51.43729983,7.47727720,276.56,13.73,0.00,243.88,0,-112.00,-10.00,0.00,0.00,23.00,0.00,0,70
159.89,1567486120,1960.81,51.43729983,7.47727720,276.56,13.73,0.00,243.88,0,-116.00,-13.00,0.00,0.00,23.00,0.00,0,326
159.89,1567486120,1960.82,51.43729983,7.47727720,276.56,13.73,0.00,243.88,0,-109.00,-15.00,0.00,0.00,33.00,0.00,0,457
159.89,1567486120,1960.84,51.43729983,7.47727720,276.56,13.73,0.00,243.88,0,-113.00,-18.00,0.00,0.00,32.00,0.00,0,71
159.89,1567486120,1960.84,51.43729983,7.47727720,276.56,13.73,0.00,243.88,0,-119.00,-10.00,0.00,0.00,20.00,0.00,0,163
160.89,1567486121,1974.53,51.43725307,7.47709944,277.86,13.46,0.00,245.23,0,-112.00,-10.00,0.00,0.00,23.00,0.00,0,70
160.89,1567486121,1974.54,51.43725307,7.47709944,277.86,13.46,0.00,245.23,0,-116.00,-13.00,0.00,0.00,23.00,0.00,0,326
160.89,1567486121,1974.56,51.43725307,7.47709944,277.86,13.46,0.00,245.23,0,-109.00,-15.00,0.00,0.00,33.00,0.00,0,457
160.89,1567486121,1974.57,51.43725307,7.47709944,277.86,13.46,0.00,245.23,0,-113.00,-18.00,0.00,0.00,32.00,0.00,0,71
160.89,1567486121,1974.57,51.43725307,7.47709944,277.86,13.46,0.00,245.23,0,-119.00,-10.00,0.00,0.00,20.00,0.00,0,163
161.89,1567486122,1987.97,51.43720805,7.47691062,279.06,12.80,0.00,247.38,0,-109.00,-16.00,0.00,0.00,34.00,0.00,0,342
161.89,1567486122,1987.99,51.43720805,7.47691062,279.06,12.80,0.00,247.38,0,-109.00,-17.00,0.00,0.00,34.00,0.00,0,213
161.89,1567486122,1987.99,51.43720805,7.47691062,279.06,12.80,0.00,247.38,0,-112.00,-18.00,0.00,0.00,33.00,0.00,0,248
162.89,1567486123,2000.77,51.43717420,7.47673276,280.33,12.66,0.00,251.37,0,-109.00,-16.00,0.00,0.00,34.00,0.00,0,342
162.89,1567486123,2000.78,51.43717420,7.47673276,280.33,12.66,0.00,251.37,0,-109.00,-17.00,0.00,0.00,34.00,0.00,0,213
162.89,1567486123,2000.79,51.43717420,7.47673276,280.33,12.66,0.00,251.37,0,-112.00,-18.00,0.00,0.00,33.00,0.00,0,248
163.89,1567486124,2013.44,51.43717070,7.47652900,280.68,11.42,0.00,270.69,0,-110.00,-16.00,0.00,0.00,32.00,0.00,0,342
163.89,1567486124,2013.45,51.43717070,7.47652900,280.68,11.42,0.00,270.69,0,-110.00,-16.00,0.00,0.00,32.00,0.00,0,167
163.89,1567486124,2013.45,51.43717070,7.47652900,280.68,11.42,0.00,270.69,0,-110.00,-17.00,0.00,0.00,33.00,0.00,0,213
163.89,1567486124,2013.46,51.43717070,7.47652900,280.68,11.42,0.00,270.69,0,0.00,0.00,0.00,0.00,63.00,0.00,0,209
164.89,1567486125,2024.84,51.43720001,7.47636951,281.41,9.63,0.00,290.44,0,-110.00,-16.00,0.00,0.00,32.00,0.00,0,342
164.89,1567486125,2024.85,51.43720001,7.47636951,281.41,9.63,0.00,290.44,0,-110.00,-16.00,0.00,0.00,32.00,0.00,0,167
164.89,1567486125,2024.86,51.43720001,7.47636951,281.41,9.63,0.00,290.44,0,-110.00,-17.00,0.00,0.00,33.00,0.00,0,213
164.89,1567486125,2024.86,51.43720001,7.47636951,281.41,9.63,0.00,290.44,0,0.00,0.00,0.00,0.00,63.00,0.00,0,209
207.89,1567486168,2911.87,51.44282982,7.48489367,281.51,25.31,0.00,24.59,0,-85.00,-11.00,0.00,0.00,53.00,0.00,0,324
208.89,1567486169,2937.18,51.44303497,7.48504203,280.97,25.13,0.00,24.08,0,-85.00,-11.00,0.00,0.00,53.00,0.00,0,324
209.89,1567486170,2962.31,51.44324519,7.48518513,280.52,25.26,0.00,23.49,0,-74.00,-7.00,0.00,0.00,61.00,0.00,0,324
210.89,1567486171,2987.55,51.44345316,7.48533038,279.83,25.41,0.00,23.43,0,-74.00,-7.00,0.00,0.00,61.00,0.00,0,324
243.89,1567486204,3590.51,51.44368914,7.48320641,263.37,25.40,0.00,268.43,0,-86.00,-9.00,0.00,0.00,49.00,0.00,0,326
244.89,1567486205,3615.93,51.44368607,7.48283587,263.49,26.19,0.00,267.60,0,-86.00,-9.00,0.00,0.00,49.00,0.00,0,326
247.89,1567486208,3696.30,51.44366072,7.48167443,263.78,27.77,0.00,266.46,0,-92.00,-9.00,0.00,0.00,43.00,0.00,0,326
247.89,1567486208,3696.33,51.44366072,7.48167443,263.78,27.77,0.00,266.46,0,-127.00,-17.00,0.00,0.00,19.00,0.00,0,204
247.89,1567486208,3696.36,51.44366072,7.48167443,263.78,27.77,0.00,266.46,0,-128.00,-17.00,0.00,0.00,18.00,0.00,0,481
247.89,1567486208,3696.36,51.44366072,7.48167443,263.78,27.77,0.00,266.46,0,-129.00,-18.00,0.00,0.00,18.00,0.00,0,54
248.89,1567486209,3724.08,51.44364517,7.48126903,263.82,27.98,0.00,266.15,0,-92.00,-9.00,0.00,0.00,43.00,0.00,0,326
248.89,1567486209,3724.08,51.44364517,7.48126903,263.82,27.98,0.00,266.15,0,-127.00,-17.00,0.00,0.00,19.00,0.00,0,204
248.89,1567486209,3724.10,51.44364517,7.48126903,263.82,27.98,0.00,266.15,0,-128.00,-17.00,0.00,0.00,18.00,0.00,0,481
248.89,1567486209,3724.13,51.44364517,7.48126903,263.82,27.98,0.00,266.15,0,-129.00,-18.00,0.00,0.00,18.00,0.00,0,54
249.89,1567486210,3752.06,51.44362917,7.48086783,263.82,28.01,0.00,265.68,0,-93.00,-9.00,0.00,0.00,41.00,0.00,0,326
249.89,1567486210,3752.06,51.44362917,7.48086783,263.82,28.01,0.00,265.68,0,-126.00,-16.00,0.00,0.00,19.00,0.00,0,204
249.89,1567486210,3752.09,51.44362917,7.48086783,263.82,28.01,0.00,265.68,0,-128.00,-18.00,0.00,0.00,18.00,0.00,0,54
249.89,1567486210,3752.12,51.44362917,7.48086783,263.82,28.01,0.00,265.68,0,-129.00,-19.00,0.00,0.00,18.00,0.00,0,481
250.89,1567486211,3780.07,51.44360872,7.48046984,263.91,27.68,0.00,264.67,0,-93.00,-9.00,0.00,0.00,41.00,0.00,0,326
250.89,1567486211,3780.10,51.44360872,7.48046984,263.91,27.68,0.00,264.67,0,-126.00,-16.00,0.00,0.00,19.00,0.00,0,204
250.89,1567486211,3780.10,51.44360872,7.48046984,263.91,27.68,0.00,264.67,0,-128.00,-18.00,0.00,0.00,18.00,0.00,0,54
250.89,1567486211,3780.12,51.44360872,7.48046984,263.91,27.68,0.00,264.67,0,-129.00,-19.00,0.00,0.00,18.00,0.00,0,481
266.89,1567486227,4239.33,51.44297531,7.47389257,256.38,31.21,0.00,257.56,0,-99.00,-7.00,0.00,0.00,33.00,0.00,0,342
267.89,1567486228,4270.50,51.44291689,7.47344931,255.56,31.35,0.00,257.69,0,-99.00,-7.00,0.00,0.00,33.00,0.00,0,342
274.89,1567486235,4493.03,51.44250874,7.47029094,248.72,32.08,0.00,258.60,0,-107.00,-7.00,0.00,0.00,26.00,0.00,0,326
274.89,1567486235,4493.07,51.44250874,7.47029094,248.72,32.08,0.00,258.60,0,-113.00,-13.00,0.00,0.00,26.00,0.00,0,144
275.89,1567486236,4525.11,51.44245009,7.46983317,247.70,32.29,0.00,258.44,0,-107.00,-7.00,0.00,0.00,26.00,0.00,0,326
275.89,1567486236,4525.15,51.44245009,7.46983317,247.70,32.29,0.00,258.44,0,-113.00,-13.00,0.00,0.00,26.00,0.00,0,144
276.90,1567486237,4557.73,51.44239095,7.46937405,246.68,32.37,0.00,258.04,0,-111.00,-11.00,0.00,0.00,26.00,0.00,0,326
276.90,1567486238,4557.76,51.44239095,7.46937405,246.68,32.37,0.00,258.04,0,-114.00,-14.00,0.00,0.00,26.00,0.00,0,342
276.90,1567486238,4557.76,51.44239095,7.46937405,246.68,32.37,0.00,258.04,0,-117.00,-17.00,0.00,0.00,25.00,0.00,0,350
277.89,1567486238,4589.81,51.44233075,7.46891050,245.68,32.58,0.00,258.48,0,-111.00,-11.00,0.00,0.00,26.00,0.00,0,326
277.89,1567486238,4589.81,51.44233075,7.46891050,245.68,32.58,0.00,258.48,0,-114.00,-14.00,0.00,0.00,26.00,0.00,0,342
277.89,1567486238,4589.84,51.44233075,7.46891050,245.68,32.58,0.00,258.48,0,-117.00,-17.00,0.00,0.00,25.00,0.00,0,350
278.89,1567486239,4622.42,51.44227128,7.46844269,244.52,32.66,0.00,258.60,0,-111.00,-11.00,0.00,0.00,26.00,0.00,0,326
278.89,1567486239,4622.42,51.44227128,7.46844269,244.52,32.66,0.00,258.60,0,-114.00,-14.00,0.00,0.00,26.00,0.00,0,342
278.89,1567486239,4622.46,51.44227128,7.46844269,244.52,32.66,0.00,258.60,0,-117.00,-17.00,0.00,0.00,25.00,0.00,0,350
281.89,1567486242,4720.37,51.44210752,7.46705214,240.56,32.71,0.00,259.69,0,-109.00,-15.00,0.00,0.00,33.00,0.00,0,337
282.89,1567486243,4753.08,51.44205358,7.46658805,239.36,32.88,0.00,259.94,0,-109.00,-15.00,0.00,0.00,33.00,0.00,0,337
285.89,1567486246,4852.27,51.44189812,7.46516469,235.72,33.46,0.00,261.31,0,-105.00,-13.00,0.00,0.00,34.00,0.00,0,337
285.89,1567486246,4852.30,51.44189812,7.46516469,235.72,33.46,0.00,261.31,0,-108.00,-15.00,0.00,0.00,33.00,0.00,0,58
285.89,1567486246,4852.30,51.44189812,7.46516469,235.72,33.46,0.00,261.31,0,-108.00,-16.00,0.00,0.00,33.00,0.00,0,144
286.89,1567486247,4885.73,51.44184833,7.46468425,234.69,33.79,0.00,261.58,0,-105.00,-13.00,0.00,0.00,34.00,0.00,0,337
286.89,1567486247,4885.77,51.44184833,7.46468425,234.69,33.79,0.00,261.58,0,-108.00,-15.00,0.00,0.00,33.00,0.00,0,58
286.89,1567486247,4885.77,51.44184833,7.46468425,234.69,33.79,0.00,261.58,0,-108.00,-16.00,0.00,0.00,33.00,0.00,0,144
287.89,1567486248,4919.53,51.44180716,7.46419755,233.91,34.08,0.00,262.47,0,-104.00,-14.00,0.00,0.00,37.00,0.00,0,337
287.89,1567486248,4919.56,51.44180716,7.46419755,233.91,34.08,0.00,262.47,0,-105.00,-15.00,0.00,0.00,35.00,0.00,0,58
287.89,1567486248,4919.56,51.44180716,7.46419755,233.91,34.08,0.00,262.47,0,-107.00,-18.00,0.00,0.00,37.00,0.00,0,344
288.89,1567486249,4953.61,51.44176852,7.46371439,232.99,34.23,0.00,262.41,0,-104.00,-14.00,0.00,0.00,37.00,0.00,0,337
288.89,1567486249,4953.61,51.44176852,7.46371439,232.99,34.23,0.00,262.41,0,-105.00,-15.00,0.00,0.00,35.00,0.00,0,58
288.89,1567486249,4953.64,51.44176852,7.46371439,232.99,34.23,0.00,262.41,0,-107.00,-18.00,0.00,0.00,37.00,0.00,0,344
289.89,1567486250,4987.84,51.44173552,7.46322581,232.22,34.27,0.00,263.56,0,-104.00,-15.00,0.00,0.00,38.00,0.00,0,344
289.89,1567486250,4987.88,51.44173552,7.46322581,232.22,34.27,0.00,263.56,0,-105.00,-14.00,0.00,0.00,35.00,0.00,0,58
289.89,1567486250,4987.91,51.44173552,7.46322581,232.22,34.27,0.00,263.56,0,-105.00,-15.00,0.00,0.00,37.00,0.00,0,337
290.89,1567486251,5022.08,51.44170126,7.46273153,231.61,34.49,0.00,263.72,0,-104.00,-15.00,0.00,0.00,38.00,0.00,0,344
290.89,1567486251,5022.11,51.44170126,7.46273153,231.61,34.49,0.00,263.72,0,-105.00,-14.00,0.00,0.00,35.00,0.00,0,58
290.89,1567486251,5022.15,51.44170126,7.46273153,231.61,34.49,0.00,263.72,0,-105.00,-15.00,0.00,0.00,37.00,0.00,0,337
291.89,1567486252,5056.63,51.44166636,7.46223353,230.96,34.49,0.00,264.32,0,-101.00,-11.00,0.00,0.00,37.00,0.00,0,344
291.89,1567486252,5056.67,51.44166636,7.46223353,230.96,34.49,0.00,264.32,0,-104.00,-12.00,0.00,0.00,35.00,0.00,0,144
291.89,1567486252,5056.70,51.44166636,7.46223353,230.96,34.49,0.00,264.32,0,-104.00,-13.00,0.00,0.00,36.00,0.00,0,337
291.89,1567486252,5056.74,51.44166636,7.46223353,230.96,34.49,0.00,264.32,0,-108.00,-11.00,0.00,0.00,28.00,0.00,0,337
291.89,1567486252,5056.74,51.44166636,7.46223353,230.96,34.49,0.00,264.32,0,-110.00,-13.00,0.00,0.00,28.00,0.00,0,326
291.89,1567486252,5056.77,51.44166636,7.46223353,230.96,34.49,0.00,264.32,0,-111.00,-14.00,0.00,0.00,29.00,0.00,0,144
292.89,1567486253,5091.16,51.44163876,7.46174570,230.38,34.46,0.00,264.70,0,-101.00,-11.00,0.00,0.00,37.00,0.00,0,344
292.89,1567486253,5091.20,51.44163876,7.46174570,230.38,34.46,0.00,264.70,0,-104.00,-12.00,0.00,0.00,35.00,0.00,0,144
292.89,1567486253,5091.20,51.44163876,7.46174570,230.38,34.46,0.00,264.70,0,-104.00,-13.00,0.00,0.00,36.00,0.00,0,337
292.89,1567486253,5091.23,51.44163876,7.46174570,230.38,34.46,0.00,264.70,0,-108.00,-11.00,0.00,0.00,28.00,0.00,0,337
292.89,1567486253,5091.26,51.44163876,7.46174570,230.38,34.46,0.00,264.70,0,-110.00,-13.00,0.00,0.00,28.00,0.00,0,326
292.89,1567486253,5091.26,51.44163876,7.46174570,230.38,34.46,0.00,264.70,0,-111.00,-14.00,0.00,0.00,29.00,0.00,0,144
293.89,1567486254,5125.56,51.44161206,7.46124873,230.04,34.75,0.00,265.65,0,-108.00,-12.00,0.00,0.00,29.00,0.00,0,144
293.89,1567486254,5125.59,51.44161206,7.46124873,230.04,34.75,0.00,265.65,0,-112.00,-15.00,0.00,0.00,28.00,0.00,0,344
293.89,1567486254,5125.63,51.44161206,7.46124873,230.04,34.75,0.00,265.65,0,-112.00,-15.00,0.00,0.00,29.00,0.00,0,326
294.89,1567486255,5160.28,51.44159581,7.46074972,229.69,35.04,0.00,266.22,0,-108.00,-12.00,0.00,0.00,29.00,0.00,0,144
294.89,1567486255,5160.31,51.44159581,7.46074972,229.69,35.04,0.00,266.22,0,-112.00,-15.00,0.00,0.00,28.00,0.00,0,344
294.89,1567486255,5160.35,51.44159581,7.46074972,229.69,35.04,0.00,266.22,0,-112.00,-15.00,0.00,0.00,29.00,0.00,0,326
295.89,1567486256,5195.28,51.44157716,7.46023563,229.19,35.24,0.00,266.83,0,-106.00,-11.00,0.00,0.00,31.00,0.00,0,144
296.89,1567486257,5230.80,51.44156380,7.45972607,228.69,35.46,0.00,267.29,0,-106.00,-11.00,0.00,0.00,31.00,0.00,0,144
297.90,1567486258,5266.30,51.44155707,7.45922415,228.14,35.56,0.00,268.35,0,-85.00,-5.00,0.00,0.00,46.00,0.00,0,144
297.90,1567486258,5266.34,51.44155707,7.45922415,228.14,35.56,0.00,268.35,0,-91.00,-10.00,0.00,0.00,48.00,0.00,0,344
297.90,1567486258,5266.37,51.44155707,7.45922415,228.14,35.56,0.00,268.35,0,-94.00,-12.00,0.00,0.00,47.00,0.00,0,144
298.89,1567486259,5301.62,51.44154993,7.45871183,227.82,35.85,0.00,268.98,0,-85.00,-5.00,0.00,0.00,46.00,0.00,0,144
298.89,1567486259,5301.65,51.44154993,7.45871183,227.82,35.85,0.00,268.98,0,-91.00,-10.00,0.00,0.00,48.00,0.00,0,344
298.89,1567486259,5301.65,51.44154993,7.45871183,227.82,35.85,0.00,268.98,0,-94.00,-12.00,0.00,0.00,47.00,0.00,0,144
299.89,1567486260,5337.47,51.44154131,7.45819131,227.93,36.06,0.00,269.00,0,-85.00,-5.00,0.00,0.00,46.00,0.00,0,144
299.89,1567486260,5337.47,51.44154131,7.45819131,227.93,36.06,0.00,269.00,0,-91.00,-10.00,0.00,0.00,48.00,0.00,0,344
299.89,1567486260,5337.50,51.44154131,7.45819131,227.93,36.06,0.00,269.00,0,-94.00,-12.00,0.00,0.00,47.00,0.00,0,144
300.89,1567486261,5373.45,51.44153670,7.45766528,228.01,36.35,0.00,269.50,0,-93.00,-10.00,0.00,0.00,45.00,0.00,0,344
301.89,1567486262,5409.88,51.44153350,7.45713944,228.24,36.51,0.00,270.01,0,-93.00,-10.00,0.00,0.00,45.00,0.00,0,344
333.89,1567486294,6584.23,51.44324760,7.44054884,219.77,35.08,0.00,287.62,0,-83.00,-8.00,0.00,0.00,51.00,0.00,0,146
333.89,1567486294,6584.27,51.44324760,7.44054884,219.77,35.08,0.00,287.62,0,-75.00,-7.00,0.00,0.00,61.00,0.00,0,146
334.89,1567486295,6619.35,51.44334666,7.44006953,219.20,35.08,0.00,288.09,0,-83.00,-8.00,0.00,0.00,51.00,0.00,0,146
334.89,1567486295,6619.38,51.44334666,7.44006953,219.20,35.08,0.00,288.09,0,-75.00,-7.00,0.00,0.00,61.00,0.00,0,146
352.89,1567486313,7222.28,51.44553643,7.43211401,203.05,32.39,0.00,301.59,0,-96.00,-8.00,0.00,0.00,37.00,0.00,0,397
353.89,1567486314,7254.71,51.44569758,7.43172144,202.94,32.10,0.00,302.96,0,-96.00,-8.00,0.00,0.00,37.00,0.00,0,397
360.89,1567486321,7473.88,51.44686868,7.42927866,197.01,30.79,0.00,311.55,0,-94.00,-8.00,0.00,0.00,43.00,0.00,0,70
361.89,1567486322,7504.43,51.44706278,7.42896323,195.79,31.58,0.00,313.80,0,-94.00,-8.00,0.00,0.00,43.00,0.00,0,70
362.89,1567486323,7536.04,51.44726728,7.42864241,194.39,32.11,0.00,315.44,0,-94.00,-8.00,0.00,0.00,43.00,0.00,0,70
363.89,1567486324,7568.15,51.44747348,7.42832830,193.03,32.04,0.00,315.74,0,-104.00,-9.00,0.00,0.00,31.00,0.00,0,70
363.89,1567486324,7568.15,51.44747348,7.42832830,193.03,32.04,0.00,315.74,0,-93.00,-7.00,0.00,0.00,43.00,0.00,0,70
364.89,1567486325,7600.19,51.44769102,7.42802015,191.42,32.64,0.00,317.93,0,-104.00,-9.00,0.00,0.00,31.00,0.00,0,70
364.89,1567486325,7600.22,51.44769102,7.42802015,191.42,32.64,0.00,317.93,0,-93.00,-7.00,0.00,0.00,43.00,0.00,0,70
365.89,1567486326,7632.83,51.44791179,7.42772252,189.66,32.60,0.00,319.18,0,-109.00,-9.00,0.00,0.00,25.00,0.00,0,70
365.89,1567486326,7632.86,51.44791179,7.42772252,189.66,32.60,0.00,319.18,0,-97.00,-9.00,0.00,0.00,41.00,0.00,0,70
366.89,1567486327,7665.46,51.44813364,7.42743468,187.90,32.50,0.00,320.55,0,-109.00,-9.00,0.00,0.00,25.00,0.00,0,70
366.89,1567486327,7665.46,51.44813364,7.42743468,187.90,32.50,0.00,320.55,0,-97.00,-9.00,0.00,0.00,41.00,0.00,0,70
367.89,1567486328,7697.96,51.44836050,7.42715207,186.22,32.41,0.00,322.00,0,-111.00,-11.00,0.00,0.00,25.00,0.00,0,70
367.89,1567486328,7697.99,51.44836050,7.42715207,186.22,32.41,0.00,322.00,0,-99.00,-7.00,0.00,0.00,37.00,0.00,0,70
368.89,1567486329,7730.34,51.44859615,7.42687041,184.81,32.39,0.00,323.30,0,-111.00,-11.00,0.00,0.00,25.00,0.00,0,70
368.89,1567486329,7730.37,51.44859615,7.42687041,184.81,32.39,0.00,323.30,0,-99.00,-7.00,0.00,0.00,37.00,0.00,0,70
371.89,1567486332,7827.01,51.44931024,7.42608049,179.99,32.28,0.00,326.42,0,-109.00,-9.00,0.00,0.00,26.00,0.00,0,70
371.89,1567486332,7827.01,51.44931024,7.42608049,179.99,32.28,0.00,326.42,0,-118.00,-16.00,0.00,0.00,25.00,0.00,0,397
372.89,1567486333,7859.29,51.44956203,7.42583311,178.52,32.95,0.00,328.32,0,-109.00,-9.00,0.00,0.00,26.00,0.00,0,70
372.89,1567486333,7859.32,51.44956203,7.42583311,178.52,32.95,0.00,328.32,0,-118.00,-16.00,0.00,0.00,25.00,0.00,0,397
375.89,1567486336,7959.42,51.45035161,7.42515728,174.79,33.76,0.00,333.34,0,-111.00,-12.00,0.00,0.00,26.00,0.00,0,58
375.89,1567486336,7959.45,51.45035161,7.42515728,174.79,33.76,0.00,333.34,0,-112.00,-16.00,0.00,0.00,29.00,0.00,0,69
375.89,1567486336,7959.49,51.45035161,7.42515728,174.79,33.76,0.00,333.34,0,-113.00,-15.00,0.00,0.00,28.00,0.00,0,397
376.89,1567486337,7993.18,51.45062535,7.42495329,173.64,33.87,0.00,335.05,0,-111.00,-12.00,0.00,0.00,26.00,0.00,0,58
376.89,1567486337,7993.22,51.45062535,7.42495329,173.64,33.87,0.00,335.05,0,-112.00,-16.00,0.00,0.00,29.00,0.00,0,69
376.89,1567486337,7993.25,51.45062535,7.42495329,173.64,33.87,0.00,335.05,0,-113.00,-15.00,0.00,0.00,28.00,0.00,0,397
379.89,1567486340,8094.53,51.45146056,7.42437975,170.59,33.48,0.00,338.23,0,-93.00,-7.00,0.00,0.00,40.00,0.00,0,338
379.89,1567486340,8094.56,51.45146056,7.42437975,170.59,33.48,0.00,338.23,0,-87.00,-8.00,0.00,0.00,49.00,0.00,0,70
380.89,1567486341,8128.04,51.45173783,7.42421510,169.16,33.04,0.00,340.01,0,-93.00,-7.00,0.00,0.00,40.00,0.00,0,338
380.89,1567486341,8128.08,51.45173783,7.42421510,169.16,33.04,0.00,340.01,0,-87.00,-8.00,0.00,0.00,49.00,0.00,0,70
381.90,1567486342,8161.35,51.45200691,7.42405405,167.83,32.82,0.00,340.29,0,-98.00,-9.00,0.00,0.00,37.00,0.00,0,338
381.90,1567486342,8161.38,51.45200691,7.42405405,167.83,32.82,0.00,340.29,0,-100.00,-11.00,0.00,0.00,36.00,0.00,0,58
381.90,1567486342,8161.38,51.45200691,7.42405405,167.83,32.82,0.00,340.29,0,-104.00,-15.00,0.00,0.00,37.00,0.00,0,277
381.90,1567486343,8161.42,51.45200691,7.42405405,167.83,32.82,0.00,340.29,0,-87.00,-7.00,0.00,0.00,48.00,0.00,0,338
382.89,1567486343,8193.95,51.45227693,7.42391168,166.26,32.58,0.00,341.70,0,-98.00,-9.00,0.00,0.00,37.00,0.00,0,338
382.89,1567486343,8193.95,51.45227693,7.42391168,166.26,32.58,0.00,341.70,0,-100.00,-11.00,0.00,0.00,36.00,0.00,0,58
382.89,1567486343,8193.98,51.45227693,7.42391168,166.26,32.58,0.00,341.70,0,-104.00,-15.00,0.00,0.00,37.00,0.00,0,277
382.89,1567486343,8194.01,51.45227693,7.42391168,166.26,32.58,0.00,341.70,0,-87.00,-7.00,0.00,0.00,48.00,0.00,0,338
383.89,1567486344,8226.50,51.45255041,7.42376930,164.84,32.88,0.00,342.08,0,-98.00,-9.00,0.00,0.00,37.00,0.00,0,338
383.89,1567486344,8226.53,51.45255041,7.42376930,164.84,32.88,0.00,342.08,0,-100.00,-11.00,0.00,0.00,36.00,0.00,0,58
383.89,1567486344,8226.53,51.45255041,7.42376930,164.84,32.88,0.00,342.08,0,-104.00,-15.00,0.00,0.00,37.00,0.00,0,277
383.89,1567486344,8226.56,51.45255041,7.42376930,164.84,32.88,0.00,342.08,0,-87.00,-7.00,0.00,0.00,48.00,0.00,0,338
388.89,1567486349,8390.44,51.45395983,7.42309908,159.98,32.69,0.00,344.31,0,-90.00,-9.00,0.00,0.00,45.00,0.00,0,70
388.89,1567486349,8390.48,51.45395983,7.42309908,159.98,32.69,0.00,344.31,0,-85.00,-9.00,0.00,0.00,52.00,0.00,0,70
389.89,1567486350,8423.14,51.45423910,7.42296958,159.15,32.59,0.00,344.05,0,-90.00,-9.00,0.00,0.00,45.00,0.00,0,70
389.89,1567486350,8423.17,51.45423910,7.42296958,159.15,32.59,0.00,344.05,0,-85.00,-9.00,0.00,0.00,52.00,0.00,0,70
390.89,1567486351,8455.73,51.45451298,7.42284241,158.15,32.56,0.00,343.71,0,-89.00,-9.00,0.00,0.00,45.00,0.00,0,338
390.89,1567486351,8455.76,51.45451298,7.42284241,158.15,32.56,0.00,343.71,0,-83.00,-9.00,0.00,0.00,56.00,0.00,0,338
391.89,1567486352,8488.32,51.45478812,7.42271488,157.25,32.40,0.00,343.80,0,-89.00,-9.00,0.00,0.00,45.00,0.00,0,338
391.89,1567486352,8488.32,51.45478812,7.42271488,157.25,32.40,0.00,343.80,0,-83.00,-9.00,0.00,0.00,56.00,0.00,0,338
392.89,1567486353,8520.68,51.45506418,7.42258846,156.44,32.17,0.00,343.25,0,-87.00,-11.00,0.00,0.00,49.00,0.00,0,338
392.89,1567486353,8520.72,51.45506418,7.42258846,156.44,32.17,0.00,343.25,0,-80.00,-9.00,0.00,0.00,57.00,0.00,0,338
393.89,1567486354,8552.85,51.45533599,7.42245388,155.67,32.08,0.00,342.65,0,-87.00,-11.00,0.00,0.00,49.00,0.00,0,338
393.89,1567486354,8552.89,51.45533599,7.42245388,155.67,32.08,0.00,342.65,0,-80.00,-9.00,0.00,0.00,57.00,0.00,0,338
394.89,1567486355,8584.97,51.45560783,7.42231753,155.31,31.93,0.00,342.14,0,-83.00,-9.00,0.00,0.00,54.00,0.00,0,206
394.89,1567486355,8584.97,51.45560783,7.42231753,155.31,31.93,0.00,342.14,0,-84.00,-12.00,0.00,0.00,57.00,0.00,0,70
395.89,1567486356,8616.84,51.45587535,7.42217091,155.09,31.74,0.00,341.33,0,-83.00,-9.00,0.00,0.00,54.00,0.00,0,206
395.89,1567486356,8616.87,51.45587535,7.42217091,155.09,31.74,0.00,341.33,0,-84.00,-12.00,0.00,0.00,57.00,0.00,0,70
396.89,1567486357,8648.60,51.45613713,7.42202344,154.84,31.69,0.00,340.28,0,-79.00,-10.00,0.00,0.00,60.00,0.00,0,70
397.89,1567486358,8680.26,51.45640534,7.42186791,154.78,31.78,0.00,339.69,0,-79.00,-10.00,0.00,0.00,60.00,0.00,0,70
398.89,1567486359,8712.11,51.45667531,7.42170506,154.64,31.94,0.00,339.03,0,-89.00,-10.00,0.00,0.00,48.00,0.00,0,70
398.89,1567486359,8712.11,51.45667531,7.42170506,154.64,31.94,0.00,339.03,0,-86.00,-13.00,0.00,0.00,56.00,0.00,0,70
399.89,1567486360,8744.01,51.45694476,7.42154330,154.38,32.08,0.00,338.13,0,-89.00,-10.00,0.00,0.00,48.00,0.00,0,70
399.89,1567486360,8744.05,51.45694476,7.42154330,154.38,32.08,0.00,338.13,0,-86.00,-13.00,0.00,0.00,56.00,0.00,0,70
400.89,1567486361,8776.09,51.45721363,7.42136508,154.02,32.11,0.00,337.14,0,-92.00,-10.00,0.00,0.00,44.00,0.00,0,70
400.89,1567486361,8776.13,51.45721363,7.42136508,154.02,32.11,0.00,337.14,0,-90.00,-12.00,0.00,0.00,51.00,0.00,0,70
401.89,1567486362,8808.20,51.45747412,7.42118172,153.87,32.08,0.00,335.90,0,-92.00,-10.00,0.00,0.00,44.00,0.00,0,70
401.89,1567486362,8808.23,51.45747412,7.42118172,153.87,32.08,0.00,335.90,0,-90.00,-12.00,0.00,0.00,51.00,0.00,0,70
402.90,1567486363,8840.57,51.45773966,7.42099290,153.80,32.23,0.00,335.22,0,-94.00,-13.00,0.00,0.00,45.00,0.00,0,70
402.90,1567486363,8840.60,51.45773966,7.42099290,153.80,32.23,0.00,335.22,0,-90.00,-11.00,0.00,0.00,49.00,0.00,0,70
403.88,1567486364,8872.35,51.45799824,7.42079517,153.89,32.22,0.00,334.01,0,-94.00,-13.00,0.00,0.00,45.00,0.00,0,70
403.88,1567486364,8872.38,51.45799824,7.42079517,153.89,32.22,0.00,334.01,0,-90.00,-11.00,0.00,0.00,49.00,0.00,0,70
404.89,1567486365,8904.76,51.45826515,7.42059168,154.13,32.41,0.00,333.29,0,-94.00,-13.00,0.00,0.00,45.00,0.00,0,70
404.89,1567486365,8904.76,51.45826515,7.42059168,154.13,32.41,0.00,333.29,0,-90.00,-11.00,0.00,0.00,49.00,0.00,0,70
405.89,1567486366,8937.11,51.45852109,7.42037891,154.47,32.21,0.00,332.43,0,-86.00,-10.00,0.00,0.00,53.00,0.00,0,206
406.89,1567486367,8969.35,51.45877875,7.42016233,154.73,32.49,0.00,331.81,0,-86.00,-10.00,0.00,0.00,53.00,0.00,0,206
407.89,1567486368,9001.88,51.45904137,7.41992939,155.21,32.73,0.00,330.84,0,-92.00,-12.00,0.00,0.00,46.00,0.00,0,69
407.89,1567486368,9001.91,51.45904137,7.41992939,155.21,32.73,0.00,330.84,0,-96.00,-15.00,0.00,0.00,46.00,0.00,0,70
407.89,1567486368,9001.94,51.45904137,7.41992939,155.21,32.73,0.00,330.84,0,-85.00,-11.00,0.00,0.00,53.00,0.00,0,69
407.89,1567486368,9001.94,51.45904137,7.41992939,155.21,32.73,0.00,330.84,0,-87.00,-12.00,0.00,0.00,53.00,0.00,0,70
408.89,1567486369,9034.60,51.45929457,7.41969299,155.53,32.44,0.00,329.28,0,-92.00,-12.00,0.00,0.00,46.00,0.00,0,69
408.89,1567486369,9034.64,51.45929457,7.41969299,155.53,32.44,0.00,329.28,0,-96.00,-15.00,0.00,0.00,46.00,0.00,0,70
408.89,1567486369,9034.67,51.45929457,7.41969299,155.53,32.44,0.00,329.28,0,-85.00,-11.00,0.00,0.00,53.00,0.00,0,69
408.89,1567486369,9034.67,51.45929457,7.41969299,155.53,32.44,0.00,329.28,0,-87.00,-12.00,0.00,0.00,53.00,0.00,0,70
409.89,1567486370,9067.01,51.45953885,7.41946112,156.06,32.42,0.00,328.65,0,-93.00,-14.00,0.00,0.00,48.00,0.00,0,69
410.89,1567486371,9099.39,51.45978592,7.41921563,156.48,32.47,0.00,328.02,0,-93.00,-14.00,0.00,0.00,48.00,0.00,0,69
411.89,1567486372,9131.90,51.46003052,7.41896063,156.57,32.59,0.00,326.98,0,-87.00,-16.00,0.00,0.00,55.00,0.00,0,459
411.89,1567486372,9131.93,51.46003052,7.41896063,156.57,32.59,0.00,326.98,0,-79.00,-10.00,0.00,0.00,60.00,0.00,0,69
412.89,1567486373,9164.49,51.46027889,7.41870292,156.57,32.64,0.00,326.07,0,-87.00,-16.00,0.00,0.00,55.00,0.00,0,459
412.89,1567486373,9164.52,51.46027889,7.41870292,156.57,32.64,0.00,326.07,0,-79.00,-10.00,0.00,0.00,60.00,0.00,0,69
413.89,1567486374,9197.13,51.46051994,7.41843551,156.45,32.70,0.00,324.80,0,-84.00,-10.00,0.00,0.00,54.00,0.00,0,69
414.89,1567486375,9229.80,51.46076062,7.41816651,156.16,32.82,0.00,324.11,0,-84.00,-10.00,0.00,0.00,54.00,0.00,0,69
415.88,1567486376,9262.49,51.46099560,7.41788508,155.78,32.86,0.00,322.92,0,-84.00,-6.00,0.00,0.00,48.00,0.00,0,69
415.88,1567486376,9262.49,51.46099560,7.41788508,155.78,32.86,0.00,322.92,0,-79.00,-7.00,0.00,0.00,57.00,0.00,0,69
416.89,1567486377,9295.51,51.46123430,7.41759694,155.52,32.97,0.00,322.08,0,-84.00,-6.00,0.00,0.00,48.00,0.00,0,69
416.89,1567486377,9295.55,51.46123430,7.41759694,155.52,32.97,0.00,322.08,0,-79.00,-7.00,0.00,0.00,57.00,0.00,0,69
419.89,1567486380,9393.87,51.46191138,7.41669948,154.83,32.32,0.00,319.29,0,-91.00,-11.00,0.00,0.00,46.00,0.00,0,338
420.89,1567486381,9426.16,51.46212628,7.41639008,154.67,32.35,0.00,317.71,0,-91.00,-11.00,0.00,0.00,46.00,0.00,0,338
421.89,1567486382,9458.51,51.46233946,7.41608126,154.55,31.97,0.00,317.40,0,-90.00,-11.00,0.00,0.00,47.00,0.00,0,459
422.89,1567486383,9490.61,51.46254678,7.41577181,154.39,31.43,0.00,316.45,0,-90.00,-11.00,0.00,0.00,47.00,0.00,0,459
428.89,1567486389,9676.51,51.46372815,7.41386040,154.05,31.11,0.00,311.31,0,-87.00,-8.00,0.00,0.00,46.00,0.00,0,338
428.89,1567486389,9676.54,51.46372815,7.41386040,154.05,31.11,0.00,311.31,0,-90.00,-12.00,0.00,0.00,51.00,0.00,0,338
429.89,1567486390,9707.62,51.46391214,7.41352573,154.04,31.20,0.00,310.67,0,-87.00,-8.00,0.00,0.00,46.00,0.00,0,338
429.89,1567486390,9707.65,51.46391214,7.41352573,154.04,31.20,0.00,310.67,0,-90.00,-12.00,0.00,0.00,51.00,0.00,0,338
430.89,1567486391,9738.82,51.46409449,7.41318227,153.96,31.22,0.00,310.20,0,-86.00,-10.00,0.00,0.00,55.00,0.00,0,31
431.89,1567486392,9770.01,51.46427562,7.41283969,153.94,31.40,0.00,309.91,0,-86.00,-10.00,0.00,0.00,55.00,0.00,0,31
432.89,1567486393,9801.47,51.46445631,7.41249309,153.97,31.39,0.00,309.70,0,-93.00,-8.00,0.00,0.00,41.00,0.00,0,459
432.89,1567486393,9801.50,51.46445631,7.41249309,153.97,31.39,0.00,309.70,0,-95.00,-16.00,0.00,0.00,50.00,0.00,0,431
432.89,1567486393,9801.53,51.46445631,7.41249309,153.97,31.39,0.00,309.70,0,-96.00,-13.00,0.00,0.00,48.00,0.00,0,459
433.89,1567486394,9832.83,51.46463225,7.41213849,153.99,31.60,0.00,308.74,0,-93.00,-8.00,0.00,0.00,41.00,0.00,0,459
433.89,1567486394,9832.86,51.46463225,7.41213849,153.99,31.60,0.00,308.74,0,-95.00,-16.00,0.00,0.00,50.00,0.00,0,431
433.89,1567486394,9832.89,51.46463225,7.41213849,153.99,31.60,0.00,308.74,0,-96.00,-13.00,0.00,0.00,48.00,0.00,0,459
436.89,1567486397,9928.01,51.46516264,7.41106344,154.12,31.91,0.00,308.37,0,-104.00,-12.00,0.00,0.00,34.00,0.00,0,338
436.89,1567486397,9928.04,51.46516264,7.41106344,154.12,31.91,0.00,308.37,0,-98.00,-15.00,0.00,0.00,45.00,0.00,0,31
436.89,1567486397,9928.04,51.46516264,7.41106344,154.12,31.91,0.00,308.37,0,-99.00,-16.00,0.00,0.00,46.00,0.00,0,59
437.89,1567486398,9959.92,51.46533945,7.41070316,154.22,31.85,0.00,308.24,0,-104.00,-12.00,0.00,0.00,34.00,0.00,0,338
437.89,1567486398,9959.95,51.46533945,7.41070316,154.22,31.85,0.00,308.24,0,-98.00,-15.00,0.00,0.00,45.00,0.00,0,31
437.89,1567486398,9959.98,51.46533945,7.41070316,154.22,31.85,0.00,308.24,0,-99.00,-16.00,0.00,0.00,46.00,0.00,0,59
438.89,1567486399,9991.77,51.46551537,7.41034294,154.38,31.78,0.00,308.09,0,-100.00,-9.00,0.00,0.00,33.00,0.00,0,376
438.89,1567486399,9991.80,51.46551537,7.41034294,154.38,31.78,0.00,308.09,0,-105.00,-12.00,0.00,0.00,32.00,0.00,0,338
438.89,1567486399,9991.83,51.46551537,7.41034294,154.38,31.78,0.00,308.09,0,-101.00,-16.00,0.00,0.00,43.00,0.00,0,338
438.89,1567486399,9991.86,51.46551537,7.41034294,154.38,31.78,0.00,308.09,0,-101.00,-16.00,0.00,0.00,43.00,0.00,0,69
439.89,1567486400,10023.57,51.46569120,7.40998240,154.41,31.76,0.00,307.92,0,-100.00,-9.00,0.00,0.00,33.00,0.00,0,376
439.89,1567486400,10023.57,51.46569120,7.40998240,154.41,31.76,0.00,307.92,0,-105.00,-12.00,0.00,0.00,32.00,0.00,0,338
439.89,1567486400,10023.61,51.46569120,7.40998240,154.41,31.76,0.00,307.92,0,-101.00,-16.00,0.00,0.00,43.00,0.00,0,338
439.89,1567486400,10023.64,51.46569120,7.40998240,154.41,31.76,0.00,307.92,0,-101.00,-16.00,0.00,0.00,43.00,0.00,0,69
440.89,1567486401,10055.34,51.46586566,7.40962320,154.36,31.64,0.00,307.75,0,-99.00,-10.00,0.00,0.00,36.00,0.00,0,206
440.89,1567486401,10055.34,51.46586566,7.40962320,154.36,31.64,0.00,307.75,0,-99.00,-10.00,0.00,0.00,36.00,0.00,0,149
440.89,1567486401,10055.37,51.46586566,7.40962320,154.36,31.64,0.00,307.75,0,-102.00,-18.00,0.00,0.00,46.00,0.00,0,69
440.89,1567486401,10055.40,51.46586566,7.40962320,154.36,31.64,0.00,307.75,0,-103.00,-18.00,0.00,0.00,45.00,0.00,0,338
441.89,1567486402,10086.95,51.46604019,7.40926478,154.26,31.48,0.00,307.76,0,-99.00,-10.00,0.00,0.00,36.00,0.00,0,206
441.89,1567486402,10086.98,51.46604019,7.40926478,154.26,31.48,0.00,307.76,0,-99.00,-10.00,0.00,0.00,36.00,0.00,0,149
441.89,1567486402,10086.98,51.46604019,7.40926478,154.26,31.48,0.00,307.76,0,-102.00,-18.00,0.00,0.00,46.00,0.00,0,69
441.89,1567486402,10087.01,51.46604019,7.40926478,154.26,31.48,0.00,307.76,0,-103.00,-18.00,0.00,0.00,45.00,0.00,0,338
442.89,1567486403,10118.42,51.46621362,7.40890790,154.21,31.53,0.00,308.19,0,-98.00,-11.00,0.00,0.00,39.00,0.00,0,206
442.89,1567486403,10118.45,51.46621362,7.40890790,154.21,31.53,0.00,308.19,0,-99.00,-12.00,0.00,0.00,38.00,0.00,0,459
442.89,1567486403,10118.49,51.46621362,7.40890790,154.21,31.53,0.00,308.19,0,-103.00,-14.00,0.00,0.00,38.00,0.00,0,341
443.89,1567486404,10149.95,51.46638806,7.40854994,154.18,31.66,0.00,308.23,0,-98.00,-11.00,0.00,0.00,39.00,0.00,0,206
443.89,1567486404,10149.98,51.46638806,7.40854994,154.18,31.66,0.00,308.23,0,-99.00,-12.00,0.00,0.00,38.00,0.00,0,459
443.89,1567486404,10150.01,51.46638806,7.40854994,154.18,31.66,0.00,308.23,0,-103.00,-14.00,0.00,0.00,38.00,0.00,0,341
444.90,1567486405,10181.90,51.46656376,7.40819070,154.23,31.88,0.00,308.35,0,-92.00,-7.00,0.00,0.00,40.00,0.00,0,459
444.90,1567486406,10181.93,51.46656376,7.40819070,154.23,31.88,0.00,308.35,0,-91.00,-11.00,0.00,0.00,49.00,0.00,0,459
444.90,1567486406,10181.96,51.46656376,7.40819070,154.23,31.88,0.00,308.35,0,-96.00,-17.00,0.00,0.00,49.00,0.00,0,69
445.89,1567486406,10213.49,51.46674100,7.40782879,154.21,32.13,0.00,309.21,0,-92.00,-7.00,0.00,0.00,40.00,0.00,0,459
445.89,1567486406,10213.52,51.46674100,7.40782879,154.21,32.13,0.00,309.21,0,-91.00,-11.00,0.00,0.00,49.00,0.00,0,459
445.89,1567486406,10213.55,51.46674100,7.40782879,154.21,32.13,0.00,309.21,0,-96.00,-17.00,0.00,0.00,49.00,0.00,0,69
446.89,1567486407,10245.61,51.46692279,7.40746525,154.22,32.20,0.00,309.43,0,-92.00,-7.00,0.00,0.00,40.00,0.00,0,459
446.89,1567486407,10245.61,51.46692279,7.40746525,154.22,32.20,0.00,309.43,0,-91.00,-11.00,0.00,0.00,49.00,0.00,0,459
446.89,1567486407,10245.64,51.46692279,7.40746525,154.22,32.20,0.00,309.43,0,-96.00,-17.00,0.00,0.00,49.00,0.00,0,69
447.89,1567486408,10277.78,51.46710452,7.40710888,154.20,31.77,0.00,309.11,0,-92.00,-16.00,0.00,0.00,53.00,0.00,0,206
448.89,1567486409,10309.52,51.46728488,7.40675037,154.37,31.51,0.00,309.17,0,-92.00,-16.00,0.00,0.00,53.00,0.00,0,206
449.89,1567486410,10341.03,51.46746577,7.40640132,154.99,30.70,0.00,309.82,0,-92.00,-12.00,0.00,0.00,50.00,0.00,0,206
450.89,1567486411,10371.76,51.46764168,7.40606428,155.41,30.53,0.00,310.34,0,-92.00,-12.00,0.00,0.00,50.00,0.00,0,206
451.89,1567486412,10402.35,51.46781998,7.40573399,156.01,30.34,0.00,310.90,0,-102.00,-12.00,0.00,0.00,36.00,0.00,0,69
451.89,1567486412,10402.38,51.46781998,7.40573399,156.01,30.34,0.00,310.90,0,-102.00,-13.00,0.00,0.00,36.00,0.00,0,376
451.89,1567486412,10402.41,51.46781998,7.40573399,156.01,30.34,0.00,310.90,0,-104.00,-15.00,0.00,0.00,37.00,0.00,0,149
451.89,1567486412,10402.44,51.46781998,7.40573399,156.01,30.34,0.00,310.90,0,-95.00,-12.00,0.00,0.00,46.00,0.00,0,69
451.89,1567486412,10402.44,51.46781998,7.40573399,156.01,30.34,0.00,310.90,0,-97.00,-12.00,0.00,0.00,45.00,0.00,0,431
452.89,1567486413,10432.67,51.46800320,7.40541551,156.64,30.27,0.00,312.78,0,-102.00,-12.00,0.00,0.00,36.00,0.00,0,69
452.89,1567486413,10432.70,51.46800320,7.40541551,156.64,30.27,0.00,312.78,0,-102.00,-13.00,0.00,0.00,36.00,0.00,0,376
452.89,1567486413,10432.73,51.46800320,7.40541551,156.64,30.27,0.00,312.78,0,-104.00,-15.00,0.00,0.00,37.00,0.00,0,149
452.89,1567486413,10432.76,51.46800320,7.40541551,156.64,30.27,0.00,312.78,0,-95.00,-12.00,0.00,0.00,46.00,0.00,0,69
452.89,1567486413,10432.76,51.46800320,7.40541551,156.64,30.27,0.00,312.78,0,-97.00,-12.00,0.00,0.00,45.00,0.00,0,431
453.89,1567486414,10462.94,51.46818759,7.40510538,157.25,30.00,0.00,314.04,0,-96.00,-11.00,0.00,0.00,41.00,0.00,0,338
453.89,1567486414,10462.97,51.46818759,7.40510538,157.25,30.00,0.00,314.04,0,-98.00,-14.00,0.00,0.00,41.00,0.00,0,69
453.89,1567486414,10462.97,51.46818759,7.40510538,157.25,30.00,0.00,314.04,0,-99.00,-13.00,0.00,0.00,40.00,0.00,0,146
454.89,1567486415,10492.94,51.46836999,7.40479687,158.00,29.48,0.00,313.66,0,-96.00,-11.00,0.00,0.00,41.00,0.00,0,338
454.89,1567486415,10492.96,51.46836999,7.40479687,158.00,29.48,0.00,313.66,0,-98.00,-14.00,0.00,0.00,41.00,0.00,0,69
454.89,1567486415,10492.99,51.46836999,7.40479687,158.00,29.48,0.00,313.66,0,-99.00,-13.00,0.00,0.00,40.00,0.00,0,146
455.89,1567486416,10522.39,51.46854577,7.40450299,158.63,28.95,0.00,313.05,0,-100.00,-11.00,0.00,0.00,37.00,0.00,0,459
455.89,1567486416,10522.42,51.46854577,7.40450299,158.63,28.95,0.00,313.05,0,-103.00,-14.00,0.00,0.00,37.00,0.00,0,69
455.89,1567486416,10522.45,51.46854577,7.40450299,158.63,28.95,0.00,313.05,0,-92.00,-12.00,0.00,0.00,49.00,0.00,0,69
455.89,1567486416,10522.45,51.46854577,7.40450299,158.63,28.95,0.00,313.05,0,-97.00,-17.00,0.00,0.00,49.00,0.00,0,459
456.89,1567486417,10551.39,51.46871151,7.40420729,159.17,27.49,0.00,312.39,0,-100.00,-11.00,0.00,0.00,37.00,0.00,0,459
456.89,1567486417,10551.42,51.46871151,7.40420729,159.17,27.49,0.00,312.39,0,-103.00,-14.00,0.00,0.00,37.00,0.00,0,69
456.89,1567486417,10551.42,51.46871151,7.40420729,159.17,27.49,0.00,312.39,0,-92.00,-12.00,0.00,0.00,49.00,0.00,0,69
456.89,1567486417,10551.45,51.46871151,7.40420729,159.17,27.49,0.00,312.39,0,-97.00,-17.00,0.00,0.00,49.00,0.00,0,459
457.89,1567486418,10578.82,51.46887569,7.40391761,159.76,27.08,0.00,312.54,0,-94.00,-12.00,0.00,0.00,46.00,0.00,0,69
457.89,1567486418,10578.85,51.46887569,7.40391761,159.76,27.08,0.00,312.54,0,-99.00,-16.00,0.00,0.00,46.00,0.00,0,431
458.89,1567486419,10605.93,51.46903836,7.40363515,160.27,26.59,0.00,312.92,0,-94.00,-12.00,0.00,0.00,46.00,0.00,0,69
458.89,1567486419,10605.95,51.46903836,7.40363515,160.27,26.59,0.00,312.92,0,-99.00,-16.00,0.00,0.00,46.00,0.00,0,431
459.89,1567486420,10632.52,51.46921275,7.40334976,160.78,26.75,0.00,314.23,0,-98.00,-10.00,0.00,0.00,38.00,0.00,0,459
459.89,1567486420,10632.54,51.46921275,7.40334976,160.78,26.75,0.00,314.23,0,-99.00,-12.00,0.00,0.00,42.00,0.00,0,69
459.89,1567486420,10632.54,51.46921275,7.40334976,160.78,26.75,0.00,314.23,0,-103.00,-16.00,0.00,0.00,42.00,0.00,0,459
460.89,1567486421,10659.29,51.46938135,7.40307078,161.54,26.80,0.00,314.02,0,-98.00,-10.00,0.00,0.00,38.00,0.00,0,459
460.89,1567486421,10659.29,51.46938135,7.40307078,161.54,26.80,0.00,314.02,0,-99.00,-12.00,0.00,0.00,42.00,0.00,0,69
460.89,1567486421,10659.32,51.46938135,7.40307078,161.54,26.80,0.00,314.02,0,-103.00,-16.00,0.00,0.00,42.00,0.00,0,459
461.89,1567486422,10686.06,51.46954507,7.40279900,162.62,26.66,0.00,314.23,0,-104.00,-11.00,0.00,0.00,33.00,0.00,0,459
461.89,1567486422,10686.09,51.46954507,7.40279900,162.62,26.66,0.00,314.23,0,-105.00,-14.00,0.00,0.00,34.00,0.00,0,149
461.89,1567486422,10686.11,51.46954507,7.40279900,162.62,26.66,0.00,314.23,0,-102.00,-13.00,0.00,0.00,41.00,0.00,0,69
461.89,1567486422,10686.14,51.46954507,7.40279900,162.62,26.66,0.00,314.23,0,-104.00,-15.00,0.00,0.00,40.00,0.00,0,459
462.89,1567486423,10712.72,51.46971346,7.40252044,162.97,26.79,0.00,314.48,0,-104.00,-11.00,0.00,0.00,33.00,0.00,0,459
462.89,1567486423,10712.74,51.46971346,7.40252044,162.97,26.79,0.00,314.48,0,-105.00,-14.00,0.00,0.00,34.00,0.00,0,149
462.89,1567486423,10712.77,51.46971346,7.40252044,162.97,26.79,0.00,314.48,0,-102.00,-13.00,0.00,0.00,41.00,0.00,0,69
462.89,1567486423,10712.77,51.46971346,7.40252044,162.97,26.79,0.00,314.48,0,-104.00,-15.00,0.00,0.00,40.00,0.00,0,459
463.89,1567486424,10739.48,51.46987871,7.40224172,163.49,26.85,0.00,314.21,0,-103.00,-13.00,0.00,0.00,39.00,0.00,0,206
463.89,1567486424,10739.50,51.46987871,7.40224172,163.49,26.85,0.00,314.21,0,-104.00,-14.00,0.00,0.00,39.00,0.00,0,69
464.89,1567486425,10766.33,51.47004782,7.40195854,164.30,27.16,0.00,314.71,0,-103.00,-13.00,0.00,0.00,39.00,0.00,0,206
464.89,1567486425,10766.35,51.47004782,7.40195854,164.30,27.16,0.00,314.71,0,-104.00,-14.00,0.00,0.00,39.00,0.00,0,69
465.90,1567486426,10793.70,51.47021419,7.40167699,165.01,26.84,0.00,314.50,0,-97.00,-9.00,0.00,0.00,41.00,0.00,0,206
466.89,1567486427,10820.33,51.47038396,7.40140621,165.37,26.96,0.00,316.23,0,-97.00,-9.00,0.00,0.00,41.00,0.00,0,206
467.89,1567486428,10847.29,51.47055178,7.40114018,165.74,26.67,0.00,316.01,0,-97.00,-9.00,0.00,0.00,41.00,0.00,0,206
468.89,1567486429,10873.96,51.47071611,7.40087367,165.97,26.56,0.00,316.20,0,-101.00,-10.00,0.00,0.00,38.00,0.00,0,206
468.89,1567486429,10873.99,51.47071611,7.40087367,165.97,26.56,0.00,316.20,0,-104.00,-14.00,0.00,0.00,39.00,0.00,0,376
469.89,1567486430,10900.55,51.47087973,7.40061474,166.18,26.04,0.00,316.53,0,-101.00,-10.00,0.00,0.00,38.00,0.00,0,206
469.89,1567486430,10900.57,51.47087973,7.40061474,166.18,26.04,0.00,316.53,0,-104.00,-14.00,0.00,0.00,39.00,0.00,0,376
470.89,1567486431,10926.59,51.47104984,7.40036025,166.45,25.41,0.00,317.81,0,-105.00,-13.00,0.00,0.00,36.00,0.00,0,376
470.89,1567486431,10926.59,51.47104984,7.40036025,166.45,25.41,0.00,317.81,0,-106.00,-14.00,0.00,0.00,37.00,0.00,0,206
471.89,1567486432,10951.98,51.47121899,7.40011089,166.92,24.91,0.00,317.83,0,-105.00,-13.00,0.00,0.00,36.00,0.00,0,376
471.89,1567486432,10952.00,51.47121899,7.40011089,166.92,24.91,0.00,317.83,0,-106.00,-14.00,0.00,0.00,37.00,0.00,0,206
476.89,1567486437,11071.49,51.47200009,7.39896322,168.07,22.36,0.00,318.10,0,-101.00,-13.00,0.00,0.00,42.00,0.00,0,459
477.89,1567486438,11093.90,51.47215253,7.39875057,168.35,22.27,0.00,319.15,0,-101.00,-13.00,0.00,0.00,42.00,0.00,0,459
478.89,1567486439,11116.13,51.47230620,7.39853769,168.74,22.40,0.00,319.70,0,-101.00,-10.00,0.00,0.00,38.00,0.00,0,459
478.89,1567486439,11116.15,51.47230620,7.39853769,168.74,22.40,0.00,319.70,0,-107.00,-17.00,0.00,0.00,39.00,0.00,0,59
479.89,1567486440,11138.52,51.47245698,7.39832697,168.87,22.33,0.00,319.29,0,-101.00,-10.00,0.00,0.00,38.00,0.00,0,459
479.89,1567486440,11138.55,51.47245698,7.39832697,168.87,22.33,0.00,319.29,0,-107.00,-17.00,0.00,0.00,39.00,0.00,0,59
480.89,1567486441,11160.85,51.47260870,7.39811727,169.02,22.47,0.00,320.06,0,-102.00,-10.00,0.00,0.00,36.00,0.00,0,459
480.89,1567486441,11160.87,51.47260870,7.39811727,169.02,22.47,0.00,320.06,0,-106.00,-13.00,0.00,0.00,35.00,0.00,0,59
481.89,1567486442,11183.32,51.47276468,7.39790534,169.43,22.58,0.00,319.61,0,-102.00,-10.00,0.00,0.00,36.00,0.00,0,459
481.89,1567486442,11183.35,51.47276468,7.39790534,169.43,22.58,0.00,319.61,0,-106.00,-13.00,0.00,0.00,35.00,0.00,0,59
482.89,1567486443,11205.93,51.47292178,7.39769129,169.72,22.74,0.00,319.72,0,-104.00,-9.00,0.00,0.00,30.00,0.00,0,459
482.89,1567486443,11205.95,51.47292178,7.39769129,169.72,22.74,0.00,319.72,0,-100.00,-11.00,0.00,0.00,39.00,0.00,0,459
482.89,1567486443,11205.95,51.47292178,7.39769129,169.72,22.74,0.00,319.72,0,-102.00,-13.00,0.00,0.00,39.00,0.00,0,59
483.89,1567486444,11228.65,51.47307527,7.39748393,169.86,23.09,0.00,319.61,0,-104.00,-9.00,0.00,0.00,30.00,0.00,0,459
483.89,1567486444,11228.67,51.47307527,7.39748393,169.86,23.09,0.00,319.61,0,-100.00,-11.00,0.00,0.00,39.00,0.00,0,459
483.89,1567486444,11228.69,51.47307527,7.39748393,169.86,23.09,0.00,319.61,0,-102.00,-13.00,0.00,0.00,39.00,0.00,0,59
484.89,1567486445,11251.74,51.47323728,7.39727117,169.81,23.43,0.00,320.34,0,-104.00,-11.00,0.00,0.00,37.00,0.00,0,59
484.89,1567486445,11251.76,51.47323728,7.39727117,169.81,23.43,0.00,320.34,0,-104.00,-12.00,0.00,0.00,36.00,0.00,0,459
485.89,1567486446,11275.17,51.47340146,7.39705392,169.95,23.59,0.00,321.13,0,-104.00,-11.00,0.00,0.00,37.00,0.00,0,59
485.89,1567486446,11275.17,51.47340146,7.39705392,169.95,23.59,0.00,321.13,0,-104.00,-12.00,0.00,0.00,36.00,0.00,0,459
486.90,1567486447,11298.95,51.47356272,7.39683900,170.26,23.63,0.00,321.07,0,-103.00,-9.00,0.00,0.00,34.00,0.00,0,59
486.90,1567486447,11298.97,51.47356272,7.39683900,170.26,23.63,0.00,321.07,0,-108.00,-14.00,0.00,0.00,34.00,0.00,0,459
487.89,1567486448,11322.39,51.47373380,7.39662383,170.42,24.12,0.00,321.45,0,-103.00,-9.00,0.00,0.00,34.00,0.00,0,59
487.89,1567486448,11322.41,51.47373380,7.39662383,170.42,24.12,0.00,321.45,0,-108.00,-14.00,0.00,0.00,34.00,0.00,0,459
488.89,1567486449,11346.50,51.47390659,7.39640803,170.90,24.17,0.00,322.27,0,-103.00,-9.00,0.00,0.00,34.00,0.00,0,59
488.89,1567486449,11346.53,51.47390659,7.39640803,170.90,24.17,0.00,322.27,0,-108.00,-14.00,0.00,0.00,34.00,0.00,0,459
489.89,1567486450,11370.65,51.47408291,7.39619972,171.28,24.32,0.00,322.72,0,-106.00,-13.00,0.00,0.00,35.00,0.00,0,59
489.89,1567486450,11370.68,51.47408291,7.39619972,171.28,24.32,0.00,322.72,0,-107.00,-13.00,0.00,0.00,35.00,0.00,0,459
490.89,1567486451,11395.00,51.47426222,7.39598335,171.62,24.57,0.00,323.34,0,-106.00,-13.00,0.00,0.00,35.00,0.00,0,59
490.89,1567486451,11395.02,51.47426222,7.39598335,171.62,24.57,0.00,323.34,0,-107.00,-13.00,0.00,0.00,35.00,0.00,0,459
495.89,1567486456,11520.68,51.47520322,7.39495305,173.27,25.97,0.00,328.75,0,-108.00,-9.00,0.00,0.00,27.00,0.00,0,459
495.89,1567486456,11520.71,51.47520322,7.39495305,173.27,25.97,0.00,328.75,0,-110.00,-10.00,0.00,0.00,25.00,0.00,0,120
495.89,1567486456,11520.73,51.47520322,7.39495305,173.27,25.97,0.00,328.75,0,-116.00,-17.00,0.00,0.00,27.00,0.00,0,461
496.89,1567486457,11546.65,51.47540207,7.39475676,173.51,26.31,0.00,328.01,0,-108.00,-9.00,0.00,0.00,27.00,0.00,0,459
496.89,1567486457,11546.68,51.47540207,7.39475676,173.51,26.31,0.00,328.01,0,-110.00,-10.00,0.00,0.00,25.00,0.00,0,120
496.89,1567486457,11546.68,51.47540207,7.39475676,173.51,26.31,0.00,328.01,0,-116.00,-17.00,0.00,0.00,27.00,0.00,0,461
497.89,1567486458,11573.01,51.47560371,7.39456041,173.82,25.87,0.00,329.72,0,-107.00,-12.00,0.00,0.00,31.00,0.00,0,57
497.89,1567486458,11573.01,51.47560371,7.39456041,173.82,25.87,0.00,329.72,0,-108.00,-10.00,0.00,0.00,27.00,0.00,0,459
497.89,1567486458,11573.04,51.47560371,7.39456041,173.82,25.87,0.00,329.72,0,-113.00,-15.00,0.00,0.00,28.00,0.00,0,461
497.89,1567486458,11573.04,51.47560371,7.39456041,173.82,25.87,0.00,329.72,0,-125.00,-14.00,0.00,0.00,18.00,0.00,0,481
497.89,1567486458,11573.04,51.47560371,7.39456041,173.82,25.87,0.00,329.72,0,-130.00,-20.00,0.00,0.00,18.00,0.00,0,206
497.89,1567486458,11573.07,51.47560371,7.39456041,173.82,25.87,0.00,329.72,0,0.00,0.00,0.00,0.00,63.00,0.00,0,356
497.89,1567486458,11573.07,51.47560371,7.39456041,173.82,25.87,0.00,329.72,0,0.00,0.00,0.00,0.00,63.00,0.00,0,57
498.89,1567486459,11598.90,51.47580725,7.39437785,174.40,25.27,0.00,330.67,0,-107.00,-12.00,0.00,0.00,31.00,0.00,0,57
498.89,1567486459,11598.90,51.47580725,7.39437785,174.40,25.27,0.00,330.67,0,-108.00,-10.00,0.00,0.00,27.00,0.00,0,459
498.89,1567486459,11598.93,51.47580725,7.39437785,174.40,25.27,0.00,330.67,0,-113.00,-15.00,0.00,0.00,28.00,0.00,0,461
498.89,1567486459,11598.95,51.47580725,7.39437785,174.40,25.27,0.00,330.67,0,-125.00,-14.00,0.00,0.00,18.00,0.00,0,481
498.89,1567486459,11598.98,51.47580725,7.39437785,174.40,25.27,0.00,330.67,0,-130.00,-20.00,0.00,0.00,18.00,0.00,0,206
498.89,1567486459,11598.98,51.47580725,7.39437785,174.40,25.27,0.00,330.67,0,0.00,0.00,0.00,0.00,63.00,0.00,0,356
498.90,1567486459,11599.00,51.47580725,7.39437785,174.40,25.27,0.00,330.67,0,0.00,0.00,0.00,0.00,63.00,0.00,0,57
499.89,1567486460,11624.07,51.47600312,7.39420638,174.86,24.61,0.00,331.45,0,-102.00,-7.00,0.00,0.00,30.00,0.00,0,57
499.89,1567486460,11624.09,51.47600312,7.39420638,174.86,24.61,0.00,331.45,0,-92.00,-6.00,0.00,0.00,43.00,0.00,0,59
500.89,1567486461,11648.68,51.47619711,7.39404719,175.38,23.70,0.00,332.54,0,-102.00,-7.00,0.00,0.00,30.00,0.00,0,57
500.89,1567486461,11648.68,51.47619711,7.39404719,175.38,23.70,0.00,332.54,0,-92.00,-6.00,0.00,0.00,43.00,0.00,0,59
501.89,1567486462,11672.35,51.47638430,7.39389492,175.77,23.16,0.00,332.98,0,-85.00,-6.00,0.00,0.00,50.00,0.00,0,59
502.89,1567486463,11695.50,51.47656930,7.39375521,176.18,22.61,0.00,334.24,0,-85.00,-6.00,0.00,0.00,50.00,0.00,0,59
503.89,1567486464,11718.18,51.47675347,7.39362315,176.49,22.26,0.00,335.71,0,-106.00,-11.00,0.00,0.00,30.00,0.00,0,459
503.89,1567486464,11718.20,51.47675347,7.39362315,176.49,22.26,0.00,335.71,0,-111.00,-16.00,0.00,0.00,30.00,0.00,0,461
503.89,1567486464,11718.22,51.47675347,7.39362315,176.49,22.26,0.00,335.71,0,-87.00,-5.00,0.00,0.00,46.00,0.00,0,59
504.89,1567486465,11740.46,51.47692950,7.39349557,176.67,21.58,0.00,336.11,0,-106.00,-11.00,0.00,0.00,30.00,0.00,0,459
504.89,1567486465,11740.48,51.47692950,7.39349557,176.67,21.58,0.00,336.11,0,-111.00,-16.00,0.00,0.00,30.00,0.00,0,461
504.89,1567486465,11740.50,51.47692950,7.39349557,176.67,21.58,0.00,336.11,0,-87.00,-5.00,0.00,0.00,46.00,0.00,0,59
505.89,1567486466,11762.01,51.47710012,7.39337626,176.80,20.98,0.00,337.34,0,-110.00,-12.00,0.00,0.00,29.00,0.00,0,120
505.89,1567486466,11762.01,51.47710012,7.39337626,176.80,20.98,0.00,337.34,0,-110.00,-15.00,0.00,0.00,30.00,0.00,0,461
505.89,1567486466,11762.04,51.47710012,7.39337626,176.80,20.98,0.00,337.34,0,-112.00,-14.00,0.00,0.00,28.00,0.00,0,438
505.89,1567486466,11762.06,51.47710012,7.39337626,176.80,20.98,0.00,337.34,0,-96.00,-12.00,0.00,0.00,44.00,0.00,0,59
506.89,1567486467,11782.97,51.47727037,7.39326612,176.84,20.30,0.00,338.95,0,-110.00,-12.00,0.00,0.00,29.00,0.00,0,120
506.89,1567486467,11782.99,51.47727037,7.39326612,176.84,20.30,0.00,338.95,0,-110.00,-15.00,0.00,0.00,30.00,0.00,0,461
506.89,1567486467,11783.01,51.47727037,7.39326612,176.84,20.30,0.00,338.95,0,-112.00,-14.00,0.00,0.00,28.00,0.00,0,438
506.89,1567486467,11783.01,51.47727037,7.39326612,176.84,20.30,0.00,338.95,0,-96.00,-12.00,0.00,0.00,44.00,0.00,0,59
507.90,1567486468,11803.41,51.47744079,7.39317140,176.91,19.76,0.00,341.66,0,-103.00,-16.00,0.00,0.00,39.00,0.00,0,461
507.90,1567486468,11803.43,51.47744079,7.39317140,176.91,19.76,0.00,341.66,0,-94.00,-12.00,0.00,0.00,46.00,0.00,0,59
508.89,1567486469,11823.03,51.47761672,7.39310798,177.02,19.34,0.00,348.19,0,-103.00,-16.00,0.00,0.00,39.00,0.00,0,461
508.89,1567486469,11823.03,51.47761672,7.39310798,177.02,19.34,0.00,348.19,0,-94.00,-12.00,0.00,0.00,46.00,0.00,0,59
509.89,1567486470,11842.36,51.47778494,7.39305510,177.53,18.96,0.00,350.17,0,-103.00,-16.00,0.00,0.00,39.00,0.00,0,461
509.89,1567486470,11842.37,51.47778494,7.39305510,177.53,18.96,0.00,350.17,0,-94.00,-12.00,0.00,0.00,46.00,0.00,0,59
510.89,1567486471,11861.32,51.47794433,7.39302036,178.16,18.15,0.00,353.43,0,-102.00,-12.00,0.00,0.00,35.00,0.00,0,461
510.89,1567486471,11861.34,51.47794433,7.39302036,178.16,18.15,0.00,353.43,0,-90.00,-10.00,0.00,0.00,50.00,0.00,0,59
511.89,1567486472,11879.47,51.47810035,7.39305242,178.13,17.02,0.00,7.68,0,-102.00,-12.00,0.00,0.00,35.00,0.00,0,461
511.89,1567486472,11879.48,51.47810035,7.39305242,178.13,17.02,0.00,7.68,0,-90.00,-10.00,0.00,0.00,50.00,0.00,0,59
512.89,1567486473,11896.48,51.47826371,7.39309047,178.17,17.64,0.00,6.94,0,-98.00,-13.00,0.00,0.00,42.00,0.00,0,461
512.89,1567486473,11896.50,51.47826371,7.39309047,178.17,17.64,0.00,6.94,0,-88.00,-8.00,0.00,0.00,49.00,0.00,0,59
513.89,1567486474,11914.12,51.47842463,7.39318523,178.03,17.12,0.00,21.10,0,-98.00,-13.00,0.00,0.00,42.00,0.00,0,461
513.89,1567486474,11914.14,51.47842463,7.39318523,178.03,17.12,0.00,21.10,0,-88.00,-8.00,0.00,0.00,49.00,0.00,0,59
514.89,1567486475,11931.26,51.47857327,7.39328700,178.02,17.17,0.00,22.38,0,-95.00,-10.00,0.00,0.00,43.00,0.00,0,461
514.89,1567486475,11931.26,51.47857327,7.39328700,178.02,17.17,0.00,22.38,0,-90.00,-7.00,0.00,0.00,46.00,0.00,0,59
515.89,1567486476,11948.41,51.47870110,7.39339142,179.23,16.69,0.00,26.24,0,-95.00,-10.00,0.00,0.00,43.00,0.00,0,461
515.89,1567486476,11948.43,51.47870110,7.39339142,179.23,16.69,0.00,26.24,0,-90.00,-7.00,0.00,0.00,46.00,0.00,0,59
518.89,1567486479,11996.11,51.47904756,7.39373739,180.33,14.26,0.00,28.64,0,-107.00,-12.00,0.00,0.00,30.00,0.00,0,57
518.89,1567486479,11996.13,51.47904756,7.39373739,180.33,14.26,0.00,28.64,0,-112.00,-16.00,0.00,0.00,30.00,0.00,0,143
518.89,1567486479,11996.14,51.47904756,7.39373739,180.33,14.26,0.00,28.64,0,-113.00,-18.00,0.00,0.00,30.00,0.00,0,461
519.89,1567486480,12010.37,51.47916588,7.39379329,180.78,13.60,0.00,12.50,0,-107.00,-12.00,0.00,0.00,30.00,0.00,0,57
519.89,1567486480,12010.37,51.47916588,7.39379329,180.78,13.60,0.00,12.50,0,-112.00,-16.00,0.00,0.00,30.00,0.00,0,143
519.89,1567486480,12010.38,51.47916588,7.39379329,180.78,13.60,0.00,12.50,0,-113.00,-18.00,0.00,0.00,30.00,0.00,0,461
528.90,1567486489,12124.58,51.48011165,7.39342916,182.46,11.15,0.00,1.32,0,-75.00,-7.00,0.00,0.00,61.00,0.00,0,59
529.89,1567486490,12135.65,51.48020050,7.39347312,182.65,10.71,0.00,17.77,0,-75.00,-7.00,0.00,0.00,61.00,0.00,0,59
530.88,1567486491,12146.31,51.48028178,7.39357159,182.72,11.22,0.00,38.20,0,-75.00,-7.00,0.00,0.00,61.00,0.00,0,59
531.89,1567486492,12157.55,51.48034778,7.39367605,183.04,10.78,0.00,42.18,0,-80.00,-7.00,0.00,0.00,55.00,0.00,0,59
532.89,1567486493,12168.34,51.48039465,7.39382049,182.82,12.15,0.00,59.64,0,-80.00,-7.00,0.00,0.00,55.00,0.00,0,59
533.89,1567486494,12180.49,51.48045264,7.39398717,183.10,13.17,0.00,60.30,0,-86.00,-7.00,0.00,0.00,50.00,0.00,0,59
534.89,1567486495,12193.66,51.48051393,7.39416033,183.58,14.16,0.00,60.04,0,-86.00,-7.00,0.00,0.00,50.00,0.00,0,59
535.89,1567486496,12207.82,51.48057780,7.39434525,183.97,14.96,0.00,60.41,0,-85.00,-7.00,0.00,0.00,51.00,0.00,0,59
536.89,1567486497,12222.78,51.48064363,7.39453275,184.10,15.87,0.00,60.17,0,-85.00,-7.00,0.00,0.00,51.00,0.00,0,59
537.89,1567486498,12238.65,51.48071547,7.39473342,184.21,16.69,0.00,60.19,0,-77.00,-7.00,0.00,0.00,60.00,0.00,0,59
538.89,1567486499,12255.34,51.48079194,7.39494005,184.17,17.39,0.00,59.56,0,-77.00,-7.00,0.00,0.00,60.00,0.00,0,59
539.89,1567486500,12272.75,51.48087455,7.39516474,184.45,17.76,0.00,60.00,0,-75.00,-6.00,0.00,0.00,60.00,0.00,0,59
540.89,1567486501,12290.49,51.48095502,7.39539430,185.02,17.63,0.00,59.14,0,-75.00,-6.00,0.00,0.00,60.00,0.00,0,59
541.89,1567486502,12308.14,51.48103686,7.39562020,185.07,17.59,0.00,59.53,0,-78.00,-7.00,0.00,0.00,58.00,0.00,0,59
542.89,1567486503,12325.70,51.48111340,7.39583290,185.11,17.39,0.00,60.27,0,-78.00,-7.00,0.00,0.00,58.00,0.00,0,59
543.89,1567486504,12343.09,51.48119067,7.39604720,185.22,17.38,0.00,60.06,0,-82.00,-9.00,0.00,0.00,55.00,0.00,0,59
544.89,1567486505,12360.48,51.48126742,7.39626258,185.46,17.29,0.00,60.10,0,-82.00,-9.00,0.00,0.00,55.00,0.00,0,59
545.89,1567486506,12377.78,51.48134255,7.39647796,185.56,17.29,0.00,60.77,0,-77.00,-8.00,0.00,0.00,59.00,0.00,0,59
546.89,1567486507,12395.06,51.48141931,7.39669261,185.63,16.93,0.00,60.25,0,-77.00,-8.00,0.00,0.00,59.00,0.00,0,59
547.89,1567486508,12412.01,51.48149794,7.39690174,185.81,16.53,0.00,59.51,0,-105.00,-13.00,0.00,0.00,34.00,0.00,0,459
547.89,1567486508,12412.02,51.48149794,7.39690174,185.81,16.53,0.00,59.51,0,-77.00,-8.00,0.00,0.00,59.00,0.00,0,59
548.89,1567486509,12428.54,51.48157444,7.39709985,185.86,16.10,0.00,58.76,0,-105.00,-13.00,0.00,0.00,34.00,0.00,0,459
548.89,1567486509,12428.55,51.48157444,7.39709985,185.86,16.10,0.00,58.76,0,-77.00,-8.00,0.00,0.00,59.00,0.00,0,59
549.89,1567486510,12444.75,51.48165485,7.39728818,185.91,15.88,0.00,57.56,0,-91.00,-9.00,0.00,0.00,47.00,0.00,0,59
550.89,1567486511,12460.51,51.48173832,7.39747200,185.63,15.47,0.00,56.30,0,-91.00,-9.00,0.00,0.00,47.00,0.00,0,59
551.89,1567486512,12475.98,51.48181922,7.39764760,185.75,14.42,0.00,55.37,0,-91.00,-9.00,0.00,0.00,47.00,0.00,0,59
558.89,1567486519,12543.81,51.48218385,7.39832606,187.15,4.31,0.00,48.04,0,-94.00,-10.00,0.00,0.00,43.00,0.00,0,59
558.89,1567486519,12543.82,51.48218385,7.39832606,187.15,4.31,0.00,48.04,0,-85.00,-11.00,0.00,0.00,54.00,0.00,0,59
559.89,1567486520,12548.12,51.48220620,7.39836336,187.16,2.63,0.00,47.18,0,-94.00,-10.00,0.00,0.00,43.00,0.00,0,59
559.89,1567486520,12548.12,51.48220620,7.39836336,187.16,2.63,0.00,47.18,0,-85.00,-11.00,0.00,0.00,54.00,0.00,0,59
560.89,1567486521,12550.75,51.48222237,7.39838384,187.17,1.74,0.00,45.91,0,-92.00,-12.00,0.00,0.00,47.00,0.00,0,59
560.89,1567486521,12550.75,51.48222237,7.39838384,187.17,1.74,0.00,45.91,0,-81.00,-9.00,0.00,0.00,57.00,0.00,0,59
561.89,1567486522,12552.49,51.48222930,7.39839228,187.18,1.04,0.00,45.91,0,-92.00,-12.00,0.00,0.00,47.00,0.00,0,59
561.89,1567486522,12552.49,51.48222930,7.39839228,187.18,1.04,0.00,45.91,0,-81.00,-9.00,0.00,0.00,57.00,0.00,0,59
562.89,1567486523,12553.53,51.48222930,7.39839228,187.18,0.00,0.00,45.91,0,-94.00,-10.00,0.00,0.00,42.00,0.00,0,59
562.89,1567486523,12553.53,51.48222930,7.39839228,187.18,0.00,0.00,45.91,0,-82.00,-10.00,0.00,0.00,56.00,0.00,0,59
563.89,1567486524,12553.53,51.48222930,7.39839228,187.18,0.00,0.00,45.91,0,-94.00,-10.00,0.00,0.00,42.00,0.00,0,59
563.89,1567486524,12553.53,51.48222930,7.39839228,187.18,0.00,0.00,45.91,0,-82.00,-10.00,0.00,0.00,56.00,0.00,0,59
564.89,1567486525,12553.53,51.48222930,7.39839228,187.19,0.00,0.00,45.91,0,-94.00,-11.00,0.00,0.00,43.00,0.00,0,59
564.89,1567486525,12553.53,51.48222930,7.39839228,187.19,0.00,0.00,45.91,0,-88.00,-12.00,0.00,0.00,53.00,0.00,0,59
565.89,1567486526,12553.53,51.48222930,7.39839228,187.18,0.00,0.00,45.91,0,-94.00,-11.00,0.00,0.00,43.00,0.00,0,59
565.89,1567486526,12553.53,51.48222930,7.39839228,187.18,0.00,0.00,45.91,0,-88.00,-12.00,0.00,0.00,53.00,0.00,0,59
566.89,1567486527,12553.53,51.48222930,7.39839228,187.18,0.00,0.00,45.91,0,-93.00,-10.00,0.00,0.00,43.00,0.00,0,59
566.89,1567486527,12553.53,51.48222930,7.39839228,187.18,0.00,0.00,45.91,0,-87.00,-11.00,0.00,0.00,52.00,0.00,0,59
567.89,1567486528,12553.53,51.48222930,7.39839228,187.17,0.00,0.00,45.91,0,-93.00,-10.00,0.00,0.00,43.00,0.00,0,59
567.89,1567486528,12553.53,51.48222930,7.39839228,187.17,0.00,0.00,45.91,0,-87.00,-11.00,0.00,0.00,52.00,0.00,0,59
568.89,1567486529,12553.53,51.48222930,7.39839228,187.17,0.00,0.00,45.91,0,-92.00,-10.00,0.00,0.00,44.00,0.00,0,59
569.89,1567486530,12553.53,51.48222930,7.39839228,187.16,0.00,0.00,45.91,0,-92.00,-10.00,0.00,0.00,44.00,0.00,0,59
570.90,1567486531,12553.53,51.48222930,7.39839228,187.15,0.00,0.00,45.91,0,-93.00,-10.00,0.00,0.00,44.00,0.00,0,59
571.89,1567486532,12553.53,51.48222930,7.39839228,187.14,0.00,0.00,45.91,0,-93.00,-10.00,0.00,0.00,44.00,0.00,0,59
572.89,1567486533,12553.53,51.48222930,7.39839228,187.13,0.00,0.00,45.91,0,-93.00,-10.00,0.00,0.00,44.00,0.00,0,59
573.89,1567486534,12553.53,51.48222930,7.39839228,187.13,0.00,0.00,45.91,0,-92.00,-10.00,0.00,0.00,44.00,0.00,0,59
574.89,1567486535,12553.53,51.48222930,7.39839228,187.13,0.00,0.00,45.91,0,-92.00,-10.00,0.00,0.00,44.00,0.00,0,59
575.89,1567486536,12553.53,51.48222930,7.39839228,187.12,0.00,0.00,45.91,0,-92.00,-10.00,0.00,0.00,44.00,0.00,0,59
576.89,1567486537,12553.53,51.48222930,7.39839228,187.12,0.00,0.00,45.91,0,-92.00,-10.00,0.00,0.00,44.00,0.00,0,59
577.89,1567486538,12553.53,51.48222930,7.39839228,187.12,0.00,0.00,45.91,0,-94.00,-11.00,0.00,0.00,42.00,0.00,0,59
578.89,1567486539,12553.53,51.48222930,7.39839228,187.12,0.00,0.00,45.91,0,-94.00,-11.00,0.00,0.00,42.00,0.00,0,59
579.89,1567486540,12553.53,51.48222930,7.39839228,187.12,0.00,0.00,45.91,0,-94.00,-10.00,0.00,0.00,43.00,0.00,0,59
579.89,1567486540,12553.53,51.48222930,7.39839228,187.12,0.00,0.00,45.91,0,-87.00,-12.00,0.00,0.00,54.00,0.00,0,59
580.89,1567486541,12553.53,51.48222930,7.39839228,187.12,0.00,0.00,45.91,0,-94.00,-10.00,0.00,0.00,43.00,0.00,0,59
580.89,1567486541,12553.53,51.48222930,7.39839228,187.12,0.00,0.00,45.91,0,-87.00,-12.00,0.00,0.00,54.00,0.00,0,59
581.89,1567486542,12553.53,51.48222930,7.39839228,187.12,0.00,0.00,45.91,0,-94.00,-12.00,0.00,0.00,45.00,0.00,0,59
581.89,1567486542,12553.53,51.48222930,7.39839228,187.12,0.00,0.00,45.91,0,-89.00,-13.00,0.00,0.00,53.00,0.00,0,59
582.91,1567486544,12553.53,51.48222930,7.39839228,187.11,0.00,0.00,45.91,0,-94.00,-12.00,0.00,0.00,45.00,0.00,0,59
582.91,1567486544,12553.53,51.48222930,7.39839228,187.11,0.00,0.00,45.91,0,-89.00,-13.00,0.00,0.00,53.00,0.00,0,59
583.89,1567486544,12553.53,51.48222930,7.39839228,187.11,0.00,0.00,45.91,0,-94.00,-11.00,0.00,0.00,42.00,0.00,0,59
583.89,1567486544,12553.53,51.48222930,7.39839228,187.11,0.00,0.00,45.91,0,-88.00,-12.00,0.00,0.00,52.00,0.00,0,59
584.89,1567486545,12553.53,51.48222930,7.39839228,187.10,0.00,0.00,45.91,0,-94.00,-11.00,0.00,0.00,42.00,0.00,0,59
584.89,1567486545,12553.53,51.48222930,7.39839228,187.10,0.00,0.00,45.91,0,-88.00,-12.00,0.00,0.00,52.00,0.00,0,59
585.89,1567486546,12553.53,51.48222930,7.39839228,187.08,0.00,0.00,47.33,0,-94.00,-10.00,0.00,0.00,42.00,0.00,0,59
585.89,1567486546,12553.53,51.48222930,7.39839228,187.08,0.00,0.00,47.33,0,-87.00,-11.00,0.00,0.00,54.00,0.00,0,59
586.89,1567486547,12553.53,51.48222930,7.39839228,186.39,0.00,0.00,45.65,0,-94.00,-10.00,0.00,0.00,42.00,0.00,0,59
586.89,1567486547,12553.53,51.48222930,7.39839228,186.39,0.00,0.00,45.65,0,-87.00,-11.00,0.00,0.00,54.00,0.00,0,59
587.89,1567486548,12553.54,51.48232452,7.39854729,186.33,7.15,0.00,43.77,0,-98.00,-11.00,0.00,0.00,39.00,0.00,0,59
587.89,1567486548,12553.55,51.48232452,7.39854729,186.33,7.15,0.00,43.77,0,-83.00,-12.00,0.00,0.00,58.00,0.00,0,59
588.89,1567486549,12560.69,51.48237434,7.39861804,186.35,7.51,0.00,41.99,0,-98.00,-11.00,0.00,0.00,39.00,0.00,0,59
588.89,1567486549,12560.70,51.48237434,7.39861804,186.35,7.51,0.00,41.99,0,-83.00,-12.00,0.00,0.00,58.00,0.00,0,59
589.89,1567486550,12568.20,51.48244417,7.39870837,185.96,8.20,0.00,40.72,0,-101.00,-11.00,0.00,0.00,35.00,0.00,0,59
589.89,1567486550,12568.21,51.48244417,7.39870837,185.96,8.20,0.00,40.72,0,-107.00,-12.00,0.00,0.00,31.00,0.00,0,323
589.89,1567486550,12568.21,51.48244417,7.39870837,185.96,8.20,0.00,40.72,0,-89.00,-14.00,0.00,0.00,54.00,0.00,0,59
590.89,1567486551,12576.40,51.48251725,7.39879851,185.88,9.19,0.00,39.77,0,-101.00,-11.00,0.00,0.00,35.00,0.00,0,59
590.89,1567486551,12576.41,51.48251725,7.39879851,185.88,9.19,0.00,39.77,0,-107.00,-12.00,0.00,0.00,31.00,0.00,0,323
590.89,1567486551,12576.42,51.48251725,7.39879851,185.88,9.19,0.00,39.77,0,-89.00,-14.00,0.00,0.00,54.00,0.00,0,59
591.90,1567486552,12585.66,51.48259161,7.39888435,186.06,10.10,0.00,38.75,0,-101.00,-11.00,0.00,0.00,35.00,0.00,0,59
591.90,1567486552,12585.67,51.48259161,7.39888435,186.06,10.10,0.00,38.75,0,-92.00,-13.00,0.00,0.00,50.00,0.00,0,59
592.89,1567486553,12595.68,51.48266475,7.39896821,186.31,10.27,0.00,37.67,0,-101.00,-11.00,0.00,0.00,35.00,0.00,0,59
592.89,1567486553,12595.69,51.48266475,7.39896821,186.31,10.27,0.00,37.67,0,-92.00,-13.00,0.00,0.00,50.00,0.00,0,59
593.89,1567486554,12605.96,51.48275260,7.39907209,186.03,10.76,0.00,36.76,0,-101.00,-11.00,0.00,0.00,35.00,0.00,0,59
593.89,1567486554,12605.97,51.48275260,7.39907209,186.03,10.76,0.00,36.76,0,-92.00,-13.00,0.00,0.00,50.00,0.00,0,59
596.89,1567486557,12639.53,51.48302468,7.39937130,183.52,12.95,0.00,33.06,0,-93.00,-8.00,0.00,0.00,41.00,0.00,0,59
597.89,1567486558,12652.49,51.48312891,7.39948374,182.97,13.32,0.00,33.52,0,-93.00,-8.00,0.00,0.00,41.00,0.00,0,59
598.89,1567486559,12665.80,51.48321754,7.39957717,182.82,13.09,0.00,33.35,0,-93.00,-8.00,0.00,0.00,42.00,0.00,0,59
599.89,1567486560,12678.90,51.48330726,7.39967331,182.72,13.29,0.00,33.78,0,-93.00,-8.00,0.00,0.00,42.00,0.00,0,59
600.89,1567486561,12692.18,51.48340404,7.39977528,182.94,13.84,0.00,34.03,0,-95.00,-13.00,0.00,0.00,44.00,0.00,0,57
601.89,1567486562,12706.02,51.48350642,7.39988229,183.09,14.27,0.00,34.55,0,-95.00,-13.00,0.00,0.00,44.00,0.00,0,57
602.89,1567486563,12720.31,51.48360407,7.39998605,183.53,14.27,0.00,35.36,0,-96.00,-13.00,0.00,0.00,43.00,0.00,0,57
603.89,1567486564,12734.57,51.48370357,7.40009898,183.60,14.70,0.00,35.84,0,-96.00,-13.00,0.00,0.00,43.00,0.00,0,57
604.89,1567486565,12749.29,51.48381159,7.40022850,183.75,14.80,0.00,36.54,0,-100.00,-13.00,0.00,0.00,39.00,0.00,0,57
605.89,1567486566,12764.09,51.48391920,7.40035591,183.80,14.88,0.00,36.87,0,-100.00,-13.00,0.00,0.00,39.00,0.00,0,57
621.89,1567486582,12988.53,51.48539307,7.40258230,187.52,14.59,0.00,48.35,0,-80.00,-5.00,0.00,0.00,54.00,0.00,0,57
622.89,1567486583,13003.12,51.48547498,7.40273895,186.89,14.54,0.00,49.13,0,-80.00,-5.00,0.00,0.00,54.00,0.00,0,57
623.89,1567486584,13017.68,51.48555828,7.40290498,186.14,14.83,0.00,50.18,0,-100.00,-11.00,0.00,0.00,36.00,0.00,0,171
623.89,1567486584,13017.69,51.48555828,7.40290498,186.14,14.83,0.00,50.18,0,-82.00,-6.00,0.00,0.00,53.00,0.00,0,57
624.89,1567486585,13032.51,51.48564498,7.40307621,185.59,15.29,0.00,50.93,0,-100.00,-11.00,0.00,0.00,36.00,0.00,0,171
624.89,1567486585,13032.52,51.48564498,7.40307621,185.59,15.29,0.00,50.93,0,-82.00,-6.00,0.00,0.00,53.00,0.00,0,57
625.89,1567486586,13047.79,51.48572795,7.40325021,184.86,15.79,0.00,51.69,0,-78.00,-6.00,0.00,0.00,56.00,0.00,0,57
626.89,1567486587,13063.59,51.48581245,7.40342589,184.13,15.70,0.00,52.21,0,-78.00,-6.00,0.00,0.00,56.00,0.00,0,57
627.89,1567486588,13079.29,51.48589266,7.40360665,183.42,15.55,0.00,53.54,0,-92.00,-9.00,0.00,0.00,42.00,0.00,0,171
627.89,1567486588,13079.30,51.48589266,7.40360665,183.42,15.55,0.00,53.54,0,-78.00,-6.00,0.00,0.00,56.00,0.00,0,57
628.89,1567486589,13094.85,51.48597046,7.40378773,183.02,15.57,0.00,54.20,0,-92.00,-9.00,0.00,0.00,42.00,0.00,0,171
628.89,1567486589,13094.87,51.48597046,7.40378773,183.02,15.57,0.00,54.20,0,-78.00,-6.00,0.00,0.00,56.00,0.00,0,57
629.89,1567486590,13110.41,51.48604250,7.40396117,182.70,15.75,0.00,54.98,0,-95.00,-9.00,0.00,0.00,40.00,0.00,0,171
629.89,1567486590,13110.43,51.48604250,7.40396117,182.70,15.75,0.00,54.98,0,-79.00,-5.00,0.00,0.00,55.00,0.00,0,57
630.89,1567486591,13126.16,51.48612235,7.40414517,182.34,15.41,0.00,55.48,0,-95.00,-9.00,0.00,0.00,40.00,0.00,0,171
630.89,1567486591,13126.18,51.48612235,7.40414517,182.34,15.41,0.00,55.48,0,-79.00,-5.00,0.00,0.00,55.00,0.00,0,57
631.89,1567486592,13141.59,51.48620251,7.40433891,181.66,15.90,0.00,56.27,0,-94.00,-8.00,0.00,0.00,40.00,0.00,0,171
631.89,1567486592,13141.59,51.48620251,7.40433891,181.66,15.90,0.00,56.27,0,-86.00,-6.00,0.00,0.00,50.00,0.00,0,57
632.89,1567486593,13157.47,51.48628422,7.40453862,181.01,15.63,0.00,56.83,0,-94.00,-8.00,0.00,0.00,40.00,0.00,0,171
632.89,1567486593,13157.49,51.48628422,7.40453862,181.01,15.63,0.00,56.83,0,-86.00,-6.00,0.00,0.00,50.00,0.00,0,57
633.90,1567486594,13173.22,51.48635701,7.40473386,180.46,15.57,0.00,57.68,0,-94.00,-10.00,0.00,0.00,42.00,0.00,0,59
633.90,1567486594,13173.24,51.48635701,7.40473386,180.46,15.57,0.00,57.68,0,-96.00,-11.00,0.00,0.00,41.00,0.00,0,277
633.90,1567486594,13173.25,51.48635701,7.40473386,180.46,15.57,0.00,57.68,0,-97.00,-13.00,0.00,0.00,41.00,0.00,0,278
634.89,1567486595,13188.70,51.48643017,7.40492734,179.69,16.38,0.00,58.26,0,-94.00,-10.00,0.00,0.00,42.00,0.00,0,59
634.89,1567486595,13188.72,51.48643017,7.40492734,179.69,16.38,0.00,58.26,0,-96.00,-11.00,0.00,0.00,41.00,0.00,0,277
634.89,1567486595,13188.72,51.48643017,7.40492734,179.69,16.38,0.00,58.26,0,-97.00,-13.00,0.00,0.00,41.00,0.00,0,278
635.89,1567486596,13205.07,51.48650751,7.40512936,179.72,16.52,0.00,58.65,0,-94.00,-10.00,0.00,0.00,42.00,0.00,0,59
635.89,1567486596,13205.08,51.48650751,7.40512936,179.72,16.52,0.00,58.65,0,-96.00,-11.00,0.00,0.00,41.00,0.00,0,277
635.89,1567486596,13205.08,51.48650751,7.40512936,179.72,16.52,0.00,58.65,0,-97.00,-13.00,0.00,0.00,41.00,0.00,0,278
636.89,1567486597,13221.59,51.48658387,7.40534999,180.18,16.83,0.00,59.35,0,-93.00,-10.00,0.00,0.00,42.00,0.00,0,59
636.89,1567486597,13221.61,51.48658387,7.40534999,180.18,16.83,0.00,59.35,0,-94.00,-12.00,0.00,0.00,44.00,0.00,0,277
636.89,1567486597,13221.62,51.48658387,7.40534999,180.18,16.83,0.00,59.35,0,-98.00,-16.00,0.00,0.00,44.00,0.00,0,278
637.89,1567486598,13238.42,51.48665319,7.40556199,180.21,16.56,0.00,60.10,0,-93.00,-10.00,0.00,0.00,42.00,0.00,0,59
637.89,1567486598,13238.42,51.48665319,7.40556199,180.21,16.56,0.00,60.10,0,-94.00,-12.00,0.00,0.00,44.00,0.00,0,277
637.89,1567486598,13238.44,51.48665319,7.40556199,180.21,16.56,0.00,60.10,0,-98.00,-16.00,0.00,0.00,44.00,0.00,0,278
638.89,1567486599,13254.97,51.48671729,7.40578406,180.14,16.81,0.00,62.05,0,-86.00,-9.00,0.00,0.00,49.00,0.00,0,277
639.89,1567486600,13271.77,51.48678376,7.40602085,180.21,16.84,0.00,63.21,0,-86.00,-9.00,0.00,0.00,49.00,0.00,0,277
640.89,1567486601,13288.60,51.48684778,7.40625159,180.15,16.96,0.00,64.45,0,-78.00,-7.00,0.00,0.00,55.00,0.00,0,277
641.89,1567486602,13305.56,51.48690848,7.40648311,179.63,16.80,0.00,65.68,0,-78.00,-7.00,0.00,0.00,55.00,0.00,0,277
659.89,1567486620,13606.42,51.48752126,7.41064616,169.82,10.36,0.00,82.88,0,-87.00,-7.00,0.00,0.00,46.00,0.00,0,171
660.89,1567486621,13616.78,51.48752930,7.41077528,169.56,7.79,0.00,82.16,0,-87.00,-7.00,0.00,0.00,46.00,0.00,0,171
661.89,1567486622,13624.57,51.48755597,7.41087853,169.51,7.04,0.00,62.37,0,-86.00,-6.00,0.00,0.00,46.00,0.00,0,171
662.89,1567486623,13631.61,51.48759098,7.41095069,169.32,6.69,0.00,45.49,0,-86.00,-6.00,0.00,0.00,46.00,0.00,0,171
663.89,1567486624,13638.30,51.48764564,7.41099174,169.49,6.64,0.00,15.22,0,-91.00,-10.00,0.00,0.00,45.00,0.00,0,277
664.89,1567486625,13644.94,51.48769467,7.41100626,168.51,6.94,0.00,14.49,0,-91.00,-10.00,0.00,0.00,45.00,0.00,0,277
665.89,1567486626,13651.89,51.48775030,7.41099475,167.72,7.52,0.00,354.54,0,-90.00,-9.00,0.00,0.00,44.00,0.00,0,277
666.89,1567486627,13659.41,51.48781749,7.41098150,167.51,7.95,0.00,353.49,0,-90.00,-9.00,0.00,0.00,44.00,0.00,0,277
667.89,1567486628,13667.37,51.48790535,7.41096323,167.36,9.84,0.00,352.31,0,-91.00,-10.00,0.00,0.00,45.00,0.00,0,277
668.89,1567486629,13677.20,51.48799660,7.41094337,167.42,10.77,0.00,351.86,0,-91.00,-10.00,0.00,0.00,45.00,0.00,0,277
673.89,1567486634,13738.18,51.48854429,7.41079479,167.36,13.28,0.00,350.23,0,-118.00,-11.00,0.00,0.00,21.00,0.00,0,222
673.89,1567486634,13738.18,51.48854429,7.41079479,167.36,13.28,0.00,350.23,0,-120.00,-12.00,0.00,0.00,21.00,0.00,0,98
673.89,1567486634,13738.19,51.48854429,7.41079479,167.36,13.28,0.00,350.23,0,-121.00,-12.00,0.00,0.00,20.00,0.00,0,194
674.89,1567486635,13751.47,51.48866707,7.41075857,167.18,13.23,0.00,349.76,0,-118.00,-11.00,0.00,0.00,21.00,0.00,0,222
674.89,1567486635,13751.47,51.48866707,7.41075857,167.18,13.23,0.00,349.76,0,-120.00,-12.00,0.00,0.00,21.00,0.00,0,98
674.89,1567486635,13751.48,51.48866707,7.41075857,167.18,13.23,0.00,349.76,0,-121.00,-12.00,0.00,0.00,20.00,0.00,0,194
675.90,1567486636,13764.81,51.48878576,7.41072144,166.98,13.37,0.00,349.28,0,-85.00,-15.00,0.00,0.00,57.00,0.00,0,277
675.90,1567486637,13764.83,51.48878576,7.41072144,166.98,13.37,0.00,349.28,0,-117.00,-11.00,0.00,0.00,22.00,0.00,0,222
675.90,1567486637,13764.84,51.48878576,7.41072144,166.98,13.37,0.00,349.28,0,-121.00,-14.00,0.00,0.00,22.00,0.00,0,98
676.89,1567486637,13778.06,51.48890013,7.41068348,167.11,13.34,0.00,348.49,0,-85.00,-15.00,0.00,0.00,57.00,0.00,0,277
676.89,1567486637,13778.06,51.48890013,7.41068348,167.11,13.34,0.00,348.49,0,-117.00,-11.00,0.00,0.00,22.00,0.00,0,222
676.89,1567486637,13778.07,51.48890013,7.41068348,167.11,13.34,0.00,348.49,0,-121.00,-14.00,0.00,0.00,22.00,0.00,0,98
677.89,1567486638,13791.38,51.48901720,7.41063701,167.28,13.54,0.00,348.05,0,-85.00,-15.00,0.00,0.00,57.00,0.00,0,277
677.89,1567486638,13791.40,51.48901720,7.41063701,167.28,13.54,0.00,348.05,0,-117.00,-11.00,0.00,0.00,22.00,0.00,0,222
677.89,1567486638,13791.41,51.48901720,7.41063701,167.28,13.54,0.00,348.05,0,-121.00,-14.00,0.00,0.00,22.00,0.00,0,98
678.89,1567486639,13804.92,51.48913247,7.41059477,167.85,13.63,0.00,347.24,0,-84.00,-13.00,0.00,0.00,55.00,0.00,0,277
678.89,1567486639,13804.93,51.48913247,7.41059477,167.85,13.63,0.00,347.24,0,-118.00,-11.00,0.00,0.00,22.00,0.00,0,222
678.89,1567486639,13804.94,51.48913247,7.41059477,167.85,13.63,0.00,347.24,0,-122.00,-14.00,0.00,0.00,21.00,0.00,0,98
679.89,1567486640,13818.56,51.48924519,7.41055115,167.93,13.37,0.00,346.72,0,-84.00,-13.00,0.00,0.00,55.00,0.00,0,277
679.89,1567486640,13818.57,51.48924519,7.41055115,167.93,13.37,0.00,346.72,0,-118.00,-11.00,0.00,0.00,22.00,0.00,0,222
679.89,1567486640,13818.59,51.48924519,7.41055115,167.93,13.37,0.00,346.72,0,-122.00,-14.00,0.00,0.00,21.00,0.00,0,98
680.89,1567486641,13831.93,51.48936676,7.41050627,168.29,13.39,0.00,346.29,0,-78.00,-12.00,0.00,0.00,59.00,0.00,0,277
680.89,1567486641,13831.94,51.48936676,7.41050627,168.29,13.39,0.00,346.29,0,-116.00,-10.00,0.00,0.00,23.00,0.00,0,222
680.89,1567486641,13831.95,51.48936676,7.41050627,168.29,13.39,0.00,346.29,0,-121.00,-15.00,0.00,0.00,22.00,0.00,0,98
681.89,1567486642,13845.31,51.48948381,7.41045989,168.70,13.28,0.00,345.89,0,-78.00,-12.00,0.00,0.00,59.00,0.00,0,277
681.89,1567486642,13845.33,51.48948381,7.41045989,168.70,13.28,0.00,345.89,0,-116.00,-10.00,0.00,0.00,23.00,0.00,0,222
681.89,1567486642,13845.33,51.48948381,7.41045989,168.70,13.28,0.00,345.89,0,-121.00,-15.00,0.00,0.00,22.00,0.00,0,98
