0.01,1567659329,0.00,51.45021227,7.48820701,253.54,5.95,0.00,183.92,1,-100.00,-11.00,17.00,7.00,42.00,6.00,28371201,67
1.08,1567659330,6.37,51.45009244,7.48825815,253.83,8.67,2.54,165.44,1,-100.00,-11.00,17.00,7.00,42.00,6.00,28371201,67
2.08,1567659331,15.01,51.45009244,7.48825815,253.83,8.67,0.00,165.44,1,-102.00,-12.00,11.00,7.00,41.00,6.00,28371201,67
3.07,1567659332,23.63,51.45000854,7.48829480,253.67,9.88,1.22,165.75,1,-102.00,-12.00,11.00,7.00,41.00,6.00,28371201,67
4.07,1567659333,33.51,51.44991904,7.48833179,253.02,10.75,0.87,166.88,1,-102.00,-12.00,11.00,7.00,41.00,6.00,28371201,67
5.07,1567659334,44.28,51.44980022,7.48836189,252.48,11.90,1.15,168.45,1,-104.00,-12.00,2.00,6.00,39.00,6.00,28371201,67
6.07,1567659335,56.20,51.44968854,7.48838821,251.83,12.12,0.22,170.78,1,-104.00,-12.00,2.00,6.00,39.00,6.00,28371201,67
7.07,1567659336,68.30,51.44957655,7.48840864,251.52,12.34,0.22,172.74,1,-101.00,-10.00,7.00,10.00,41.00,6.00,28371201,67
8.07,1567659337,80.67,51.44946644,7.48842023,251.54,12.62,0.28,175.10,1,-101.00,-10.00,7.00,10.00,41.00,6.00,28371201,67
9.07,1567659338,93.30,51.44935147,7.48842510,251.68,13.02,0.40,176.60,1,-101.00,-10.00,15.00,9.00,40.00,6.00,28371201,67
10.08,1567659339,106.35,51.44924165,7.48842369,251.58,13.24,0.22,178.64,1,-101.00,-10.00,15.00,9.00,40.00,6.00,28371201,67
11.07,1567659340,119.53,51.44912436,7.48841196,251.79,13.66,0.42,180.70,1,-104.00,-12.00,1.00,7.00,39.00,6.00,28371201,67
12.07,1567659341,133.19,51.44900204,7.48839421,251.94,13.67,0.01,183.35,1,-104.00,-12.00,1.00,7.00,39.00,6.00,28371201,67
13.07,1567659342,146.90,51.44888169,7.48836646,251.75,14.22,0.56,186.91,1,-99.00,-7.00,2.00,13.00,40.00,10.00,27771909,119
14.07,1567659343,161.08,51.44875910,7.48832978,251.51,14.13,-0.10,188.64,1,-99.00,-7.00,2.00,13.00,40.00,10.00,27771909,119
15.07,1567659344,175.25,51.44863756,7.48828278,251.52,13.22,-0.91,191.02,1,-99.00,-8.00,9.00,14.00,40.00,10.00,27771909,119
16.07,1567659345,188.45,51.44850799,7.48822572,251.83,14.38,1.17,192.98,1,-99.00,-8.00,9.00,14.00,40.00,10.00,27771909,119
17.07,1567659346,202.78,51.44825577,7.48811857,252.97,13.90,-0.49,193.17,1,-102.00,-9.00,5.00,10.00,38.00,10.00,27771909,119
18.07,1567659347,216.66,51.44412410,7.48080930,252.97,13.90,0.00,193.17,1,-102.00,-9.00,5.00,10.00,38.00,10.00,27771909,119
19.07,1567659348,230.60,51.44813304,7.48806337,253.42,14.33,0.43,193.88,1,-103.00,-8.00,9.00,15.00,36.00,10.00,27771909,119
20.07,1567659349,244.94,51.44800686,7.48800335,253.98,14.55,0.22,193.19,1,-103.00,-8.00,9.00,15.00,36.00,10.00,27771909,119
21.07,1567659350,259.45,51.44787758,7.48795667,254.52,14.60,0.05,191.10,1,-100.00,-6.00,13.00,15.00,37.00,10.00,27771909,119
22.07,1567659351,274.03,51.44774391,7.48791297,254.52,14.69,0.09,189.31,1,-100.00,-6.00,13.00,15.00,37.00,10.00,27771909,119
23.07,1567659352,288.74,51.44761494,7.48788079,254.67,14.51,-0.18,187.65,1,-102.00,-7.00,7.00,15.00,35.00,10.00,27771909,119
24.07,1567659353,303.28,51.44749128,7.48786050,254.69,13.89,-0.62,185.72,1,-102.00,-7.00,7.00,15.00,35.00,10.00,27771909,119
25.07,1567659354,317.20,51.44735282,7.48784600,254.99,14.31,0.43,184.39,1,-101.00,-7.00,12.00,15.00,38.00,10.00,27771909,119
26.07,1567659355,331.43,51.44721601,7.48784480,255.11,14.58,0.27,181.79,1,-101.00,-7.00,12.00,15.00,38.00,10.00,27771909,119
27.07,1567659356,346.05,51.44707641,7.48789193,255.18,14.79,0.22,168.93,1,-101.00,-7.00,12.00,15.00,38.00,10.00,27771909,119
28.07,1567659357,360.80,51.44693774,7.48793730,254.97,14.55,-0.25,168.00,1,-104.00,-9.00,8.00,2.00,36.00,10.00,27771909,119
29.07,1567659358,375.35,51.44680384,7.48799834,254.70,14.62,0.07,166.35,1,-104.00,-9.00,8.00,2.00,36.00,10.00,27771909,119
30.07,1567659359,389.96,51.44667703,7.48806102,254.10,14.39,-0.23,165.33,1,-106.00,-9.00,8.00,2.00,34.00,10.00,27771909,119
31.07,1567659360,404.33,51.44641743,7.48821201,253.83,14.81,0.43,160.09,1,-106.00,-9.00,8.00,2.00,34.00,10.00,27771909,119
32.07,1567659361,419.18,51.44641743,7.48821201,253.83,14.81,0.00,160.09,1,-103.00,-8.00,10.00,2.00,35.00,10.00,27771909,119
33.07,1567659362,433.97,51.44629672,7.48830416,253.83,14.31,-0.50,157.33,1,-103.00,-8.00,10.00,2.00,35.00,10.00,27771909,119
34.07,1567659363,448.30,51.44617417,7.48840745,254.22,14.57,0.25,154.56,1,-102.00,-8.00,10.00,2.00,36.00,10.00,27771909,119
35.07,1567659364,462.87,51.44604790,7.48852045,255.04,14.86,0.29,151.70,1,-102.00,-8.00,10.00,2.00,36.00,10.00,27771909,119
36.07,1567659365,477.72,51.44595226,7.48866974,255.19,14.93,0.07,138.16,1,-101.00,-9.00,8.00,2.00,38.00,10.00,27771909,119
37.07,1567659366,492.67,51.44585360,7.48881762,255.47,15.14,0.21,137.80,1,-101.00,-9.00,8.00,2.00,38.00,10.00,27771909,119
38.07,1567659367,507.79,51.44412410,7.48080930,255.67,15.30,0.16,136.60,1,-105.00,-11.00,11.00,11.00,37.00,6.00,27771909,119
39.07,1567659368,523.14,51.44556710,7.48932668,256.67,15.53,0.22,132.18,1,-105.00,-11.00,11.00,11.00,37.00,6.00,27771909,119
40.07,1567659369,538.63,51.44556710,7.48932668,256.67,15.53,0.00,132.18,1,-107.00,-12.00,0.00,11.00,36.00,6.00,27771909,119
41.07,1567659370,554.16,51.44547710,7.48949501,257.45,15.41,-0.12,132.25,1,-107.00,-12.00,0.00,11.00,36.00,6.00,27771909,119
42.07,1567659371,569.55,51.44530211,7.48984481,258.64,15.63,0.22,130.95,1,-108.00,-13.00,-2.00,11.00,37.00,6.00,27771909,119
43.07,1567659372,585.20,51.44530211,7.48984481,258.64,15.63,0.00,130.95,1,-108.00,-13.00,-2.00,11.00,37.00,6.00,27771909,119
44.07,1567659373,600.84,51.44521718,7.49002130,259.28,15.72,0.09,130.19,1,-106.00,-10.00,-3.00,6.00,35.00,4.00,27771907,118
45.07,1567659374,616.57,51.44513424,7.49020342,260.07,15.86,0.14,129.58,1,-106.00,-10.00,-3.00,6.00,35.00,4.00,27771907,118
46.08,1567659375,632.48,51.44505145,7.49038579,261.19,15.65,-0.21,130.09,1,-105.00,-9.00,4.00,10.00,35.00,4.00,27771907,118
47.07,1567659376,648.05,51.44496889,7.49055581,262.42,15.00,-0.65,130.54,1,-105.00,-9.00,4.00,10.00,35.00,4.00,27771907,118
48.07,1567659377,663.05,51.44488906,7.49072943,263.37,14.28,-0.72,129.30,1,-105.00,-9.00,4.00,10.00,35.00,4.00,27771907,118
49.07,1567659378,677.31,51.44481483,7.49089612,264.20,13.72,-0.56,128.29,1,-103.00,-8.00,4.00,11.00,37.00,4.00,27771907,118
50.07,1567659379,691.04,51.44474984,7.49104588,265.01,13.00,-0.72,127.93,1,-103.00,-8.00,4.00,11.00,37.00,4.00,27771907,118
51.07,1567659380,704.03,51.44468826,7.49119312,265.80,11.93,-1.07,128.29,1,-105.00,-7.00,3.00,8.00,33.00,4.00,27771907,118
52.07,1567659381,715.96,51.44464395,7.49130654,266.78,8.78,-3.15,127.38,1,-105.00,-7.00,3.00,8.00,33.00,4.00,27771907,118
53.07,1567659382,724.76,51.44459658,7.49141880,267.74,6.56,-2.22,126.95,1,-106.00,-6.00,6.00,9.00,32.00,4.00,27771907,118
54.07,1567659383,731.30,51.44457528,7.49147911,268.62,4.27,-2.29,126.84,1,-106.00,-6.00,6.00,9.00,32.00,4.00,27771907,118
55.07,1567659384,735.59,51.44456119,7.49152150,268.70,2.60,-1.67,126.34,1,-104.00,-6.00,10.00,11.00,33.00,4.00,27771907,118
56.07,1567659385,738.18,51.44455850,7.49154142,268.80,1.09,-1.51,126.34,1,-104.00,-6.00,10.00,11.00,33.00,4.00,27771907,118
57.07,1567659386,739.27,51.44455850,7.49154142,268.80,0.00,-1.09,126.34,1,-103.00,-7.00,10.00,9.00,36.00,4.00,27771907,118
58.07,1567659387,739.27,51.44407630,7.48670880,268.79,0.00,0.00,126.34,1,-103.00,-7.00,10.00,9.00,36.00,4.00,27771907,118
59.07,1567659388,739.27,51.44455850,7.49154142,268.78,0.00,0.00,126.34,1,-104.00,-8.00,7.00,8.00,35.00,4.00,27771907,118
60.07,1567659389,739.27,51.44455850,7.49154142,268.77,0.00,0.00,126.34,1,-104.00,-8.00,7.00,8.00,35.00,4.00,27771907,118
61.07,1567659390,739.27,51.44455850,7.49154142,268.75,0.00,0.00,126.34,1,-104.00,-7.00,9.00,8.00,35.00,4.00,27771907,118
62.07,1567659391,739.27,51.44455850,7.49154142,268.74,0.00,0.00,126.34,1,-104.00,-7.00,9.00,8.00,35.00,4.00,27771907,118
63.07,1567659392,739.27,51.44455850,7.49154142,268.73,0.00,0.00,126.34,1,-103.00,-7.00,11.00,13.00,35.00,4.00,27771907,118
64.07,1567659393,739.27,51.44455850,7.49154142,268.71,0.00,0.00,126.34,1,-103.00,-7.00,11.00,13.00,35.00,4.00,27771907,118
65.07,1567659394,739.27,51.44455850,7.49154142,268.70,0.00,0.00,126.34,1,-100.00,-5.00,9.00,9.00,37.00,4.00,27771907,118
66.07,1567659395,739.27,51.44455850,7.49154142,268.70,0.00,0.00,126.34,1,-100.00,-5.00,9.00,9.00,37.00,4.00,27771907,118
67.07,1567659396,739.27,51.44455850,7.49154142,268.71,0.00,0.00,126.34,1,-100.00,-5.00,11.00,10.00,37.00,4.00,27771907,118
68.07,1567659397,739.27,51.44455850,7.49154142,268.71,0.00,0.00,126.34,1,-100.00,-5.00,11.00,10.00,37.00,4.00,27771907,118
69.07,1567659398,739.27,51.44455850,7.49154142,268.73,0.00,0.00,126.34,1,-100.00,-5.00,11.00,10.00,37.00,4.00,27771907,118
70.07,1567659399,739.27,51.44455850,7.49154142,268.77,0.00,0.00,126.34,1,-102.00,-6.00,12.00,9.00,36.00,4.00,27771907,118
71.07,1567659400,739.27,51.44455850,7.49154142,268.79,0.00,0.00,126.34,1,-102.00,-6.00,12.00,9.00,36.00,4.00,27771907,118
72.07,1567659401,739.27,51.44455850,7.49154142,268.79,0.00,0.00,126.34,1,-100.00,-5.00,10.00,2.00,36.00,4.00,27771907,118
73.07,1567659402,739.27,51.44455850,7.49154142,268.81,0.00,0.00,126.34,1,-100.00,-5.00,10.00,2.00,36.00,4.00,27771907,118
74.07,1567659403,739.27,51.44455850,7.49154142,268.84,0.00,0.00,126.34,1,-102.00,-5.00,12.00,2.00,36.00,4.00,27771907,118
75.07,1567659404,739.27,51.44455850,7.49154142,268.86,0.00,0.00,126.34,1,-102.00,-5.00,12.00,2.00,36.00,4.00,27771907,118
76.07,1567659405,739.27,51.44455850,7.49154142,268.89,0.00,0.00,126.34,1,-102.00,-6.00,12.00,2.00,36.00,4.00,27771907,118
77.07,1567659406,739.27,51.44455850,7.49154142,268.94,0.00,0.00,126.34,1,-102.00,-6.00,12.00,2.00,36.00,4.00,27771907,118
78.07,1567659407,739.27,51.44407630,7.48670880,268.94,0.00,0.00,126.34,1,-102.00,-6.00,10.00,2.00,36.00,4.00,27771907,118
79.07,1567659408,739.27,51.44455850,7.49154142,269.00,0.00,0.00,126.34,1,-102.00,-6.00,10.00,2.00,36.00,4.00,27771907,118
80.07,1567659409,739.27,51.44455850,7.49154142,269.00,0.00,0.00,126.34,1,-103.00,-6.00,10.00,2.00,35.00,4.00,27771907,118
81.07,1567659410,739.27,51.44455850,7.49154142,269.06,0.00,0.00,126.34,1,-103.00,-6.00,10.00,2.00,35.00,4.00,27771907,118
82.07,1567659411,739.27,51.44455850,7.49154142,269.06,0.00,0.00,126.34,1,-102.00,-6.00,14.00,2.00,36.00,4.00,27771907,118
83.07,1567659412,739.27,51.44455846,7.49154163,269.09,0.00,0.00,126.34,1,-102.00,-6.00,14.00,2.00,36.00,4.00,27771907,118
84.07,1567659413,739.27,51.44453873,7.49159601,269.62,0.00,0.00,124.26,1,-101.00,-6.00,13.00,2.00,37.00,4.00,27771907,118
85.07,1567659414,739.27,51.44451015,7.49165652,269.78,1.81,0.00,130.49,1,-101.00,-6.00,13.00,2.00,37.00,4.00,27771907,118
86.07,1567659415,741.08,51.44451015,7.49165652,269.78,1.81,0.00,130.49,1,-100.00,-6.00,11.00,2.00,37.00,4.00,27771907,118
87.07,1567659416,742.88,51.44446303,7.49169730,271.13,3.07,1.26,158.46,1,-100.00,-6.00,11.00,2.00,37.00,4.00,27771907,118
88.08,1567659417,745.97,51.44440353,7.49170198,272.81,4.41,1.33,184.55,1,-97.00,-5.00,14.00,2.00,41.00,4.00,27771907,118
89.07,1567659418,750.35,51.44434775,7.49165377,273.69,5.73,1.33,207.03,1,-97.00,-5.00,14.00,2.00,41.00,4.00,27771907,118
90.07,1567659419,756.09,51.44428711,7.49157979,274.01,6.89,1.16,216.16,1,-97.00,-5.00,14.00,2.00,41.00,4.00,27771907,118
91.07,1567659420,762.95,51.44421567,7.49149213,274.33,10.37,3.50,215.62,1,-92.00,-5.00,16.00,2.00,46.00,4.00,27771907,118
92.07,1567659421,773.35,51.44406268,7.49131236,273.83,12.57,2.19,215.26,1,-92.00,-5.00,16.00,2.00,46.00,4.00,27771907,118
93.08,1567659422,785.97,51.44406268,7.49131236,273.83,12.57,0.00,215.26,1,-87.00,-5.00,18.00,13.00,50.00,5.00,27771907,118
94.07,1567659423,798.50,51.44387843,7.49110428,273.95,14.27,1.70,213.93,1,-87.00,-5.00,18.00,13.00,50.00,5.00,27771907,118
95.07,1567659424,812.77,51.44387843,7.49110428,273.95,14.27,0.00,213.93,1,-76.00,-5.00,27.00,15.00,62.00,5.00,27771907,118
96.07,1567659425,827.03,51.44377203,7.49098233,273.87,14.84,0.57,214.55,1,-76.00,-5.00,27.00,15.00,62.00,5.00,27771907,118
97.07,1567659426,841.83,51.44365814,7.49085729,274.12,15.28,0.44,215.16,1,-72.00,-6.00,22.00,15.00,63.00,5.00,27771907,118
98.07,1567659427,857.11,51.44407630,7.48670880,274.90,15.59,0.31,215.61,1,-72.00,-6.00,22.00,15.00,63.00,5.00,27771907,118
99.07,1567659428,872.78,51.44342131,7.49059563,275.76,15.54,-0.05,215.95,1,-83.00,-6.00,22.00,15.00,55.00,5.00,27771907,118
100.07,1567659429,888.29,51.44318514,7.49032700,276.59,15.79,0.25,216.88,1,-83.00,-6.00,22.00,15.00,55.00,5.00,27771907,118
101.07,1567659430,904.04,51.44318514,7.49032700,276.59,15.79,0.00,216.88,1,-92.00,-6.00,16.00,12.00,46.00,5.00,27771907,118
102.07,1567659431,919.84,51.44296052,7.49005335,277.66,16.15,0.37,216.71,1,-92.00,-6.00,16.00,12.00,46.00,5.00,27771907,118
103.07,1567659432,935.99,51.44296052,7.49005335,277.66,16.15,0.00,216.71,1,-87.00,-6.00,26.00,12.00,50.00,5.00,27771907,118
104.07,1567659433,952.15,51.44284890,7.48991390,278.17,16.20,0.05,216.81,1,-87.00,-6.00,26.00,12.00,50.00,5.00,27771907,118
105.07,1567659434,968.38,51.44273523,7.48977316,278.46,16.07,-0.13,216.09,1,-82.00,-5.00,25.00,12.00,55.00,5.00,27771907,118
106.07,1567659435,984.42,51.44263276,7.48964847,278.10,15.76,-0.31,215.23,1,-82.00,-5.00,25.00,12.00,55.00,5.00,27771907,118
107.07,1567659436,1000.19,51.44252528,7.48951950,277.65,15.28,-0.48,215.98,1,-74.00,-6.00,22.00,15.00,63.00,5.00,27771907,118
108.07,1567659437,1015.47,51.44242129,7.48938952,277.03,15.36,0.08,216.82,1,-74.00,-6.00,22.00,15.00,63.00,5.00,27771907,118
109.08,1567659438,1030.95,51.44221668,7.48913756,276.51,14.66,-0.70,217.95,1,-80.00,-5.00,29.00,15.00,57.00,5.00,27771907,118
110.07,1567659439,1045.47,51.44211438,7.48900159,276.15,14.61,-0.05,218.64,1,-80.00,-5.00,29.00,15.00,57.00,5.00,27771907,118
111.07,1567659440,1060.09,51.44200469,7.48885738,276.11,14.59,-0.02,219.06,1,-80.00,-5.00,29.00,15.00,57.00,5.00,27771907,118
112.07,1567659441,1074.68,51.44200469,7.48885738,276.11,14.59,0.00,219.06,1,-79.00,-7.00,28.00,13.00,54.00,5.00,27771907,118
113.07,1567659442,1089.28,51.44190113,7.48871590,275.99,14.60,0.01,220.97,1,-79.00,-7.00,28.00,13.00,54.00,5.00,27771907,118
114.07,1567659443,1103.88,51.44179441,7.48856313,275.49,15.12,0.52,220.30,1,-77.00,-5.00,22.00,15.00,60.00,5.00,27771907,118
115.07,1567659444,1119.00,51.44168291,7.48839801,275.67,15.76,0.64,221.51,1,-77.00,-5.00,22.00,15.00,60.00,5.00,27771907,118
116.07,1567659445,1134.76,51.44157534,7.48822225,275.61,15.59,-0.17,224.54,1,-76.00,-5.00,30.00,15.00,60.00,5.00,27771907,118
117.07,1567659446,1150.35,51.44147363,7.48803237,275.51,15.05,-0.54,226.82,1,-76.00,-5.00,30.00,15.00,60.00,5.00,27771907,118
118.07,1567659447,1165.40,51.44128676,7.48766549,275.45,15.71,0.66,229.11,1,-82.00,-7.00,25.00,14.00,57.00,5.00,27771907,118
119.07,1567659448,1181.15,51.44407630,7.48670880,275.45,15.71,0.00,229.11,1,-82.00,-7.00,25.00,14.00,57.00,5.00,27771907,118
120.07,1567659449,1196.83,51.44120521,7.48748289,275.08,15.43,-0.28,230.40,1,-86.00,-6.00,26.00,15.00,51.00,5.00,27771907,118
121.07,1567659450,1212.32,51.44112184,7.48729812,274.97,15.35,-0.08,231.33,1,-86.00,-6.00,26.00,15.00,51.00,5.00,27771907,118
122.07,1567659451,1227.61,51.44104494,7.48711751,274.92,15.14,-0.22,231.97,1,-87.00,-7.00,18.00,11.00,51.00,5.00,27771907,118
123.07,1567659452,1242.76,51.44096600,7.48694422,274.77,15.23,0.09,232.75,1,-87.00,-7.00,18.00,11.00,51.00,5.00,27771907,118
124.08,1567659453,1258.14,51.44088749,7.48676896,274.89,15.30,0.07,232.52,1,-85.00,-6.00,13.00,6.00,53.00,1.00,27771908,117
125.07,1567659454,1273.29,51.44081194,7.48660141,274.99,15.14,-0.16,231.79,1,-85.00,-6.00,13.00,6.00,53.00,1.00,27771908,117
126.07,1567659455,1288.44,51.44073163,7.48642712,275.31,14.44,-0.70,232.84,1,-82.00,-6.00,24.00,15.00,54.00,1.00,27771908,117
127.07,1567659456,1302.86,51.44065213,7.48625541,275.54,14.77,0.32,232.19,1,-82.00,-6.00,24.00,15.00,54.00,1.00,27771908,117
128.07,1567659457,1317.63,51.44048650,7.48589967,276.61,14.86,0.09,232.53,1,-78.00,-4.00,24.00,15.00,58.00,1.00,27771908,117
129.07,1567659458,1332.53,51.44048650,7.48589967,276.61,14.86,0.00,232.53,1,-78.00,-4.00,24.00,15.00,58.00,1.00,27771908,117
130.08,1567659459,1347.43,51.44040441,7.48572080,277.00,14.82,-0.04,233.16,1,-75.00,-5.00,37.00,15.00,63.00,1.00,27771908,117
131.07,1567659460,1362.16,51.44032947,7.48555513,277.18,14.70,-0.12,233.22,1,-75.00,-5.00,37.00,15.00,63.00,1.00,27771908,117
132.07,1567659461,1376.89,51.44025242,7.48539139,277.67,14.64,-0.07,231.94,1,-75.00,-5.00,37.00,15.00,63.00,1.00,27771908,117
133.07,1567659462,1391.49,51.44017468,7.48523120,278.18,13.80,-0.84,232.49,1,-71.00,-4.00,33.00,15.00,63.00,1.00,27771908,117
134.07,1567659463,1405.28,51.44009763,7.48506583,278.61,13.73,-0.06,233.17,1,-71.00,-4.00,33.00,15.00,63.00,1.00,27771908,117
135.07,1567659464,1419.03,51.44001682,7.48489541,278.66,13.84,0.11,232.18,1,-75.00,-5.00,26.00,15.00,62.00,1.00,27771908,117
136.07,1567659465,1432.90,51.43993949,7.48472823,278.89,13.67,-0.17,232.23,1,-75.00,-5.00,26.00,15.00,62.00,1.00,27771908,117
137.07,1567659466,1446.54,51.43986399,7.48456358,279.43,13.80,0.13,232.22,1,-76.00,-5.00,23.00,15.00,61.00,1.00,27771908,117
138.07,1567659467,1460.35,51.43978818,7.48440181,280.14,13.72,-0.09,233.06,1,-76.00,-5.00,23.00,15.00,61.00,1.00,27771908,117
139.07,1567659468,1474.09,51.43728540,7.47938930,280.73,13.84,0.12,232.29,1,-71.00,-6.00,27.00,15.00,63.00,1.00,27771908,117
140.07,1567659469,1487.90,51.43964408,7.48408694,281.00,13.75,-0.08,233.94,1,-71.00,-6.00,27.00,15.00,63.00,1.00,27771908,117
141.07,1567659470,1501.65,51.43949022,7.48373846,281.72,14.33,0.57,235.96,1,-79.00,-7.00,31.00,15.00,59.00,1.00,27771908,117
142.07,1567659471,1515.98,51.43949022,7.48373846,281.72,14.33,0.00,235.96,1,-79.00,-7.00,31.00,15.00,59.00,1.00,27771908,117
143.07,1567659472,1530.31,51.43942058,7.48357181,282.04,13.90,-0.42,236.62,1,-77.00,-5.00,11.00,15.00,61.00,1.00,27771908,117
144.07,1567659473,1544.21,51.43934656,7.48339056,282.14,14.12,0.22,237.13,1,-77.00,-5.00,11.00,15.00,61.00,1.00,27771908,117
145.07,1567659474,1558.33,51.43927454,7.48321213,282.45,14.28,0.16,237.56,1,-80.00,-6.00,39.00,15.00,58.00,1.00,27771908,117
146.07,1567659475,1572.60,51.43920318,7.48302419,282.76,13.98,-0.30,238.38,1,-80.00,-6.00,39.00,15.00,58.00,1.00,27771908,117
147.07,1567659476,1586.59,51.43912813,7.48282732,283.07,13.95,-0.03,238.77,1,-86.00,-5.00,39.00,15.00,49.00,1.00,27771908,117
148.07,1567659477,1600.54,51.43905573,7.48262618,283.05,14.94,0.99,239.47,1,-86.00,-5.00,39.00,15.00,49.00,1.00,27771908,117
149.07,1567659478,1615.49,51.43898543,7.48242169,283.31,15.05,0.11,239.16,1,-88.00,-5.00,35.00,15.00,47.00,1.00,27771908,117
150.07,1567659479,1630.54,51.43892083,7.48223590,283.31,14.25,-0.81,239.97,1,-88.00,-5.00,35.00,15.00,47.00,1.00,27771908,117
151.07,1567659480,1644.83,51.43879496,7.48185578,283.54,14.18,-0.07,240.22,1,-95.00,-6.00,33.00,15.00,39.00,1.00,27771908,117
152.07,1567659481,1658.98,51.43879496,7.48185578,283.54,14.18,0.00,240.22,1,-95.00,-6.00,33.00,15.00,39.00,1.00,27771908,117
153.07,1567659482,1673.14,51.43872521,7.48165223,283.65,14.72,0.55,240.39,1,-95.00,-6.00,33.00,15.00,39.00,1.00,27771908,117
154.09,1567659483,1688.13,51.43866325,7.48145389,283.62,15.46,0.72,241.30,1,-100.00,-6.00,27.00,12.00,34.00,1.00,27771908,117
155.07,1567659484,1703.34,51.43860160,7.48126500,283.63,15.27,-0.19,240.36,1,-100.00,-6.00,27.00,12.00,34.00,1.00,27771908,117
156.07,1567659485,1718.57,51.43853624,7.48107638,284.12,15.27,-0.00,239.40,1,-102.00,-6.00,11.00,11.00,35.00,1.00,27771908,117
157.07,1567659486,1733.85,51.43846877,7.48088471,284.36,15.02,-0.25,238.98,1,-102.00,-6.00,11.00,11.00,35.00,1.00,27771908,117
158.07,1567659487,1748.89,51.43840401,7.48069323,284.33,15.43,0.41,239.83,1,-106.00,-6.00,24.00,10.00,30.00,1.00,27771908,117
159.07,1567659488,1764.30,51.43728540,7.47938930,284.50,14.61,-0.82,239.45,1,-106.00,-6.00,24.00,10.00,30.00,1.00,27771908,117
160.07,1567659489,1778.93,51.43826504,7.48030670,284.46,14.71,0.10,240.34,1,-110.00,-7.00,7.00,8.00,27.00,1.00,27771908,117
161.07,1567659490,1793.67,51.43820180,7.48011035,284.21,14.53,-0.18,241.37,1,-110.00,-7.00,7.00,8.00,27.00,1.00,27771908,117
162.08,1567659491,1808.29,51.43808336,7.47975411,283.53,13.24,-1.28,242.17,1,-112.00,-9.00,4.00,11.00,27.00,1.00,27771908,117
163.07,1567659492,1821.44,51.43808336,7.47975411,283.53,13.24,0.00,242.17,1,-112.00,-9.00,4.00,11.00,27.00,1.00,27771908,117
164.07,1567659493,1834.66,51.43802026,7.47956031,283.72,14.12,0.88,242.88,1,-100.00,-11.00,2.00,7.00,41.00,8.00,27771905,488
165.07,1567659494,1848.77,51.43796466,7.47938109,284.07,13.85,-0.27,243.08,1,-100.00,-11.00,2.00,7.00,41.00,8.00,27771905,488
166.07,1567659495,1862.61,51.43791027,7.47919935,284.01,12.82,-1.03,244.87,1,-100.00,-12.00,-1.00,7.00,41.00,8.00,27771905,488
167.07,1567659496,1875.44,51.43785609,7.47901953,283.77,12.65,-0.17,244.26,1,-100.00,-12.00,-1.00,7.00,41.00,8.00,27771905,488
168.07,1567659497,1888.08,51.43779672,7.47882795,283.43,13.69,1.04,243.45,1,-100.00,-14.00,-3.00,5.00,44.00,8.00,27771905,488
169.07,1567659498,1901.77,51.43774198,7.47864872,283.59,12.96,-0.73,243.95,1,-100.00,-14.00,-3.00,5.00,44.00,8.00,27771905,488
170.07,1567659499,1914.73,51.43767752,7.47844883,283.60,13.31,0.34,242.69,1,-98.00,-10.00,-3.00,6.00,41.00,12.00,35484416,88
171.07,1567659500,1928.04,51.43762370,7.47827674,284.28,12.74,-0.57,243.46,1,-98.00,-10.00,-3.00,6.00,41.00,12.00,35484416,88
172.08,1567659501,1940.86,51.43757475,7.47810500,285.11,12.81,0.07,244.44,1,-98.00,-9.00,9.00,10.00,40.00,12.00,35484416,88
173.07,1567659502,1953.59,51.43752130,7.47792289,285.25,13.04,0.23,245.30,1,-98.00,-9.00,9.00,10.00,40.00,12.00,35484416,88
174.07,1567659503,1966.66,51.43746321,7.47772992,285.20,12.85,-0.19,244.79,1,-98.00,-9.00,9.00,10.00,40.00,12.00,35484416,88
175.07,1567659504,1979.47,51.43740040,7.47753276,285.51,13.86,1.01,244.14,1,-98.00,-11.00,9.00,12.00,41.00,12.00,35484416,88
176.07,1567659505,1993.34,51.43733984,7.47735545,285.76,13.60,-0.26,242.89,1,-98.00,-11.00,9.00,12.00,41.00,12.00,35484416,88
177.07,1567659506,2006.93,51.43727301,7.47715587,285.32,13.19,-0.40,242.17,1,-95.00,-10.00,3.00,11.00,43.00,12.00,35484416,88
178.07,1567659507,2020.12,51.43720944,7.47696285,285.32,13.33,0.14,243.68,1,-95.00,-10.00,3.00,11.00,43.00,12.00,35484416,88
179.07,1567659508,2033.47,51.42979870,7.47779520,285.66,12.67,-0.66,247.64,1,-97.00,-10.00,4.00,8.00,42.00,12.00,35484416,88
180.07,1567659509,2046.14,51.43714332,7.47655765,286.48,11.97,-0.70,265.65,1,-97.00,-10.00,4.00,8.00,42.00,12.00,35484416,88
181.07,1567659510,2058.11,51.43716421,7.47639132,287.07,10.61,-1.37,282.91,1,-103.00,-13.00,16.00,9.00,39.00,12.00,35484416,88
182.07,1567659511,2068.72,51.43721547,7.47627255,287.89,9.39,-1.22,305.92,1,-103.00,-13.00,16.00,9.00,39.00,12.00,35484416,88
183.07,1567659512,2078.11,51.43728673,7.47618339,288.21,8.91,-0.48,328.06,1,-96.00,-10.00,1.00,8.00,44.00,12.00,35484416,88
184.07,1567659513,2087.04,51.43737011,7.47615619,288.28,9.54,0.62,352.04,1,-96.00,-10.00,1.00,8.00,44.00,12.00,35484416,88
185.07,1567659514,2096.56,51.43754451,7.47624302,288.15,9.90,0.36,39.74,1,-88.00,-6.00,10.00,13.00,47.00,11.00,27771905,488
186.07,1567659515,2106.46,51.43761655,7.47637250,288.29,10.29,0.39,55.19,1,-88.00,-6.00,10.00,13.00,47.00,11.00,27771905,488
187.07,1567659516,2116.74,51.43761655,7.47637250,288.29,10.29,0.00,55.19,1,-79.00,-5.00,14.00,10.00,56.00,11.00,27771905,488
188.07,1567659517,2127.04,51.43767207,7.47649612,288.53,11.32,1.03,54.41,1,-79.00,-5.00,14.00,10.00,56.00,11.00,27771905,488
189.07,1567659518,2138.37,51.43774287,7.47665573,288.61,13.48,2.15,53.92,1,-77.00,-5.00,16.00,15.00,58.00,11.00,27771905,488
190.07,1567659519,2151.84,51.43781676,7.47681846,288.59,14.29,0.81,53.87,1,-77.00,-5.00,16.00,15.00,58.00,11.00,27771905,488
191.07,1567659520,2166.13,51.43789515,7.47699271,288.69,15.18,0.89,54.69,1,-79.00,-5.00,19.00,15.00,56.00,11.00,27771905,488
192.07,1567659521,2181.30,51.43797039,7.47717521,288.72,15.83,0.65,55.50,1,-79.00,-5.00,19.00,15.00,56.00,11.00,27771905,488
193.07,1567659522,2197.13,51.43805077,7.47736198,288.75,16.52,0.70,55.89,1,-76.00,-4.00,21.00,12.00,59.00,11.00,27771905,488
194.07,1567659523,2213.67,51.43814363,7.47757734,288.69,18.01,1.48,55.89,1,-76.00,-4.00,21.00,12.00,59.00,11.00,27771905,488
195.07,1567659524,2231.75,51.43824256,7.47780742,288.68,18.92,0.91,55.27,1,-75.00,-4.00,19.00,12.00,61.00,11.00,27771905,488
196.07,1567659525,2250.64,51.43834317,7.47803993,288.60,19.56,0.64,55.33,1,-75.00,-4.00,19.00,12.00,61.00,11.00,27771905,488
197.07,1567659526,2270.14,51.43844075,7.47827700,288.41,20.36,0.80,56.02,1,-75.00,-4.00,19.00,12.00,61.00,11.00,27771905,488
198.07,1567659527,2290.53,51.43854557,7.47852452,288.29,21.06,0.70,56.16,1,-77.00,-5.00,16.00,15.00,58.00,11.00,27771905,488
199.07,1567659528,2311.57,51.43898690,7.47858100,288.35,21.76,0.70,56.92,1,-77.00,-5.00,16.00,15.00,58.00,11.00,27771905,488
200.07,1567659529,2333.33,51.43874809,7.47903863,288.32,22.30,0.54,57.08,1,-79.00,-5.00,19.00,10.00,56.00,11.00,27771905,488
201.07,1567659530,2355.65,51.43885509,7.47930959,288.30,22.87,0.57,57.02,1,-79.00,-5.00,19.00,10.00,56.00,11.00,27771905,488
202.07,1567659531,2378.57,51.43896781,7.47958981,288.21,23.81,0.94,55.86,1,-80.00,-5.00,16.00,10.00,56.00,11.00,27771905,488
203.07,1567659532,2402.28,51.43908390,7.47987737,288.05,24.01,0.20,57.20,1,-80.00,-5.00,16.00,10.00,56.00,11.00,27771905,488
204.07,1567659533,2426.34,51.43921271,7.48016367,288.12,25.02,1.01,55.18,1,-83.00,-5.00,21.00,12.00,52.00,11.00,27771905,488
205.07,1567659534,2451.34,51.43935660,7.48047238,288.21,25.64,0.62,53.17,1,-83.00,-5.00,21.00,12.00,52.00,11.00,27771905,488
206.07,1567659535,2477.00,51.43949594,7.48076935,287.85,25.78,0.14,53.82,1,-82.00,-5.00,19.00,12.00,54.00,11.00,27771905,488
207.07,1567659536,2502.75,51.43963833,7.48105886,287.58,25.29,-0.48,52.16,1,-82.00,-5.00,19.00,12.00,54.00,11.00,27771905,488
208.07,1567659537,2528.17,51.43977973,7.48134836,287.25,25.47,0.18,52.71,1,-82.00,-5.00,20.00,9.00,53.00,11.00,27771905,488
209.07,1567659538,2553.52,51.44008778,7.48191617,286.38,25.90,0.42,48.11,1,-82.00,-5.00,20.00,9.00,53.00,11.00,27771905,488
210.07,1567659539,2579.49,51.44008778,7.48191617,286.38,25.90,0.00,48.11,1,-78.00,-5.00,18.00,14.00,57.00,11.00,27771905,488
211.07,1567659540,2605.31,51.44043371,7.48245508,284.80,26.74,0.85,43.08,1,-78.00,-5.00,18.00,14.00,57.00,11.00,27771905,488
212.07,1567659541,2632.14,51.44043371,7.48245508,284.80,26.74,0.00,43.08,1,-75.00,-5.00,22.00,15.00,60.00,11.00,27771905,488
213.07,1567659542,2658.86,51.44062606,7.48272139,283.63,26.59,-0.15,41.43,1,-75.00,-5.00,22.00,15.00,60.00,11.00,27771905,488
214.07,1567659543,2685.47,51.44080960,7.48297491,282.82,26.25,-0.34,41.47,1,-70.00,-5.00,21.00,2.00,63.00,11.00,27771905,488
215.07,1567659544,2711.62,51.44099619,7.48322233,281.89,26.23,-0.02,39.66,1,-70.00,-5.00,21.00,2.00,63.00,11.00,27771905,488
216.08,1567659545,2738.08,51.44137882,7.48367468,280.29,26.41,0.18,34.87,1,-86.00,-5.00,6.00,2.00,49.00,11.00,27771908,117
217.07,1567659546,2764.31,51.44137882,7.48367468,280.29,26.41,0.00,34.87,1,-86.00,-5.00,6.00,2.00,49.00,11.00,27771908,117
218.07,1567659547,2790.72,51.44156924,7.48387941,279.53,26.29,-0.13,33.08,1,-86.00,-5.00,6.00,2.00,49.00,11.00,27771908,117
219.07,1567659548,2817.06,51.43728540,7.47938930,278.79,26.24,-0.04,30.44,1,-87.00,-5.00,15.00,2.00,49.00,11.00,27771908,117
220.07,1567659549,2843.20,51.44216918,7.48443180,277.59,26.10,-0.14,26.94,1,-87.00,-5.00,15.00,2.00,49.00,11.00,27771908,117
221.07,1567659550,2869.33,51.44216918,7.48443180,277.59,26.10,0.00,26.94,1,-90.00,-8.00,4.00,10.00,50.00,1.00,27771908,117
222.07,1567659551,2895.46,51.44258735,7.48475808,277.25,26.00,-0.10,25.46,1,-90.00,-8.00,4.00,10.00,50.00,1.00,27771908,117
223.07,1567659552,2921.43,51.44258735,7.48475808,277.25,26.00,0.00,25.46,1,-85.00,-6.00,4.00,6.00,50.00,1.00,27771909,119
224.07,1567659553,2947.43,51.44280116,7.48491446,276.84,26.01,0.01,24.46,1,-85.00,-6.00,4.00,6.00,50.00,1.00,27771909,119
225.07,1567659554,2973.44,51.44322943,7.48521720,275.89,25.91,-0.11,23.35,1,-76.00,-7.00,24.00,15.00,60.00,1.00,27771909,119
226.07,1567659555,2999.35,51.44322943,7.48521720,275.89,25.91,0.00,23.35,1,-76.00,-7.00,24.00,15.00,60.00,1.00,27771909,119
227.07,1567659556,3025.26,51.44365041,7.48550588,274.78,25.04,-0.86,22.97,1,-82.00,-5.00,25.00,14.00,52.00,1.00,27771909,119
228.07,1567659557,3050.28,51.44365041,7.48550588,274.78,25.04,0.00,22.97,1,-82.00,-5.00,25.00,14.00,52.00,1.00,27771909,119
229.07,1567659558,3075.35,51.44403369,7.48575378,273.47,22.56,-2.49,21.47,1,-73.00,-4.00,21.00,1.00,63.00,1.00,27771909,119
230.07,1567659559,3097.95,51.44403369,7.48575378,273.47,22.56,0.00,21.47,1,-73.00,-4.00,21.00,1.00,63.00,1.00,27771909,119
231.07,1567659560,3120.46,51.44420192,7.48586568,273.08,20.38,-2.18,23.06,1,-79.00,-5.00,26.00,13.00,60.00,1.00,27771909,119
232.07,1567659561,3140.84,51.44435779,7.48598906,272.42,18.40,-1.98,27.13,1,-79.00,-5.00,26.00,13.00,60.00,1.00,27771909,119
233.07,1567659562,3159.24,51.44449749,7.48611690,271.71,16.73,-1.66,29.91,1,-78.00,-5.00,20.00,13.00,58.00,1.00,27771909,119
234.07,1567659563,3175.97,51.44459076,7.48627650,270.89,15.16,-1.58,48.62,1,-78.00,-5.00,20.00,13.00,58.00,1.00,27771909,119
235.07,1567659564,3191.11,51.44466430,7.48643701,270.30,14.56,-0.60,52.54,1,-85.00,-6.00,30.00,13.00,52.00,1.00,27771909,119
236.07,1567659565,3205.67,51.44469512,7.48663600,269.76,14.79,0.23,76.76,1,-85.00,-6.00,30.00,13.00,52.00,1.00,27771909,119
237.08,1567659566,3220.60,51.44469336,7.48685403,269.24,14.49,-0.29,93.26,1,-89.00,-6.00,16.00,13.00,48.00,1.00,27771909,119
238.07,1567659567,3234.97,51.44465242,7.48705301,268.83,14.46,-0.04,111.39,1,-89.00,-6.00,16.00,13.00,48.00,1.00,27771909,119
239.07,1567659568,3249.45,51.44412410,7.48080930,268.26,14.70,0.24,129.69,1,-89.00,-6.00,16.00,13.00,48.00,1.00,27771909,119
240.07,1567659569,3264.16,51.44448494,7.48734673,267.57,14.24,-0.46,143.13,1,-88.00,-8.00,2.00,12.00,52.00,1.00,27771909,119
241.07,1567659570,3278.36,51.44437333,7.48744496,267.31,15.03,0.79,156.07,1,-88.00,-8.00,2.00,12.00,52.00,1.00,27771909,119
242.07,1567659571,3293.39,51.44426034,7.48748133,267.26,14.56,-0.46,170.90,1,-74.00,-5.00,25.00,13.00,63.00,1.00,27771909,119
243.07,1567659572,3307.95,51.44413214,7.48747078,267.43,14.67,0.10,189.05,1,-74.00,-5.00,25.00,13.00,63.00,1.00,27771909,119
244.07,1567659573,3322.65,51.44401537,7.48740755,267.08,15.34,0.67,201.78,1,-72.00,-4.00,16.00,2.00,58.00,1.00,27771909,119
245.07,1567659574,3337.95,51.44392072,7.48729458,266.50,14.92,-0.41,219.84,1,-72.00,-4.00,16.00,2.00,58.00,1.00,27771909,119
246.07,1567659575,3352.86,51.44380937,7.48696960,265.48,14.65,-0.27,252.65,1,-82.00,-10.00,15.00,2.00,58.00,1.00,27771909,119
247.07,1567659576,3367.53,51.44380937,7.48696960,265.48,14.65,0.00,252.65,1,-82.00,-10.00,15.00,2.00,58.00,1.00,27771909,119
248.07,1567659577,3382.22,51.44379481,7.48675593,265.25,14.99,0.34,266.42,1,-84.00,-8.00,20.00,2.00,57.00,1.00,27771909,119
249.07,1567659578,3397.21,51.44378540,7.48654518,265.20,15.58,0.58,267.30,1,-84.00,-8.00,20.00,2.00,57.00,1.00,27771909,119
250.07,1567659579,3412.77,51.44377799,7.48631118,265.28,16.19,0.61,268.26,1,-84.00,-6.00,21.00,2.00,56.00,1.00,27771909,119
251.07,1567659580,3428.91,51.44377179,7.48606835,265.38,16.84,0.66,267.77,1,-84.00,-6.00,21.00,2.00,56.00,1.00,27771909,119
252.07,1567659581,3445.77,51.44376401,7.48581941,265.39,17.72,0.88,267.98,1,-82.00,-5.00,24.00,2.00,55.00,1.00,27771909,119
253.07,1567659582,3463.49,51.44375766,7.48555380,265.61,16.59,-1.14,267.53,1,-82.00,-5.00,24.00,2.00,55.00,1.00,27771909,119
254.07,1567659583,3480.06,51.44374909,7.48529228,264.75,18.25,1.67,266.96,1,-80.00,-4.00,16.00,2.00,56.00,1.00,27771909,119
255.07,1567659584,3498.33,51.44374149,7.48501572,264.89,20.01,1.75,267.51,1,-80.00,-4.00,16.00,2.00,56.00,1.00,27771909,119
256.07,1567659585,3518.36,51.44373227,7.48473936,265.75,20.86,0.85,268.05,1,-85.00,-5.00,23.00,2.00,51.00,1.00,27771909,119
257.07,1567659586,3539.24,51.44371754,7.48411174,266.33,22.46,1.60,268.26,1,-85.00,-5.00,23.00,2.00,51.00,1.00,27771909,119
258.08,1567659587,3561.81,51.44371754,7.48411174,266.33,22.46,0.00,268.26,1,-85.00,-6.00,23.00,2.00,51.00,1.00,27771909,119
259.07,1567659588,3584.09,51.44412410,7.48080930,266.17,23.28,0.83,267.70,1,-85.00,-6.00,23.00,2.00,51.00,1.00,27771909,119
260.07,1567659589,3607.40,51.44370591,7.48344035,265.93,23.95,0.67,267.93,1,-85.00,-6.00,23.00,2.00,51.00,1.00,27771909,119
261.07,1567659590,3631.35,51.44369869,7.48308357,265.69,24.40,0.44,267.53,1,-81.00,-6.00,26.00,2.00,55.00,1.00,27771909,119
262.07,1567659591,3655.75,51.44368849,7.48272013,265.70,25.16,0.77,266.93,1,-81.00,-6.00,26.00,2.00,55.00,1.00,27771909,119
263.07,1567659592,3680.89,51.44367831,7.48235286,265.89,25.91,0.75,266.46,1,-82.00,-7.00,23.00,2.00,55.00,1.00,27771909,119
264.07,1567659593,3706.82,51.44366510,7.48197536,265.84,26.49,0.58,266.82,1,-82.00,-7.00,23.00,2.00,55.00,1.00,27771909,119
265.07,1567659594,3733.34,51.44363760,7.48119119,265.71,27.62,1.12,266.22,1,-89.00,-8.00,19.00,2.00,50.00,1.00,27771909,119
266.07,1567659595,3760.93,51.44363760,7.48119119,265.71,27.62,0.00,266.22,1,-89.00,-8.00,19.00,2.00,50.00,1.00,27771909,119
267.07,1567659596,3788.55,51.44361782,7.48077971,265.74,28.16,0.54,265.71,1,-91.00,-7.00,14.00,2.00,47.00,1.00,27771909,119
268.07,1567659597,3816.71,51.44359838,7.48037624,265.77,28.42,0.27,264.89,1,-91.00,-7.00,14.00,2.00,47.00,1.00,27771909,119
269.07,1567659598,3845.13,51.44356888,7.47996769,265.61,29.01,0.59,263.48,1,-94.00,-7.00,14.00,2.00,44.00,1.00,27771909,119
270.07,1567659599,3874.11,51.44353554,7.47954636,265.41,29.72,0.71,262.46,1,-94.00,-7.00,14.00,2.00,44.00,1.00,27771909,119
271.07,1567659600,3903.83,51.44349876,7.47911062,264.85,30.25,0.53,262.20,1,-95.00,-8.00,13.00,2.00,43.00,1.00,27771909,119
272.07,1567659601,3934.17,51.44342269,7.47822981,263.40,30.24,-0.00,262.48,1,-95.00,-8.00,13.00,2.00,43.00,1.00,27771909,119
273.07,1567659602,3964.35,51.44342269,7.47822981,263.40,30.24,0.00,262.48,1,-91.00,-10.00,5.00,6.00,51.00,6.00,27771909,119
274.07,1567659603,3994.63,51.44334980,7.47735609,262.49,31.00,0.76,262.04,1,-91.00,-10.00,5.00,6.00,51.00,6.00,27771909,119
275.07,1567659604,4025.63,51.44334980,7.47735609,262.49,31.00,0.00,262.04,1,-98.00,-10.00,6.00,9.00,43.00,6.00,27771909,119
276.07,1567659605,4056.63,51.44327518,7.47647235,261.88,31.61,0.61,261.90,1,-98.00,-10.00,6.00,9.00,43.00,6.00,27771909,119
277.07,1567659606,4088.34,51.44327518,7.47647235,261.88,31.61,0.00,261.90,1,-91.00,-9.00,4.00,12.00,49.00,6.00,27771909,119
278.07,1567659607,4119.89,51.44318372,7.47556781,261.27,32.23,0.62,260.38,1,-91.00,-9.00,4.00,12.00,49.00,6.00,27771909,119
279.08,1567659608,4152.31,51.44412410,7.48080930,261.27,32.23,0.00,260.38,1,-96.00,-10.00,-2.00,8.00,44.00,6.00,27771909,119
280.07,1567659609,4184.29,51.44313744,7.47510913,260.72,32.56,0.33,259.89,1,-96.00,-10.00,-2.00,8.00,44.00,6.00,27771909,119
281.07,1567659610,4216.91,51.44308414,7.47464663,260.08,32.75,0.19,259.55,1,-96.00,-10.00,-2.00,8.00,44.00,6.00,27771909,119
282.07,1567659611,4249.56,51.44303150,7.47418519,259.37,32.88,0.13,259.20,1,-104.00,-7.00,-1.00,6.00,34.00,11.00,30422273,403
283.07,1567659612,4282.44,51.44297638,7.47371749,258.67,33.06,0.18,258.99,1,-104.00,-7.00,-1.00,6.00,34.00,11.00,30422273,403
284.07,1567659613,4315.57,51.44285536,7.47278022,257.40,33.81,0.75,258.12,1,-96.00,-5.00,8.00,14.00,37.00,11.00,30422273,403
285.07,1567659614,4349.35,51.44279330,7.47229817,256.77,34.20,0.39,258.20,1,-96.00,-5.00,8.00,14.00,37.00,11.00,30422273,403
286.07,1567659615,4383.55,51.44279330,7.47229817,256.77,34.20,0.00,258.20,1,-110.00,-8.00,4.00,10.00,29.00,11.00,30422273,403
287.07,1567659616,4417.72,51.44273037,7.47181119,255.90,34.42,0.22,258.02,1,-110.00,-8.00,4.00,10.00,29.00,11.00,30422273,403
288.07,1567659617,4452.18,51.44266435,7.47131510,254.61,34.90,0.48,258.13,1,-110.00,-7.00,6.00,10.00,28.00,11.00,30422273,403
289.07,1567659618,4487.11,51.44252942,7.47030605,252.03,35.64,0.74,258.45,1,-110.00,-7.00,6.00,10.00,28.00,11.00,30422273,403
290.07,1567659619,4522.75,51.44252942,7.47030605,252.03,35.64,0.00,258.45,1,-112.00,-9.00,7.00,11.00,28.00,11.00,30422273,403
291.07,1567659620,4558.35,51.44246029,7.46978782,250.66,35.89,0.25,258.52,1,-112.00,-9.00,7.00,11.00,28.00,11.00,30422273,403
292.08,1567659621,4594.46,51.44238974,7.46926815,249.18,36.41,0.52,258.40,1,-111.00,-8.00,7.00,10.00,29.00,11.00,30422273,403
293.07,1567659622,4630.69,51.44231983,7.46874777,247.63,36.51,0.10,258.57,1,-111.00,-8.00,7.00,10.00,29.00,11.00,30422273,403
294.07,1567659623,4667.24,51.44225132,7.46822697,246.18,36.74,0.23,258.74,1,-110.00,-8.00,3.00,11.00,29.00,11.00,30422273,403
295.07,1567659624,4703.98,51.44218217,7.46770985,244.79,36.74,-0.01,258.93,1,-110.00,-8.00,3.00,11.00,29.00,11.00,30422273,403
296.07,1567659625,4740.61,51.44211804,7.46718587,243.62,36.78,0.04,259.27,1,-101.00,-11.00,6.00,9.00,34.00,27.00,33527559,198
297.07,1567659626,4777.43,51.44205112,7.46666113,242.49,36.65,-0.14,259.44,1,-101.00,-11.00,6.00,9.00,34.00,27.00,33527559,198
298.07,1567659627,4814.08,51.44199385,7.46612313,241.22,36.77,0.12,260.14,1,-97.00,-9.00,6.00,8.00,36.00,27.00,33527559,198
299.07,1567659628,4850.96,51.44499950,7.44642700,239.88,36.99,0.22,260.42,1,-97.00,-9.00,6.00,8.00,36.00,27.00,33527559,198
300.08,1567659629,4888.13,51.44188610,7.46506822,238.64,37.03,0.04,261.45,1,-99.00,-9.00,2.00,8.00,33.00,27.00,33527559,198
301.07,1567659630,4924.86,51.44183516,7.46454968,237.65,36.99,-0.04,261.75,1,-99.00,-9.00,2.00,8.00,33.00,27.00,33527559,198
302.07,1567659631,4961.84,51.44178482,7.46401549,236.61,36.97,-0.02,262.29,1,-99.00,-9.00,2.00,8.00,33.00,27.00,33527559,198
303.07,1567659632,4998.81,51.44174960,7.46348357,235.81,37.07,0.10,263.50,1,-103.00,-9.00,1.00,8.00,30.00,27.00,33527559,198
304.07,1567659633,5035.88,51.44171411,7.46297061,234.75,37.15,0.08,263.78,1,-103.00,-9.00,1.00,8.00,30.00,27.00,33527559,198
305.07,1567659634,5073.08,51.44168128,7.46243998,233.68,37.11,-0.05,264.55,1,-99.00,-9.00,7.00,8.00,34.00,27.00,33527559,198
306.07,1567659635,5110.14,51.44165255,7.46190864,233.53,36.94,-0.17,264.97,1,-99.00,-9.00,7.00,8.00,34.00,27.00,33527559,198
307.07,1567659636,5147.15,51.44162214,7.46137555,233.31,36.71,-0.23,265.16,1,-99.00,-9.00,5.00,6.00,35.00,27.00,33527559,198
308.07,1567659637,5183.79,51.44160324,7.46085068,233.33,36.31,-0.40,266.47,1,-99.00,-9.00,5.00,6.00,35.00,27.00,33527559,198
309.07,1567659638,5220.10,51.44158607,7.46033173,233.75,36.28,-0.03,266.94,1,-94.00,-7.00,8.00,12.00,36.00,27.00,33527559,198
310.07,1567659639,5256.38,51.44157372,7.45981724,233.95,36.16,-0.12,267.52,1,-94.00,-7.00,8.00,12.00,36.00,27.00,33527559,198
311.07,1567659640,5292.57,51.44156201,7.45930019,234.28,35.83,-0.33,267.81,1,-95.00,-8.00,11.00,2.00,33.00,27.00,33527559,198
312.07,1567659641,5328.36,51.44155117,7.45879045,234.36,35.68,-0.15,268.48,1,-95.00,-8.00,11.00,2.00,33.00,27.00,33527559,198
313.07,1567659642,5364.08,51.44154954,7.45827588,234.25,36.04,0.36,269.15,1,-105.00,-9.00,1.00,2.00,35.00,27.00,33527552,231
314.07,1567659643,5400.15,51.44154874,7.45775934,233.88,36.04,0.00,269.47,1,-105.00,-9.00,1.00,2.00,35.00,27.00,33527552,231
315.07,1567659644,5436.19,51.44155295,7.45724730,233.56,36.08,0.04,270.23,1,-105.00,-9.00,3.00,2.00,35.00,27.00,33527552,231
316.07,1567659645,5472.27,51.44155702,7.45672844,233.19,36.01,-0.06,270.46,1,-105.00,-9.00,3.00,2.00,35.00,27.00,33527552,231
317.07,1567659646,5508.24,51.44155780,7.45621808,232.88,36.00,-0.01,271.04,1,-105.00,-10.00,1.00,2.00,36.00,27.00,33527552,231
318.07,1567659647,5544.28,51.44156365,7.45570254,232.59,35.91,-0.09,271.30,1,-105.00,-10.00,1.00,2.00,36.00,27.00,33527552,231
319.07,1567659648,5580.30,51.44400690,7.45164750,232.21,35.84,-0.07,271.41,1,-102.00,-10.00,9.00,2.00,40.00,27.00,33527552,231
320.07,1567659649,5616.07,51.44158510,7.45467095,231.77,35.18,-0.67,273.06,1,-102.00,-10.00,9.00,2.00,40.00,27.00,33527552,231
321.08,1567659650,5651.38,51.44159901,7.45416727,231.21,34.79,-0.38,272.85,1,-92.00,-8.00,20.00,2.00,48.00,27.00,33527552,231
322.07,1567659651,5686.00,51.44161892,7.45367516,230.93,34.57,-0.22,274.36,1,-92.00,-8.00,20.00,2.00,48.00,27.00,33527552,231
323.07,1567659652,5720.50,51.44167091,7.45270997,230.92,33.69,-0.89,275.83,1,-92.00,-8.00,20.00,2.00,48.00,27.00,33527552,231
324.07,1567659653,5754.29,51.44170272,7.45223144,231.13,32.84,-0.85,275.96,1,-82.00,-5.00,25.00,11.00,56.00,14.00,33527552,231
325.07,1567659654,5787.13,51.44173037,7.45176208,231.30,32.27,-0.56,276.02,1,-82.00,-5.00,25.00,11.00,56.00,14.00,33527552,231
326.07,1567659655,5819.31,51.44173037,7.45176208,231.30,32.27,0.00,276.02,1,-84.00,-5.00,24.00,15.00,53.00,14.00,33527552,231
327.07,1567659656,5851.62,51.44176771,7.45129599,231.76,31.84,-0.43,277.12,1,-84.00,-5.00,24.00,15.00,53.00,14.00,33527552,231
328.07,1567659657,5883.42,51.44180153,7.45084007,232.03,31.19,-0.65,277.54,1,-83.00,-4.00,27.00,15.00,53.00,14.00,33527552,231
329.07,1567659658,5914.64,51.44183617,7.45039192,232.56,30.93,-0.25,277.67,1,-83.00,-4.00,27.00,15.00,53.00,14.00,33527552,231
330.07,1567659659,5945.57,51.44187239,7.44995896,232.83,30.35,-0.58,277.90,1,-83.00,-5.00,29.00,15.00,53.00,14.00,33527552,231
331.07,1567659660,5975.90,51.44194708,7.44911278,233.24,29.25,-1.11,278.35,1,-83.00,-5.00,29.00,15.00,53.00,14.00,33527552,231
332.07,1567659661,6005.12,51.44194708,7.44911278,233.24,29.25,0.00,278.35,1,-81.00,-5.00,29.00,15.00,57.00,14.00,33527552,231
333.07,1567659662,6034.45,51.44198653,7.44869950,233.44,28.97,-0.28,278.59,1,-81.00,-5.00,29.00,15.00,57.00,14.00,33527552,231
334.07,1567659663,6063.42,51.44203007,7.44829945,233.64,28.54,-0.43,279.54,1,-78.00,-5.00,30.00,1.00,60.00,14.00,33527552,231
335.07,1567659664,6091.87,51.44207471,7.44790694,233.71,28.50,-0.04,279.95,1,-78.00,-5.00,30.00,1.00,60.00,14.00,33527552,231
336.07,1567659665,6120.37,51.44212364,7.44750750,233.63,28.65,0.15,280.85,1,-77.00,-6.00,31.00,1.00,60.00,14.00,33527552,231
337.07,1567659666,6149.02,51.44217667,7.44710672,233.54,28.77,0.12,281.35,1,-77.00,-6.00,31.00,1.00,60.00,14.00,33527552,231
338.07,1567659667,6177.85,51.44223047,7.44669268,233.00,28.92,0.15,281.80,1,-76.00,-6.00,32.00,15.00,61.00,14.00,33527552,231
339.07,1567659668,6206.74,51.44234185,7.44586320,232.13,29.52,0.60,282.35,1,-76.00,-6.00,32.00,15.00,61.00,14.00,33527552,231
340.07,1567659669,6236.23,51.44234185,7.44586320,232.13,29.52,0.00,282.35,1,-71.00,-4.00,29.00,2.00,63.00,14.00,33527552,231
341.07,1567659670,6265.81,51.44240329,7.44545558,231.73,29.75,0.23,283.78,1,-71.00,-4.00,29.00,2.00,63.00,14.00,33527552,231
342.07,1567659671,6295.62,51.44252578,7.44460822,231.36,30.18,0.43,283.25,1,-69.00,-5.00,33.00,15.00,63.00,7.00,33527552,231
343.07,1567659672,6325.83,51.44258961,7.44418448,231.25,30.36,0.18,284.29,1,-69.00,-5.00,33.00,15.00,63.00,7.00,33527552,231
344.07,1567659673,6356.10,51.44258961,7.44418448,231.25,30.36,0.00,284.29,1,-69.00,-5.00,33.00,15.00,63.00,7.00,33527552,231
345.07,1567659674,6386.43,51.44265398,7.44375479,231.08,30.76,0.40,283.80,1,-72.00,-5.00,31.00,15.00,63.00,7.00,33527552,231
346.07,1567659675,6417.20,51.44271890,7.44332100,230.94,31.22,0.46,284.14,1,-72.00,-5.00,31.00,15.00,63.00,7.00,33527552,231
347.07,1567659676,6448.42,51.44279213,7.44289243,230.69,31.05,-0.17,285.32,1,-74.00,-6.00,31.00,15.00,60.00,7.00,33527552,231
348.07,1567659677,6479.53,51.44286594,7.44246957,230.06,31.15,0.10,285.56,1,-74.00,-6.00,31.00,15.00,60.00,7.00,33527552,231
349.07,1567659678,6510.65,51.44294185,7.44204987,229.24,30.94,-0.21,286.07,1,-68.00,-5.00,30.00,15.00,63.00,7.00,33527552,231
350.07,1567659679,6541.52,51.44302079,7.44162564,228.44,30.64,-0.29,286.65,1,-68.00,-5.00,30.00,15.00,63.00,7.00,33527552,231
351.07,1567659680,6572.20,51.44309859,7.44122252,227.35,30.26,-0.39,287.33,1,-73.00,-6.00,29.00,15.00,63.00,7.00,33527552,231
352.07,1567659681,6602.48,51.44318197,7.44081517,226.27,29.85,-0.40,287.73,1,-73.00,-6.00,29.00,15.00,63.00,7.00,33527552,231
353.07,1567659682,6632.28,51.44326459,7.44039975,225.37,29.67,-0.18,288.54,1,-83.00,-7.00,28.00,12.00,55.00,7.00,33527552,231
354.07,1567659683,6661.95,51.44343239,7.43960753,223.44,29.19,-0.48,289.34,1,-83.00,-7.00,28.00,12.00,55.00,7.00,33527552,231
355.07,1567659684,6691.17,51.44351994,7.43920487,222.83,29.28,0.09,289.89,1,-83.00,-5.00,25.00,14.00,54.00,7.00,33527552,231
356.07,1567659685,6720.47,51.44351994,7.43920487,222.83,29.28,0.00,289.89,1,-83.00,-5.00,25.00,14.00,54.00,7.00,33527552,231
357.07,1567659686,6749.72,51.44360850,7.43879872,222.31,29.55,0.28,289.48,1,-73.00,-5.00,37.00,15.00,63.00,7.00,33527552,231
358.07,1567659687,6779.28,51.44378898,7.43800695,220.95,29.87,0.32,291.11,1,-73.00,-5.00,37.00,15.00,63.00,7.00,33527552,231
359.07,1567659688,6809.15,51.44400690,7.45164750,220.95,29.87,0.00,291.11,1,-71.00,-6.00,23.00,2.00,63.00,7.00,33527552,231
360.07,1567659689,6839.06,51.44388495,7.43760034,220.22,30.02,0.15,291.03,1,-71.00,-6.00,23.00,2.00,63.00,7.00,33527552,231
361.07,1567659690,6869.05,51.44398156,7.43719295,219.49,30.27,0.25,291.44,1,-78.00,-8.00,0.00,2.00,61.00,7.00,33527552,231
362.07,1567659691,6899.29,51.44407965,7.43678979,218.70,30.32,0.04,291.89,1,-78.00,-8.00,0.00,2.00,61.00,7.00,33527552,231
363.08,1567659692,6929.85,51.44418311,7.43638783,217.81,30.23,-0.09,292.38,1,-84.00,-11.00,-1.00,2.00,58.00,7.00,33527552,231
364.07,1567659693,6959.86,51.44428978,7.43597632,216.45,30.26,0.03,292.17,1,-84.00,-11.00,-1.00,2.00,58.00,7.00,33527552,231
365.07,1567659694,6990.09,51.44440041,7.43557675,214.89,30.25,-0.01,293.45,1,-84.00,-11.00,-1.00,2.00,58.00,7.00,33527552,231
366.07,1567659695,7020.38,51.44450513,7.43517683,213.20,30.22,-0.04,293.92,1,-85.00,-6.00,19.00,2.00,50.00,7.00,33527554,233
367.07,1567659696,7050.62,51.44461222,7.43477884,211.49,30.24,0.03,294.48,1,-85.00,-6.00,19.00,2.00,50.00,7.00,33527554,233
368.07,1567659697,7080.90,51.44472450,7.43438317,209.74,29.96,-0.29,296.00,1,-86.00,-6.00,19.00,2.00,50.00,7.00,33527554,233
369.07,1567659698,7110.77,51.44484285,7.43400297,208.14,29.61,-0.35,297.92,1,-86.00,-6.00,19.00,2.00,50.00,7.00,33527554,233
370.07,1567659699,7140.44,51.44496029,7.43362629,206.83,29.46,-0.15,297.81,1,-86.00,-7.00,22.00,2.00,51.00,7.00,33527554,233
371.07,1567659700,7169.96,51.44508168,7.43325039,205.59,29.71,0.25,297.59,1,-86.00,-7.00,22.00,2.00,51.00,7.00,33527554,233
372.07,1567659701,7199.67,51.44521368,7.43287466,204.47,29.70,-0.01,299.55,1,-89.00,-7.00,24.00,2.00,48.00,7.00,33527554,233
373.07,1567659702,7229.37,51.44534746,7.43249965,203.60,29.70,-0.00,300.28,1,-89.00,-7.00,24.00,2.00,48.00,7.00,33527554,233
374.07,1567659703,7258.99,51.44548976,7.43214286,203.01,29.43,-0.27,302.22,1,-88.00,-6.00,20.00,2.00,49.00,7.00,33527554,233
375.07,1567659704,7288.45,51.44563783,7.43179035,202.88,29.20,-0.23,303.43,1,-88.00,-6.00,20.00,2.00,49.00,7.00,33527554,233
376.07,1567659705,7317.65,51.44578648,7.43144976,202.77,28.93,-0.28,304.58,1,-88.00,-6.00,23.00,2.00,49.00,7.00,33527554,233
377.07,1567659706,7346.52,51.44593938,7.43111561,202.57,28.76,-0.17,305.95,1,-88.00,-6.00,23.00,2.00,49.00,7.00,33527554,233
378.07,1567659707,7375.33,51.44609093,7.43078092,202.01,28.71,-0.05,305.62,1,-88.00,-7.00,27.00,2.00,50.00,7.00,33527554,233
379.07,1567659708,7404.07,51.44824770,7.43168300,201.47,29.40,0.69,307.06,1,-88.00,-7.00,27.00,2.00,50.00,7.00,33527554,233
380.07,1567659709,7433.47,51.44642036,7.43011168,200.68,30.09,0.69,309.38,1,-85.00,-7.00,26.00,2.00,52.00,7.00,33527554,233
381.07,1567659710,7463.56,51.44659434,7.42978806,199.64,30.41,0.32,311.19,1,-85.00,-7.00,26.00,2.00,52.00,7.00,33527554,233
382.07,1567659711,7493.98,51.44677788,7.42946486,198.22,31.05,0.64,312.36,1,-79.00,-6.00,28.00,2.00,57.00,7.00,33527554,233
383.07,1567659712,7525.03,51.44696790,7.42913982,197.11,31.10,0.04,313.13,1,-79.00,-6.00,28.00,2.00,57.00,7.00,33527554,233
384.08,1567659713,7556.28,51.44715895,7.42882441,195.83,30.89,-0.21,314.22,1,-78.00,-5.00,21.00,2.00,58.00,7.00,33527554,233
385.07,1567659714,7587.05,51.44735295,7.42851999,194.66,30.82,-0.07,315.50,1,-78.00,-5.00,21.00,2.00,58.00,7.00,33527554,233
386.07,1567659715,7617.87,51.44755562,7.42821624,193.72,30.57,-0.24,316.92,1,-78.00,-5.00,21.00,2.00,58.00,7.00,33527554,233
387.07,1567659716,7648.44,51.44796582,7.42762335,192.66,30.81,0.23,318.30,1,-86.00,-4.00,20.00,14.00,47.00,10.00,33527554,233
388.07,1567659717,7679.16,51.44817545,7.42734864,191.87,30.70,-0.11,320.47,1,-86.00,-4.00,20.00,14.00,47.00,10.00,33527554,233
389.07,1567659718,7709.89,51.44817545,7.42734864,191.87,30.70,0.00,320.47,1,-92.00,-5.00,11.00,11.00,45.00,10.00,33527554,233
390.07,1567659719,7740.59,51.44838558,7.42709044,190.76,30.27,-0.43,322.01,1,-92.00,-5.00,11.00,11.00,45.00,10.00,33527554,233
391.07,1567659720,7770.79,51.44860214,7.42684092,189.51,30.01,-0.26,323.72,1,-94.00,-6.00,14.00,14.00,43.00,10.00,33527554,233
392.07,1567659721,7800.83,51.44881988,7.42659024,188.08,30.14,0.13,324.30,1,-94.00,-6.00,14.00,14.00,43.00,10.00,33527554,233
393.07,1567659722,7831.04,51.44904576,7.42635458,186.47,30.20,0.06,326.12,1,-94.00,-5.00,25.00,12.00,43.00,10.00,33527554,233
394.07,1567659723,7861.18,51.44927440,7.42611887,184.94,30.31,0.11,327.19,1,-94.00,-5.00,25.00,12.00,43.00,10.00,33527554,233
395.07,1567659724,7891.58,51.44950461,7.42588919,183.55,30.10,-0.21,328.34,1,-96.00,-6.00,9.00,12.00,42.00,10.00,33527554,233
396.07,1567659725,7921.59,51.44997054,7.42545517,180.88,29.95,-0.15,330.87,1,-96.00,-6.00,9.00,12.00,42.00,10.00,33527554,233
397.07,1567659726,7951.60,51.44997054,7.42545517,180.88,29.95,0.00,330.87,1,-97.00,-6.00,12.00,9.00,39.00,10.00,33527554,233
398.07,1567659727,7981.46,51.45021118,7.42525466,179.67,30.14,0.19,332.63,1,-97.00,-6.00,12.00,9.00,39.00,10.00,33527554,233
399.07,1567659728,8011.66,51.44824770,7.43168300,178.19,30.65,0.51,333.47,1,-98.00,-6.00,11.00,14.00,38.00,10.00,33527554,233
400.07,1567659729,8042.25,51.45070318,7.42486168,177.02,30.37,-0.28,334.20,1,-98.00,-6.00,11.00,14.00,38.00,10.00,33527554,233
401.07,1567659730,8072.68,51.45095229,7.42468056,176.47,29.90,-0.47,335.40,1,-106.00,-14.00,-1.00,6.00,41.00,10.00,33527554,233
402.07,1567659731,8102.57,51.45120174,7.42451961,176.26,29.06,-0.83,337.57,1,-106.00,-14.00,-1.00,6.00,41.00,10.00,33527554,233
403.07,1567659732,8131.64,51.45143965,7.42438138,176.06,27.59,-1.48,339.50,1,-101.00,-9.00,4.00,12.00,39.00,37.00,29568770,414
404.07,1567659733,8159.25,51.45166952,7.42425673,175.42,26.71,-0.88,339.63,1,-101.00,-9.00,4.00,12.00,39.00,37.00,29568770,414
405.07,1567659734,8186.04,51.45189276,7.42412996,174.92,26.40,-0.31,340.46,1,-104.00,-11.00,-3.00,6.00,39.00,19.00,27770883,375
406.07,1567659735,8212.33,51.45211618,7.42400867,174.37,26.31,-0.08,340.98,1,-104.00,-11.00,-3.00,6.00,39.00,19.00,27770883,375
407.07,1567659736,8238.59,51.45233120,7.42389074,173.80,26.00,-0.31,341.48,1,-104.00,-11.00,-3.00,6.00,39.00,19.00,27770883,375
408.07,1567659737,8264.64,51.45255272,7.42377137,173.05,25.98,-0.02,341.79,1,-103.00,-11.00,-1.00,7.00,39.00,19.00,27770883,375
409.07,1567659738,8290.64,51.45278097,7.42366063,171.84,26.23,0.26,342.57,1,-103.00,-11.00,-1.00,7.00,39.00,19.00,27770883,375
410.07,1567659739,8316.85,51.45301408,7.42355026,170.47,26.74,0.51,343.07,1,-99.00,-10.00,-3.00,6.00,41.00,47.00,27771140,49
411.07,1567659740,8343.59,51.45324988,7.42343921,168.71,27.53,0.78,343.26,1,-99.00,-10.00,-3.00,6.00,41.00,47.00,27771140,49
412.07,1567659741,8371.15,51.45372240,7.42322782,166.41,28.01,0.48,343.91,1,-96.00,-9.00,-2.00,7.00,45.00,47.00,27771140,49
413.07,1567659742,8399.15,51.45372240,7.42322782,166.41,28.01,0.00,343.91,1,-96.00,-9.00,-2.00,7.00,45.00,47.00,27771140,49
414.07,1567659743,8427.11,51.45396321,7.42311838,165.42,28.06,0.05,343.27,1,-102.00,-13.00,-2.00,6.00,42.00,47.00,27771140,49
415.07,1567659744,8455.22,51.45421239,7.42300717,164.09,28.31,0.25,343.84,1,-102.00,-13.00,-2.00,6.00,42.00,47.00,27771140,49
416.07,1567659745,8483.56,51.45470582,7.42278575,161.55,28.15,-0.17,343.72,1,-104.00,-12.00,-4.00,6.00,41.00,17.00,27770883,375
417.07,1567659746,8511.74,51.45470582,7.42278575,161.55,28.15,0.00,343.72,1,-104.00,-12.00,-4.00,6.00,41.00,17.00,27770883,375
418.07,1567659747,8539.80,51.45494943,7.42267429,160.60,28.14,-0.01,343.20,1,-102.00,-14.00,-6.00,6.00,44.00,50.00,29908736,249
419.07,1567659748,8567.96,51.45519851,7.42256013,159.96,28.33,0.20,342.94,1,-102.00,-14.00,-6.00,6.00,44.00,50.00,29908736,249
420.07,1567659749,8596.26,51.45568242,7.42231155,158.30,28.77,0.43,341.98,1,-97.00,-12.00,-6.00,6.00,47.00,10.00,33837570,348
421.07,1567659750,8625.00,51.45568242,7.42231155,158.30,28.77,0.00,341.98,1,-97.00,-12.00,-6.00,6.00,47.00,10.00,33837570,348
422.07,1567659751,8653.80,51.45592794,7.42218314,157.53,29.00,0.23,341.73,1,-102.00,-14.00,2.00,7.00,43.00,10.00,33837570,348
423.07,1567659752,8682.80,51.45617037,7.42204485,156.70,29.33,0.33,340.20,1,-102.00,-14.00,2.00,7.00,43.00,10.00,33837570,348
424.07,1567659753,8712.13,51.45641641,7.42190244,155.85,29.57,0.23,339.73,1,-96.00,-10.00,-2.00,10.00,46.00,10.00,33837570,348
425.08,1567659754,8741.84,51.45666116,7.42176154,155.01,29.26,-0.31,339.26,1,-96.00,-10.00,-2.00,10.00,46.00,10.00,33837570,348
426.08,1567659755,8771.22,51.45714175,7.42144091,153.60,29.11,-0.14,337.01,1,-98.00,-10.00,3.00,9.00,44.00,10.00,33837570,348
427.07,1567659756,8800.10,51.45737798,7.42127350,153.18,29.32,0.21,336.53,1,-98.00,-10.00,3.00,9.00,44.00,10.00,33837570,348
428.07,1567659757,8829.47,51.45761535,7.42109902,152.88,29.39,0.07,335.91,1,-98.00,-10.00,3.00,9.00,44.00,10.00,33837570,348
429.07,1567659758,8858.89,51.45761535,7.42109902,152.88,29.39,0.00,335.91,1,-97.00,-11.00,1.00,8.00,45.00,10.00,33837570,348
430.07,1567659759,8888.16,51.45785026,7.42091504,152.68,29.43,0.04,334.26,1,-97.00,-11.00,1.00,8.00,45.00,10.00,33837570,348
431.07,1567659760,8917.62,51.45832362,7.42053553,152.25,29.22,-0.21,333.16,1,-90.00,-8.00,7.00,12.00,49.00,10.00,33837570,348
432.07,1567659761,8946.80,51.45854982,7.42033947,152.11,28.49,-0.73,332.14,1,-90.00,-8.00,7.00,12.00,49.00,10.00,33837570,348
433.07,1567659762,8975.26,51.45877356,7.42014713,151.97,28.21,-0.28,331.54,1,-85.00,-7.00,2.00,6.00,55.00,28.00,33527554,233
434.07,1567659763,9003.47,51.45877356,7.42014713,151.97,28.21,0.00,331.54,1,-85.00,-7.00,2.00,6.00,55.00,28.00,33527554,233
435.07,1567659764,9031.68,51.45899949,7.41994367,151.88,28.15,-0.06,330.37,1,-85.00,-8.00,3.00,6.00,51.00,10.00,27770883,375
436.07,1567659765,9059.83,51.45921737,7.41974751,151.76,28.05,-0.10,329.67,1,-85.00,-8.00,3.00,6.00,51.00,10.00,27770883,375
437.07,1567659766,9087.90,51.45943699,7.41954116,152.20,28.15,0.10,328.73,1,-84.00,-8.00,5.00,12.00,52.00,10.00,27770883,375
438.07,1567659767,9116.05,51.45964845,7.41932891,152.76,28.33,0.18,327.65,1,-84.00,-8.00,5.00,12.00,52.00,10.00,27770883,375
439.07,1567659768,9144.40,51.46006340,7.41711850,153.36,28.24,-0.09,327.27,1,-82.00,-8.00,1.00,7.00,56.00,10.00,27770883,375
440.07,1567659769,9172.61,51.46007825,7.41889444,153.86,28.56,0.32,326.68,1,-82.00,-8.00,1.00,7.00,56.00,10.00,27770883,375
441.07,1567659770,9201.20,51.46051308,7.41844235,154.31,29.35,0.79,326.53,1,-85.00,-7.00,-2.00,6.00,54.00,7.00,33837570,348
442.07,1567659771,9230.48,51.46051308,7.41844235,154.31,29.35,0.00,326.53,1,-85.00,-7.00,-2.00,6.00,54.00,7.00,33837570,348
443.07,1567659772,9259.83,51.46073560,7.41820632,154.55,30.05,0.70,326.50,1,-77.00,-6.00,14.00,13.00,61.00,11.00,27770883,375
444.07,1567659773,9289.88,51.46096047,7.41796741,154.74,30.49,0.44,325.74,1,-77.00,-6.00,14.00,13.00,61.00,11.00,27770883,375
445.07,1567659774,9320.37,51.46118143,7.41770996,154.96,30.36,-0.13,323.95,1,-77.00,-7.00,17.00,14.00,60.00,11.00,27770883,375
446.07,1567659775,9350.77,51.46139853,7.41743618,155.29,30.40,0.04,321.72,1,-77.00,-7.00,17.00,14.00,60.00,11.00,27770883,375
447.08,1567659776,9381.32,51.46161501,7.41716359,155.63,30.52,0.12,321.55,1,-79.00,-8.00,12.00,11.00,59.00,11.00,27770883,375
448.07,1567659777,9411.65,51.46182031,7.41688086,155.84,30.33,-0.19,319.41,1,-79.00,-8.00,12.00,11.00,59.00,11.00,27770883,375
449.07,1567659778,9441.96,51.46202868,7.41659527,156.03,30.14,-0.19,319.31,1,-79.00,-8.00,12.00,11.00,59.00,11.00,27770883,375
450.07,1567659779,9472.15,51.46243600,7.41601157,156.42,30.23,0.09,317.56,1,-78.00,-6.00,14.00,13.00,60.00,11.00,27770883,375
451.07,1567659780,9502.35,51.46263304,7.41570811,156.56,30.27,0.04,316.40,1,-78.00,-6.00,14.00,13.00,60.00,11.00,27770883,375
452.07,1567659781,9532.66,51.46263304,7.41570811,156.56,30.27,0.00,316.40,1,-85.00,-8.00,15.00,10.00,55.00,11.00,27770883,375
453.07,1567659782,9562.96,51.46302257,7.41509359,156.69,30.43,0.16,314.57,1,-85.00,-8.00,15.00,10.00,55.00,11.00,27770883,375
454.07,1567659783,9593.42,51.46321306,7.41476952,156.75,30.77,0.34,313.39,1,-86.00,-11.00,13.00,11.00,55.00,11.00,27770883,375
455.07,1567659784,9624.10,51.46340209,7.41444170,156.88,30.30,-0.47,312.73,1,-86.00,-11.00,13.00,11.00,55.00,11.00,27770883,375
456.07,1567659785,9654.40,51.46358120,7.41411534,156.98,30.09,-0.21,311.83,1,-79.00,-6.00,24.00,15.00,58.00,11.00,27770883,375
457.07,1567659786,9684.49,51.46358120,7.41411534,156.98,30.09,0.00,311.83,1,-79.00,-6.00,24.00,15.00,58.00,11.00,27770883,375
458.08,1567659787,9714.80,51.46376063,7.41378772,157.10,30.10,0.00,311.07,1,-98.00,-10.00,13.00,11.00,42.00,11.00,27770883,375
459.07,1567659788,9744.74,51.46411789,7.41312381,156.95,30.26,0.17,310.19,1,-98.00,-10.00,13.00,11.00,42.00,11.00,27770883,375
460.07,1567659789,9774.97,51.46411789,7.41312381,156.95,30.26,0.00,310.19,1,-87.00,-8.00,16.00,11.00,51.00,11.00,27770883,375
461.07,1567659790,9805.24,51.46429469,7.41278450,156.95,30.35,0.09,309.91,1,-87.00,-8.00,16.00,11.00,51.00,11.00,27770883,375
462.07,1567659791,9835.56,51.46446797,7.41245143,156.98,30.25,-0.10,309.59,1,-78.00,-8.00,16.00,11.00,53.00,11.00,27770883,375
463.07,1567659792,9865.81,51.46463886,7.41211275,157.03,30.18,-0.06,308.94,1,-78.00,-8.00,16.00,11.00,53.00,11.00,27770883,375
464.07,1567659793,9896.02,51.46480855,7.41177269,157.20,30.20,0.02,308.41,1,-99.00,-12.00,8.00,7.00,43.00,11.00,27770883,375
465.07,1567659794,9926.19,51.46515020,7.41109236,157.14,30.20,-0.00,308.26,1,-99.00,-12.00,8.00,7.00,43.00,11.00,27770883,375
466.07,1567659795,9956.48,51.46531813,7.41075985,157.05,30.13,-0.06,308.10,1,-98.00,-9.00,4.00,6.00,41.00,4.00,27770885,376
467.07,1567659796,9986.55,51.46531813,7.41075985,157.05,30.13,0.00,308.10,1,-98.00,-9.00,4.00,6.00,41.00,4.00,27770885,376
468.07,1567659797,10016.81,51.46548473,7.41043124,157.17,30.18,0.04,307.94,1,-95.00,-7.00,10.00,14.00,43.00,4.00,27770885,376
469.07,1567659798,10046.84,51.46581761,7.40974438,157.47,30.41,0.23,308.03,1,-95.00,-7.00,10.00,14.00,43.00,4.00,27770885,376
470.07,1567659799,10077.30,51.46598481,7.40939683,157.77,30.65,0.24,307.91,1,-95.00,-7.00,10.00,14.00,43.00,4.00,27770885,376
471.07,1567659800,10107.89,51.46598481,7.40939683,157.77,30.65,0.00,307.91,1,-75.00,-6.00,25.00,12.00,62.00,4.00,27770885,376
472.07,1567659801,10138.54,51.46615400,7.40904795,158.18,30.90,0.25,308.21,1,-75.00,-6.00,25.00,12.00,62.00,4.00,27770885,376
473.07,1567659802,10169.47,51.46632537,7.40870340,158.51,30.94,0.04,308.49,1,-75.00,-6.00,10.00,12.00,56.00,4.00,27770885,376
474.07,1567659803,10200.38,51.46667488,7.40799903,159.21,31.08,0.14,308.82,1,-75.00,-6.00,10.00,12.00,56.00,4.00,27770885,376
475.07,1567659804,10231.46,51.46667488,7.40799903,159.21,31.08,0.00,308.82,1,-94.00,-8.00,9.00,11.00,43.00,4.00,27770885,376
476.07,1567659805,10262.66,51.46685181,7.40765015,159.47,31.17,0.09,308.91,1,-94.00,-8.00,9.00,11.00,43.00,4.00,27770885,376
477.07,1567659806,10293.70,51.46702785,7.40729958,159.85,31.30,0.13,309.05,1,-85.00,-6.00,14.00,12.00,48.00,4.00,27770885,376
478.07,1567659807,10325.00,51.46720425,7.40694852,160.27,31.20,-0.10,309.40,1,-85.00,-6.00,14.00,12.00,48.00,4.00,27770885,376
479.07,1567659808,10356.20,51.46639650,7.40572650,160.68,31.06,-0.14,310.28,1,-82.00,-6.00,14.00,11.00,53.00,4.00,27770885,376
480.07,1567659809,10387.29,51.46756573,7.40626194,161.05,30.78,-0.28,310.54,1,-82.00,-6.00,14.00,11.00,53.00,4.00,27770885,376
481.07,1567659810,10418.01,51.46774133,7.40592949,161.33,29.47,-1.31,310.59,1,-82.00,-6.00,20.00,11.00,55.00,4.00,27770885,376
482.07,1567659811,10447.54,51.46807058,7.40532389,161.89,26.77,-2.70,311.96,1,-82.00,-6.00,20.00,11.00,55.00,4.00,27770885,376
483.07,1567659812,10474.31,51.46807058,7.40532389,161.89,26.77,0.00,311.96,1,-85.00,-7.00,9.00,14.00,53.00,4.00,27770885,376
484.07,1567659813,10501.10,51.46822812,7.40503890,162.21,26.26,-0.51,311.49,1,-85.00,-7.00,9.00,14.00,53.00,4.00,27770885,376
485.07,1567659814,10527.31,51.46838366,7.40475508,162.62,26.21,-0.04,311.94,1,-84.00,-7.00,14.00,2.00,54.00,4.00,27770885,376
486.07,1567659815,10553.52,51.46853705,7.40447409,162.94,25.92,-0.29,312.61,1,-84.00,-7.00,14.00,2.00,54.00,4.00,27770885,376
487.07,1567659816,10579.49,51.46885349,7.40392146,163.63,25.61,-0.31,313.17,1,-88.00,-8.00,-2.00,2.00,51.00,4.00,27770885,376
488.07,1567659817,10605.06,51.46885349,7.40392146,163.63,25.61,0.00,313.17,1,-88.00,-8.00,-2.00,2.00,51.00,4.00,27770885,376
489.07,1567659818,10630.67,51.46901120,7.40364837,164.07,25.51,-0.11,313.50,1,-87.00,-7.00,8.00,2.00,52.00,4.00,27771140,49
490.07,1567659819,10656.18,51.46916995,7.40337600,164.65,25.05,-0.46,313.43,1,-87.00,-7.00,8.00,2.00,52.00,4.00,27771140,49
491.08,1567659820,10681.38,51.46931521,7.40312114,165.08,24.94,-0.11,313.64,1,-86.00,-6.00,14.00,2.00,53.00,4.00,27771140,49
492.07,1567659821,10706.16,51.46946429,7.40286158,165.18,25.15,0.21,313.70,1,-86.00,-6.00,14.00,2.00,53.00,4.00,27771140,49
493.07,1567659822,10731.31,51.46962471,7.40259872,165.34,25.21,0.06,314.19,1,-86.00,-6.00,14.00,2.00,53.00,4.00,27771140,49
494.07,1567659823,10756.49,51.46978784,7.40233301,165.61,25.28,0.07,314.20,1,-87.00,-6.00,17.00,2.00,53.00,4.00,27771140,49
495.07,1567659824,10781.80,51.46994379,7.40207439,165.63,25.42,0.14,314.89,1,-87.00,-6.00,17.00,2.00,53.00,4.00,27771140,49
496.07,1567659825,10807.22,51.47011043,7.40181540,165.53,25.72,0.30,315.59,1,-89.00,-6.00,15.00,2.00,51.00,4.00,27771140,49
497.07,1567659826,10832.98,51.47027520,7.40155569,165.42,25.88,0.17,315.43,1,-89.00,-6.00,15.00,2.00,51.00,4.00,27771140,49
498.07,1567659827,10858.81,51.47043997,7.40129049,165.46,26.26,0.38,315.89,1,-89.00,-6.00,19.00,2.00,50.00,4.00,27771140,49
499.07,1567659828,10885.08,51.47071220,7.40012480,165.72,26.28,0.02,315.92,1,-89.00,-6.00,19.00,2.00,50.00,4.00,27771140,49
500.07,1567659829,10911.36,51.47077324,7.40076311,165.84,26.19,-0.10,316.35,1,-91.00,-6.00,20.00,2.00,48.00,4.00,27771140,49
501.07,1567659830,10937.60,51.47094387,7.40050688,165.98,25.71,-0.47,316.85,1,-91.00,-6.00,20.00,2.00,48.00,4.00,27771140,49
502.07,1567659831,10963.32,51.47111065,7.40025671,166.19,25.40,-0.31,316.98,1,-90.00,-6.00,11.00,2.00,49.00,4.00,27771140,49
503.07,1567659832,10988.70,51.47127685,7.40000816,166.41,25.36,-0.05,317.40,1,-90.00,-6.00,11.00,2.00,49.00,4.00,27771140,49
504.07,1567659833,11014.02,51.47144313,7.39975916,166.63,25.38,0.03,317.73,1,-88.00,-6.00,18.00,2.00,50.00,4.00,27771140,49
505.07,1567659834,11039.43,51.47161026,7.39950997,166.75,25.33,-0.05,317.81,1,-88.00,-6.00,18.00,2.00,50.00,4.00,27771140,49
506.07,1567659835,11064.79,51.47177994,7.39926659,166.85,25.42,0.09,318.10,1,-88.00,-6.00,19.00,2.00,51.00,4.00,27771140,49
507.07,1567659836,11090.16,51.47194968,7.39902332,166.92,25.48,0.06,318.48,1,-88.00,-6.00,19.00,2.00,51.00,4.00,27771140,49
508.07,1567659837,11115.67,51.47212146,7.39877871,167.06,25.84,0.37,318.89,1,-88.00,-6.00,21.00,2.00,51.00,4.00,27771140,49
509.07,1567659838,11141.54,51.47229500,7.39853248,167.22,25.96,0.11,318.81,1,-88.00,-6.00,21.00,2.00,51.00,4.00,27771140,49
510.07,1567659839,11167.44,51.47246976,7.39828427,167.43,26.01,0.05,318.59,1,-87.00,-7.00,23.00,2.00,52.00,4.00,27771140,49
511.07,1567659840,11193.45,51.47264622,7.39803528,167.61,26.05,0.04,318.65,1,-87.00,-7.00,23.00,2.00,52.00,4.00,27771140,49
512.08,1567659841,11219.71,51.47282769,7.39779015,167.81,26.39,0.34,319.50,1,-85.00,-6.00,14.00,2.00,52.00,4.00,27771140,49
513.07,1567659842,11245.88,51.47301112,7.39754618,168.45,26.39,0.00,319.87,1,-85.00,-6.00,14.00,2.00,52.00,4.00,27771140,49
514.07,1567659843,11272.27,51.47320058,7.39730625,169.13,26.55,0.17,320.57,1,-85.00,-6.00,14.00,2.00,52.00,4.00,27771140,49
515.07,1567659844,11298.83,51.47338455,7.39706932,169.80,25.99,-0.57,320.71,1,-90.00,-7.00,8.00,2.00,48.00,4.00,27771140,49
516.07,1567659845,11324.81,51.47356577,7.39683831,170.46,25.61,-0.38,321.17,1,-90.00,-7.00,8.00,2.00,48.00,4.00,27771140,49
517.07,1567659846,11350.50,51.47374431,7.39660555,171.53,25.34,-0.27,321.40,1,-87.00,-6.00,4.00,2.00,50.00,4.00,33527554,233
518.07,1567659847,11375.78,51.47392256,7.39638549,172.33,24.91,-0.44,322.14,1,-87.00,-6.00,4.00,2.00,50.00,4.00,33527554,233
519.07,1567659848,11400.74,51.44824770,7.43168300,173.12,24.93,0.02,322.93,1,-87.00,-6.00,18.00,2.00,51.00,4.00,33527554,233
520.07,1567659849,11425.62,51.47427879,7.39594489,174.04,24.89,-0.04,322.87,1,-87.00,-6.00,18.00,2.00,51.00,4.00,33527554,233
521.07,1567659850,11450.48,51.47445997,7.39573600,174.96,24.94,0.05,324.11,1,-85.00,-6.00,12.00,2.00,52.00,4.00,33527554,233
522.07,1567659851,11475.44,51.47464438,7.39553589,175.86,24.93,-0.01,325.33,1,-85.00,-6.00,12.00,2.00,52.00,4.00,33527554,233
523.07,1567659852,11500.34,51.47483220,7.39533250,176.55,25.04,0.12,326.11,1,-87.00,-6.00,-1.00,2.00,50.00,4.00,33527554,233
524.07,1567659853,11525.44,51.47521354,7.39495271,177.53,24.43,-0.61,328.68,1,-87.00,-6.00,-1.00,2.00,50.00,4.00,33527554,233
525.07,1567659854,11549.92,51.47540218,7.39476890,178.02,24.14,-0.29,329.50,1,-87.00,-6.00,24.00,2.00,51.00,4.00,27771140,49
526.08,1567659855,11574.11,51.47558477,7.39459395,178.58,23.70,-0.44,329.32,1,-87.00,-6.00,24.00,2.00,51.00,4.00,27771140,49
527.07,1567659856,11597.71,51.47577206,7.39442429,178.78,23.56,-0.14,330.04,1,-84.00,-6.00,21.00,2.00,54.00,4.00,27771140,49
528.07,1567659857,11621.30,51.47595844,7.39425047,178.97,23.55,-0.01,330.16,1,-84.00,-6.00,21.00,2.00,54.00,4.00,27771140,49
529.07,1567659858,11644.78,51.47614516,7.39408032,179.21,23.72,0.17,331.07,1,-78.00,-5.00,21.00,15.00,59.00,7.00,27771140,49
530.07,1567659859,11668.55,51.47633574,7.39391696,179.35,23.69,-0.03,332.37,1,-78.00,-5.00,21.00,15.00,59.00,7.00,27771140,49
531.07,1567659860,11692.22,51.47652583,7.39376273,179.53,23.56,-0.13,333.55,1,-74.00,-5.00,23.00,15.00,63.00,7.00,27771140,49
532.07,1567659861,11715.75,51.47671930,7.39361723,179.78,23.65,0.09,335.22,1,-74.00,-5.00,23.00,15.00,63.00,7.00,27771140,49
533.08,1567659862,11739.59,51.47690946,7.39347573,180.08,23.31,-0.34,335.94,1,-80.00,-6.00,32.00,15.00,59.00,7.00,27771140,49
534.07,1567659863,11762.74,51.47690946,7.39347573,180.08,23.31,0.00,335.94,1,-80.00,-6.00,32.00,15.00,59.00,7.00,27771140,49
535.07,1567659864,11786.04,51.47709549,7.39334501,180.34,22.17,-1.14,336.47,1,-80.00,-6.00,32.00,15.00,59.00,7.00,27771140,49
536.07,1567659865,11808.19,51.47727209,7.39323992,180.59,20.27,-1.90,340.26,1,-81.00,-7.00,20.00,14.00,57.00,7.00,27771140,49
537.07,1567659866,11828.48,51.47744974,7.39315025,180.72,19.20,-1.06,343.34,1,-81.00,-7.00,20.00,14.00,57.00,7.00,27771140,49
538.07,1567659867,11847.67,51.47760574,7.39308561,180.57,19.04,-0.16,344.93,1,-85.00,-8.00,23.00,11.00,56.00,7.00,27771140,49
539.07,1567659868,11866.71,51.47071220,7.40012480,180.24,18.28,-0.76,347.98,1,-85.00,-8.00,23.00,11.00,56.00,7.00,27771140,49
540.07,1567659869,11885.02,51.47793919,7.39304364,180.13,17.50,-0.78,3.39,1,-84.00,-11.00,8.00,15.00,58.00,7.00,27771140,49
541.07,1567659870,11902.51,51.47809125,7.39305643,180.19,16.27,-1.23,4.02,1,-84.00,-11.00,8.00,15.00,58.00,7.00,27771140,49
542.07,1567659871,11918.76,51.47823596,7.39308963,180.54,16.39,0.12,7.01,1,-86.00,-7.00,16.00,2.00,52.00,4.00,27771139,48
543.07,1567659872,11935.17,51.47837950,7.39313635,180.78,16.12,-0.27,10.01,1,-86.00,-7.00,16.00,2.00,52.00,4.00,27771139,48
544.07,1567659873,11951.32,51.47850438,7.39322382,181.06,14.92,-1.20,24.14,1,-85.00,-5.00,21.00,15.00,52.00,4.00,27771139,48
545.07,1567659874,11966.22,51.47861824,7.39331177,180.81,14.65,-0.27,25.84,1,-85.00,-5.00,21.00,15.00,52.00,4.00,27771139,48
546.07,1567659875,11980.87,51.47873305,7.39341686,180.46,14.42,-0.23,28.57,1,-83.00,-5.00,21.00,15.00,52.00,4.00,27771139,48
547.07,1567659876,11995.25,51.47885472,7.39354274,180.17,14.82,0.41,32.18,1,-83.00,-5.00,21.00,15.00,52.00,4.00,27771139,48
548.07,1567659877,12010.09,51.47896092,7.39365918,180.30,13.88,-0.95,31.77,1,-90.00,-6.00,21.00,15.00,46.00,4.00,27771139,48
549.07,1567659878,12023.96,51.47905850,7.39374648,180.79,13.08,-0.79,28.76,1,-90.00,-6.00,21.00,15.00,46.00,4.00,27771139,48
550.07,1567659879,12037.09,51.47929935,7.39382676,181.72,12.94,-0.14,7.30,1,-85.00,-5.00,27.00,15.00,50.00,4.00,27771139,48
551.07,1567659880,12049.99,51.47929935,7.39382676,181.72,12.94,0.00,7.30,1,-85.00,-5.00,27.00,15.00,50.00,4.00,27771139,48
552.07,1567659881,12062.91,51.47952074,7.39375603,182.76,13.45,0.51,344.76,1,-94.00,-7.00,12.00,10.00,43.00,4.00,27771139,48
553.07,1567659882,12076.38,51.47962744,7.39369522,183.46,13.68,0.24,341.61,1,-94.00,-7.00,12.00,10.00,43.00,4.00,27771139,48
554.08,1567659883,12090.14,51.47972554,7.39362957,184.10,12.92,-0.76,339.00,1,-94.00,-6.00,14.00,14.00,44.00,4.00,27771139,48
555.07,1567659884,12103.03,51.47972554,7.39362957,184.10,12.92,0.00,339.00,1,-94.00,-6.00,14.00,14.00,44.00,4.00,27771139,48
556.07,1567659885,12115.89,51.47992185,7.39350573,185.51,9.88,-3.05,340.21,1,-94.00,-6.00,14.00,14.00,44.00,4.00,27771139,48
557.07,1567659886,12125.78,51.47992185,7.39350573,185.51,9.88,0.00,340.21,1,-92.00,-5.00,21.00,2.00,46.00,4.00,27771139,48
558.07,1567659887,12135.66,51.47999974,7.39346088,186.35,9.72,-0.16,342.09,1,-92.00,-5.00,21.00,2.00,46.00,4.00,27771139,48
559.07,1567659888,12145.37,51.48236370,7.39858700,187.13,9.83,0.10,358.25,1,-91.00,-6.00,8.00,2.00,47.00,4.00,27771139,48
560.07,1567659889,12155.19,51.48016797,7.39347417,187.69,10.16,0.34,12.30,1,-91.00,-6.00,8.00,2.00,47.00,4.00,27771139,48
561.07,1567659890,12165.38,51.48024857,7.39353626,187.79,10.07,-0.09,31.90,1,-91.00,-6.00,23.00,2.00,46.00,4.00,27771139,48
562.07,1567659891,12175.44,51.48030609,7.39365251,187.76,11.53,1.46,55.82,1,-91.00,-6.00,23.00,2.00,46.00,4.00,27771139,48
563.07,1567659892,12186.96,51.48036262,7.39378611,187.76,12.16,0.63,56.94,1,-90.00,-6.00,26.00,2.00,47.00,4.00,27771139,48
564.07,1567659893,12199.14,51.48042903,7.39395267,187.64,13.22,1.06,58.09,1,-90.00,-6.00,26.00,2.00,47.00,4.00,27771139,48
565.07,1567659894,12212.37,51.48049798,7.39412915,187.71,14.58,1.36,58.71,1,-86.00,-5.00,13.00,2.00,50.00,4.00,27771139,48
566.07,1567659895,12226.91,51.48056234,7.39430609,187.99,15.72,1.14,59.18,1,-86.00,-5.00,13.00,2.00,50.00,4.00,27771139,48
567.07,1567659896,12242.70,51.48071501,7.39472232,188.37,17.31,1.58,59.89,1,-86.00,-6.00,13.00,2.00,51.00,4.00,27771139,48
568.07,1567659897,12259.95,51.48071501,7.39472232,188.37,17.31,0.00,59.89,1,-86.00,-6.00,13.00,2.00,51.00,4.00,27771139,48
569.07,1567659898,12277.24,51.48087004,7.39517322,188.21,18.09,0.79,60.35,1,-86.00,-6.00,24.00,2.00,50.00,4.00,27771139,48
570.07,1567659899,12295.42,51.48094717,7.39539867,187.82,18.09,-0.00,60.30,1,-86.00,-6.00,24.00,2.00,50.00,4.00,27771139,48
571.07,1567659900,12313.42,51.48103043,7.39563261,187.23,18.06,-0.03,60.73,1,-87.00,-6.00,10.00,2.00,50.00,4.00,27771139,48
572.07,1567659901,12331.50,51.48110911,7.39585631,186.93,17.81,-0.25,60.17,1,-87.00,-6.00,10.00,2.00,50.00,4.00,27771139,48
573.07,1567659902,12349.33,51.48118954,7.39607758,186.61,17.53,-0.28,59.30,1,-89.00,-6.00,19.00,2.00,48.00,4.00,27771139,48
574.07,1567659903,12366.85,51.48118954,7.39607758,186.61,17.53,0.00,59.30,1,-89.00,-6.00,19.00,2.00,48.00,4.00,27771139,48
575.08,1567659904,12384.52,51.48134248,7.39649459,186.60,16.80,-0.73,59.22,1,-90.00,-6.00,7.00,2.00,47.00,4.00,27771139,48
576.07,1567659905,12401.18,51.48134248,7.39649459,186.60,16.80,0.00,59.22,1,-90.00,-6.00,7.00,2.00,47.00,4.00,27771139,48
577.07,1567659906,12417.99,51.48150248,7.39689389,186.59,16.00,-0.79,57.00,1,-90.00,-6.00,7.00,2.00,47.00,4.00,27771139,48
578.07,1567659907,12433.97,51.48150248,7.39689389,186.59,16.00,0.00,57.00,1,-90.00,-7.00,10.00,2.00,48.00,4.00,27771139,48
579.07,1567659908,12449.97,51.48030110,7.39466030,186.40,15.27,-0.73,56.52,1,-90.00,-7.00,10.00,2.00,48.00,4.00,27771139,48
580.07,1567659909,12465.26,51.48171822,7.39743305,186.77,13.66,-1.61,55.41,1,-91.00,-7.00,13.00,2.00,47.00,4.00,27771139,48
581.07,1567659910,12478.92,51.48171822,7.39743305,186.77,13.66,0.00,55.41,1,-91.00,-7.00,13.00,2.00,47.00,4.00,27771139,48
582.07,1567659911,12492.59,51.48184833,7.39773207,187.26,10.38,-3.28,53.52,1,-93.00,-6.00,17.00,11.00,43.00,9.00,27771139,48
583.07,1567659912,12502.95,51.48190055,7.39784013,187.28,9.12,-1.26,52.28,1,-93.00,-6.00,17.00,11.00,43.00,9.00,27771139,48
584.07,1567659913,12512.07,51.48194523,7.39793502,187.17,7.82,-1.30,51.55,1,-93.00,-6.00,13.00,12.00,41.00,9.00,27771139,48
585.07,1567659914,12519.88,51.48198370,7.39801570,187.09,6.62,-1.19,51.12,1,-93.00,-6.00,13.00,12.00,41.00,9.00,27771139,48
586.07,1567659915,12526.51,51.48201986,7.39808144,187.10,5.15,-1.47,50.78,1,-95.00,-5.00,15.00,11.00,39.00,9.00,27771139,48
587.07,1567659916,12531.66,51.48204118,7.39811891,187.11,3.54,-1.61,49.87,1,-95.00,-5.00,15.00,11.00,39.00,9.00,27771139,48
588.07,1567659917,12535.19,51.48204118,7.39811891,187.11,3.54,0.00,49.87,1,-89.00,-5.00,15.00,12.00,45.00,9.00,27771139,48
589.07,1567659918,12538.73,51.48208251,7.39818335,187.13,1.74,-1.79,48.77,1,-89.00,-5.00,15.00,12.00,45.00,9.00,27771139,48
590.07,1567659919,12540.47,51.48209717,7.39819970,187.16,0.96,-0.78,48.77,1,-89.00,-5.00,21.00,13.00,47.00,9.00,27771139,48
591.07,1567659920,12541.43,51.48210405,7.39821154,187.18,0.48,-0.48,48.77,1,-89.00,-5.00,21.00,13.00,47.00,9.00,27771139,48
592.07,1567659921,12541.91,51.48210405,7.39821154,187.19,0.00,-0.48,48.77,1,-89.00,-5.00,21.00,12.00,47.00,9.00,27771139,48
593.07,1567659922,12541.91,51.48210405,7.39821154,187.19,0.00,0.00,48.77,1,-89.00,-5.00,21.00,12.00,47.00,9.00,27771139,48
594.07,1567659923,12541.91,51.48210405,7.39821154,187.19,0.00,0.00,48.77,1,-88.00,-6.00,21.00,13.00,48.00,9.00,27771139,48
595.07,1567659924,12541.91,51.48210405,7.39821154,187.19,0.00,0.00,48.77,1,-88.00,-6.00,21.00,13.00,48.00,9.00,27771139,48
596.08,1567659925,12541.91,51.48210405,7.39821154,187.19,0.00,0.00,48.77,1,-88.00,-5.00,15.00,11.00,45.00,9.00,27771139,48
597.07,1567659926,12541.91,51.48210405,7.39821154,187.20,0.00,0.00,48.77,1,-88.00,-5.00,15.00,11.00,45.00,9.00,27771139,48
598.07,1567659927,12541.91,51.48210405,7.39821154,187.21,0.00,0.00,48.77,1,-88.00,-5.00,15.00,11.00,45.00,9.00,27771139,48
599.07,1567659928,12541.91,51.48030110,7.39466030,187.21,0.00,0.00,48.77,1,-86.00,-4.00,18.00,2.00,46.00,9.00,27771139,48
600.07,1567659929,12541.91,51.48210405,7.39821154,187.26,0.00,0.00,48.77,1,-86.00,-4.00,18.00,2.00,46.00,9.00,27771139,48
601.07,1567659930,12541.91,51.48210405,7.39821154,187.26,0.00,0.00,50.23,1,-89.00,-5.00,20.00,2.00,45.00,9.00,27771139,48
602.07,1567659931,12541.91,51.48210405,7.39821154,187.17,0.00,0.00,50.59,1,-89.00,-5.00,20.00,2.00,45.00,9.00,27771139,48
603.07,1567659932,12541.91,51.48216229,7.39832821,186.65,5.70,0.00,49.80,1,-88.00,-5.00,20.00,2.00,47.00,9.00,27771139,48
604.07,1567659933,12547.61,51.48224682,7.39846466,186.12,7.13,1.43,47.54,1,-88.00,-5.00,20.00,2.00,47.00,9.00,27771139,48
605.07,1567659934,12554.74,51.48224682,7.39846466,186.12,7.13,0.00,47.54,1,-84.00,-5.00,22.00,13.00,49.00,10.00,27771139,48
606.07,1567659935,12561.87,51.48236729,7.39864965,185.61,9.36,2.23,44.10,1,-84.00,-5.00,22.00,13.00,49.00,10.00,27771139,48
607.07,1567659936,12571.23,51.48236729,7.39864965,185.61,9.36,0.00,44.10,1,-83.00,-5.00,25.00,15.00,54.00,10.00,27771139,48
608.07,1567659937,12580.60,51.48243092,7.39873756,185.48,9.75,0.39,42.27,1,-83.00,-5.00,25.00,15.00,54.00,10.00,27771139,48
609.07,1567659938,12590.34,51.48250169,7.39882679,185.59,10.91,1.16,40.62,1,-85.00,-6.00,19.00,14.00,53.00,10.00,27771139,48
610.07,1567659939,12601.28,51.48259163,7.39892943,185.99,11.50,0.58,38.92,1,-85.00,-6.00,19.00,14.00,53.00,10.00,27771139,48
611.07,1567659940,12612.74,51.48267877,7.39902497,186.41,11.16,-0.33,37.80,1,-88.00,-6.00,14.00,15.00,49.00,10.00,27771139,48
612.07,1567659941,12623.92,51.48284521,7.39920816,187.39,10.99,-0.18,34.72,1,-88.00,-6.00,14.00,15.00,49.00,10.00,27771139,48
613.07,1567659942,12634.89,51.48284521,7.39920816,187.39,10.99,0.00,34.72,1,-85.00,-5.00,19.00,11.00,47.00,10.00,27771139,48
614.07,1567659943,12645.89,51.48293911,7.39929980,187.64,11.52,0.53,33.40,1,-85.00,-5.00,19.00,11.00,47.00,10.00,27771139,48
615.07,1567659944,12657.43,51.48302993,7.39938590,187.77,12.15,0.64,33.55,1,-92.00,-6.00,11.00,13.00,43.00,10.00,27771139,48
616.07,1567659945,12669.56,51.48312110,7.39947668,187.82,12.85,0.70,32.75,1,-92.00,-6.00,11.00,13.00,43.00,10.00,27771139,48
617.08,1567659946,12682.47,51.48322496,7.39957737,187.98,13.91,1.06,33.45,1,-95.00,-6.00,11.00,13.00,41.00,10.00,27771139,48
618.07,1567659947,12696.31,51.48333036,7.39968293,188.13,14.01,0.10,33.72,1,-95.00,-6.00,11.00,13.00,41.00,10.00,27771139,48
619.07,1567659948,12710.32,51.48030110,7.39466030,188.31,14.25,0.24,33.85,1,-95.00,-6.00,11.00,13.00,41.00,10.00,27771139,48
620.07,1567659949,12724.57,51.48365173,7.40001494,188.52,14.92,0.67,35.39,1,-103.00,-9.00,4.00,6.00,37.00,10.00,27771139,48
621.07,1567659950,12739.53,51.48376589,7.40014944,188.63,14.95,0.03,35.93,1,-103.00,-9.00,4.00,6.00,37.00,10.00,27771139,48
622.07,1567659951,12754.46,51.48387427,7.40028197,188.71,14.57,-0.39,36.17,1,-98.00,-7.00,0.00,6.00,41.00,9.00,28365058,357
623.07,1567659952,12769.01,51.48387427,7.40028197,188.71,14.57,0.00,36.17,1,-98.00,-7.00,0.00,6.00,41.00,9.00,28365058,357
624.07,1567659953,12783.56,51.48397579,7.40040592,188.61,14.39,-0.18,36.57,1,-97.00,-7.00,2.00,8.00,40.00,9.00,28365058,357
625.07,1567659954,12797.97,51.48407234,7.40052582,188.32,14.18,-0.21,37.30,1,-97.00,-7.00,2.00,8.00,40.00,9.00,28365058,357
626.07,1567659955,12812.13,51.48417166,7.40064721,188.12,13.94,-0.24,37.85,1,-98.00,-7.00,3.00,11.00,40.00,9.00,28365058,357
627.07,1567659956,12826.07,51.48425976,7.40076119,188.22,12.68,-1.26,38.65,1,-98.00,-7.00,3.00,11.00,40.00,9.00,28365058,357
628.07,1567659957,12838.76,51.48435253,7.40088512,188.23,12.28,-0.39,39.69,1,-99.00,-7.00,1.00,9.00,39.00,9.00,28365058,357
629.07,1567659958,12851.04,51.48443801,7.40100696,188.12,11.32,-0.96,41.13,1,-99.00,-7.00,1.00,9.00,39.00,9.00,28365058,357
630.07,1567659959,12862.38,51.48451943,7.40112712,187.92,11.32,-0.00,42.02,1,-102.00,-8.00,4.00,8.00,37.00,9.00,28365058,357
631.07,1567659960,12873.69,51.48459630,7.40124287,187.77,11.15,-0.17,42.23,1,-102.00,-8.00,4.00,8.00,37.00,9.00,28365058,357
632.07,1567659961,12884.84,51.48467008,7.40135262,187.66,10.64,-0.51,43.18,1,-102.00,-8.00,4.00,8.00,38.00,9.00,28365058,357
633.07,1567659962,12895.48,51.48473820,7.40146303,187.36,10.30,-0.34,44.67,1,-102.00,-8.00,4.00,8.00,38.00,9.00,28365058,357
634.07,1567659963,12905.81,51.48480402,7.40157359,187.20,11.06,0.76,45.45,1,-101.00,-8.00,13.00,7.00,37.00,9.00,28365058,357
635.07,1567659964,12916.87,51.48493910,7.40181752,186.79,12.42,1.36,46.25,1,-101.00,-8.00,13.00,7.00,37.00,9.00,28365058,357
636.07,1567659965,12929.26,51.48493910,7.40181752,186.79,12.42,0.00,46.25,1,-104.00,-9.00,4.00,2.00,36.00,9.00,28365058,357
637.07,1567659966,12941.68,51.48507618,7.40207327,186.55,12.86,0.44,47.52,1,-104.00,-9.00,4.00,2.00,36.00,9.00,28365058,357
638.08,1567659967,12954.61,51.48507618,7.40207327,186.55,12.86,0.00,47.52,1,-102.00,-10.00,2.00,9.00,39.00,7.00,28365058,357
639.07,1567659968,12967.41,51.48132020,7.40464160,186.23,13.27,0.41,47.88,1,-102.00,-10.00,2.00,9.00,39.00,7.00,28365058,357
640.07,1567659969,12980.68,51.48524296,7.40237190,185.77,13.91,0.64,48.46,1,-102.00,-10.00,2.00,9.00,39.00,7.00,28365058,357
641.07,1567659970,12994.59,51.48533306,7.40253337,185.22,13.97,0.06,48.91,1,-103.00,-8.00,1.00,7.00,36.00,7.00,28365058,357
642.07,1567659971,13008.56,51.48541753,7.40268865,184.81,14.24,0.27,49.26,1,-103.00,-8.00,1.00,7.00,36.00,7.00,28365058,357
643.07,1567659972,13022.82,51.48559178,7.40302481,183.87,14.86,0.62,50.07,1,-102.00,-8.00,5.00,9.00,37.00,7.00,28365058,357
644.07,1567659973,13037.65,51.48567643,7.40319279,183.27,14.99,0.13,50.45,1,-102.00,-8.00,5.00,9.00,37.00,7.00,28365058,357
645.07,1567659974,13052.65,51.48575086,7.40335344,182.74,14.83,-0.15,51.82,1,-100.00,-7.00,3.00,7.00,39.00,7.00,28365058,357
646.07,1567659975,13067.47,51.48575086,7.40335344,182.74,14.83,0.00,51.82,1,-100.00,-7.00,3.00,7.00,39.00,7.00,28365058,357
647.07,1567659976,13082.34,51.48582564,7.40352265,182.25,15.02,0.18,52.79,1,-103.00,-8.00,6.00,10.00,37.00,7.00,28365058,357
648.07,1567659977,13097.32,51.48589985,7.40370072,181.71,15.15,0.13,53.54,1,-103.00,-8.00,6.00,10.00,37.00,7.00,28365058,357
649.07,1567659978,13112.50,51.48597721,7.40388233,181.22,15.12,-0.03,54.33,1,-104.00,-8.00,-1.00,6.00,37.00,14.00,29391105,167
650.07,1567659979,13127.59,51.48605165,7.40406423,180.83,15.04,-0.08,55.12,1,-104.00,-8.00,-1.00,6.00,37.00,14.00,29391105,167
651.07,1567659980,13142.63,51.48612226,7.40423443,180.91,14.80,-0.24,55.58,1,-100.00,-7.00,5.00,9.00,39.00,14.00,29391105,167
652.07,1567659981,13157.43,51.48619605,7.40441443,181.18,14.91,0.11,56.04,1,-100.00,-7.00,5.00,9.00,39.00,14.00,29391105,167
653.07,1567659982,13172.34,51.48626700,7.40459772,180.94,14.91,0.00,57.12,1,-97.00,-7.00,2.00,9.00,41.00,14.00,29391105,167
654.07,1567659983,13187.25,51.48633188,7.40476619,181.09,14.63,-0.28,57.98,1,-97.00,-7.00,2.00,9.00,41.00,14.00,29391105,167
655.07,1567659984,13201.91,51.48640193,7.40495595,181.04,14.82,0.19,58.82,1,-97.00,-8.00,6.00,11.00,43.00,14.00,29391105,167
656.07,1567659985,13216.72,51.48647101,7.40513951,180.98,14.96,0.14,59.33,1,-97.00,-8.00,6.00,11.00,43.00,14.00,29391105,167
657.07,1567659986,13231.72,51.48654200,7.40533196,180.95,15.51,0.55,59.81,1,-100.00,-10.00,5.00,6.00,42.00,14.00,29391105,167
658.07,1567659987,13247.19,51.48661150,7.40553363,181.07,15.99,0.48,60.27,1,-100.00,-10.00,5.00,6.00,42.00,14.00,29391105,167
659.08,1567659988,13263.25,51.49154320,7.42046370,181.05,16.17,0.17,61.37,1,-93.00,-8.00,11.00,10.00,47.00,14.00,29391105,167
660.07,1567659989,13279.32,51.48673734,7.40592985,180.83,15.49,-0.68,63.02,1,-93.00,-8.00,11.00,10.00,47.00,14.00,29391105,167
661.07,1567659990,13294.83,51.48680057,7.40615240,180.65,15.48,-0.01,64.48,1,-93.00,-8.00,11.00,10.00,47.00,14.00,29391105,167
662.07,1567659991,13310.34,51.48686634,7.40639124,180.32,16.33,0.84,65.67,1,-100.00,-12.00,2.00,11.00,44.00,14.00,29391105,167
663.07,1567659992,13326.64,51.48692073,7.40661406,180.17,16.23,-0.09,66.72,1,-100.00,-12.00,2.00,11.00,44.00,14.00,29391105,167
664.07,1567659993,13342.87,51.48697279,7.40683573,179.90,15.91,-0.33,67.87,1,-100.00,-11.00,7.00,12.00,43.00,14.00,29391105,167
665.08,1567659994,13358.84,51.48701739,7.40702958,179.55,15.85,-0.06,68.81,1,-100.00,-11.00,7.00,12.00,43.00,14.00,29391105,167
666.07,1567659995,13374.61,51.48709775,7.40743630,177.85,14.44,-1.41,71.10,1,-98.00,-11.00,4.00,10.00,44.00,14.00,29391105,167
667.07,1567659996,13389.10,51.48713736,7.40763670,176.77,14.36,-0.08,71.75,1,-98.00,-11.00,4.00,10.00,44.00,14.00,29391105,167
668.07,1567659997,13403.39,51.48713736,7.40763670,176.77,14.36,0.00,71.75,1,-89.00,-5.00,3.00,6.00,45.00,4.00,26385408,95
669.07,1567659998,13417.77,51.48720403,7.40801705,175.52,14.20,-0.16,72.98,1,-89.00,-5.00,3.00,6.00,45.00,4.00,26385408,95
670.07,1567659999,13431.98,51.48720403,7.40801705,175.52,14.20,0.00,72.98,1,-89.00,-5.00,2.00,14.00,45.00,4.00,26385408,95
671.07,1567660000,13446.17,51.48723523,7.40821099,174.89,13.08,-1.12,73.90,1,-89.00,-5.00,2.00,14.00,45.00,4.00,26385408,95
672.07,1567660001,13459.26,51.48726656,7.40840516,174.24,13.46,0.38,74.74,1,-87.00,-7.00,3.00,15.00,46.00,4.00,26385408,95
673.07,1567660002,13472.74,51.48732114,7.40878475,172.23,12.60,-0.86,76.14,1,-87.00,-7.00,3.00,15.00,46.00,4.00,26385408,95
674.07,1567660003,13485.30,51.48733836,7.40895146,171.94,12.71,0.11,77.09,1,-88.00,-5.00,11.00,12.00,46.00,4.00,26385408,95
675.07,1567660004,13498.02,51.48733836,7.40895146,171.94,12.71,0.00,77.09,1,-88.00,-5.00,11.00,12.00,46.00,4.00,26385408,95
676.07,1567660005,13510.71,51.48736222,7.40914719,171.45,12.76,0.06,78.03,1,-87.00,-4.00,21.00,11.00,47.00,4.00,26385408,95
677.07,1567660006,13523.49,51.48737848,7.40932637,171.00,12.89,0.13,78.60,1,-87.00,-4.00,21.00,11.00,47.00,4.00,26385408,95
678.07,1567660007,13536.37,51.48740557,7.40966685,170.55,13.21,0.32,78.32,1,-91.00,-5.00,9.00,14.00,44.00,4.00,26385408,95
679.07,1567660008,13549.60,51.48742494,7.40984791,170.46,12.47,-0.74,79.11,1,-91.00,-5.00,9.00,14.00,44.00,4.00,26385408,95
680.08,1567660009,13562.16,51.48742494,7.40984791,170.46,12.47,0.00,79.11,1,-96.00,-5.00,2.00,14.00,41.00,7.00,28365056,95
681.07,1567660010,13574.51,51.48744452,7.41004599,170.11,12.76,0.30,80.22,1,-96.00,-5.00,2.00,14.00,41.00,7.00,28365056,95
682.07,1567660011,13587.31,51.48746202,7.41022289,170.13,11.63,-1.13,81.13,1,-96.00,-5.00,2.00,14.00,41.00,7.00,28365056,95
683.07,1567660012,13598.93,51.48747272,7.41038656,170.38,10.29,-1.34,81.76,1,-93.00,-7.00,10.00,13.00,46.00,7.00,28365056,359
684.07,1567660013,13609.21,51.48748610,7.41054152,170.59,9.21,-1.08,82.92,1,-93.00,-7.00,10.00,13.00,46.00,7.00,28365056,359
685.07,1567660014,13618.43,51.48750099,7.41079330,170.67,8.00,-1.21,83.81,1,-89.00,-6.00,19.00,10.00,49.00,7.00,28365056,359
686.07,1567660015,13626.42,51.48750099,7.41079330,170.67,8.00,0.00,83.81,1,-89.00,-6.00,19.00,10.00,49.00,7.00,28365056,359
687.07,1567660016,13634.43,51.48756575,7.41096898,170.31,7.06,-0.95,42.62,1,-86.00,-6.00,15.00,11.00,50.00,7.00,28365056,359
688.07,1567660017,13641.51,51.48762345,7.41102663,169.97,7.01,-0.05,24.42,1,-86.00,-6.00,15.00,11.00,50.00,7.00,28365056,359
689.07,1567660018,13648.49,51.48762345,7.41102663,169.97,7.01,0.00,24.42,1,-89.00,-6.00,27.00,14.00,49.00,7.00,28365056,359
690.07,1567660019,13655.50,51.48767077,7.41105734,169.77,6.32,-0.69,20.62,1,-89.00,-6.00,27.00,14.00,49.00,7.00,28365056,359
691.07,1567660020,13661.83,51.48777820,7.41103421,169.54,6.63,0.31,353.69,1,-91.00,-7.00,29.00,14.00,48.00,7.00,28365056,359
692.07,1567660021,13668.46,51.48777820,7.41103421,169.54,6.63,0.00,353.69,1,-91.00,-7.00,29.00,14.00,48.00,7.00,28365056,359
693.07,1567660022,13675.10,51.48783350,7.41101628,169.80,7.06,0.43,352.97,1,-89.00,-6.00,19.00,11.00,47.00,7.00,28365056,359
694.07,1567660023,13682.16,51.48789818,7.41099421,169.89,8.15,1.08,353.87,1,-89.00,-6.00,19.00,11.00,47.00,7.00,28365056,359
695.07,1567660024,13690.31,51.48797427,7.41097675,169.84,8.92,0.77,353.21,1,-90.00,-6.00,21.00,9.00,47.00,7.00,28365056,359
696.07,1567660025,13699.21,51.48805226,7.41095873,169.61,9.07,0.15,353.32,1,-90.00,-6.00,21.00,9.00,47.00,7.00,28365056,359
697.07,1567660026,13708.28,51.48814281,7.41093886,169.28,10.05,0.98,352.82,1,-91.00,-6.00,21.00,13.00,46.00,7.00,28365056,359
698.07,1567660027,13718.34,51.48822562,7.41092091,168.74,10.06,0.02,352.33,1,-91.00,-6.00,21.00,13.00,46.00,7.00,28365056,359
699.07,1567660028,13728.42,51.48689220,7.42091010,168.97,9.66,-0.40,351.67,1,-94.00,-9.00,8.00,10.00,45.00,7.00,28365056,359
700.07,1567660029,13738.07,51.48840776,7.41086817,169.35,9.43,-0.23,351.17,1,-94.00,-9.00,8.00,10.00,45.00,7.00,28365056,359
701.08,1567660030,13747.54,51.48859269,7.41080372,170.22,9.49,0.07,350.15,1,-89.00,-6.00,-2.00,6.00,48.00,5.00,26385408,95
702.07,1567660031,13757.01,51.48866666,7.41077876,170.29,8.94,-0.56,349.31,1,-89.00,-6.00,-2.00,6.00,48.00,5.00,26385408,95
703.07,1567660032,13765.91,51.48874665,7.41075002,170.20,8.10,-0.84,349.05,1,-89.00,-6.00,-2.00,6.00,48.00,5.00,26385408,95
704.07,1567660033,13774.01,51.48874665,7.41075002,170.20,8.10,0.00,349.05,1,-89.00,-8.00,6.00,9.00,49.00,5.00,26385408,95
705.07,1567660034,13782.13,51.48888740,7.41070814,170.33,8.40,0.30,347.43,1,-89.00,-8.00,6.00,9.00,49.00,5.00,26385408,95
706.07,1567660035,13790.50,51.48888740,7.41070814,170.33,8.40,0.00,347.43,1,-88.00,-5.00,14.00,11.00,48.00,5.00,26385408,95
707.07,1567660036,13798.90,51.48896180,7.41068248,170.98,9.59,1.20,346.52,1,-88.00,-5.00,14.00,11.00,48.00,5.00,26385408,95
708.07,1567660037,13808.49,51.48905819,7.41064500,171.39,10.43,0.83,345.92,1,-96.00,-9.00,4.00,10.00,45.00,5.00,26385408,95
709.07,1567660038,13818.94,51.48915780,7.41060406,172.04,11.26,0.83,346.54,1,-96.00,-9.00,4.00,10.00,45.00,5.00,26385408,95
710.07,1567660039,13830.18,51.48925793,7.41056474,172.49,11.55,0.29,346.33,1,-95.00,-7.00,3.00,6.00,44.00,5.00,29391106,166
711.07,1567660040,13841.75,51.48935649,7.41052533,173.04,11.79,0.24,346.33,1,-95.00,-7.00,3.00,6.00,44.00,5.00,29391106,166
712.07,1567660041,13853.52,51.48945798,7.41048522,173.55,11.89,0.10,346.48,1,-93.00,-6.00,18.00,11.00,45.00,5.00,29391106,166
713.07,1567660042,13865.42,51.48966460,7.41039584,174.29,11.02,-0.88,346.43,1,-93.00,-6.00,18.00,11.00,45.00,5.00,29391106,166
714.07,1567660043,13876.48,51.48975369,7.41036355,174.18,9.19,-1.82,347.17,1,-95.00,-7.00,9.00,8.00,44.00,5.00,29391106,166
715.07,1567660044,13885.64,51.48975369,7.41036355,174.18,9.19,0.00,347.17,1,-95.00,-7.00,9.00,8.00,44.00,5.00,29391106,166
716.07,1567660045,13894.86,51.48982849,7.41033696,173.93,8.08,-1.10,347.08,1,-96.00,-7.00,9.00,8.00,43.00,5.00,29391106,166
717.07,1567660046,13902.91,51.48988827,7.41031126,173.45,5.98,-2.11,346.80,1,-96.00,-7.00,9.00,8.00,43.00,5.00,29391106,166
718.07,1567660047,13908.90,51.48994188,7.41029603,172.95,4.87,-1.11,350.14,1,-90.00,-5.00,9.00,6.00,46.00,5.00,26385408,95
719.07,1567660048,13913.77,51.48998140,7.40864150,172.44,4.30,-0.57,14.26,1,-90.00,-5.00,9.00,6.00,46.00,5.00,26385408,95
720.07,1567660049,13918.07,51.49003732,7.41043704,171.39,6.20,1.90,72.68,1,-88.00,-5.00,9.00,11.00,48.00,5.00,26385408,95
721.07,1567660050,13924.26,51.49003732,7.41043704,171.39,6.20,0.00,72.68,1,-88.00,-5.00,9.00,11.00,48.00,5.00,26385408,95
722.08,1567660051,13930.51,51.49005246,7.41053774,170.84,8.05,1.83,74.17,1,-90.00,-5.00,15.00,11.00,45.00,5.00,26385408,95
723.07,1567660052,13938.49,51.49007663,7.41069197,170.21,9.18,1.15,75.43,1,-90.00,-5.00,15.00,11.00,45.00,5.00,26385408,95
724.07,1567660053,13947.66,51.49009948,7.41083460,169.73,10.30,1.12,76.06,1,-90.00,-5.00,15.00,11.00,45.00,5.00,26385408,95
725.07,1567660054,13957.97,51.49013858,7.41110860,168.43,11.06,0.76,77.29,1,-93.00,-5.00,20.00,11.00,42.00,5.00,26385408,95
