0.01,1567659343,0.00,51.44862037,7.48828155,250.88,13.70,0.00,191.49,1,-105.00,-7.00,-2.00,2.00,22.00,7.00,13415170,315
1.14,1567659344,15.48,51.44849664,7.48823015,251.49,13.83,0.11,192.91,1,-105.00,-7.00,-2.00,2.00,22.00,7.00,13415170,315
2.06,1567659345,28.15,51.44837481,7.48818155,252.24,13.17,-0.72,192.96,1,-109.00,-11.00,-3.00,2.00,22.00,7.00,13415170,315
3.04,1567659346,41.16,51.44824597,7.48812533,253.30,14.13,0.97,193.89,1,-109.00,-11.00,-3.00,2.00,22.00,7.00,13415170,315
4.04,1567659347,55.31,51.44811601,7.48806735,253.77,14.06,-0.08,194.23,1,-109.00,-11.00,-3.00,2.00,22.00,7.00,13415170,315
5.04,1567659348,69.37,51.44798400,7.48801158,254.06,14.57,0.52,193.52,1,-109.00,-11.00,-6.00,2.00,22.00,7.00,13415170,315
6.04,1567659349,83.92,51.44786200,7.48796635,254.12,14.92,0.35,192.53,1,-109.00,-11.00,-6.00,2.00,22.00,7.00,13415170,315
7.05,1567659350,98.88,51.44773217,7.48793123,254.23,14.79,-0.13,190.52,1,-114.00,-16.00,-5.00,2.00,21.00,7.00,13415170,315
8.05,1567659351,113.67,51.44760618,7.48790116,254.41,14.12,-0.67,188.43,1,-114.00,-16.00,-5.00,2.00,21.00,7.00,13415170,315
9.03,1567659352,127.60,51.44748391,7.48787939,254.58,13.60,-0.53,185.89,1,-113.00,-15.00,-7.00,2.00,22.00,7.00,13246977,156
10.04,1567659353,141.29,51.44735027,7.48786610,254.79,13.95,0.35,183.39,1,-113.00,-15.00,-7.00,2.00,22.00,7.00,13246977,156
11.04,1567659354,155.30,51.44721711,7.48787004,255.41,14.09,0.14,180.13,1,-113.00,-14.00,-3.00,2.00,21.00,7.00,12973570,334
12.04,1567659355,169.39,51.44708230,7.48789170,255.93,14.52,0.43,176.38,1,-113.00,-14.00,-3.00,2.00,21.00,7.00,12973570,334
13.04,1567659356,183.90,51.44694241,7.48792554,256.14,14.21,-0.31,173.55,1,-113.00,-14.00,-5.00,2.00,21.00,7.00,12973570,334
14.04,1567659357,198.10,51.44680151,7.48797637,256.14,14.72,0.51,170.79,1,-113.00,-14.00,-5.00,2.00,21.00,7.00,12973570,334
15.05,1567659358,212.87,51.44665471,7.48803453,256.34,14.66,-0.06,167.70,1,-114.00,-15.00,-1.00,2.00,21.00,7.00,12973570,334
16.05,1567659359,227.52,51.44651992,7.48810292,256.98,14.22,-0.44,164.53,1,-114.00,-15.00,-1.00,2.00,21.00,7.00,12973570,334
17.04,1567659360,241.67,51.44638849,7.48818418,257.86,14.56,0.34,161.41,1,-114.00,-15.00,-2.00,2.00,20.00,7.00,12973570,334
18.05,1567659361,256.33,51.44628715,7.48827341,258.76,14.37,-0.19,158.14,1,-114.00,-15.00,-2.00,2.00,20.00,7.00,12973570,334
19.04,1567659362,270.62,51.44618421,7.48837996,259.65,14.54,0.17,155.32,1,-110.00,-11.00,4.00,2.00,21.00,7.00,13415170,315
20.04,1567659363,285.15,51.44606736,7.48850169,260.21,14.89,0.35,151.85,1,-110.00,-11.00,4.00,2.00,21.00,7.00,13415170,315
21.04,1567659364,300.06,51.44595037,7.48863734,260.85,14.99,0.10,147.86,1,-106.00,-8.00,2.00,2.00,22.00,7.00,13415170,315
22.04,1567659365,315.01,51.44584233,7.48878405,261.32,15.11,0.11,144.09,1,-106.00,-8.00,2.00,2.00,22.00,7.00,13415170,315
23.05,1567659366,330.28,51.44574502,7.48893621,261.46,15.13,0.02,141.06,1,-108.00,-8.00,-1.00,2.00,21.00,7.00,13415170,315
24.04,1567659367,345.28,51.44564960,7.48909454,261.85,15.29,0.16,137.74,1,-108.00,-8.00,-1.00,2.00,21.00,7.00,13415170,315
25.04,1567659368,360.56,51.44556535,7.48925564,262.22,15.48,0.20,134.96,1,-108.00,-8.00,-1.00,2.00,21.00,7.00,13415170,315
26.04,1567659369,376.04,51.44548299,7.48942174,263.14,15.27,-0.21,133.09,1,-107.00,-9.00,-4.00,7.00,20.00,13.00,13415170,315
27.04,1567659370,391.35,51.44539714,7.48960103,263.86,15.33,0.06,131.57,1,-107.00,-9.00,-4.00,7.00,20.00,13.00,13415170,315
28.04,1567659371,406.63,51.44531586,7.48979057,264.70,15.52,0.19,129.97,1,-105.00,-8.00,3.00,7.00,22.00,13.00,13415170,315
29.04,1567659372,422.19,51.44523698,7.48996745,265.41,15.74,0.22,129.08,1,-105.00,-8.00,3.00,7.00,22.00,13.00,13415170,315
30.04,1567659373,437.92,51.44515726,7.49016093,266.12,16.04,0.30,128.31,1,-108.00,-9.00,-7.00,3.00,21.00,13.00,13415170,315
31.04,1567659374,453.95,51.44507041,7.49035606,266.83,15.60,-0.44,127.40,1,-108.00,-9.00,-7.00,3.00,21.00,13.00,13415170,315
32.04,1567659375,469.55,51.44498956,7.49054166,267.30,14.73,-0.87,127.75,1,-108.00,-10.00,-6.00,7.00,21.00,13.00,13415170,315
33.04,1567659376,484.27,51.44491122,7.49072346,267.78,14.25,-0.48,127.78,1,-108.00,-10.00,-6.00,7.00,21.00,13.00,13415170,315
34.04,1567659377,498.55,51.44484264,7.49089097,268.61,14.11,-0.14,127.40,1,-113.00,-14.00,-5.00,4.00,22.00,13.00,13415170,315
35.04,1567659378,512.67,51.44477880,7.49105574,269.35,13.01,-1.10,126.53,1,-113.00,-14.00,-5.00,4.00,22.00,13.00,13415170,315
36.04,1567659379,525.68,51.44472118,7.49120993,269.89,11.61,-1.40,127.08,1,-114.00,-13.00,-1.00,5.00,18.00,13.00,13415170,315
37.04,1567659380,537.29,51.44466985,7.49133650,270.34,8.84,-2.77,127.02,1,-114.00,-13.00,-1.00,5.00,18.00,13.00,13415170,315
38.04,1567659381,546.12,51.44462522,7.49144129,270.75,6.75,-2.09,127.22,1,-116.00,-13.00,-6.00,5.00,16.00,24.00,13417219,440
39.04,1567659382,552.87,51.44460191,7.49150772,270.98,4.33,-2.42,126.67,1,-116.00,-13.00,-6.00,5.00,16.00,24.00,13417219,440
40.04,1567659383,557.19,51.44458748,7.49155340,271.00,2.59,-1.74,127.67,1,-112.00,-10.00,-6.00,6.00,17.00,24.00,13417219,440
41.04,1567659384,559.78,51.44458205,7.49157233,271.02,0.93,-1.67,127.67,1,-112.00,-10.00,-6.00,6.00,17.00,24.00,13417219,440
42.04,1567659385,560.71,51.44458205,7.49157233,271.02,0.00,-0.92,127.67,1,-112.00,-10.00,-2.00,5.00,18.00,24.00,13417219,440
43.04,1567659386,560.71,51.44458205,7.49157233,271.02,0.00,0.00,127.67,1,-112.00,-10.00,-2.00,5.00,18.00,24.00,13417219,440
44.05,1567659387,560.71,51.44458205,7.49157233,271.02,0.00,0.00,127.67,1,-115.00,-11.00,-5.00,5.00,16.00,24.00,13417219,440
45.04,1567659388,560.71,51.44458205,7.49157233,271.02,0.00,0.00,127.67,1,-115.00,-11.00,-5.00,5.00,16.00,24.00,13417219,440
46.04,1567659389,560.71,51.44458205,7.49157233,271.03,0.00,0.00,127.67,1,-115.00,-11.00,-5.00,5.00,16.00,24.00,13417219,440
47.04,1567659390,560.71,51.44458205,7.49157233,271.03,0.00,0.00,127.67,1,-116.00,-12.00,-3.00,4.00,17.00,24.00,13417219,440
48.04,1567659391,560.71,51.44458205,7.49157233,271.03,0.00,0.00,127.67,1,-116.00,-12.00,-3.00,4.00,17.00,24.00,13417219,440
49.04,1567659392,560.71,51.44458205,7.49157233,271.04,0.00,0.00,127.67,1,-117.00,-14.00,-5.00,4.00,17.00,24.00,13417219,440
50.04,1567659393,560.71,51.44458205,7.49157233,271.05,0.00,0.00,127.67,1,-117.00,-14.00,-5.00,4.00,17.00,24.00,13417219,440
51.04,1567659394,560.71,51.44458205,7.49157233,271.07,0.00,0.00,127.67,1,-113.00,-11.00,-5.00,5.00,18.00,24.00,13417219,440
52.04,1567659395,560.71,51.44458205,7.49157233,271.08,0.00,0.00,127.67,1,-113.00,-11.00,-5.00,5.00,18.00,24.00,13417219,440
53.04,1567659396,560.71,51.44458205,7.49157233,271.10,0.00,0.00,127.67,1,-112.00,-11.00,-4.00,4.00,19.00,24.00,13417219,440
54.04,1567659397,560.71,51.44458205,7.49157233,271.13,0.00,0.00,127.67,1,-112.00,-11.00,-4.00,4.00,19.00,24.00,13417219,440
55.04,1567659398,560.71,51.44458205,7.49157233,271.16,0.00,0.00,127.67,1,-114.00,-11.00,-4.00,5.00,18.00,24.00,13417219,440
56.04,1567659399,560.71,51.44458205,7.49157233,271.19,0.00,0.00,127.67,1,-114.00,-11.00,-4.00,5.00,18.00,24.00,13417219,440
57.04,1567659400,560.71,51.44458205,7.49157233,271.22,0.00,0.00,127.67,1,-111.00,-10.00,1.00,5.00,18.00,24.00,13417219,440
58.04,1567659401,560.71,51.44458205,7.49157233,271.25,0.00,0.00,127.67,1,-111.00,-10.00,1.00,5.00,18.00,24.00,13417219,440
59.04,1567659402,560.71,51.44458205,7.49157233,271.29,0.00,0.00,127.67,1,-112.00,-10.00,-2.00,5.00,19.00,24.00,13417219,440
60.04,1567659403,560.71,51.44458205,7.49157233,271.32,0.00,0.00,127.67,1,-112.00,-10.00,-2.00,5.00,19.00,24.00,13417219,440
61.04,1567659404,560.71,51.44458205,7.49157233,271.35,0.00,0.00,127.67,1,-112.00,-11.00,-2.00,5.00,19.00,24.00,13417219,440
62.04,1567659405,560.71,51.44458205,7.49157233,271.39,0.00,0.00,127.67,1,-112.00,-11.00,-2.00,5.00,19.00,24.00,13417219,440
63.04,1567659406,560.71,51.44458205,7.49157233,271.42,0.00,0.00,127.67,1,-110.00,-9.00,1.00,6.00,19.00,24.00,13417219,440
64.04,1567659407,560.71,51.44458205,7.49157233,271.45,0.00,0.00,127.67,1,-110.00,-9.00,1.00,6.00,19.00,24.00,13417219,440
65.05,1567659408,560.71,51.44458205,7.49157233,271.47,0.00,0.00,127.67,1,-114.00,-11.00,-2.00,4.00,18.00,24.00,13417219,440
66.04,1567659409,560.71,51.44458205,7.49157233,271.50,0.00,0.00,127.67,1,-114.00,-11.00,-2.00,4.00,18.00,24.00,13417219,440
67.04,1567659410,560.71,51.44458205,7.49157233,271.52,0.00,0.00,127.67,1,-114.00,-11.00,-2.00,4.00,18.00,24.00,13417219,440
68.04,1567659411,560.71,51.44458205,7.49157233,271.55,0.00,0.00,127.67,1,-114.00,-12.00,-3.00,4.00,18.00,24.00,13417219,440
69.04,1567659412,560.71,51.44457461,7.49157557,271.79,0.00,0.00,175.36,1,-114.00,-12.00,-3.00,4.00,18.00,24.00,13417219,440
70.04,1567659413,560.71,51.44455802,7.49161634,272.02,0.00,0.00,123.01,1,-114.00,-12.00,-3.00,4.00,19.00,24.00,13417219,440
71.04,1567659414,560.71,51.44452958,7.49165547,274.03,2.33,0.00,139.36,1,-114.00,-12.00,-3.00,4.00,19.00,24.00,13417219,440
72.04,1567659415,563.04,51.44448063,7.49168320,275.62,4.14,1.81,161.79,1,-107.00,-10.00,2.00,7.00,23.00,24.00,13417219,440
73.04,1567659416,567.18,51.44442446,7.49168696,276.31,5.16,1.03,189.08,1,-107.00,-10.00,2.00,7.00,23.00,24.00,13417219,440
74.04,1567659417,572.35,51.44436539,7.49163767,277.00,6.17,1.00,212.16,1,-108.00,-11.00,-3.00,4.00,26.00,24.00,13417219,440
75.04,1567659418,578.51,51.44431896,7.49156622,277.83,7.03,0.87,218.53,1,-108.00,-11.00,-3.00,4.00,26.00,24.00,13417219,440
76.04,1567659419,585.54,51.44425660,7.49148638,278.55,10.45,3.42,216.79,1,-107.00,-10.00,1.00,6.00,23.00,24.00,13417219,440
77.04,1567659420,596.00,51.44417394,7.49139231,278.50,11.37,0.92,216.51,1,-107.00,-10.00,1.00,6.00,23.00,24.00,13417219,440
78.04,1567659421,607.36,51.44408618,7.49129542,277.71,12.54,1.17,215.52,1,-107.00,-11.00,2.00,8.00,23.00,23.00,13417219,440
79.04,1567659422,619.91,51.44398448,7.49118167,276.96,13.06,0.52,215.07,1,-107.00,-11.00,2.00,8.00,23.00,23.00,13417219,440
80.04,1567659423,632.98,51.44387588,7.49106179,276.14,13.97,0.90,214.68,1,-105.00,-8.00,7.00,9.00,22.00,23.00,13417219,440
81.04,1567659424,646.96,51.44376104,7.49094014,275.41,14.89,0.92,214.98,1,-105.00,-8.00,7.00,9.00,22.00,23.00,13417219,440
82.04,1567659425,661.83,51.44364799,7.49081639,274.72,15.33,0.44,215.53,1,-105.00,-7.00,-6.00,4.00,23.00,23.00,13417219,440
83.04,1567659426,677.15,51.44354122,7.49069295,274.06,15.50,0.17,215.95,1,-105.00,-7.00,-6.00,4.00,23.00,23.00,13417219,440
84.04,1567659427,692.66,51.44342659,7.49055802,273.69,15.57,0.07,216.84,1,-108.00,-10.00,-3.00,5.00,24.00,23.00,13417219,440
85.04,1567659428,708.23,51.44331118,7.49042298,273.74,15.72,0.15,216.67,1,-108.00,-10.00,-3.00,5.00,24.00,23.00,13417219,440
86.05,1567659429,724.10,51.44319378,7.49028703,273.89,15.91,0.19,216.60,1,-108.00,-12.00,2.00,6.00,24.00,23.00,13417219,440
87.04,1567659430,739.89,51.44308310,7.49015503,274.15,16.03,0.12,216.62,1,-108.00,-12.00,2.00,6.00,24.00,23.00,13417219,440
88.04,1567659431,755.91,51.44296751,7.49001564,274.39,16.27,0.24,216.49,1,-108.00,-12.00,2.00,6.00,24.00,23.00,13417219,440
89.04,1567659432,772.15,51.44284802,7.48987413,274.57,16.28,0.01,217.18,1,-109.00,-11.00,1.00,5.00,21.00,23.00,13417219,440
90.04,1567659433,788.42,51.44273447,7.48973736,274.52,16.01,-0.27,217.01,1,-109.00,-11.00,1.00,5.00,21.00,23.00,13417219,440
91.04,1567659434,804.43,51.44262263,7.48960114,274.22,15.20,-0.81,216.20,1,-108.00,-10.00,6.00,10.00,23.00,23.00,13417219,440
92.04,1567659435,819.63,51.44251983,7.48948218,273.98,14.61,-0.59,215.46,1,-108.00,-10.00,6.00,10.00,23.00,23.00,13417219,440
93.04,1567659436,834.23,51.44240650,7.48935144,273.93,14.41,-0.20,216.16,1,-101.00,-8.00,7.00,9.00,27.00,23.00,13417219,440
94.04,1567659437,848.66,51.44229705,7.48922055,273.22,14.67,0.25,216.64,1,-101.00,-8.00,7.00,9.00,27.00,23.00,13417219,440
95.04,1567659438,863.31,51.44219573,7.48909792,272.86,14.41,-0.26,216.81,1,-100.00,-7.00,-4.00,8.00,30.00,23.00,13417219,440
96.04,1567659439,877.72,51.44208768,7.48896388,273.26,14.40,-0.01,217.86,1,-100.00,-7.00,-4.00,8.00,30.00,23.00,13417219,440
97.04,1567659440,892.13,51.44197426,7.48882060,273.53,15.41,1.01,218.66,1,-102.00,-7.00,-2.00,9.00,26.00,23.00,13417219,440
98.04,1567659441,907.54,51.44186980,7.48867314,273.73,14.60,-0.80,220.82,1,-102.00,-7.00,-2.00,9.00,26.00,23.00,13417219,440
99.04,1567659442,922.14,51.44177523,7.48853279,273.76,14.61,0.01,222.18,1,-103.00,-8.00,-5.00,6.00,30.00,23.00,13417219,440
100.04,1567659443,936.74,51.44168034,7.48838547,273.87,14.34,-0.27,224.06,1,-103.00,-8.00,-5.00,6.00,30.00,23.00,13417219,440
101.04,1567659444,951.09,51.44159043,7.48822500,274.36,14.53,0.19,226.64,1,-102.00,-8.00,2.00,5.00,28.00,23.00,13417219,440
102.04,1567659445,965.62,51.44149587,7.48804920,274.48,14.61,0.08,229.19,1,-102.00,-8.00,2.00,5.00,28.00,23.00,13417219,440
103.04,1567659446,980.21,51.44140204,7.48785962,275.23,15.58,0.98,230.64,1,-95.00,-5.00,19.00,12.00,29.00,23.00,13417219,440
104.04,1567659447,995.83,51.44131385,7.48767873,275.68,15.16,-0.42,231.15,1,-95.00,-5.00,19.00,12.00,29.00,23.00,13417219,440
105.04,1567659448,1010.96,51.44122157,7.48748898,275.84,15.56,0.40,231.56,1,-99.00,-6.00,14.00,12.00,31.00,23.00,13417219,440
106.04,1567659449,1026.54,51.44113586,7.48730153,275.93,15.52,-0.05,231.96,1,-99.00,-6.00,14.00,12.00,31.00,23.00,13417219,440
107.05,1567659450,1042.18,51.44105454,7.48711753,276.42,15.06,-0.46,232.51,1,-101.00,-5.00,14.00,8.00,24.00,23.00,13417219,440
108.04,1567659451,1057.12,51.44097932,7.48694419,276.78,15.04,-0.02,233.35,1,-101.00,-5.00,14.00,8.00,24.00,23.00,13417219,440
109.04,1567659452,1072.14,51.44090417,7.48676971,277.17,15.24,0.20,232.74,1,-101.00,-5.00,14.00,8.00,24.00,23.00,13417219,440
110.04,1567659453,1087.38,51.44082904,7.48659700,277.70,15.32,0.08,232.65,1,-93.00,-6.00,13.00,12.00,35.00,23.00,13417219,440
111.04,1567659454,1102.70,51.44075906,7.48643649,277.70,13.50,-1.81,233.86,1,-93.00,-6.00,13.00,12.00,35.00,23.00,13417219,440
112.04,1567659455,1116.21,51.44068861,7.48627765,278.18,12.92,-0.58,234.25,1,-95.00,-5.00,7.00,9.00,31.00,23.00,13417219,440
113.04,1567659456,1129.12,51.44060568,7.48609624,278.12,13.53,0.61,233.69,1,-95.00,-5.00,7.00,9.00,31.00,23.00,13417219,440
114.04,1567659457,1142.66,51.44052137,7.48591144,278.23,14.55,1.02,233.20,1,-97.00,-7.00,8.00,6.00,30.00,23.00,13417219,440
115.04,1567659458,1157.21,51.44043674,7.48572973,277.92,14.88,0.33,232.79,1,-97.00,-7.00,8.00,6.00,30.00,23.00,13417219,440
116.04,1567659459,1172.06,51.44035183,7.48555379,277.49,14.51,-0.37,232.50,1,-95.00,-9.00,-1.00,9.00,33.00,23.00,13417219,440
117.04,1567659460,1186.60,51.44027156,7.48538192,277.89,13.66,-0.85,233.26,1,-95.00,-9.00,-1.00,9.00,33.00,23.00,13417219,440
118.04,1567659461,1200.26,51.44019641,7.48522136,278.04,12.42,-1.25,234.40,1,-99.00,-10.00,14.00,8.00,29.00,20.00,13417219,440
119.04,1567659462,1212.67,51.44012203,7.48505606,277.70,13.02,0.60,233.46,1,-99.00,-10.00,14.00,8.00,29.00,20.00,13417219,440
120.04,1567659463,1225.70,51.44004686,7.48490376,277.74,12.74,-0.27,232.33,1,-91.00,-5.00,13.00,12.00,34.00,20.00,13417219,440
121.04,1567659464,1238.43,51.43997610,7.48475696,278.15,12.15,-0.60,231.87,1,-91.00,-5.00,13.00,12.00,34.00,20.00,13417219,440
122.04,1567659465,1250.59,51.43989281,7.48458668,278.73,12.88,0.74,232.67,1,-99.00,-5.00,13.00,12.00,28.00,20.00,13417219,440
123.05,1567659466,1263.57,51.43981625,7.48442624,279.20,12.65,-0.23,233.15,1,-99.00,-5.00,13.00,12.00,28.00,20.00,13417219,440
124.03,1567659467,1276.04,51.43973714,7.48426416,279.48,13.49,0.85,232.75,1,-98.00,-5.00,10.00,9.00,29.00,20.00,13417219,440
125.04,1567659468,1289.64,51.43966164,7.48410195,279.89,13.78,0.29,232.21,1,-98.00,-5.00,10.00,9.00,29.00,20.00,13417219,440
126.04,1567659469,1303.40,51.43957456,7.48391351,280.28,14.56,0.78,233.09,1,-100.00,-11.00,0.00,6.00,30.00,20.00,13417219,440
127.04,1567659470,1317.96,51.43949896,7.48374395,280.43,14.08,-0.47,233.81,1,-100.00,-11.00,0.00,6.00,30.00,20.00,13417219,440
128.05,1567659471,1332.15,51.43942440,7.48356129,280.97,13.61,-0.47,236.37,1,-100.00,-10.00,-1.00,6.00,31.00,20.00,13417219,440
129.04,1567659472,1345.67,51.43936106,7.48338181,282.00,14.03,0.42,238.15,1,-100.00,-10.00,-1.00,6.00,31.00,20.00,13417219,440
130.04,1567659473,1359.69,51.43930566,7.48321504,282.90,14.14,0.11,240.22,1,-100.00,-10.00,-1.00,6.00,31.00,20.00,13417219,440
131.04,1567659474,1373.81,51.43924369,7.48302189,283.73,13.22,-0.92,242.26,1,-100.00,-7.00,11.00,11.00,26.00,20.00,13417219,440
132.04,1567659475,1387.04,51.43919035,7.48284032,284.43,13.31,0.10,243.91,1,-100.00,-7.00,11.00,11.00,26.00,20.00,13417219,440
133.04,1567659476,1400.36,51.43913124,7.48263900,284.67,13.79,0.48,244.36,1,-98.00,-6.00,8.00,12.00,28.00,20.00,13417219,440
134.04,1567659477,1414.15,51.43906978,7.48243909,284.31,14.37,0.58,244.70,1,-98.00,-6.00,8.00,12.00,28.00,20.00,13417219,440
135.04,1567659478,1428.51,51.43900964,7.48224668,284.11,14.05,-0.33,243.79,1,-95.00,-5.00,14.00,12.00,32.00,20.00,13417219,440
136.04,1567659479,1442.56,51.43894805,7.48203955,283.99,13.75,-0.30,245.32,1,-95.00,-5.00,14.00,12.00,32.00,20.00,13417219,440
137.04,1567659480,1456.25,51.43888797,7.48183343,284.02,13.94,0.20,244.65,1,-99.00,-5.00,8.00,12.00,27.00,20.00,13417219,440
138.04,1567659481,1470.26,51.43882254,7.48163362,284.11,14.35,0.41,243.69,1,-99.00,-5.00,8.00,12.00,27.00,20.00,13417219,440
139.04,1567659482,1484.58,51.43875732,7.48143874,284.50,15.17,0.82,243.09,1,-96.00,-7.00,11.00,11.00,31.00,20.00,13417219,440
140.04,1567659483,1499.76,51.43868135,7.48122508,284.25,14.92,-0.25,242.55,1,-96.00,-7.00,11.00,11.00,31.00,20.00,13417219,440
141.04,1567659484,1514.70,51.43860614,7.48101596,283.76,15.08,0.16,242.24,1,-96.00,-5.00,11.00,11.00,28.00,20.00,13417219,440
142.04,1567659485,1529.78,51.43853640,7.48081748,283.18,15.17,0.09,242.79,1,-96.00,-5.00,11.00,11.00,28.00,20.00,13417219,440
143.04,1567659486,1544.96,51.43846835,7.48061929,282.97,15.09,-0.09,242.59,1,-98.00,-5.00,6.00,12.00,29.00,20.00,13417219,440
144.04,1567659487,1560.06,51.43840578,7.48044444,283.11,13.93,-1.16,242.12,1,-98.00,-5.00,6.00,12.00,29.00,20.00,13417219,440
145.04,1567659488,1573.99,51.43834920,7.48028320,283.55,13.89,-0.03,242.92,1,-101.00,-8.00,10.00,9.00,27.00,20.00,13417219,440
146.04,1567659489,1587.88,51.43828523,7.48009432,284.05,14.90,1.01,242.52,1,-101.00,-8.00,10.00,9.00,27.00,20.00,13417219,440
147.04,1567659490,1602.80,51.43822592,7.47991780,284.31,13.44,-1.46,241.96,1,-101.00,-7.00,9.00,10.00,29.00,20.00,13417219,440
148.04,1567659491,1616.23,51.43816129,7.47973022,283.96,14.08,0.63,242.87,1,-101.00,-7.00,9.00,10.00,29.00,20.00,13417219,440
149.05,1567659492,1630.41,51.43810158,7.47953730,284.39,13.76,-0.31,244.41,1,-97.00,-7.00,-5.00,11.00,32.00,20.00,13417219,440
150.04,1567659493,1644.07,51.43804168,7.47935142,284.48,12.87,-0.90,245.05,1,-97.00,-7.00,-5.00,11.00,32.00,20.00,13417219,440
151.04,1567659494,1656.94,51.43798122,7.47917275,284.61,13.35,0.48,244.74,1,-97.00,-7.00,-5.00,11.00,32.00,20.00,13417219,440
152.04,1567659495,1670.33,51.43792193,7.47898827,284.65,12.83,-0.52,244.43,1,-97.00,-9.00,13.00,2.00,32.00,20.00,13417219,440
153.04,1567659496,1683.16,51.43786140,7.47880196,284.61,13.58,0.75,243.88,1,-97.00,-9.00,13.00,2.00,32.00,20.00,13417219,440
154.04,1567659497,1696.68,51.43780327,7.47862157,284.22,12.29,-1.30,243.98,1,-94.00,-6.00,2.00,2.00,34.00,20.00,13417219,440
155.04,1567659498,1708.98,51.43774207,7.47843917,283.20,12.44,0.15,242.98,1,-94.00,-6.00,2.00,2.00,34.00,20.00,13417219,440
156.04,1567659499,1721.43,51.43766571,7.47822704,282.88,14.29,1.85,241.41,1,-116.00,-10.00,-1.00,2.00,8.00,20.00,13406986,483
157.04,1567659500,1735.73,51.43759583,7.47803730,283.41,14.15,-0.14,240.72,1,-116.00,-10.00,-1.00,2.00,8.00,20.00,13406986,483
158.04,1567659501,1749.91,51.43753472,7.47785599,283.99,14.30,0.15,242.95,1,-93.00,-5.00,7.00,2.00,34.00,20.00,13417219,440
159.04,1567659502,1764.19,51.43747772,7.47768541,284.46,12.91,-1.39,243.84,1,-93.00,-5.00,7.00,2.00,34.00,20.00,13417219,440
160.04,1567659503,1777.07,51.43741856,7.47750728,285.17,13.19,0.28,244.57,1,-94.00,-6.00,17.00,2.00,33.00,18.00,13523715,6
161.05,1567659504,1790.34,51.43736187,7.47733227,285.59,13.31,0.13,245.06,1,-94.00,-6.00,17.00,2.00,33.00,18.00,13523715,6
162.04,1567659505,1803.51,51.43730811,7.47715031,285.85,12.48,-0.84,245.72,1,-88.00,-4.00,8.00,14.00,38.00,19.00,13523715,6
163.04,1567659506,1816.08,51.43725357,7.47695918,285.73,13.43,0.94,247.59,1,-88.00,-4.00,8.00,14.00,38.00,19.00,13523715,6
164.05,1567659507,1829.54,51.43720707,7.47676142,285.21,12.96,-0.47,249.32,1,-93.00,-10.00,12.00,11.00,38.00,19.00,13523715,6
165.04,1567659508,1842.47,51.43719005,7.47656203,285.11,12.20,-0.76,264.47,1,-93.00,-10.00,12.00,11.00,38.00,19.00,13523715,6
166.04,1567659509,1854.64,51.43721422,7.47639752,284.98,10.95,-1.25,287.50,1,-93.00,-10.00,11.00,12.00,37.00,19.00,13523715,6
167.04,1567659510,1865.59,51.43725228,7.47628056,285.52,9.49,-1.46,301.28,1,-93.00,-10.00,11.00,12.00,37.00,19.00,13523715,6
168.04,1567659511,1875.08,51.43732206,7.47617975,286.46,9.09,-0.41,326.77,1,-99.00,-5.00,13.00,9.00,27.00,19.00,13523715,6
169.04,1567659512,1884.17,51.43739631,7.47616486,287.04,8.86,-0.22,357.92,1,-99.00,-5.00,13.00,9.00,27.00,19.00,13523715,6
170.05,1567659513,1893.09,51.43748557,7.47619280,287.30,9.65,0.78,21.80,1,-99.00,-5.00,11.00,9.00,25.00,19.00,13523715,6
171.04,1567659514,1902.68,51.43756107,7.47623962,287.42,9.58,-0.07,24.64,1,-99.00,-5.00,11.00,9.00,25.00,19.00,13523715,6
172.04,1567659515,1912.26,51.43761588,7.47635985,287.33,10.41,0.83,54.23,1,-99.00,-5.00,11.00,9.00,25.00,19.00,13523715,6
173.04,1567659516,1922.66,51.43769062,7.47651531,286.71,12.05,1.64,53.71,1,-99.00,-4.00,13.00,11.00,26.00,19.00,13523715,6
174.04,1567659517,1934.72,51.43774989,7.47665529,286.27,13.29,1.23,53.26,1,-99.00,-4.00,13.00,11.00,26.00,19.00,13523715,6
175.04,1567659518,1948.00,51.43781955,7.47681114,285.94,14.26,0.98,53.28,1,-102.00,-5.00,10.00,7.00,23.00,19.00,13523715,6
176.04,1567659519,1962.27,51.43789407,7.47698289,285.86,15.07,0.80,53.82,1,-102.00,-5.00,10.00,7.00,23.00,19.00,13523715,6
177.04,1567659520,1977.35,51.43797592,7.47716700,286.03,16.03,0.97,54.24,1,-101.00,-6.00,8.00,9.00,26.00,19.00,13523715,6
178.04,1567659521,1993.38,51.43806203,7.47736319,286.12,16.80,0.76,54.70,1,-101.00,-6.00,8.00,9.00,26.00,19.00,13523715,6
179.04,1567659522,2010.18,51.43815036,7.47756706,286.12,17.83,1.03,55.12,1,-100.00,-5.00,10.00,2.00,25.00,19.00,13523715,6
180.04,1567659523,2027.99,51.43824473,7.47779203,286.37,18.89,1.06,55.59,1,-100.00,-5.00,10.00,2.00,25.00,19.00,13523715,6
181.04,1567659524,2046.88,51.43834487,7.47802402,286.22,19.53,0.63,55.87,1,-100.00,-5.00,10.00,2.00,25.00,19.00,13523715,6
182.04,1567659525,2066.43,51.43844940,7.47826776,286.86,19.89,0.37,55.91,1,-100.00,-5.00,10.00,2.00,25.00,19.00,13523715,6
183.04,1567659526,2086.32,51.43855559,7.47852628,287.21,20.89,1.00,55.77,1,-104.00,-7.00,0.00,2.00,23.00,19.00,13523715,6
184.04,1567659527,2107.21,51.43865259,7.47877770,287.54,21.81,0.92,57.02,1,-104.00,-7.00,0.00,2.00,23.00,19.00,13523715,6
185.04,1567659528,2129.01,51.43876501,7.47904061,288.20,22.55,0.74,55.91,1,-107.00,-9.00,-2.00,2.00,22.00,19.00,13523715,6
186.04,1567659529,2151.56,51.43887811,7.47932428,288.67,23.26,0.71,56.94,1,-107.00,-9.00,-2.00,2.00,22.00,19.00,13523715,6
187.04,1567659530,2174.80,51.43899338,7.47960072,288.98,23.71,0.45,56.40,1,-107.00,-7.00,4.00,2.00,29.00,22.00,13417219,440
188.04,1567659531,2198.51,51.43911883,7.47989077,289.28,24.58,0.87,55.62,1,-107.00,-7.00,4.00,2.00,29.00,22.00,13417219,440
189.04,1567659532,2223.15,51.43925583,7.48017899,289.37,25.05,0.46,52.58,1,-108.00,-7.00,8.00,2.00,20.00,22.00,13417219,440
190.04,1567659533,2248.22,51.43939729,7.48047219,289.72,25.55,0.50,53.11,1,-108.00,-7.00,8.00,2.00,20.00,22.00,13417219,440
191.05,1567659534,2273.92,51.43953717,7.48076857,290.41,25.64,0.09,53.99,1,-107.00,-6.00,3.00,2.00,20.00,22.00,13417219,440
192.04,1567659535,2299.35,51.43967448,7.48106227,290.40,25.66,0.02,53.36,1,-107.00,-6.00,3.00,2.00,20.00,22.00,13417219,440
193.04,1567659536,2325.00,51.43982588,7.48134039,290.33,25.79,0.13,50.09,1,-107.00,-6.00,3.00,2.00,20.00,22.00,13417219,440
194.04,1567659537,2350.76,51.43997656,7.48163068,290.08,26.01,0.22,49.21,1,-106.00,-7.00,3.00,2.00,22.00,22.00,13417219,440
195.04,1567659538,2376.80,51.44013053,7.48190953,289.74,26.73,0.72,48.61,1,-106.00,-7.00,3.00,2.00,22.00,22.00,13417219,440
196.04,1567659539,2403.56,51.44029807,7.48218840,289.27,26.72,-0.01,45.34,1,-108.00,-9.00,-2.00,2.00,21.00,22.00,13417219,440
197.04,1567659540,2430.23,51.44047970,7.48244621,288.86,26.99,0.27,41.18,1,-108.00,-9.00,-2.00,2.00,21.00,22.00,13417219,440
198.04,1567659541,2457.25,51.44066317,7.48270180,288.39,26.83,-0.15,41.12,1,-111.00,-13.00,-8.00,2.00,22.00,22.00,13417219,440
199.04,1567659542,2484.08,51.44084230,7.48295296,287.83,26.44,-0.40,40.68,1,-111.00,-13.00,-8.00,2.00,22.00,22.00,13417219,440
200.04,1567659543,2510.59,51.44103112,7.48319550,287.09,26.29,-0.15,38.71,1,-113.00,-15.00,-12.00,2.00,23.00,22.00,13417219,440
201.04,1567659544,2536.85,51.44121076,7.48341339,286.52,26.34,0.06,37.30,1,-113.00,-15.00,-12.00,2.00,23.00,22.00,13417219,440
202.04,1567659545,2563.20,51.44139980,7.48363702,285.92,26.39,0.05,35.09,1,-106.00,-11.00,-1.00,2.00,26.00,22.00,13415426,265
203.05,1567659546,2589.69,51.44159886,7.48384125,285.38,26.47,0.08,31.92,1,-106.00,-11.00,-1.00,2.00,26.00,22.00,13415426,265
204.05,1567659547,2616.11,51.44179606,7.48404251,284.61,26.26,-0.21,30.83,1,-109.00,-13.00,-6.00,2.00,25.00,22.00,13415426,265
205.05,1567659548,2642.40,51.44199870,7.48423003,283.92,26.24,-0.02,28.52,1,-109.00,-13.00,-6.00,2.00,25.00,22.00,13415426,265
206.04,1567659549,2668.56,51.44220175,7.48441236,283.24,26.34,0.10,27.57,1,-111.00,-14.00,-8.00,2.00,23.00,22.00,13415426,265
207.04,1567659550,2694.82,51.44241011,7.48457770,282.71,26.26,-0.07,25.93,1,-111.00,-14.00,-8.00,2.00,23.00,22.00,13415426,265
208.04,1567659551,2721.11,51.44262332,7.48474355,282.23,26.33,0.06,25.17,1,-107.00,-13.00,-4.00,3.00,24.00,21.00,13415426,265
209.04,1567659552,2747.41,51.44283785,7.48489977,281.55,26.24,-0.09,24.07,1,-107.00,-13.00,-4.00,3.00,24.00,21.00,13415426,265
210.04,1567659553,2773.76,51.44304922,7.48505164,280.86,26.15,-0.09,23.82,1,-110.00,-13.00,-10.00,4.00,23.00,21.00,13415426,265
211.04,1567659554,2799.88,51.44326000,7.48520260,280.15,25.90,-0.26,23.45,1,-110.00,-13.00,-10.00,4.00,23.00,21.00,13415426,265
212.05,1567659555,2826.04,51.44346758,7.48535164,279.28,25.81,-0.09,23.21,1,-110.00,-13.00,-5.00,4.00,23.00,21.00,13415426,265
213.04,1567659556,2851.59,51.44366563,7.48548981,278.17,25.03,-0.78,22.91,1,-110.00,-13.00,-5.00,4.00,23.00,21.00,13415426,265
214.04,1567659557,2876.62,51.44385964,7.48562347,277.02,24.00,-1.03,22.49,1,-110.00,-13.00,-5.00,4.00,23.00,21.00,13415426,265
215.04,1567659558,2900.57,51.44404681,7.48574793,276.02,22.50,-1.50,22.02,1,-107.00,-11.00,-11.00,5.00,24.00,21.00,13415426,265
216.04,1567659559,2923.10,51.44422308,7.48586380,275.19,19.84,-2.66,23.32,1,-107.00,-11.00,-11.00,5.00,24.00,21.00,13415426,265
217.05,1567659560,2943.02,51.44436392,7.48598080,274.46,17.90,-1.93,27.78,1,-117.00,-19.00,-11.00,1.00,24.00,21.00,13415426,265
218.05,1567659561,2960.92,51.44450599,7.48611132,273.30,16.85,-1.05,30.34,1,-117.00,-19.00,-11.00,1.00,24.00,21.00,13415426,265
219.04,1567659562,2977.72,51.44460679,7.48627722,272.18,15.35,-1.51,46.85,1,-117.00,-18.00,-9.00,2.00,21.00,21.00,13415426,265
220.04,1567659563,2993.08,51.44467130,7.48645162,271.21,14.80,-0.55,60.90,1,-117.00,-18.00,-9.00,2.00,21.00,21.00,13415426,265
221.04,1567659564,3007.84,51.44469427,7.48663562,270.52,14.76,-0.04,77.05,1,-117.00,-11.00,-5.00,5.00,13.00,81.00,13067273,288
222.04,1567659565,3022.61,51.44469312,7.48685314,270.06,14.28,-0.48,94.42,1,-117.00,-11.00,-5.00,5.00,13.00,81.00,13067273,288
223.04,1567659566,3036.86,51.44465221,7.48705828,269.66,14.18,-0.10,110.65,1,-117.00,-11.00,-9.00,8.00,11.00,81.00,13067273,288
224.04,1567659567,3051.04,51.44458564,7.48723724,268.96,14.33,0.15,126.36,1,-117.00,-11.00,-9.00,8.00,11.00,81.00,13067273,288
225.04,1567659568,3065.38,51.44449569,7.48736686,268.23,14.41,0.08,143.81,1,-122.00,-13.00,-7.00,6.00,7.00,81.00,13067273,288
226.04,1567659569,3079.77,51.44438750,7.48745514,267.64,14.45,0.04,158.07,1,-122.00,-13.00,-7.00,6.00,7.00,81.00,13067273,288
227.04,1567659570,3094.25,51.44426343,7.48752827,267.57,15.16,0.72,160.78,1,-124.00,-20.00,-13.00,1.00,10.00,81.00,13067273,288
228.04,1567659571,3109.41,51.44413458,7.48750865,267.67,14.66,-0.50,187.23,1,-124.00,-20.00,-13.00,1.00,10.00,81.00,13067273,288
229.04,1567659572,3124.08,51.44400590,7.48746399,267.68,14.86,0.19,189.07,1,-118.00,-22.00,-13.00,2.00,23.00,81.00,13067273,288
230.04,1567659573,3138.93,51.44389428,7.48733028,267.63,15.12,0.27,219.33,1,-118.00,-22.00,-13.00,2.00,23.00,81.00,13067273,288
231.04,1567659574,3154.03,51.44381394,7.48717351,266.86,15.24,0.12,233.39,1,-113.00,-10.00,-15.00,5.00,15.00,23.00,13417219,440
232.04,1567659575,3169.27,51.44376857,7.48696918,266.33,14.79,-0.45,252.95,1,-113.00,-10.00,-15.00,5.00,15.00,23.00,13417219,440
233.05,1567659576,3184.21,51.44375878,7.48675795,266.11,14.98,0.18,266.16,1,-116.00,-13.00,-7.00,3.00,19.00,23.00,13417219,440
234.04,1567659577,3199.07,51.44374816,7.48652545,266.15,15.42,0.45,267.31,1,-116.00,-13.00,-7.00,3.00,19.00,23.00,13417219,440
235.04,1567659578,3214.49,51.44374044,7.48628914,266.31,16.17,0.74,267.70,1,-116.00,-13.00,-7.00,3.00,19.00,23.00,13417219,440
236.04,1567659579,3230.64,51.44373269,7.48604220,266.54,16.93,0.77,267.90,1,-118.00,-14.00,-7.00,3.00,17.00,23.00,13417219,440
237.04,1567659580,3247.58,51.44372709,7.48579474,266.45,17.64,0.71,267.77,1,-118.00,-14.00,-7.00,3.00,17.00,23.00,13417219,440
238.04,1567659581,3265.25,51.44372038,7.48552522,266.26,18.81,1.17,267.03,1,-118.00,-16.00,-8.00,3.00,17.00,23.00,13417219,440
239.04,1567659582,3284.06,51.44371356,7.48524919,264.95,17.88,-0.93,267.77,1,-118.00,-16.00,-8.00,3.00,17.00,23.00,13417219,440
240.05,1567659583,3301.98,51.44370750,7.48496025,263.79,19.31,1.43,268.38,1,-120.00,-16.00,-9.00,3.00,16.00,23.00,13417219,440
241.05,1567659584,3321.29,51.44370330,7.48467345,263.84,20.53,1.22,269.03,1,-120.00,-16.00,-9.00,3.00,16.00,23.00,13417219,440
242.04,1567659585,3341.72,51.44370807,7.48436558,264.05,21.75,1.23,269.76,nan,nan,nan,nan,nan,nan,nan,nan,nan
243.03,1567659586,3363.31,51.44370872,7.48404519,264.24,22.59,0.85,269.28,nan,nan,nan,nan,nan,nan,nan,nan,nan
244.03,1567659587,3385.93,51.44370569,7.48374570,264.03,23.09,0.49,267.87,nan,nan,nan,nan,nan,nan,nan,nan,nan
245.03,1567659588,3408.99,51.44370213,7.48342050,263.65,23.93,0.84,268.16,nan,nan,nan,nan,nan,nan,nan,nan,nan
246.03,1567659589,3432.95,51.44369652,7.48306760,263.02,24.57,0.64,268.22,nan,nan,nan,nan,nan,nan,nan,nan,nan
247.03,1567659590,3457.52,51.44369008,7.48270553,262.47,25.23,0.66,267.04,nan,nan,nan,nan,nan,nan,nan,nan,nan
248.04,1567659591,3482.80,51.44368298,7.48234052,261.89,25.74,0.51,267.32,1,-114.00,-15.00,-9.00,3.00,21.00,22.00,13415426,265
249.05,1567659592,3508.82,51.44367083,7.48196570,261.37,26.42,0.68,266.78,1,-114.00,-15.00,-9.00,3.00,21.00,22.00,13415426,265
250.04,1567659593,3535.00,51.44365830,7.48158309,260.83,27.06,0.65,266.32,1,-113.00,-16.00,-10.00,2.00,23.00,22.00,13415426,265
251.04,1567659594,3562.15,51.44364367,7.48119009,260.35,27.47,0.41,266.07,1,-113.00,-16.00,-10.00,2.00,23.00,22.00,13415426,265
252.04,1567659595,3589.62,51.44362378,7.48078737,259.98,28.02,0.54,265.74,1,-117.00,-15.00,-12.00,1.00,18.00,22.00,13415426,265
253.04,1567659596,3617.64,51.44359932,7.48037821,259.71,28.58,0.56,264.56,1,-117.00,-15.00,-12.00,1.00,18.00,22.00,13415426,265
254.05,1567659597,3646.53,51.44356970,7.47995270,259.58,29.04,0.45,263.48,1,-109.00,-17.00,-11.00,4.00,23.00,22.00,13415426,265
255.04,1567659598,3675.30,51.44353176,7.47952026,259.72,29.72,0.69,262.28,1,-109.00,-17.00,-11.00,4.00,23.00,22.00,13415426,265
256.04,1567659599,3705.02,51.44349808,7.47909884,259.59,30.10,0.38,262.18,1,-109.00,-17.00,-11.00,4.00,23.00,22.00,13415426,265
257.04,1567659600,3734.97,51.44346127,7.47866699,259.29,30.30,0.20,262.29,1,-110.00,-14.00,-9.00,1.00,24.00,22.00,13415426,265
258.05,1567659601,3765.49,51.44342408,7.47822863,259.13,30.26,-0.04,262.57,1,-110.00,-14.00,-9.00,1.00,24.00,22.00,13415426,265
259.04,1567659602,3795.66,51.44338597,7.47778400,259.24,30.47,0.21,262.64,1,-107.00,-13.00,-8.00,4.00,25.00,22.00,13415426,265
260.04,1567659603,3826.09,51.44334923,7.47734234,259.28,30.83,0.36,262.37,1,-107.00,-13.00,-8.00,4.00,25.00,22.00,13415426,265
261.05,1567659604,3857.01,51.44331451,7.47690539,258.93,31.23,0.41,261.91,1,-103.00,-17.00,-6.00,3.00,31.00,22.00,13415426,265
262.05,1567659605,3888.24,51.44327821,7.47646031,258.31,31.48,0.25,261.71,1,-103.00,-17.00,-6.00,3.00,31.00,22.00,13415426,265
263.05,1567659606,3919.79,51.44323474,7.47600709,257.56,31.93,0.45,261.04,1,-109.00,-14.00,-8.00,3.00,26.00,22.00,13415426,265
264.05,1567659607,3951.71,51.44318861,7.47554852,256.93,32.37,0.45,260.50,1,-109.00,-14.00,-8.00,3.00,26.00,22.00,13415426,265
265.05,1567659608,3984.06,51.44313573,7.47508705,256.24,32.54,0.16,259.66,1,-110.00,-13.00,-7.00,5.00,24.00,22.00,13415426,265
266.05,1567659609,4016.66,51.44308121,7.47462213,255.58,32.78,0.24,259.73,1,-110.00,-13.00,-7.00,5.00,24.00,22.00,13415426,265
267.04,1567659610,4049.27,51.44302580,7.47415875,254.88,32.93,0.15,259.35,1,-111.00,-13.00,-6.00,4.00,23.00,22.00,13415426,265
268.04,1567659611,4082.17,51.44296911,7.47369078,254.20,33.19,0.26,259.30,1,-111.00,-13.00,-6.00,4.00,23.00,22.00,13415426,265
269.04,1567659612,4115.32,51.44290659,7.47321851,253.52,33.54,0.36,258.62,1,-102.00,-8.00,-4.00,8.00,24.00,22.00,13415426,265
270.04,1567659613,4148.90,51.44284322,7.47274069,252.73,33.91,0.37,258.63,1,-102.00,-8.00,-4.00,8.00,24.00,22.00,13415426,265
271.04,1567659614,4182.81,51.44277936,7.47225892,251.97,34.25,0.33,258.12,1,-109.00,-10.00,-2.00,7.00,20.00,22.00,13415426,265
272.04,1567659615,4217.06,51.44271482,7.47177387,251.07,34.63,0.38,258.42,1,-109.00,-10.00,-2.00,7.00,20.00,22.00,13415426,265
273.04,1567659616,4251.65,51.44265050,7.47128855,249.94,34.92,0.30,257.98,1,-107.00,-7.00,7.00,6.00,20.00,22.00,13415426,265
274.04,1567659617,4286.57,51.44258487,7.47079056,248.77,35.26,0.34,258.14,1,-107.00,-7.00,7.00,6.00,20.00,22.00,13415426,265
275.04,1567659618,4321.84,51.44251937,7.47028679,247.53,35.63,0.37,258.24,1,-107.00,-9.00,1.00,6.00,22.00,22.00,13415426,265
276.04,1567659619,4357.47,51.44245236,7.46977348,246.30,36.29,0.66,258.23,1,-107.00,-9.00,1.00,6.00,22.00,22.00,13415426,265
277.05,1567659620,4394.12,51.44238628,7.46926321,245.08,36.29,-0.00,258.44,1,-104.00,-7.00,8.00,9.00,22.00,22.00,13415426,265
278.04,1567659621,4430.08,51.44232065,7.46874924,243.83,36.37,0.08,258.97,1,-104.00,-7.00,8.00,9.00,22.00,22.00,13415426,265
279.04,1567659622,4466.45,51.44225424,7.46822882,242.65,36.71,0.34,258.81,1,-104.00,-7.00,8.00,9.00,22.00,22.00,13415426,265
280.04,1567659623,4503.19,51.44218966,7.46771136,241.45,36.69,-0.02,258.65,1,-109.00,-8.00,4.00,7.00,19.00,22.00,13415426,265
281.04,1567659624,4539.85,51.44212520,7.46718767,240.29,36.66,-0.03,259.11,1,-109.00,-8.00,4.00,7.00,19.00,22.00,13415426,265
282.04,1567659625,4576.51,51.44206078,7.46665744,239.08,36.60,-0.06,259.62,1,-114.00,-13.00,-3.00,4.00,19.00,22.00,13415426,265
283.04,1567659626,4613.11,51.44200473,7.46612283,238.26,36.88,0.28,260.01,1,-114.00,-13.00,-3.00,4.00,19.00,22.00,13415426,265
284.04,1567659627,4649.96,51.44194597,7.46558996,237.40,37.11,0.22,260.93,1,-113.00,-15.00,-6.00,5.00,23.00,12.00,13415427,264
285.04,1567659628,4687.06,51.44189668,7.46507566,236.72,36.93,-0.17,261.18,1,-113.00,-15.00,-6.00,5.00,23.00,12.00,13415427,264
286.04,1567659629,4724.11,51.44184691,7.46454696,236.00,36.89,-0.04,261.53,1,-111.00,-14.00,-1.00,6.00,23.00,14.00,13415427,264
287.04,1567659630,4760.96,51.44180216,7.46400672,235.43,36.99,0.10,262.30,1,-111.00,-14.00,-1.00,6.00,23.00,14.00,13415427,264
288.04,1567659631,4797.88,51.44175688,7.46348143,234.85,37.03,0.04,263.23,1,-112.00,-15.00,-2.00,7.00,23.00,14.00,13415427,264
289.04,1567659632,4834.95,51.44172201,7.46295693,234.02,37.05,0.02,263.66,1,-112.00,-15.00,-2.00,7.00,23.00,14.00,13415427,264
290.04,1567659633,4872.00,51.44168952,7.46243008,233.28,36.96,-0.10,264.53,1,-107.00,-15.00,0.00,8.00,27.00,14.00,13415427,264
291.04,1567659634,4908.96,51.44166936,7.46190685,232.83,36.96,0.01,265.36,1,-107.00,-15.00,0.00,8.00,27.00,14.00,13415427,264
292.04,1567659635,4945.99,51.44164207,7.46137947,232.21,36.49,-0.47,265.76,1,-104.00,-14.00,3.00,6.00,31.00,14.00,13415427,264
293.04,1567659636,4982.41,51.44162567,7.46085921,231.80,36.31,-0.18,266.51,1,-104.00,-14.00,3.00,6.00,31.00,14.00,13415427,264
294.04,1567659637,5018.72,51.44160771,7.46033836,231.41,36.22,-0.09,266.37,1,-101.00,-13.00,5.00,9.00,32.00,14.00,13415427,264
295.04,1567659638,5055.01,51.44159098,7.45982693,230.84,36.15,-0.07,266.70,1,-101.00,-13.00,5.00,9.00,32.00,14.00,13415427,264
296.04,1567659639,5091.05,51.44158071,7.45931130,230.31,35.91,-0.23,267.82,1,-96.00,-12.00,14.00,15.00,37.00,14.00,13415427,264
297.04,1567659640,5127.00,51.44156917,7.45879182,229.84,36.02,0.11,268.21,1,-96.00,-12.00,14.00,15.00,37.00,14.00,13415427,264
298.05,1567659641,5163.32,51.44156462,7.45827405,229.39,35.87,-0.15,269.54,1,-98.00,-12.00,10.00,8.00,34.00,14.00,13415427,264
299.04,1567659642,5198.87,51.44156209,7.45775585,229.15,36.00,0.13,269.74,1,-98.00,-12.00,10.00,8.00,34.00,14.00,13415427,264
300.04,1567659643,5234.87,51.44155827,7.45723672,228.92,36.06,0.06,270.17,1,-98.00,-12.00,10.00,8.00,34.00,14.00,13415427,264
301.04,1567659644,5270.93,51.44155809,7.45671744,228.87,36.07,0.01,270.13,1,-104.00,-13.00,16.00,11.00,30.00,14.00,13415427,264
302.04,1567659645,5307.04,51.44155736,7.45619889,228.82,36.15,0.08,270.34,1,-104.00,-13.00,16.00,11.00,30.00,14.00,13415427,264
303.04,1567659646,5343.18,51.44156233,7.45568212,228.78,36.13,-0.02,270.61,1,-105.00,-13.00,7.00,11.00,29.00,14.00,13415427,264
304.04,1567659647,5379.28,51.44157448,7.45516533,228.77,35.82,-0.31,272.25,1,-105.00,-13.00,7.00,11.00,29.00,14.00,13415427,264
305.04,1567659648,5415.10,51.44158656,7.45464892,228.92,35.46,-0.36,272.90,1,-99.00,-13.00,13.00,14.00,33.00,14.00,13415427,264
306.04,1567659649,5450.56,51.44160450,7.45414264,229.16,34.80,-0.66,273.50,1,-99.00,-13.00,13.00,14.00,33.00,14.00,13415427,264
307.04,1567659650,5485.32,51.44162246,7.45364143,229.45,34.58,-0.22,273.98,1,-99.00,-12.00,7.00,9.00,33.00,14.00,13415427,264
308.04,1567659651,5519.93,51.44164040,7.45314128,229.87,34.44,-0.13,273.91,1,-99.00,-12.00,7.00,9.00,33.00,14.00,13415427,264
309.04,1567659652,5554.41,51.44166622,7.45264705,229.79,33.65,-0.79,274.85,1,-101.00,-10.00,2.00,6.00,27.00,14.00,13415427,264
310.04,1567659653,5588.06,51.44169442,7.45217342,229.42,33.31,-0.34,275.47,1,-101.00,-10.00,2.00,6.00,27.00,14.00,13415427,264
311.04,1567659654,5621.38,51.44173053,7.45171310,229.03,32.36,-0.95,276.87,1,-109.00,-15.00,-4.00,5.00,27.00,14.00,13415427,264
312.04,1567659655,5653.73,51.44177001,7.45125829,228.52,32.05,-0.31,276.85,1,-109.00,-15.00,-4.00,5.00,27.00,14.00,13415427,264
313.04,1567659656,5685.78,51.44180880,7.45081155,228.12,31.36,-0.69,277.36,1,-107.00,-13.00,1.00,4.00,25.00,14.00,13415427,264
314.04,1567659657,5717.14,51.44184598,7.45036430,227.94,31.08,-0.27,277.44,1,-107.00,-13.00,1.00,4.00,25.00,14.00,13415427,264
315.04,1567659658,5748.19,51.44188245,7.44992744,227.74,30.57,-0.51,277.77,1,-106.00,-11.00,7.00,9.00,25.00,14.00,13415427,264
316.04,1567659659,5778.76,51.44192344,7.44950285,227.63,29.77,-0.80,278.06,1,-106.00,-11.00,7.00,9.00,25.00,14.00,13415427,264
317.04,1567659660,5808.57,51.44196245,7.44908768,227.47,29.27,-0.51,278.12,1,-104.00,-8.00,5.00,2.00,33.00,14.00,13415427,264
318.04,1567659661,5837.80,51.44200046,7.44868165,227.32,28.89,-0.38,278.75,1,-104.00,-8.00,5.00,2.00,33.00,14.00,13415427,264
319.05,1567659662,5867.01,51.44204666,7.44827673,226.86,28.46,-0.43,279.68,1,-106.00,-12.00,8.00,2.00,25.00,14.00,13415427,264
320.04,1567659663,5895.19,51.44209254,7.44787332,226.39,28.49,0.04,280.29,1,-106.00,-12.00,8.00,2.00,25.00,14.00,13415427,264
321.04,1567659664,5923.68,51.44214158,7.44746720,225.96,28.63,0.13,280.73,1,-106.00,-12.00,8.00,2.00,25.00,14.00,13415427,264
322.04,1567659665,5952.34,51.44219061,7.44706984,225.65,28.65,0.02,281.10,1,-102.00,-12.00,23.00,2.00,29.00,14.00,13415427,264
323.04,1567659666,5980.99,51.44223918,7.44666950,225.48,28.89,0.25,281.52,1,-102.00,-12.00,23.00,2.00,29.00,14.00,13415427,264
324.04,1567659667,6009.88,51.44229458,7.44626249,225.16,29.03,0.13,281.80,1,-97.00,-9.00,17.00,2.00,31.00,14.00,13415427,264
325.04,1567659668,6038.91,51.44235076,7.44584936,224.87,29.52,0.49,282.74,1,-97.00,-9.00,17.00,2.00,31.00,14.00,13415427,264
326.04,1567659669,6068.40,51.44241127,7.44543255,224.73,29.88,0.37,282.99,1,-98.00,-9.00,11.00,2.00,31.00,14.00,13415427,264
327.04,1567659670,6098.25,51.44247107,7.44501797,224.70,29.92,0.04,283.30,1,-98.00,-9.00,11.00,2.00,31.00,14.00,13415427,264
328.04,1567659671,6128.17,51.44253451,7.44459784,224.86,30.10,0.18,283.69,1,-101.00,-12.00,10.00,2.00,31.00,14.00,13415427,264
329.04,1567659672,6158.27,51.44259661,7.44417336,224.94,30.53,0.43,283.98,1,-101.00,-12.00,10.00,2.00,31.00,14.00,13415427,264
330.04,1567659673,6188.85,51.44266149,7.44374435,225.06,30.69,0.16,283.89,1,-105.00,-14.00,-3.00,2.00,28.00,14.00,13415427,264
331.04,1567659674,6219.54,51.44273077,7.44331652,224.99,31.06,0.37,284.70,1,-105.00,-14.00,-3.00,2.00,28.00,14.00,13415427,264
332.04,1567659675,6250.56,51.44280104,7.44288569,224.76,31.02,-0.04,285.29,1,-106.00,-13.00,-4.00,2.00,27.00,14.00,13415427,264
333.04,1567659676,6281.58,51.44287566,7.44246736,224.46,31.03,0.01,285.85,1,-106.00,-13.00,-4.00,2.00,27.00,14.00,13415427,264
334.04,1567659677,6312.64,51.44295337,7.44203922,223.89,30.91,-0.11,286.01,1,-106.00,-14.00,-4.00,2.00,27.00,14.00,13415427,264
335.04,1567659678,6343.55,51.44303192,7.44161626,223.31,30.61,-0.30,286.62,1,-106.00,-14.00,-4.00,2.00,27.00,14.00,13415427,264
336.04,1567659679,6374.20,51.44311143,7.44120549,222.68,30.25,-0.36,287.03,1,-109.00,-14.00,-3.00,6.00,25.00,28.00,13415427,264
337.05,1567659680,6404.48,51.44319217,7.44078937,222.27,29.96,-0.30,287.69,1,-109.00,-14.00,-3.00,6.00,25.00,28.00,13415427,264
338.05,1567659681,6434.50,51.44327966,7.44038878,221.89,29.62,-0.34,288.29,1,-112.00,-17.00,-6.00,3.00,25.00,28.00,13415427,264
339.05,1567659682,6464.08,51.44336579,7.43998034,221.45,29.38,-0.24,288.59,1,-112.00,-17.00,-6.00,3.00,25.00,28.00,13415427,264
340.05,1567659683,6493.67,51.44344850,7.43957942,220.97,29.12,-0.25,288.72,1,-113.00,-16.00,-5.00,6.00,23.00,28.00,13415427,264
341.05,1567659684,6522.56,51.44353277,7.43917802,220.41,29.45,0.33,288.98,1,-113.00,-16.00,-5.00,6.00,23.00,28.00,13415427,264
342.05,1567659685,6552.01,51.44362252,7.43877688,220.33,29.40,-0.05,289.45,1,-113.00,-16.00,-5.00,6.00,23.00,28.00,13415427,264
343.05,1567659686,6581.41,51.44371026,7.43838029,220.11,29.84,0.44,289.14,1,-110.00,-15.00,-3.00,5.00,24.00,28.00,13415427,264
344.05,1567659687,6611.28,51.44380063,7.43797441,219.83,29.90,0.06,290.10,1,-110.00,-15.00,-3.00,5.00,24.00,28.00,13415427,264
345.05,1567659688,6641.16,51.44390016,7.43757060,219.49,30.38,0.48,291.65,1,-108.00,-14.00,6.00,8.00,26.00,28.00,13415427,264
346.05,1567659689,6671.57,51.44399712,7.43716766,219.05,30.42,0.04,291.53,1,-108.00,-14.00,6.00,8.00,26.00,28.00,13415427,264
347.05,1567659690,6701.98,51.44409552,7.43675965,218.62,30.49,0.08,291.78,1,-104.00,-9.00,8.00,2.00,33.00,28.00,13415427,264
348.05,1567659691,6732.45,51.44419480,7.43635850,217.54,30.15,-0.34,292.54,1,-104.00,-9.00,8.00,2.00,33.00,28.00,13415427,264
349.04,1567659692,6762.51,51.44428990,7.43597239,216.30,29.92,-0.24,292.02,1,-106.00,-8.00,6.00,2.00,22.00,28.00,13415427,264
350.04,1567659693,6792.43,51.44439410,7.43558095,215.35,29.84,-0.08,293.54,1,-106.00,-8.00,6.00,2.00,22.00,28.00,13415427,264
351.04,1567659694,6822.23,51.44449823,7.43518109,213.90,30.38,0.54,294.15,1,-106.00,-9.00,1.00,2.00,23.00,28.00,13415427,264
352.04,1567659695,6852.64,51.44460896,7.43477660,212.48,30.69,0.31,294.59,1,-106.00,-9.00,1.00,2.00,23.00,28.00,13415427,264
353.04,1567659696,6883.33,51.44472325,7.43438456,211.01,30.11,-0.58,295.93,1,-106.00,-10.00,-4.00,2.00,25.00,28.00,13415427,264
354.04,1567659697,6913.44,51.44483732,7.43399870,209.59,29.82,-0.29,296.60,1,-106.00,-10.00,-4.00,2.00,25.00,28.00,13415427,264
355.04,1567659698,6943.32,51.44495867,7.43362070,208.30,29.76,-0.05,297.52,1,-106.00,-11.00,-5.00,2.00,25.00,28.00,13415427,264
356.04,1567659699,6973.05,51.44507907,7.43324609,207.08,29.75,-0.01,297.89,1,-106.00,-11.00,-5.00,2.00,25.00,28.00,13415427,264
357.05,1567659700,7002.92,51.44520704,7.43287469,206.05,29.76,0.00,298.86,1,-112.00,-15.00,-9.00,2.00,23.00,28.00,13415427,264
358.05,1567659701,7032.71,51.44533575,7.43250526,205.16,29.42,-0.34,299.49,1,-112.00,-15.00,-9.00,2.00,23.00,28.00,13415427,264
359.04,1567659702,7061.98,51.44547964,7.43214631,204.44,29.47,0.05,302.14,1,-107.00,-12.00,-2.00,2.00,24.00,28.00,13395457,111
360.04,1567659703,7091.45,51.44562266,7.43179095,203.64,29.21,-0.26,303.03,1,-107.00,-12.00,-2.00,2.00,24.00,28.00,13395457,111
361.05,1567659704,7120.95,51.44577124,7.43144780,202.85,28.89,-0.31,303.99,1,-106.00,-10.00,2.00,2.00,24.00,28.00,13395457,111
362.04,1567659705,7149.58,51.44591722,7.43110982,201.93,28.74,-0.15,304.75,1,-106.00,-10.00,2.00,2.00,24.00,28.00,13395457,111
363.04,1567659706,7178.30,51.44607034,7.43077552,200.97,28.96,0.22,305.56,1,-106.00,-10.00,2.00,2.00,24.00,28.00,13395457,111
364.04,1567659707,7207.23,51.44623291,7.43044692,199.96,29.55,0.59,307.95,1,-105.00,-9.00,8.00,2.00,24.00,28.00,13395457,111
365.04,1567659708,7236.77,51.44639926,7.43011354,198.99,30.06,0.52,308.86,1,-105.00,-9.00,8.00,2.00,24.00,28.00,13395457,111
366.04,1567659709,7266.87,51.44657445,7.42978361,198.03,30.43,0.37,309.69,1,-104.00,-9.00,6.00,2.00,25.00,28.00,13395457,111
367.04,1567659710,7297.30,51.44675647,7.42945082,196.59,30.67,0.24,310.77,1,-104.00,-9.00,6.00,2.00,25.00,28.00,13395457,111
368.04,1567659711,7327.94,51.44695406,7.42912193,195.15,30.85,0.18,313.13,1,-101.00,-9.00,16.00,2.00,27.00,28.00,13395457,111
369.05,1567659712,7358.89,51.44715554,7.42880126,194.01,30.94,0.08,314.64,1,-101.00,-9.00,16.00,2.00,27.00,28.00,13395457,111
370.04,1567659713,7389.76,51.44735507,7.42848533,192.83,30.86,-0.07,315.48,1,-94.00,-9.00,13.00,13.00,35.00,28.00,13395457,111
371.05,1567659714,7420.69,51.44755953,7.42818504,191.51,30.66,-0.20,316.57,1,-94.00,-9.00,13.00,13.00,35.00,28.00,13395457,111
372.04,1567659715,7451.04,51.44776175,7.42789531,190.27,30.57,-0.09,317.94,1,-99.00,-11.00,7.00,14.00,31.00,28.00,13395457,111
373.04,1567659716,7481.83,51.44796582,7.42760697,189.05,30.75,0.17,318.49,1,-99.00,-11.00,7.00,14.00,31.00,28.00,13395457,111
374.04,1567659717,7512.54,51.44817533,7.42733204,187.93,30.75,0.00,320.00,1,-99.00,-9.00,13.00,14.00,28.00,28.00,13395457,111
375.04,1567659718,7543.29,51.44838887,7.42706887,186.78,30.42,-0.33,321.85,1,-99.00,-9.00,13.00,14.00,28.00,28.00,13395457,111
376.04,1567659719,7573.74,51.44860631,7.42681253,185.65,30.28,-0.13,323.10,1,-100.00,-6.00,11.00,12.00,26.00,28.00,13395457,111
377.04,1567659720,7603.81,51.44882536,7.42656483,184.44,30.03,-0.25,324.34,1,-100.00,-6.00,11.00,12.00,26.00,28.00,13395457,111
378.04,1567659721,7634.02,51.44904988,7.42632385,183.27,30.07,0.04,325.98,1,-98.00,-6.00,9.00,13.00,26.00,28.00,13395457,111
379.04,1567659722,7664.09,51.44927784,7.42609253,182.05,30.46,0.39,327.60,1,-98.00,-6.00,9.00,13.00,26.00,28.00,13395457,111
380.04,1567659723,7694.58,51.44950609,7.42586110,180.81,30.49,0.04,328.29,1,-99.00,-6.00,12.00,11.00,27.00,28.00,13395457,111
381.04,1567659724,7725.05,51.44974189,7.42564137,179.53,30.56,0.07,329.72,1,-99.00,-6.00,12.00,11.00,27.00,28.00,13395457,111
382.04,1567659725,7755.61,51.44997992,7.42543113,178.29,30.26,-0.30,331.06,1,-101.00,-8.00,16.00,14.00,28.00,28.00,13395457,111
383.04,1567659726,7785.87,51.45021286,7.42522556,177.00,30.04,-0.23,331.77,1,-101.00,-8.00,16.00,14.00,28.00,28.00,13395457,111
384.05,1567659727,7816.24,51.45045094,7.42503786,175.83,29.83,-0.20,333.60,1,-100.00,-7.00,13.00,8.00,27.00,28.00,13395457,111
385.04,1567659728,7845.80,51.45069686,7.42484630,174.94,30.18,0.35,334.32,1,-100.00,-7.00,13.00,8.00,27.00,28.00,13395457,111
386.04,1567659729,7875.96,51.45095418,7.42467147,174.36,30.04,-0.14,336.43,1,-100.00,-7.00,13.00,8.00,27.00,28.00,13395457,111
387.04,1567659730,7906.06,51.45120484,7.42451066,173.93,29.11,-0.93,338.07,1,-112.00,-9.00,9.00,2.00,17.00,28.00,13395469,221
388.04,1567659731,7935.17,51.45143538,7.42436344,173.40,27.38,-1.73,339.08,1,-112.00,-9.00,9.00,2.00,17.00,28.00,13395469,221
389.04,1567659732,7962.52,51.45166411,7.42422812,172.21,26.99,-0.39,339.89,1,-112.00,-9.00,7.00,2.00,17.00,28.00,13395469,221
390.04,1567659733,7989.52,51.45189424,7.42409732,171.32,26.56,-0.44,340.42,1,-112.00,-9.00,7.00,2.00,17.00,28.00,13395469,221
391.04,1567659734,8016.10,51.45211744,7.42397175,170.32,26.41,-0.14,340.73,1,-113.00,-7.00,6.00,2.00,14.00,28.00,13395469,221
392.04,1567659735,8042.48,51.45233609,7.42385339,169.37,26.14,-0.27,341.43,1,-113.00,-7.00,6.00,2.00,14.00,28.00,13395469,221
393.04,1567659736,8068.62,51.45254685,7.42374350,168.52,26.07,-0.07,342.22,1,-112.00,-7.00,8.00,2.00,14.00,28.00,13395469,221
394.04,1567659737,8094.69,51.45276665,7.42363822,167.69,26.22,0.14,342.66,1,-112.00,-7.00,8.00,2.00,14.00,28.00,13395469,221
395.04,1567659738,8120.70,51.45298967,7.42352828,167.08,26.63,0.41,343.01,1,-110.00,-7.00,7.00,2.00,16.00,28.00,13395469,221
396.04,1567659739,8147.54,51.45322213,7.42341572,166.63,27.21,0.58,343.36,1,-110.00,-7.00,7.00,2.00,16.00,28.00,13395469,221
397.04,1567659740,8174.75,51.45346257,7.42331388,166.06,27.65,0.43,343.89,1,-106.00,-6.00,10.00,2.00,19.00,28.00,13395469,221
398.04,1567659741,8202.40,51.45370265,7.42320388,165.54,28.02,0.37,343.89,1,-106.00,-6.00,10.00,2.00,19.00,28.00,13395469,221
399.04,1567659742,8230.42,51.45394356,7.42309604,165.00,28.19,0.17,343.90,1,-105.00,-7.00,13.00,2.00,20.00,28.00,13395469,221
400.04,1567659743,8258.61,51.45418538,7.42298879,164.44,28.30,0.11,343.75,1,-105.00,-7.00,13.00,2.00,20.00,28.00,13395469,221
401.04,1567659744,8286.91,51.45442776,7.42288307,163.75,28.15,-0.15,343.80,1,-106.00,-7.00,8.00,2.00,20.00,28.00,13395469,221
402.04,1567659745,8315.06,51.45467154,7.42277281,163.07,28.22,0.07,343.78,1,-106.00,-7.00,8.00,2.00,20.00,28.00,13395469,221
403.04,1567659746,8343.29,51.45491126,7.42266447,162.34,28.32,0.10,343.56,1,-107.00,-7.00,9.00,2.00,19.00,28.00,13395469,221
404.04,1567659747,8371.61,51.45516325,7.42255213,161.36,28.34,0.02,343.09,1,-107.00,-7.00,9.00,2.00,19.00,28.00,13395469,221
405.05,1567659748,8400.24,51.45540911,7.42243142,160.27,28.63,0.28,342.59,1,-109.00,-7.00,5.00,2.00,17.00,28.00,13395469,221
406.04,1567659749,8428.61,51.45565703,7.42230894,159.11,28.91,0.28,342.51,1,-109.00,-7.00,5.00,2.00,17.00,28.00,13395469,221
407.04,1567659750,8457.52,51.45590416,7.42218610,157.94,29.14,0.23,341.72,1,-109.00,-7.00,5.00,2.00,17.00,28.00,13395469,221
408.04,1567659751,8486.60,51.45614996,7.42204602,156.70,29.36,0.22,340.19,1,-108.00,-7.00,-1.00,2.00,19.00,28.00,13395469,221
409.04,1567659752,8515.96,51.45639529,7.42190328,155.61,29.59,0.23,340.06,1,-108.00,-7.00,-1.00,2.00,19.00,28.00,13395469,221
410.04,1567659753,8545.58,51.45664377,7.42175763,154.61,29.39,-0.20,339.40,1,-108.00,-8.00,7.00,2.00,20.00,28.00,13395469,221
411.04,1567659754,8574.97,51.45689145,7.42159590,153.84,29.07,-0.31,338.18,1,-108.00,-8.00,7.00,2.00,20.00,28.00,13395469,221
412.04,1567659755,8604.01,51.45713315,7.42142894,153.14,29.16,0.09,336.97,1,-108.00,-7.00,7.00,2.00,19.00,28.00,13395469,221
413.04,1567659756,8633.18,51.45738222,7.42125972,152.74,29.27,0.11,336.26,1,-108.00,-7.00,7.00,2.00,19.00,28.00,13395469,221
414.04,1567659757,8662.45,51.45761915,7.42108368,152.32,29.32,0.05,335.18,1,-107.00,-6.00,4.00,2.00,19.00,28.00,13395469,221
415.04,1567659758,8691.80,51.45786362,7.42090427,152.43,29.41,0.09,334.47,1,-107.00,-6.00,4.00,2.00,19.00,28.00,13395469,221
416.04,1567659759,8721.18,51.45810041,7.42071882,152.39,29.61,0.21,334.10,1,-106.00,-7.00,10.00,2.00,20.00,28.00,13395469,221
417.04,1567659760,8750.79,51.45833084,7.42052868,152.54,29.12,-0.49,332.90,1,-106.00,-7.00,10.00,2.00,20.00,28.00,13395469,221
418.04,1567659761,8779.91,51.45855757,7.42034140,152.62,28.62,-0.50,332.43,1,-104.00,-6.00,8.00,2.00,22.00,28.00,13395469,221
419.04,1567659762,8808.56,51.45878179,7.42014897,152.27,28.19,-0.43,331.78,1,-104.00,-6.00,8.00,2.00,22.00,28.00,13395469,221
420.04,1567659763,8836.72,51.45900904,7.41995283,151.87,28.10,-0.09,331.12,1,-104.00,-7.00,13.00,2.00,23.00,28.00,13395469,221
421.04,1567659764,8864.85,51.45922602,7.41974763,151.62,28.00,-0.10,329.53,1,-104.00,-7.00,13.00,2.00,23.00,28.00,13395469,221
422.04,1567659765,8892.85,51.45944205,7.41954211,151.40,28.02,0.02,329.09,1,-104.00,-7.00,20.00,2.00,22.00,28.00,13395469,221
423.04,1567659766,8920.85,51.45965935,7.41932284,151.59,28.21,0.18,328.01,1,-104.00,-7.00,20.00,2.00,22.00,28.00,13395469,221
424.04,1567659767,8949.05,51.45988218,7.41910227,151.68,28.23,0.03,327.47,1,-101.00,-6.00,14.00,2.00,25.00,28.00,13395469,221
425.04,1567659768,8977.12,51.46009941,7.41887388,151.95,28.55,0.32,326.94,1,-101.00,-6.00,14.00,2.00,25.00,28.00,13395469,221
426.05,1567659769,9006.07,51.46031529,7.41864584,152.09,29.09,0.53,326.40,1,-101.00,-7.00,4.00,12.00,24.00,10.00,13395469,221
427.04,1567659770,9034.93,51.46053366,7.41841819,152.06,29.43,0.34,326.67,1,-101.00,-7.00,4.00,12.00,24.00,10.00,13395469,221
428.04,1567659771,9064.37,51.46075565,7.41818604,151.96,29.90,0.46,326.71,1,-101.00,-7.00,4.00,12.00,24.00,10.00,13395469,221
429.04,1567659772,9094.26,51.46098191,7.41793216,152.06,30.54,0.65,324.94,1,-96.00,-7.00,24.00,11.00,29.00,10.00,13395469,221
430.04,1567659773,9124.81,51.46120245,7.41766922,152.24,30.38,-0.16,323.33,1,-96.00,-7.00,24.00,11.00,29.00,10.00,13395469,221
431.04,1567659774,9155.19,51.46141510,7.41740011,152.36,30.41,0.03,321.64,1,-94.00,-7.00,11.00,11.00,30.00,10.00,13395469,221
432.04,1567659775,9185.61,51.46162747,7.41712198,152.44,30.32,-0.10,320.64,1,-94.00,-7.00,11.00,11.00,30.00,10.00,13395469,221
433.04,1567659776,9215.95,51.46183830,7.41684524,152.75,30.43,0.12,319.79,1,-102.00,-7.00,10.00,10.00,24.00,10.00,13395469,221
434.04,1567659777,9246.42,51.46205474,7.41654041,152.99,30.29,-0.14,318.96,1,-102.00,-7.00,10.00,10.00,24.00,10.00,13395469,221
435.04,1567659778,9276.65,51.46225555,7.41626052,153.22,30.25,-0.04,318.01,1,-95.00,-8.00,14.00,14.00,35.00,10.00,13395469,221
436.04,1567659779,9306.86,51.46245910,7.41596096,153.31,30.31,0.07,317.29,1,-95.00,-8.00,14.00,14.00,35.00,10.00,13395469,221
437.04,1567659780,9337.20,51.46265704,7.41566448,153.32,30.20,-0.11,316.44,1,-99.00,-7.00,8.00,8.00,26.00,10.00,13395469,221
438.04,1567659781,9367.43,51.46284784,7.41536082,153.58,30.43,0.23,315.42,1,-99.00,-7.00,8.00,8.00,26.00,10.00,13395469,221
439.04,1567659782,9397.83,51.46304023,7.41505717,153.73,30.49,0.06,314.51,1,-108.00,-8.00,8.00,2.00,19.00,10.00,13395469,221
440.04,1567659783,9428.32,51.46322896,7.41474041,153.94,30.60,0.12,313.97,1,-108.00,-8.00,8.00,2.00,19.00,10.00,13395469,221
441.04,1567659784,9458.89,51.46341494,7.41441535,154.19,30.38,-0.23,312.75,1,-97.00,-4.00,21.00,10.00,23.00,6.00,13395469,221
442.04,1567659785,9489.29,51.46359739,7.41409422,154.50,30.11,-0.26,312.33,1,-97.00,-4.00,21.00,10.00,23.00,6.00,13395469,221
443.04,1567659786,9519.47,51.46377618,7.41376753,154.62,30.08,-0.03,311.32,1,-110.00,-8.00,19.00,9.00,16.00,6.00,13395469,221
444.04,1567659787,9549.55,51.46395384,7.41344557,154.58,30.21,0.13,310.47,1,-110.00,-8.00,19.00,9.00,16.00,6.00,13395469,221
445.04,1567659788,9579.67,51.46413044,7.41310998,154.58,30.24,0.02,310.11,1,-106.00,-6.00,-7.00,5.00,19.00,15.00,13532430,433
446.04,1567659789,9609.91,51.46430585,7.41277177,154.77,30.36,0.13,309.87,1,-106.00,-6.00,-7.00,5.00,19.00,15.00,13532430,433
447.05,1567659790,9640.51,51.46447937,7.41244037,154.71,30.24,-0.13,309.69,1,-97.00,-6.00,-10.00,6.00,21.00,4.00,13395469,221
448.04,1567659791,9670.51,51.46464667,7.41210584,154.78,30.17,-0.06,308.76,1,-97.00,-6.00,-10.00,6.00,21.00,4.00,13395469,221
449.04,1567659792,9700.71,51.46481526,7.41176858,154.85,30.21,0.04,308.43,1,-97.00,-6.00,-10.00,6.00,21.00,4.00,13395469,221
450.04,1567659793,9730.99,51.46498590,7.41143026,155.01,30.26,0.05,308.19,1,-112.00,-7.00,6.00,7.00,14.00,4.00,13395469,221
451.04,1567659794,9761.25,51.46515875,7.41108796,155.20,30.17,-0.10,308.25,1,-112.00,-7.00,6.00,7.00,14.00,4.00,13395469,221
452.04,1567659795,9791.39,51.46533015,7.41074862,155.38,30.11,-0.06,308.27,1,-117.00,-10.00,5.00,8.00,10.00,4.00,13395458,221
453.04,1567659796,9821.47,51.46549947,7.41040817,155.17,30.14,0.03,307.98,1,-117.00,-10.00,5.00,8.00,10.00,4.00,13395458,221
454.04,1567659797,9851.61,51.46566543,7.41007285,155.16,30.26,0.11,307.88,1,-88.00,-5.00,9.00,9.00,39.00,4.00,13395458,112
455.04,1567659798,9881.90,51.46583177,7.40973297,155.05,30.49,0.24,307.90,1,-88.00,-5.00,9.00,9.00,39.00,4.00,13395458,112
456.04,1567659799,9912.36,51.46600066,7.40938599,155.04,30.64,0.14,307.78,1,-76.00,-5.00,-4.00,1.00,50.00,4.00,13395458,112
457.04,1567659800,9943.00,51.46617012,7.40903752,155.27,30.89,0.25,308.52,1,-76.00,-5.00,-4.00,1.00,50.00,4.00,13395458,112
458.04,1567659801,9973.95,51.46634082,7.40868553,155.64,31.06,0.18,308.63,1,-78.00,-5.00,-7.00,1.00,47.00,4.00,13395458,112
459.04,1567659802,10005.02,51.46651378,7.40833275,156.08,31.08,0.02,308.74,1,-78.00,-5.00,-7.00,1.00,47.00,4.00,13395458,112
460.04,1567659803,10036.04,51.46668529,7.40798232,156.50,30.98,-0.10,308.63,1,-90.00,-6.00,8.00,6.00,45.00,6.00,13395458,112
461.03,1567659804,10066.70,51.46685772,7.40763245,156.82,31.06,0.08,308.69,1,-90.00,-6.00,8.00,6.00,45.00,6.00,13395458,112
462.04,1567659805,10098.04,51.46703310,7.40728432,156.87,31.10,0.04,308.90,1,-84.00,-6.00,16.00,14.00,42.00,6.00,13395458,112
463.04,1567659806,10129.14,51.46720825,7.40693339,157.04,31.07,-0.03,309.40,1,-84.00,-6.00,16.00,14.00,42.00,6.00,13395458,112
464.04,1567659807,10160.21,51.46738815,7.40658926,157.22,31.08,0.01,310.06,1,-84.00,-6.00,18.00,2.00,52.00,6.00,13395458,112
465.04,1567659808,10191.32,51.46756647,7.40624886,157.34,30.89,-0.19,310.11,1,-84.00,-6.00,18.00,2.00,52.00,6.00,13395458,112
466.04,1567659809,10222.18,51.46774102,7.40591548,157.63,29.45,-1.44,310.87,1,-80.00,-4.00,15.00,2.00,44.00,6.00,13395458,112
467.04,1567659810,10251.66,51.46790530,7.40560507,157.92,27.71,-1.74,310.92,1,-80.00,-4.00,15.00,2.00,44.00,6.00,13395458,112
468.04,1567659811,10279.36,51.46806307,7.40530928,158.28,27.07,-0.64,310.84,1,-115.00,-14.00,2.00,2.00,19.00,6.00,13395469,221
469.04,1567659812,10306.40,51.46822010,7.40502241,158.81,26.13,-0.93,311.26,1,-115.00,-14.00,2.00,2.00,19.00,6.00,13395469,221
470.04,1567659813,10332.54,51.46837598,7.40474337,159.19,26.15,0.01,311.92,1,-115.00,-14.00,2.00,2.00,19.00,6.00,13395469,221
471.04,1567659814,10358.76,51.46853378,7.40445862,159.90,26.11,-0.04,312.14,1,-115.00,-12.00,2.00,2.00,16.00,6.00,13395469,221
472.04,1567659815,10384.84,51.46868852,7.40418278,160.76,26.01,-0.10,312.62,1,-115.00,-12.00,2.00,2.00,16.00,6.00,13395469,221
473.04,1567659816,10410.85,51.46884148,7.40390946,161.56,25.72,-0.29,313.13,1,-116.00,-10.00,-8.00,2.00,13.00,6.00,13395469,221
474.04,1567659817,10436.55,51.46899609,7.40363682,162.33,25.47,-0.25,313.23,1,-116.00,-10.00,-8.00,2.00,13.00,6.00,13395469,221
475.05,1567659818,10462.12,51.46915036,7.40336815,162.95,25.18,-0.29,313.30,1,-118.00,-10.00,2.00,2.00,13.00,6.00,13395469,221
476.05,1567659819,10487.33,51.46930676,7.40311575,163.26,25.04,-0.14,314.59,1,-118.00,-10.00,2.00,2.00,13.00,6.00,13395469,221
477.05,1567659820,10512.34,51.46946601,7.40285614,163.93,25.10,0.06,313.81,1,-120.00,-12.00,-6.00,2.00,12.00,6.00,13395469,221
478.05,1567659821,10537.44,51.46963022,7.40258954,164.33,25.12,0.02,314.04,1,-120.00,-12.00,-6.00,2.00,12.00,6.00,13395469,221
479.04,1567659822,10562.43,51.46979166,7.40232421,164.58,25.29,0.18,314.50,1,-86.00,-6.00,6.00,2.00,39.00,6.00,13022465,205
480.04,1567659823,10587.73,51.46995194,7.40205983,164.80,25.43,0.14,314.57,1,-86.00,-6.00,6.00,2.00,39.00,6.00,13022465,205
481.04,1567659824,10613.21,51.47011171,7.40179745,165.19,25.57,0.14,314.53,1,-118.00,-9.00,4.00,2.00,22.00,84.00,13067274,289
482.04,1567659825,10638.81,51.47027376,7.40153190,165.82,25.90,0.33,315.18,1,-118.00,-9.00,4.00,2.00,22.00,84.00,13067274,289
483.05,1567659826,10664.76,51.47043785,7.40126828,166.24,26.09,0.19,315.31,1,-120.00,-10.00,2.00,2.00,8.00,84.00,13067274,289
484.05,1567659827,10690.84,51.47060595,7.40100584,166.67,26.46,0.37,315.73,1,-120.00,-10.00,2.00,2.00,8.00,84.00,13067274,289
485.04,1567659828,10717.17,51.47077464,7.40074170,167.26,26.17,-0.29,316.34,1,-89.00,-4.00,13.00,14.00,40.00,15.00,13022465,205
486.05,1567659829,10743.49,51.47094264,7.40048265,167.76,25.67,-0.50,316.70,1,-89.00,-4.00,13.00,14.00,40.00,15.00,13022465,205
487.04,1567659830,10769.08,51.47111279,7.40023119,168.11,25.42,-0.25,316.97,1,-91.00,-5.00,11.00,11.00,35.00,15.00,13022465,205
488.04,1567659831,10794.48,51.47128043,7.39998350,168.41,25.39,-0.03,317.21,1,-91.00,-5.00,11.00,11.00,35.00,15.00,13022465,205
489.23,1567659832,10824.71,51.47144887,7.39973495,168.64,25.38,-0.01,317.66,1,-90.00,-7.00,11.00,13.00,36.00,15.00,13022465,205
490.23,1567659833,10850.09,51.47161882,7.39948599,168.81,25.49,0.11,317.90,1,-90.00,-7.00,11.00,13.00,36.00,15.00,13022465,205
491.23,1567659834,10875.58,51.47179131,7.39924178,168.92,25.54,0.05,318.04,1,-89.00,-7.00,16.00,12.00,36.00,15.00,13022465,205
492.23,1567659835,10901.12,51.47196391,7.39899728,168.96,25.56,0.03,318.35,1,-89.00,-7.00,16.00,12.00,36.00,15.00,13022465,205
493.24,1567659836,10926.91,51.47213747,7.39875147,168.99,25.78,0.21,318.78,1,-90.00,-4.00,19.00,11.00,35.00,15.00,13022465,205
494.24,1567659837,10952.48,51.47231184,7.39850420,169.06,25.87,0.09,318.51,1,-90.00,-4.00,19.00,11.00,35.00,15.00,13022465,205
495.23,1567659838,10978.27,51.47249059,7.39826006,169.19,26.17,0.31,319.40,1,-90.00,-4.00,19.00,11.00,35.00,15.00,13022465,205
496.23,1567659839,11004.45,51.47267199,7.39801333,169.25,26.29,0.12,319.46,1,-90.00,-11.00,14.00,11.00,41.00,15.00,13022465,205
497.23,1567659840,11030.69,51.47285267,7.39776658,169.43,26.46,0.17,319.84,1,-90.00,-11.00,14.00,11.00,41.00,15.00,13022465,205
498.24,1567659841,11057.28,51.47303717,7.39752072,169.36,26.60,0.14,319.84,1,-88.00,-6.00,18.00,12.00,38.00,15.00,13022465,205
499.24,1567659842,11083.87,51.47322350,7.39727914,169.45,26.54,-0.05,320.81,1,-88.00,-6.00,18.00,12.00,38.00,15.00,13022465,205
500.23,1567659843,11110.39,51.47340633,7.39704356,169.52,26.05,-0.49,321.18,1,-85.00,-6.00,23.00,15.00,40.00,15.00,13022465,205
501.23,1567659844,11136.44,51.47358463,7.39681288,169.68,25.75,-0.30,321.06,1,-85.00,-6.00,23.00,15.00,40.00,15.00,13022465,205
502.23,1567659845,11162.19,51.47376180,7.39657799,170.23,25.33,-0.42,321.69,1,-87.00,-6.00,13.00,15.00,41.00,15.00,13022465,205
503.23,1567659846,11187.49,51.47393867,7.39635472,170.86,25.02,-0.31,322.12,1,-87.00,-6.00,13.00,15.00,41.00,15.00,13022465,205
504.23,1567659847,11212.54,51.47411575,7.39613498,171.36,24.95,-0.07,322.42,1,-85.00,-6.00,23.00,15.00,41.00,15.00,13022465,205
505.23,1567659848,11237.49,51.47449320,7.39775610,172.04,24.87,-0.09,322.51,1,-85.00,-6.00,23.00,15.00,41.00,15.00,13022465,205
506.23,1567659849,11262.33,51.47447184,7.39570258,172.58,24.86,-0.00,323.82,1,-85.00,-6.00,26.00,12.00,41.00,15.00,13022465,205
507.23,1567659850,11287.22,51.47465270,7.39549179,173.04,24.94,0.08,324.73,1,-85.00,-6.00,26.00,12.00,41.00,15.00,13022465,205
508.23,1567659851,11312.16,51.47483828,7.39528971,173.46,25.07,0.13,325.60,1,-83.00,-6.00,21.00,12.00,44.00,15.00,13022465,205
509.23,1567659852,11337.23,51.47502859,7.39509621,173.89,25.07,0.00,327.56,1,-83.00,-6.00,21.00,12.00,44.00,15.00,13022465,205
510.23,1567659853,11362.30,51.47521982,7.39490736,174.25,24.44,-0.63,328.75,1,-82.00,-5.00,28.00,14.00,43.00,15.00,13022465,205
511.23,1567659854,11386.72,51.47540869,7.39471677,174.78,24.25,-0.19,328.80,1,-82.00,-5.00,28.00,14.00,43.00,15.00,13022465,205
512.23,1567659855,11411.00,51.47558345,7.39454639,174.99,23.88,-0.37,328.59,1,-74.00,-5.00,31.00,15.00,51.00,15.00,13022465,205
513.23,1567659856,11434.85,51.47577272,7.39437181,175.20,23.65,-0.23,330.70,1,-74.00,-5.00,31.00,15.00,51.00,15.00,13022465,205
514.24,1567659857,11458.72,51.47595851,7.39420538,175.50,23.71,0.06,331.02,1,-76.00,-5.00,25.00,15.00,50.00,15.00,13022465,205
515.23,1567659858,11482.24,51.47614734,7.39403878,175.67,23.66,-0.06,331.10,1,-76.00,-5.00,25.00,15.00,50.00,15.00,13022465,205
516.23,1567659859,11505.89,51.47633558,7.39388320,175.94,23.75,0.09,332.23,1,-76.00,-5.00,25.00,15.00,50.00,15.00,13022465,205
517.23,1567659860,11529.59,51.47652956,7.39373076,176.27,23.66,-0.09,334.02,1,-63.00,-4.00,30.00,2.00,63.00,15.00,13022465,205
518.23,1567659861,11553.28,51.47672491,7.39358408,176.49,23.70,0.03,335.10,1,-63.00,-4.00,30.00,2.00,63.00,15.00,13022465,205
519.24,1567659862,11577.04,51.47691661,7.39344505,176.90,23.29,-0.41,336.11,1,-107.00,-8.00,20.00,2.00,20.00,15.00,13067529,354
520.24,1567659863,11600.33,51.47710250,7.39331703,177.36,21.92,-1.36,337.27,1,-107.00,-8.00,20.00,2.00,20.00,15.00,13067529,354
521.24,1567659864,11622.23,51.47727791,7.39320714,177.86,20.24,-1.68,339.10,1,-103.00,-7.00,19.00,2.00,19.00,15.00,13067529,354
522.24,1567659865,11642.48,51.47744521,7.39312018,178.21,19.85,-0.40,342.30,1,-103.00,-7.00,19.00,2.00,19.00,15.00,13067529,354
523.24,1567659866,11662.35,51.47760810,7.39306256,178.24,18.66,-1.19,347.66,1,-102.00,-6.00,21.00,2.00,21.00,15.00,13067529,354
524.24,1567659867,11681.00,51.47776903,7.39301980,178.51,18.00,-0.66,349.94,1,-102.00,-6.00,21.00,2.00,21.00,15.00,13067529,354
525.24,1567659868,11699.00,51.47793243,7.39303092,178.92,17.35,-0.64,2.79,1,-102.00,-6.00,21.00,2.00,22.00,15.00,13067529,354
526.24,1567659869,11716.36,51.47809276,7.39304325,179.48,16.56,-0.79,4.51,1,-102.00,-6.00,21.00,2.00,22.00,15.00,13067529,354
527.24,1567659870,11732.92,51.47824722,7.39307626,180.11,16.83,0.27,7.54,1,-102.00,-6.00,19.00,2.00,21.00,15.00,13067529,354
528.24,1567659871,11749.74,51.47838563,7.39312314,180.34,15.58,-1.25,10.94,1,-102.00,-6.00,19.00,2.00,21.00,15.00,13067529,354
529.23,1567659872,11765.29,51.47850840,7.39321693,180.41,14.81,-0.77,24.61,1,-102.00,-6.00,27.00,2.00,22.00,15.00,13067529,354
530.23,1567659873,11780.11,51.47862417,7.39331631,180.34,14.68,-0.13,26.39,1,-102.00,-6.00,27.00,2.00,22.00,15.00,13067529,354
531.23,1567659874,11794.79,51.47873532,7.39342615,180.12,14.35,-0.33,27.98,1,-100.00,-5.00,22.00,2.00,24.00,15.00,13067529,354
532.23,1567659875,11809.14,51.47885390,7.39354955,179.76,14.56,0.21,31.59,1,-100.00,-5.00,22.00,2.00,24.00,15.00,13067529,354
533.23,1567659876,11823.71,51.47896986,7.39367336,179.59,14.08,-0.49,31.10,1,-91.00,-5.00,25.00,2.00,33.00,15.00,13067529,354
534.23,1567659877,11837.79,51.47907875,7.39377594,179.40,12.87,-1.20,29.14,1,-91.00,-5.00,25.00,2.00,33.00,15.00,13067529,354
535.24,1567659878,11850.76,51.47919752,7.39382336,179.63,12.32,-0.55,12.59,1,-81.00,-5.00,24.00,2.00,42.00,15.00,13067529,354
536.23,1567659879,11862.96,51.47931485,7.39383257,179.90,12.98,0.66,359.47,1,-81.00,-5.00,24.00,2.00,42.00,15.00,13067529,354
537.23,1567659880,11875.95,51.47942722,7.39382185,180.25,13.40,0.42,355.57,1,-81.00,-5.00,24.00,2.00,42.00,15.00,13067529,354
538.23,1567659881,11889.36,51.47951943,7.39375802,180.86,13.62,0.22,337.53,1,-83.00,-6.00,27.00,10.00,42.00,6.00,13067529,354
539.24,1567659882,11903.03,51.47962259,7.39368902,181.29,13.87,0.25,336.57,1,-83.00,-6.00,27.00,10.00,42.00,6.00,13067529,354
540.23,1567659883,11916.84,51.47972060,7.39361447,181.92,12.86,-1.01,335.49,1,-77.00,-5.00,27.00,15.00,48.00,6.00,13067529,354
541.23,1567659884,11929.71,51.47981691,7.39353963,182.83,11.94,-0.92,334.57,1,-77.00,-5.00,27.00,15.00,48.00,6.00,13067529,354
542.24,1567659885,11941.67,51.47990281,7.39348444,183.74,9.88,-2.05,337.83,1,-92.00,-10.00,1.00,15.00,46.00,6.00,13022465,205
543.24,1567659886,11951.54,51.47998710,7.39343852,184.41,9.60,-0.28,340.50,1,-92.00,-10.00,1.00,15.00,46.00,6.00,13022465,205
544.24,1567659887,11961.16,51.48007640,7.39343330,184.82,9.62,0.01,358.26,1,-95.00,-15.00,5.00,12.00,40.00,6.00,13022465,205
545.24,1567659888,11970.77,51.48017726,7.39345878,185.13,10.11,0.49,12.98,1,-95.00,-15.00,5.00,12.00,40.00,6.00,13022465,205
546.24,1567659889,11980.87,51.48025269,7.39352071,185.51,10.46,0.36,31.27,1,-95.00,-9.00,4.00,4.00,34.00,6.00,13022465,205
547.23,1567659890,11991.32,51.48030723,7.39363305,185.81,10.98,0.52,55.72,1,-95.00,-9.00,4.00,4.00,34.00,6.00,13022465,205
548.24,1567659891,12002.31,51.48036073,7.39375953,186.21,12.06,1.08,56.81,1,-98.00,-10.00,4.00,7.00,30.00,6.00,13022465,205
549.24,1567659892,12014.37,51.48042426,7.39391930,186.72,13.34,1.28,57.80,1,-98.00,-10.00,4.00,7.00,30.00,6.00,13022465,205
550.23,1567659893,12027.70,51.48049205,7.39410619,187.11,14.28,0.94,58.54,1,-98.00,-9.00,-4.00,6.00,30.00,6.00,13022465,205
551.24,1567659894,12042.00,51.48056165,7.39429258,187.31,15.73,1.44,59.09,1,-98.00,-9.00,-4.00,6.00,30.00,6.00,13022465,205
552.24,1567659895,12057.74,51.48063944,7.39450512,187.27,16.65,0.92,59.92,1,-94.00,-8.00,3.00,6.00,34.00,12.00,13532162,198
553.24,1567659896,12074.40,51.48071134,7.39471209,187.17,17.45,0.79,60.18,1,-94.00,-8.00,3.00,6.00,34.00,12.00,13532162,198
554.24,1567659897,12091.84,51.48079120,7.39493069,187.27,17.98,0.54,61.16,1,-101.00,-10.00,2.00,7.00,29.00,12.00,13532162,198
555.24,1567659898,12109.81,51.48087551,7.39515945,187.55,18.09,0.11,60.77,1,-101.00,-10.00,2.00,7.00,29.00,12.00,13532162,198
556.24,1567659899,12128.06,51.48095923,7.39540079,187.45,18.24,0.14,60.62,1,-93.00,-9.00,4.00,12.00,36.00,12.00,13532162,198
557.23,1567659900,12146.12,51.48104250,7.39563310,187.22,18.07,-0.17,60.11,1,-93.00,-9.00,4.00,12.00,36.00,12.00,13532162,198
558.24,1567659901,12164.21,51.48112726,7.39586411,187.47,17.86,-0.21,60.02,1,-93.00,-9.00,4.00,12.00,36.00,12.00,13532162,198
559.23,1567659902,12182.05,51.48120825,7.39608112,187.90,17.58,-0.28,59.58,1,-95.00,-7.00,5.00,2.00,40.00,12.00,13532162,198
560.23,1567659903,12199.63,51.48128581,7.39629540,188.22,17.25,-0.33,59.98,1,-95.00,-7.00,5.00,2.00,40.00,12.00,13532162,198
561.23,1567659904,12216.88,51.48136461,7.39651413,188.48,16.84,-0.41,59.74,1,-103.00,-8.00,2.00,2.00,25.00,12.00,13532175,337
562.23,1567659905,12233.72,51.48144007,7.39671581,188.76,16.41,-0.43,59.37,1,-103.00,-8.00,2.00,2.00,25.00,12.00,13532175,337
563.23,1567659906,12250.14,51.48151564,7.39690994,188.78,16.02,-0.39,58.44,1,-105.00,-8.00,13.00,2.00,23.00,12.00,13532175,337
564.23,1567659907,12266.14,51.48159035,7.39710321,188.69,15.35,-0.67,57.81,1,-105.00,-8.00,13.00,2.00,23.00,12.00,13532175,337
565.23,1567659908,12281.51,51.48166605,7.39728914,188.49,14.58,-0.78,57.09,1,-109.00,-8.00,13.00,2.00,19.00,12.00,13532175,337
566.23,1567659909,12296.09,51.48173554,7.39745558,188.35,13.68,-0.90,56.19,1,-109.00,-8.00,13.00,2.00,19.00,12.00,13532175,337
567.23,1567659910,12309.75,51.48180182,7.39759506,188.60,12.16,-1.51,54.81,1,-111.00,-7.00,10.00,2.00,15.00,12.00,13532175,337
568.23,1567659911,12321.93,51.48186063,7.39772413,188.92,10.27,-1.89,54.02,1,-111.00,-7.00,10.00,2.00,15.00,12.00,13532175,337
569.23,1567659912,12332.19,51.48191406,7.39782674,189.20,9.04,-1.23,52.51,1,-114.00,-8.00,15.00,2.00,13.00,12.00,13532175,337
570.23,1567659913,12341.24,51.48195875,7.39791652,189.53,7.88,-1.16,51.86,1,-114.00,-8.00,15.00,2.00,13.00,12.00,13532175,337
571.23,1567659914,12349.12,51.48199853,7.39799393,189.73,6.57,-1.31,51.38,1,-112.00,-7.00,11.00,2.00,14.00,12.00,13532175,337
572.23,1567659915,12355.69,51.48203356,7.39805613,189.91,5.12,-1.45,51.76,1,-112.00,-7.00,11.00,2.00,14.00,12.00,13532175,337
573.23,1567659916,12360.81,51.48206045,7.39810481,189.93,3.61,-1.51,50.85,1,-110.00,-6.00,19.00,2.00,16.00,12.00,13532175,337
574.23,1567659917,12364.42,51.48208262,7.39814418,189.95,2.91,-0.70,50.01,1,-110.00,-6.00,19.00,2.00,16.00,12.00,13532175,337
575.23,1567659918,12367.33,51.48209527,7.39817108,189.97,1.78,-1.13,52.14,1,-108.00,-6.00,16.00,2.00,17.00,12.00,13532175,337
576.23,1567659919,12369.10,51.48210324,7.39818207,189.98,1.14,-0.64,51.50,1,-108.00,-6.00,16.00,2.00,17.00,12.00,13532175,337
577.24,1567659920,12370.25,51.48210943,7.39819075,190.00,0.51,-0.63,51.50,1,-106.00,-5.00,17.00,2.00,19.00,12.00,13532175,337
578.23,1567659921,12370.75,51.48211294,7.39819544,190.01,0.45,-0.06,51.50,1,-106.00,-5.00,17.00,2.00,19.00,12.00,13532175,337
579.23,1567659922,12371.20,51.48211294,7.39819544,190.01,0.00,-0.45,51.50,1,-106.00,-5.00,17.00,2.00,19.00,12.00,13532175,337
580.23,1567659923,12371.20,51.48211294,7.39819544,190.01,0.00,0.00,51.50,1,-105.00,-5.00,19.00,2.00,20.00,12.00,13532175,337
581.23,1567659924,12371.20,51.48211294,7.39819544,190.02,0.00,0.00,51.50,1,-105.00,-5.00,19.00,2.00,20.00,12.00,13532175,337
582.23,1567659925,12371.20,51.48211294,7.39819544,190.02,0.00,0.00,51.50,1,-105.00,-5.00,19.00,2.00,20.00,12.00,13532175,337
583.23,1567659926,12371.20,51.48211294,7.39819544,190.03,0.00,0.00,51.50,1,-105.00,-5.00,19.00,2.00,20.00,12.00,13532175,337
584.23,1567659927,12371.20,51.48211294,7.39819544,190.04,0.00,0.00,51.50,1,-104.00,-5.00,21.00,2.00,21.00,12.00,13532175,337
585.23,1567659928,12371.20,51.47970430,7.39365710,190.12,0.00,0.00,48.25,1,-104.00,-5.00,21.00,2.00,21.00,12.00,13532175,337
586.23,1567659929,12371.20,51.48211294,7.39819544,190.19,0.00,0.00,46.45,1,-102.00,-5.00,16.00,2.00,24.00,12.00,13532175,337
587.23,1567659930,12371.20,51.48216102,7.39827486,191.00,4.48,0.00,46.89,1,-102.00,-5.00,16.00,2.00,24.00,12.00,13532175,337
588.23,1567659931,12375.68,51.48219162,7.39832483,191.52,5.76,1.28,46.56,1,-103.00,-5.00,21.00,2.00,23.00,12.00,13532175,337
589.23,1567659932,12381.44,51.48222748,7.39838469,191.53,6.90,1.15,46.13,1,-103.00,-5.00,21.00,2.00,23.00,12.00,13532175,337
590.23,1567659933,12388.34,51.48227306,7.39845924,191.35,8.21,1.30,45.28,1,-103.00,-5.00,22.00,2.00,22.00,12.00,13532175,337
591.23,1567659934,12396.54,51.48233105,7.39854527,191.29,8.99,0.78,43.71,1,-103.00,-5.00,22.00,2.00,22.00,12.00,13532175,337
592.24,1567659935,12405.55,51.48239001,7.39862901,191.36,9.40,0.41,42.40,1,-104.00,-5.00,18.00,2.00,22.00,12.00,13532175,337
593.23,1567659936,12414.94,51.48245714,7.39871798,191.51,9.87,0.47,40.91,1,-104.00,-5.00,18.00,2.00,22.00,12.00,13532175,337
594.23,1567659937,12424.81,51.48252685,7.39880905,191.59,10.39,0.52,39.77,1,-106.00,-6.00,15.00,2.00,19.00,12.00,13532175,337
595.23,1567659938,12435.19,51.48260616,7.39890402,191.58,11.05,0.66,38.68,1,-106.00,-6.00,15.00,2.00,19.00,12.00,13532175,337
596.23,1567659939,12446.24,51.48268527,7.39899577,191.45,11.03,-0.01,37.63,1,-106.00,-6.00,20.00,2.00,19.00,12.00,13532175,337
597.23,1567659940,12457.27,51.48276663,7.39908737,191.21,10.83,-0.21,36.78,1,-106.00,-6.00,20.00,2.00,19.00,12.00,13532175,337
598.24,1567659941,12468.20,51.48285503,7.39918298,190.72,11.02,0.19,34.86,1,-105.00,-6.00,18.00,2.00,20.00,12.00,13532175,337
599.23,1567659942,12479.12,51.48292829,7.39925920,190.26,10.85,-0.17,34.72,1,-105.00,-6.00,18.00,2.00,20.00,12.00,13532175,337
600.23,1567659943,12489.97,51.48302186,7.39935745,189.91,12.38,1.53,34.14,1,-105.00,-6.00,18.00,2.00,20.00,12.00,13532175,337
601.23,1567659944,12502.34,51.48311594,7.39945638,189.72,13.07,0.70,33.24,1,-102.00,-6.00,24.00,2.00,23.00,12.00,13532175,337
602.23,1567659945,12515.41,51.48322024,7.39956255,189.58,13.87,0.80,33.59,1,-102.00,-6.00,24.00,2.00,23.00,12.00,13532175,337
603.23,1567659946,12529.28,51.48331787,7.39966618,189.29,13.99,0.13,33.59,1,-98.00,-5.00,18.00,2.00,26.00,12.00,13532175,337
604.23,1567659947,12543.28,51.48342498,7.39977800,188.97,14.22,0.22,34.06,1,-98.00,-5.00,18.00,2.00,26.00,12.00,13532175,337
605.23,1567659948,12557.49,51.48352984,7.39989572,188.76,14.35,0.13,34.95,1,-100.00,-5.00,17.00,2.00,24.00,12.00,13532175,337
606.23,1567659949,12571.85,51.48364238,7.40002337,188.56,14.79,0.43,35.34,1,-100.00,-5.00,17.00,2.00,24.00,12.00,13532175,337
607.23,1567659950,12586.57,51.48375828,7.40015708,188.46,14.80,0.01,36.21,1,-104.00,-5.00,16.00,14.00,20.00,9.00,13532175,337
608.24,1567659951,12601.45,51.48386816,7.40028548,188.08,14.63,-0.17,36.33,1,-104.00,-5.00,16.00,14.00,20.00,9.00,13532175,337
609.23,1567659952,12616.06,51.48397162,7.40041159,187.56,14.35,-0.28,37.11,1,-106.00,-6.00,14.00,14.00,19.00,9.00,13532175,337
610.23,1567659953,12630.42,51.48407124,7.40053172,186.97,14.09,-0.26,37.52,1,-106.00,-6.00,14.00,14.00,19.00,9.00,13532175,337
611.23,1567659954,12644.51,51.48417843,7.40066255,186.78,14.16,0.07,37.90,1,-106.00,-7.00,15.00,10.00,19.00,9.00,13532175,337
612.23,1567659955,12658.65,51.48428146,7.40078572,187.16,12.38,-1.78,38.38,1,-106.00,-7.00,15.00,10.00,19.00,9.00,13532175,337
613.23,1567659956,12671.02,51.48436698,7.40089805,187.27,12.14,-0.24,39.24,1,-103.00,-6.00,18.00,14.00,23.00,9.00,13532175,337
614.23,1567659957,12683.15,51.48444784,7.40100264,187.34,11.92,-0.22,39.68,1,-103.00,-6.00,18.00,14.00,23.00,9.00,13532175,337
615.23,1567659958,12695.11,51.48452198,7.40110925,187.32,11.46,-0.46,40.55,1,-104.00,-7.00,14.00,9.00,20.00,9.00,13532175,337
616.23,1567659959,12706.57,51.48459934,7.40121653,187.24,11.13,-0.32,41.06,1,-104.00,-7.00,14.00,9.00,20.00,9.00,13532175,337
617.23,1567659960,12717.70,51.48467496,7.40132901,187.46,10.95,-0.18,41.70,1,-106.00,-6.00,7.00,11.00,19.00,9.00,13532175,337
618.24,1567659961,12728.67,51.48474706,7.40143757,187.74,10.44,-0.51,43.13,1,-106.00,-6.00,7.00,11.00,19.00,9.00,13532175,337
619.24,1567659962,12739.20,51.48481418,7.40153897,187.90,11.12,0.67,43.87,1,-110.00,-7.00,7.00,7.00,16.00,9.00,13532175,337
620.23,1567659963,12750.21,51.48488726,7.40165592,187.94,12.33,1.23,44.68,1,-110.00,-7.00,7.00,7.00,16.00,9.00,13532175,337
621.23,1567659964,12762.54,51.48496227,7.40178471,187.89,12.53,0.20,45.20,1,-110.00,-7.00,7.00,7.00,16.00,9.00,13532175,337
622.24,1567659965,12775.08,51.48503693,7.40191319,187.78,12.35,-0.18,45.74,1,-109.00,-7.00,10.00,11.00,17.00,9.00,13532175,337
623.24,1567659966,12787.44,51.48511963,7.40205314,187.91,13.06,0.71,46.27,1,-109.00,-7.00,10.00,11.00,17.00,9.00,13532175,337
624.24,1567659967,12800.48,51.48519967,7.40219319,187.89,13.39,0.33,46.68,1,-110.00,-7.00,10.00,15.00,16.00,9.00,13532175,337
625.24,1567659968,12813.87,51.48527676,7.40233521,187.67,13.84,0.45,47.24,1,-110.00,-7.00,10.00,15.00,16.00,9.00,13532175,337
626.23,1567659969,12827.69,51.48535847,7.40248185,187.49,13.99,0.15,47.80,1,-103.00,-5.00,5.00,2.00,32.00,9.00,13532175,337
627.23,1567659970,12841.68,51.48544023,7.40263835,187.20,14.38,0.39,48.38,1,-103.00,-5.00,5.00,2.00,32.00,9.00,13532175,337
628.23,1567659971,12856.06,51.48552644,7.40280058,186.97,14.92,0.54,48.87,1,-105.00,-6.00,14.00,2.00,20.00,9.00,13532175,337
629.23,1567659972,12870.98,51.48561425,7.40296809,186.53,14.85,-0.07,49.60,1,-105.00,-6.00,14.00,2.00,20.00,9.00,13532175,337
630.23,1567659973,12885.83,51.48570180,7.40314515,186.15,14.88,0.03,50.54,1,-107.00,-6.00,16.00,2.00,19.00,9.00,13532175,337
631.23,1567659974,12900.71,51.48578468,7.40332502,185.79,14.90,0.02,51.56,1,-107.00,-6.00,16.00,2.00,19.00,9.00,13532175,337
632.23,1567659975,12915.62,51.48585940,7.40349098,185.58,14.82,-0.08,52.65,1,-106.00,-6.00,17.00,2.00,19.00,9.00,13532175,337
633.23,1567659976,12930.44,51.48593722,7.40366823,185.59,15.16,0.34,53.26,1,-106.00,-6.00,17.00,2.00,19.00,9.00,13532175,337
634.23,1567659977,12945.60,51.48601141,7.40384393,185.48,15.27,0.11,53.89,1,-105.00,-5.00,19.00,10.00,20.00,8.00,13532175,337
635.23,1567659978,12960.86,51.48609096,7.40402428,185.29,15.14,-0.14,54.88,1,-105.00,-5.00,19.00,10.00,20.00,8.00,13532175,337
636.23,1567659979,12975.99,51.48616707,7.40421049,185.27,15.06,-0.08,55.32,1,-102.00,-5.00,19.00,9.00,24.00,8.00,13532175,337
637.23,1567659980,12991.07,51.48623832,7.40438934,185.26,14.90,-0.16,56.27,1,-102.00,-5.00,19.00,9.00,24.00,8.00,13532175,337
638.23,1567659981,13005.96,51.48630550,7.40456801,185.36,14.32,-0.58,56.67,1,-102.00,-6.00,22.00,10.00,24.00,8.00,13532175,337
639.23,1567659982,13020.26,51.48637655,7.40475275,184.99,15.00,0.68,57.16,1,-102.00,-6.00,22.00,10.00,24.00,8.00,13532175,337
640.24,1567659983,13035.40,51.48644107,7.40493160,184.67,14.84,-0.16,58.13,1,-99.00,-5.00,23.00,10.00,26.00,8.00,13532175,337
641.23,1567659984,13050.10,51.48650956,7.40512536,184.27,14.89,0.05,58.81,1,-99.00,-5.00,23.00,10.00,26.00,8.00,13532175,337
642.23,1567659985,13065.01,51.48657545,7.40533191,183.90,15.41,0.52,59.68,1,-99.00,-5.00,23.00,10.00,26.00,8.00,13532175,337
643.23,1567659986,13080.40,51.48664104,7.40553087,183.68,15.68,0.27,60.55,1,-102.00,-5.00,19.00,9.00,23.00,8.00,13532175,337
644.23,1567659987,13096.10,51.48670368,7.40573482,183.31,15.78,0.10,61.17,1,-102.00,-5.00,19.00,9.00,23.00,8.00,13532175,337
645.23,1567659988,13111.88,51.48676522,7.40595008,182.89,16.08,0.30,62.90,1,-105.00,-6.00,13.00,2.00,32.00,8.00,13532175,337
646.23,1567659989,13127.95,51.48682357,7.40616268,182.17,16.17,0.09,64.41,1,-105.00,-6.00,13.00,2.00,32.00,8.00,13532175,337
647.24,1567659990,13144.14,51.48688165,7.40639454,181.34,15.95,-0.22,65.98,1,-116.00,-9.00,7.00,9.00,12.00,9.00,13532175,337
648.24,1567659991,13160.09,51.48693338,7.40660396,180.90,16.18,0.23,66.93,1,-116.00,-9.00,7.00,9.00,12.00,9.00,13532175,337
649.23,1567659992,13176.24,51.48698142,7.40681780,180.25,16.04,-0.14,67.99,1,-97.00,-5.00,5.00,13.00,30.00,14.00,13067528,356
650.23,1567659993,13192.29,51.48702873,7.40703979,179.47,15.55,-0.49,68.99,1,-97.00,-5.00,5.00,13.00,30.00,14.00,13067528,356
651.23,1567659994,13207.83,51.48707694,7.40725654,178.84,15.14,-0.42,69.83,1,-101.00,-7.00,8.00,10.00,23.00,14.00,13067528,356
652.23,1567659995,13222.99,51.48712091,7.40747091,178.78,14.34,-0.80,70.75,1,-101.00,-7.00,8.00,10.00,23.00,14.00,13067528,356
653.23,1567659996,13237.33,51.48715442,7.40765749,178.96,14.27,-0.07,71.57,1,-104.00,-5.00,13.00,9.00,19.00,14.00,13067528,356
654.23,1567659997,13251.60,51.48718556,7.40785047,179.18,14.20,-0.07,72.32,1,-104.00,-5.00,13.00,9.00,19.00,14.00,13067528,356
655.23,1567659998,13265.80,51.48721406,7.40803907,179.00,13.79,-0.41,73.52,1,-111.00,-8.00,5.00,9.00,15.00,14.00,13067528,356
656.23,1567659999,13279.59,51.48724341,7.40821597,178.73,13.65,-0.14,74.13,1,-111.00,-8.00,5.00,9.00,15.00,14.00,13067528,356
657.23,1567660000,13293.23,51.48727187,7.40841031,178.38,13.43,-0.22,74.59,1,-113.00,-9.00,1.00,9.00,12.00,14.00,13067528,356
658.23,1567660001,13306.66,51.48729904,7.40858902,177.90,12.98,-0.46,75.31,1,-113.00,-9.00,1.00,9.00,12.00,14.00,13067528,356
659.23,1567660002,13319.65,51.48732186,7.40877102,177.36,12.62,-0.36,76.20,1,-114.00,-8.00,0.00,7.00,10.00,16.00,13067528,356
660.24,1567660003,13332.29,51.48734411,7.40895247,176.74,12.60,-0.03,77.01,1,-114.00,-8.00,0.00,7.00,10.00,16.00,13067528,356
661.25,1567660004,13345.01,51.48736260,7.40913403,176.14,12.61,0.01,77.96,1,-102.00,-8.00,6.00,2.00,33.00,9.00,13532163,200
662.24,1567660005,13357.51,51.48738115,7.40931609,175.61,12.78,0.17,78.87,1,-102.00,-8.00,6.00,2.00,33.00,9.00,13532163,200
663.24,1567660006,13370.30,51.48739799,7.40949039,175.06,12.58,-0.20,79.23,1,-102.00,-8.00,6.00,2.00,33.00,9.00,13532163,200
664.24,1567660007,13382.90,51.48741587,7.40967825,174.51,12.92,0.34,78.62,1,-103.00,-13.00,1.00,9.00,28.00,9.00,13532163,200
665.24,1567660008,13395.83,51.48743326,7.40985712,173.82,12.72,-0.20,79.09,1,-103.00,-13.00,1.00,9.00,28.00,9.00,13532163,200
666.23,1567660009,13408.47,51.48811660,7.41039840,173.10,12.80,0.08,79.85,1,-102.00,-13.00,2.00,7.00,29.00,9.00,13532163,200
667.24,1567660010,13421.30,51.48746459,7.41020589,172.62,11.72,-1.07,80.85,1,-102.00,-13.00,2.00,7.00,29.00,9.00,13532163,200
668.23,1567660011,13432.97,51.48747466,7.41035516,172.01,10.02,-1.71,82.08,1,-103.00,-15.00,0.00,6.00,30.00,9.00,13532163,200
669.24,1567660012,13443.03,51.48748413,7.41049318,171.40,9.44,-0.58,83.10,1,-103.00,-15.00,0.00,6.00,30.00,9.00,13532163,200
670.23,1567660013,13452.45,51.48749155,7.41062196,170.82,8.62,-0.82,84.09,1,-100.00,-7.00,3.00,5.00,25.00,9.00,13532163,200
671.23,1567660014,13461.08,51.48749741,7.41074198,170.32,7.99,-0.63,83.50,1,-100.00,-7.00,3.00,5.00,25.00,9.00,13532163,200
672.24,1567660015,13469.08,51.48751925,7.41085519,169.98,7.15,-0.84,66.61,1,-108.00,-11.00,7.00,10.00,23.00,9.00,13532163,200
673.24,1567660016,13476.23,51.48756187,7.41092865,169.74,7.07,-0.08,41.62,1,-108.00,-11.00,7.00,10.00,23.00,9.00,13532163,200
674.24,1567660017,13483.29,51.48760422,7.41097587,169.68,7.12,0.05,23.96,1,-105.00,-9.00,-5.00,6.00,24.00,9.00,13532163,200
675.24,1567660018,13490.41,51.48765292,7.41100208,169.83,6.34,-0.78,11.12,1,-105.00,-9.00,-5.00,6.00,24.00,9.00,13532163,200
676.24,1567660019,13496.75,51.48771187,7.41099416,169.99,6.94,0.60,353.04,1,-107.00,-10.00,2.00,6.00,22.00,9.00,13532163,200
677.24,1567660020,13503.69,51.48777650,7.41097978,170.42,7.15,0.21,352.04,1,-107.00,-10.00,2.00,6.00,22.00,9.00,13532163,200
678.24,1567660021,13510.84,51.48784307,7.41096453,170.97,7.28,0.13,352.41,1,-107.00,-10.00,1.00,5.00,22.00,9.00,13532163,200
679.24,1567660022,13518.12,51.48791504,7.41095165,171.41,8.01,0.73,353.16,1,-107.00,-10.00,1.00,5.00,22.00,9.00,13532163,200
680.23,1567660023,13526.12,51.48799532,7.41093375,171.66,8.30,0.29,353.75,1,-107.00,-13.00,-1.00,2.00,34.00,9.00,13532163,200
681.23,1567660024,13534.42,51.48807555,7.41091694,172.10,8.98,0.68,354.17,1,-107.00,-13.00,-1.00,2.00,34.00,9.00,13532163,200
682.25,1567660025,13543.50,51.48815977,7.41090228,172.42,9.89,0.90,353.57,1,-110.00,-8.00,4.00,2.00,11.00,9.00,13067528,356
683.24,1567660026,13553.32,51.48824807,7.41087979,172.37,10.16,0.28,352.52,1,-110.00,-8.00,4.00,2.00,11.00,9.00,13067528,356
684.24,1567660027,13563.48,51.48833894,7.41085156,172.83,9.84,-0.32,350.96,1,-110.00,-8.00,4.00,2.00,11.00,9.00,13067528,356
685.24,1567660028,13573.30,51.48846350,7.41082330,174.00,9.42,-0.42,350.64,1,-111.00,-8.00,-3.00,2.00,11.00,9.00,13067528,356
686.24,1567660029,13582.72,51.48850738,7.41080233,173.48,9.43,0.00,350.47,1,-111.00,-8.00,-3.00,2.00,11.00,9.00,13067528,356
687.24,1567660030,13592.20,51.48859080,7.41077965,173.43,9.35,-0.08,350.01,1,-113.00,-8.00,-1.00,2.00,10.00,9.00,13067528,356
688.24,1567660031,13601.54,51.48867230,7.41075263,173.16,8.85,-0.50,349.15,1,-113.00,-8.00,-1.00,2.00,10.00,9.00,13067528,356
689.24,1567660032,13610.39,51.48874833,7.41072553,173.13,8.33,-0.52,348.84,1,-115.00,-8.00,-2.00,2.00,10.00,9.00,13067528,356
690.24,1567660033,13618.72,51.48882188,7.41070167,173.13,8.23,-0.10,348.38,1,-115.00,-8.00,-2.00,2.00,10.00,9.00,13067528,356
691.24,1567660034,13626.97,51.48889694,7.41067585,172.88,8.51,0.27,347.69,1,-117.00,-10.00,-8.00,2.00,10.00,9.00,13067528,356
692.24,1567660035,13635.48,51.48897909,7.41064722,172.83,9.65,1.14,347.29,1,-117.00,-10.00,-8.00,2.00,10.00,9.00,13067528,356
693.24,1567660036,13645.14,51.48906791,7.41061477,172.92,10.48,0.84,346.87,1,-119.00,-14.00,-5.00,2.00,12.00,9.00,13067528,356
694.24,1567660037,13655.62,51.48916587,7.41057330,173.12,11.42,0.94,346.22,1,-119.00,-14.00,-5.00,2.00,12.00,9.00,13067528,356
695.24,1567660038,13667.04,51.48926525,7.41053428,173.25,11.57,0.15,346.09,1,-120.00,-15.00,-11.00,2.00,14.00,9.00,13067528,356
696.24,1567660039,13678.62,51.48936187,7.41049078,173.78,11.71,0.14,346.14,1,-120.00,-15.00,-11.00,2.00,14.00,9.00,13067528,356
697.25,1567660040,13690.41,51.48946084,7.41044935,174.32,11.97,0.26,345.85,1,-112.00,-11.00,2.00,2.00,25.00,66.00,13067274,289
698.23,1567660041,13702.19,51.48956453,7.41040618,174.50,11.85,-0.12,346.20,1,-112.00,-11.00,2.00,2.00,25.00,66.00,13067274,289
699.24,1567660042,13714.08,51.48966597,7.41036324,174.66,11.03,-0.81,345.59,1,-117.00,-13.00,-3.00,2.00,13.00,66.00,13067274,289
700.24,1567660043,13725.13,51.48975640,7.41032960,174.35,9.51,-1.52,345.99,1,-117.00,-13.00,-3.00,2.00,13.00,66.00,13067274,289
701.24,1567660044,13734.65,51.48983463,7.41029661,174.02,8.12,-1.39,346.41,1,-117.00,-13.00,3.00,2.00,13.00,66.00,13067274,289
702.24,1567660045,13742.78,51.48989453,7.41027909,173.09,5.85,-2.27,346.96,1,-117.00,-13.00,3.00,2.00,13.00,66.00,13067274,289
703.25,1567660046,13748.67,51.48994945,7.41026101,172.17,5.11,-0.73,349.64,1,-116.00,-13.00,4.00,2.00,14.00,66.00,13067274,289
704.24,1567660047,13753.73,51.48999529,7.41027791,171.23,4.35,-0.77,15.95,1,-116.00,-13.00,4.00,2.00,14.00,66.00,13067274,289
705.24,1567660048,13758.08,51.49002304,7.41032080,170.88,4.73,0.38,49.51,1,-116.00,-13.00,4.00,2.00,14.00,66.00,13067274,289
706.23,1567660049,13762.79,51.49003937,7.41040123,170.25,6.60,1.87,75.68,1,-106.00,-9.00,16.00,9.00,21.00,66.00,13067274,289
707.23,1567660050,13769.39,51.49005511,7.41051825,169.71,8.15,1.56,75.63,1,-106.00,-9.00,16.00,9.00,21.00,66.00,13067274,289
708.23,1567660051,13777.54,51.49007425,7.41064539,169.11,9.14,0.98,75.96,1,-115.00,-11.00,7.00,10.00,15.00,66.00,13067274,289
709.23,1567660052,13786.68,51.49009209,7.41077551,168.32,10.39,1.25,76.63,1,-115.00,-11.00,7.00,10.00,15.00,66.00,13067274,289
710.23,1567660053,13797.07,51.49011181,7.41092573,167.56,10.72,0.33,77.23,1,-113.00,-10.00,7.00,11.00,15.00,66.00,13067274,289
711.23,1567660054,13807.78,51.49013145,7.41108251,166.79,10.68,-0.04,77.92,1,-113.00,-10.00,7.00,11.00,15.00,66.00,13067274,289
