0.01,1567399642,0.00,51.44982913,7.48826758,240.97,10.97,0.00,171.16,nan,nan,nan,nan,nan,nan,nan,nan,nan
0.97,1567399643,10.54,51.44972448,7.48828807,241.12,11.74,0.80,172.26,nan,nan,nan,nan,nan,nan,nan,nan,nan
1.97,1567399644,22.28,51.44961737,7.48830593,241.40,12.37,0.63,173.54,nan,nan,nan,nan,nan,nan,nan,nan,nan
2.97,1567399645,34.67,51.44950477,7.48832277,242.04,13.26,0.89,174.69,nan,nan,nan,nan,nan,nan,nan,nan,nan
3.97,1567399646,47.86,51.44938668,7.48833530,242.53,13.40,0.14,176.59,nan,nan,nan,nan,nan,nan,nan,nan,nan
4.97,1567399647,61.33,51.44926008,7.48834215,243.03,13.89,0.49,178.79,nan,nan,nan,nan,nan,nan,nan,nan,nan
5.97,1567399648,75.22,51.44912642,7.48834301,243.20,14.44,0.55,180.81,nan,nan,nan,nan,nan,nan,nan,nan,nan
8.49,1567399651,111.54,51.44898965,7.48832740,243.64,15.16,0.29,182.72,1,-97.00,-5.00,10.00,4.00,36.00,10.00,12918809,324
9.62,1567399652,128.72,51.44885970,7.48830040,244.19,14.23,-0.82,186.12,1,-97.00,-5.00,10.00,4.00,36.00,10.00,12918809,324
10.50,1567399653,141.21,51.44872894,7.48826709,244.76,14.36,0.16,189.31,1,-99.00,-7.00,11.00,14.00,33.00,10.00,12918809,324
11.49,1567399654,155.44,51.44859929,7.48822525,244.99,14.10,-0.27,191.77,1,-99.00,-7.00,11.00,14.00,33.00,10.00,12918809,324
12.49,1567399655,169.63,51.44847030,7.48817236,245.55,14.48,0.37,193.89,1,-99.00,-7.00,13.00,11.00,32.00,10.00,12918809,324
13.50,1567399656,184.13,51.44833684,7.48811763,245.72,14.73,0.25,193.71,1,-99.00,-7.00,13.00,11.00,32.00,10.00,12918809,324
14.50,1567399657,198.86,51.44820060,7.48806166,245.76,15.53,0.80,194.49,1,-101.00,-7.00,11.00,12.00,31.00,10.00,12918809,324
15.50,1567399658,214.41,51.44805765,7.48800981,245.93,16.26,0.73,193.99,1,-101.00,-7.00,11.00,12.00,31.00,10.00,12918809,324
16.50,1567399659,230.67,51.44791699,7.48795432,246.30,15.83,-0.43,192.81,1,-101.00,-6.00,10.00,13.00,30.00,10.00,12918809,324
17.50,1567399660,246.50,51.44778023,7.48790711,246.78,15.07,-0.76,193.31,1,-101.00,-6.00,10.00,13.00,30.00,10.00,12918809,324
18.50,1567399661,261.56,51.44765663,7.48787449,246.94,12.83,-2.24,190.89,1,-100.00,-7.00,11.00,8.00,34.00,10.00,12918809,324
19.50,1567399662,274.39,51.44752649,7.48785292,247.41,14.12,1.28,187.29,1,-100.00,-7.00,11.00,8.00,34.00,10.00,12918809,324
20.51,1567399663,288.65,51.44740283,7.48784138,247.54,13.32,-0.79,184.88,1,-97.00,-6.00,18.00,9.00,36.00,10.00,12918809,324
21.50,1567399664,301.85,51.44729044,7.48784769,248.19,12.17,-1.16,180.97,1,-97.00,-6.00,18.00,9.00,36.00,10.00,12918809,324
22.50,1567399665,314.01,51.44714364,7.48787020,248.57,15.76,3.59,177.33,1,-97.00,-6.00,18.00,9.00,36.00,10.00,12918809,324
23.50,1567399666,329.77,51.44699717,7.48790342,248.84,15.77,0.01,173.87,1,-99.00,-7.00,13.00,11.00,32.00,10.00,12918809,324
24.49,1567399667,345.44,51.44684168,7.48795447,248.90,15.87,0.10,170.66,1,-99.00,-7.00,13.00,11.00,32.00,10.00,12918809,324
25.50,1567399668,361.41,51.44668513,7.48801361,248.94,15.80,-0.07,168.12,1,-99.00,-6.00,13.00,15.00,32.00,10.00,12918809,324
26.50,1567399669,377.23,51.44654072,7.48811559,249.00,15.26,-0.54,155.43,1,-99.00,-6.00,13.00,15.00,32.00,10.00,12918809,324
27.50,1567399670,392.47,51.44639124,7.48822715,249.45,16.15,0.89,154.25,1,-96.00,-6.00,16.00,15.00,36.00,10.00,12918809,324
28.50,1567399671,408.64,51.44625434,7.48834735,249.88,16.34,0.19,152.02,1,-96.00,-6.00,16.00,15.00,36.00,10.00,12918809,324
29.50,1567399672,424.98,51.44612757,7.48847849,250.26,15.96,-0.38,149.07,1,-93.00,-6.00,11.00,15.00,36.00,10.00,12918809,324
30.50,1567399673,440.95,51.44600538,7.48861738,250.82,15.72,-0.24,146.18,1,-93.00,-6.00,11.00,15.00,36.00,10.00,12918809,324
31.50,1567399674,456.63,51.44589645,7.48877082,251.57,15.73,0.01,142.64,1,-95.00,-7.00,13.00,5.00,37.00,10.00,12918809,324
32.50,1567399675,472.38,51.44578875,7.48893228,252.99,15.91,0.18,139.36,1,-95.00,-7.00,13.00,5.00,37.00,10.00,12918809,324
33.50,1567399676,488.28,51.44568160,7.48911176,254.15,16.66,0.75,137.11,1,-98.00,-6.00,14.00,14.00,33.00,10.00,12918809,324
34.50,1567399677,504.94,51.44557722,7.48929793,254.46,16.27,-0.39,134.60,1,-98.00,-6.00,14.00,14.00,33.00,10.00,12918809,324
35.50,1567399678,521.23,51.44548677,7.48947153,255.16,15.52,-0.75,132.67,1,-100.00,-7.00,13.00,10.00,32.00,10.00,12918809,324
36.50,1567399679,536.73,51.44540517,7.48963827,255.85,14.96,-0.56,131.19,1,-100.00,-7.00,13.00,10.00,32.00,10.00,12918809,324
37.50,1567399680,551.70,51.44532596,7.48980097,256.53,14.20,-0.76,129.85,1,-99.00,-7.00,4.00,11.00,33.00,10.00,12918809,324
38.50,1567399681,565.94,51.44524777,7.48996064,257.57,14.08,-0.12,128.90,1,-99.00,-7.00,4.00,11.00,33.00,10.00,12918809,324
39.50,1567399682,579.97,51.44518115,7.49010886,258.44,13.59,-0.49,129.03,1,-102.00,-7.00,5.00,7.00,31.00,10.00,12918809,324
40.50,1567399683,593.55,51.44511291,7.49026994,259.35,13.93,0.35,128.03,1,-102.00,-7.00,5.00,7.00,31.00,10.00,12918809,324
41.51,1567399684,607.61,51.44504715,7.49042001,260.53,12.65,-1.28,128.77,1,-100.00,-8.00,9.00,5.00,34.00,10.00,12918809,324
42.50,1567399685,620.16,51.44498174,7.49056218,261.33,11.54,-1.11,128.98,1,-100.00,-8.00,9.00,5.00,34.00,10.00,12918809,324
43.50,1567399686,631.70,51.44492528,7.49068528,262.57,10.71,-0.83,128.55,1,-100.00,-8.00,9.00,5.00,34.00,10.00,12918809,324
44.50,1567399687,642.41,51.44487197,7.49080722,263.41,9.47,-1.25,128.10,1,-102.00,-8.00,5.00,13.00,31.00,10.00,12918809,324
45.50,1567399688,651.94,51.44482655,7.49091716,264.24,8.03,-1.43,127.34,1,-102.00,-8.00,5.00,13.00,31.00,10.00,12918809,324
46.50,1567399689,659.92,51.44479342,7.49100555,265.24,6.62,-1.41,126.83,1,-104.00,-12.00,10.00,8.00,33.00,10.00,12918809,324
47.50,1567399690,666.54,51.44476530,7.49108607,266.13,5.06,-1.56,125.91,1,-104.00,-12.00,10.00,8.00,33.00,10.00,12918809,324
48.50,1567399691,671.60,51.44474328,7.49114592,266.25,3.12,-1.94,126.34,1,-105.00,-8.00,9.00,10.00,28.00,10.00,12918809,324
49.50,1567399692,674.73,51.44473462,7.49117784,266.37,1.46,-1.66,126.85,1,-105.00,-8.00,9.00,10.00,28.00,10.00,12918809,324
50.50,1567399693,676.19,51.44473462,7.49117784,266.38,0.00,-1.46,126.85,1,-106.00,-8.00,4.00,9.00,27.00,10.00,12918809,324
51.50,1567399694,676.19,51.44473462,7.49117784,266.39,0.00,0.00,126.85,1,-106.00,-8.00,4.00,9.00,27.00,10.00,12918809,324
52.50,1567399695,676.19,51.44473462,7.49117784,266.40,0.00,0.00,126.85,1,-107.00,-12.00,8.00,10.00,31.00,10.00,12918809,324
53.50,1567399696,676.19,51.44473462,7.49117784,266.41,0.00,0.00,126.85,1,-107.00,-12.00,8.00,10.00,31.00,10.00,12918809,324
54.50,1567399697,676.19,51.44473462,7.49117784,266.42,0.00,0.00,126.85,1,-109.00,-10.00,5.00,6.00,27.00,10.00,12918809,324
55.50,1567399698,676.19,51.44473462,7.49117784,266.43,0.00,0.00,126.85,1,-109.00,-10.00,5.00,6.00,27.00,10.00,12918809,324
56.50,1567399699,676.19,51.44473462,7.49117784,266.44,0.00,0.00,126.85,1,-108.00,-10.00,7.00,7.00,27.00,10.00,12918809,324
57.50,1567399700,676.19,51.44473462,7.49117784,266.45,0.00,0.00,126.85,1,-108.00,-10.00,7.00,7.00,27.00,10.00,12918809,324
58.50,1567399701,676.19,51.44473462,7.49117784,266.46,0.00,0.00,126.85,1,-108.00,-11.00,5.00,6.00,28.00,10.00,12918809,324
59.50,1567399702,676.19,51.44473462,7.49117784,266.46,0.00,0.00,126.85,1,-108.00,-11.00,5.00,6.00,28.00,10.00,12918809,324
60.50,1567399703,676.19,51.44473462,7.49117784,266.47,0.00,0.00,126.85,1,-109.00,-11.00,2.00,6.00,28.00,10.00,12918809,324
61.50,1567399704,676.19,51.44473462,7.49117784,266.59,0.00,0.00,126.85,1,-109.00,-11.00,2.00,6.00,28.00,10.00,12918809,324
62.51,1567399705,676.19,51.44473462,7.49117784,266.72,0.00,0.00,130.87,1,-106.00,-7.00,13.00,9.00,27.00,10.00,12918809,324
63.50,1567399706,676.19,51.44467795,7.49132839,268.04,0.00,0.00,129.56,1,-106.00,-7.00,13.00,9.00,27.00,10.00,12918809,324
64.50,1567399707,676.19,51.44465072,7.49138770,269.31,5.57,0.00,128.76,1,-106.00,-7.00,13.00,9.00,27.00,10.00,12918809,324
65.50,1567399708,681.76,51.44461983,7.49145295,270.05,5.64,0.07,129.21,1,-104.00,-9.00,7.00,7.00,32.00,10.00,12918809,324
66.50,1567399709,687.40,51.44458345,7.49153365,270.39,5.96,0.32,128.50,1,-104.00,-9.00,7.00,7.00,32.00,10.00,12918809,324
67.50,1567399710,693.36,51.44454660,7.49161199,270.50,5.32,-0.63,130.95,1,-104.00,-8.00,7.00,9.00,30.00,10.00,12918809,324
68.50,1567399711,698.68,51.44448908,7.49164444,270.64,6.31,0.99,169.85,1,-104.00,-8.00,7.00,9.00,30.00,10.00,12918809,324
69.50,1567399712,705.00,51.44442966,7.49163056,270.76,8.24,1.93,197.11,1,-98.00,-7.00,11.00,15.00,35.00,10.00,12918809,324
70.50,1567399713,713.26,51.44436223,7.49157949,270.67,8.95,0.71,212.42,1,-98.00,-7.00,11.00,15.00,35.00,10.00,12918809,324
71.50,1567399714,722.19,51.44429349,7.49151929,270.86,8.91,-0.03,213.87,1,-95.00,-8.00,21.00,15.00,36.00,10.00,12918809,324
72.50,1567399715,731.09,51.44422824,7.49145374,270.90,9.06,0.14,215.51,1,-95.00,-8.00,21.00,15.00,36.00,10.00,12918809,324
73.50,1567399716,740.15,51.44414824,7.49136844,270.90,10.76,1.70,215.21,1,-92.00,-7.00,14.00,15.00,40.00,10.00,12918809,324
74.50,1567399717,750.93,51.44406295,7.49127148,270.91,12.08,1.32,215.04,1,-92.00,-7.00,14.00,15.00,40.00,10.00,12918809,324
75.50,1567399718,763.00,51.44397136,7.49117092,270.97,12.38,0.30,214.33,1,-88.00,-9.00,25.00,12.00,46.00,10.00,12918809,324
76.50,1567399719,775.37,51.44387222,7.49106371,271.13,13.51,1.14,214.90,1,-88.00,-9.00,25.00,12.00,46.00,10.00,12918809,324
77.50,1567399720,788.89,51.44377699,7.49095614,271.09,13.31,-0.20,215.82,1,-77.00,-6.00,28.00,13.00,55.00,10.00,12918809,324
78.50,1567399721,802.25,51.44367958,7.49084869,271.30,13.03,-0.28,216.21,1,-77.00,-6.00,28.00,13.00,55.00,10.00,12918809,324
79.50,1567399722,815.22,51.44357670,7.49073402,271.51,13.02,-0.01,216.39,1,-73.00,-10.00,23.00,15.00,63.00,5.00,12918809,324
80.49,1567399723,828.17,51.44347894,7.49062645,271.82,13.04,0.02,216.56,1,-73.00,-10.00,23.00,15.00,63.00,5.00,12918809,324
81.50,1567399724,841.28,51.44337482,7.49051580,272.34,13.35,0.31,216.77,1,-83.00,-7.00,21.00,15.00,48.00,5.00,12918809,324
82.50,1567399725,854.63,51.44327047,7.49039853,272.78,13.31,-0.04,216.90,1,-83.00,-7.00,21.00,15.00,48.00,5.00,12918809,324
83.50,1567399726,868.05,51.44317092,7.49028280,273.17,13.35,0.03,216.79,1,-93.00,-7.00,15.00,12.00,41.00,5.00,12918809,324
84.50,1567399727,881.30,51.44307036,7.49016460,273.58,13.42,0.07,216.61,1,-93.00,-7.00,15.00,12.00,41.00,5.00,12918809,324
85.50,1567399728,894.71,51.44297794,7.49005244,273.67,13.42,0.00,215.87,1,-93.00,-7.00,15.00,12.00,41.00,5.00,12918809,324
86.50,1567399729,908.13,51.44288335,7.48993832,273.32,13.64,0.21,215.82,1,-91.00,-8.00,19.00,14.00,42.00,5.00,12918809,324
87.50,1567399730,921.77,51.44278897,7.48982570,273.02,13.72,0.08,216.26,1,-91.00,-8.00,19.00,14.00,42.00,5.00,12918809,324
88.50,1567399731,935.50,51.44268985,7.48970729,272.49,13.91,0.20,215.88,1,-86.00,-7.00,20.00,15.00,46.00,5.00,12918809,324
89.50,1567399732,949.40,51.44258807,7.48958824,272.08,14.46,0.55,216.45,1,-86.00,-7.00,20.00,15.00,46.00,5.00,12918809,324
90.50,1567399733,963.86,51.44248481,7.48946389,271.92,15.10,0.64,216.95,1,-82.00,-7.00,15.00,15.00,51.00,5.00,12918809,324
91.50,1567399734,978.96,51.44237648,7.48933110,271.82,15.22,0.12,217.31,1,-82.00,-7.00,15.00,15.00,51.00,5.00,12918809,324
92.50,1567399735,994.20,51.44227468,7.48920796,271.95,14.87,-0.36,216.96,1,-83.00,-7.00,12.00,2.00,52.00,5.00,12918809,324
93.50,1567399736,1009.07,51.44217605,7.48908190,271.94,14.73,-0.14,218.13,1,-83.00,-7.00,12.00,2.00,52.00,5.00,12918809,324
94.50,1567399737,1023.80,51.44207170,7.48894874,272.13,15.22,0.49,218.68,1,-87.00,-9.00,7.00,2.00,48.00,5.00,12918809,324
95.50,1567399738,1039.01,51.44197003,7.48881549,272.41,15.23,0.01,219.27,1,-87.00,-9.00,7.00,2.00,48.00,5.00,12918809,324
96.50,1567399739,1054.24,51.44186212,7.48865963,272.70,16.10,0.88,221.41,1,-83.00,-8.00,13.00,2.00,51.00,2.00,12918809,324
97.50,1567399740,1070.34,51.44177484,7.48851855,273.43,13.64,-2.46,224.87,1,-83.00,-8.00,13.00,2.00,51.00,2.00,12918809,324
98.50,1567399741,1083.99,51.44168542,7.48835458,274.24,14.25,0.61,228.38,1,-81.00,-9.00,7.00,13.00,53.00,2.00,12918809,324
99.50,1567399742,1098.25,51.44159460,7.48818959,274.71,14.68,0.43,229.32,1,-81.00,-9.00,7.00,13.00,53.00,2.00,12918809,324
100.50,1567399743,1112.92,51.44150014,7.48800359,274.57,14.92,0.23,230.16,1,-76.00,-6.00,20.00,14.00,55.00,1.00,12918810,325
101.50,1567399744,1127.82,51.44140597,7.48781857,274.52,15.08,0.17,231.05,1,-76.00,-6.00,20.00,14.00,55.00,1.00,12918810,325
102.50,1567399745,1142.91,51.44131426,7.48762581,274.44,15.47,0.39,232.12,1,-80.00,-6.00,29.00,14.00,51.00,1.00,12918810,325
103.50,1567399746,1158.44,51.44122367,7.48743093,274.42,15.70,0.23,232.77,1,-80.00,-6.00,29.00,14.00,51.00,1.00,12918810,325
104.50,1567399747,1174.18,51.44113370,7.48723940,274.26,15.52,-0.18,232.37,1,-81.00,-6.00,25.00,1.00,51.00,1.00,12918810,325
105.50,1567399748,1189.60,51.44104502,7.48705226,273.99,14.94,-0.59,233.11,1,-81.00,-6.00,25.00,1.00,51.00,1.00,12918810,325
106.50,1567399749,1204.53,51.44095638,7.48686887,273.71,14.97,0.04,232.30,1,-81.00,-6.00,25.00,1.00,51.00,1.00,12918810,325
107.50,1567399750,1219.51,51.44087301,7.48669340,273.13,15.40,0.42,231.94,1,-81.00,-6.00,33.00,14.00,51.00,1.00,12918810,325
108.50,1567399751,1234.95,51.44079669,7.48651895,272.27,15.26,-0.13,233.97,1,-81.00,-6.00,33.00,14.00,51.00,1.00,12918810,325
109.50,1567399752,1250.17,51.44072952,7.48635862,271.20,14.80,-0.47,234.21,1,-72.00,-5.00,27.00,15.00,60.00,1.00,12918810,325
110.50,1567399753,1264.97,51.44065853,7.48618940,270.58,13.96,-0.84,235.62,1,-72.00,-5.00,27.00,15.00,60.00,1.00,12918810,325
111.50,1567399754,1278.93,51.44058299,7.48601850,269.84,13.96,0.00,234.51,1,-76.00,-6.00,23.00,12.00,56.00,1.00,12918810,325
112.50,1567399755,1292.89,51.44050349,7.48584228,269.17,15.05,1.09,233.59,1,-76.00,-6.00,23.00,12.00,56.00,1.00,12918810,325
113.50,1567399756,1307.95,51.44043001,7.48568940,269.49,13.38,-1.67,231.67,1,-81.00,-7.00,18.00,12.00,53.00,1.00,12918810,325
114.50,1567399757,1321.33,51.44034745,7.48551780,269.82,13.54,0.16,232.16,1,-81.00,-7.00,18.00,12.00,53.00,1.00,12918810,325
115.50,1567399758,1334.88,51.44026081,7.48534193,269.99,14.01,0.47,231.49,1,-83.00,-9.00,13.00,10.00,51.00,1.00,12918810,325
116.50,1567399759,1348.89,51.44016628,7.48515240,269.51,15.71,1.70,232.23,1,-83.00,-9.00,13.00,10.00,51.00,1.00,12918810,325
117.50,1567399760,1364.60,51.44007448,7.48496131,269.28,15.11,-0.60,231.52,1,-76.00,-6.00,22.00,15.00,57.00,1.00,12918811,326
118.50,1567399761,1379.76,51.43999251,7.48479902,269.34,14.04,-1.07,231.72,1,-76.00,-6.00,22.00,15.00,57.00,1.00,12918811,326
119.50,1567399762,1393.75,51.43991636,7.48463461,269.55,13.94,-0.10,233.59,1,-74.00,-7.00,28.00,15.00,59.00,1.00,12918811,326
120.50,1567399763,1407.68,51.43984247,7.48445649,269.49,13.94,0.00,232.63,1,-74.00,-7.00,28.00,15.00,59.00,1.00,12918811,326
121.50,1567399764,1421.62,51.43977285,7.48428409,269.19,12.65,-1.29,233.44,1,-73.00,-6.00,17.00,15.00,59.00,1.00,12918811,326
122.50,1567399765,1434.25,51.43969545,7.48411435,268.37,13.69,1.04,233.00,1,-73.00,-6.00,17.00,15.00,59.00,1.00,12918811,326
123.50,1567399766,1447.97,51.43961352,7.48393514,267.56,14.69,1.00,234.47,1,-77.00,-6.00,30.00,15.00,53.00,1.00,12918811,326
124.50,1567399767,1462.65,51.43953938,7.48376227,267.31,14.04,-0.66,235.53,1,-77.00,-6.00,30.00,15.00,53.00,1.00,12918811,326
125.50,1567399768,1476.80,51.43946826,7.48358295,267.56,14.09,0.06,235.17,1,-79.00,-6.00,17.00,12.00,52.00,1.00,12918811,326
126.50,1567399769,1490.80,51.43940107,7.48340936,268.39,13.73,-0.37,235.77,1,-79.00,-6.00,17.00,12.00,52.00,1.00,12918811,326
127.50,1567399770,1504.51,51.43933783,7.48323284,269.60,13.71,-0.02,238.75,1,-79.00,-6.00,17.00,12.00,52.00,1.00,12918811,326
128.50,1567399771,1518.22,51.43927584,7.48306174,270.32,13.10,-0.61,240.03,1,-78.00,-6.00,20.00,15.00,51.00,1.00,12918811,326
129.50,1567399772,1531.32,51.43921696,7.48289385,270.83,12.95,-0.15,240.79,1,-78.00,-6.00,20.00,15.00,51.00,1.00,12918811,326
130.50,1567399773,1544.27,51.43915923,7.48271551,271.55,13.22,0.27,241.43,1,-84.00,-7.00,23.00,2.00,50.00,1.00,12918811,326
131.50,1567399774,1557.51,51.43909928,7.48253621,272.46,13.33,0.10,241.77,1,-84.00,-7.00,23.00,2.00,50.00,1.00,12918811,326
132.50,1567399775,1570.83,51.43903671,7.48235677,273.21,12.91,-0.42,242.17,1,-89.00,-7.00,17.00,2.00,44.00,1.00,12918811,326
133.50,1567399776,1583.74,51.43897061,7.48216800,274.21,14.53,1.62,241.65,1,-89.00,-7.00,17.00,2.00,44.00,1.00,12918811,326
134.50,1567399777,1598.27,51.43890832,7.48198617,274.87,14.08,-0.45,241.03,1,-89.00,-7.00,15.00,2.00,42.00,1.00,12918811,326
135.50,1567399778,1612.34,51.43884579,7.48180311,275.69,13.73,-0.35,240.56,1,-89.00,-7.00,15.00,2.00,42.00,1.00,12918811,326
136.50,1567399779,1626.06,51.43878192,7.48160121,276.36,13.73,0.00,241.43,1,-101.00,-7.00,21.00,10.00,29.00,6.00,12918811,326
137.50,1567399780,1639.79,51.43871103,7.48143363,276.66,13.23,-0.50,236.81,1,-101.00,-7.00,21.00,10.00,29.00,6.00,12918811,326
138.50,1567399781,1653.02,51.43864121,7.48125171,277.05,13.44,0.21,238.13,1,-104.00,-7.00,25.00,14.00,28.00,6.00,12918811,326
139.50,1567399782,1666.46,51.43856888,7.48105528,277.31,14.28,0.84,239.83,1,-104.00,-7.00,25.00,14.00,28.00,6.00,12918811,326
140.50,1567399783,1680.74,51.43849382,7.48083691,277.10,16.43,2.14,241.03,1,-106.00,-7.00,13.00,14.00,26.00,6.00,12918811,326
141.50,1567399784,1697.17,51.43842244,7.48063342,276.97,15.08,-1.35,240.49,1,-106.00,-7.00,13.00,14.00,26.00,6.00,12918811,326
142.50,1567399785,1712.26,51.43835413,7.48043012,276.28,14.57,-0.51,240.08,1,-106.00,-8.00,11.00,11.00,26.00,6.00,12918811,326
143.50,1567399786,1726.84,51.43829371,7.48024942,276.29,14.06,-0.50,240.74,1,-106.00,-8.00,11.00,11.00,26.00,6.00,12918811,326
144.50,1567399787,1740.89,51.43823014,7.48006109,276.78,14.07,0.01,240.11,1,-111.00,-10.00,10.00,8.00,24.00,76.00,13534235,326
145.50,1567399788,1754.96,51.43817114,7.47988418,276.87,12.84,-1.23,241.58,1,-111.00,-10.00,10.00,8.00,24.00,76.00,13534235,326
146.51,1567399789,1767.91,51.43810796,7.47969873,277.84,14.36,1.50,240.88,1,-107.00,-8.00,7.00,7.00,26.00,76.00,13534235,163
147.50,1567399790,1782.15,51.43805235,7.47953462,279.07,13.15,-1.22,241.46,1,-107.00,-8.00,7.00,7.00,26.00,76.00,13534235,163
148.50,1567399791,1795.31,51.43799292,7.47935888,279.74,13.10,-0.05,242.09,1,-107.00,-8.00,7.00,7.00,26.00,76.00,13534235,163
149.50,1567399792,1808.43,51.43793170,7.47917539,280.04,13.26,0.15,241.67,1,-108.00,-9.00,4.00,9.00,25.00,76.00,13534235,163
150.50,1567399793,1821.69,51.43786933,7.47900118,280.34,13.50,0.25,240.74,1,-108.00,-9.00,4.00,9.00,25.00,76.00,13534235,163
151.50,1567399794,1835.18,51.43780007,7.47881264,280.61,14.05,0.55,241.68,1,-109.00,-10.00,0.00,8.00,26.00,76.00,13534235,163
152.50,1567399795,1849.25,51.43774008,7.47863778,280.32,13.33,-0.72,240.38,1,-109.00,-10.00,0.00,8.00,26.00,76.00,13534235,163
153.50,1567399796,1862.58,51.43768263,7.47848127,280.08,12.26,-1.07,241.42,1,-108.00,-9.00,4.00,5.00,25.00,76.00,13534235,163
154.50,1567399797,1874.85,51.43762926,7.47832851,279.53,12.14,-0.13,241.49,1,-108.00,-9.00,4.00,5.00,25.00,76.00,13534235,163
155.50,1567399798,1886.98,51.43757550,7.47817355,278.65,12.27,0.13,241.93,1,-110.00,-10.00,3.00,9.00,26.00,76.00,13534235,163
156.50,1567399799,1899.24,51.43751814,7.47800732,278.51,12.07,-0.20,242.52,1,-110.00,-10.00,3.00,9.00,26.00,76.00,13534235,163
157.50,1567399800,1911.32,51.43746382,7.47783989,278.47,12.78,0.72,243.51,1,-109.00,-8.00,6.00,4.00,24.00,76.00,13534235,163
158.50,1567399801,1924.08,51.43741963,7.47769294,278.42,11.84,-0.94,244.26,1,-109.00,-8.00,6.00,4.00,24.00,76.00,13534235,163
159.50,1567399802,1935.95,51.43737581,7.47752263,278.29,11.84,0.00,243.04,1,-110.00,-17.00,-2.00,3.00,33.00,232.00,14069507,102
160.50,1567399803,1947.79,51.43733662,7.47736141,278.45,11.88,0.03,245.89,1,-110.00,-17.00,-2.00,3.00,33.00,232.00,14069507,102
161.50,1567399804,1959.67,51.43728968,7.47719338,278.06,12.14,0.27,244.15,1,-111.00,-19.00,-9.00,3.00,34.00,232.00,14069507,102
162.50,1567399805,1971.81,51.43724201,7.47702575,278.08,12.00,-0.14,244.88,1,-111.00,-19.00,-9.00,3.00,34.00,232.00,14069507,102
163.50,1567399806,1983.79,51.43720225,7.47687250,278.61,11.58,-0.42,247.55,1,-108.00,-15.00,-8.00,3.00,33.00,219.00,14072323,457
164.50,1567399807,1995.37,51.43716202,7.47670647,279.41,12.00,0.42,248.85,1,-108.00,-15.00,-8.00,3.00,33.00,219.00,14072323,457
165.50,1567399808,2007.37,51.43712935,7.47654933,280.21,10.72,-1.28,252.60,1,-111.00,-17.00,-8.00,4.00,32.00,219.00,14072323,457
166.50,1567399809,2018.09,51.43712272,7.47639062,280.87,9.57,-1.15,268.36,1,-111.00,-17.00,-8.00,4.00,32.00,219.00,14072323,457
167.51,1567399810,2027.72,51.43713680,7.47625594,281.24,8.24,-1.32,282.19,1,-112.00,-18.00,-8.00,3.00,31.00,219.00,14072323,457
168.50,1567399811,2035.90,51.43715438,7.47614108,281.01,8.27,0.03,283.53,1,-112.00,-18.00,-8.00,3.00,31.00,219.00,14072323,457
169.50,1567399812,2044.17,51.43722928,7.47607957,280.48,9.04,0.77,333.24,1,-112.00,-18.00,-8.00,3.00,31.00,219.00,14072323,457
170.50,1567399813,2053.20,51.43730923,7.47604255,279.99,9.27,0.23,334.93,1,-106.00,-7.00,13.00,13.00,25.00,12.00,12918811,326
171.50,1567399814,2062.48,51.43739763,7.47607967,279.38,8.96,-0.31,7.17,1,-106.00,-7.00,13.00,13.00,25.00,12.00,12918811,326
172.50,1567399815,2071.43,51.43748187,7.47619144,278.67,10.45,1.49,32.34,1,-91.00,-6.00,28.00,12.00,41.00,12.00,12918811,326
173.50,1567399816,2081.92,51.43755100,7.47635634,278.23,11.24,0.79,53.89,1,-91.00,-6.00,28.00,12.00,41.00,12.00,12918811,326
174.49,1567399817,2093.02,51.43762071,7.47651790,277.52,12.49,1.27,53.66,1,-90.00,-5.00,27.00,15.00,41.00,12.00,12918811,326
175.49,1567399818,2105.54,51.43768842,7.47667355,276.64,12.92,0.43,54.09,1,-90.00,-5.00,27.00,15.00,41.00,12.00,12918811,326
176.50,1567399819,2118.54,51.43776608,7.47685075,275.76,15.07,2.14,53.88,1,-89.00,-4.00,38.00,15.00,41.00,12.00,12918811,326
177.50,1567399820,2133.62,51.43785425,7.47705530,275.03,16.42,1.35,54.17,1,-89.00,-4.00,38.00,15.00,41.00,12.00,12918811,326
178.50,1567399821,2150.05,51.43794589,7.47726658,274.46,17.77,1.35,54.68,1,-88.00,-6.00,35.00,15.00,45.00,12.00,12918811,326
179.50,1567399822,2167.76,51.43804354,7.47749633,274.21,19.26,1.49,55.82,1,-88.00,-6.00,35.00,15.00,45.00,12.00,12918811,326
180.50,1567399823,2187.08,51.43814336,7.47773306,273.93,20.10,0.84,56.46,1,-84.00,-5.00,37.00,15.00,47.00,12.00,12918811,326
181.50,1567399824,2207.16,51.43824380,7.47798791,273.93,21.13,1.03,57.17,1,-84.00,-5.00,37.00,15.00,47.00,12.00,12918811,326
182.50,1567399825,2228.31,51.43834846,7.47824765,274.47,21.68,0.55,57.59,1,-87.00,-6.00,27.00,15.00,44.00,12.00,12918811,326
183.50,1567399826,2249.99,51.43846528,7.47852357,275.11,22.53,0.85,57.26,1,-87.00,-6.00,27.00,15.00,44.00,12.00,12918811,326
184.50,1567399827,2272.59,51.43859493,7.47879909,276.01,23.21,0.67,53.66,1,-94.00,-6.00,35.00,15.00,37.00,12.00,12918811,326
185.50,1567399828,2295.72,51.43871706,7.47911854,276.56,24.63,1.43,59.19,1,-94.00,-6.00,35.00,15.00,37.00,12.00,12918811,326
186.50,1567399829,2320.48,51.43884651,7.47942568,277.97,25.23,0.59,56.78,1,-94.00,-6.00,23.00,15.00,37.00,12.00,12918811,326
187.50,1567399830,2345.59,51.43897741,7.47973665,279.04,25.21,-0.02,57.22,1,-94.00,-6.00,23.00,15.00,37.00,12.00,12918811,326
188.51,1567399831,2371.00,51.43911222,7.48001974,279.92,24.75,-0.46,53.85,1,-92.00,-5.00,22.00,15.00,39.00,12.00,12918811,326
189.50,1567399832,2395.53,51.43924834,7.48028841,280.01,24.51,-0.24,51.81,1,-92.00,-5.00,22.00,15.00,39.00,12.00,12918811,326
190.50,1567399833,2420.04,51.43938386,7.48056318,280.52,24.76,0.25,53.23,1,-92.00,-5.00,22.00,15.00,39.00,12.00,12918811,326
191.50,1567399834,2444.80,51.43952042,7.48083685,281.68,24.50,-0.27,52.43,1,-96.00,-6.00,20.00,15.00,35.00,12.00,12918811,326
192.50,1567399835,2469.33,51.43966271,7.48109655,282.55,24.14,-0.36,49.48,1,-96.00,-6.00,20.00,15.00,35.00,12.00,12918811,326
193.50,1567399836,2493.44,51.43981136,7.48134751,283.23,24.17,0.03,47.71,1,-94.00,-6.00,19.00,15.00,34.00,12.00,12918811,326
194.50,1567399837,2517.63,51.43996064,7.48159746,283.46,23.98,-0.19,47.93,1,-94.00,-6.00,19.00,15.00,34.00,12.00,12918811,326
195.50,1567399838,2541.61,51.44010895,7.48185087,283.33,23.62,-0.36,47.55,1,-92.00,-6.00,20.00,15.00,40.00,12.00,12918811,326
196.50,1567399839,2565.23,51.44025845,7.48209285,283.03,23.74,0.12,45.28,1,-92.00,-6.00,20.00,15.00,40.00,12.00,12918811,326
197.50,1567399840,2588.95,51.44041149,7.48233441,282.64,23.55,-0.20,43.50,1,-88.00,-6.00,24.00,13.00,42.00,12.00,12918811,326
198.50,1567399841,2612.50,51.44056950,7.48256042,282.20,23.31,-0.24,42.43,1,-88.00,-6.00,24.00,13.00,42.00,12.00,12918811,326
199.50,1567399842,2635.83,51.44073263,7.48278549,281.78,23.36,0.05,40.44,1,-86.00,-7.00,21.00,2.00,49.00,12.00,12918811,326
200.50,1567399843,2659.24,51.44090090,7.48300091,281.32,23.60,0.24,38.06,1,-86.00,-7.00,21.00,2.00,49.00,12.00,12918811,326
201.50,1567399844,2682.76,51.44106783,7.48320774,281.08,23.66,0.06,38.27,1,-85.00,-6.00,26.00,14.00,47.00,4.00,12918811,326
202.50,1567399845,2706.42,51.44123644,7.48342381,281.07,23.44,-0.22,37.06,1,-85.00,-6.00,26.00,14.00,47.00,4.00,12918811,326
203.50,1567399846,2729.88,51.44141124,7.48362532,280.79,23.82,0.39,34.91,1,-78.00,-5.00,34.00,14.00,53.00,4.00,12918811,326
204.50,1567399847,2753.68,51.44158330,7.48381428,280.47,24.17,0.34,32.55,1,-78.00,-5.00,34.00,14.00,53.00,4.00,12918811,326
205.50,1567399848,2777.85,51.44176254,7.48399612,280.03,24.12,-0.05,30.53,1,-78.00,-5.00,31.00,15.00,53.00,4.00,12918811,326
206.50,1567399849,2801.97,51.44193740,7.48416379,279.17,24.11,-0.01,28.29,1,-78.00,-5.00,31.00,15.00,53.00,4.00,12918811,326
207.50,1567399850,2826.10,51.44212017,7.48433127,278.73,23.90,-0.21,28.40,1,-76.00,-4.00,30.00,1.00,54.00,4.00,12918811,326
208.50,1567399851,2850.00,51.44230651,7.48449034,278.21,24.00,0.10,26.64,1,-76.00,-4.00,30.00,1.00,54.00,4.00,12918811,326
209.50,1567399852,2874.15,51.44250009,7.48464769,278.02,23.94,-0.06,25.90,1,-76.00,-6.00,21.00,14.00,57.00,4.00,12918811,326
210.50,1567399853,2897.92,51.44269618,7.48479522,277.63,24.26,0.32,24.47,1,-76.00,-6.00,21.00,14.00,57.00,4.00,12918811,326
211.50,1567399854,2922.20,51.44288999,7.48494031,277.15,23.98,-0.28,23.77,1,-76.00,-6.00,21.00,14.00,57.00,4.00,12918811,326
212.50,1567399855,2946.21,51.44307535,7.48507148,276.71,21.37,-2.60,23.30,1,-74.00,-6.00,24.00,14.00,60.00,4.00,12918811,326
213.50,1567399856,2967.56,51.44323151,7.48518243,275.98,18.08,-3.30,22.68,1,-74.00,-6.00,24.00,14.00,60.00,4.00,12918811,326
214.50,1567399857,2985.64,51.44337321,7.48528072,275.28,16.39,-1.69,22.89,1,-78.00,-7.00,11.00,2.00,57.00,4.00,12918811,326
215.50,1567399858,3002.03,51.44350502,7.48537257,274.63,16.76,0.37,23.28,1,-78.00,-7.00,11.00,2.00,57.00,4.00,12918811,326
216.50,1567399859,3018.79,51.44364353,7.48546836,274.09,17.38,0.62,23.52,1,-80.00,-7.00,13.00,2.00,52.00,4.00,12918809,324
217.50,1567399860,3036.17,51.44379016,7.48557218,273.28,18.06,0.67,22.55,1,-80.00,-7.00,13.00,2.00,52.00,4.00,12918809,324
218.50,1567399861,3054.28,51.44393757,7.48566848,272.44,18.49,0.43,22.22,1,-79.00,-7.00,25.00,2.00,54.00,4.00,12918809,324
219.50,1567399862,3072.70,51.44408777,7.48576427,271.71,18.40,-0.08,21.88,1,-79.00,-7.00,25.00,2.00,54.00,4.00,12918809,324
220.50,1567399863,3091.16,51.44423781,7.48586123,270.77,17.87,-0.53,22.66,1,-69.00,-5.00,27.00,15.00,61.00,3.00,12918809,324
221.50,1567399864,3108.99,51.44436775,7.48595583,270.14,16.35,-1.53,24.47,1,-69.00,-5.00,27.00,15.00,61.00,3.00,12918809,324
222.50,1567399865,3125.32,51.44449875,7.48606750,269.27,15.71,-0.64,27.86,1,-70.00,-6.00,32.00,15.00,62.00,3.00,12918809,324
223.50,1567399866,3141.03,51.44459539,7.48622249,268.41,14.77,-0.93,45.69,1,-70.00,-6.00,32.00,15.00,62.00,3.00,12918809,324
224.50,1567399867,3155.80,51.44466223,7.48640385,267.32,14.16,-0.61,59.25,1,-72.00,-5.00,33.00,15.00,60.00,3.00,12918809,324
225.50,1567399868,3170.02,51.44469639,7.48660187,266.01,14.02,-0.14,74.80,1,-72.00,-5.00,33.00,15.00,60.00,3.00,12918809,324
226.50,1567399869,3184.00,51.44472253,7.48680330,265.11,14.24,0.22,78.57,1,-80.00,-7.00,29.00,15.00,52.00,3.00,12918809,324
227.50,1567399870,3198.23,51.44469245,7.48699549,264.20,14.17,-0.06,104.46,1,-80.00,-7.00,29.00,15.00,52.00,3.00,12918809,324
228.50,1567399871,3212.42,51.44462946,7.48715870,262.82,13.92,-0.26,121.05,1,-81.00,-6.00,31.00,15.00,50.00,3.00,12918809,324
229.50,1567399872,3226.33,51.44453357,7.48730228,261.81,14.46,0.55,138.34,1,-81.00,-6.00,31.00,15.00,50.00,3.00,12918809,324
230.51,1567399873,3240.91,51.44441564,7.48740592,260.99,14.44,-0.02,154.16,1,-68.00,-6.00,35.00,15.00,63.00,3.00,12918809,324
231.50,1567399874,3255.24,51.44428822,7.48745868,260.28,15.33,0.90,168.03,1,-68.00,-6.00,35.00,15.00,63.00,3.00,12918809,324
232.50,1567399875,3270.56,51.44417028,7.48745625,259.62,14.17,-1.16,183.16,1,-68.00,-6.00,35.00,15.00,63.00,3.00,12918809,324
233.50,1567399876,3284.74,51.44404788,7.48740454,259.15,14.03,-0.14,199.08,1,-64.00,-5.00,34.00,15.00,63.00,3.00,12918809,324
234.50,1567399877,3298.74,51.44393809,7.48729948,258.70,14.55,0.52,215.19,1,-64.00,-5.00,34.00,15.00,63.00,3.00,12918809,324
235.50,1567399878,3313.30,51.44386671,7.48714364,258.57,14.68,0.13,234.53,1,-62.00,-5.00,34.00,15.00,63.00,3.00,12918809,324
236.50,1567399879,3327.98,51.44381511,7.48698016,258.35,14.62,-0.06,247.06,1,-62.00,-5.00,34.00,15.00,63.00,3.00,12918809,324
237.50,1567399880,3342.60,51.44376541,7.48678388,258.59,15.05,0.44,250.94,1,-73.00,-5.00,33.00,15.00,59.00,3.00,12918809,324
238.50,1567399881,3357.68,51.44375769,7.48657457,259.10,15.63,0.57,267.98,1,-73.00,-5.00,33.00,15.00,59.00,3.00,12918809,324
239.50,1567399882,3373.30,51.44375189,7.48635963,259.30,16.41,0.78,267.90,1,-77.00,-6.00,25.00,2.00,55.00,3.00,12918809,324
240.50,1567399883,3389.69,51.44374466,7.48610531,259.46,17.66,1.25,267.69,1,-77.00,-6.00,25.00,2.00,55.00,3.00,12918809,324
241.50,1567399884,3407.35,51.44373918,7.48584213,259.71,18.76,1.09,267.88,1,-79.00,-5.00,29.00,15.00,52.00,3.00,12918809,324
242.50,1567399885,3426.12,51.44373092,7.48555988,259.96,19.68,0.92,267.65,1,-79.00,-5.00,29.00,15.00,52.00,3.00,12918809,324
243.50,1567399886,3445.80,51.44372727,7.48528510,260.66,20.14,0.46,268.36,1,-88.00,-5.00,18.00,13.00,43.00,3.00,12918809,324
244.50,1567399887,3465.92,51.44371988,7.48499237,261.46,20.92,0.78,268.87,1,-88.00,-5.00,18.00,13.00,43.00,3.00,12918809,324
245.50,1567399888,3486.84,51.44371647,7.48466189,261.82,21.90,0.99,269.61,1,-86.00,-7.00,23.00,14.00,46.00,3.00,12918809,324
246.50,1567399889,3508.74,51.44370856,7.48433750,262.30,22.93,1.03,268.19,1,-86.00,-7.00,23.00,14.00,46.00,3.00,12918809,324
247.50,1567399890,3531.68,51.44369817,7.48399354,262.69,24.16,1.22,268.97,1,-76.00,-6.00,27.00,12.00,58.00,3.00,12918809,324
248.49,1567399891,3555.76,51.44368845,7.48364543,263.28,24.39,0.23,268.10,1,-76.00,-6.00,27.00,12.00,58.00,3.00,12918809,324
249.50,1567399892,3580.25,51.44367860,7.48329422,263.76,24.75,0.36,267.89,1,-81.00,-6.00,15.00,2.00,53.00,3.00,12918809,324
250.50,1567399893,3604.97,51.44366809,7.48292231,263.91,25.21,0.46,267.63,1,-81.00,-6.00,15.00,2.00,53.00,3.00,12918809,324
251.51,1567399894,3630.43,51.44365435,7.48254907,263.74,25.81,0.60,267.18,1,-84.00,-8.00,4.00,2.00,49.00,3.00,12918809,324
252.50,1567399895,3656.01,51.44364160,7.48217574,263.53,26.31,0.50,266.68,1,-84.00,-8.00,4.00,2.00,49.00,3.00,12918809,324
253.50,1567399896,3682.32,51.44362862,7.48180068,263.29,26.70,0.39,266.40,1,-84.00,-8.00,4.00,2.00,49.00,3.00,12918809,324
254.50,1567399897,3709.02,51.44361054,7.48142058,263.04,26.66,-0.04,266.07,1,-87.00,-8.00,16.00,2.00,44.00,3.00,12918811,326
255.50,1567399898,3735.68,51.44359630,7.48103578,262.78,26.74,0.08,265.95,1,-87.00,-8.00,16.00,2.00,44.00,3.00,12918811,326
256.50,1567399899,3762.47,51.44358196,7.48064471,262.54,26.84,0.10,265.28,1,-89.00,-7.00,13.00,2.00,42.00,3.00,12918811,326
257.50,1567399900,3789.31,51.44355767,7.48026243,262.34,26.70,-0.14,263.72,1,-89.00,-7.00,13.00,2.00,42.00,3.00,12918811,326
258.50,1567399901,3815.96,51.44353105,7.47987152,262.01,26.76,0.06,262.76,1,-89.00,-6.00,19.00,2.00,41.00,3.00,12918811,326
259.50,1567399902,3842.72,51.44350237,7.47948466,261.49,26.95,0.19,262.63,1,-89.00,-6.00,19.00,2.00,41.00,3.00,12918811,326
260.50,1567399903,3869.70,51.44347337,7.47909951,260.91,27.15,0.20,262.59,1,-88.00,-6.00,18.00,2.00,42.00,3.00,12918811,326
261.50,1567399904,3896.82,51.44344338,7.47871024,260.26,27.49,0.35,261.87,1,-88.00,-6.00,18.00,2.00,42.00,3.00,12918811,326
262.50,1567399905,3924.34,51.44341217,7.47831600,259.60,27.76,0.27,262.15,1,-87.00,-6.00,19.00,2.00,44.00,3.00,12918811,326
263.50,1567399906,3952.05,51.44338187,7.47791967,258.99,28.09,0.33,262.68,1,-87.00,-6.00,19.00,2.00,44.00,3.00,12918811,326
264.50,1567399907,3980.14,51.44334991,7.47751085,258.40,28.43,0.34,262.30,1,-85.00,-6.00,21.00,15.00,43.00,7.00,12918811,326
265.50,1567399908,4008.57,51.44331468,7.47709653,257.85,28.81,0.38,262.07,1,-85.00,-6.00,21.00,15.00,43.00,7.00,12918811,326
266.50,1567399909,4037.39,51.44328105,7.47667883,257.29,29.23,0.42,261.65,1,-86.00,-5.00,21.00,15.00,41.00,7.00,12918811,326
267.50,1567399910,4066.71,51.44323978,7.47625664,256.64,29.50,0.27,261.03,1,-86.00,-5.00,21.00,15.00,41.00,7.00,12918811,326
268.50,1567399911,4096.12,51.44319869,7.47583180,256.07,29.77,0.27,260.06,1,-86.00,-5.00,16.00,11.00,43.00,7.00,12918811,326
269.50,1567399912,4125.92,51.44314878,7.47540938,255.56,29.64,-0.13,258.97,1,-86.00,-5.00,16.00,11.00,43.00,7.00,12918811,326
270.50,1567399913,4155.56,51.44309889,7.47499217,255.12,29.59,-0.05,258.15,1,-87.00,-5.00,32.00,10.00,42.00,7.00,12918811,326
271.50,1567399914,4185.12,51.44304824,7.47457682,254.64,29.50,-0.09,257.97,1,-87.00,-5.00,32.00,10.00,42.00,7.00,12918811,326
272.50,1567399915,4214.86,51.44299713,7.47416180,254.17,29.52,0.02,258.08,1,-100.00,-7.00,23.00,5.00,30.00,7.00,12918811,326
273.50,1567399916,4244.17,51.44294580,7.47374391,253.57,29.45,-0.07,258.12,1,-100.00,-7.00,23.00,5.00,30.00,7.00,12918811,326
274.50,1567399917,4273.62,51.44289422,7.47332738,252.90,29.91,0.46,258.24,1,-100.00,-7.00,23.00,5.00,30.00,7.00,12918811,326
275.50,1567399918,4303.53,51.44284218,7.47289381,252.10,30.62,0.71,258.33,1,-104.00,-8.00,5.00,6.00,29.00,13.00,12935194,342
276.50,1567399919,4334.12,51.44277992,7.47245529,251.27,31.29,0.67,257.22,1,-104.00,-8.00,5.00,6.00,29.00,13.00,12935194,342
277.50,1567399920,4365.44,51.44271451,7.47200258,250.44,32.04,0.75,256.89,1,-106.00,-7.00,7.00,10.00,24.00,13.00,12935194,342
278.50,1567399921,4397.45,51.44265075,7.47155040,249.59,32.59,0.54,256.87,1,-106.00,-7.00,7.00,10.00,24.00,13.00,12935194,342
279.50,1567399922,4430.04,51.44258623,7.47109192,248.68,32.63,0.04,256.97,1,-107.00,-7.00,11.00,5.00,25.00,13.00,12935194,342
280.50,1567399923,4462.67,51.44252227,7.47063790,247.80,32.32,-0.31,256.78,1,-107.00,-7.00,11.00,5.00,25.00,13.00,12935194,342
281.50,1567399924,4495.03,51.44245883,7.47018413,246.89,32.23,-0.09,257.06,1,-111.00,-9.00,4.00,7.00,23.00,12.00,12935170,342
282.50,1567399925,4527.26,51.44239732,7.46972630,246.13,32.12,-0.12,257.51,1,-111.00,-9.00,4.00,7.00,23.00,12.00,12935170,342
283.50,1567399926,4559.44,51.44233706,7.46926653,245.35,32.42,0.30,257.88,1,-100.00,-9.00,7.00,6.00,34.00,12.00,12935170,342
284.50,1567399927,4591.82,51.44228235,7.46880237,244.50,32.62,0.21,258.35,1,-100.00,-9.00,7.00,6.00,34.00,12.00,12935170,342
285.50,1567399928,4624.38,51.44222677,7.46833458,243.60,32.91,0.29,258.56,1,-100.00,-9.00,5.00,9.00,34.00,12.00,12935170,342
286.50,1567399929,4657.29,51.44217115,7.46786520,242.67,33.00,0.09,258.35,1,-100.00,-9.00,5.00,9.00,34.00,12.00,12935170,342
287.50,1567399930,4690.36,51.44211449,7.46739058,241.70,33.09,0.08,258.58,1,-102.00,-10.00,16.00,8.00,32.00,12.00,12935170,342
288.50,1567399931,4723.45,51.44205738,7.46690896,240.84,33.23,0.15,258.45,1,-102.00,-10.00,16.00,8.00,32.00,12.00,12935170,342
289.50,1567399932,4756.65,51.44199914,7.46643368,240.08,33.06,-0.17,259.11,1,-99.00,-12.00,1.00,7.00,39.00,12.00,12935170,342
290.50,1567399933,4789.71,51.44194133,7.46595905,239.62,32.68,-0.38,259.10,1,-99.00,-12.00,1.00,7.00,39.00,12.00,12935170,342
291.50,1567399934,4822.46,51.44189418,7.46549432,239.21,32.56,-0.12,260.46,1,-101.00,-13.00,0.00,7.00,38.00,12.00,12935170,342
292.50,1567399935,4854.99,51.44184606,7.46501991,239.00,32.62,0.06,260.71,1,-101.00,-13.00,0.00,7.00,38.00,12.00,12935170,342
293.51,1567399936,4887.93,51.44179969,7.46454621,238.79,33.10,0.48,261.25,1,-100.00,-10.00,-3.00,2.00,38.00,12.00,12935170,342
294.50,1567399937,4920.70,51.44176072,7.46407610,238.53,32.72,-0.38,261.81,1,-100.00,-10.00,-3.00,2.00,38.00,12.00,12935170,342
295.50,1567399938,4953.42,51.44172265,7.46362518,237.97,32.30,-0.42,262.09,1,-100.00,-10.00,-3.00,2.00,38.00,12.00,12935170,342
296.50,1567399939,4985.66,51.44169295,7.46317578,237.18,31.85,-0.45,262.96,1,-111.00,-12.00,-9.00,2.00,26.00,12.00,13041433,397
297.50,1567399940,5017.51,51.44166153,7.46271583,236.18,31.28,-0.57,263.69,1,-111.00,-12.00,-9.00,2.00,26.00,12.00,13041433,397
298.50,1567399941,5048.85,51.44163928,7.46226086,234.76,30.93,-0.35,264.49,1,-110.00,-11.00,4.00,2.00,25.00,28.00,12897050,337
299.50,1567399942,5079.81,51.44161864,7.46181716,233.31,30.38,-0.54,265.17,1,-110.00,-11.00,4.00,2.00,25.00,28.00,12897050,337
300.50,1567399943,5110.19,51.44160160,7.46138179,232.24,29.61,-0.77,266.16,1,-107.00,-9.00,3.00,9.00,27.00,28.00,12897050,337
301.50,1567399944,5139.83,51.44158464,7.46096083,231.28,28.65,-0.96,266.52,1,-107.00,-9.00,3.00,9.00,27.00,28.00,12897050,337
302.50,1567399945,5168.45,51.44157129,7.46054504,230.45,28.27,-0.38,267.22,1,-105.00,-11.00,4.00,8.00,31.00,28.00,12897050,337
303.50,1567399946,5196.63,51.44155856,7.46014243,229.63,27.62,-0.65,266.99,1,-105.00,-11.00,4.00,8.00,31.00,28.00,12897050,337
304.50,1567399947,5224.33,51.44154995,7.45975616,228.99,27.32,-0.30,268.35,1,-103.00,-11.00,0.00,7.00,32.00,16.00,14301721,337
305.50,1567399948,5251.65,51.44154032,7.45936697,228.27,26.81,-0.50,268.52,1,-103.00,-11.00,0.00,7.00,32.00,16.00,14301721,337
306.50,1567399949,5278.44,51.44153132,7.45898414,227.76,26.25,-0.57,268.57,1,-91.00,-5.00,27.00,15.00,37.00,16.00,14301721,144
307.50,1567399950,5304.74,51.44152552,7.45861306,227.45,25.95,-0.29,268.83,1,-91.00,-5.00,27.00,15.00,37.00,16.00,14301721,144
308.49,1567399951,5330.43,51.44152007,7.45824433,227.12,25.73,-0.23,269.34,1,-84.00,-5.00,23.00,12.00,46.00,16.00,14301721,144
309.50,1567399952,5356.34,51.44151857,7.45787628,227.00,25.51,-0.21,269.66,1,-84.00,-5.00,23.00,12.00,46.00,16.00,14301721,144
310.50,1567399953,5381.87,51.44151811,7.45751079,226.80,25.27,-0.24,269.26,1,-80.00,-5.00,23.00,15.00,50.00,16.00,14301721,144
311.50,1567399954,5407.15,51.44151705,7.45714465,226.59,25.37,0.09,269.93,1,-80.00,-5.00,23.00,15.00,50.00,16.00,14301721,144
312.50,1567399955,5432.49,51.44151583,7.45677833,226.34,25.55,0.18,269.93,1,-80.00,-6.00,29.00,15.00,51.00,16.00,14301721,144
313.50,1567399956,5458.06,51.44151604,7.45640794,226.00,25.82,0.27,270.14,1,-80.00,-6.00,29.00,15.00,51.00,16.00,14301721,144
314.50,1567399957,5484.02,51.44152139,7.45603293,225.67,26.17,0.35,270.75,1,-82.00,-5.00,37.00,15.00,49.00,16.00,14301721,144
315.50,1567399958,5510.00,51.44152727,7.45565575,225.34,26.43,0.26,270.70,1,-82.00,-5.00,37.00,15.00,49.00,16.00,14301721,144
316.50,1567399959,5536.43,51.44153190,7.45527258,225.04,26.66,0.24,271.38,1,-82.00,-5.00,37.00,15.00,49.00,16.00,14301721,144
317.50,1567399960,5563.12,51.44154506,7.45488522,224.65,27.10,0.44,272.36,1,-82.00,-5.00,29.00,15.00,49.00,16.00,14301721,144
318.50,1567399961,5590.21,51.44156378,7.45449551,224.24,27.37,0.27,273.65,1,-82.00,-5.00,29.00,15.00,49.00,16.00,14301721,144
319.50,1567399962,5617.67,51.44158089,7.45410819,223.82,27.13,-0.24,273.72,1,-81.00,-4.00,29.00,15.00,50.00,16.00,14301721,144
320.50,1567399963,5644.71,51.44159732,7.45372124,223.41,27.12,-0.01,272.88,1,-81.00,-4.00,29.00,15.00,50.00,16.00,14301721,144
321.50,1567399964,5671.89,51.44162031,7.45333030,222.88,27.39,0.27,274.93,1,-80.00,-4.00,32.00,15.00,50.00,16.00,14301721,144
322.49,1567399965,5699.06,51.44164438,7.45293779,222.20,27.53,0.14,275.02,1,-80.00,-4.00,32.00,15.00,50.00,16.00,14301721,144
323.50,1567399966,5726.72,51.44166674,7.45253678,221.71,27.72,0.19,274.86,1,-78.00,-4.00,38.00,15.00,52.00,16.00,14301721,144
324.49,1567399967,5754.27,51.44168554,7.45213691,221.33,27.64,-0.08,274.94,1,-78.00,-4.00,38.00,15.00,52.00,16.00,14301721,144
325.49,1567399968,5781.97,51.44171116,7.45174029,221.15,27.46,-0.17,276.51,1,-79.00,-4.00,26.00,15.00,51.00,16.00,14301721,144
326.50,1567399969,5809.57,51.44173834,7.45134016,221.37,27.58,0.12,276.96,1,-79.00,-4.00,26.00,15.00,51.00,16.00,14301721,144
327.50,1567399970,5837.12,51.44176237,7.45095264,222.15,27.43,-0.16,276.50,1,-76.00,-8.00,30.00,15.00,56.00,16.00,14301721,144
328.50,1567399971,5864.58,51.44179328,7.45056707,223.30,27.68,0.25,277.75,1,-76.00,-8.00,30.00,15.00,56.00,16.00,14301721,144
329.50,1567399972,5892.23,51.44182912,7.45017218,224.36,27.86,0.18,277.91,1,-75.00,-4.00,26.00,15.00,54.00,16.00,14301721,144
330.50,1567399973,5920.10,51.44186485,7.44978976,225.12,27.43,-0.43,277.72,1,-75.00,-4.00,26.00,15.00,54.00,16.00,14301721,144
331.50,1567399974,5947.61,51.44190074,7.44940541,225.90,27.23,-0.21,278.33,1,-72.00,-5.00,30.00,1.00,58.00,16.00,14301721,144
332.49,1567399975,5974.59,51.44193145,7.44902492,226.81,26.85,-0.38,278.71,1,-72.00,-5.00,30.00,1.00,58.00,16.00,14301721,144
333.50,1567399976,6001.62,51.44196870,7.44865282,227.37,26.62,-0.23,279.13,1,-70.00,-4.00,25.00,1.00,57.00,16.00,14301721,144
334.50,1567399977,6028.24,51.44200566,7.44827428,227.71,26.64,0.02,279.51,1,-70.00,-4.00,25.00,1.00,57.00,16.00,14301721,144
335.51,1567399978,6055.09,51.44204606,7.44789766,227.88,26.68,0.04,280.13,1,-75.00,-6.00,15.00,12.00,51.00,16.00,14301721,144
336.50,1567399979,6081.56,51.44208965,7.44752048,228.02,26.70,0.02,280.50,1,-75.00,-6.00,15.00,12.00,51.00,16.00,14301721,144
337.50,1567399980,6108.26,51.44213363,7.44714143,228.04,26.71,0.01,280.78,1,-75.00,-6.00,15.00,12.00,51.00,16.00,14301721,144
338.50,1567399981,6134.94,51.44217771,7.44676427,227.89,26.60,-0.11,281.19,1,-81.00,-5.00,16.00,12.00,48.00,16.00,14301721,144
339.49,1567399982,6161.31,51.44223131,7.44638127,227.41,26.57,-0.03,282.15,1,-81.00,-5.00,16.00,12.00,48.00,16.00,14301721,144
340.50,1567399983,6188.12,51.44228302,7.44599665,226.77,26.67,0.10,282.64,1,-72.00,-5.00,27.00,12.00,54.00,16.00,14301721,144
341.50,1567399984,6214.87,51.44233656,7.44561123,226.07,26.87,0.20,282.89,1,-72.00,-5.00,27.00,12.00,54.00,16.00,14301721,144
342.49,1567399985,6241.52,51.44238666,7.44522385,225.38,27.11,0.24,283.03,1,-76.00,-5.00,28.00,15.00,53.00,16.00,14301721,144
343.50,1567399986,6268.76,51.44243810,7.44483832,224.71,27.29,0.19,282.85,1,-76.00,-5.00,28.00,15.00,53.00,16.00,14301721,144
344.50,1567399987,6296.05,51.44249403,7.44445011,224.10,27.64,0.34,283.16,1,-73.00,-5.00,30.00,15.00,57.00,16.00,14301721,144
345.50,1567399988,6323.69,51.44255285,7.44405967,223.44,27.79,0.16,283.38,1,-73.00,-5.00,30.00,15.00,57.00,16.00,14301721,144
346.50,1567399989,6351.48,51.44261376,7.44367027,222.70,27.52,-0.28,283.73,1,-73.00,-5.00,34.00,15.00,58.00,16.00,14301721,144
347.50,1567399990,6379.08,51.44268078,7.44328290,221.96,27.45,-0.06,284.39,1,-73.00,-5.00,34.00,15.00,58.00,16.00,14301721,144
348.50,1567399991,6406.40,51.44274902,7.44289458,221.17,27.49,0.04,284.94,1,-69.00,-5.00,30.00,15.00,61.00,16.00,14301721,144
349.50,1567399992,6433.97,51.44281114,7.44251701,220.53,27.37,-0.12,285.34,1,-69.00,-5.00,30.00,15.00,61.00,16.00,14301721,144
350.50,1567399993,6461.31,51.44288313,7.44213407,219.86,27.69,0.33,286.32,1,-77.00,-5.00,23.00,15.00,52.00,16.00,14301721,144
351.50,1567399994,6489.03,51.44295605,7.44175050,219.11,27.83,0.13,287.07,1,-77.00,-5.00,23.00,15.00,52.00,16.00,14301721,144
352.50,1567399995,6516.83,51.44303506,7.44136570,218.48,28.24,0.41,287.40,1,-79.00,-7.00,8.00,6.00,54.00,2.00,14301723,146
353.50,1567399996,6545.09,51.44311647,7.44097514,217.80,28.48,0.24,287.50,1,-79.00,-7.00,8.00,6.00,54.00,2.00,14301723,146
354.50,1567399997,6573.58,51.44319319,7.44058279,217.20,28.74,0.25,287.75,1,-71.00,-4.00,28.00,11.00,59.00,2.00,14301723,146
355.50,1567399998,6602.31,51.44326833,7.44018591,216.59,29.06,0.32,288.12,1,-71.00,-4.00,28.00,11.00,59.00,2.00,14301723,146
356.50,1567399999,6631.54,51.44334582,7.43978270,215.91,29.52,0.45,288.38,1,-78.00,-6.00,28.00,15.00,54.00,2.00,14301723,146
357.50,1567400000,6660.85,51.44343138,7.43937505,215.32,29.63,0.12,288.49,1,-78.00,-6.00,28.00,15.00,54.00,2.00,14301723,146
358.50,1567400001,6690.51,51.44351862,7.43896720,214.82,29.96,0.33,289.02,1,-78.00,-6.00,28.00,15.00,54.00,2.00,14301723,146
359.49,1567400002,6720.18,51.44361245,7.43855770,214.24,30.33,0.37,289.94,1,-73.00,-6.00,27.00,15.00,58.00,2.00,14301723,146
360.50,1567400003,6750.78,51.44370728,7.43814535,213.54,30.71,0.38,289.90,1,-73.00,-6.00,27.00,15.00,58.00,2.00,14301723,146
361.50,1567400004,6781.55,51.44380004,7.43773348,212.76,30.40,-0.31,290.15,1,-71.00,-6.00,32.00,15.00,61.00,2.00,14301723,146
362.50,1567400005,6811.91,51.44389521,7.43731976,211.97,30.12,-0.28,290.39,1,-71.00,-6.00,32.00,15.00,61.00,2.00,14301723,146
363.50,1567400006,6842.00,51.44399420,7.43692200,211.24,29.91,-0.21,291.66,1,-77.00,-5.00,30.00,15.00,53.00,2.00,14301723,146
364.50,1567400007,6871.92,51.44408606,7.43652346,210.31,29.49,-0.42,290.62,1,-77.00,-5.00,30.00,15.00,53.00,2.00,14301723,146
365.50,1567400008,6901.44,51.44418354,7.43613648,209.67,29.40,-0.09,291.85,1,-80.00,-6.00,25.00,15.00,49.00,2.00,14301723,146
366.50,1567400009,6930.84,51.44428172,7.43575372,209.71,29.08,-0.32,292.77,1,-80.00,-6.00,25.00,15.00,49.00,2.00,14301723,146
367.50,1567400010,6959.98,51.44438669,7.43538084,209.72,28.88,-0.20,293.73,1,-81.00,-5.00,27.00,15.00,49.00,2.00,14301723,146
368.50,1567400011,6988.77,51.44449107,7.43500452,209.51,28.74,-0.14,293.84,1,-81.00,-5.00,27.00,15.00,49.00,2.00,14301723,146
369.49,1567400012,7017.33,51.44459898,7.43463146,208.88,28.49,-0.24,294.74,1,-81.00,-5.00,29.00,15.00,50.00,2.00,14301723,146
370.50,1567400013,7046.00,51.44471707,7.43426171,208.09,28.76,0.27,297.57,1,-81.00,-5.00,29.00,15.00,50.00,2.00,14301723,146
371.50,1567400014,7074.82,51.44482595,7.43389229,207.23,28.28,-0.48,294.26,1,-83.00,-6.00,40.00,15.00,49.00,2.00,14301723,146
372.50,1567400015,7103.04,51.44495037,7.43352996,206.51,28.44,0.16,296.89,1,-83.00,-6.00,40.00,15.00,49.00,2.00,14301723,146
373.50,1567400016,7131.51,51.44507949,7.43316754,205.70,28.66,0.22,298.19,1,-83.00,-6.00,39.00,15.00,49.00,2.00,14301723,146
374.50,1567400017,7160.14,51.44521011,7.43280738,204.99,28.57,-0.09,298.63,1,-83.00,-6.00,39.00,15.00,49.00,2.00,14301723,146
375.50,1567400018,7188.74,51.44534486,7.43244392,204.53,28.38,-0.19,298.19,1,-93.00,-6.00,28.00,11.00,39.00,2.00,14301723,146
376.50,1567400019,7217.09,51.44547951,7.43209616,203.91,28.58,0.20,299.23,1,-93.00,-6.00,28.00,11.00,39.00,2.00,14301723,146
377.50,1567400020,7245.90,51.44561897,7.43175063,202.82,28.82,0.24,301.24,1,-90.00,-6.00,34.00,12.00,41.00,2.00,14301723,146
378.50,1567400021,7274.50,51.44575419,7.43140619,201.40,28.80,-0.02,302.31,1,-90.00,-6.00,34.00,12.00,41.00,2.00,14301723,146
379.49,1567400022,7303.12,51.44588721,7.43105833,199.82,28.86,0.06,303.17,1,-90.00,-6.00,34.00,12.00,41.00,2.00,14301723,146
380.50,1567400023,7332.16,51.44602915,7.43071640,198.43,28.86,-0.00,304.45,1,-91.00,-5.00,38.00,15.00,41.00,2.00,14301723,146
381.50,1567400024,7361.02,51.44617791,7.43037752,197.28,28.77,-0.09,305.47,1,-91.00,-5.00,38.00,15.00,41.00,2.00,14301723,146
382.50,1567400025,7389.79,51.44633905,7.43004748,196.35,28.77,-0.00,307.68,1,-88.00,-5.00,29.00,11.00,39.00,2.00,14301723,146
383.50,1567400026,7418.67,51.44651818,7.42972719,195.43,29.07,0.30,310.44,1,-88.00,-5.00,29.00,11.00,39.00,2.00,14301723,146
384.50,1567400027,7447.57,51.44671181,7.42940883,194.31,29.26,0.19,313.23,1,-94.00,-5.00,30.00,11.00,36.00,2.00,14301723,146
385.50,1567400028,7476.92,51.44689494,7.42910708,193.21,29.12,-0.14,312.73,1,-94.00,-5.00,30.00,11.00,36.00,2.00,14301723,146
386.50,1567400029,7506.03,51.44708030,7.42879968,191.86,29.10,-0.02,313.74,1,-99.00,-6.00,26.00,12.00,32.00,2.00,14301723,146
387.50,1567400030,7535.13,51.44728037,7.42849632,190.49,29.12,0.02,315.12,1,-99.00,-6.00,26.00,12.00,32.00,2.00,14301723,146
388.50,1567400031,7564.28,51.44748618,7.42820786,189.07,28.98,-0.14,316.53,1,-102.00,-7.00,15.00,8.00,27.00,2.00,14301723,146
389.50,1567400032,7593.27,51.44769104,7.42793107,187.33,29.27,0.28,318.46,1,-102.00,-7.00,15.00,8.00,27.00,2.00,14301723,146
390.50,1567400033,7622.53,51.44789891,7.42766106,185.53,29.45,0.19,319.84,1,-106.00,-7.00,22.00,11.00,27.00,2.00,14301723,146
391.50,1567400034,7651.96,51.44811054,7.42739392,183.93,29.58,0.13,321.02,1,-106.00,-7.00,22.00,11.00,27.00,2.00,14301723,146
392.50,1567400035,7681.54,51.44832525,7.42713156,182.52,29.58,-0.00,322.23,1,-108.00,-9.00,23.00,9.00,25.00,2.00,14301723,146
393.50,1567400036,7711.12,51.44853790,7.42687335,181.08,29.69,0.11,322.24,1,-108.00,-9.00,23.00,9.00,25.00,2.00,14301723,146
394.50,1567400037,7740.78,51.44875363,7.42662749,179.54,29.23,-0.46,323.74,1,-96.00,-6.00,10.00,8.00,36.00,18.00,13806082,70
395.50,1567400038,7770.01,51.44896836,7.42639583,178.06,28.89,-0.34,325.37,1,-96.00,-6.00,10.00,8.00,36.00,18.00,13806082,70
396.50,1567400039,7798.90,51.44917058,7.42618777,176.90,27.36,-1.53,327.06,1,-97.00,-8.00,7.00,9.00,35.00,18.00,13806082,70
397.50,1567400040,7826.29,51.44936410,7.42598850,176.10,25.00,-2.35,327.36,1,-97.00,-8.00,7.00,9.00,35.00,18.00,13806082,70
398.51,1567400041,7851.49,51.44956301,7.42580670,175.43,24.09,-0.91,329.73,1,-92.00,-7.00,8.00,7.00,40.00,18.00,13806082,70
399.50,1567400042,7875.36,51.44975597,7.42562828,174.36,24.13,0.05,329.05,1,-92.00,-7.00,8.00,7.00,40.00,18.00,13806082,70
400.50,1567400043,7899.54,51.44994939,7.42545104,172.92,24.01,-0.12,330.20,1,-92.00,-7.00,8.00,7.00,40.00,18.00,13806082,70
401.50,1567400044,7923.55,51.45014010,7.42528139,171.41,23.57,-0.44,330.54,1,-93.00,-10.00,6.00,10.00,42.00,18.00,13806082,70
402.50,1567400045,7947.12,51.45032143,7.42513773,170.22,23.00,-0.57,333.08,1,-93.00,-10.00,6.00,10.00,42.00,18.00,13806082,70
403.50,1567400046,7970.10,51.45049802,7.42499737,169.26,22.24,-0.76,334.11,1,-92.00,-8.00,7.00,10.00,41.00,18.00,13806082,70
404.50,1567400047,7992.33,51.45066986,7.42487051,168.22,22.33,0.10,335.43,1,-92.00,-8.00,7.00,10.00,41.00,18.00,13806082,70
405.50,1567400048,8014.71,51.45084887,7.42473931,166.93,21.90,-0.43,335.25,1,-93.00,-9.00,4.00,9.00,42.00,18.00,13806082,70
406.50,1567400049,8036.59,51.45103328,7.42460674,165.67,21.86,-0.04,335.24,1,-93.00,-9.00,4.00,9.00,42.00,18.00,13806082,70
407.50,1567400050,8058.48,51.45121691,7.42448308,164.43,21.65,-0.21,336.71,1,-88.00,-8.00,3.00,9.00,47.00,18.00,13806082,70
408.50,1567400051,8080.16,51.45140234,7.42436954,163.53,21.72,0.07,338.16,1,-88.00,-8.00,3.00,9.00,47.00,18.00,13806082,70
409.50,1567400052,8101.86,51.45158120,7.42425941,162.64,21.79,0.06,338.92,1,-91.00,-12.00,5.00,6.00,47.00,18.00,13806082,70
410.50,1567400053,8123.67,51.45175927,7.42415711,161.47,22.11,0.33,339.25,1,-91.00,-12.00,5.00,6.00,47.00,18.00,13806082,70
411.50,1567400054,8145.76,51.45193996,7.42405605,159.87,22.47,0.35,340.20,1,-90.00,-9.00,8.00,6.00,45.00,19.00,12897027,338
412.50,1567400055,8168.20,51.45212541,7.42395596,158.34,22.81,0.34,340.73,1,-90.00,-9.00,8.00,6.00,45.00,19.00,12897027,338
413.50,1567400056,8190.99,51.45231497,7.42385106,156.89,23.12,0.31,341.63,1,-91.00,-8.00,5.00,9.00,43.00,19.00,12897027,338
414.49,1567400057,8213.94,51.45250792,7.42375087,156.72,22.90,-0.21,341.50,1,-91.00,-8.00,5.00,9.00,43.00,19.00,12897027,338
415.50,1567400058,8237.01,51.45270887,7.42366287,157.37,23.99,1.07,343.86,1,-84.00,-6.00,29.00,15.00,47.00,19.00,12897027,338
416.50,1567400059,8260.97,51.45291725,7.42356991,158.19,24.10,0.11,342.98,1,-84.00,-6.00,29.00,15.00,47.00,19.00,12897027,338
417.50,1567400060,8285.07,51.45312522,7.42347264,158.87,24.08,-0.01,343.08,1,-88.00,-8.00,2.00,9.00,45.00,19.00,12897027,338
418.50,1567400061,8309.17,51.45332777,7.42337567,159.20,23.90,-0.18,343.21,1,-88.00,-8.00,2.00,9.00,45.00,19.00,12897027,338
419.50,1567400062,8333.10,51.45353304,7.42327958,159.51,23.97,0.07,343.50,1,-89.00,-11.00,-3.00,2.00,56.00,19.00,12897027,338
420.50,1567400063,8357.07,51.45373872,7.42318234,159.59,24.33,0.36,343.96,1,-89.00,-11.00,-3.00,2.00,56.00,19.00,12897027,338
421.50,1567400064,8381.40,51.45394375,7.42308690,159.28,24.57,0.24,344.01,1,-89.00,-11.00,-3.00,2.00,56.00,19.00,12897027,338
422.50,1567400065,8405.99,51.45414961,7.42298962,159.19,24.44,-0.13,343.70,1,-90.00,-10.00,17.00,2.00,46.00,19.00,13806106,70
423.50,1567400066,8430.48,51.45435941,7.42288903,159.22,24.50,0.06,343.55,1,-90.00,-10.00,17.00,2.00,46.00,19.00,13806106,70
424.50,1567400067,8454.86,51.45456936,7.42278686,159.44,24.43,-0.07,343.55,1,-87.00,-10.00,12.00,2.00,48.00,10.00,13806106,70
425.50,1567400068,8479.32,51.45477905,7.42268625,159.67,24.48,0.05,343.22,1,-87.00,-10.00,12.00,2.00,48.00,10.00,13806106,70
426.50,1567400069,8503.77,51.45498966,7.42258499,159.80,24.37,-0.10,343.22,1,-88.00,-8.00,13.00,9.00,46.00,10.00,13806106,70
427.50,1567400070,8528.22,51.45519734,7.42248263,159.97,24.37,-0.00,342.89,1,-88.00,-8.00,13.00,9.00,46.00,10.00,13806106,70
428.50,1567400071,8552.49,51.45540418,7.42237338,160.09,24.37,-0.00,342.53,1,-89.00,-8.00,4.00,6.00,45.00,19.00,12897051,338
429.50,1567400072,8576.88,51.45561699,7.42226160,160.21,24.88,0.51,341.86,1,-89.00,-8.00,4.00,6.00,45.00,19.00,12897051,338
430.50,1567400073,8601.82,51.45582799,7.42214176,159.91,25.49,0.61,341.04,1,-90.00,-9.00,5.00,8.00,43.00,19.00,12897051,338
431.50,1567400074,8627.30,51.45604083,7.42202174,159.48,25.73,0.24,340.83,1,-90.00,-9.00,5.00,8.00,43.00,19.00,12897051,338
432.50,1567400075,8653.00,51.45625845,7.42189885,159.00,26.08,0.36,340.05,1,-88.00,-7.00,11.00,10.00,44.00,19.00,12897051,338
433.50,1567400076,8679.09,51.45648859,7.42176116,158.73,26.64,0.56,339.77,1,-88.00,-7.00,11.00,10.00,44.00,19.00,12897051,338
434.50,1567400077,8705.76,51.45671752,7.42161525,158.43,27.39,0.75,338.41,1,-93.00,-11.00,7.00,9.00,43.00,8.00,13806106,338
435.50,1567400078,8733.15,51.45696150,7.42146349,157.73,27.82,0.43,338.06,1,-93.00,-11.00,7.00,9.00,43.00,8.00,13806106,338
436.50,1567400079,8760.94,51.45720510,7.42130157,156.54,28.16,0.34,337.23,1,-94.00,-10.00,4.00,6.00,43.00,8.00,13806106,70
437.50,1567400080,8789.10,51.45745190,7.42113022,155.28,28.61,0.45,336.22,1,-94.00,-10.00,4.00,6.00,43.00,8.00,13806106,70
438.50,1567400081,8817.74,51.45768544,7.42095220,154.22,29.13,0.52,335.19,1,-92.00,-11.00,3.00,7.00,46.00,8.00,13806106,70
439.50,1567400082,8846.87,51.45791931,7.42077341,153.32,29.65,0.52,334.51,1,-92.00,-11.00,3.00,7.00,46.00,8.00,13806106,70
440.50,1567400083,8876.58,51.45816056,7.42058536,152.33,29.80,0.15,334.07,1,-91.00,-9.00,19.00,8.00,42.00,22.00,12897051,70
441.50,1567400084,8906.38,51.45838901,7.42039396,151.07,28.91,-0.89,332.26,1,-91.00,-9.00,19.00,8.00,42.00,22.00,12897051,70
442.51,1567400085,8935.47,51.45861268,7.42020501,150.02,28.40,-0.51,331.27,1,-88.00,-9.00,5.00,6.00,45.00,7.00,13806105,69
443.50,1567400086,8963.64,51.45882894,7.42000780,149.12,27.93,-0.48,330.39,1,-88.00,-9.00,5.00,6.00,45.00,7.00,13806105,69
444.49,1567400087,8991.35,51.45904731,7.41980809,148.37,28.10,0.18,330.02,1,-88.00,-9.00,5.00,6.00,45.00,7.00,13806105,69
445.50,1567400088,9019.61,51.45926521,7.41960760,147.90,28.31,0.20,329.87,1,-85.00,-8.00,2.00,6.00,48.00,21.00,12897051,338
446.50,1567400089,9047.95,51.45948909,7.41940668,147.55,28.42,0.11,329.57,1,-85.00,-8.00,2.00,6.00,48.00,21.00,12897051,338
447.50,1567400090,9076.39,51.45969956,7.41919711,147.14,28.70,0.28,328.28,1,-81.00,-6.00,10.00,15.00,50.00,21.00,12897051,338
448.50,1567400091,9105.06,51.45991429,7.41897842,147.08,28.81,0.11,326.71,1,-81.00,-6.00,10.00,15.00,50.00,21.00,12897051,338
449.50,1567400092,9133.90,51.46012631,7.41875961,146.80,29.28,0.47,326.24,1,-85.00,-7.00,2.00,9.00,48.00,21.00,12897051,338
450.50,1567400093,9163.16,51.46033574,7.41852524,146.45,29.58,0.29,325.32,1,-85.00,-7.00,2.00,9.00,48.00,21.00,12897051,338
451.50,1567400094,9192.76,51.46056193,7.41827684,146.36,29.86,0.28,324.60,1,-91.00,-9.00,2.00,4.00,43.00,21.00,12897051,338
452.50,1567400095,9222.59,51.46079018,7.41801727,146.42,30.28,0.42,323.64,1,-91.00,-9.00,2.00,4.00,43.00,21.00,12897051,338
453.50,1567400096,9252.88,51.46101631,7.41775492,146.32,30.53,0.25,322.83,1,-78.00,-7.00,5.00,6.00,55.00,8.00,13806105,69
454.50,1567400097,9283.50,51.46124608,7.41748841,146.13,31.05,0.51,323.03,1,-78.00,-7.00,5.00,6.00,55.00,8.00,13806105,69
455.51,1567400098,9314.74,51.46146729,7.41720548,145.92,31.48,0.42,321.24,1,-81.00,-8.00,14.00,11.00,51.00,8.00,13806105,69
456.49,1567400099,9345.71,51.46168559,7.41691823,145.96,31.66,0.19,320.16,1,-81.00,-8.00,14.00,11.00,51.00,8.00,13806105,69
457.50,1567400100,9377.59,51.46190899,7.41662273,146.19,32.01,0.35,319.37,1,-85.00,-8.00,11.00,7.00,50.00,8.00,13806105,69
458.50,1567400101,9409.57,51.46213698,7.41631677,146.28,32.20,0.19,319.43,1,-85.00,-8.00,11.00,7.00,50.00,8.00,13806105,69
459.50,1567400102,9441.80,51.46236360,7.41600947,145.91,32.13,-0.07,319.38,1,-83.00,-8.00,13.00,14.00,50.00,8.00,13806105,69
460.50,1567400103,9473.91,51.46257285,7.41570621,145.76,31.68,-0.46,318.59,1,-83.00,-8.00,13.00,14.00,50.00,8.00,13806105,69
461.50,1567400104,9505.62,51.46278596,7.41540259,145.75,31.77,0.09,317.86,1,-83.00,-7.00,13.00,8.00,49.00,8.00,13806105,69
462.50,1567400105,9537.35,51.46298720,7.41508908,145.94,31.41,-0.36,315.49,1,-83.00,-7.00,13.00,8.00,49.00,8.00,13806105,69
463.50,1567400106,9569.02,51.46318291,7.41476295,146.06,31.42,0.00,313.89,1,-88.00,-7.00,13.00,4.00,45.00,8.00,13806105,69
464.50,1567400107,9600.28,51.46337322,7.41443323,146.10,31.18,-0.24,312.82,1,-88.00,-7.00,13.00,4.00,45.00,8.00,13806105,69
465.50,1567400108,9631.43,51.46355931,7.41410658,146.27,31.26,0.08,311.99,1,-88.00,-7.00,13.00,4.00,45.00,8.00,13806105,69
466.50,1567400109,9662.66,51.46374436,7.41377228,146.59,31.30,0.04,311.68,1,-91.00,-11.00,9.00,6.00,46.00,8.00,13806105,69
467.50,1567400110,9693.95,51.46393270,7.41343560,146.96,31.42,0.13,310.95,1,-91.00,-11.00,9.00,6.00,46.00,8.00,13806105,69
468.50,1567400111,9725.38,51.46411373,7.41309192,147.32,31.50,0.07,309.84,1,-93.00,-8.00,10.00,12.00,41.00,8.00,13806105,69
469.50,1567400112,9756.90,51.46429090,7.41274636,147.50,31.69,0.19,309.55,1,-93.00,-8.00,10.00,12.00,41.00,8.00,13806105,69
470.50,1567400113,9788.62,51.46446960,7.41239456,147.44,31.86,0.17,309.26,1,-100.00,-13.00,7.00,7.00,38.00,26.00,12962329,69
471.50,1567400114,9820.45,51.46464789,7.41203289,147.54,31.82,-0.04,308.66,1,-100.00,-13.00,7.00,7.00,38.00,26.00,12962329,69
472.50,1567400115,9852.23,51.46482503,7.41167323,147.57,32.18,0.36,308.78,1,-97.00,-9.00,-2.00,6.00,36.00,12.00,13806105,69
473.50,1567400116,9884.41,51.46500863,7.41130402,148.05,32.34,0.16,308.18,1,-97.00,-9.00,-2.00,6.00,36.00,12.00,13806105,69
474.49,1567400117,9916.63,51.46519026,7.41093634,148.74,32.47,0.13,307.96,1,-100.00,-10.00,1.00,7.00,34.00,12.00,13806105,69
475.50,1567400118,9949.23,51.46536532,7.41057462,149.45,32.48,0.01,307.91,1,-100.00,-10.00,1.00,7.00,34.00,12.00,13806105,69
476.50,1567400119,9981.78,51.46554432,7.41020668,150.26,32.51,0.03,307.94,1,-106.00,-12.00,-3.00,4.00,32.00,12.00,13806105,69
477.50,1567400120,10014.28,51.46572246,7.40983780,150.89,32.90,0.39,308.31,1,-106.00,-12.00,-3.00,4.00,32.00,12.00,13806105,69
478.50,1567400121,10047.15,51.46590462,7.40946781,151.28,32.93,0.03,307.96,1,-102.00,-12.00,-7.00,6.00,35.00,30.00,13884443,206
479.50,1567400122,10080.11,51.46608975,7.40909226,151.66,33.04,0.11,308.09,1,-102.00,-12.00,-7.00,6.00,35.00,30.00,13884443,206
480.50,1567400123,10113.04,51.46627557,7.40871198,152.23,33.08,0.05,308.52,1,-94.00,-8.00,8.00,13.00,40.00,30.00,13884443,206
481.50,1567400124,10146.16,51.46646172,7.40833382,152.68,33.26,0.17,308.49,1,-94.00,-8.00,8.00,13.00,40.00,30.00,13884443,206
482.50,1567400125,10179.42,51.46664356,7.40796023,152.93,33.35,0.10,308.72,1,-95.00,-8.00,0.00,6.00,38.00,25.00,12962329,459
483.50,1567400126,10212.74,51.46682413,7.40758870,152.86,33.51,0.16,308.73,1,-95.00,-8.00,0.00,6.00,38.00,25.00,12962329,459
484.50,1567400127,10246.52,51.46700947,7.40720961,152.83,33.54,0.03,309.05,1,-91.00,-7.00,9.00,12.00,41.00,25.00,12962329,459
485.50,1567400128,10279.86,51.46719569,7.40682756,153.06,33.69,0.15,309.55,1,-91.00,-7.00,9.00,12.00,41.00,25.00,12962329,459
486.50,1567400129,10313.55,51.46738774,7.40644653,153.25,33.46,-0.23,309.04,1,-91.00,-7.00,9.00,12.00,41.00,25.00,12962329,459
487.50,1567400130,10346.98,51.46758334,7.40606560,153.45,33.59,0.13,309.40,1,-97.00,-9.00,-4.00,6.00,36.00,40.00,12896795,376
488.50,1567400131,10380.58,51.46778572,7.40569720,153.77,34.17,0.57,310.81,1,-97.00,-9.00,-4.00,6.00,36.00,40.00,12896795,376
489.50,1567400132,10414.85,51.46799202,7.40532615,154.09,34.15,-0.02,311.39,1,-91.00,-9.00,1.00,5.00,42.00,40.00,12896795,376
490.50,1567400133,10448.96,51.46820362,7.40495606,154.52,34.36,0.22,311.83,1,-91.00,-9.00,1.00,5.00,42.00,40.00,12896795,376
491.50,1567400134,10483.36,51.46840895,7.40458941,154.91,34.43,0.07,312.44,1,-98.00,-10.00,-3.00,6.00,36.00,16.00,13806105,69
492.50,1567400135,10517.79,51.46861702,7.40422256,155.42,34.42,-0.02,312.54,1,-98.00,-10.00,-3.00,6.00,36.00,16.00,13806105,69
493.50,1567400136,10552.14,51.46882669,7.40386119,155.86,34.44,0.03,312.91,1,-99.00,-11.00,-7.00,7.00,35.00,51.00,14301723,69
494.50,1567400137,10586.58,51.46903757,7.40349792,156.32,34.44,-0.01,313.45,1,-99.00,-11.00,-7.00,7.00,35.00,51.00,14301723,69
495.50,1567400138,10621.02,51.46925469,7.40314011,157.08,33.60,-0.84,313.98,1,-97.00,-9.00,6.00,6.00,38.00,51.00,14301723,146
496.50,1567400139,10654.61,51.46946675,7.40278920,157.98,33.14,-0.45,314.07,1,-97.00,-9.00,6.00,6.00,38.00,51.00,14301723,146
497.50,1567400140,10687.72,51.46967651,7.40244213,158.75,32.40,-0.74,314.13,1,-95.00,-8.00,3.00,11.00,37.00,51.00,14301723,146
498.50,1567400141,10720.16,51.46988250,7.40210218,159.95,31.22,-1.18,314.54,1,-95.00,-8.00,3.00,11.00,37.00,51.00,14301723,146
499.50,1567400142,10751.38,51.47008219,7.40178373,161.04,30.87,-0.36,315.39,1,-98.00,-8.00,4.00,11.00,36.00,51.00,14301723,146
500.50,1567400143,10782.21,51.47026489,7.40148497,161.35,29.94,-0.93,315.80,1,-98.00,-8.00,4.00,11.00,36.00,51.00,14301723,146
501.50,1567400144,10812.18,51.47044596,7.40118753,161.32,29.48,-0.46,315.98,1,-93.00,-6.00,10.00,14.00,38.00,51.00,14301723,146
502.50,1567400145,10841.66,51.47063103,7.40088936,161.62,29.41,-0.07,316.09,1,-93.00,-6.00,10.00,14.00,38.00,51.00,14301723,146
503.50,1567400146,10870.99,51.47082836,7.40059660,162.00,29.54,0.12,317.16,1,-94.00,-6.00,9.00,2.00,40.00,51.00,14301723,146
504.50,1567400147,10900.73,51.47102378,7.40030650,162.54,29.31,-0.22,317.70,1,-94.00,-6.00,9.00,2.00,40.00,51.00,14301723,146
505.50,1567400148,10930.07,51.47121381,7.40002188,162.73,29.05,-0.26,317.65,1,-93.00,-5.00,11.00,2.00,36.00,55.00,14301723,146
506.50,1567400149,10958.92,51.47140789,7.39974534,162.88,28.78,-0.27,318.25,1,-93.00,-5.00,11.00,2.00,36.00,55.00,14301723,146
507.50,1567400150,10987.73,51.47159155,7.39946838,163.00,28.05,-0.73,317.11,1,-93.00,-5.00,11.00,2.00,36.00,55.00,14301723,146
508.50,1567400151,11015.78,51.47177049,7.39920724,163.22,27.21,-0.84,318.71,1,-89.00,-5.00,16.00,13.00,40.00,55.00,14301723,146
509.50,1567400152,11043.00,51.47195343,7.39894425,163.83,26.84,-0.38,318.94,1,-89.00,-5.00,16.00,13.00,40.00,55.00,14301723,146
510.50,1567400153,11069.84,51.47213271,7.39868085,164.27,26.29,-0.55,318.37,1,-89.00,-4.00,12.00,13.00,38.00,55.00,14301723,146
511.50,1567400154,11096.10,51.47230615,7.39842841,164.89,25.85,-0.44,318.21,1,-89.00,-4.00,12.00,13.00,38.00,55.00,14301723,146
512.50,1567400155,11121.98,51.47247298,7.39818502,165.31,25.70,-0.15,318.68,1,-94.00,-5.00,3.00,9.00,32.00,55.00,14301723,146
513.50,1567400156,11147.68,51.47263914,7.39794352,165.45,25.60,-0.10,318.37,1,-94.00,-5.00,3.00,9.00,32.00,55.00,14301723,146
514.50,1567400157,11173.31,51.47280740,7.39770334,165.35,25.69,0.09,318.92,1,-96.00,-6.00,9.00,12.00,28.00,55.00,14301723,146
515.50,1567400158,11198.97,51.47298045,7.39747102,165.08,25.75,0.06,320.02,1,-96.00,-6.00,9.00,12.00,28.00,55.00,14301723,146
516.50,1567400159,11224.75,51.47315357,7.39723732,164.82,25.79,0.04,319.83,1,-99.00,-6.00,11.00,11.00,29.00,55.00,14301723,146
517.50,1567400160,11250.54,51.47333167,7.39699934,164.60,26.01,0.22,320.43,1,-99.00,-6.00,11.00,11.00,29.00,55.00,14301723,146
518.49,1567400161,11276.34,51.47351231,7.39676051,164.50,25.97,-0.03,320.39,1,-97.00,-5.00,10.00,2.00,35.00,55.00,14301723,146
519.50,1567400162,11302.49,51.47369779,7.39653010,164.81,25.85,-0.12,321.52,1,-97.00,-5.00,10.00,2.00,35.00,55.00,14301723,146
520.50,1567400163,11328.37,51.47388397,7.39630968,165.17,25.64,-0.21,322.57,1,-100.00,-7.00,2.00,11.00,28.00,60.00,14301723,146
521.50,1567400164,11353.96,51.47407135,7.39608953,165.63,25.46,-0.19,322.56,1,-100.00,-7.00,2.00,11.00,28.00,60.00,14301723,146
522.50,1567400165,11379.47,51.47425558,7.39586954,166.06,25.52,0.06,323.02,1,-110.00,-9.00,1.00,8.00,23.00,60.00,14301723,146
523.50,1567400166,11404.99,51.47444198,7.39564635,166.43,25.59,0.08,323.35,1,-110.00,-9.00,1.00,8.00,23.00,60.00,14301723,146
524.50,1567400167,11430.60,51.47463141,7.39543437,166.69,25.72,0.13,324.35,1,-110.00,-10.00,-1.00,7.00,24.00,16.00,13884162,146
525.50,1567400168,11456.32,51.47483186,7.39521578,166.89,25.99,0.26,325.68,1,-110.00,-10.00,-1.00,7.00,24.00,16.00,13884162,146
526.51,1567400169,11482.55,51.47503295,7.39500772,167.23,26.31,0.32,327.16,1,-102.00,-12.00,-1.00,5.00,35.00,16.00,13884162,59
527.50,1567400170,11508.64,51.47523206,7.39480277,167.71,26.31,0.01,327.79,1,-102.00,-12.00,-1.00,5.00,35.00,16.00,13884162,59
528.50,1567400171,11534.95,51.47544832,7.39461048,168.20,27.27,0.96,330.50,1,-102.00,-12.00,-1.00,5.00,35.00,16.00,13884162,59
529.50,1567400172,11562.11,51.47566268,7.39442104,168.67,27.10,-0.16,331.08,1,-91.00,-7.00,13.00,14.00,42.00,16.00,13884162,59
530.50,1567400173,11589.22,51.47587059,7.39425316,168.97,26.10,-1.01,332.46,1,-91.00,-7.00,13.00,14.00,42.00,16.00,13884162,59
531.50,1567400174,11615.34,51.47605394,7.39409127,169.47,24.45,-1.65,332.57,1,-87.00,-6.00,10.00,12.00,44.00,16.00,13884162,59
532.50,1567400175,11639.79,51.47621967,7.39393545,169.99,21.47,-2.98,329.91,1,-87.00,-6.00,10.00,12.00,44.00,16.00,13884162,59
533.50,1567400176,11661.23,51.47638887,7.39379413,170.33,20.99,-0.48,333.00,1,-90.00,-7.00,5.00,10.00,41.00,16.00,13884162,59
534.50,1567400177,11682.22,51.47656022,7.39366031,170.61,20.90,-0.09,334.06,1,-90.00,-7.00,5.00,10.00,41.00,16.00,13884162,59
535.50,1567400178,11703.16,51.47672666,7.39353012,170.91,20.57,-0.34,334.52,1,-93.00,-9.00,5.00,2.00,41.00,16.00,13884162,59
536.50,1567400179,11723.73,51.47688596,7.39341372,170.97,20.17,-0.39,336.28,1,-93.00,-9.00,5.00,2.00,41.00,16.00,13884162,59
537.50,1567400180,11743.88,51.47704149,7.39330479,170.95,18.49,-1.68,336.68,1,-106.00,-10.00,1.00,2.00,29.00,16.00,12962329,459
538.50,1567400181,11762.38,51.47719196,7.39320494,171.31,17.93,-0.56,337.52,1,-106.00,-10.00,1.00,2.00,29.00,16.00,12962329,459
539.50,1567400182,11780.31,51.47734105,7.39311573,171.80,17.34,-0.59,339.19,1,-105.00,-10.00,4.00,2.00,29.00,16.00,12962329,459
540.49,1567400183,11797.53,51.47748983,7.39304039,172.16,17.04,-0.30,341.41,1,-105.00,-10.00,4.00,2.00,29.00,16.00,12962329,459
541.50,1567400184,11814.69,51.47764435,7.39297874,172.58,16.58,-0.46,345.31,1,-97.00,-10.00,2.00,7.00,36.00,33.00,12962329,459
542.50,1567400185,11831.29,51.47779206,7.39293837,173.04,16.23,-0.35,349.11,1,-97.00,-10.00,2.00,7.00,36.00,33.00,12962329,459
543.50,1567400186,11847.52,51.47794177,7.39295164,173.35,16.15,-0.08,3.03,1,-99.00,-7.00,3.00,11.00,33.00,33.00,12962329,459
544.50,1567400187,11863.67,51.47809283,7.39297435,173.81,15.60,-0.55,4.75,1,-99.00,-7.00,3.00,11.00,33.00,33.00,12962329,459
545.50,1567400188,11879.27,51.47824048,7.39301104,174.07,15.13,-0.47,7.39,1,-97.00,-7.00,1.00,8.00,33.00,33.00,12962329,459
546.50,1567400189,11894.41,51.47837963,7.39305907,173.93,14.79,-0.35,9.53,1,-97.00,-7.00,1.00,8.00,33.00,33.00,12962329,459
547.51,1567400190,11909.32,51.47850339,7.39315548,174.16,13.84,-0.94,25.09,1,-99.00,-8.00,-3.00,12.00,31.00,33.00,12962329,459
548.50,1567400191,11923.03,51.47861783,7.39325095,174.54,13.99,0.16,26.73,1,-99.00,-8.00,-3.00,12.00,31.00,33.00,12962329,459
549.50,1567400192,11937.03,51.47872977,7.39335709,174.98,13.70,-0.30,29.48,1,-99.00,-8.00,-3.00,12.00,31.00,33.00,12962329,459
550.50,1567400193,11950.73,51.47882601,7.39346179,175.48,13.20,-0.50,31.89,1,-102.00,-7.00,5.00,10.00,31.00,33.00,12962329,459
551.50,1567400194,11963.94,51.47891991,7.39356430,176.09,12.60,-0.60,30.98,1,-102.00,-7.00,5.00,10.00,31.00,33.00,12962329,459
552.50,1567400195,11976.53,51.47901188,7.39365335,177.09,11.35,-1.25,29.87,1,-108.00,-11.00,-4.00,2.00,28.00,33.00,12962329,459
553.50,1567400196,11987.89,51.47910720,7.39374208,177.89,11.54,0.19,25.79,1,-108.00,-11.00,-4.00,2.00,28.00,33.00,12962329,459
554.50,1567400197,11999.40,51.47921549,7.39378347,178.68,11.47,-0.07,6.78,1,-102.00,-7.00,7.00,2.00,30.00,33.00,13884187,57
555.50,1567400198,12010.91,51.47932297,7.39381673,179.66,11.24,-0.23,4.37,1,-102.00,-7.00,7.00,2.00,30.00,33.00,13884187,57
556.50,1567400199,12022.11,51.47942033,7.39380126,180.72,11.06,-0.18,347.17,1,-101.00,-7.00,15.00,14.00,30.00,10.00,13884187,57
557.50,1567400200,12033.18,51.47952145,7.39377182,182.04,11.22,0.15,344.85,1,-101.00,-7.00,15.00,14.00,30.00,10.00,13884187,57
558.50,1567400201,12044.42,51.47962298,7.39372610,182.98,11.05,-0.16,340.82,1,-92.00,-5.00,15.00,12.00,36.00,10.00,13884187,57
559.50,1567400202,12055.49,51.47972458,7.39366450,183.47,10.50,-0.55,337.38,1,-92.00,-5.00,15.00,12.00,36.00,10.00,13884187,57
560.51,1567400203,12066.07,51.47981708,7.39359760,183.18,10.30,-0.20,335.18,1,-86.00,-5.00,16.00,15.00,46.00,10.00,13884187,57
561.49,1567400204,12076.20,51.47990955,7.39353018,182.80,10.66,0.36,335.82,1,-86.00,-5.00,16.00,15.00,46.00,10.00,13884187,57
562.50,1567400205,12086.92,51.48000004,7.39346941,182.83,10.44,-0.21,336.74,1,-89.00,-5.00,19.00,15.00,41.00,10.00,13884187,57
563.50,1567400206,12097.36,51.48008911,7.39344344,182.62,10.53,0.09,349.76,1,-89.00,-5.00,19.00,15.00,41.00,10.00,13884187,57
564.50,1567400207,12107.88,51.48017895,7.39345316,182.53,10.03,-0.50,7.30,1,-91.00,-6.00,31.00,15.00,41.00,10.00,13884187,57
565.50,1567400208,12117.93,51.48026180,7.39347691,182.33,9.66,-0.37,11.25,1,-91.00,-6.00,31.00,15.00,41.00,10.00,13884187,57
566.50,1567400209,12127.59,51.48033589,7.39358234,182.36,11.09,1.43,42.47,1,-99.00,-6.00,12.00,9.00,31.00,10.00,13884187,57
567.50,1567400210,12138.66,51.48038650,7.39371665,182.52,11.68,0.59,59.05,1,-99.00,-6.00,12.00,9.00,31.00,10.00,13884187,57
568.50,1567400211,12150.43,51.48042637,7.39384735,182.65,12.62,0.94,59.48,1,-96.00,-5.00,12.00,9.00,34.00,10.00,13884187,57
569.50,1567400212,12162.97,51.48047628,7.39400033,182.97,13.35,0.74,60.06,1,-96.00,-5.00,12.00,9.00,34.00,10.00,13884187,57
570.50,1567400213,12176.32,51.48053482,7.39417555,183.32,14.61,1.26,59.16,1,-96.00,-5.00,12.00,9.00,34.00,10.00,13884187,57
571.50,1567400214,12190.93,51.48059866,7.39436014,183.89,15.27,0.65,59.55,1,-90.00,-7.00,17.00,15.00,43.00,10.00,13884187,57
572.50,1567400215,12206.20,51.48066506,7.39455182,184.40,15.68,0.41,59.89,1,-90.00,-7.00,17.00,15.00,43.00,10.00,13884187,57
573.50,1567400216,12221.86,51.48073331,7.39474961,184.70,15.92,0.25,59.27,1,-93.00,-8.00,21.00,2.00,45.00,10.00,13884187,57
574.50,1567400217,12237.80,51.48080477,7.39495171,184.47,16.42,0.50,59.19,1,-93.00,-8.00,21.00,2.00,45.00,10.00,13884187,57
575.50,1567400218,12254.20,51.48087804,7.39516501,184.16,16.81,0.39,59.88,1,-91.00,-6.00,19.00,2.00,41.00,10.00,13884187,57
576.50,1567400219,12271.01,51.48095030,7.39537663,183.75,17.07,0.26,60.09,1,-91.00,-6.00,19.00,2.00,41.00,10.00,13884187,57
577.50,1567400220,12288.07,51.48102576,7.39559287,183.49,17.15,0.08,59.92,1,-87.00,-6.00,8.00,2.00,46.00,10.00,13884187,57
578.50,1567400221,12305.22,51.48110015,7.39580721,183.65,16.93,-0.22,60.50,1,-87.00,-6.00,8.00,2.00,46.00,10.00,13884187,57
579.50,1567400222,12322.16,51.48117381,7.39600968,183.69,16.34,-0.58,59.73,1,-90.00,-7.00,12.00,2.00,43.00,10.00,13884187,57
580.50,1567400223,12338.51,51.48124870,7.39621872,183.92,16.02,-0.32,60.57,1,-90.00,-7.00,12.00,2.00,43.00,10.00,13884187,57
581.50,1567400224,12354.51,51.48131857,7.39641985,183.93,15.75,-0.27,61.09,1,-91.00,-7.00,9.00,2.00,43.00,10.00,13884187,57
582.50,1567400225,12370.27,51.48138515,7.39661305,183.71,15.65,-0.10,60.21,1,-91.00,-7.00,9.00,2.00,43.00,10.00,13884187,57
583.50,1567400226,12385.92,51.48145546,7.39680756,183.46,15.59,-0.06,59.51,1,-95.00,-8.00,1.00,2.00,39.00,10.00,13884187,57
584.50,1567400227,12401.52,51.48152559,7.39699763,183.01,15.54,-0.06,58.75,1,-95.00,-8.00,1.00,2.00,39.00,10.00,13884187,57
585.50,1567400228,12417.07,51.48159867,7.39718189,182.48,15.59,0.05,58.07,1,-99.00,-9.00,7.00,2.00,35.00,10.00,13884187,57
586.50,1567400229,12432.66,51.48167899,7.39736807,182.07,16.03,0.44,55.70,1,-99.00,-9.00,7.00,2.00,35.00,10.00,13884187,57
587.50,1567400230,12448.69,51.48175831,7.39755196,182.17,15.78,-0.25,54.78,1,-100.00,-9.00,4.00,2.00,33.00,10.00,13884187,57
588.50,1567400231,12464.46,51.48184090,7.39772858,182.13,15.88,0.10,54.05,1,-100.00,-9.00,4.00,2.00,33.00,10.00,13884187,57
589.51,1567400232,12480.48,51.48193067,7.39790894,182.14,15.45,-0.43,52.39,1,-103.00,-9.00,1.00,2.00,32.00,10.00,13884187,57
590.50,1567400233,12495.80,51.48201893,7.39808836,182.04,15.43,-0.02,51.42,1,-103.00,-9.00,1.00,2.00,32.00,10.00,13884187,57
591.50,1567400234,12511.23,51.48210777,7.39825964,181.70,15.16,-0.27,50.24,1,-103.00,-9.00,1.00,2.00,32.00,10.00,13884187,57
592.50,1567400235,12526.38,51.48219535,7.39841322,181.17,14.54,-0.62,48.66,1,-101.00,-8.00,5.00,2.00,33.00,10.00,13884187,57
593.50,1567400236,12540.90,51.48228720,7.39856362,180.80,14.19,-0.35,46.93,1,-101.00,-8.00,5.00,2.00,33.00,10.00,13884187,57
594.50,1567400237,12555.10,51.48238038,7.39870712,180.29,13.71,-0.48,44.54,1,-98.00,-9.00,2.00,2.00,35.00,10.00,13884187,57
595.50,1567400238,12568.81,51.48247752,7.39884108,179.82,13.92,0.21,41.96,1,-98.00,-9.00,2.00,2.00,35.00,10.00,13884187,57
596.50,1567400239,12582.73,51.48257624,7.39896532,179.18,13.54,-0.38,39.72,1,-97.00,-8.00,-1.00,2.00,37.00,10.00,13884187,57
597.50,1567400240,12596.27,51.48267954,7.39908006,179.21,13.36,-0.18,37.85,1,-97.00,-8.00,-1.00,2.00,37.00,10.00,13884187,57
598.50,1567400241,12609.63,51.48278759,7.39920063,179.47,13.19,-0.17,37.17,1,-98.00,-10.00,-1.00,2.00,37.00,10.00,13884187,57
599.50,1567400242,12622.82,51.48289948,7.39931968,180.02,13.44,0.25,35.82,1,-98.00,-10.00,-1.00,2.00,37.00,10.00,13884187,57
600.50,1567400243,12636.27,51.48301248,7.39943747,180.61,14.73,1.29,35.08,1,-97.00,-10.00,3.00,2.00,39.00,10.00,13884187,57
601.50,1567400244,12650.96,51.48312728,7.39955455,181.40,15.33,0.60,34.40,1,-97.00,-10.00,3.00,2.00,39.00,10.00,13884187,57
602.50,1567400245,12666.33,51.48324190,7.39967122,181.94,15.66,0.33,33.70,1,-93.00,-8.00,11.00,2.00,40.00,10.00,13884186,59
603.50,1567400246,12682.03,51.48335987,7.39978391,182.47,15.87,0.21,33.61,1,-93.00,-8.00,11.00,2.00,40.00,10.00,13884186,59
604.50,1567400247,12697.92,51.48348046,7.39990031,182.92,15.90,0.03,34.25,1,-91.00,-7.00,4.00,2.00,40.00,5.00,13884186,59
605.50,1567400248,12713.76,51.48360367,7.40002745,182.56,15.65,-0.25,34.73,1,-91.00,-7.00,4.00,2.00,40.00,5.00,13884186,59
606.50,1567400249,12729.43,51.48373021,7.40016081,182.14,15.99,0.34,35.24,1,-100.00,-9.00,4.00,7.00,33.00,5.00,13884186,59
607.50,1567400250,12745.41,51.48385165,7.40029228,181.77,16.15,0.16,35.58,1,-100.00,-9.00,4.00,7.00,33.00,5.00,13884186,59
608.50,1567400251,12761.55,51.48397180,7.40042528,181.38,16.22,0.07,36.24,1,-91.00,-6.00,24.00,15.00,38.00,5.00,13884186,59
609.50,1567400252,12777.78,51.48409376,7.40056939,180.75,16.57,0.35,37.02,1,-91.00,-6.00,24.00,15.00,38.00,5.00,13884186,59
610.51,1567400253,12794.48,51.48420257,7.40070639,180.40,15.95,-0.61,38.04,1,-100.00,-8.00,16.00,5.00,33.00,5.00,13884186,59
611.50,1567400254,12810.31,51.48431610,7.40085178,179.57,16.35,0.41,39.01,1,-100.00,-8.00,16.00,5.00,33.00,5.00,13884186,59
612.50,1567400255,12826.65,51.48442239,7.40099996,178.73,16.17,-0.19,40.02,1,-100.00,-8.00,16.00,5.00,33.00,5.00,13884186,59
613.50,1567400256,12842.83,51.48452466,7.40115523,177.80,15.74,-0.42,41.77,1,-98.00,-9.00,19.00,5.00,36.00,5.00,13884186,59
614.50,1567400257,12858.59,51.48462879,7.40131286,177.20,16.08,0.34,42.65,1,-98.00,-9.00,19.00,5.00,36.00,5.00,13884186,59
615.50,1567400258,12874.64,51.48472879,7.40147376,176.54,16.10,0.02,43.43,1,-96.00,-7.00,21.00,5.00,36.00,5.00,13884186,59
616.50,1567400259,12890.74,51.48481793,7.40162839,175.12,16.24,0.14,44.10,1,-96.00,-7.00,21.00,5.00,36.00,5.00,13884186,59
617.50,1567400260,12906.98,51.48490709,7.40178146,173.65,15.85,-0.39,44.61,1,-99.00,-10.00,2.00,2.00,35.00,5.00,13884186,59
618.50,1567400261,12922.90,51.48499925,7.40193379,172.59,15.84,-0.02,45.15,1,-99.00,-10.00,2.00,2.00,35.00,5.00,13884186,59
619.50,1567400262,12938.69,51.48509028,7.40208933,171.86,15.83,-0.00,45.82,1,-97.00,-8.00,11.00,2.00,36.00,5.00,13884186,59
620.50,1567400263,12954.51,51.48518485,7.40225096,171.23,15.79,-0.04,46.67,1,-97.00,-8.00,11.00,2.00,36.00,5.00,13884186,59
621.50,1567400264,12970.30,51.48527713,7.40242042,170.48,15.82,0.02,47.47,1,-97.00,-8.00,13.00,2.00,35.00,5.00,13884186,59
622.50,1567400265,12986.12,51.48536897,7.40258835,169.88,15.87,0.05,48.36,1,-97.00,-8.00,13.00,2.00,35.00,5.00,13884186,59
623.50,1567400266,13001.99,51.48545848,7.40275979,169.04,16.06,0.19,48.57,1,-95.00,-7.00,11.00,2.00,36.00,5.00,13884186,59
624.51,1567400267,13018.19,51.48554696,7.40293759,168.47,16.10,0.05,50.16,1,-95.00,-7.00,11.00,2.00,36.00,5.00,13884186,59
625.50,1567400268,13034.15,51.48563883,7.40311570,168.36,16.07,-0.04,49.68,1,-94.00,-7.00,13.00,2.00,35.00,5.00,13884186,59
626.50,1567400269,13050.22,51.48573191,7.40329939,168.18,15.84,-0.23,51.04,1,-94.00,-7.00,13.00,2.00,35.00,5.00,13884186,59
627.50,1567400270,13066.05,51.48582012,7.40349154,167.87,16.06,0.22,52.50,1,-92.00,-6.00,4.00,2.00,36.00,5.00,13884186,59
628.50,1567400271,13082.13,51.48590674,7.40368125,167.64,16.07,0.00,51.96,1,-92.00,-6.00,4.00,2.00,36.00,5.00,13884186,59
629.50,1567400272,13098.18,51.48599572,7.40387615,168.03,15.64,-0.43,53.49,1,-90.00,-6.00,13.00,2.00,42.00,5.00,13884186,59
630.49,1567400273,13113.72,51.48608504,7.40408523,168.91,15.36,-0.28,54.79,1,-90.00,-6.00,13.00,2.00,42.00,5.00,13884186,59
631.51,1567400274,13129.33,51.48617099,7.40429291,169.79,15.32,-0.05,56.30,1,-93.00,-7.00,-2.00,2.00,40.00,5.00,13884186,59
632.50,1567400275,13144.50,51.48625686,7.40449873,170.96,15.50,0.18,56.99,1,-93.00,-7.00,-2.00,2.00,40.00,5.00,13884186,59
633.50,1567400276,13160.01,51.48633394,7.40470085,171.81,15.45,-0.05,58.48,1,-93.00,-7.00,-2.00,2.00,40.00,5.00,13884186,59
634.50,1567400277,13175.45,51.48640351,7.40489174,172.56,16.00,0.55,59.09,1,-89.00,-7.00,5.00,2.00,43.00,5.00,13821978,171
635.50,1567400278,13191.44,51.48647171,7.40509002,172.69,15.90,-0.09,59.39,1,-89.00,-7.00,5.00,2.00,43.00,5.00,13821978,171
636.50,1567400279,13207.36,51.48653760,7.40529317,172.80,15.78,-0.12,59.75,1,-90.00,-8.00,-1.00,2.00,43.00,5.00,13821978,171
637.50,1567400280,13223.14,51.48659919,7.40548512,172.85,15.76,-0.02,60.32,1,-90.00,-8.00,-1.00,2.00,43.00,5.00,13821978,171
638.50,1567400281,13238.90,51.48665883,7.40567930,172.74,15.79,0.03,61.13,1,-87.00,-8.00,-2.00,2.00,44.00,5.00,13821978,171
639.50,1567400282,13254.69,51.48672000,7.40588007,172.28,15.23,-0.56,62.58,1,-87.00,-8.00,-2.00,2.00,44.00,5.00,13821978,171
640.50,1567400283,13269.91,51.48678185,7.40608386,171.69,15.70,0.47,63.42,1,-84.00,-10.00,-4.00,2.00,48.00,5.00,13821978,171
641.50,1567400284,13285.63,51.48683764,7.40629536,171.25,15.67,-0.03,64.56,1,-84.00,-10.00,-4.00,2.00,48.00,5.00,13821978,171
642.50,1567400285,13301.28,51.48689311,7.40650733,170.98,15.71,0.04,65.48,1,-76.00,-6.00,1.00,6.00,55.00,4.00,13828122,277
643.50,1567400286,13317.07,51.48694320,7.40671239,170.90,15.54,-0.17,66.69,1,-76.00,-6.00,1.00,6.00,55.00,4.00,13828122,277
644.51,1567400287,13332.69,51.48699899,7.40692986,170.98,15.70,0.16,67.34,1,-82.00,-8.00,13.00,15.00,49.00,4.00,13828122,277
645.49,1567400288,13348.14,51.48704512,7.40713571,171.30,15.21,-0.51,68.82,1,-82.00,-8.00,13.00,15.00,49.00,4.00,13828122,277
646.50,1567400289,13363.44,51.48708716,7.40734405,171.40,14.76,-0.44,70.04,1,-74.00,-8.00,14.00,12.00,59.00,4.00,13828122,277
647.50,1567400290,13378.20,51.48713023,7.40754952,171.79,15.11,0.35,70.96,1,-74.00,-8.00,14.00,12.00,59.00,4.00,13828122,277
648.50,1567400291,13393.32,51.48716740,7.40775494,171.85,15.10,-0.01,71.78,1,-70.00,-6.00,19.00,14.00,61.00,4.00,13828122,277
649.50,1567400292,13408.43,51.48720413,7.40796973,172.00,14.75,-0.35,73.60,1,-70.00,-6.00,19.00,14.00,61.00,4.00,13828122,277
650.50,1567400293,13423.18,51.48723523,7.40817751,171.70,14.43,-0.32,74.76,1,-73.00,-6.00,24.00,13.00,59.00,4.00,13828122,277
651.50,1567400294,13437.61,51.48726784,7.40839144,171.21,15.18,0.75,74.23,1,-73.00,-6.00,24.00,13.00,59.00,4.00,13828122,277
652.50,1567400295,13452.89,51.48730179,7.40860889,170.62,14.76,-0.42,75.31,1,-74.00,-6.00,22.00,15.00,57.00,4.00,13828122,277
653.50,1567400296,13467.55,51.48732820,7.40881521,170.04,14.62,-0.14,77.02,1,-74.00,-6.00,22.00,15.00,57.00,4.00,13828122,277
654.50,1567400297,13482.20,51.48735359,7.40901469,169.05,14.54,-0.07,77.84,1,-74.00,-6.00,22.00,15.00,57.00,4.00,13828122,277
655.50,1567400298,13496.71,51.48737842,7.40921676,168.16,14.54,-0.00,78.45,1,-73.00,-6.00,13.00,15.00,54.00,4.00,13828122,277
656.50,1567400299,13511.24,51.48740197,7.40941305,167.41,14.47,-0.07,79.19,1,-73.00,-6.00,13.00,15.00,54.00,4.00,13828122,277
657.50,1567400300,13525.72,51.48742263,7.40961674,166.60,14.31,-0.15,80.17,1,-82.00,-6.00,14.00,2.00,54.00,4.00,13828122,277
658.50,1567400301,13540.03,51.48744260,7.40981842,165.59,13.92,-0.39,79.31,1,-82.00,-6.00,14.00,2.00,54.00,4.00,13828122,277
659.50,1567400302,13553.98,51.48746087,7.41000424,164.90,13.23,-0.69,80.06,1,-82.00,-6.00,12.00,2.00,48.00,4.00,13828122,277
660.50,1567400303,13567.22,51.48747543,7.41016554,164.36,11.31,-1.91,80.46,1,-82.00,-6.00,12.00,2.00,48.00,4.00,13828122,277
661.50,1567400304,13578.53,51.48748216,7.41031443,163.69,10.45,-0.86,82.31,1,-85.00,-7.00,7.00,2.00,47.00,4.00,13828122,277
662.50,1567400305,13588.98,51.48748852,7.41045219,163.21,9.47,-0.99,83.14,1,-85.00,-7.00,7.00,2.00,47.00,4.00,13828122,277
663.50,1567400306,13598.45,51.48749185,7.41057815,162.59,8.44,-1.02,83.93,1,-88.00,-8.00,-1.00,2.00,45.00,4.00,13828122,277
664.50,1567400307,13606.89,51.48749676,7.41069162,161.83,7.41,-1.03,84.58,1,-88.00,-8.00,-1.00,2.00,45.00,4.00,13828122,277
665.50,1567400308,13614.30,51.48750187,7.41078679,161.16,6.60,-0.81,81.58,1,-91.00,-10.00,4.00,2.00,44.00,4.00,13828122,277
666.50,1567400309,13620.89,51.48750766,7.41086772,160.62,5.68,-0.92,78.70,1,-91.00,-10.00,4.00,2.00,44.00,4.00,13828122,277
667.50,1567400310,13626.56,51.48754834,7.41092698,160.47,6.37,0.69,36.24,1,-92.00,-10.00,2.00,2.00,43.00,4.00,13828122,277
668.50,1567400311,13632.94,51.48758975,7.41097216,160.31,6.34,-0.03,32.68,1,-92.00,-10.00,2.00,2.00,43.00,4.00,13828122,277
669.50,1567400312,13639.30,51.48763967,7.41098266,159.74,5.87,-0.48,5.88,1,-88.00,-8.00,14.00,2.00,45.00,4.00,13821978,171
670.50,1567400313,13645.16,51.48769792,7.41096731,159.30,6.71,0.85,351.28,1,-88.00,-8.00,14.00,2.00,45.00,4.00,13821978,171
671.50,1567400314,13651.88,51.48775975,7.41095132,159.66,7.02,0.31,350.32,1,-87.00,-9.00,9.00,2.00,47.00,4.00,13821978,171
672.50,1567400315,13658.90,51.48783195,7.41093252,160.21,8.13,1.11,349.87,1,-87.00,-9.00,9.00,2.00,47.00,4.00,13821978,171
673.51,1567400316,13667.10,51.48791367,7.41090541,160.43,9.17,1.03,350.55,1,-87.00,-8.00,13.00,2.00,47.00,4.00,13821978,171
674.50,1567400317,13676.19,51.48800419,7.41087813,160.81,9.62,0.46,350.37,1,-87.00,-8.00,13.00,2.00,47.00,4.00,13821978,171
675.50,1567400318,13685.81,51.48808850,7.41085579,161.34,9.42,-0.20,349.51,1,-87.00,-8.00,13.00,2.00,47.00,4.00,13821978,171
676.50,1567400319,13695.23,51.48819099,7.41082950,161.65,12.03,2.61,350.20,1,-86.00,-6.00,13.00,2.00,46.00,4.00,13821978,171
677.50,1567400320,13707.25,51.48828712,7.41080181,161.90,11.11,-0.92,350.46,1,-86.00,-6.00,13.00,2.00,46.00,4.00,13821978,171
678.50,1567400321,13718.34,51.48837954,7.41077745,162.60,10.48,-0.63,349.65,1,-85.00,-6.00,16.00,2.00,47.00,4.00,13821978,171
679.50,1567400322,13728.82,51.48846267,7.41075244,163.19,9.21,-1.27,348.71,1,-85.00,-6.00,16.00,2.00,47.00,4.00,13821978,171
680.50,1567400323,13738.01,51.48854211,7.41072613,163.55,9.15,-0.06,349.13,1,-82.00,-6.00,10.00,2.00,49.00,4.00,13821978,171
681.50,1567400324,13747.18,51.48861968,7.41069918,163.80,9.09,-0.06,348.90,1,-82.00,-6.00,10.00,2.00,49.00,4.00,13821978,171
682.50,1567400325,13756.27,51.48869568,7.41067254,164.23,8.97,-0.12,347.91,1,-78.00,-6.00,16.00,2.00,53.00,4.00,13821978,171
683.50,1567400326,13765.25,51.48878324,7.41064234,164.27,9.66,0.69,347.54,1,-78.00,-6.00,16.00,2.00,53.00,4.00,13821978,171
684.50,1567400327,13774.90,51.48888017,7.41061218,163.94,10.45,0.80,346.65,1,-77.00,-6.00,7.00,14.00,54.00,4.00,13821978,171
685.50,1567400328,13785.37,51.48897522,7.41057724,164.11,10.96,0.50,346.40,1,-77.00,-6.00,7.00,14.00,54.00,4.00,13821978,171
686.50,1567400329,13796.30,51.48907343,7.41054036,164.62,11.36,0.40,345.95,1,-71.00,-5.00,12.00,15.00,61.00,4.00,13821978,171
687.50,1567400330,13807.66,51.48918617,7.41049563,164.84,12.32,0.96,345.58,1,-71.00,-5.00,12.00,15.00,61.00,4.00,13821978,171
688.50,1567400331,13819.99,51.48929798,7.41045305,165.12,12.31,-0.01,346.16,1,-75.00,-6.00,22.00,15.00,55.00,4.00,13821978,171
689.50,1567400332,13832.30,51.48941312,7.41041033,165.47,12.28,-0.03,347.10,1,-75.00,-6.00,22.00,15.00,55.00,4.00,13821978,171
690.50,1567400333,13844.58,51.48952193,7.41037033,165.66,12.09,-0.19,346.89,1,-73.00,-5.00,16.00,15.00,58.00,4.00,13821978,171
691.50,1567400334,13856.67,51.48961677,7.41033843,165.81,11.30,-0.79,347.76,1,-73.00,-5.00,16.00,15.00,58.00,4.00,13821978,171
692.50,1567400335,13867.96,51.48970870,7.41030494,166.10,11.03,-0.28,348.70,1,-78.00,-5.00,20.00,15.00,53.00,4.00,13821978,171
693.50,1567400336,13879.00,51.48978088,7.41027964,166.16,8.86,-2.16,348.09,1,-78.00,-5.00,20.00,15.00,53.00,4.00,13821978,171
694.50,1567400337,13887.92,51.48983407,7.41026059,165.89,6.79,-2.06,346.86,1,-81.00,-6.00,15.00,12.00,50.00,4.00,13821978,171
695.50,1567400338,13894.66,51.48986974,7.41025168,165.83,4.24,-2.56,350.59,1,-81.00,-6.00,15.00,12.00,50.00,4.00,13821978,171
696.50,1567400339,13898.91,51.48990196,7.41026361,165.84,3.23,-1.01,16.09,1,-81.00,-6.00,15.00,12.00,50.00,4.00,13821978,171
697.50,1567400340,13902.14,51.48992014,7.41029584,165.82,2.46,-0.77,56.57,1,-76.00,-5.00,15.00,12.00,56.00,4.00,13821978,171
698.50,1567400341,13904.61,51.48994791,7.41034421,165.76,4.01,1.55,55.65,1,-76.00,-5.00,15.00,12.00,56.00,4.00,13821978,171
699.50,1567400342,13908.62,51.48999152,7.41042778,165.56,7.03,3.02,58.36,1,-80.00,-6.00,13.00,2.00,51.00,4.00,13821978,171
700.50,1567400343,13915.65,51.49000654,7.41056139,165.01,7.93,0.90,86.35,1,-80.00,-6.00,13.00,2.00,51.00,4.00,13821978,171
701.50,1567400344,13923.59,51.49001613,7.41070722,164.68,9.58,1.65,85.52,1,-80.00,-6.00,10.00,2.00,51.00,4.00,13821978,171
702.50,1567400345,13933.16,51.49002500,7.41084977,164.43,10.63,1.05,84.14,1,-80.00,-6.00,10.00,2.00,51.00,4.00,13821978,171
703.50,1567400346,13943.80,51.49004265,7.41100061,164.24,11.04,0.41,81.44,1,-81.00,-7.00,13.00,2.00,50.00,4.00,13821978,171
704.50,1567400347,13954.82,51.49006276,7.41116261,163.85,11.85,0.82,80.87,1,-81.00,-7.00,13.00,2.00,50.00,4.00,13821978,171
