0.01,1567659329,0.00,51.44987527,7.48827587,243.60,11.00,0.00,170.72,1,-105.00,-17.00,-9.00,3.00,38.00,42.00,12897026,337
1.01,1567659330,11.06,51.44977472,7.48830598,242.58,12.01,1.01,171.13,1,-105.00,-17.00,-9.00,3.00,38.00,42.00,12897026,337
2.12,1567659331,24.30,51.44966315,7.48833501,241.60,12.17,0.14,172.13,1,-108.00,-17.00,-9.00,4.00,35.00,42.00,12897026,337
3.12,1567659332,36.44,51.44954610,7.48835191,241.28,12.51,0.34,173.50,1,-108.00,-17.00,-9.00,4.00,35.00,42.00,12897026,337
4.12,1567659333,49.03,51.44942610,7.48836073,240.61,12.83,0.33,175.30,1,-104.00,-15.00,-8.00,4.00,37.00,24.00,12935170,342
5.11,1567659334,61.76,51.44930896,7.48836760,239.66,13.17,0.34,176.66,1,-104.00,-15.00,-8.00,4.00,37.00,24.00,12935170,342
6.11,1567659335,74.92,51.44919151,7.48836950,238.54,13.25,0.07,178.31,1,-104.00,-15.00,-8.00,4.00,37.00,24.00,12935170,342
7.12,1567659336,88.20,51.44907497,7.48835927,237.82,13.20,-0.05,181.29,1,-105.00,-15.00,-7.00,5.00,36.00,24.00,12935170,342
8.12,1567659337,101.40,51.44895416,7.48833932,237.76,13.62,0.42,183.75,1,-105.00,-15.00,-7.00,5.00,36.00,24.00,12935170,342
9.11,1567659338,115.00,51.44882783,7.48831120,237.32,13.69,0.06,186.75,1,-101.00,-12.00,1.00,7.00,37.00,24.00,12935170,342
10.11,1567659339,128.69,51.44870161,7.48827732,237.06,13.86,0.17,188.54,1,-101.00,-12.00,1.00,7.00,37.00,24.00,12935170,342
11.11,1567659340,142.55,51.44858092,7.48824153,237.33,14.15,0.29,189.98,1,-101.00,-11.00,-1.00,7.00,37.00,24.00,12935170,342
12.11,1567659341,156.68,51.44846367,7.48819566,237.94,14.08,-0.06,192.01,1,-101.00,-11.00,-1.00,7.00,37.00,24.00,12935170,342
13.11,1567659342,170.76,51.44834641,7.48814226,238.72,13.84,-0.24,193.66,1,-101.00,-12.00,1.00,7.00,36.00,24.00,12935170,342
14.11,1567659343,184.53,51.44822872,7.48809379,239.69,13.77,-0.07,194.14,1,-101.00,-12.00,1.00,7.00,36.00,24.00,12935170,342
15.11,1567659344,198.31,51.44813036,7.48804832,242.25,14.33,0.56,194.42,1,-94.00,-7.00,1.00,2.00,41.00,24.00,12935170,342
16.11,1567659345,212.73,51.44801754,7.48800125,244.70,15.01,0.67,194.01,1,-94.00,-7.00,1.00,2.00,41.00,24.00,12935170,342
17.11,1567659346,227.69,51.44788535,7.48794973,246.92,14.95,-0.05,192.65,1,-102.00,-7.00,10.00,2.00,31.00,9.00,12918809,324
18.11,1567659347,242.64,51.44776170,7.48790911,249.09,14.50,-0.45,191.56,1,-102.00,-7.00,10.00,2.00,31.00,9.00,12918809,324
19.11,1567659348,257.16,51.44764104,7.48787809,251.30,14.16,-0.34,189.83,1,-99.00,-7.00,9.00,12.00,34.00,9.00,12918809,324
20.11,1567659349,271.31,51.44751727,7.48786041,253.53,14.98,0.81,186.34,1,-99.00,-7.00,9.00,12.00,34.00,9.00,12918809,324
21.11,1567659350,286.30,51.44738736,7.48784806,255.65,14.40,-0.58,183.64,1,-96.00,-5.00,13.00,13.00,36.00,9.00,12918809,324
22.11,1567659351,300.70,51.44725745,7.48785435,256.16,14.21,-0.19,180.56,1,-96.00,-5.00,13.00,13.00,36.00,9.00,12918809,324
23.11,1567659352,314.90,51.44711943,7.48787046,257.08,14.42,0.21,177.68,1,-94.00,-6.00,11.00,9.00,35.00,9.00,12918809,324
24.11,1567659353,329.32,51.44697527,7.48790094,258.26,15.74,1.32,174.55,1,-94.00,-6.00,11.00,9.00,35.00,9.00,12918809,324
25.12,1567659354,345.19,51.44683688,7.48795324,259.18,14.06,-1.67,170.45,1,-99.00,-7.00,9.00,10.00,33.00,9.00,12918809,324
26.11,1567659355,359.15,51.44669335,7.48801579,259.81,14.44,0.38,167.11,1,-99.00,-7.00,9.00,10.00,33.00,9.00,12918809,324
27.11,1567659356,373.58,51.44655409,7.48809103,259.99,14.15,-0.28,163.86,1,-99.00,-7.00,9.00,10.00,33.00,9.00,12918809,324
28.11,1567659357,387.73,51.44641945,7.48817505,260.22,14.00,-0.15,160.70,1,-97.00,-6.00,19.00,15.00,35.00,7.00,12918809,324
29.11,1567659358,401.74,51.44629937,7.48826470,260.55,14.30,0.30,158.03,1,-97.00,-6.00,19.00,15.00,35.00,7.00,12918809,324
30.11,1567659359,416.05,51.44618801,7.48836247,260.63,14.50,0.20,155.16,1,-96.00,-6.00,17.00,14.00,35.00,7.00,12918809,324
31.11,1567659360,430.54,51.44607690,7.48847132,260.93,14.79,0.29,152.35,1,-96.00,-6.00,17.00,14.00,35.00,7.00,12918809,324
32.11,1567659361,445.33,51.44597013,7.48862526,260.96,15.03,0.24,138.29,1,-97.00,-7.00,21.00,11.00,34.00,7.00,12918809,324
33.11,1567659362,460.38,51.44585981,7.48878931,260.40,15.20,0.17,137.67,1,-97.00,-7.00,21.00,11.00,34.00,7.00,12918809,324
34.11,1567659363,475.58,51.44575442,7.48896010,260.22,15.24,0.04,135.89,1,-92.00,-5.00,21.00,12.00,38.00,7.00,12918809,324
35.11,1567659364,490.83,51.44565452,7.48914055,260.09,15.32,0.08,133.87,1,-92.00,-5.00,21.00,12.00,38.00,7.00,12918809,324
36.11,1567659365,506.15,51.44556257,7.48932085,260.17,15.49,0.17,132.59,1,-97.00,-6.00,11.00,10.00,33.00,7.00,12918809,324
37.11,1567659366,521.62,51.44547749,7.48949723,260.55,15.38,-0.11,130.98,1,-97.00,-6.00,11.00,10.00,33.00,7.00,12918809,324
38.11,1567659367,537.00,51.44539281,7.48967327,261.12,15.37,-0.01,130.10,1,-98.00,-6.00,8.00,10.00,34.00,7.00,12918809,324
39.11,1567659368,552.37,51.44531349,7.48984963,261.92,15.91,0.54,129.27,1,-98.00,-6.00,8.00,10.00,34.00,7.00,12918809,324
40.11,1567659369,568.30,51.44523315,7.49002723,262.80,15.89,-0.02,128.75,1,-101.00,-8.00,7.00,6.00,31.00,7.00,12918809,324
41.11,1567659370,584.17,51.44515191,7.49020312,263.90,15.89,0.00,128.03,1,-101.00,-8.00,7.00,6.00,31.00,7.00,12918809,324
42.11,1567659371,600.07,51.44506915,7.49039207,264.33,15.63,-0.26,128.40,1,-101.00,-7.00,8.00,9.00,32.00,7.00,12918809,324
43.11,1567659372,615.69,51.44499435,7.49056947,265.03,15.03,-0.60,127.91,1,-101.00,-7.00,8.00,9.00,32.00,7.00,12918809,324
44.11,1567659373,630.72,51.44492138,7.49073882,265.64,14.33,-0.70,128.31,1,-102.00,-8.00,7.00,7.00,31.00,7.00,12918809,324
45.11,1567659374,645.07,51.44485212,7.49090333,266.33,13.88,-0.45,128.33,1,-102.00,-8.00,7.00,7.00,31.00,7.00,12918809,324
46.11,1567659375,658.94,51.44478484,7.49105920,267.03,13.03,-0.86,127.81,1,-103.00,-7.00,10.00,2.00,32.00,7.00,12918809,324
47.11,1567659376,671.97,51.44472270,7.49120672,267.20,11.37,-1.66,128.17,1,-103.00,-7.00,10.00,2.00,32.00,7.00,12918809,324
48.12,1567659377,683.42,51.44467137,7.49132445,267.08,8.93,-2.42,127.83,1,-107.00,-9.00,4.00,8.00,29.00,7.00,12918809,324
49.11,1567659378,692.30,51.44463087,7.49141950,266.93,6.61,-2.34,127.34,1,-107.00,-9.00,4.00,8.00,29.00,7.00,12918809,324
50.11,1567659379,698.90,51.44460588,7.49148465,267.00,4.23,-2.39,126.54,1,-107.00,-9.00,4.00,8.00,29.00,7.00,12918809,324
51.11,1567659380,703.13,51.44458947,7.49153032,267.03,2.79,-1.43,127.26,1,-101.00,-7.00,13.00,12.00,32.00,7.00,12918809,324
52.11,1567659381,705.92,51.44458503,7.49155088,267.08,0.93,-1.87,127.26,1,-101.00,-7.00,13.00,12.00,32.00,7.00,12918809,324
53.11,1567659382,706.85,51.44458503,7.49155088,267.08,0.00,-0.92,127.26,1,-103.00,-9.00,4.00,10.00,32.00,7.00,12918809,324
54.11,1567659383,706.85,51.44458503,7.49155088,267.09,0.00,0.00,127.26,1,-103.00,-9.00,4.00,10.00,32.00,7.00,12918809,324
55.11,1567659384,706.85,51.44458503,7.49155088,267.10,0.00,0.00,127.26,1,-104.00,-9.00,2.00,10.00,31.00,7.00,12918809,324
56.11,1567659385,706.85,51.44458503,7.49155088,267.12,0.00,0.00,127.26,1,-104.00,-9.00,2.00,10.00,31.00,7.00,12918809,324
57.11,1567659386,706.85,51.44458503,7.49155088,267.13,0.00,0.00,127.26,1,-103.00,-10.00,5.00,10.00,32.00,7.00,12918809,324
58.11,1567659387,706.85,51.44458503,7.49155088,267.14,0.00,0.00,127.26,1,-103.00,-10.00,5.00,10.00,32.00,7.00,12918809,324
59.11,1567659388,706.85,51.44458503,7.49155088,267.15,0.00,0.00,127.26,1,-105.00,-13.00,4.00,2.00,39.00,7.00,12918809,324
60.11,1567659389,706.85,51.44458503,7.49155088,267.17,0.00,0.00,127.26,1,-105.00,-13.00,4.00,2.00,39.00,7.00,12918809,324
61.11,1567659390,706.85,51.44458503,7.49155088,267.19,0.00,0.00,127.26,1,-105.00,-13.00,5.00,2.00,34.00,7.00,12918809,324
62.11,1567659391,706.85,51.44458503,7.49155088,267.21,0.00,0.00,127.26,1,-105.00,-13.00,5.00,2.00,34.00,7.00,12918809,324
63.11,1567659392,706.85,51.44458503,7.49155088,267.23,0.00,0.00,127.26,1,-104.00,-11.00,5.00,2.00,33.00,7.00,12918809,324
64.11,1567659393,706.85,51.44458503,7.49155088,267.25,0.00,0.00,127.26,1,-104.00,-11.00,5.00,2.00,33.00,7.00,12918809,324
65.11,1567659394,706.85,51.44458503,7.49155088,267.27,0.00,0.00,127.26,1,-104.00,-10.00,3.00,2.00,33.00,7.00,12918809,324
66.11,1567659395,706.85,51.44458503,7.49155088,267.29,0.00,0.00,127.26,1,-104.00,-10.00,3.00,2.00,33.00,7.00,12918809,324
67.11,1567659396,706.85,51.44458503,7.49155088,267.31,0.00,0.00,127.26,1,-104.00,-9.00,5.00,2.00,31.00,7.00,12918809,324
68.11,1567659397,706.85,51.44458503,7.49155088,267.34,0.00,0.00,127.26,1,-104.00,-9.00,5.00,2.00,31.00,7.00,12918809,324
69.12,1567659398,706.85,51.44458503,7.49155088,267.36,0.00,0.00,127.26,1,-103.00,-10.00,7.00,2.00,32.00,7.00,12918809,324
70.11,1567659399,706.85,51.44458503,7.49155088,267.38,0.00,0.00,127.26,1,-103.00,-10.00,7.00,2.00,32.00,7.00,12918809,324
71.11,1567659400,706.85,51.44458503,7.49155088,267.40,0.00,0.00,127.26,1,-103.00,-10.00,7.00,2.00,32.00,7.00,12918809,324
72.11,1567659401,706.85,51.44458503,7.49155088,267.43,0.00,0.00,127.26,1,-104.00,-11.00,7.00,2.00,32.00,7.00,12918809,324
73.11,1567659402,706.85,51.44458503,7.49155088,267.45,0.00,0.00,127.26,1,-104.00,-11.00,7.00,2.00,32.00,7.00,12918809,324
74.11,1567659403,706.85,51.44458503,7.49155088,267.47,0.00,0.00,127.26,1,-103.00,-12.00,4.00,2.00,33.00,7.00,12918809,324
75.11,1567659404,706.85,51.44458503,7.49155088,267.49,0.00,0.00,127.26,1,-103.00,-12.00,4.00,2.00,33.00,7.00,12918809,324
76.11,1567659405,706.85,51.44458503,7.49155088,267.50,0.00,0.00,127.26,1,-103.00,-12.00,5.00,2.00,33.00,7.00,12918809,324
77.11,1567659406,706.85,51.44458503,7.49155088,267.52,0.00,0.00,127.26,1,-103.00,-12.00,5.00,2.00,33.00,7.00,12918809,324
78.11,1567659407,706.85,51.44458503,7.49155088,267.54,0.00,0.00,127.26,1,-103.00,-9.00,4.00,2.00,31.00,7.00,12918809,324
79.11,1567659408,706.85,51.44458503,7.49155088,267.56,0.00,0.00,127.26,1,-103.00,-9.00,4.00,2.00,31.00,7.00,12918809,324
80.11,1567659409,706.85,51.44458503,7.49155088,267.70,0.00,0.00,127.26,1,-103.00,-8.00,4.00,2.00,30.00,7.00,12918809,324
81.11,1567659410,706.85,51.44458503,7.49155088,267.83,0.00,0.00,124.96,1,-103.00,-8.00,4.00,2.00,30.00,7.00,12918809,324
82.11,1567659411,706.85,51.44458503,7.49155088,269.31,0.00,0.00,137.59,1,-104.00,-9.00,8.00,2.00,30.00,7.00,12918809,324
83.11,1567659412,706.85,51.44447026,7.49172269,269.96,5.29,0.00,155.55,1,-104.00,-9.00,8.00,2.00,30.00,7.00,12918809,324
84.11,1567659413,712.14,51.44441358,7.49171268,270.62,6.86,1.57,191.58,1,-98.00,-13.00,10.00,8.00,40.00,7.00,12918809,324
85.11,1567659414,719.00,51.44434455,7.49166407,271.13,8.48,1.62,209.60,1,-98.00,-13.00,10.00,8.00,40.00,7.00,12918809,324
86.11,1567659415,727.46,51.44428334,7.49159766,272.07,9.40,0.92,212.07,1,-90.00,-7.00,3.00,12.00,44.00,7.00,12918809,324
87.11,1567659416,736.86,51.44421169,7.49152243,272.65,10.35,0.95,213.73,1,-90.00,-7.00,3.00,12.00,44.00,7.00,12918809,324
88.11,1567659417,747.22,51.44412648,7.49143245,273.37,11.30,0.95,214.32,1,-88.00,-6.00,25.00,11.00,44.00,7.00,12918809,324
89.31,1567659418,760.81,51.44403897,7.49133033,273.90,12.34,0.87,214.18,1,-88.00,-6.00,25.00,11.00,44.00,7.00,12918809,324
90.31,1567659419,773.08,51.44394478,7.49122403,274.35,13.40,1.06,213.60,1,-84.00,-6.00,21.00,15.00,48.00,7.00,12918809,324
91.31,1567659420,786.52,51.44384753,7.49111574,274.98,14.13,0.73,214.51,1,-84.00,-6.00,21.00,15.00,48.00,7.00,12918809,324
92.31,1567659421,800.63,51.44373209,7.49098932,275.06,14.68,0.56,214.94,1,-72.00,-6.00,19.00,15.00,62.00,7.00,12918809,324
93.31,1567659422,815.33,51.44360949,7.49085429,275.14,15.55,0.87,215.30,1,-72.00,-6.00,19.00,15.00,62.00,7.00,12918809,324
94.31,1567659423,830.87,51.44350297,7.49072738,275.18,15.61,0.05,215.70,1,-72.00,-6.00,36.00,15.00,62.00,7.00,12918809,324
95.31,1567659424,846.49,51.44340577,7.49059732,274.98,15.65,0.04,216.60,1,-72.00,-6.00,36.00,15.00,62.00,7.00,12918809,324
96.32,1567659425,862.25,51.44330421,7.49046457,274.82,15.73,0.08,216.52,1,-85.00,-7.00,15.00,9.00,48.00,7.00,12918809,324
97.31,1567659426,877.85,51.44319571,7.49032609,274.50,15.82,0.10,216.89,1,-85.00,-7.00,15.00,9.00,48.00,7.00,12918809,324
98.31,1567659427,893.67,51.44307701,7.49017960,274.27,16.00,0.18,217.07,1,-85.00,-7.00,15.00,9.00,48.00,7.00,12918809,324
99.31,1567659428,909.67,51.44296223,7.49003776,274.18,16.04,0.04,216.88,1,-92.00,-7.00,28.00,9.00,40.00,7.00,12918809,324
100.31,1567659429,925.71,51.44284752,7.48989674,274.08,16.08,0.04,216.81,1,-92.00,-7.00,28.00,9.00,40.00,7.00,12918809,324
101.31,1567659430,941.79,51.44272948,7.48975902,274.06,16.02,-0.05,215.92,1,-88.00,-8.00,24.00,12.00,45.00,7.00,12918809,324
102.31,1567659431,957.82,51.44260942,7.48962873,274.05,15.99,-0.04,215.09,1,-88.00,-8.00,24.00,12.00,45.00,7.00,12918809,324
103.31,1567659432,973.82,51.44249249,7.48949810,274.06,15.34,-0.65,214.31,1,-78.00,-5.00,22.00,15.00,54.00,7.00,12918809,324
104.31,1567659433,989.14,51.44237908,7.48936567,274.04,15.21,-0.13,216.31,1,-78.00,-5.00,22.00,15.00,54.00,7.00,12918809,324
105.31,1567659434,1004.37,51.44226952,7.48923580,273.78,15.18,-0.02,215.46,1,-81.00,-7.00,19.00,15.00,52.00,7.00,12918809,324
106.31,1567659435,1019.55,51.44215772,7.48911116,273.52,14.65,-0.53,215.11,1,-81.00,-7.00,19.00,15.00,52.00,7.00,12918809,324
107.31,1567659436,1034.20,51.44205012,7.48897863,272.88,14.43,-0.22,216.91,1,-87.00,-8.00,25.00,12.00,48.00,7.00,12918809,324
108.31,1567659437,1048.63,51.44194121,7.48883673,272.38,14.78,0.35,218.33,1,-87.00,-8.00,25.00,12.00,48.00,7.00,12918809,324
109.31,1567659438,1063.39,51.44184849,7.48870313,271.65,13.77,-1.01,221.96,1,-77.00,-6.00,11.00,2.00,55.00,7.00,12918809,324
110.31,1567659439,1077.16,51.44175185,7.48855738,271.06,14.51,0.74,223.14,1,-77.00,-6.00,11.00,2.00,55.00,7.00,12918809,324
111.31,1567659440,1091.67,51.44165186,7.48838871,270.64,14.11,-0.40,225.25,1,-81.00,-9.00,12.00,11.00,53.00,2.00,12918810,325
112.31,1567659441,1105.77,51.44156015,7.48821738,271.05,14.97,0.86,227.13,1,-81.00,-9.00,12.00,11.00,53.00,2.00,12918810,325
113.31,1567659442,1120.74,51.44147175,7.48804749,271.36,15.32,0.36,228.22,1,-78.00,-6.00,27.00,12.00,54.00,2.00,12918810,325
114.31,1567659443,1136.08,51.44138634,7.48788652,272.01,15.28,-0.04,228.97,1,-78.00,-6.00,27.00,12.00,54.00,2.00,12918810,325
115.31,1567659444,1151.35,51.44129742,7.48770687,272.85,16.11,0.82,229.70,1,-78.00,-5.00,21.00,15.00,52.00,2.00,12918810,325
116.31,1567659445,1167.45,51.44122651,7.48754292,273.12,14.83,-1.27,230.95,1,-78.00,-5.00,21.00,15.00,52.00,2.00,12918810,325
117.32,1567659446,1182.40,51.44115242,7.48737369,273.12,15.22,0.39,231.41,1,-78.00,-5.00,30.00,15.00,52.00,2.00,12918810,325
118.31,1567659447,1197.50,51.44107160,7.48718873,273.32,15.83,0.61,232.01,1,-78.00,-5.00,30.00,15.00,52.00,2.00,12918810,325
119.31,1567659448,1213.30,51.44098856,7.48699783,274.20,15.22,-0.61,232.56,1,-78.00,-5.00,30.00,15.00,52.00,2.00,12918810,325
120.31,1567659449,1228.56,51.44090756,7.48681558,274.88,15.20,-0.01,232.89,1,-79.00,-10.00,33.00,15.00,55.00,2.00,12918810,325
121.31,1567659450,1243.75,51.44082148,7.48662740,275.77,15.87,0.66,232.34,1,-79.00,-10.00,33.00,15.00,55.00,2.00,12918810,325
122.31,1567659451,1259.63,51.44074387,7.48644812,276.58,14.00,-1.86,233.19,1,-75.00,-5.00,16.00,11.00,56.00,2.00,12918810,325
123.31,1567659452,1273.62,51.44067237,7.48629369,277.34,14.03,0.03,232.67,1,-75.00,-5.00,16.00,11.00,56.00,2.00,12918810,325
124.31,1567659453,1287.65,51.44059424,7.48612454,277.45,14.46,0.43,233.24,1,-80.00,-6.00,18.00,11.00,52.00,2.00,12918810,325
125.31,1567659454,1302.11,51.44051364,7.48595140,277.68,14.61,0.15,233.17,1,-80.00,-6.00,18.00,11.00,52.00,2.00,12918810,325
126.31,1567659455,1316.73,51.44043446,7.48577172,278.06,14.68,0.07,232.68,1,-78.00,-8.00,7.00,11.00,55.00,2.00,12918810,325
127.31,1567659456,1331.41,51.44035783,7.48559555,278.85,14.43,-0.24,233.53,1,-78.00,-8.00,7.00,11.00,55.00,2.00,12918810,325
128.31,1567659457,1345.85,51.44028814,7.48543316,279.64,13.80,-0.63,232.71,1,-83.00,-13.00,8.00,10.00,55.00,2.00,12918810,325
129.31,1567659458,1359.65,51.44021179,7.48526053,280.53,14.61,0.81,233.22,1,-83.00,-13.00,8.00,10.00,55.00,2.00,12918810,325
130.31,1567659459,1374.26,51.44014440,7.48510443,281.09,12.84,-1.77,233.65,1,-79.00,-9.00,5.00,6.00,56.00,2.00,12918811,326
131.31,1567659460,1387.11,51.44007092,7.48494128,281.23,13.22,0.38,233.09,1,-79.00,-9.00,5.00,6.00,56.00,2.00,12918811,326
132.31,1567659461,1400.32,51.44000067,7.48478165,281.70,14.05,0.84,232.47,1,-73.00,-10.00,22.00,15.00,63.00,2.00,12918811,326
133.31,1567659462,1414.36,51.43992284,7.48461764,282.24,13.46,-0.59,232.10,1,-73.00,-10.00,22.00,15.00,63.00,2.00,12918811,326
134.31,1567659463,1427.82,51.43983740,7.48444192,282.95,13.97,0.51,232.59,1,-72.00,-8.00,0.00,11.00,62.00,2.00,12918811,326
135.31,1567659464,1441.79,51.43975707,7.48426875,283.97,14.48,0.51,233.28,1,-72.00,-8.00,0.00,11.00,62.00,2.00,12918811,326
136.31,1567659465,1456.27,51.43967561,7.48409457,284.71,14.30,-0.18,232.37,1,-76.00,-6.00,22.00,15.00,56.00,2.00,12918811,326
137.31,1567659466,1470.58,51.43959233,7.48391095,285.45,14.79,0.50,232.71,1,-76.00,-6.00,22.00,15.00,56.00,2.00,12918811,326
138.32,1567659467,1485.48,51.43951039,7.48373751,285.65,14.95,0.16,233.90,1,-79.00,-7.00,29.00,15.00,54.00,2.00,12918811,326
139.31,1567659468,1500.33,51.43943995,7.48357092,285.95,13.71,-1.26,235.60,1,-79.00,-7.00,29.00,15.00,54.00,2.00,12918811,326
140.31,1567659469,1514.02,51.43936950,7.48340147,286.14,14.02,0.32,236.74,1,-79.00,-7.00,29.00,15.00,54.00,2.00,12918811,326
141.31,1567659470,1528.06,51.43929980,7.48323361,285.91,13.88,-0.14,237.38,1,-75.00,-5.00,24.00,15.00,56.00,2.00,12918811,326
142.31,1567659471,1541.93,51.43922781,7.48305186,285.65,14.60,0.72,237.73,1,-75.00,-5.00,24.00,15.00,56.00,2.00,12918811,326
143.31,1567659472,1556.53,51.43916007,7.48287305,285.83,14.03,-0.57,238.42,1,-84.00,-5.00,23.00,15.00,47.00,2.00,12918811,326
144.31,1567659473,1570.55,51.43908167,7.48266591,285.37,15.82,1.79,238.06,1,-84.00,-5.00,23.00,15.00,47.00,2.00,12918811,326
145.31,1567659474,1586.39,51.43901626,7.48249673,285.14,15.30,-0.52,238.20,1,-89.00,-6.00,22.00,4.00,41.00,2.00,12918811,326
146.31,1567659475,1601.67,51.43895151,7.48231373,284.11,14.54,-0.76,239.71,1,-89.00,-6.00,22.00,4.00,41.00,2.00,12918811,326
147.31,1567659476,1616.21,51.43888866,7.48212721,283.30,14.73,0.19,240.63,1,-91.00,-6.00,19.00,11.00,36.00,2.00,12918811,326
148.31,1567659477,1630.94,51.43882493,7.48192110,282.75,15.11,0.37,240.98,1,-91.00,-6.00,19.00,11.00,36.00,2.00,12918811,326
149.31,1567659478,1646.06,51.43875874,7.48170793,282.57,15.04,-0.06,240.52,1,-99.00,-7.00,12.00,10.00,33.00,2.00,12918811,326
150.31,1567659479,1661.09,51.43868589,7.48149592,282.20,15.93,0.89,239.76,1,-99.00,-7.00,12.00,10.00,33.00,2.00,12918811,326
151.31,1567659480,1677.02,51.43861667,7.48129012,281.97,15.61,-0.31,239.20,1,-101.00,-6.00,12.00,2.00,28.00,2.00,12918811,326
152.31,1567659481,1692.63,51.43854836,7.48108952,281.75,14.76,-0.85,239.07,1,-101.00,-6.00,12.00,2.00,28.00,2.00,12918811,326
153.31,1567659482,1707.41,51.43848266,7.48089525,281.67,15.10,0.34,239.99,1,-102.00,-6.00,11.00,2.00,27.00,2.00,12918811,326
154.31,1567659483,1722.50,51.43841554,7.48070671,281.75,15.52,0.42,240.67,1,-102.00,-6.00,11.00,2.00,27.00,2.00,12918811,326
155.31,1567659484,1738.04,51.43835347,7.48052435,281.69,14.29,-1.23,241.01,1,-104.00,-7.00,-1.00,2.00,27.00,2.00,12918811,326
156.31,1567659485,1752.27,51.43829047,7.48033756,281.83,13.78,-0.51,240.34,1,-104.00,-7.00,-1.00,2.00,27.00,2.00,12918811,326
157.31,1567659486,1766.11,51.43823195,7.48015847,281.30,14.08,0.30,240.81,1,-105.00,-8.00,3.00,2.00,27.00,2.00,12918811,326
158.31,1567659487,1780.14,51.43816953,7.47996781,281.43,14.55,0.48,241.58,1,-105.00,-8.00,3.00,2.00,27.00,2.00,12918811,326
159.32,1567659488,1794.83,51.43810662,7.47976322,280.76,14.68,0.12,242.11,1,-107.00,-9.00,4.00,2.00,27.00,76.00,13534235,163
160.31,1567659489,1809.44,51.43804587,7.47956841,279.71,14.33,-0.35,241.22,1,-107.00,-9.00,4.00,2.00,27.00,76.00,13534235,163
161.31,1567659490,1823.76,51.43798343,7.47938185,279.27,13.92,-0.41,240.23,1,-107.00,-9.00,4.00,2.00,27.00,76.00,13534235,163
162.31,1567659491,1837.69,51.43792335,7.47920750,278.53,13.39,-0.53,240.56,1,-108.00,-10.00,4.00,2.00,26.00,76.00,13534235,163
163.31,1567659492,1851.07,51.43785821,7.47901158,278.30,14.71,1.32,241.03,1,-108.00,-10.00,4.00,2.00,26.00,76.00,13534235,163
164.31,1567659493,1865.78,51.43779942,7.47882878,278.60,13.80,-0.91,242.18,1,-110.00,-11.00,1.00,2.00,25.00,76.00,13534235,163
165.31,1567659494,1879.60,51.43774008,7.47865125,278.21,13.51,-0.29,242.27,1,-110.00,-11.00,1.00,2.00,25.00,76.00,13534235,163
166.31,1567659495,1893.11,51.43767498,7.47845871,277.87,14.11,0.60,241.65,1,-111.00,-11.00,1.00,2.00,25.00,76.00,13534235,163
167.31,1567659496,1907.14,51.43760956,7.47827358,277.52,14.47,0.36,240.83,1,-111.00,-11.00,1.00,2.00,25.00,76.00,13534235,163
168.31,1567659497,1921.68,51.43754218,7.47808162,277.47,14.10,-0.37,240.42,1,-110.00,-11.00,3.00,2.00,26.00,76.00,13534235,163
169.31,1567659498,1935.78,51.43747782,7.47790542,277.26,13.55,-0.55,241.19,1,-110.00,-11.00,3.00,2.00,26.00,76.00,13534235,163
170.31,1567659499,1949.33,51.43741425,7.47771153,277.60,13.95,0.40,241.90,1,-110.00,-10.00,-2.00,2.00,25.00,76.00,13534235,163
171.31,1567659500,1963.26,51.43735262,7.47751731,278.32,13.97,0.02,241.40,1,-110.00,-10.00,-2.00,2.00,25.00,76.00,13534235,163
172.31,1567659501,1977.26,51.43729440,7.47733774,278.95,13.45,-0.51,242.23,1,-112.00,-11.00,-4.00,2.00,24.00,76.00,13534235,163
173.31,1567659502,1990.71,51.43723661,7.47714625,279.26,14.12,0.67,243.20,1,-112.00,-11.00,-4.00,2.00,24.00,76.00,13534235,163
174.31,1567659503,2004.84,51.43719126,7.47696722,280.05,13.32,-0.80,245.41,1,-115.00,-13.00,-5.00,2.00,23.00,76.00,13534235,163
175.31,1567659504,2018.14,51.43716123,7.47680502,280.70,12.67,-0.65,249.31,1,-115.00,-13.00,-5.00,2.00,23.00,76.00,13534235,163
176.31,1567659505,2030.82,51.43716115,7.47661695,281.23,12.39,-0.28,266.86,1,-115.00,-13.00,-4.00,2.00,23.00,76.00,13534235,163
177.31,1567659506,2043.21,51.43718625,7.47644147,282.19,10.54,-1.85,282.81,1,-115.00,-13.00,-4.00,2.00,23.00,76.00,13534235,163
178.31,1567659507,2053.75,51.43724291,7.47630920,282.74,9.56,-0.98,307.57,1,-108.00,-8.00,9.00,6.00,26.00,13.00,12918811,326
179.31,1567659508,2063.30,51.43731113,7.47623468,283.64,9.52,-0.04,328.17,1,-108.00,-8.00,9.00,6.00,26.00,13.00,12918811,326
180.32,1567659509,2072.89,51.43738438,7.47615242,283.94,10.57,1.04,329.45,1,-103.00,-8.00,28.00,10.00,31.00,13.00,12918811,326
181.31,1567659510,2083.37,51.43746367,7.47616942,284.30,9.83,-0.74,12.24,1,-103.00,-8.00,28.00,10.00,31.00,13.00,12918811,326
182.31,1567659511,2093.22,51.43753677,7.47624372,284.92,9.82,-0.02,39.07,1,-103.00,-8.00,28.00,10.00,31.00,13.00,12918811,326
183.31,1567659512,2103.02,51.43761301,7.47634538,285.33,10.61,0.80,43.11,1,-96.00,-5.00,26.00,10.00,36.00,13.00,12918811,326
184.31,1567659513,2113.64,51.43768809,7.47647082,285.54,10.99,0.38,47.05,1,-96.00,-5.00,26.00,10.00,36.00,13.00,12918811,326
185.31,1567659514,2124.64,51.43776711,7.47662150,285.77,13.20,2.21,49.05,1,-89.00,-6.00,33.00,15.00,42.00,13.00,12918811,326
186.31,1567659515,2137.84,51.43784154,7.47677077,286.02,14.27,1.07,50.45,1,-89.00,-6.00,33.00,15.00,42.00,13.00,12918811,326
187.31,1567659516,2152.10,51.43791993,7.47693956,286.31,15.23,0.96,51.92,1,-88.00,-6.00,35.00,15.00,45.00,13.00,12918811,326
188.31,1567659517,2167.34,51.43800526,7.47712597,286.60,16.23,1.00,53.21,1,-88.00,-6.00,35.00,15.00,45.00,13.00,12918811,326
189.31,1567659518,2183.55,51.43809559,7.47732165,286.88,16.85,0.63,53.27,1,-89.00,-5.00,32.00,13.00,43.00,13.00,12918811,326
190.31,1567659519,2200.40,51.43818995,7.47752124,287.02,17.85,0.99,53.80,1,-89.00,-5.00,32.00,13.00,43.00,13.00,12918811,326
191.31,1567659520,2218.25,51.43828828,7.47774033,287.21,18.76,0.91,54.21,1,-91.00,-7.00,29.00,10.00,42.00,13.00,12918811,326
192.31,1567659521,2237.01,51.43838651,7.47796412,287.07,19.31,0.55,54.71,1,-91.00,-7.00,29.00,10.00,42.00,13.00,12918811,326
193.31,1567659522,2256.34,51.43848535,7.47819293,286.99,20.42,1.11,55.07,1,-94.00,-5.00,32.00,12.00,38.00,13.00,12918811,326
194.31,1567659523,2276.74,51.43858741,7.47843834,286.88,21.07,0.65,55.66,1,-94.00,-5.00,32.00,12.00,38.00,13.00,12918811,326
195.31,1567659524,2297.81,51.43869557,7.47870304,286.70,21.72,0.65,56.26,1,-97.00,-5.00,18.00,2.00,34.00,13.00,12918811,326
196.31,1567659525,2319.55,51.43880952,7.47897531,286.89,22.41,0.69,55.05,1,-97.00,-5.00,18.00,2.00,34.00,13.00,12918811,326
197.31,1567659526,2341.95,51.43892544,7.47925057,287.06,23.01,0.61,54.79,1,-96.00,-6.00,17.00,11.00,36.00,8.00,12918811,326
198.31,1567659527,2364.94,51.43904629,7.47953452,286.91,23.88,0.86,54.63,1,-96.00,-6.00,17.00,11.00,36.00,8.00,12918811,326
199.31,1567659528,2388.84,51.43917268,7.47982610,286.65,24.35,0.47,54.59,1,-95.00,-5.00,30.00,15.00,36.00,8.00,12918811,326
200.31,1567659529,2413.19,51.43930021,7.48012708,286.73,25.07,0.72,54.75,1,-95.00,-5.00,30.00,15.00,36.00,8.00,12918811,326
201.32,1567659530,2438.41,51.43942813,7.48042884,286.53,25.31,0.24,54.53,1,-94.00,-5.00,22.00,15.00,38.00,8.00,12918811,326
202.31,1567659531,2463.55,51.43956096,7.48072706,286.65,25.33,0.01,53.12,1,-94.00,-5.00,22.00,15.00,38.00,8.00,12918811,326
203.31,1567659532,2488.87,51.43969616,7.48102017,286.69,25.60,0.27,52.10,1,-94.00,-5.00,22.00,15.00,38.00,8.00,12918811,326
204.31,1567659533,2514.47,51.43983606,7.48131331,286.59,25.78,0.17,51.02,1,-93.00,-6.00,33.00,12.00,39.00,8.00,12918811,326
205.31,1567659534,2540.25,51.43998198,7.48160607,286.48,26.04,0.27,49.50,1,-93.00,-6.00,33.00,12.00,39.00,8.00,12918811,326
206.31,1567659535,2566.32,51.44013390,7.48189048,286.31,26.33,0.28,48.23,1,-89.00,-6.00,19.00,2.00,45.00,8.00,12918811,326
207.31,1567659536,2592.62,51.44029557,7.48217912,286.03,26.75,0.42,47.30,1,-89.00,-6.00,19.00,2.00,45.00,8.00,12918811,326
208.31,1567659537,2619.37,51.44048277,7.48244038,285.70,27.03,0.28,40.74,1,-89.00,-6.00,19.00,2.00,43.00,8.00,12918811,326
209.31,1567659538,2646.39,51.44067344,7.48270396,285.59,26.97,-0.06,40.06,1,-89.00,-6.00,19.00,2.00,43.00,8.00,12918811,326
210.31,1567659539,2673.31,51.44086434,7.48294732,285.79,26.80,-0.17,38.68,1,-85.00,-7.00,22.00,15.00,48.00,4.00,12918811,326
211.31,1567659540,2700.16,51.44105362,7.48318975,286.11,26.38,-0.42,38.22,1,-85.00,-7.00,22.00,15.00,48.00,4.00,12918811,326
212.31,1567659541,2726.54,51.44124923,7.48342442,286.48,26.69,0.31,36.95,1,-77.00,-6.00,27.00,15.00,55.00,4.00,12918811,326
213.31,1567659542,2753.25,51.44145327,7.48364588,287.01,26.52,-0.17,34.42,1,-77.00,-6.00,27.00,15.00,55.00,4.00,12918811,326
214.31,1567659543,2779.75,51.44165025,7.48385185,287.60,26.33,-0.20,32.66,1,-81.00,-6.00,14.00,15.00,50.00,4.00,12918811,326
215.31,1567659544,2806.07,51.44184899,7.48404651,287.88,26.18,-0.14,30.67,1,-81.00,-6.00,14.00,15.00,50.00,4.00,12918811,326
216.31,1567659545,2832.26,51.44205134,7.48423122,287.83,26.28,0.10,28.59,1,-77.00,-5.00,14.00,12.00,52.00,4.00,12918811,326
217.31,1567659546,2858.54,51.44224891,7.48440844,287.17,26.24,-0.04,26.89,1,-77.00,-5.00,14.00,12.00,52.00,4.00,12918811,326
218.31,1567659547,2884.78,51.44244421,7.48458221,286.29,26.39,0.15,26.08,1,-76.00,-7.00,20.00,15.00,56.00,4.00,12918811,326
219.31,1567659548,2911.18,51.44264493,7.48474038,285.29,26.15,-0.24,24.99,1,-76.00,-7.00,20.00,15.00,56.00,4.00,12918811,326
220.31,1567659549,2937.36,51.44284446,7.48489886,283.93,26.13,-0.02,24.36,1,-76.00,-10.00,12.00,13.00,59.00,4.00,12918811,326
221.31,1567659550,2963.49,51.44305204,7.48505002,282.62,26.07,-0.06,23.69,1,-76.00,-10.00,12.00,13.00,59.00,4.00,12918811,326
222.32,1567659551,2989.87,51.44325586,7.48519698,281.34,25.86,-0.21,23.16,1,-80.00,-7.00,11.00,6.00,53.00,1.00,12918809,324
223.31,1567659552,3015.42,51.44345897,7.48534180,280.13,25.68,-0.18,23.03,1,-80.00,-7.00,11.00,6.00,53.00,1.00,12918809,324
224.31,1567659553,3041.10,51.44365773,7.48548251,278.88,25.02,-0.66,22.69,1,-80.00,-7.00,11.00,6.00,53.00,1.00,12918809,324
225.31,1567659554,3066.12,51.44385553,7.48561424,277.78,23.97,-1.04,22.64,1,-73.00,-5.00,25.00,15.00,59.00,1.00,12918809,324
226.31,1567659555,3090.07,51.44404011,7.48573281,276.54,22.21,-1.77,21.54,1,-73.00,-5.00,25.00,15.00,59.00,1.00,12918809,324
227.31,1567659556,3112.32,51.44420692,7.48584937,275.41,20.40,-1.80,23.09,1,-68.00,-5.00,28.00,15.00,63.00,1.00,12918809,324
228.31,1567659557,3132.68,51.44435694,7.48596930,274.38,18.21,-2.19,27.38,1,-68.00,-5.00,28.00,15.00,63.00,1.00,12918809,324
229.31,1567659558,3150.89,51.44451360,7.48610751,273.20,16.74,-1.47,30.14,1,-69.00,-6.00,25.00,15.00,63.00,1.00,12918809,324
230.31,1567659559,3167.63,51.44461855,7.48629221,271.72,15.17,-1.57,49.63,1,-69.00,-6.00,25.00,15.00,63.00,1.00,12918809,324
231.31,1567659560,3182.80,51.44468764,7.48648579,270.68,14.63,-0.54,62.45,1,-75.00,-5.00,32.00,15.00,57.00,1.00,12918809,324
232.31,1567659561,3197.43,51.44470905,7.48666669,269.92,14.79,0.16,80.70,1,-75.00,-5.00,32.00,15.00,57.00,1.00,12918809,324
233.31,1567659562,3212.22,51.44472633,7.48685464,269.32,14.05,-0.74,84.16,1,-80.00,-6.00,32.00,15.00,51.00,1.00,12918809,324
234.31,1567659563,3226.26,51.44468754,7.48703668,268.69,14.28,0.23,109.75,1,-80.00,-6.00,32.00,15.00,51.00,1.00,12918809,324
235.31,1567659564,3240.53,51.44461899,7.48720073,268.07,14.50,0.22,126.03,1,-78.00,-6.00,29.00,15.00,52.00,1.00,12918809,324
236.31,1567659565,3255.04,51.44452736,7.48731739,267.23,14.35,-0.15,144.31,1,-78.00,-6.00,29.00,15.00,52.00,1.00,12918809,324
237.31,1567659566,3269.39,51.44441428,7.48740383,266.54,14.45,0.10,158.98,1,-62.00,-5.00,31.00,15.00,63.00,1.00,12918809,324
238.31,1567659567,3283.84,51.44428939,7.48747721,265.83,14.68,0.23,163.06,1,-62.00,-5.00,31.00,15.00,63.00,1.00,12918809,324
239.31,1567659568,3298.52,51.44415937,7.48746271,265.03,14.72,0.04,187.96,1,-58.00,-5.00,32.00,2.00,63.00,1.00,12918809,324
240.31,1567659569,3313.24,51.44403571,7.48739547,264.19,14.74,0.02,204.62,1,-58.00,-5.00,32.00,2.00,63.00,1.00,12918809,324
241.31,1567659570,3327.98,51.44393869,7.48728999,263.42,14.91,0.17,220.39,1,-66.00,-6.00,30.00,2.00,63.00,3.00,12918809,324
242.31,1567659571,3342.90,51.44384085,7.48716445,262.83,14.49,-0.42,224.51,1,-66.00,-6.00,30.00,2.00,63.00,3.00,12918809,324
243.32,1567659572,3357.49,51.44378908,7.48697757,262.32,14.68,0.19,252.15,1,-79.00,-5.00,31.00,15.00,52.00,3.00,12918809,324
244.31,1567659573,3372.07,51.44376754,7.48676267,262.12,15.00,0.33,266.42,1,-79.00,-5.00,31.00,15.00,52.00,3.00,12918809,324
245.31,1567659574,3387.07,51.44375766,7.48655495,262.20,15.57,0.57,267.28,1,-79.00,-5.00,31.00,15.00,52.00,3.00,12918809,324
246.31,1567659575,3402.62,51.44375407,7.48633555,262.18,16.18,0.61,267.68,1,-77.00,-6.00,30.00,15.00,54.00,3.00,12918809,324
247.31,1567659576,3418.82,51.44374859,7.48609105,262.52,16.93,0.75,267.99,1,-77.00,-6.00,30.00,15.00,54.00,3.00,12918809,324
248.31,1567659577,3435.75,51.44374354,7.48583002,262.97,17.69,0.76,267.76,1,-80.00,-5.00,34.00,15.00,51.00,3.00,12918809,324
249.33,1567659578,3453.71,51.44373913,7.48554504,263.43,18.87,1.17,267.14,1,-80.00,-5.00,34.00,15.00,51.00,3.00,12918809,324
250.31,1567659579,3472.30,51.44373206,7.48526578,263.30,19.13,0.26,267.74,1,-78.00,-6.00,29.00,14.00,51.00,3.00,12918809,324
251.31,1567659580,3491.41,51.44371805,7.48500116,261.84,19.13,0.00,267.47,1,-78.00,-6.00,29.00,14.00,51.00,3.00,12918809,324
252.31,1567659581,3510.54,51.44370384,7.48472652,262.10,20.85,1.73,270.29,1,-86.00,-7.00,18.00,15.00,45.00,3.00,12918809,324
253.31,1567659582,3531.41,51.44370003,7.48443952,261.92,21.66,0.81,269.81,1,-86.00,-7.00,18.00,15.00,45.00,3.00,12918809,324
254.31,1567659583,3553.06,51.44369070,7.48411413,261.88,22.80,1.13,269.25,1,-77.00,-6.00,18.00,15.00,55.00,3.00,12918809,324
255.31,1567659584,3575.81,51.44369610,7.48379365,261.84,23.04,0.25,267.85,1,-77.00,-6.00,18.00,15.00,55.00,3.00,12918809,324
256.31,1567659585,3598.90,51.44369379,7.48345063,262.36,23.68,0.64,268.68,1,-80.00,-7.00,1.00,15.00,53.00,3.00,12918809,324
257.31,1567659586,3622.58,51.44369290,7.48309992,262.92,24.55,0.87,267.97,1,-80.00,-7.00,1.00,15.00,53.00,3.00,12918809,324
258.31,1567659587,3647.15,51.44368826,7.48273542,263.54,25.32,0.77,267.33,1,-86.00,-9.00,10.00,15.00,48.00,6.00,12918811,324
259.31,1567659588,3672.48,51.44368083,7.48236142,264.03,25.85,0.53,267.01,1,-86.00,-9.00,10.00,15.00,48.00,6.00,12918811,324
260.31,1567659589,3698.33,51.44366977,7.48198414,264.46,26.43,0.58,266.73,1,-90.00,-7.00,8.00,8.00,41.00,6.00,12918811,326
261.31,1567659590,3724.73,51.44365975,7.48160061,264.61,27.08,0.65,266.29,1,-90.00,-7.00,8.00,8.00,41.00,6.00,12918811,326
262.31,1567659591,3751.82,51.44364626,7.48119594,264.84,27.53,0.45,266.19,1,-93.00,-7.00,8.00,12.00,40.00,6.00,12918811,326
263.31,1567659592,3779.37,51.44363094,7.48078735,265.02,28.00,0.47,265.95,1,-93.00,-7.00,8.00,12.00,40.00,6.00,12918811,326
264.32,1567659593,3807.57,51.44360730,7.48037699,265.06,28.63,0.63,264.76,1,-91.00,-6.00,7.00,15.00,42.00,6.00,12918811,326
265.31,1567659594,3835.97,51.44357789,7.47996856,264.97,29.11,0.48,263.40,1,-91.00,-6.00,7.00,15.00,42.00,6.00,12918811,326
266.31,1567659595,3865.12,51.44354784,7.47954897,264.72,29.71,0.60,262.45,1,-91.00,-6.00,7.00,15.00,42.00,6.00,12918811,326
267.31,1567659596,3894.83,51.44351499,7.47911763,264.46,30.12,0.41,262.42,1,-88.00,-5.00,9.00,15.00,43.00,6.00,12918811,326
268.31,1567659597,3924.92,51.44347931,7.47869567,264.00,30.13,0.01,262.36,1,-88.00,-5.00,9.00,15.00,43.00,6.00,12918811,326
269.31,1567659598,3955.05,51.44344242,7.47826995,263.35,30.12,-0.02,262.55,1,-84.00,-4.00,18.00,2.00,44.00,6.00,12918811,326
270.31,1567659599,3985.17,51.44340618,7.47782930,262.73,30.27,0.15,262.41,1,-84.00,-4.00,18.00,2.00,44.00,6.00,12918811,326
271.31,1567659600,4015.44,51.44337041,7.47738754,262.08,30.83,0.56,261.99,1,-86.00,-6.00,14.00,15.00,44.00,7.00,12918811,326
272.31,1567659601,4046.27,51.44333037,7.47693771,261.35,31.12,0.29,262.28,1,-86.00,-6.00,14.00,15.00,44.00,7.00,12918811,326
273.31,1567659602,4077.39,51.44329142,7.47648827,260.68,31.53,0.41,261.38,1,-82.00,-6.00,25.00,14.00,51.00,7.00,12918811,326
274.31,1567659603,4108.92,51.44324397,7.47602364,260.19,31.96,0.43,260.72,1,-82.00,-6.00,25.00,14.00,51.00,7.00,12918811,326
275.31,1567659604,4140.88,51.44319719,7.47556541,259.74,32.36,0.40,260.20,1,-82.00,-6.00,20.00,12.00,49.00,7.00,12918811,326
276.31,1567659605,4173.24,51.44314574,7.47510963,259.34,32.53,0.17,259.43,1,-82.00,-6.00,20.00,12.00,49.00,7.00,12918811,326
277.31,1567659606,4205.77,51.44309310,7.47465389,258.89,32.65,0.12,258.96,1,-92.00,-6.00,14.00,11.00,36.00,7.00,12918811,326
278.31,1567659607,4238.41,51.44303814,7.47418982,258.31,32.82,0.18,259.25,1,-92.00,-6.00,14.00,11.00,36.00,7.00,12918811,326
279.31,1567659608,4271.24,51.44297987,7.47371916,257.51,33.11,0.29,259.25,1,-91.00,-5.00,6.00,6.00,36.00,14.00,12935194,342
280.31,1567659609,4304.35,51.44291961,7.47324503,256.54,33.47,0.36,258.67,1,-91.00,-5.00,6.00,6.00,36.00,14.00,12935194,342
281.31,1567659610,4337.82,51.44285415,7.47276854,255.63,33.87,0.41,258.33,1,-99.00,-6.00,15.00,10.00,32.00,14.00,12935194,342
282.31,1567659611,4371.69,51.44278904,7.47228707,254.68,34.26,0.39,258.30,1,-99.00,-6.00,15.00,10.00,32.00,14.00,12935194,342
283.31,1567659612,4405.95,51.44272163,7.47180007,253.60,34.61,0.35,258.34,1,-101.00,-6.00,10.00,13.00,29.00,14.00,12935194,342
284.31,1567659613,4440.56,51.44265383,7.47130620,252.49,35.00,0.39,258.26,1,-101.00,-6.00,10.00,13.00,29.00,14.00,12935194,342
285.32,1567659614,4475.84,51.44258552,7.47080870,251.35,35.30,0.30,258.21,1,-109.00,-9.00,4.00,6.00,24.00,14.00,12918811,326
286.31,1567659615,4510.90,51.44251872,7.47030576,250.30,35.79,0.49,258.65,1,-109.00,-9.00,4.00,6.00,24.00,14.00,12918811,326
287.31,1567659616,4546.72,51.44244999,7.46979157,249.30,36.07,0.28,258.12,1,-109.00,-9.00,4.00,6.00,24.00,14.00,12918811,326
288.31,1567659617,4582.79,51.44238264,7.46928401,248.20,36.16,0.09,258.31,1,-110.00,-10.00,-1.00,7.00,25.00,14.00,12918811,326
289.31,1567659618,4618.96,51.44231629,7.46877143,247.16,36.30,0.13,259.05,1,-110.00,-10.00,-1.00,7.00,25.00,14.00,12918811,326
290.31,1567659619,4655.26,51.44225221,7.46825898,246.14,36.40,0.10,259.11,1,-109.00,-9.00,-1.00,7.00,24.00,14.00,12918811,326
291.31,1567659620,4691.69,51.44218603,7.46773603,245.11,36.73,0.33,258.55,1,-109.00,-9.00,-1.00,7.00,24.00,14.00,12918811,326
292.31,1567659621,4728.46,51.44212483,7.46721662,244.25,36.78,0.05,258.97,1,-102.00,-10.00,2.00,8.00,34.00,11.00,12935170,342
293.31,1567659622,4765.24,51.44206642,7.46668334,243.13,36.81,0.03,259.79,1,-102.00,-10.00,2.00,8.00,34.00,11.00,12935170,342
294.31,1567659623,4802.01,51.44200513,7.46616025,241.92,37.02,0.21,260.63,1,-101.00,-10.00,6.00,8.00,35.00,11.00,12935170,342
295.31,1567659624,4838.96,51.44195123,7.46563150,240.78,37.04,0.01,260.99,1,-101.00,-10.00,6.00,8.00,35.00,11.00,12935170,342
296.31,1567659625,4876.11,51.44190525,7.46510112,239.78,36.86,-0.17,262.28,1,-104.00,-12.00,2.00,7.00,33.00,11.00,12935170,342
297.32,1567659626,4913.01,51.44185461,7.46457554,238.62,37.14,0.27,261.64,1,-104.00,-12.00,2.00,7.00,33.00,11.00,12935170,342
298.31,1567659627,4950.03,51.44180213,7.46405146,237.52,37.01,-0.13,262.57,1,-103.00,-10.00,-1.00,8.00,33.00,11.00,12935170,342
299.31,1567659628,4987.07,51.44175565,7.46352183,236.49,37.05,0.04,263.28,1,-103.00,-10.00,-1.00,8.00,33.00,11.00,12935170,342
300.31,1567659629,5024.08,51.44171126,7.46298875,235.62,37.03,-0.02,263.80,1,-101.00,-10.00,1.00,9.00,35.00,11.00,12935170,342
301.31,1567659630,5061.12,51.44167947,7.46246034,234.92,36.91,-0.12,264.85,1,-101.00,-10.00,1.00,9.00,35.00,11.00,12935170,342
302.31,1567659631,5098.03,51.44165032,7.46193120,234.57,36.91,-0.00,265.22,1,-99.00,-11.00,-3.00,8.00,38.00,11.00,12935170,342
303.31,1567659632,5134.90,51.44162160,7.46140402,234.24,36.79,-0.11,265.61,1,-99.00,-11.00,-3.00,8.00,38.00,11.00,12935170,342
304.32,1567659633,5171.84,51.44160216,7.46088111,233.96,36.44,-0.35,266.36,1,-96.00,-10.00,1.00,10.00,39.00,12.00,12935171,344
305.31,1567659634,5208.25,51.44158330,7.46036312,233.76,36.14,-0.30,266.91,1,-96.00,-10.00,1.00,10.00,39.00,12.00,12935171,344
306.32,1567659635,5244.61,51.44157318,7.45984753,233.81,36.04,-0.10,267.39,1,-94.00,-7.00,6.00,6.00,35.00,17.00,14301721,144
307.31,1567659636,5280.36,51.44155665,7.45932841,233.64,35.81,-0.23,268.02,1,-94.00,-7.00,6.00,6.00,35.00,17.00,14301721,144
308.31,1567659637,5316.17,51.44154950,7.45881458,233.38,35.90,0.09,268.84,1,-94.00,-7.00,6.00,6.00,35.00,17.00,14301721,144
309.31,1567659638,5352.07,51.44154156,7.45829276,233.17,35.90,-0.00,269.24,1,-85.00,-5.00,36.00,15.00,45.00,17.00,14301721,144
310.31,1567659639,5387.93,51.44153522,7.45777030,233.06,36.04,0.14,269.69,1,-85.00,-5.00,36.00,15.00,45.00,17.00,14301721,144
311.32,1567659640,5424.12,51.44153457,7.45725436,232.81,36.08,0.04,269.92,1,-82.00,-5.00,37.00,15.00,48.00,17.00,14301721,144
312.31,1567659641,5460.06,51.44153582,7.45673680,232.64,36.12,0.04,270.34,1,-82.00,-5.00,37.00,15.00,48.00,17.00,14301721,144
313.31,1567659642,5496.14,51.44153912,7.45622075,232.51,35.96,-0.16,270.74,1,-84.00,-5.00,38.00,14.00,46.00,17.00,14301721,144
314.31,1567659643,5532.10,51.44154796,7.45570579,232.29,36.01,0.05,271.18,1,-84.00,-5.00,38.00,14.00,46.00,17.00,14301721,144
315.31,1567659644,5568.12,51.44155512,7.45518359,232.15,35.88,-0.13,271.95,1,-81.00,-6.00,39.00,15.00,50.00,17.00,14301721,144
316.31,1567659645,5604.04,51.44157100,7.45466698,232.10,35.41,-0.48,272.75,1,-81.00,-6.00,39.00,15.00,50.00,17.00,14301721,144
317.31,1567659646,5639.44,51.44158550,7.45416436,231.96,34.76,-0.65,273.58,1,-80.00,-6.00,30.00,12.00,52.00,17.00,14301721,144
318.31,1567659647,5674.17,51.44160975,7.45365457,232.19,34.45,-0.31,274.63,1,-80.00,-6.00,30.00,12.00,52.00,17.00,14301721,144
319.31,1567659648,5708.62,51.44163486,7.45315699,232.43,33.95,-0.50,274.86,1,-83.00,-7.00,28.00,12.00,51.00,17.00,14301721,144
320.31,1567659649,5742.57,51.44166197,7.45267096,232.69,33.48,-0.47,275.47,1,-83.00,-7.00,28.00,12.00,51.00,17.00,14301721,144
321.31,1567659650,5776.05,51.44168908,7.45219849,232.79,32.89,-0.59,275.62,1,-82.00,-5.00,26.00,14.00,49.00,17.00,14301721,144
322.33,1567659651,5809.56,51.44172600,7.45173553,232.76,32.43,-0.45,276.50,1,-82.00,-5.00,26.00,14.00,49.00,17.00,14301721,144
323.31,1567659652,5841.40,51.44176448,7.45127896,232.78,31.63,-0.81,277.42,1,-81.00,-5.00,26.00,12.00,48.00,17.00,14301721,144
324.31,1567659653,5873.04,51.44180841,7.45082041,232.98,31.28,-0.35,277.56,1,-81.00,-5.00,26.00,12.00,48.00,17.00,14301721,144
325.31,1567659654,5904.29,51.44184664,7.45037549,233.15,30.90,-0.38,277.43,1,-80.00,-6.00,23.00,14.00,50.00,17.00,14301721,144
326.31,1567659655,5935.19,51.44188300,7.44994147,233.20,30.39,-0.51,277.85,1,-80.00,-6.00,23.00,14.00,50.00,17.00,14301721,144
327.32,1567659656,5965.82,51.44191985,7.44952314,232.95,29.90,-0.49,277.70,1,-77.00,-5.00,24.00,15.00,54.00,17.00,14301721,144
328.31,1567659657,5995.48,51.44195610,7.44910391,232.76,29.47,-0.43,278.00,1,-77.00,-5.00,24.00,15.00,54.00,17.00,14301721,144
329.31,1567659658,6024.95,51.44199816,7.44869957,232.37,28.78,-0.69,278.97,1,-77.00,-5.00,24.00,15.00,54.00,17.00,14301721,144
330.31,1567659659,6053.76,51.44203933,7.44829456,232.02,28.55,-0.24,279.46,1,-76.00,-5.00,28.00,15.00,56.00,17.00,14301721,144
331.31,1567659660,6082.28,51.44208597,7.44789162,231.66,28.50,-0.05,280.43,1,-76.00,-5.00,28.00,15.00,56.00,17.00,14301721,144
332.31,1567659661,6110.80,51.44213240,7.44749342,231.24,28.54,0.04,280.81,1,-76.00,-7.00,19.00,4.00,58.00,17.00,14301721,144
333.31,1567659662,6139.34,51.44218000,7.44708579,230.86,28.78,0.25,281.40,1,-76.00,-7.00,19.00,4.00,58.00,17.00,14301721,144
334.31,1567659663,6168.09,51.44223313,7.44668402,230.37,28.91,0.12,281.62,1,-74.00,-8.00,31.00,15.00,62.00,17.00,14301721,144
335.31,1567659664,6197.09,51.44228748,7.44627445,229.83,29.18,0.27,282.42,1,-74.00,-8.00,31.00,15.00,62.00,17.00,14301721,144
336.31,1567659665,6226.17,51.44234786,7.44586734,229.20,29.47,0.30,282.94,1,-71.00,-5.00,31.00,15.00,61.00,17.00,14301721,144
337.31,1567659666,6255.67,51.44240903,7.44544447,228.73,29.89,0.42,283.12,1,-71.00,-5.00,31.00,15.00,61.00,17.00,14301721,144
338.31,1567659667,6285.57,51.44247060,7.44503045,228.13,30.10,0.21,283.30,1,-75.00,-5.00,40.00,12.00,55.00,17.00,14301721,144
339.31,1567659668,6315.67,51.44253174,7.44460816,227.62,30.21,0.11,283.45,1,-75.00,-5.00,40.00,12.00,55.00,17.00,14301721,144
340.31,1567659669,6345.88,51.44259560,7.44418428,227.20,30.59,0.37,284.04,1,-70.00,-5.00,21.00,15.00,61.00,17.00,14301721,144
341.31,1567659670,6376.44,51.44266377,7.44374893,227.13,30.72,0.14,284.16,1,-70.00,-5.00,21.00,15.00,61.00,17.00,14301721,144
342.31,1567659671,6407.19,51.44272896,7.44331750,226.94,30.86,0.14,284.92,1,-68.00,-6.00,29.00,15.00,60.00,17.00,14301721,144
343.31,1567659672,6438.02,51.44280727,7.44288247,226.88,30.98,0.12,285.81,1,-68.00,-6.00,29.00,15.00,60.00,17.00,14301721,144
344.31,1567659673,6469.00,51.44287917,7.44245907,226.41,31.13,0.15,285.72,1,-75.00,-6.00,37.00,15.00,56.00,17.00,14301721,144
345.31,1567659674,6500.13,51.44295886,7.44203542,225.88,30.96,-0.17,287.02,1,-75.00,-6.00,37.00,15.00,56.00,17.00,14301721,144
346.31,1567659675,6531.15,51.44303903,7.44161097,225.44,30.64,-0.32,286.51,1,-79.00,-9.00,14.00,11.00,55.00,1.00,14301723,144
347.31,1567659676,6561.75,51.44311603,7.44120499,224.63,30.27,-0.37,287.11,1,-79.00,-9.00,14.00,11.00,55.00,1.00,14301723,144
348.32,1567659677,6592.29,51.44319720,7.44080231,223.62,29.90,-0.36,287.51,1,-77.00,-7.00,11.00,14.00,54.00,1.00,14301723,146
349.31,1567659678,6621.93,51.44328165,7.44040430,222.53,29.51,-0.39,288.09,1,-77.00,-7.00,11.00,14.00,54.00,1.00,14301723,146
350.31,1567659679,6651.47,51.44336533,7.43999819,221.60,29.51,0.00,288.07,1,-77.00,-7.00,11.00,14.00,54.00,1.00,14301723,146
351.31,1567659680,6680.92,51.44345096,7.43960559,220.69,29.02,-0.50,289.16,1,-74.00,-6.00,27.00,15.00,57.00,1.00,14301723,146
352.31,1567659681,6709.94,51.44353717,7.43920561,219.95,29.14,0.12,289.26,1,-74.00,-6.00,27.00,15.00,57.00,1.00,14301723,146
353.31,1567659682,6739.08,51.44362156,7.43880573,219.18,29.34,0.20,288.74,1,-73.00,-6.00,37.00,15.00,55.00,1.00,14301723,146
354.31,1567659683,6768.42,51.44371061,7.43839794,218.57,29.56,0.22,289.58,1,-73.00,-6.00,37.00,15.00,55.00,1.00,14301723,146
355.31,1567659684,6797.98,51.44380405,7.43799372,217.93,29.97,0.42,290.48,1,-73.00,-5.00,39.00,15.00,57.00,1.00,14301723,146
356.31,1567659685,6827.95,51.44390247,7.43759020,217.21,30.10,0.13,291.50,1,-73.00,-5.00,39.00,15.00,57.00,1.00,14301723,146
357.31,1567659686,6858.08,51.44399909,7.43719045,216.44,30.11,0.01,291.12,1,-76.00,-6.00,40.00,15.00,56.00,1.00,14301723,146
358.31,1567659687,6888.16,51.44409519,7.43678115,215.59,30.21,0.11,290.40,1,-76.00,-6.00,40.00,15.00,56.00,1.00,14301723,146
359.31,1567659688,6918.37,51.44419736,7.43637019,214.51,30.03,-0.19,291.55,1,-81.00,-6.00,38.00,15.00,51.00,1.00,14301723,146
360.31,1567659689,6948.43,51.44429610,7.43596089,212.82,29.94,-0.09,292.40,1,-81.00,-6.00,38.00,15.00,51.00,1.00,14301723,146
361.31,1567659690,6978.34,51.44439321,7.43556860,211.80,30.06,0.12,292.45,1,-82.00,-7.00,34.00,15.00,48.00,1.00,14301723,146
362.32,1567659691,7008.69,51.44450187,7.43518059,210.99,30.37,0.31,294.07,1,-82.00,-7.00,34.00,15.00,48.00,1.00,14301723,146
363.31,1567659692,7038.76,51.44461204,7.43478457,210.17,30.55,0.18,294.55,1,-83.00,-7.00,34.00,15.00,49.00,1.00,14301723,146
364.31,1567659693,7069.31,51.44472849,7.43439674,209.31,30.08,-0.47,295.82,1,-83.00,-7.00,34.00,15.00,49.00,1.00,14301723,146
365.31,1567659694,7099.39,51.44484537,7.43400740,208.36,29.79,-0.29,296.57,1,-82.00,-5.00,34.00,15.00,46.00,1.00,14301723,146
366.31,1567659695,7129.18,51.44497221,7.43361817,207.43,29.81,0.02,297.45,1,-82.00,-5.00,34.00,15.00,46.00,1.00,14301723,146
367.31,1567659696,7158.99,51.44509850,7.43323096,206.58,29.84,0.03,298.04,1,-81.00,-5.00,23.00,1.00,47.00,1.00,14301723,146
368.31,1567659697,7188.86,51.44522884,7.43285034,205.78,29.75,-0.09,298.60,1,-81.00,-5.00,23.00,1.00,47.00,1.00,14301723,146
369.32,1567659698,7218.88,51.44536142,7.43247360,205.32,29.44,-0.31,299.02,1,-94.00,-8.00,21.00,4.00,41.00,1.00,14301723,146
370.31,1567659699,7248.06,51.44550005,7.43210860,205.01,29.38,-0.06,300.68,1,-94.00,-8.00,21.00,4.00,41.00,1.00,14301723,146
371.31,1567659700,7277.45,51.44564396,7.43175941,204.70,29.11,-0.27,303.04,1,-94.00,-8.00,21.00,4.00,41.00,1.00,14301723,146
372.31,1567659701,7306.56,51.44578868,7.43141309,204.50,28.74,-0.37,303.55,1,-90.00,-6.00,27.00,10.00,40.00,1.00,14301723,146
373.31,1567659702,7335.26,51.44593776,7.43107467,204.25,28.55,-0.18,304.41,1,-90.00,-6.00,27.00,10.00,40.00,1.00,14301723,146
374.31,1567659703,7363.82,51.44609229,7.43073879,203.93,28.81,0.25,305.58,1,-86.00,-5.00,31.00,15.00,38.00,1.00,14301723,146
375.31,1567659704,7392.63,51.44625355,7.43039940,203.56,29.48,0.68,306.63,1,-86.00,-5.00,31.00,15.00,38.00,1.00,14301723,146
376.31,1567659705,7422.17,51.44641934,7.43006060,203.12,29.85,0.36,307.65,1,-86.00,-4.00,14.00,2.00,40.00,12.00,14301723,146
377.31,1567659706,7451.99,51.44658950,7.42972383,202.64,30.38,0.53,308.66,1,-86.00,-4.00,14.00,2.00,40.00,12.00,14301723,146
378.31,1567659707,7482.36,51.44676066,7.42939444,201.64,30.82,0.44,310.06,1,-90.00,-5.00,16.00,11.00,39.00,12.00,14301723,146
379.31,1567659708,7513.18,51.44694135,7.42907402,200.30,30.99,0.17,312.27,1,-90.00,-5.00,16.00,11.00,39.00,12.00,14301723,146
380.31,1567659709,7544.17,51.44713495,7.42876668,198.99,31.13,0.14,315.27,1,-102.00,-6.00,11.00,8.00,29.00,12.00,14301723,146
381.31,1567659710,7575.30,51.44733260,7.42847360,197.28,30.52,-0.61,316.85,1,-102.00,-6.00,11.00,8.00,29.00,12.00,14301723,146
382.31,1567659711,7605.85,51.44752877,7.42817877,195.53,30.42,-0.10,316.63,1,-103.00,-7.00,8.00,10.00,27.00,12.00,14301723,146
383.31,1567659712,7636.26,51.44772987,7.42789561,193.63,30.34,-0.07,318.20,1,-103.00,-7.00,8.00,10.00,27.00,12.00,14301723,146
384.31,1567659713,7666.57,51.44793490,7.42761041,191.67,30.54,0.20,318.44,1,-106.00,-7.00,3.00,11.00,25.00,12.00,14301723,146
385.31,1567659714,7697.11,51.44814568,7.42733470,189.89,30.32,-0.22,320.00,1,-106.00,-7.00,3.00,11.00,25.00,12.00,14301723,146
386.31,1567659715,7727.43,51.44836516,7.42707209,188.36,30.22,-0.10,322.64,1,-102.00,-8.00,4.00,13.00,25.00,12.00,14301723,146
387.31,1567659716,7757.68,51.44858461,7.42681076,186.99,30.00,-0.23,323.05,1,-102.00,-8.00,4.00,13.00,25.00,12.00,14301723,146
388.31,1567659717,7787.65,51.44880791,7.42656248,186.14,30.11,0.12,324.18,1,-94.00,-6.00,-3.00,10.00,38.00,17.00,13806082,70
389.31,1567659718,7817.76,51.44903157,7.42632398,185.38,29.85,-0.26,325.36,1,-94.00,-6.00,-3.00,10.00,38.00,17.00,13806082,70
390.32,1567659719,7847.88,51.44926215,7.42609372,184.57,30.20,0.35,327.06,1,-97.00,-8.00,5.00,7.00,36.00,17.00,13806082,70
391.31,1567659720,7877.84,51.44949636,7.42587077,183.79,30.30,0.10,328.39,1,-97.00,-8.00,5.00,7.00,36.00,17.00,13806082,70
392.31,1567659721,7908.14,51.44973562,7.42565320,182.85,30.38,0.08,329.80,1,-97.00,-8.00,5.00,7.00,36.00,17.00,13806082,70
393.31,1567659722,7938.49,51.44997051,7.42544664,181.64,30.10,-0.28,331.09,1,-90.00,-6.00,16.00,10.00,42.00,17.00,13806082,70
394.31,1567659723,7968.63,51.45021056,7.42524520,180.18,30.20,0.10,332.55,1,-90.00,-6.00,16.00,10.00,42.00,17.00,13806082,70
395.31,1567659724,7998.83,51.45045043,7.42505093,178.43,30.27,0.07,333.75,1,-95.00,-9.00,4.00,7.00,40.00,17.00,13806082,70
396.31,1567659725,8029.10,51.45070213,7.42484959,177.41,30.55,0.28,334.74,1,-95.00,-9.00,4.00,7.00,40.00,17.00,13806082,70
397.31,1567659726,8059.62,51.45094900,7.42466751,175.98,29.85,-0.70,336.06,1,-90.00,-8.00,1.00,8.00,44.00,17.00,13806082,70
398.31,1567659727,8089.51,51.45119353,7.42450425,174.83,28.86,-0.99,337.81,1,-90.00,-8.00,1.00,8.00,44.00,17.00,13806082,70
399.31,1567659728,8118.37,51.45143929,7.42436369,173.98,27.60,-1.26,339.24,1,-83.00,-7.00,8.00,2.00,52.00,17.00,13806082,70
400.31,1567659729,8146.00,51.45167473,7.42423119,172.84,27.11,-0.49,339.84,1,-83.00,-7.00,8.00,2.00,52.00,17.00,13806082,70
401.31,1567659730,8173.03,51.45190373,7.42410300,171.51,26.45,-0.66,340.12,1,-102.00,-6.00,14.00,2.00,30.00,17.00,12896807,376
402.31,1567659731,8199.47,51.45213340,7.42398498,170.46,26.43,-0.01,340.82,1,-102.00,-6.00,14.00,2.00,30.00,17.00,12896807,376
403.31,1567659732,8225.93,51.45235924,7.42387832,169.37,26.16,-0.28,341.93,1,-106.00,-7.00,11.00,2.00,27.00,17.00,12896807,376
404.31,1567659733,8252.09,51.45258573,7.42376566,168.66,26.18,0.02,341.98,1,-106.00,-7.00,11.00,2.00,27.00,17.00,12896807,376
405.31,1567659734,8278.27,51.45281173,7.42365354,167.61,26.56,0.38,342.54,1,-109.00,-8.00,16.00,2.00,26.00,17.00,12896807,376
406.31,1567659735,8304.83,51.45304342,7.42354139,166.83,26.94,0.38,342.73,1,-109.00,-8.00,16.00,2.00,26.00,17.00,12896807,376
407.31,1567659736,8331.77,51.45327853,7.42343510,166.07,27.46,0.51,342.95,1,-108.00,-8.00,15.00,2.00,28.00,17.00,12896807,376
408.31,1567659737,8359.23,51.45351494,7.42332628,165.11,27.72,0.26,343.27,1,-108.00,-8.00,15.00,2.00,28.00,17.00,12896807,376
409.31,1567659738,8386.94,51.45376282,7.42322774,164.20,28.61,0.89,345.27,1,-110.00,-8.00,10.00,2.00,26.00,17.00,12896807,376
410.31,1567659739,8415.55,51.45400956,7.42311663,163.56,28.39,-0.22,343.85,1,-110.00,-8.00,10.00,2.00,26.00,17.00,12896807,376
411.32,1567659740,8444.22,51.45425090,7.42300687,162.96,28.33,-0.06,343.41,1,-111.00,-9.00,13.00,2.00,26.00,17.00,12896807,376
412.31,1567659741,8472.29,51.45449385,7.42289632,162.30,28.39,0.07,343.21,1,-111.00,-9.00,13.00,2.00,26.00,17.00,12896807,376
413.31,1567659742,8500.65,51.45473764,7.42278425,161.77,28.25,-0.14,343.09,1,-111.00,-9.00,13.00,2.00,26.00,17.00,12896807,376
414.31,1567659743,8528.91,51.45498233,7.42266904,161.38,28.43,0.17,343.14,1,-109.00,-8.00,9.00,2.00,27.00,17.00,12896807,376
415.31,1567659744,8557.34,51.45522632,7.42255682,161.27,28.63,0.20,343.14,1,-109.00,-8.00,9.00,2.00,27.00,17.00,12896807,376
416.31,1567659745,8585.99,51.45547040,7.42243570,161.27,28.90,0.27,342.53,1,-108.00,-10.00,2.00,10.00,29.00,34.00,12896807,376
417.31,1567659746,8614.86,51.45571553,7.42231599,161.17,29.08,0.18,342.53,1,-108.00,-10.00,2.00,10.00,29.00,34.00,12896807,376
418.31,1567659747,8643.95,51.45596445,7.42218975,160.81,29.20,0.12,342.24,1,-102.00,-10.00,8.00,11.00,35.00,34.00,12896807,206
419.31,1567659748,8673.18,51.45620857,7.42205590,160.28,29.25,0.05,340.85,1,-102.00,-10.00,8.00,11.00,35.00,34.00,12896807,206
420.31,1567659749,8702.40,51.45645540,7.42190916,159.99,29.41,0.16,339.45,1,-104.00,-6.00,8.00,13.00,28.00,34.00,12896807,376
421.31,1567659750,8731.81,51.45670246,7.42175733,159.71,29.32,-0.09,338.79,1,-104.00,-6.00,8.00,13.00,28.00,34.00,12896807,376
422.31,1567659751,8761.13,51.45694552,7.42159807,159.25,29.10,-0.23,338.02,1,-101.00,-7.00,13.00,13.00,31.00,34.00,12896807,376
423.31,1567659752,8790.20,51.45718707,7.42143940,158.92,29.12,0.02,337.04,1,-101.00,-7.00,13.00,13.00,31.00,34.00,12896807,376
424.31,1567659753,8819.38,51.45742449,7.42126877,158.82,29.35,0.22,336.06,1,-104.00,-9.00,4.00,14.00,32.00,34.00,12896807,376
425.31,1567659754,8848.73,51.45766446,7.42109431,158.79,29.39,0.04,335.23,1,-104.00,-9.00,4.00,14.00,32.00,34.00,12896807,376
426.31,1567659755,8878.09,51.45790231,7.42090787,158.95,29.37,-0.02,334.43,1,-100.00,-7.00,4.00,13.00,34.00,29.00,13884455,376
427.31,1567659756,8907.46,51.45814253,7.42071948,159.01,29.58,0.22,333.88,1,-100.00,-7.00,4.00,13.00,34.00,29.00,13884455,376
428.31,1567659757,8937.04,51.45837451,7.42052943,159.08,29.17,-0.41,332.97,1,-101.00,-7.00,9.00,15.00,33.00,29.00,13884455,206
429.31,1567659758,8966.22,51.45860365,7.42033700,159.27,28.49,-0.69,332.33,1,-101.00,-7.00,9.00,15.00,33.00,29.00,13884455,206
430.31,1567659759,8994.67,51.45882546,7.42014117,159.41,28.14,-0.34,331.59,1,-97.00,-7.00,14.00,10.00,35.00,29.00,13884455,206
431.31,1567659760,9022.85,51.45904376,7.41995209,159.34,28.13,-0.01,330.59,1,-97.00,-7.00,14.00,10.00,35.00,29.00,13884455,206
432.32,1567659761,9051.15,51.45925963,7.41974936,158.97,27.97,-0.17,329.57,1,-95.00,-6.00,20.00,8.00,35.00,29.00,13884455,206
433.31,1567659762,9078.92,51.45947417,7.41954644,158.63,28.07,0.11,329.29,1,-95.00,-6.00,20.00,8.00,35.00,29.00,13884455,206
434.31,1567659763,9106.99,51.45968761,7.41933741,158.31,28.14,0.07,328.50,1,-95.00,-6.00,20.00,8.00,35.00,29.00,13884455,206
435.31,1567659764,9135.13,51.45990073,7.41911745,157.98,28.23,0.08,327.12,1,-106.00,-8.00,11.00,9.00,29.00,29.00,13884455,206
436.31,1567659765,9163.36,51.46011633,7.41889172,157.57,28.62,0.39,326.75,1,-106.00,-8.00,11.00,9.00,29.00,29.00,13884455,206
437.31,1567659766,9191.98,51.46032922,7.41866641,157.02,29.04,0.42,326.50,1,-96.00,-7.00,11.00,2.00,34.00,29.00,13884455,206
438.31,1567659767,9221.02,51.46054378,7.41844033,156.62,29.45,0.41,326.66,1,-96.00,-7.00,11.00,2.00,34.00,29.00,13884455,206
439.31,1567659768,9250.50,51.46076402,7.41820816,156.18,29.85,0.40,326.84,1,-103.00,-6.00,11.00,2.00,29.00,29.00,13884455,206
440.31,1567659769,9280.32,51.46098872,7.41795583,155.95,30.34,0.49,325.35,1,-103.00,-6.00,11.00,2.00,29.00,29.00,13884455,206
441.31,1567659770,9310.69,51.46121015,7.41769209,155.91,30.44,0.10,323.43,1,-103.00,-7.00,10.00,2.00,30.00,29.00,13884455,206
442.31,1567659771,9341.13,51.46142410,7.41742086,155.94,30.47,0.03,321.64,1,-103.00,-7.00,10.00,2.00,30.00,29.00,13884455,206
443.31,1567659772,9371.63,51.46163755,7.41715077,156.10,30.38,-0.09,320.68,1,-104.00,-8.00,7.00,2.00,30.00,29.00,13884455,206
444.31,1567659773,9401.98,51.46184578,7.41686874,156.29,30.32,-0.06,319.76,1,-104.00,-8.00,7.00,2.00,30.00,29.00,13884455,206
445.31,1567659774,9432.31,51.46205187,7.41657092,156.40,30.60,0.28,318.21,1,-106.00,-9.00,7.00,2.00,29.00,29.00,13884455,206
446.31,1567659775,9462.94,51.46225120,7.41628636,156.34,30.19,-0.42,317.96,1,-106.00,-9.00,7.00,2.00,29.00,29.00,13884455,206
447.31,1567659776,9493.10,51.46245386,7.41600034,156.47,30.34,0.15,317.35,1,-108.00,-10.00,7.00,2.00,28.00,29.00,13884455,206
448.31,1567659777,9523.47,51.46265423,7.41570598,156.69,30.35,0.01,316.96,1,-108.00,-10.00,7.00,2.00,28.00,29.00,13884455,206
449.31,1567659778,9553.81,51.46285017,7.41539939,156.96,30.48,0.13,315.39,1,-107.00,-9.00,2.00,2.00,29.00,29.00,13884455,206
450.31,1567659779,9584.29,51.46304532,7.41509566,157.37,30.58,0.10,314.47,1,-107.00,-9.00,2.00,2.00,29.00,29.00,13884455,206
451.31,1567659780,9614.81,51.46323753,7.41477063,157.80,30.72,0.15,313.77,1,-109.00,-9.00,-2.00,2.00,27.00,29.00,12896807,376
452.31,1567659781,9645.53,51.46341993,7.41446141,158.18,30.36,-0.37,313.04,1,-109.00,-9.00,-2.00,2.00,27.00,29.00,12896807,376
453.32,1567659782,9676.25,51.46360015,7.41413415,158.45,30.13,-0.22,311.77,1,-88.00,-8.00,4.00,2.00,41.00,29.00,13806105,69
454.31,1567659783,9706.11,51.46378228,7.41380767,158.81,30.10,-0.03,311.24,1,-88.00,-8.00,4.00,2.00,41.00,29.00,13806105,69
455.31,1567659784,9736.22,51.46395830,7.41347900,159.37,30.21,0.11,310.52,1,-88.00,-8.00,4.00,2.00,41.00,29.00,13806105,69
456.31,1567659785,9766.40,51.46413326,7.41315050,159.91,30.21,-0.00,310.16,1,-89.00,-8.00,9.00,2.00,42.00,10.00,13806105,69
457.31,1567659786,9796.58,51.46430643,7.41281883,160.38,30.30,0.09,309.68,1,-89.00,-8.00,9.00,2.00,42.00,10.00,13806105,69
458.31,1567659787,9826.88,51.46447510,7.41248273,160.64,30.19,-0.12,308.80,1,-98.00,-13.00,6.00,7.00,39.00,26.00,12962329,69
459.31,1567659788,9857.07,51.46464580,7.41214173,160.94,30.16,-0.03,308.56,1,-98.00,-13.00,6.00,7.00,39.00,26.00,12962329,69
460.31,1567659789,9887.28,51.46481427,7.41180592,160.95,30.04,-0.12,309.08,1,-97.00,-10.00,-1.00,6.00,37.00,10.00,13806105,69
461.31,1567659790,9917.29,51.46498285,7.41147448,161.05,30.29,0.25,308.28,1,-97.00,-10.00,-1.00,6.00,37.00,10.00,13806105,69
462.31,1567659791,9947.58,51.46515367,7.41112357,160.95,30.14,-0.15,308.21,1,-99.00,-10.00,14.00,7.00,36.00,10.00,13806105,69
463.31,1567659792,9977.71,51.46532165,7.41077668,160.83,30.09,-0.05,308.10,1,-99.00,-10.00,14.00,7.00,36.00,10.00,13806105,69
464.31,1567659793,10007.84,51.46548792,7.41043557,160.94,30.14,0.05,307.83,1,-106.00,-13.00,-3.00,6.00,32.00,37.00,12896795,459
465.31,1567659794,10037.95,51.46565159,7.41009412,161.19,30.29,0.15,307.74,1,-106.00,-13.00,-3.00,6.00,32.00,37.00,12896795,459
466.31,1567659795,10068.27,51.46581602,7.40975433,161.36,30.51,0.22,307.69,1,-108.00,-17.00,-4.00,4.00,34.00,37.00,12896795,376
467.31,1567659796,10098.78,51.46598303,7.40941158,161.57,30.71,0.20,307.70,1,-108.00,-17.00,-4.00,4.00,34.00,37.00,12896795,376
468.31,1567659797,10129.46,51.46615381,7.40905938,161.77,30.83,0.12,307.92,1,-91.00,-11.00,-8.00,6.00,46.00,30.00,13884443,206
469.31,1567659798,10160.29,51.46632743,7.40870042,161.91,31.06,0.24,308.42,1,-91.00,-11.00,-8.00,6.00,46.00,30.00,13884443,206
470.31,1567659799,10191.38,51.46649863,7.40834929,162.14,31.10,0.04,308.54,1,-94.00,-9.00,-5.00,6.00,40.00,38.00,12896795,376
471.31,1567659800,10222.45,51.46667168,7.40799001,162.46,31.10,-0.00,308.73,1,-94.00,-9.00,-5.00,6.00,40.00,38.00,12896795,376
472.31,1567659801,10253.55,51.46684848,7.40764696,162.72,31.20,0.10,308.92,1,-80.00,-6.00,4.00,6.00,54.00,25.00,12962305,459
473.35,1567659802,10286.03,51.46702585,7.40730901,162.85,31.27,0.07,309.02,1,-80.00,-6.00,4.00,6.00,54.00,25.00,12962305,459
474.31,1567659803,10316.05,51.46720521,7.40695824,162.93,31.31,0.03,309.24,1,-82.00,-12.00,-3.00,9.00,56.00,30.00,13884419,206
475.31,1567659804,10347.32,51.46738752,7.40661759,163.09,31.06,-0.25,310.25,1,-82.00,-12.00,-3.00,9.00,56.00,30.00,13884419,206
476.33,1567659805,10378.78,51.46756913,7.40628406,163.21,30.75,-0.31,310.49,1,-87.00,-15.00,-6.00,6.00,54.00,31.00,13884419,459
477.31,1567659806,10409.19,51.46774624,7.40595151,163.35,29.72,-1.04,311.00,1,-87.00,-15.00,-6.00,6.00,54.00,31.00,13884419,459
478.32,1567659807,10438.94,51.46791272,7.40563963,163.56,27.61,-2.10,310.82,1,-87.00,-15.00,-6.00,6.00,54.00,31.00,13884419,459
479.32,1567659808,10466.64,51.46807152,7.40532975,163.97,26.61,-1.00,310.97,1,-103.00,-18.00,-5.00,3.00,41.00,25.00,12962329,206
480.32,1567659809,10493.20,51.46822534,7.40503969,164.45,26.07,-0.54,311.15,1,-103.00,-18.00,-5.00,3.00,41.00,25.00,12962329,206
481.31,1567659810,10519.21,51.46838178,7.40476329,164.80,25.97,-0.10,311.95,1,-100.00,-14.00,-4.00,6.00,40.00,25.00,12962329,459
482.31,1567659811,10545.15,51.46853973,7.40449304,164.80,25.95,-0.01,312.21,1,-100.00,-14.00,-4.00,6.00,40.00,25.00,12962329,459
483.31,1567659812,10571.11,51.46869969,7.40421884,164.75,25.96,0.01,312.59,1,-99.00,-11.00,-5.00,6.00,38.00,49.00,14301723,146
484.31,1567659813,10597.07,51.46885942,7.40395298,164.84,25.70,-0.27,313.17,1,-99.00,-11.00,-5.00,6.00,38.00,49.00,14301723,146
485.31,1567659814,10622.77,51.46901889,7.40368420,164.84,25.49,-0.20,313.49,1,-98.00,-9.00,0.00,9.00,36.00,49.00,14301723,146
486.31,1567659815,10648.26,51.46917463,7.40342536,165.04,25.11,-0.38,313.99,1,-98.00,-9.00,0.00,9.00,36.00,49.00,14301723,146
487.31,1567659816,10673.32,51.46933328,7.40317450,165.56,24.99,-0.12,314.83,1,-98.00,-9.00,-6.00,5.00,36.00,49.00,14301723,146
488.31,1567659817,10698.34,51.46949180,7.40291777,165.97,24.84,-0.15,314.37,1,-98.00,-9.00,-6.00,5.00,36.00,49.00,14301723,146
489.31,1567659818,10723.18,51.46964609,7.40264959,166.08,25.18,0.34,313.53,1,-95.00,-8.00,1.00,10.00,37.00,49.00,14301723,146
490.31,1567659819,10748.36,51.46979826,7.40238869,166.41,25.47,0.29,313.60,1,-95.00,-8.00,1.00,10.00,37.00,49.00,14301723,146
491.31,1567659820,10773.83,51.46995153,7.40212576,166.64,25.46,-0.01,312.96,1,-93.00,-6.00,2.00,2.00,39.00,49.00,14301723,146
492.31,1567659821,10799.30,51.47011097,7.40186736,166.91,25.60,0.14,315.10,1,-93.00,-6.00,2.00,2.00,39.00,49.00,14301723,146
493.31,1567659822,10824.85,51.47027518,7.40159790,167.02,25.88,0.28,315.72,1,-97.00,-8.00,7.00,2.00,33.00,49.00,14301723,146
494.31,1567659823,10850.76,51.47044228,7.40132262,167.08,26.23,0.35,315.89,1,-97.00,-8.00,7.00,2.00,33.00,49.00,14301723,146
495.31,1567659824,10876.96,51.47060776,7.40105002,167.07,26.58,0.35,315.79,1,-96.00,-7.00,8.00,2.00,34.00,49.00,14301723,146
496.31,1567659825,10903.54,51.47077303,7.40077905,166.93,26.30,-0.28,315.91,1,-96.00,-7.00,8.00,2.00,34.00,49.00,14301723,146
497.32,1567659826,10930.07,51.47093449,7.40051514,166.77,25.66,-0.63,315.85,1,-93.00,-7.00,10.00,10.00,36.00,55.00,14301723,146
498.31,1567659827,10955.53,51.47109302,7.40026509,166.93,25.40,-0.27,315.71,1,-93.00,-7.00,10.00,10.00,36.00,55.00,14301723,146
499.31,1567659828,10980.90,51.47126070,7.40002232,167.44,25.27,-0.13,316.76,1,-93.00,-7.00,10.00,10.00,36.00,55.00,14301723,146
500.31,1567659829,11006.22,51.47143033,7.39978136,168.14,25.40,0.12,317.41,1,-92.00,-6.00,10.00,9.00,37.00,55.00,14301723,146
501.31,1567659830,11031.62,51.47160231,7.39954889,168.65,25.32,-0.08,318.39,1,-92.00,-6.00,10.00,9.00,37.00,55.00,14301723,146
502.31,1567659831,11056.94,51.47177241,7.39931789,168.84,25.31,-0.01,318.77,1,-91.00,-8.00,5.00,13.00,39.00,55.00,14301723,146
503.31,1567659832,11082.22,51.47194441,7.39908483,168.80,25.64,0.33,318.01,1,-91.00,-8.00,5.00,13.00,39.00,55.00,14301723,146
504.31,1567659833,11107.89,51.47211798,7.39884527,168.63,25.87,0.23,318.97,1,-92.00,-6.00,12.00,12.00,36.00,55.00,14301723,146
505.31,1567659834,11133.76,51.47230087,7.39860433,168.58,26.07,0.20,319.72,1,-92.00,-6.00,12.00,12.00,36.00,55.00,14301723,146
506.31,1567659835,11159.83,51.47248545,7.39836341,168.96,26.00,-0.07,319.76,1,-94.00,-8.00,6.00,9.00,37.00,55.00,14301723,146
507.31,1567659836,11185.80,51.47266768,7.39812204,169.45,26.13,0.13,319.65,1,-94.00,-8.00,6.00,9.00,37.00,55.00,14301723,146
508.31,1567659837,11211.96,51.47284939,7.39787276,169.99,26.45,0.32,319.84,1,-94.00,-7.00,15.00,14.00,34.00,55.00,14301723,146
509.31,1567659838,11238.44,51.47303623,7.39762229,170.35,26.62,0.17,320.30,1,-94.00,-7.00,15.00,14.00,34.00,55.00,14301723,146
510.31,1567659839,11264.99,51.47322022,7.39737687,170.70,26.50,-0.12,320.68,1,-93.00,-8.00,6.00,2.00,36.00,55.00,14301723,146
511.31,1567659840,11291.52,51.47340478,7.39713485,170.77,25.99,-0.51,321.15,1,-93.00,-8.00,6.00,2.00,36.00,55.00,14301723,146
512.31,1567659841,11317.51,51.47358349,7.39689199,170.85,25.66,-0.33,321.19,1,-95.00,-7.00,4.00,2.00,34.00,55.00,14301723,146
513.31,1567659842,11343.15,51.47376030,7.39665240,171.12,25.30,-0.37,321.80,1,-95.00,-7.00,4.00,2.00,34.00,55.00,14301723,146
514.31,1567659843,11368.47,51.47394079,7.39641691,171.40,25.11,-0.18,322.22,1,-97.00,-7.00,8.00,2.00,32.00,55.00,14301723,146
515.31,1567659844,11393.55,51.47411845,7.39618452,171.69,25.00,-0.12,322.94,1,-97.00,-7.00,8.00,2.00,32.00,55.00,14301723,146
516.31,1567659845,11418.55,51.47429626,7.39596288,172.09,24.96,-0.04,323.24,1,-99.00,-6.00,1.00,2.00,29.00,55.00,14301723,146
517.31,1567659846,11443.51,51.47447568,7.39574697,172.35,24.88,-0.08,324.56,1,-99.00,-6.00,1.00,2.00,29.00,55.00,14301723,146
518.32,1567659847,11468.66,51.47465614,7.39553729,172.99,25.20,0.32,324.70,1,-105.00,-14.00,-11.00,5.00,34.00,13.00,13884162,59
519.31,1567659848,11493.55,51.47483990,7.39534386,174.04,24.96,-0.24,326.72,1,-105.00,-14.00,-11.00,5.00,34.00,13.00,13884162,59
520.31,1567659849,11518.62,51.47502813,7.39514509,175.06,24.86,-0.11,327.05,1,-105.00,-14.00,-11.00,5.00,34.00,13.00,13884162,59
521.32,1567659850,11543.50,51.47521886,7.39495311,175.86,24.49,-0.37,328.08,1,-99.00,-11.00,-3.00,8.00,38.00,13.00,13884162,59
522.32,1567659851,11567.98,51.47540768,7.39476840,176.48,24.07,-0.41,328.89,1,-99.00,-11.00,-3.00,8.00,38.00,13.00,13884162,59
523.31,1567659852,11592.01,51.47559190,7.39459523,177.22,23.71,-0.37,329.69,1,-90.00,-7.00,6.00,11.00,43.00,13.00,13884162,59
524.31,1567659853,11615.62,51.47577893,7.39442813,177.99,23.52,-0.19,331.46,1,-90.00,-7.00,6.00,11.00,43.00,13.00,13884162,59
525.31,1567659854,11639.21,51.47596902,7.39425835,178.39,23.72,0.20,331.32,1,-102.00,-8.00,11.00,12.00,33.00,12.00,13884187,57
526.31,1567659855,11662.93,51.47615797,7.39409274,178.67,23.60,-0.12,331.82,1,-102.00,-8.00,11.00,12.00,33.00,12.00,13884187,57
527.31,1567659856,11686.55,51.47634106,7.39393336,178.66,23.65,0.05,332.89,1,-106.00,-9.00,6.00,9.00,28.00,12.00,13884187,57
528.31,1567659857,11710.20,51.47653318,7.39376915,178.94,23.52,-0.13,334.03,1,-106.00,-9.00,6.00,9.00,28.00,12.00,13884187,57
529.31,1567659858,11733.75,51.47672478,7.39361240,179.48,23.60,0.08,334.84,1,-108.00,-11.00,0.00,7.00,27.00,12.00,13884187,57
530.32,1567659859,11757.37,51.47691412,7.39347040,179.88,23.20,-0.40,335.72,1,-108.00,-11.00,0.00,7.00,27.00,12.00,13884187,57
531.31,1567659860,11780.53,51.47709563,7.39334825,180.25,21.75,-1.46,337.82,1,-107.00,-10.00,1.00,8.00,29.00,33.00,12962329,459
532.31,1567659861,11802.27,51.47727303,7.39324357,180.75,20.21,-1.54,340.45,1,-107.00,-10.00,1.00,8.00,29.00,33.00,12962329,459
533.31,1567659862,11822.50,51.47744319,7.39316201,180.86,19.39,-0.82,344.04,1,-101.00,-10.00,1.00,11.00,33.00,33.00,12962329,459
534.31,1567659863,11841.87,51.47760457,7.39309008,180.79,18.66,-0.73,345.33,1,-101.00,-10.00,1.00,11.00,33.00,33.00,12962329,459
535.31,1567659864,11860.53,51.47776427,7.39303480,180.13,18.18,-0.48,348.23,1,-98.00,-8.00,7.00,9.00,35.00,33.00,12962329,459
536.31,1567659865,11878.73,51.47792446,7.39303943,179.29,17.41,-0.77,1.52,1,-98.00,-8.00,7.00,9.00,35.00,33.00,12962329,459
537.31,1567659866,11896.13,51.47807488,7.39305035,178.45,16.68,-0.74,3.27,1,-92.00,-10.00,13.00,12.00,41.00,33.00,12962329,459
538.31,1567659867,11912.79,51.47822067,7.39308102,177.81,16.02,-0.66,6.84,1,-92.00,-10.00,13.00,12.00,41.00,33.00,12962329,459
539.32,1567659868,11928.94,51.47836323,7.39313031,177.67,15.20,-0.82,10.45,1,-94.00,-8.00,14.00,12.00,36.00,33.00,12962329,459
540.31,1567659869,11944.02,51.47849150,7.39322281,177.49,15.21,0.01,24.05,1,-94.00,-8.00,14.00,12.00,36.00,33.00,12962329,459
541.31,1567659870,11959.24,51.47860723,7.39332332,177.19,14.08,-1.12,26.06,1,-94.00,-8.00,14.00,12.00,36.00,33.00,12962329,459
542.31,1567659871,11973.33,51.47872926,7.39342148,177.00,14.04,-0.05,27.83,1,-103.00,-9.00,4.00,5.00,32.00,33.00,12962329,459
543.31,1567659872,11987.37,51.47885514,7.39353500,176.82,14.33,0.30,29.75,1,-103.00,-9.00,4.00,5.00,32.00,33.00,12962329,459
544.31,1567659873,12001.70,51.47897232,7.39365556,176.71,13.79,-0.54,31.56,1,-105.00,-10.00,0.00,6.00,31.00,11.00,13884187,57
545.31,1567659874,12015.49,51.47908386,7.39376272,176.80,12.71,-1.08,28.83,1,-105.00,-10.00,0.00,6.00,31.00,11.00,13884187,57
546.31,1567659875,12028.19,51.47919926,7.39381207,177.77,12.87,0.16,11.56,1,-100.00,-8.00,10.00,14.00,32.00,11.00,13884187,57
547.31,1567659876,12041.05,51.47930741,7.39381927,178.45,12.69,-0.18,358.39,1,-100.00,-8.00,10.00,14.00,32.00,11.00,13884187,57
548.31,1567659877,12053.75,51.47942398,7.39381183,179.12,13.25,0.56,355.25,1,-95.00,-6.00,13.00,10.00,36.00,11.00,13884187,57
549.31,1567659878,12066.99,51.47953163,7.39375070,179.67,13.39,0.14,338.16,1,-95.00,-6.00,13.00,10.00,36.00,11.00,13884187,57
550.31,1567659879,12080.41,51.47964031,7.39368337,180.26,13.60,0.21,336.88,1,-92.00,-6.00,13.00,8.00,39.00,11.00,13884187,57
551.31,1567659880,12094.00,51.47974491,7.39361431,180.93,12.81,-0.80,335.86,1,-92.00,-6.00,13.00,8.00,39.00,11.00,13884187,57
552.31,1567659881,12106.79,51.47984039,7.39355016,181.54,11.19,-1.62,334.97,1,-85.00,-5.00,18.00,15.00,45.00,11.00,13884187,57
553.31,1567659882,12117.99,51.47992104,7.39349395,181.83,9.80,-1.38,338.07,1,-85.00,-5.00,18.00,15.00,45.00,11.00,13884187,57
554.31,1567659883,12127.76,51.48000515,7.39344793,181.87,9.50,-0.31,340.68,1,-90.00,-7.00,30.00,9.00,43.00,11.00,13884187,57
555.31,1567659884,12137.28,51.48009479,7.39343969,182.03,9.60,0.11,357.78,1,-90.00,-7.00,30.00,9.00,43.00,11.00,13884187,57
556.31,1567659885,12146.86,51.48018349,7.39343901,182.14,10.14,0.53,358.94,1,-91.00,-6.00,15.00,12.00,38.00,11.00,13884187,57
557.31,1567659886,12157.03,51.48026482,7.39351316,182.40,10.30,0.17,31.01,1,-91.00,-6.00,15.00,12.00,38.00,11.00,13884187,57
558.31,1567659887,12167.34,51.48031755,7.39363057,182.72,10.95,0.65,53.66,1,-96.00,-6.00,12.00,12.00,35.00,11.00,13884187,57
559.31,1567659888,12178.28,51.48037129,7.39375565,183.04,12.12,1.17,55.64,1,-96.00,-6.00,12.00,12.00,35.00,11.00,13884187,57
560.32,1567659889,12190.50,51.48043963,7.39391405,183.19,13.26,1.13,57.17,1,-95.00,-6.00,12.00,12.00,37.00,11.00,13884187,57
561.31,1567659890,12203.66,51.48050374,7.39407693,183.24,14.42,1.16,58.16,1,-95.00,-6.00,12.00,12.00,37.00,11.00,13884187,57
562.31,1567659891,12218.09,51.48057146,7.39425958,183.05,15.62,1.20,58.84,1,-95.00,-6.00,12.00,12.00,37.00,11.00,13884187,57
563.31,1567659892,12233.69,51.48064497,7.39445785,182.75,16.57,0.95,59.35,1,-81.00,-5.00,22.00,15.00,52.00,11.00,13884187,57
564.31,1567659893,12250.26,51.48072378,7.39467738,182.55,16.98,0.42,60.20,1,-81.00,-5.00,22.00,15.00,52.00,11.00,13884187,57
565.31,1567659894,12267.24,51.48080434,7.39489996,182.72,17.43,0.45,61.12,1,-89.00,-6.00,12.00,9.00,44.00,11.00,13884187,57
566.31,1567659895,12284.67,51.48088502,7.39512418,182.89,17.97,0.54,61.17,1,-89.00,-6.00,12.00,9.00,44.00,11.00,13884187,57
567.31,1567659896,12302.62,51.48096765,7.39535037,183.25,18.13,0.16,60.79,1,-94.00,-7.00,7.00,14.00,39.00,11.00,13884187,57
568.31,1567659897,12320.77,51.48104843,7.39557478,183.66,18.14,0.01,60.45,1,-94.00,-7.00,7.00,14.00,39.00,11.00,13884187,57
569.31,1567659898,12338.91,51.48112749,7.39579968,183.84,17.96,-0.18,60.38,1,-91.00,-7.00,13.00,9.00,42.00,11.00,13884187,57
570.31,1567659899,12356.87,51.48120632,7.39602003,184.29,17.73,-0.23,60.05,1,-91.00,-7.00,13.00,9.00,42.00,11.00,13884187,57
571.31,1567659900,12374.58,51.48128706,7.39624257,184.91,17.32,-0.41,59.46,1,-93.00,-7.00,4.00,10.00,40.00,11.00,13884187,57
572.31,1567659901,12391.90,51.48136493,7.39646407,185.55,16.82,-0.50,59.56,1,-93.00,-7.00,4.00,10.00,40.00,11.00,13884187,57
573.31,1567659902,12408.74,51.48144166,7.39667437,186.17,16.49,-0.32,59.18,1,-102.00,-12.00,-2.00,5.00,34.00,39.00,12962329,459
574.31,1567659903,12425.26,51.48151999,7.39688298,186.77,15.89,-0.60,59.05,1,-102.00,-12.00,-2.00,5.00,34.00,39.00,12962329,459
575.31,1567659904,12441.16,51.48158997,7.39707438,187.14,15.20,-0.70,58.59,1,-102.00,-12.00,-2.00,6.00,35.00,7.00,13884187,57
576.31,1567659905,12456.36,51.48166797,7.39726012,187.43,14.60,-0.60,57.53,1,-102.00,-12.00,-2.00,6.00,35.00,7.00,13884187,57
577.31,1567659906,12470.93,51.48173808,7.39742917,187.60,13.56,-1.05,56.56,1,-100.00,-9.00,9.00,11.00,34.00,7.00,13884187,57
578.31,1567659907,12484.48,51.48180639,7.39758541,188.02,12.11,-1.44,55.48,1,-100.00,-9.00,9.00,11.00,34.00,7.00,13884187,57
579.31,1567659908,12496.60,51.48186279,7.39771867,188.49,10.32,-1.79,54.70,1,-98.00,-7.00,2.00,10.00,34.00,7.00,13884187,57
580.31,1567659909,12506.92,51.48191850,7.39783366,189.06,9.06,-1.26,53.50,1,-98.00,-7.00,2.00,10.00,34.00,7.00,13884187,57
581.32,1567659910,12516.05,51.48196854,7.39793554,189.76,7.78,-1.27,52.72,1,-99.00,-10.00,5.00,9.00,36.00,7.00,13884187,57
582.31,1567659911,12523.77,51.48201278,7.39801990,190.41,6.70,-1.09,51.90,1,-99.00,-10.00,5.00,9.00,36.00,7.00,13884187,57
583.31,1567659912,12530.48,51.48204860,7.39808657,190.99,5.17,-1.53,51.20,1,-99.00,-10.00,5.00,9.00,36.00,7.00,13884187,57
584.31,1567659913,12535.65,51.48207773,7.39813624,191.06,3.59,-1.57,50.27,1,-87.00,-6.00,5.00,2.00,49.00,7.00,13884187,57
585.31,1567659914,12539.24,51.48209809,7.39817284,191.15,2.96,-0.64,49.57,1,-87.00,-6.00,5.00,2.00,49.00,7.00,13884187,57
586.31,1567659915,12542.20,51.48211465,7.39819705,191.23,1.80,-1.16,48.64,1,-94.00,-11.00,-1.00,2.00,41.00,7.00,13884187,57
587.31,1567659916,12544.00,51.48212359,7.39820664,191.30,1.08,-0.73,48.64,1,-94.00,-11.00,-1.00,2.00,41.00,7.00,13884187,57
588.31,1567659917,12545.08,51.48213105,7.39821248,191.37,0.49,-0.59,48.64,1,-95.00,-10.00,7.00,2.00,39.00,7.00,13884187,57
589.31,1567659918,12545.56,51.48213105,7.39821248,191.44,0.00,-0.49,48.64,1,-95.00,-10.00,7.00,2.00,39.00,7.00,13884187,57
590.31,1567659919,12545.56,51.48213105,7.39821248,191.45,0.00,0.00,48.64,1,-96.00,-9.00,1.00,2.00,39.00,7.00,13884187,57
591.31,1567659920,12545.56,51.48213105,7.39821248,191.46,0.00,0.00,48.64,1,-96.00,-9.00,1.00,2.00,39.00,7.00,13884187,57
592.31,1567659921,12545.56,51.48213105,7.39821248,191.47,0.00,0.00,48.64,1,-96.00,-9.00,2.00,2.00,39.00,7.00,13884187,57
593.31,1567659922,12545.56,51.48213105,7.39821248,191.47,0.00,0.00,48.64,1,-96.00,-9.00,2.00,2.00,39.00,7.00,13884187,57
594.31,1567659923,12545.56,51.48213105,7.39821248,191.48,0.00,0.00,48.64,1,-100.00,-9.00,3.00,2.00,37.00,7.00,13884187,57
595.31,1567659924,12545.56,51.48213105,7.39821248,191.48,0.00,0.00,48.64,1,-100.00,-9.00,3.00,2.00,37.00,7.00,13884187,57
596.31,1567659925,12545.56,51.48213105,7.39821248,191.50,0.00,0.00,48.64,1,-99.00,-9.00,7.00,2.00,35.00,7.00,13884187,57
597.31,1567659926,12545.56,51.48213105,7.39821248,191.54,0.00,0.00,44.02,1,-99.00,-9.00,7.00,2.00,35.00,7.00,13884187,57
598.31,1567659927,12545.56,51.48213105,7.39821248,192.07,0.00,0.00,45.27,1,-95.00,-7.00,5.00,9.00,37.00,6.00,13884187,57
599.31,1567659928,12545.56,51.48220918,7.39832702,192.45,5.77,0.00,45.72,1,-95.00,-7.00,5.00,9.00,37.00,6.00,13884187,57
600.31,1567659929,12551.33,51.48224859,7.39839052,192.68,6.92,1.15,45.12,1,-90.00,-8.00,10.00,11.00,42.00,6.00,13884187,57
601.31,1567659930,12558.25,51.48229607,7.39846795,192.95,8.06,1.14,44.55,1,-90.00,-8.00,10.00,11.00,42.00,6.00,13884187,57
602.32,1567659931,12566.38,51.48235083,7.39855325,193.36,8.92,0.86,43.73,1,-97.00,-8.00,1.00,9.00,37.00,6.00,13884187,57
603.31,1567659932,12575.23,51.48240880,7.39864186,193.69,9.14,0.22,43.27,1,-97.00,-8.00,1.00,9.00,37.00,6.00,13884187,57
604.31,1567659933,12584.37,51.48247236,7.39872927,193.70,9.93,0.80,41.35,1,-97.00,-8.00,1.00,9.00,37.00,6.00,13884187,57
605.31,1567659934,12594.31,51.48254395,7.39882278,193.73,10.79,0.86,39.89,1,-102.00,-11.00,0.00,8.00,34.00,6.00,13884187,57
606.31,1567659935,12605.11,51.48262028,7.39892028,193.92,11.13,0.34,38.75,1,-102.00,-11.00,0.00,8.00,34.00,6.00,13884187,57
607.31,1567659936,12616.22,51.48269593,7.39901415,193.74,11.08,-0.06,37.67,1,-94.00,-8.00,-3.00,6.00,38.00,5.00,13884186,59
608.31,1567659937,12627.30,51.48277215,7.39911047,193.66,10.59,-0.49,36.75,1,-94.00,-8.00,-3.00,6.00,38.00,5.00,13884186,59
609.31,1567659938,12637.90,51.48285619,7.39920682,193.41,10.78,0.19,35.08,1,-97.00,-11.00,2.00,10.00,40.00,5.00,13884186,59
610.31,1567659939,12648.67,51.48294743,7.39930355,192.39,11.07,0.29,34.20,1,-97.00,-11.00,2.00,10.00,40.00,5.00,13884186,59
611.31,1567659940,12659.75,51.48303093,7.39939049,191.42,12.05,0.98,34.50,1,-92.00,-8.00,10.00,11.00,39.00,5.00,13884186,59
612.31,1567659941,12671.80,51.48312197,7.39948602,190.72,12.66,0.62,33.55,1,-92.00,-8.00,10.00,11.00,39.00,5.00,13884186,59
613.31,1567659942,12684.46,51.48321663,7.39958198,189.86,13.87,1.21,33.74,1,-94.00,-8.00,4.00,9.00,38.00,5.00,13884186,59
614.31,1567659943,12698.32,51.48331993,7.39969576,189.36,14.03,0.16,33.97,1,-94.00,-8.00,4.00,9.00,38.00,5.00,13884186,59
615.31,1567659944,12712.37,51.48342530,7.39980826,189.23,14.26,0.23,34.10,1,-96.00,-7.00,3.00,8.00,35.00,5.00,13884186,59
616.31,1567659945,12726.62,51.48353480,7.39993291,189.26,14.40,0.13,34.69,1,-96.00,-7.00,3.00,8.00,35.00,5.00,13884186,59
617.31,1567659946,12741.02,51.48364211,7.40005327,189.33,14.81,0.42,34.35,1,-101.00,-10.00,2.00,7.00,33.00,5.00,13884186,59
618.31,1567659947,12755.79,51.48375087,7.40017638,189.31,14.93,0.12,34.91,1,-101.00,-10.00,2.00,7.00,33.00,5.00,13884186,59
619.31,1567659948,12770.75,51.48385904,7.40029943,189.22,14.59,-0.34,35.26,1,-91.00,-6.00,12.00,9.00,41.00,5.00,13884186,59
620.31,1567659949,12785.34,51.48396050,7.40042135,188.80,14.35,-0.25,36.34,1,-91.00,-6.00,12.00,9.00,41.00,5.00,13884186,59
621.31,1567659950,12799.69,51.48406161,7.40054171,188.34,14.15,-0.20,36.75,1,-100.00,-9.00,4.00,8.00,33.00,5.00,13884186,59
622.31,1567659951,12813.85,51.48416304,7.40066922,188.48,13.88,-0.27,37.37,1,-100.00,-9.00,4.00,8.00,33.00,5.00,13884186,59
623.32,1567659952,12827.81,51.48425937,7.40078722,188.69,12.37,-1.50,38.35,1,-97.00,-7.00,5.00,8.00,35.00,5.00,13884186,59
624.31,1567659953,12840.11,51.48434502,7.40090334,189.15,12.10,-0.27,39.61,1,-97.00,-7.00,5.00,8.00,35.00,5.00,13884186,59
625.31,1567659954,12852.20,51.48442795,7.40101552,189.67,11.85,-0.26,40.10,1,-97.00,-7.00,5.00,8.00,35.00,5.00,13884186,59
626.31,1567659955,12864.06,51.48450746,7.40112616,190.47,11.37,-0.47,40.78,1,-98.00,-7.00,5.00,9.00,34.00,5.00,13884186,59
627.31,1567659956,12875.42,51.48458887,7.40123945,191.28,11.06,-0.31,41.48,1,-98.00,-7.00,5.00,9.00,34.00,5.00,13884186,59
628.31,1567659957,12886.48,51.48466766,7.40135182,192.27,10.81,-0.25,42.21,1,-99.00,-8.00,4.00,4.00,35.00,5.00,13884186,59
629.31,1567659958,12897.30,51.48474013,7.40145185,192.67,10.59,-0.22,43.01,1,-99.00,-8.00,4.00,4.00,35.00,5.00,13884186,59
630.31,1567659959,12907.90,51.48480896,7.40155542,192.50,11.02,0.42,44.06,1,-101.00,-9.00,0.00,2.00,38.00,5.00,13884186,59
631.31,1567659960,12918.92,51.48488458,7.40167553,192.53,12.34,1.32,44.59,1,-101.00,-9.00,0.00,2.00,38.00,5.00,13884186,59
632.31,1567659961,12931.27,51.48496246,7.40180505,192.56,12.54,0.20,45.22,1,-101.00,-9.00,4.00,2.00,34.00,5.00,13884186,59
633.31,1567659962,12943.81,51.48503784,7.40193356,192.54,12.39,-0.15,45.73,1,-101.00,-9.00,4.00,2.00,34.00,5.00,13884186,59
634.31,1567659963,12956.16,51.48511659,7.40206764,192.39,13.04,0.65,46.17,1,-100.00,-8.00,10.00,2.00,34.00,5.00,13884186,59
635.31,1567659964,12969.20,51.48518853,7.40220377,191.93,13.47,0.43,46.70,1,-100.00,-8.00,10.00,2.00,34.00,5.00,13884186,59
636.31,1567659965,12982.66,51.48527352,7.40235120,191.75,13.90,0.43,47.26,1,-96.00,-7.00,8.00,2.00,35.00,5.00,13884186,59
637.31,1567659966,12996.56,51.48535796,7.40250148,191.54,14.02,0.12,47.76,1,-96.00,-7.00,8.00,2.00,35.00,5.00,13884186,59
638.31,1567659967,13010.58,51.48544224,7.40265445,191.13,14.45,0.44,48.17,1,-95.00,-7.00,7.00,2.00,36.00,5.00,13884186,59
639.31,1567659968,13025.05,51.48552540,7.40281225,190.40,14.77,0.32,48.92,1,-95.00,-7.00,7.00,2.00,36.00,5.00,13884186,59
640.31,1567659969,13039.82,51.48560591,7.40296771,189.35,14.95,0.18,49.50,1,-96.00,-8.00,11.00,2.00,36.00,5.00,13884186,59
641.31,1567659970,13054.75,51.48569097,7.40313816,188.65,14.93,-0.02,50.19,1,-96.00,-8.00,11.00,2.00,36.00,5.00,13884186,59
642.31,1567659971,13069.70,51.48576701,7.40330180,187.79,14.98,0.05,51.29,1,-93.00,-6.00,10.00,2.00,38.00,5.00,13884186,59
643.31,1567659972,13084.68,51.48584946,7.40347375,187.11,14.92,-0.05,51.74,1,-93.00,-6.00,10.00,2.00,38.00,5.00,13884186,59
644.32,1567659973,13099.74,51.48593056,7.40365264,186.55,15.15,0.23,52.89,1,-91.00,-6.00,5.00,2.00,40.00,5.00,13884186,59
645.31,1567659974,13114.75,51.48601211,7.40383379,186.10,15.09,-0.06,53.84,1,-91.00,-6.00,5.00,2.00,40.00,5.00,13884186,59
646.31,1567659975,13129.85,51.48608737,7.40401661,185.52,15.05,-0.04,54.75,1,-91.00,-6.00,5.00,2.00,40.00,5.00,13884186,59
647.31,1567659976,13144.90,51.48615872,7.40418940,185.07,14.93,-0.12,55.21,1,-91.00,-7.00,0.00,2.00,41.00,5.00,13884186,59
648.31,1567659977,13159.83,51.48622578,7.40435993,184.68,14.76,-0.17,56.24,1,-91.00,-7.00,0.00,2.00,41.00,5.00,13884186,59
649.31,1567659978,13174.60,51.48629779,7.40453887,184.11,14.90,0.14,56.85,1,-96.00,-9.00,4.00,2.00,39.00,5.00,13884186,59
650.31,1567659979,13189.52,51.48636500,7.40471478,183.54,14.50,-0.39,57.36,1,-96.00,-9.00,4.00,2.00,39.00,5.00,13884186,59
651.31,1567659980,13204.02,51.48642632,7.40489115,182.67,14.12,-0.39,59.11,1,-97.00,-10.00,-1.00,2.00,38.00,5.00,13884186,59
652.31,1567659981,13218.13,51.48649138,7.40507620,181.54,14.83,0.71,59.30,1,-97.00,-10.00,-1.00,2.00,38.00,5.00,13884186,59
653.31,1567659982,13232.95,51.48656105,7.40526664,180.28,15.42,0.59,59.88,1,-95.00,-11.00,-3.00,2.00,42.00,5.00,13884186,59
654.31,1567659983,13248.38,51.48662803,7.40546675,179.19,15.86,0.44,60.84,1,-95.00,-11.00,-3.00,2.00,42.00,5.00,13884186,59
655.31,1567659984,13264.19,51.48669189,7.40568005,178.28,16.11,0.25,62.28,1,-87.00,-8.00,7.00,2.00,48.00,5.00,13821978,171
656.31,1567659985,13280.31,51.48675165,7.40589791,177.52,16.11,0.00,63.73,1,-87.00,-8.00,7.00,2.00,48.00,5.00,13821978,171
657.32,1567659986,13296.54,51.48680546,7.40610923,176.94,16.02,-0.09,64.76,1,-84.00,-9.00,-6.00,2.00,51.00,4.00,13828122,171
658.32,1567659987,13312.49,51.48686250,7.40632294,176.36,16.20,0.18,65.72,1,-84.00,-9.00,-6.00,2.00,51.00,4.00,13828122,171
659.31,1567659988,13328.65,51.48691521,7.40654650,175.94,16.27,0.07,66.63,1,-79.00,-6.00,13.00,11.00,51.00,4.00,13828122,277
660.31,1567659989,13344.87,51.48696922,7.40677032,175.65,16.28,0.01,67.50,1,-79.00,-6.00,13.00,11.00,51.00,4.00,13828122,277
661.32,1567659990,13361.25,51.48701737,7.40699321,175.54,15.68,-0.59,68.99,1,-81.00,-7.00,11.00,13.00,52.00,4.00,13828122,277
662.31,1567659991,13376.83,51.48706321,7.40721451,175.19,15.63,-0.05,69.44,1,-81.00,-7.00,11.00,13.00,52.00,4.00,13828122,277
663.31,1567659992,13392.48,51.48710107,7.40741476,175.08,14.43,-1.20,70.74,1,-73.00,-5.00,14.00,12.00,57.00,4.00,13828122,277
664.31,1567659993,13406.91,51.48713735,7.40761386,175.29,14.23,-0.20,71.50,1,-73.00,-5.00,14.00,12.00,57.00,4.00,13828122,277
665.32,1567659994,13421.28,51.48717028,7.40780999,175.34,14.10,-0.12,72.37,1,-68.00,-6.00,18.00,12.00,62.00,4.00,13828122,277
666.31,1567659995,13435.24,51.48720495,7.40800596,175.31,13.94,-0.16,73.85,1,-68.00,-6.00,18.00,12.00,62.00,4.00,13828122,277
667.31,1567659996,13449.18,51.48723936,7.40820815,175.36,13.62,-0.32,75.03,1,-68.00,-6.00,18.00,12.00,62.00,4.00,13828122,277
668.31,1567659997,13462.80,51.48727361,7.40840344,175.50,13.42,-0.20,75.51,1,-75.00,-5.00,25.00,14.00,56.00,4.00,13828122,277
669.31,1567659998,13476.23,51.48730488,7.40859010,175.34,13.25,-0.17,75.84,1,-75.00,-5.00,25.00,14.00,56.00,4.00,13828122,277
670.31,1567659999,13489.47,51.48733259,7.40876519,175.06,12.39,-0.86,76.25,1,-71.00,-6.00,25.00,14.00,57.00,4.00,13828122,277
671.31,1567660000,13501.86,51.48735984,7.40894447,174.75,12.41,0.02,77.15,1,-71.00,-6.00,25.00,14.00,57.00,4.00,13828122,277
672.31,1567660001,13514.28,51.48738451,7.40912700,174.36,12.72,0.31,77.71,1,-73.00,-5.00,22.00,15.00,57.00,4.00,13828122,277
673.31,1567660002,13527.00,51.48740685,7.40930495,173.86,12.64,-0.08,77.35,1,-73.00,-5.00,22.00,15.00,57.00,4.00,13828122,277
674.31,1567660003,13539.62,51.48742882,7.40948182,173.36,12.43,-0.21,77.72,1,-77.00,-6.00,14.00,15.00,55.00,4.00,13828122,277
675.31,1567660004,13552.05,51.48745405,7.40967502,173.30,13.06,0.63,77.10,1,-77.00,-6.00,14.00,15.00,55.00,4.00,13828122,277
676.31,1567660005,13565.11,51.48747733,7.40985061,172.77,12.58,-0.48,77.89,1,-84.00,-7.00,16.00,8.00,48.00,4.00,13828122,277
677.31,1567660006,13577.70,51.48749794,7.41003667,172.35,13.07,0.49,79.41,1,-84.00,-7.00,16.00,8.00,48.00,4.00,13828122,277
678.31,1567660007,13590.72,51.48751288,7.41019573,171.68,11.76,-1.31,80.97,1,-88.00,-8.00,-1.00,11.00,43.00,4.00,13828122,277
679.31,1567660008,13602.53,51.48752411,7.41034201,171.06,10.07,-1.69,82.14,1,-88.00,-8.00,-1.00,11.00,43.00,4.00,13828122,277
680.31,1567660009,13612.60,51.48753196,7.41048181,170.63,9.21,-0.86,82.97,1,-90.00,-9.00,1.00,10.00,44.00,7.00,13821978,277
681.31,1567660010,13621.81,51.48753469,7.41061559,170.47,8.67,-0.54,83.78,1,-90.00,-9.00,1.00,10.00,44.00,7.00,13821978,277
682.31,1567660011,13630.48,51.48753458,7.41073669,170.35,7.95,-0.72,83.40,1,-86.00,-6.00,9.00,12.00,46.00,7.00,13821978,171
683.31,1567660012,13638.43,51.48754031,7.41085272,170.18,7.14,-0.81,80.74,1,-86.00,-6.00,9.00,12.00,46.00,7.00,13821978,171
684.31,1567660013,13645.57,51.48757520,7.41091922,170.05,6.90,-0.24,43.51,1,-88.00,-7.00,9.00,12.00,44.00,7.00,13821978,171
685.31,1567660014,13652.46,51.48761846,7.41098997,169.69,6.77,-0.13,40.97,1,-88.00,-7.00,9.00,12.00,44.00,7.00,13821978,171
686.32,1567660015,13659.28,51.48768051,7.41102133,169.52,6.80,0.03,9.89,1,-86.00,-7.00,9.00,12.00,46.00,7.00,13821978,171
687.31,1567660016,13666.03,51.48774893,7.41102956,169.25,7.11,0.31,356.42,1,-86.00,-7.00,9.00,12.00,46.00,7.00,13821978,171
688.31,1567660017,13673.14,51.48781106,7.41102618,168.78,7.09,-0.02,354.15,1,-86.00,-7.00,9.00,12.00,46.00,7.00,13821978,171
689.31,1567660018,13680.23,51.48787653,7.41101615,168.23,7.64,0.55,353.25,1,-86.00,-7.00,10.00,8.00,47.00,7.00,13821978,171
690.31,1567660019,13687.87,51.48795161,7.41099780,167.26,8.16,0.52,352.24,1,-86.00,-7.00,10.00,8.00,47.00,7.00,13821978,171
691.31,1567660020,13696.04,51.48802823,7.41097870,166.35,8.47,0.31,353.07,1,-85.00,-7.00,12.00,2.00,47.00,7.00,13821978,171
692.31,1567660021,13704.51,51.48811163,7.41095786,165.48,9.09,0.62,352.47,1,-85.00,-7.00,12.00,2.00,47.00,7.00,13821978,171
693.31,1567660022,13713.60,51.48820383,7.41093564,164.76,10.03,0.94,351.61,1,-86.00,-7.00,11.00,2.00,45.00,7.00,13821978,171
694.31,1567660023,13723.64,51.48829226,7.41091354,164.58,9.78,-0.24,351.14,1,-86.00,-7.00,11.00,2.00,45.00,7.00,13821978,171
695.31,1567660024,13733.41,51.48838371,7.41088887,164.74,9.78,-0.00,350.52,1,-86.00,-7.00,21.00,2.00,46.00,7.00,13821978,171
696.31,1567660025,13743.19,51.48847105,7.41086359,165.19,9.61,-0.17,350.78,1,-86.00,-7.00,21.00,2.00,46.00,7.00,13821978,171
697.31,1567660026,13752.80,51.48855566,7.41083886,165.76,9.61,-0.00,350.70,1,-85.00,-6.00,20.00,2.00,47.00,7.00,13821978,171
698.31,1567660027,13762.42,51.48864039,7.41081329,166.27,9.58,-0.03,350.41,1,-85.00,-6.00,20.00,2.00,47.00,7.00,13821978,171
699.31,1567660028,13771.99,51.48871821,7.41078808,167.12,8.85,-0.73,350.21,1,-78.00,-6.00,18.00,2.00,52.00,7.00,13821978,171
700.31,1567660029,13780.84,51.48879314,7.41075973,167.45,8.26,-0.59,349.40,1,-78.00,-6.00,18.00,2.00,52.00,7.00,13821978,171
701.31,1567660030,13789.10,51.48887530,7.41073199,167.44,8.23,-0.02,348.83,1,-76.00,-6.00,15.00,2.00,54.00,7.00,13821978,171
702.31,1567660031,13797.33,51.48895420,7.41070324,167.69,8.05,-0.18,348.02,1,-76.00,-6.00,15.00,2.00,54.00,7.00,13821978,171
703.31,1567660032,13805.39,51.48903625,7.41067387,167.98,9.37,1.32,347.18,1,-76.00,-7.00,11.00,2.00,55.00,7.00,13821978,171
704.31,1567660033,13814.75,51.48912192,7.41063937,168.79,10.58,1.21,346.56,1,-76.00,-7.00,11.00,2.00,55.00,7.00,13821978,171
705.31,1567660034,13825.33,51.48921536,7.41060462,169.50,11.34,0.76,346.21,1,-78.00,-7.00,22.00,2.00,54.00,7.00,13821978,171
706.31,1567660035,13836.66,51.48931934,7.41056836,170.03,11.61,0.27,346.72,1,-78.00,-7.00,22.00,2.00,54.00,7.00,13821978,171
707.32,1567660036,13848.40,51.48942867,7.41052964,170.37,11.78,0.17,346.31,1,-72.00,-6.00,23.00,2.00,59.00,4.00,13821978,171
708.31,1567660037,13860.05,51.48953417,7.41049315,170.00,11.78,-0.00,345.52,1,-72.00,-6.00,23.00,2.00,59.00,4.00,13821978,171
709.31,1567660038,13871.81,51.48963506,7.41045486,169.57,11.64,-0.14,346.12,1,-72.00,-6.00,23.00,2.00,59.00,4.00,13821978,171
710.31,1567660039,13883.48,51.48974293,7.41041208,169.55,11.97,0.32,346.54,1,-69.00,-5.00,21.00,10.00,59.00,5.00,13821978,171
711.31,1567660040,13895.44,51.48982829,7.41037813,169.58,9.41,-2.55,347.18,1,-69.00,-5.00,21.00,10.00,59.00,5.00,13821978,171
712.31,1567660041,13904.86,51.48990045,7.41034143,170.06,8.42,-1.00,347.27,1,-75.00,-6.00,32.00,12.00,54.00,5.00,13821978,171
713.31,1567660042,13913.27,51.48994630,7.41031777,170.89,6.33,-2.09,346.70,1,-75.00,-6.00,32.00,12.00,54.00,5.00,13821978,171
714.33,1567660043,13919.72,51.48998317,7.41030343,171.12,4.63,-1.67,350.76,1,-79.00,-6.00,25.00,10.00,52.00,5.00,13821978,171
715.31,1567660044,13924.25,51.49001222,7.41031846,170.83,4.50,-0.13,18.23,1,-79.00,-6.00,25.00,10.00,52.00,5.00,13821978,171
716.31,1567660045,13928.75,51.49002752,7.41035706,170.72,4.69,0.19,46.89,1,-77.00,-7.00,19.00,12.00,55.00,5.00,13821978,171
717.31,1567660046,13933.43,51.49004231,7.41042879,170.13,6.25,1.57,70.50,1,-77.00,-7.00,19.00,12.00,55.00,5.00,13821978,171
718.31,1567660047,13939.71,51.49004504,7.41051754,169.94,7.54,1.29,84.18,1,-80.00,-7.00,14.00,14.00,52.00,5.00,13821978,171
719.31,1567660048,13947.26,51.49005328,7.41063989,169.68,9.08,1.54,82.72,1,-80.00,-7.00,14.00,14.00,52.00,5.00,13821978,171
720.31,1567660049,13956.34,51.49006924,7.41079284,169.44,10.80,1.72,81.01,1,-84.00,-8.00,14.00,12.00,49.00,5.00,13821978,171
721.31,1567660050,13967.13,51.49008689,7.41094280,169.17,11.31,0.52,79.79,1,-84.00,-8.00,14.00,12.00,49.00,5.00,13821978,171
722.31,1567660051,13978.44,51.49010473,7.41109203,168.77,10.73,-0.59,79.44,1,-83.00,-7.00,11.00,9.00,49.00,5.00,13821978,171
723.31,1567660052,13989.17,51.49012345,7.41124746,168.35,11.26,0.53,79.38,1,-83.00,-7.00,11.00,9.00,49.00,5.00,13821978,171
