8.49,1567399651,111.55,51.44898965,7.48832740,243.64,15.16,0.00,182.72,0,-119.00,-18.00,0.00,0.00,25.00,0.00,0,77
8.49,1567399651,111.55,51.44898965,7.48832740,243.64,15.16,0.00,182.72,0,0.00,0.00,0.00,0.00,63.00,0.00,0,473
9.62,1567399652,128.73,51.44885970,7.48830040,244.19,14.23,0.00,186.12,0,-119.00,-18.00,0.00,0.00,25.00,0.00,0,77
9.62,1567399652,128.75,51.44885970,7.48830040,244.19,14.23,0.00,186.12,0,0.00,0.00,0.00,0.00,63.00,0.00,0,473
54.50,1567399697,676.19,51.44473462,7.49117784,266.42,0.00,0.00,126.85,0,-114.00,-17.00,0.00,0.00,28.00,0.00,0,325
55.50,1567399698,676.19,51.44473462,7.49117784,266.43,0.00,0.00,126.85,0,-114.00,-17.00,0.00,0.00,28.00,0.00,0,325
56.50,1567399699,676.19,51.44473462,7.49117784,266.44,0.00,0.00,126.85,0,-114.00,-16.00,0.00,0.00,26.00,0.00,0,325
57.50,1567399700,676.19,51.44473462,7.49117784,266.45,0.00,0.00,126.85,0,-114.00,-16.00,0.00,0.00,26.00,0.00,0,325
58.50,1567399701,676.19,51.44473462,7.49117784,266.46,0.00,0.00,126.85,0,-114.00,-17.00,0.00,0.00,28.00,0.00,0,325
59.50,1567399702,676.19,51.44473462,7.49117784,266.46,0.00,0.00,126.85,0,-114.00,-17.00,0.00,0.00,28.00,0.00,0,325
92.50,1567399735,994.23,51.44227468,7.48920796,271.95,14.87,0.00,216.96,0,-86.00,-11.00,0.00,0.00,53.00,0.00,0,325
93.50,1567399736,1009.08,51.44217605,7.48908190,271.94,14.73,0.00,218.13,0,-86.00,-11.00,0.00,0.00,53.00,0.00,0,325
94.50,1567399737,1023.81,51.44207170,7.48894874,272.13,15.22,0.00,218.68,0,-88.00,-10.00,0.00,0.00,48.00,0.00,0,325
95.50,1567399738,1039.04,51.44197003,7.48881549,272.41,15.23,0.00,219.27,0,-88.00,-10.00,0.00,0.00,48.00,0.00,0,325
96.50,1567399739,1054.26,51.44186212,7.48865963,272.70,16.10,0.00,221.41,0,-86.00,-9.00,0.00,0.00,49.00,0.00,0,325
97.50,1567399740,1070.36,51.44177484,7.48851855,273.43,13.64,0.00,224.87,0,-86.00,-9.00,0.00,0.00,49.00,0.00,0,325
98.50,1567399741,1084.00,51.44168542,7.48835458,274.24,14.25,0.00,228.38,0,-83.00,-10.00,0.00,0.00,52.00,0.00,0,325
99.50,1567399742,1098.27,51.44159460,7.48818959,274.71,14.68,0.00,229.32,0,-83.00,-10.00,0.00,0.00,52.00,0.00,0,325
113.50,1567399756,1307.98,51.44043001,7.48568940,269.49,13.38,0.00,231.67,0,-81.00,-9.00,0.00,0.00,54.00,0.00,0,326
114.50,1567399757,1321.35,51.44034745,7.48551780,269.82,13.54,0.00,232.16,0,-81.00,-9.00,0.00,0.00,54.00,0.00,0,326
115.50,1567399758,1334.90,51.44026081,7.48534193,269.99,14.01,0.00,231.49,0,-82.00,-8.00,0.00,0.00,52.00,0.00,0,326
116.50,1567399759,1348.90,51.44016628,7.48515240,269.51,15.71,0.00,232.23,0,-82.00,-8.00,0.00,0.00,52.00,0.00,0,326
132.50,1567399775,1570.86,51.43903671,7.48235677,273.21,12.91,0.00,242.17,0,-132.00,-18.00,0.00,0.00,14.00,0.00,0,223
133.50,1567399776,1583.77,51.43897061,7.48216800,274.21,14.53,0.00,241.65,0,-132.00,-18.00,0.00,0.00,14.00,0.00,0,223
134.50,1567399777,1598.30,51.43890832,7.48198617,274.87,14.08,0.00,241.03,0,-132.00,-19.00,0.00,0.00,15.00,0.00,0,223
135.50,1567399778,1612.36,51.43884579,7.48180311,275.69,13.73,0.00,240.56,0,-132.00,-19.00,0.00,0.00,15.00,0.00,0,223
142.50,1567399785,1712.28,51.43835413,7.48043012,276.28,14.57,0.00,240.08,0,-109.00,-10.00,0.00,0.00,27.00,0.00,0,163
143.50,1567399786,1726.87,51.43829371,7.48024942,276.29,14.06,0.00,240.74,0,-109.00,-10.00,0.00,0.00,27.00,0.00,0,163
144.50,1567399787,1740.92,51.43823014,7.48006109,276.78,14.07,0.00,240.11,0,-107.00,-9.00,0.00,0.00,29.00,0.00,0,163
145.50,1567399788,1754.97,51.43817114,7.47988418,276.87,12.84,0.00,241.58,0,-107.00,-9.00,0.00,0.00,29.00,0.00,0,163
146.51,1567399789,1767.94,51.43810796,7.47969873,277.84,14.36,0.00,240.88,0,-105.00,-10.00,0.00,0.00,34.00,0.00,0,457
146.51,1567399789,1767.94,51.43810796,7.47969873,277.84,14.36,0.00,240.88,0,-106.00,-10.00,0.00,0.00,33.00,0.00,0,292
147.50,1567399790,1782.18,51.43805235,7.47953462,279.07,13.15,0.00,241.46,0,-105.00,-10.00,0.00,0.00,34.00,0.00,0,457
147.50,1567399790,1782.19,51.43805235,7.47953462,279.07,13.15,0.00,241.46,0,-106.00,-10.00,0.00,0.00,33.00,0.00,0,292
148.50,1567399791,1795.33,51.43799292,7.47935888,279.74,13.10,0.00,242.09,0,-105.00,-10.00,0.00,0.00,34.00,0.00,0,457
148.50,1567399791,1795.35,51.43799292,7.47935888,279.74,13.10,0.00,242.09,0,-106.00,-10.00,0.00,0.00,33.00,0.00,0,292
149.50,1567399792,1808.45,51.43793170,7.47917539,280.04,13.26,0.00,241.67,0,-113.00,-11.00,0.00,0.00,24.00,0.00,0,326
149.50,1567399792,1808.46,51.43793170,7.47917539,280.04,13.26,0.00,241.67,0,-104.00,-12.00,0.00,0.00,37.00,0.00,0,292
149.50,1567399792,1808.48,51.43793170,7.47917539,280.04,13.26,0.00,241.67,0,-107.00,-13.00,0.00,0.00,35.00,0.00,0,457
150.50,1567399793,1821.71,51.43786933,7.47900118,280.34,13.50,0.00,240.74,0,-113.00,-11.00,0.00,0.00,24.00,0.00,0,326
150.50,1567399793,1821.72,51.43786933,7.47900118,280.34,13.50,0.00,240.74,0,-104.00,-12.00,0.00,0.00,37.00,0.00,0,292
150.50,1567399793,1821.73,51.43786933,7.47900118,280.34,13.50,0.00,240.74,0,-107.00,-13.00,0.00,0.00,35.00,0.00,0,457
151.50,1567399794,1835.21,51.43780007,7.47881264,280.61,14.05,0.00,241.68,0,-112.00,-11.00,0.00,0.00,25.00,0.00,0,70
151.50,1567399794,1835.23,51.43780007,7.47881264,280.61,14.05,0.00,241.68,0,-112.00,-13.00,0.00,0.00,26.00,0.00,0,326
151.50,1567399794,1835.24,51.43780007,7.47881264,280.61,14.05,0.00,241.68,0,-109.00,-15.00,0.00,0.00,35.00,0.00,0,457
151.50,1567399794,1835.24,51.43780007,7.47881264,280.61,14.05,0.00,241.68,0,-111.00,-18.00,0.00,0.00,35.00,0.00,0,292
152.50,1567399795,1849.26,51.43774008,7.47863778,280.32,13.33,0.00,240.38,0,-112.00,-11.00,0.00,0.00,25.00,0.00,0,70
152.50,1567399795,1849.27,51.43774008,7.47863778,280.32,13.33,0.00,240.38,0,-112.00,-13.00,0.00,0.00,26.00,0.00,0,326
152.50,1567399795,1849.29,51.43774008,7.47863778,280.32,13.33,0.00,240.38,0,-109.00,-15.00,0.00,0.00,35.00,0.00,0,457
152.50,1567399795,1849.30,51.43774008,7.47863778,280.32,13.33,0.00,240.38,0,-111.00,-18.00,0.00,0.00,35.00,0.00,0,292
153.50,1567399796,1862.59,51.43768263,7.47848127,280.08,12.26,0.00,241.42,0,-112.00,-11.00,0.00,0.00,25.00,0.00,0,326
153.50,1567399796,1862.60,51.43768263,7.47848127,280.08,12.26,0.00,241.42,0,-114.00,-12.00,0.00,0.00,23.00,0.00,0,70
153.50,1567399796,1862.62,51.43768263,7.47848127,280.08,12.26,0.00,241.42,0,-108.00,-14.00,0.00,0.00,35.00,0.00,0,457
153.50,1567399796,1862.63,51.43768263,7.47848127,280.08,12.26,0.00,241.42,0,-110.00,-16.00,0.00,0.00,35.00,0.00,0,292
154.50,1567399797,1874.87,51.43762926,7.47832851,279.53,12.14,0.00,241.49,0,-112.00,-11.00,0.00,0.00,25.00,0.00,0,326
154.50,1567399797,1874.88,51.43762926,7.47832851,279.53,12.14,0.00,241.49,0,-114.00,-12.00,0.00,0.00,23.00,0.00,0,70
154.50,1567399797,1874.88,51.43762926,7.47832851,279.53,12.14,0.00,241.49,0,-108.00,-14.00,0.00,0.00,35.00,0.00,0,457
154.50,1567399797,1874.89,51.43762926,7.47832851,279.53,12.14,0.00,241.49,0,-110.00,-16.00,0.00,0.00,35.00,0.00,0,292
155.50,1567399798,1887.01,51.43757550,7.47817355,278.65,12.27,0.00,241.93,0,-112.00,-14.00,0.00,0.00,29.00,0.00,0,326
155.50,1567399798,1887.02,51.43757550,7.47817355,278.65,12.27,0.00,241.93,0,-113.00,-15.00,0.00,0.00,29.00,0.00,0,70
155.50,1567399798,1887.02,51.43757550,7.47817355,278.65,12.27,0.00,241.93,0,-110.00,-15.00,0.00,0.00,34.00,0.00,0,292
155.50,1567399798,1887.03,51.43757550,7.47817355,278.65,12.27,0.00,241.93,0,-111.00,-16.00,0.00,0.00,34.00,0.00,0,457
156.50,1567399799,1899.26,51.43751814,7.47800732,278.51,12.07,0.00,242.52,0,-112.00,-14.00,0.00,0.00,29.00,0.00,0,326
156.50,1567399799,1899.26,51.43751814,7.47800732,278.51,12.07,0.00,242.52,0,-113.00,-15.00,0.00,0.00,29.00,0.00,0,70
156.50,1567399799,1899.27,51.43751814,7.47800732,278.51,12.07,0.00,242.52,0,-110.00,-15.00,0.00,0.00,34.00,0.00,0,292
156.50,1567399799,1899.29,51.43751814,7.47800732,278.51,12.07,0.00,242.52,0,-111.00,-16.00,0.00,0.00,34.00,0.00,0,457
157.50,1567399800,1911.33,51.43746382,7.47783989,278.47,12.78,0.00,243.51,0,-111.00,-9.00,0.00,0.00,24.00,0.00,0,70
157.50,1567399800,1911.34,51.43746382,7.47783989,278.47,12.78,0.00,243.51,0,-115.00,-13.00,0.00,0.00,24.00,0.00,0,326
157.50,1567399800,1911.35,51.43746382,7.47783989,278.47,12.78,0.00,243.51,0,-111.00,-15.00,0.00,0.00,33.00,0.00,0,457
157.50,1567399800,1911.37,51.43746382,7.47783989,278.47,12.78,0.00,243.51,0,-111.00,-16.00,0.00,0.00,34.00,0.00,0,71
158.50,1567399801,1924.10,51.43741963,7.47769294,278.42,11.84,0.00,244.26,0,-111.00,-9.00,0.00,0.00,24.00,0.00,0,70
158.50,1567399801,1924.11,51.43741963,7.47769294,278.42,11.84,0.00,244.26,0,-115.00,-13.00,0.00,0.00,24.00,0.00,0,326
158.50,1567399801,1924.11,51.43741963,7.47769294,278.42,11.84,0.00,244.26,0,-111.00,-15.00,0.00,0.00,33.00,0.00,0,457
158.50,1567399801,1924.12,51.43741963,7.47769294,278.42,11.84,0.00,244.26,0,-111.00,-16.00,0.00,0.00,34.00,0.00,0,71
159.50,1567399802,1935.96,51.43737581,7.47752263,278.29,11.84,0.00,243.04,0,-107.00,-14.00,0.00,0.00,34.00,0.00,0,457
159.50,1567399802,1935.97,51.43737581,7.47752263,278.29,11.84,0.00,243.04,0,-107.00,-15.00,0.00,0.00,33.00,0.00,0,106
159.50,1567399802,1935.98,51.43737581,7.47752263,278.29,11.84,0.00,243.04,0,-108.00,-16.00,0.00,0.00,34.00,0.00,0,213
159.50,1567399802,1936.00,51.43737581,7.47752263,278.29,11.84,0.00,243.04,0,-113.00,-11.00,0.00,0.00,23.00,0.00,0,70
159.50,1567399802,1936.00,51.43737581,7.47752263,278.29,11.84,0.00,243.04,0,-117.00,-14.00,0.00,0.00,24.00,0.00,0,326
160.50,1567399803,1947.81,51.43733662,7.47736141,278.45,11.88,0.00,245.89,0,-107.00,-14.00,0.00,0.00,34.00,0.00,0,457
160.50,1567399803,1947.81,51.43733662,7.47736141,278.45,11.88,0.00,245.89,0,-107.00,-15.00,0.00,0.00,33.00,0.00,0,106
160.50,1567399803,1947.83,51.43733662,7.47736141,278.45,11.88,0.00,245.89,0,-108.00,-16.00,0.00,0.00,34.00,0.00,0,213
160.50,1567399803,1947.84,51.43733662,7.47736141,278.45,11.88,0.00,245.89,0,-113.00,-11.00,0.00,0.00,23.00,0.00,0,70
160.50,1567399803,1947.84,51.43733662,7.47736141,278.45,11.88,0.00,245.89,0,-117.00,-14.00,0.00,0.00,24.00,0.00,0,326
161.50,1567399804,1959.69,51.43728968,7.47719338,278.06,12.14,0.00,244.15,0,-108.00,-15.00,0.00,0.00,33.00,0.00,0,457
161.50,1567399804,1959.70,51.43728968,7.47719338,278.06,12.14,0.00,244.15,0,-109.00,-16.00,0.00,0.00,33.00,0.00,0,213
161.50,1567399804,1959.70,51.43728968,7.47719338,278.06,12.14,0.00,244.15,0,-109.00,-16.00,0.00,0.00,32.00,0.00,0,292
161.50,1567399804,1959.71,51.43728968,7.47719338,278.06,12.14,0.00,244.15,0,-114.00,-11.00,0.00,0.00,23.00,0.00,0,70
161.51,1567399804,1959.73,51.43728968,7.47719338,278.06,12.14,0.00,244.15,0,-115.00,-11.00,0.00,0.00,23.00,0.00,0,163
161.51,1567399804,1959.73,51.43728968,7.47719338,278.06,12.14,0.00,244.15,0,-117.00,-15.00,0.00,0.00,23.00,0.00,0,326
162.50,1567399805,1971.83,51.43724201,7.47702575,278.08,12.00,0.00,244.88,0,-108.00,-15.00,0.00,0.00,33.00,0.00,0,457
162.50,1567399805,1971.84,51.43724201,7.47702575,278.08,12.00,0.00,244.88,0,-109.00,-16.00,0.00,0.00,33.00,0.00,0,213
162.50,1567399805,1971.84,51.43724201,7.47702575,278.08,12.00,0.00,244.88,0,-109.00,-16.00,0.00,0.00,32.00,0.00,0,292
162.50,1567399805,1971.85,51.43724201,7.47702575,278.08,12.00,0.00,244.88,0,-114.00,-11.00,0.00,0.00,23.00,0.00,0,70
162.50,1567399805,1971.85,51.43724201,7.47702575,278.08,12.00,0.00,244.88,0,-115.00,-11.00,0.00,0.00,23.00,0.00,0,163
162.51,1567399805,1971.87,51.43724201,7.47702575,278.08,12.00,0.00,244.88,0,-117.00,-15.00,0.00,0.00,23.00,0.00,0,326
163.50,1567399806,1983.80,51.43720225,7.47687250,278.61,11.58,0.00,247.55,0,-109.00,-16.00,0.00,0.00,33.00,0.00,0,213
163.50,1567399806,1983.81,51.43720225,7.47687250,278.61,11.58,0.00,247.55,0,-110.00,-18.00,0.00,0.00,33.00,0.00,0,167
163.50,1567399806,1983.83,51.43720225,7.47687250,278.61,11.58,0.00,247.55,0,-110.00,-17.00,0.00,0.00,32.00,0.00,0,341
164.50,1567399807,1995.40,51.43716202,7.47670647,279.41,12.00,0.00,248.85,0,-109.00,-16.00,0.00,0.00,33.00,0.00,0,213
164.50,1567399807,1995.41,51.43716202,7.47670647,279.41,12.00,0.00,248.85,0,-110.00,-18.00,0.00,0.00,33.00,0.00,0,167
164.50,1567399807,1995.41,51.43716202,7.47670647,279.41,12.00,0.00,248.85,0,-110.00,-17.00,0.00,0.00,32.00,0.00,0,341
165.50,1567399808,2007.38,51.43712935,7.47654933,280.21,10.72,0.00,252.60,0,-110.00,-16.00,0.00,0.00,31.00,0.00,0,248
165.50,1567399808,2007.39,51.43712935,7.47654933,280.21,10.72,0.00,252.60,0,-111.00,-16.00,0.00,0.00,32.00,0.00,0,167
165.50,1567399808,2007.41,51.43712935,7.47654933,280.21,10.72,0.00,252.60,0,-111.00,-17.00,0.00,0.00,32.00,0.00,0,292
166.50,1567399809,2018.10,51.43712272,7.47639062,280.87,9.57,0.00,268.36,0,-110.00,-16.00,0.00,0.00,31.00,0.00,0,248
166.50,1567399809,2018.10,51.43712272,7.47639062,280.87,9.57,0.00,268.36,0,-111.00,-16.00,0.00,0.00,32.00,0.00,0,167
166.50,1567399809,2018.11,51.43712272,7.47639062,280.87,9.57,0.00,268.36,0,-111.00,-17.00,0.00,0.00,32.00,0.00,0,292
167.51,1567399810,2027.73,51.43713680,7.47625594,281.24,8.24,0.00,282.19,0,-108.00,-15.00,0.00,0.00,32.00,0.00,0,248
167.51,1567399810,2027.74,51.43713680,7.47625594,281.24,8.24,0.00,282.19,0,-110.00,-16.00,0.00,0.00,32.00,0.00,0,167
167.51,1567399810,2027.75,51.43713680,7.47625594,281.24,8.24,0.00,282.19,0,-110.00,-17.00,0.00,0.00,32.00,0.00,0,292
168.50,1567399811,2035.92,51.43715438,7.47614108,281.01,8.27,0.00,283.53,0,-108.00,-15.00,0.00,0.00,32.00,0.00,0,248
168.50,1567399811,2035.92,51.43715438,7.47614108,281.01,8.27,0.00,283.53,0,-110.00,-16.00,0.00,0.00,32.00,0.00,0,167
168.50,1567399811,2035.93,51.43715438,7.47614108,281.01,8.27,0.00,283.53,0,-110.00,-17.00,0.00,0.00,32.00,0.00,0,292
169.50,1567399812,2044.19,51.43722928,7.47607957,280.48,9.04,0.00,333.24,0,-108.00,-15.00,0.00,0.00,32.00,0.00,0,248
169.50,1567399812,2044.20,51.43722928,7.47607957,280.48,9.04,0.00,333.24,0,-110.00,-16.00,0.00,0.00,32.00,0.00,0,167
169.50,1567399812,2044.20,51.43722928,7.47607957,280.48,9.04,0.00,333.24,0,-110.00,-17.00,0.00,0.00,32.00,0.00,0,292
212.50,1567399855,2946.23,51.44307535,7.48507148,276.71,21.37,0.00,23.30,0,-77.00,-10.00,0.00,0.00,60.00,0.00,0,324
213.50,1567399856,2967.60,51.44323151,7.48518243,275.98,18.08,0.00,22.68,0,-77.00,-10.00,0.00,0.00,60.00,0.00,0,324
214.50,1567399857,2985.66,51.44337321,7.48528072,275.28,16.39,0.00,22.89,0,-82.00,-9.00,0.00,0.00,55.00,0.00,0,324
215.50,1567399858,3002.05,51.44350502,7.48537257,274.63,16.76,0.00,23.28,0,-82.00,-9.00,0.00,0.00,55.00,0.00,0,324
216.50,1567399859,3018.81,51.44364353,7.48546836,274.09,17.38,0.00,23.52,0,-84.00,-7.00,0.00,0.00,49.00,0.00,0,324
217.50,1567399860,3036.21,51.44379016,7.48557218,273.28,18.06,0.00,22.55,0,-84.00,-7.00,0.00,0.00,49.00,0.00,0,324
251.51,1567399894,3630.48,51.44365435,7.48254907,263.74,25.81,0.00,267.18,0,-86.00,-8.00,0.00,0.00,47.00,0.00,0,326
252.50,1567399895,3656.06,51.44364160,7.48217574,263.53,26.31,0.00,266.68,0,-86.00,-8.00,0.00,0.00,47.00,0.00,0,326
253.50,1567399896,3682.37,51.44362862,7.48180068,263.29,26.70,0.00,266.40,0,-86.00,-8.00,0.00,0.00,47.00,0.00,0,326
256.50,1567399899,3762.53,51.44358196,7.48064471,262.54,26.84,0.00,265.28,0,-96.00,-13.00,0.00,0.00,42.00,0.00,0,324
256.50,1567399899,3762.58,51.44358196,7.48064471,262.54,26.84,0.00,265.28,0,-127.00,-15.00,0.00,0.00,18.00,0.00,0,367
256.50,1567399899,3762.58,51.44358196,7.48064471,262.54,26.84,0.00,265.28,0,-129.00,-17.00,0.00,0.00,18.00,0.00,0,223
256.50,1567399899,3762.61,51.44358196,7.48064471,262.54,26.84,0.00,265.28,0,-131.00,-21.00,0.00,0.00,18.00,0.00,0,408
257.50,1567399900,3789.37,51.44355767,7.48026243,262.34,26.70,0.00,263.72,0,-96.00,-13.00,0.00,0.00,42.00,0.00,0,324
257.50,1567399900,3789.39,51.44355767,7.48026243,262.34,26.70,0.00,263.72,0,-127.00,-15.00,0.00,0.00,18.00,0.00,0,367
257.50,1567399900,3789.42,51.44355767,7.48026243,262.34,26.70,0.00,263.72,0,-129.00,-17.00,0.00,0.00,18.00,0.00,0,223
257.50,1567399900,3789.42,51.44355767,7.48026243,262.34,26.70,0.00,263.72,0,-131.00,-21.00,0.00,0.00,18.00,0.00,0,408
258.50,1567399901,3816.02,51.44353105,7.47987152,262.01,26.76,0.00,262.76,0,-125.00,-17.00,0.00,0.00,20.00,0.00,0,223
258.50,1567399901,3816.04,51.44353105,7.47987152,262.01,26.76,0.00,262.76,0,-127.00,-17.00,0.00,0.00,19.00,0.00,0,367
259.50,1567399902,3842.78,51.44350237,7.47948466,261.49,26.95,0.00,262.63,0,-125.00,-17.00,0.00,0.00,20.00,0.00,0,223
259.50,1567399902,3842.80,51.44350237,7.47948466,261.49,26.95,0.00,262.63,0,-127.00,-17.00,0.00,0.00,19.00,0.00,0,367
260.50,1567399903,3869.73,51.44347337,7.47909951,260.91,27.15,0.00,262.59,0,-125.00,-17.00,0.00,0.00,20.00,0.00,0,223
260.50,1567399903,3869.76,51.44347337,7.47909951,260.91,27.15,0.00,262.59,0,-129.00,-19.00,0.00,0.00,19.00,0.00,0,367
261.50,1567399904,3896.87,51.44344338,7.47871024,260.26,27.49,0.00,261.87,0,-125.00,-17.00,0.00,0.00,20.00,0.00,0,223
261.50,1567399904,3896.90,51.44344338,7.47871024,260.26,27.49,0.00,261.87,0,-129.00,-19.00,0.00,0.00,19.00,0.00,0,367
272.51,1567399915,4214.92,51.44299713,7.47416180,254.17,29.52,0.00,258.08,0,-103.00,-8.00,0.00,0.00,30.00,0.00,0,342
273.50,1567399916,4244.23,51.44294580,7.47374391,253.57,29.45,0.00,258.12,0,-103.00,-8.00,0.00,0.00,30.00,0.00,0,342
274.50,1567399917,4273.68,51.44289422,7.47332738,252.90,29.91,0.00,258.24,0,-103.00,-8.00,0.00,0.00,30.00,0.00,0,342
275.50,1567399918,4303.59,51.44284218,7.47289381,252.10,30.62,0.00,258.33,0,-105.00,-9.00,0.00,0.00,30.00,0.00,0,326
276.50,1567399919,4334.18,51.44277992,7.47245529,251.27,31.29,0.00,257.22,0,-105.00,-9.00,0.00,0.00,30.00,0.00,0,326
277.50,1567399920,4365.51,51.44271451,7.47200258,250.44,32.04,0.00,256.89,0,-104.00,-8.00,0.00,0.00,29.00,0.00,0,326
278.50,1567399921,4397.52,51.44265075,7.47155040,249.59,32.59,0.00,256.87,0,-104.00,-8.00,0.00,0.00,29.00,0.00,0,326
281.50,1567399924,4495.09,51.44245883,7.47018413,246.89,32.23,0.00,257.06,0,-109.00,-8.00,0.00,0.00,25.00,0.00,0,326
282.50,1567399925,4527.32,51.44239732,7.46972630,246.13,32.12,0.00,257.51,0,-109.00,-8.00,0.00,0.00,25.00,0.00,0,326
283.50,1567399926,4559.47,51.44233706,7.46926653,245.35,32.42,0.00,257.88,0,-114.00,-12.00,0.00,0.00,23.00,0.00,0,342
283.50,1567399926,4559.50,51.44233706,7.46926653,245.35,32.42,0.00,257.88,0,-115.00,-11.00,0.00,0.00,23.00,0.00,0,326
283.50,1567399926,4559.54,51.44233706,7.46926653,245.35,32.42,0.00,257.88,0,-116.00,-13.00,0.00,0.00,23.00,0.00,0,144
284.50,1567399927,4591.89,51.44228235,7.46880237,244.50,32.62,0.00,258.35,0,-114.00,-12.00,0.00,0.00,23.00,0.00,0,342
284.50,1567399927,4591.92,51.44228235,7.46880237,244.50,32.62,0.00,258.35,0,-115.00,-11.00,0.00,0.00,23.00,0.00,0,326
284.50,1567399927,4591.92,51.44228235,7.46880237,244.50,32.62,0.00,258.35,0,-116.00,-13.00,0.00,0.00,23.00,0.00,0,144
287.50,1567399930,4690.43,51.44211449,7.46739058,241.70,33.09,0.00,258.58,0,-107.00,-14.00,0.00,0.00,32.00,0.00,0,337
287.50,1567399930,4690.46,51.44211449,7.46739058,241.70,33.09,0.00,258.58,0,-109.00,-15.00,0.00,0.00,32.00,0.00,0,144
288.50,1567399931,4723.51,51.44205738,7.46690896,240.84,33.23,0.00,258.45,0,-107.00,-14.00,0.00,0.00,32.00,0.00,0,337
288.50,1567399931,4723.55,51.44205738,7.46690896,240.84,33.23,0.00,258.45,0,-109.00,-15.00,0.00,0.00,32.00,0.00,0,144
289.50,1567399932,4756.71,51.44199914,7.46643368,240.08,33.06,0.00,259.11,0,-103.00,-15.00,0.00,0.00,37.00,0.00,0,337
290.50,1567399933,4789.77,51.44194133,7.46595905,239.62,32.68,0.00,259.10,0,-103.00,-15.00,0.00,0.00,37.00,0.00,0,337
291.50,1567399934,4822.49,51.44189418,7.46549432,239.21,32.56,0.00,260.46,0,-102.00,-15.00,0.00,0.00,38.00,0.00,0,337
291.50,1567399934,4822.52,51.44189418,7.46549432,239.21,32.56,0.00,260.46,0,-104.00,-16.00,0.00,0.00,37.00,0.00,0,58
291.50,1567399934,4822.55,51.44189418,7.46549432,239.21,32.56,0.00,260.46,0,-106.00,-18.00,0.00,0.00,38.00,0.00,0,344
292.50,1567399935,4855.02,51.44184606,7.46501991,239.00,32.62,0.00,260.71,0,-102.00,-15.00,0.00,0.00,38.00,0.00,0,337
292.50,1567399935,4855.05,51.44184606,7.46501991,239.00,32.62,0.00,260.71,0,-104.00,-16.00,0.00,0.00,37.00,0.00,0,58
292.50,1567399935,4855.08,51.44184606,7.46501991,239.00,32.62,0.00,260.71,0,-106.00,-18.00,0.00,0.00,38.00,0.00,0,344
293.51,1567399936,4887.96,51.44179969,7.46454621,238.79,33.10,0.00,261.25,0,-104.00,-14.00,0.00,0.00,34.00,0.00,0,337
293.51,1567399936,4888.00,51.44179969,7.46454621,238.79,33.10,0.00,261.25,0,-106.00,-16.00,0.00,0.00,35.00,0.00,0,344
293.51,1567399936,4888.03,51.44179969,7.46454621,238.79,33.10,0.00,261.25,0,-106.00,-16.00,0.00,0.00,34.00,0.00,0,144
294.50,1567399937,4920.73,51.44176072,7.46407610,238.53,32.72,0.00,261.81,0,-104.00,-14.00,0.00,0.00,34.00,0.00,0,337
294.50,1567399937,4920.77,51.44176072,7.46407610,238.53,32.72,0.00,261.81,0,-106.00,-16.00,0.00,0.00,35.00,0.00,0,344
294.50,1567399937,4920.80,51.44176072,7.46407610,238.53,32.72,0.00,261.81,0,-106.00,-16.00,0.00,0.00,34.00,0.00,0,144
295.50,1567399938,4953.49,51.44172265,7.46362518,237.97,32.30,0.00,262.09,0,-104.00,-14.00,0.00,0.00,34.00,0.00,0,337
295.50,1567399938,4953.49,51.44172265,7.46362518,237.97,32.30,0.00,262.09,0,-106.00,-16.00,0.00,0.00,35.00,0.00,0,344
295.50,1567399938,4953.52,51.44172265,7.46362518,237.97,32.30,0.00,262.09,0,-106.00,-16.00,0.00,0.00,34.00,0.00,0,144
298.50,1567399941,5048.91,51.44163928,7.46226086,234.76,30.93,0.00,264.49,0,-110.00,-11.00,0.00,0.00,26.00,0.00,0,144
298.50,1567399941,5048.94,51.44163928,7.46226086,234.76,30.93,0.00,264.49,0,-114.00,-12.00,0.00,0.00,23.00,0.00,0,326
298.50,1567399941,5048.94,51.44163928,7.46226086,234.76,30.93,0.00,264.49,0,-117.00,-16.00,0.00,0.00,24.00,0.00,0,344
299.50,1567399942,5079.84,51.44161864,7.46181716,233.31,30.38,0.00,265.17,0,-110.00,-11.00,0.00,0.00,26.00,0.00,0,144
299.50,1567399942,5079.87,51.44161864,7.46181716,233.31,30.38,0.00,265.17,0,-114.00,-12.00,0.00,0.00,23.00,0.00,0,326
299.50,1567399942,5079.93,51.44161864,7.46181716,233.31,30.38,0.00,265.17,0,-117.00,-16.00,0.00,0.00,24.00,0.00,0,344
300.50,1567399943,5110.25,51.44160160,7.46138179,232.24,29.61,0.00,266.16,0,-107.00,-10.00,0.00,0.00,28.00,0.00,0,144
300.50,1567399943,5110.28,51.44160160,7.46138179,232.24,29.61,0.00,266.16,0,-113.00,-12.00,0.00,0.00,24.00,0.00,0,326
300.50,1567399943,5110.28,51.44160160,7.46138179,232.24,29.61,0.00,266.16,0,-100.00,-11.00,0.00,0.00,41.00,0.00,0,344
300.50,1567399943,5110.31,51.44160160,7.46138179,232.24,29.61,0.00,266.16,0,-101.00,-12.00,0.00,0.00,41.00,0.00,0,342
301.50,1567399944,5139.89,51.44158464,7.46096083,231.28,28.65,0.00,266.52,0,-107.00,-10.00,0.00,0.00,28.00,0.00,0,144
301.50,1567399944,5139.92,51.44158464,7.46096083,231.28,28.65,0.00,266.52,0,-113.00,-12.00,0.00,0.00,24.00,0.00,0,326
301.50,1567399944,5139.92,51.44158464,7.46096083,231.28,28.65,0.00,266.52,0,-100.00,-11.00,0.00,0.00,41.00,0.00,0,344
301.50,1567399944,5139.94,51.44158464,7.46096083,231.28,28.65,0.00,266.52,0,-101.00,-12.00,0.00,0.00,41.00,0.00,0,342
302.50,1567399945,5168.51,51.44157129,7.46054504,230.45,28.27,0.00,267.22,0,-105.00,-10.00,0.00,0.00,30.00,0.00,0,144
302.50,1567399945,5168.51,51.44157129,7.46054504,230.45,28.27,0.00,267.22,0,-109.00,-13.00,0.00,0.00,30.00,0.00,0,344
302.50,1567399945,5168.53,51.44157129,7.46054504,230.45,28.27,0.00,267.22,0,-96.00,-11.00,0.00,0.00,44.00,0.00,0,344
302.50,1567399945,5168.56,51.44157129,7.46054504,230.45,28.27,0.00,267.22,0,-98.00,-13.00,0.00,0.00,44.00,0.00,0,342
303.50,1567399946,5196.66,51.44155856,7.46014243,229.63,27.62,0.00,266.99,0,-105.00,-10.00,0.00,0.00,30.00,0.00,0,144
303.50,1567399946,5196.69,51.44155856,7.46014243,229.63,27.62,0.00,266.99,0,-109.00,-13.00,0.00,0.00,30.00,0.00,0,344
303.50,1567399946,5196.69,51.44155856,7.46014243,229.63,27.62,0.00,266.99,0,-96.00,-11.00,0.00,0.00,44.00,0.00,0,344
303.50,1567399946,5196.72,51.44155856,7.46014243,229.63,27.62,0.00,266.99,0,-98.00,-13.00,0.00,0.00,44.00,0.00,0,342
304.50,1567399947,5224.36,51.44154995,7.45975616,228.99,27.32,0.00,268.35,0,-99.00,-8.00,0.00,0.00,34.00,0.00,0,144
304.50,1567399947,5224.39,51.44154995,7.45975616,228.99,27.32,0.00,268.35,0,-104.00,-11.00,0.00,0.00,32.00,0.00,0,344
304.50,1567399947,5224.44,51.44154995,7.45975616,228.99,27.32,0.00,268.35,0,-96.00,-9.00,0.00,0.00,43.00,0.00,0,344
304.50,1567399947,5224.44,51.44154995,7.45975616,228.99,27.32,0.00,268.35,0,-100.00,-14.00,0.00,0.00,43.00,0.00,0,342
305.50,1567399948,5251.70,51.44154032,7.45936697,228.27,26.81,0.00,268.52,0,-99.00,-8.00,0.00,0.00,34.00,0.00,0,144
305.50,1567399948,5251.73,51.44154032,7.45936697,228.27,26.81,0.00,268.52,0,-104.00,-11.00,0.00,0.00,32.00,0.00,0,344
305.50,1567399948,5251.73,51.44154032,7.45936697,228.27,26.81,0.00,268.52,0,-96.00,-9.00,0.00,0.00,43.00,0.00,0,344
305.50,1567399948,5251.76,51.44154032,7.45936697,228.27,26.81,0.00,268.52,0,-100.00,-14.00,0.00,0.00,43.00,0.00,0,342
306.50,1567399949,5278.46,51.44153132,7.45898414,227.76,26.25,0.00,268.57,0,-93.00,-9.00,0.00,0.00,45.00,0.00,0,344
306.50,1567399949,5278.49,51.44153132,7.45898414,227.76,26.25,0.00,268.57,0,-100.00,-15.00,0.00,0.00,45.00,0.00,0,342
307.50,1567399950,5304.79,51.44152552,7.45861306,227.45,25.95,0.00,268.83,0,-93.00,-9.00,0.00,0.00,45.00,0.00,0,344
307.50,1567399950,5304.81,51.44152552,7.45861306,227.45,25.95,0.00,268.83,0,-100.00,-15.00,0.00,0.00,45.00,0.00,0,342
308.49,1567399951,5330.43,51.44152007,7.45824433,227.12,25.73,0.00,269.34,0,-93.00,-8.00,0.00,0.00,45.00,0.00,0,344
309.50,1567399952,5356.39,51.44151857,7.45787628,227.00,25.51,0.00,269.66,0,-93.00,-8.00,0.00,0.00,45.00,0.00,0,344
310.50,1567399953,5381.90,51.44151811,7.45751079,226.80,25.27,0.00,269.26,0,-95.00,-16.00,0.00,0.00,52.00,0.00,0,344
310.50,1567399953,5381.92,51.44151811,7.45751079,226.80,25.27,0.00,269.26,0,-96.00,-19.00,0.00,0.00,51.00,0.00,0,145
311.50,1567399954,5407.17,51.44151705,7.45714465,226.59,25.37,0.00,269.93,0,-95.00,-16.00,0.00,0.00,52.00,0.00,0,344
311.50,1567399954,5407.20,51.44151705,7.45714465,226.59,25.37,0.00,269.93,0,-96.00,-19.00,0.00,0.00,51.00,0.00,0,145
317.50,1567399960,5563.14,51.44154506,7.45488522,224.65,27.10,0.00,272.36,0,-90.00,-10.00,0.00,0.00,48.00,0.00,0,344
318.50,1567399961,5590.27,51.44156378,7.45449551,224.24,27.37,0.00,273.65,0,-90.00,-10.00,0.00,0.00,48.00,0.00,0,344
319.50,1567399962,5617.72,51.44158089,7.45410819,223.82,27.13,0.00,273.72,0,-95.00,-10.00,0.00,0.00,44.00,0.00,0,344
320.50,1567399963,5644.77,51.44159732,7.45372124,223.41,27.12,0.00,272.88,0,-95.00,-10.00,0.00,0.00,44.00,0.00,0,344
321.50,1567399964,5671.94,51.44162031,7.45333030,222.88,27.39,0.00,274.93,0,-95.00,-14.00,0.00,0.00,47.00,0.00,0,145
322.49,1567399965,5699.08,51.44164438,7.45293779,222.20,27.53,0.00,275.02,0,-95.00,-14.00,0.00,0.00,47.00,0.00,0,145
335.51,1567399978,6055.15,51.44204606,7.44789766,227.88,26.68,0.00,280.13,0,-82.00,-11.00,0.00,0.00,59.00,0.00,0,344
336.50,1567399979,6081.61,51.44208965,7.44752048,228.02,26.70,0.00,280.50,0,-82.00,-11.00,0.00,0.00,59.00,0.00,0,344
337.50,1567399980,6108.31,51.44213363,7.44714143,228.04,26.71,0.00,280.78,0,-82.00,-11.00,0.00,0.00,59.00,0.00,0,344
377.51,1567400020,7245.96,51.44561897,7.43175063,202.82,28.82,0.00,301.24,0,-100.00,-13.00,0.00,0.00,42.00,0.00,0,70
378.50,1567400021,7274.55,51.44575419,7.43140619,201.40,28.80,0.00,302.31,0,-100.00,-13.00,0.00,0.00,42.00,0.00,0,70
379.49,1567400022,7303.15,51.44588721,7.43105833,199.82,28.86,0.00,303.17,0,-100.00,-13.00,0.00,0.00,42.00,0.00,0,70
382.50,1567400025,7389.85,51.44633905,7.43004748,196.35,28.77,0.00,307.68,0,-92.00,-10.00,0.00,0.00,46.00,0.00,0,70
383.50,1567400026,7418.70,51.44651818,7.42972719,195.43,29.07,0.00,310.44,0,-92.00,-10.00,0.00,0.00,46.00,0.00,0,70
384.50,1567400027,7447.60,51.44671181,7.42940883,194.31,29.26,0.00,313.23,0,-91.00,-9.00,0.00,0.00,47.00,0.00,0,70
385.50,1567400028,7476.95,51.44689494,7.42910708,193.21,29.12,0.00,312.73,0,-91.00,-9.00,0.00,0.00,47.00,0.00,0,70
386.50,1567400029,7506.09,51.44708030,7.42879968,191.86,29.10,0.00,313.74,0,-96.00,-8.00,0.00,0.00,41.00,0.00,0,70
387.50,1567400030,7535.19,51.44728037,7.42849632,190.49,29.12,0.00,315.12,0,-96.00,-8.00,0.00,0.00,41.00,0.00,0,70
388.50,1567400031,7564.34,51.44748618,7.42820786,189.07,28.98,0.00,316.53,0,-106.00,-9.00,0.00,0.00,30.00,0.00,0,70
388.50,1567400031,7564.34,51.44748618,7.42820786,189.07,28.98,0.00,316.53,0,-97.00,-6.00,0.00,0.00,39.00,0.00,0,70
389.50,1567400032,7593.30,51.44769104,7.42793107,187.33,29.27,0.00,318.46,0,-106.00,-9.00,0.00,0.00,30.00,0.00,0,70
389.50,1567400032,7593.33,51.44769104,7.42793107,187.33,29.27,0.00,318.46,0,-97.00,-6.00,0.00,0.00,39.00,0.00,0,70
390.50,1567400033,7622.59,51.44789891,7.42766106,185.53,29.45,0.00,319.84,0,-111.00,-10.00,0.00,0.00,25.00,0.00,0,70
390.50,1567400033,7622.59,51.44789891,7.42766106,185.53,29.45,0.00,319.84,0,-100.00,-8.00,0.00,0.00,38.00,0.00,0,70
391.50,1567400034,7651.99,51.44811054,7.42739392,183.93,29.58,0.00,321.02,0,-111.00,-10.00,0.00,0.00,25.00,0.00,0,70
391.50,1567400034,7652.02,51.44811054,7.42739392,183.93,29.58,0.00,321.02,0,-100.00,-8.00,0.00,0.00,38.00,0.00,0,70
392.50,1567400035,7681.60,51.44832525,7.42713156,182.52,29.58,0.00,322.23,0,-111.00,-12.00,0.00,0.00,27.00,0.00,0,70
392.50,1567400035,7681.63,51.44832525,7.42713156,182.52,29.58,0.00,322.23,0,-100.00,-8.00,0.00,0.00,37.00,0.00,0,70
393.50,1567400036,7711.18,51.44853790,7.42687335,181.08,29.69,0.00,322.24,0,-111.00,-12.00,0.00,0.00,27.00,0.00,0,70
393.50,1567400036,7711.21,51.44853790,7.42687335,181.08,29.69,0.00,322.24,0,-100.00,-8.00,0.00,0.00,37.00,0.00,0,70
396.50,1567400039,7798.96,51.44917058,7.42618777,176.90,27.36,0.00,327.06,0,-109.00,-11.00,0.00,0.00,27.00,0.00,0,146
397.50,1567400040,7826.34,51.44936410,7.42598850,176.10,25.00,0.00,327.36,0,-109.00,-11.00,0.00,0.00,27.00,0.00,0,146
398.51,1567400041,7851.51,51.44956301,7.42580670,175.43,24.09,0.00,329.73,0,-112.00,-13.00,0.00,0.00,26.00,0.00,0,146
398.51,1567400041,7851.54,51.44956301,7.42580670,175.43,24.09,0.00,329.73,0,-114.00,-13.00,0.00,0.00,26.00,0.00,0,58
399.50,1567400042,7875.39,51.44975597,7.42562828,174.36,24.13,0.00,329.05,0,-112.00,-13.00,0.00,0.00,26.00,0.00,0,146
399.50,1567400042,7875.41,51.44975597,7.42562828,174.36,24.13,0.00,329.05,0,-114.00,-13.00,0.00,0.00,26.00,0.00,0,58
400.50,1567400043,7899.57,51.44994939,7.42545104,172.92,24.01,0.00,330.20,0,-112.00,-13.00,0.00,0.00,26.00,0.00,0,146
400.50,1567400043,7899.59,51.44994939,7.42545104,172.92,24.01,0.00,330.20,0,-114.00,-13.00,0.00,0.00,26.00,0.00,0,58
401.50,1567400044,7923.60,51.45014010,7.42528139,171.41,23.57,0.00,330.54,0,-113.00,-13.00,0.00,0.00,28.00,0.00,0,58
401.50,1567400044,7923.60,51.45014010,7.42528139,171.41,23.57,0.00,330.54,0,-114.00,-17.00,0.00,0.00,28.00,0.00,0,397
402.50,1567400045,7947.14,51.45032143,7.42513773,170.22,23.00,0.00,333.08,0,-113.00,-13.00,0.00,0.00,28.00,0.00,0,58
402.50,1567400045,7947.17,51.45032143,7.42513773,170.22,23.00,0.00,333.08,0,-114.00,-17.00,0.00,0.00,28.00,0.00,0,397
403.50,1567400046,7970.12,51.45049802,7.42499737,169.26,22.24,0.00,334.11,0,-107.00,-10.00,0.00,0.00,30.00,0.00,0,58
404.50,1567400047,7992.38,51.45066986,7.42487051,168.22,22.33,0.00,335.43,0,-107.00,-10.00,0.00,0.00,30.00,0.00,0,58
405.50,1567400048,8014.73,51.45084887,7.42473931,166.93,21.90,0.00,335.25,0,-100.00,-14.00,0.00,0.00,40.00,0.00,0,31
405.50,1567400048,8014.76,51.45084887,7.42473931,166.93,21.90,0.00,335.25,0,-106.00,-9.00,0.00,0.00,29.00,0.00,0,58
405.50,1567400048,8014.78,51.45084887,7.42473931,166.93,21.90,0.00,335.25,0,-109.00,-12.00,0.00,0.00,29.00,0.00,0,350
406.50,1567400049,8036.64,51.45103328,7.42460674,165.67,21.86,0.00,335.24,0,-100.00,-14.00,0.00,0.00,40.00,0.00,0,31
406.50,1567400049,8036.64,51.45103328,7.42460674,165.67,21.86,0.00,335.24,0,-106.00,-9.00,0.00,0.00,29.00,0.00,0,58
406.50,1567400049,8036.66,51.45103328,7.42460674,165.67,21.86,0.00,335.24,0,-109.00,-12.00,0.00,0.00,29.00,0.00,0,350
407.50,1567400050,8058.52,51.45121691,7.42448308,164.43,21.65,0.00,336.71,0,-95.00,-13.00,0.00,0.00,43.00,0.00,0,376
407.50,1567400050,8058.55,51.45121691,7.42448308,164.43,21.65,0.00,336.71,0,-97.00,-14.00,0.00,0.00,44.00,0.00,0,338
407.50,1567400050,8058.55,51.45121691,7.42448308,164.43,21.65,0.00,336.71,0,-98.00,-14.00,0.00,0.00,42.00,0.00,0,58
407.50,1567400050,8058.57,51.45121691,7.42448308,164.43,21.65,0.00,336.71,0,-103.00,-11.00,0.00,0.00,35.00,0.00,0,58
407.50,1567400050,8058.59,51.45121691,7.42448308,164.43,21.65,0.00,336.71,0,-106.00,-13.00,0.00,0.00,34.00,0.00,0,350
408.50,1567400051,8080.20,51.45140234,7.42436954,163.53,21.72,0.00,338.16,0,-95.00,-13.00,0.00,0.00,43.00,0.00,0,376
408.50,1567400051,8080.22,51.45140234,7.42436954,163.53,21.72,0.00,338.16,0,-97.00,-14.00,0.00,0.00,44.00,0.00,0,338
408.50,1567400051,8080.24,51.45140234,7.42436954,163.53,21.72,0.00,338.16,0,-98.00,-14.00,0.00,0.00,42.00,0.00,0,58
408.50,1567400051,8080.24,51.45140234,7.42436954,163.53,21.72,0.00,338.16,0,-103.00,-11.00,0.00,0.00,35.00,0.00,0,58
408.51,1567400051,8080.27,51.45140234,7.42436954,163.53,21.72,0.00,338.16,0,-106.00,-13.00,0.00,0.00,34.00,0.00,0,350
409.50,1567400052,8101.90,51.45158120,7.42425941,162.64,21.79,0.00,338.92,0,-88.00,-9.00,0.00,0.00,46.00,0.00,0,376
409.50,1567400052,8101.92,51.45158120,7.42425941,162.64,21.79,0.00,338.92,0,-89.00,-10.00,0.00,0.00,46.00,0.00,0,338
409.50,1567400052,8101.92,51.45158120,7.42425941,162.64,21.79,0.00,338.92,0,-104.00,-13.00,0.00,0.00,37.00,0.00,0,350
409.50,1567400052,8101.95,51.45158120,7.42425941,162.64,21.79,0.00,338.92,0,-107.00,-15.00,0.00,0.00,37.00,0.00,0,58
410.50,1567400053,8123.69,51.45175927,7.42415711,161.47,22.11,0.00,339.25,0,-88.00,-9.00,0.00,0.00,46.00,0.00,0,376
410.50,1567400053,8123.71,51.45175927,7.42415711,161.47,22.11,0.00,339.25,0,-89.00,-10.00,0.00,0.00,46.00,0.00,0,338
410.50,1567400053,8123.73,51.45175927,7.42415711,161.47,22.11,0.00,339.25,0,-104.00,-13.00,0.00,0.00,37.00,0.00,0,350
410.50,1567400053,8123.73,51.45175927,7.42415711,161.47,22.11,0.00,339.25,0,-107.00,-15.00,0.00,0.00,37.00,0.00,0,58
411.50,1567400054,8145.78,51.45193996,7.42405605,159.87,22.47,0.00,340.20,0,-93.00,-10.00,0.00,0.00,43.00,0.00,0,70
411.50,1567400054,8145.80,51.45193996,7.42405605,159.87,22.47,0.00,340.20,0,-95.00,-11.00,0.00,0.00,41.00,0.00,0,376
411.50,1567400054,8145.82,51.45193996,7.42405605,159.87,22.47,0.00,340.20,0,-106.00,-9.00,0.00,0.00,30.00,0.00,0,58
411.50,1567400054,8145.85,51.45193996,7.42405605,159.87,22.47,0.00,340.20,0,-107.00,-11.00,0.00,0.00,31.00,0.00,0,376
412.50,1567400055,8168.25,51.45212541,7.42395596,158.34,22.81,0.00,340.73,0,-93.00,-10.00,0.00,0.00,43.00,0.00,0,70
412.50,1567400055,8168.27,51.45212541,7.42395596,158.34,22.81,0.00,340.73,0,-95.00,-11.00,0.00,0.00,41.00,0.00,0,376
412.50,1567400055,8168.27,51.45212541,7.42395596,158.34,22.81,0.00,340.73,0,-106.00,-9.00,0.00,0.00,30.00,0.00,0,58
412.50,1567400055,8168.29,51.45212541,7.42395596,158.34,22.81,0.00,340.73,0,-107.00,-11.00,0.00,0.00,31.00,0.00,0,376
413.50,1567400056,8191.01,51.45231497,7.42385106,156.89,23.12,0.00,341.63,0,-96.00,-13.00,0.00,0.00,43.00,0.00,0,70
414.49,1567400057,8213.96,51.45250792,7.42375087,156.72,22.90,0.00,341.50,0,-96.00,-13.00,0.00,0.00,43.00,0.00,0,70
419.50,1567400062,8333.12,51.45353304,7.42327958,159.51,23.97,0.00,343.50,0,-80.00,-8.00,0.00,0.00,54.00,0.00,0,70
419.50,1567400062,8333.12,51.45353304,7.42327958,159.51,23.97,0.00,343.50,0,-99.00,-12.00,0.00,0.00,42.00,0.00,0,70
419.50,1567400062,8333.12,51.45353304,7.42327958,159.51,23.97,0.00,343.50,0,-100.00,-11.00,0.00,0.00,43.00,0.00,0,58
420.50,1567400063,8357.12,51.45373872,7.42318234,159.59,24.33,0.00,343.96,0,-80.00,-8.00,0.00,0.00,54.00,0.00,0,70
420.50,1567400063,8357.14,51.45373872,7.42318234,159.59,24.33,0.00,343.96,0,-99.00,-12.00,0.00,0.00,42.00,0.00,0,70
420.50,1567400063,8357.17,51.45373872,7.42318234,159.59,24.33,0.00,343.96,0,-100.00,-11.00,0.00,0.00,43.00,0.00,0,58
421.50,1567400064,8381.45,51.45394375,7.42308690,159.28,24.57,0.00,344.01,0,-80.00,-8.00,0.00,0.00,54.00,0.00,0,70
421.50,1567400064,8381.45,51.45394375,7.42308690,159.28,24.57,0.00,344.01,0,-99.00,-12.00,0.00,0.00,42.00,0.00,0,70
421.50,1567400064,8381.47,51.45394375,7.42308690,159.28,24.57,0.00,344.01,0,-100.00,-11.00,0.00,0.00,43.00,0.00,0,58
422.50,1567400065,8406.04,51.45414961,7.42298962,159.19,24.44,0.00,343.70,0,-84.00,-10.00,0.00,0.00,52.00,0.00,0,70
422.50,1567400065,8406.06,51.45414961,7.42298962,159.19,24.44,0.00,343.70,0,-92.00,-9.00,0.00,0.00,43.00,0.00,0,70
422.50,1567400065,8406.09,51.45414961,7.42298962,159.19,24.44,0.00,343.70,0,-94.00,-10.00,0.00,0.00,43.00,0.00,0,338
422.50,1567400065,8406.09,51.45414961,7.42298962,159.19,24.44,0.00,343.70,0,-97.00,-9.00,0.00,0.00,38.00,0.00,0,58
423.50,1567400066,8430.53,51.45435941,7.42288903,159.22,24.50,0.00,343.55,0,-84.00,-10.00,0.00,0.00,52.00,0.00,0,70
423.50,1567400066,8430.53,51.45435941,7.42288903,159.22,24.50,0.00,343.55,0,-92.00,-9.00,0.00,0.00,43.00,0.00,0,70
423.50,1567400066,8430.55,51.45435941,7.42288903,159.22,24.50,0.00,343.55,0,-94.00,-10.00,0.00,0.00,43.00,0.00,0,338
423.50,1567400066,8430.55,51.45435941,7.42288903,159.22,24.50,0.00,343.55,0,-97.00,-9.00,0.00,0.00,38.00,0.00,0,58
426.50,1567400069,8503.85,51.45498966,7.42258499,159.80,24.37,0.00,343.22,0,-88.00,-9.00,0.00,0.00,46.00,0.00,0,338
427.50,1567400070,8528.27,51.45519734,7.42248263,159.97,24.37,0.00,342.89,0,-88.00,-9.00,0.00,0.00,46.00,0.00,0,338
430.50,1567400073,8601.84,51.45582799,7.42214176,159.91,25.49,0.00,341.04,0,-89.00,-8.00,0.00,0.00,45.00,0.00,0,70
430.50,1567400073,8601.87,51.45582799,7.42214176,159.91,25.49,0.00,341.04,0,-75.00,-7.00,0.00,0.00,61.00,0.00,0,70
431.50,1567400074,8627.33,51.45604083,7.42202174,159.48,25.73,0.00,340.83,0,-89.00,-8.00,0.00,0.00,45.00,0.00,0,70
431.50,1567400074,8627.38,51.45604083,7.42202174,159.48,25.73,0.00,340.83,0,-75.00,-7.00,0.00,0.00,61.00,0.00,0,70
432.50,1567400075,8653.05,51.45625845,7.42189885,159.00,26.08,0.00,340.05,0,-78.00,-9.00,0.00,0.00,60.00,0.00,0,70
433.50,1567400076,8679.14,51.45648859,7.42176116,158.73,26.64,0.00,339.77,0,-78.00,-9.00,0.00,0.00,60.00,0.00,0,70
434.50,1567400077,8705.81,51.45671752,7.42161525,158.43,27.39,0.00,338.41,0,-87.00,-8.00,0.00,0.00,46.00,0.00,0,70
434.50,1567400077,8705.81,51.45671752,7.42161525,158.43,27.39,0.00,338.41,0,-81.00,-11.00,0.00,0.00,58.00,0.00,0,70
435.50,1567400078,8733.20,51.45696150,7.42146349,157.73,27.82,0.00,338.06,0,-87.00,-8.00,0.00,0.00,46.00,0.00,0,70
435.50,1567400078,8733.20,51.45696150,7.42146349,157.73,27.82,0.00,338.06,0,-81.00,-11.00,0.00,0.00,58.00,0.00,0,70
436.50,1567400079,8760.99,51.45720510,7.42130157,156.54,28.16,0.00,337.23,0,-88.00,-8.00,0.00,0.00,45.00,0.00,0,338
437.50,1567400080,8789.13,51.45745190,7.42113022,155.28,28.61,0.00,336.22,0,-88.00,-8.00,0.00,0.00,45.00,0.00,0,338
438.50,1567400081,8817.80,51.45768544,7.42095220,154.22,29.13,0.00,335.19,0,-85.00,-7.00,0.00,0.00,48.00,0.00,0,338
438.50,1567400081,8817.80,51.45768544,7.42095220,154.22,29.13,0.00,335.19,0,-86.00,-13.00,0.00,0.00,55.00,0.00,0,338
439.50,1567400082,8846.93,51.45791931,7.42077341,153.32,29.65,0.00,334.51,0,-85.00,-7.00,0.00,0.00,48.00,0.00,0,338
439.50,1567400082,8846.96,51.45791931,7.42077341,153.32,29.65,0.00,334.51,0,-86.00,-13.00,0.00,0.00,55.00,0.00,0,338
440.50,1567400083,8876.61,51.45816056,7.42058536,152.33,29.80,0.00,334.07,0,-93.00,-9.00,0.00,0.00,42.00,0.00,0,338
440.50,1567400083,8876.64,51.45816056,7.42058536,152.33,29.80,0.00,334.07,0,-97.00,-13.00,0.00,0.00,42.00,0.00,0,69
440.50,1567400083,8876.67,51.45816056,7.42058536,152.33,29.80,0.00,334.07,0,-99.00,-13.00,0.00,0.00,40.00,0.00,0,206
440.50,1567400083,8876.70,51.45816056,7.42058536,152.33,29.80,0.00,334.07,0,-87.00,-11.00,0.00,0.00,53.00,0.00,0,338
440.50,1567400083,8876.70,51.45816056,7.42058536,152.33,29.80,0.00,334.07,0,-91.00,-15.00,0.00,0.00,54.00,0.00,0,69
441.50,1567400084,8906.41,51.45838901,7.42039396,151.07,28.91,0.00,332.26,0,-93.00,-9.00,0.00,0.00,42.00,0.00,0,338
441.50,1567400084,8906.44,51.45838901,7.42039396,151.07,28.91,0.00,332.26,0,-97.00,-13.00,0.00,0.00,42.00,0.00,0,69
441.50,1567400084,8906.47,51.45838901,7.42039396,151.07,28.91,0.00,332.26,0,-99.00,-13.00,0.00,0.00,40.00,0.00,0,206
441.50,1567400084,8906.50,51.45838901,7.42039396,151.07,28.91,0.00,332.26,0,-87.00,-11.00,0.00,0.00,53.00,0.00,0,338
441.50,1567400084,8906.50,51.45838901,7.42039396,151.07,28.91,0.00,332.26,0,-91.00,-15.00,0.00,0.00,54.00,0.00,0,69
442.51,1567400085,8935.50,51.45861268,7.42020501,150.02,28.40,0.00,331.27,0,-90.00,-10.00,0.00,0.00,47.00,0.00,0,70
442.51,1567400085,8935.52,51.45861268,7.42020501,150.02,28.40,0.00,331.27,0,-83.00,-9.00,0.00,0.00,55.00,0.00,0,70
443.50,1567400086,8963.67,51.45882894,7.42000780,149.12,27.93,0.00,330.39,0,-90.00,-10.00,0.00,0.00,47.00,0.00,0,70
443.50,1567400086,8963.70,51.45882894,7.42000780,149.12,27.93,0.00,330.39,0,-83.00,-9.00,0.00,0.00,55.00,0.00,0,70
444.49,1567400087,8991.37,51.45904731,7.41980809,148.37,28.10,0.00,330.02,0,-90.00,-10.00,0.00,0.00,47.00,0.00,0,70
444.49,1567400087,8991.37,51.45904731,7.41980809,148.37,28.10,0.00,330.02,0,-83.00,-9.00,0.00,0.00,55.00,0.00,0,70
447.50,1567400090,9076.45,51.45969956,7.41919711,147.14,28.70,0.00,328.28,0,-78.00,-8.00,0.00,0.00,58.00,0.00,0,69
447.50,1567400090,9076.48,51.45969956,7.41919711,147.14,28.70,0.00,328.28,0,-83.00,-12.00,0.00,0.00,57.00,0.00,0,459
448.50,1567400091,9105.12,51.45991429,7.41897842,147.08,28.81,0.00,326.71,0,-78.00,-8.00,0.00,0.00,58.00,0.00,0,69
448.50,1567400091,9105.12,51.45991429,7.41897842,147.08,28.81,0.00,326.71,0,-83.00,-12.00,0.00,0.00,57.00,0.00,0,459
449.50,1567400092,9133.93,51.46012631,7.41875961,146.80,29.28,0.00,326.24,0,-89.00,-10.00,0.00,0.00,45.00,0.00,0,459
449.50,1567400092,9133.96,51.46012631,7.41875961,146.80,29.28,0.00,326.24,0,-76.00,-7.00,0.00,0.00,60.00,0.00,0,69
450.50,1567400093,9163.21,51.46033574,7.41852524,146.45,29.58,0.00,325.32,0,-89.00,-10.00,0.00,0.00,45.00,0.00,0,459
450.50,1567400093,9163.24,51.46033574,7.41852524,146.45,29.58,0.00,325.32,0,-76.00,-7.00,0.00,0.00,60.00,0.00,0,69
451.50,1567400094,9192.82,51.46056193,7.41827684,146.36,29.86,0.00,324.60,0,-84.00,-10.00,0.00,0.00,56.00,0.00,0,69
451.50,1567400094,9192.85,51.46056193,7.41827684,146.36,29.86,0.00,324.60,0,-84.00,-10.00,0.00,0.00,55.00,0.00,0,459
452.50,1567400095,9222.65,51.46079018,7.41801727,146.42,30.28,0.00,323.64,0,-84.00,-10.00,0.00,0.00,56.00,0.00,0,69
452.50,1567400095,9222.65,51.46079018,7.41801727,146.42,30.28,0.00,323.64,0,-84.00,-10.00,0.00,0.00,55.00,0.00,0,459
463.51,1567400106,9569.08,51.46318291,7.41476295,146.06,31.42,0.00,313.89,0,-92.00,-11.00,0.00,0.00,45.00,0.00,0,338
464.50,1567400107,9600.34,51.46337322,7.41443323,146.10,31.18,0.00,312.82,0,-92.00,-11.00,0.00,0.00,45.00,0.00,0,338
465.50,1567400108,9631.55,51.46355931,7.41410658,146.27,31.26,0.00,311.99,0,-92.00,-11.00,0.00,0.00,45.00,0.00,0,338
466.50,1567400109,9662.72,51.46374436,7.41377228,146.59,31.30,0.00,311.68,0,-94.00,-12.00,0.00,0.00,44.00,0.00,0,459
467.50,1567400110,9694.02,51.46393270,7.41343560,146.96,31.42,0.00,310.95,0,-94.00,-12.00,0.00,0.00,44.00,0.00,0,459
468.50,1567400111,9725.44,51.46411373,7.41309192,147.32,31.50,0.00,309.84,0,-98.00,-12.00,0.00,0.00,41.00,0.00,0,338
468.50,1567400111,9725.47,51.46411373,7.41309192,147.32,31.50,0.00,309.84,0,-93.00,-13.00,0.00,0.00,50.00,0.00,0,31
469.50,1567400112,9756.97,51.46429090,7.41274636,147.50,31.69,0.00,309.55,0,-98.00,-12.00,0.00,0.00,41.00,0.00,0,338
469.50,1567400112,9757.00,51.46429090,7.41274636,147.50,31.69,0.00,309.55,0,-93.00,-13.00,0.00,0.00,50.00,0.00,0,31
470.50,1567400113,9788.65,51.46446960,7.41239456,147.44,31.86,0.00,309.26,0,-96.00,-9.00,0.00,0.00,39.00,0.00,0,459
470.50,1567400113,9788.68,51.46446960,7.41239456,147.44,31.86,0.00,309.26,0,-101.00,-11.00,0.00,0.00,36.00,0.00,0,120
470.50,1567400113,9788.72,51.46446960,7.41239456,147.44,31.86,0.00,309.26,0,-86.00,-8.00,0.00,0.00,52.00,0.00,0,459
471.50,1567400114,9820.48,51.46464789,7.41203289,147.54,31.82,0.00,308.66,0,-96.00,-9.00,0.00,0.00,39.00,0.00,0,459
471.50,1567400114,9820.51,51.46464789,7.41203289,147.54,31.82,0.00,308.66,0,-101.00,-11.00,0.00,0.00,36.00,0.00,0,120
471.50,1567400114,9820.54,51.46464789,7.41203289,147.54,31.82,0.00,308.66,0,-86.00,-8.00,0.00,0.00,52.00,0.00,0,459
472.50,1567400115,9852.30,51.46482503,7.41167323,147.57,32.18,0.00,308.78,0,-101.00,-12.00,0.00,0.00,37.00,0.00,0,338
473.50,1567400116,9884.45,51.46500863,7.41130402,148.05,32.34,0.00,308.18,0,-101.00,-12.00,0.00,0.00,37.00,0.00,0,338
474.50,1567400117,9916.66,51.46519026,7.41093634,148.74,32.47,0.00,307.96,0,-107.00,-14.00,0.00,0.00,34.00,0.00,0,338
474.50,1567400117,9916.69,51.46519026,7.41093634,148.74,32.47,0.00,307.96,0,-98.00,-12.00,0.00,0.00,43.00,0.00,0,206
475.50,1567400118,9949.29,51.46536532,7.41057462,149.45,32.48,0.00,307.91,0,-107.00,-14.00,0.00,0.00,34.00,0.00,0,338
475.50,1567400118,9949.33,51.46536532,7.41057462,149.45,32.48,0.00,307.91,0,-98.00,-12.00,0.00,0.00,43.00,0.00,0,206
476.50,1567400119,9981.84,51.46554432,7.41020668,150.26,32.51,0.00,307.94,0,-104.00,-11.00,0.00,0.00,32.00,0.00,0,376
476.50,1567400119,9981.87,51.46554432,7.41020668,150.26,32.51,0.00,307.94,0,-106.00,-12.00,0.00,0.00,31.00,0.00,0,459
476.50,1567400119,9981.91,51.46554432,7.41020668,150.26,32.51,0.00,307.94,0,-108.00,-11.00,0.00,0.00,28.00,0.00,0,120
476.50,1567400119,9981.91,51.46554432,7.41020668,150.26,32.51,0.00,307.94,0,-96.00,-10.00,0.00,0.00,44.00,0.00,0,459
476.50,1567400119,9981.94,51.46554432,7.41020668,150.26,32.51,0.00,307.94,0,-100.00,-14.00,0.00,0.00,42.00,0.00,0,206
477.50,1567400120,10014.35,51.46572246,7.40983780,150.89,32.90,0.00,308.31,0,-104.00,-11.00,0.00,0.00,32.00,0.00,0,376
477.50,1567400120,10014.38,51.46572246,7.40983780,150.89,32.90,0.00,308.31,0,-106.00,-12.00,0.00,0.00,31.00,0.00,0,459
477.50,1567400120,10014.38,51.46572246,7.40983780,150.89,32.90,0.00,308.31,0,-108.00,-11.00,0.00,0.00,28.00,0.00,0,120
477.50,1567400120,10014.45,51.46572246,7.40983780,150.89,32.90,0.00,308.31,0,-96.00,-10.00,0.00,0.00,44.00,0.00,0,459
477.50,1567400120,10014.45,51.46572246,7.40983780,150.89,32.90,0.00,308.31,0,-100.00,-14.00,0.00,0.00,42.00,0.00,0,206
478.50,1567400121,10047.18,51.46590462,7.40946781,151.28,32.93,0.00,307.96,0,-99.00,-9.00,0.00,0.00,36.00,0.00,0,149
478.50,1567400121,10047.21,51.46590462,7.40946781,151.28,32.93,0.00,307.96,0,-103.00,-14.00,0.00,0.00,36.00,0.00,0,376
478.50,1567400121,10047.25,51.46590462,7.40946781,151.28,32.93,0.00,307.96,0,-104.00,-14.00,0.00,0.00,35.00,0.00,0,338
479.50,1567400122,10080.17,51.46608975,7.40909226,151.66,33.04,0.00,308.09,0,-99.00,-9.00,0.00,0.00,36.00,0.00,0,149
479.50,1567400122,10080.21,51.46608975,7.40909226,151.66,33.04,0.00,308.09,0,-103.00,-14.00,0.00,0.00,36.00,0.00,0,376
479.50,1567400122,10080.24,51.46608975,7.40909226,151.66,33.04,0.00,308.09,0,-104.00,-14.00,0.00,0.00,35.00,0.00,0,338
480.50,1567400123,10113.11,51.46627557,7.40871198,152.23,33.08,0.00,308.52,0,-89.00,-8.00,0.00,0.00,50.00,0.00,0,459
481.50,1567400124,10146.23,51.46646172,7.40833382,152.68,33.26,0.00,308.49,0,-89.00,-8.00,0.00,0.00,50.00,0.00,0,459
484.51,1567400127,10246.59,51.46700947,7.40720961,152.83,33.54,0.00,309.05,0,-98.00,-11.00,0.00,0.00,39.00,0.00,0,206
484.51,1567400127,10246.62,51.46700947,7.40720961,152.83,33.54,0.00,309.05,0,-99.00,-11.00,0.00,0.00,38.00,0.00,0,376
485.50,1567400128,10279.90,51.46719569,7.40682756,153.06,33.69,0.00,309.55,0,-98.00,-11.00,0.00,0.00,39.00,0.00,0,206
485.50,1567400128,10279.93,51.46719569,7.40682756,153.06,33.69,0.00,309.55,0,-99.00,-11.00,0.00,0.00,38.00,0.00,0,376
486.50,1567400129,10313.62,51.46738774,7.40644653,153.25,33.46,0.00,309.04,0,-98.00,-11.00,0.00,0.00,39.00,0.00,0,206
486.50,1567400129,10313.65,51.46738774,7.40644653,153.25,33.46,0.00,309.04,0,-99.00,-11.00,0.00,0.00,38.00,0.00,0,376
487.50,1567400130,10347.05,51.46758334,7.40606560,153.45,33.59,0.00,309.40,0,-99.00,-11.00,0.00,0.00,37.00,0.00,0,69
488.50,1567400131,10380.61,51.46778572,7.40569720,153.77,34.17,0.00,310.81,0,-99.00,-11.00,0.00,0.00,37.00,0.00,0,69
489.50,1567400132,10414.91,51.46799202,7.40532615,154.09,34.15,0.00,311.39,0,-95.00,-11.00,0.00,0.00,41.00,0.00,0,459
489.50,1567400132,10414.91,51.46799202,7.40532615,154.09,34.15,0.00,311.39,0,-95.00,-12.00,0.00,0.00,42.00,0.00,0,69
489.50,1567400132,10414.95,51.46799202,7.40532615,154.09,34.15,0.00,311.39,0,-96.00,-12.00,0.00,0.00,41.00,0.00,0,143
489.50,1567400132,10414.98,51.46799202,7.40532615,154.09,34.15,0.00,311.39,0,-88.00,-8.00,0.00,0.00,50.00,0.00,0,459
489.50,1567400132,10414.98,51.46799202,7.40532615,154.09,34.15,0.00,311.39,0,-90.00,-13.00,0.00,0.00,52.00,0.00,0,206
490.50,1567400133,10449.10,51.46820362,7.40495606,154.52,34.36,0.00,311.83,0,-95.00,-11.00,0.00,0.00,41.00,0.00,0,459
490.50,1567400133,10449.13,51.46820362,7.40495606,154.52,34.36,0.00,311.83,0,-95.00,-12.00,0.00,0.00,42.00,0.00,0,69
490.51,1567400133,10449.17,51.46820362,7.40495606,154.52,34.36,0.00,311.83,0,-96.00,-12.00,0.00,0.00,41.00,0.00,0,143
490.51,1567400133,10449.17,51.46820362,7.40495606,154.52,34.36,0.00,311.83,0,-88.00,-8.00,0.00,0.00,50.00,0.00,0,459
490.51,1567400133,10449.20,51.46820362,7.40495606,154.52,34.36,0.00,311.83,0,-90.00,-13.00,0.00,0.00,52.00,0.00,0,206
491.50,1567400134,10483.39,51.46840895,7.40458941,154.91,34.43,0.00,312.44,0,-101.00,-12.00,0.00,0.00,35.00,0.00,0,146
491.50,1567400134,10483.43,51.46840895,7.40458941,154.91,34.43,0.00,312.44,0,-103.00,-14.00,0.00,0.00,36.00,0.00,0,338
491.50,1567400134,10483.46,51.46840895,7.40458941,154.91,34.43,0.00,312.44,0,-103.00,-12.00,0.00,0.00,35.00,0.00,0,459
491.50,1567400134,10483.46,51.46840895,7.40458941,154.91,34.43,0.00,312.44,0,-99.00,-14.00,0.00,0.00,43.00,0.00,0,459
491.50,1567400134,10483.49,51.46840895,7.40458941,154.91,34.43,0.00,312.44,0,-101.00,-14.00,0.00,0.00,42.00,0.00,0,206
492.50,1567400135,10517.86,51.46861702,7.40422256,155.42,34.42,0.00,312.54,0,-101.00,-12.00,0.00,0.00,35.00,0.00,0,146
492.50,1567400135,10517.89,51.46861702,7.40422256,155.42,34.42,0.00,312.54,0,-103.00,-14.00,0.00,0.00,36.00,0.00,0,338
492.50,1567400135,10517.89,51.46861702,7.40422256,155.42,34.42,0.00,312.54,0,-103.00,-12.00,0.00,0.00,35.00,0.00,0,459
492.50,1567400135,10517.93,51.46861702,7.40422256,155.42,34.42,0.00,312.54,0,-99.00,-14.00,0.00,0.00,43.00,0.00,0,459
492.51,1567400135,10517.96,51.46861702,7.40422256,155.42,34.42,0.00,312.54,0,-101.00,-14.00,0.00,0.00,42.00,0.00,0,206
493.50,1567400136,10552.21,51.46882669,7.40386119,155.86,34.44,0.00,312.91,0,-98.00,-9.00,0.00,0.00,36.00,0.00,0,146
493.50,1567400136,10552.21,51.46882669,7.40386119,155.86,34.44,0.00,312.91,0,-102.00,-11.00,0.00,0.00,35.00,0.00,0,459
493.50,1567400136,10552.24,51.46882669,7.40386119,155.86,34.44,0.00,312.91,0,-102.00,-15.00,0.00,0.00,42.00,0.00,0,459
494.50,1567400137,10586.65,51.46903757,7.40349792,156.32,34.44,0.00,313.45,0,-98.00,-9.00,0.00,0.00,36.00,0.00,0,146
494.50,1567400137,10586.69,51.46903757,7.40349792,156.32,34.44,0.00,313.45,0,-102.00,-11.00,0.00,0.00,35.00,0.00,0,459
494.50,1567400137,10586.69,51.46903757,7.40349792,156.32,34.44,0.00,313.45,0,-102.00,-15.00,0.00,0.00,42.00,0.00,0,459
495.50,1567400138,10621.09,51.46925469,7.40314011,157.08,33.60,0.00,313.98,0,-100.00,-12.00,0.00,0.00,37.00,0.00,0,459
495.50,1567400138,10621.09,51.46925469,7.40314011,157.08,33.60,0.00,313.98,0,-102.00,-13.00,0.00,0.00,40.00,0.00,0,69
495.50,1567400138,10621.12,51.46925469,7.40314011,157.08,33.60,0.00,313.98,0,-105.00,-15.00,0.00,0.00,39.00,0.00,0,459
496.50,1567400139,10654.68,51.46946675,7.40278920,157.98,33.14,0.00,314.07,0,-100.00,-12.00,0.00,0.00,37.00,0.00,0,459
496.50,1567400139,10654.71,51.46946675,7.40278920,157.98,33.14,0.00,314.07,0,-102.00,-13.00,0.00,0.00,40.00,0.00,0,69
496.50,1567400139,10654.71,51.46946675,7.40278920,157.98,33.14,0.00,314.07,0,-105.00,-15.00,0.00,0.00,39.00,0.00,0,459
497.50,1567400140,10687.79,51.46967651,7.40244213,158.75,32.40,0.00,314.13,0,-105.00,-13.00,0.00,0.00,38.00,0.00,0,69
497.50,1567400140,10687.82,51.46967651,7.40244213,158.75,32.40,0.00,314.13,0,-107.00,-16.00,0.00,0.00,38.00,0.00,0,459
498.50,1567400141,10720.22,51.46988250,7.40210218,159.95,31.22,0.00,314.54,0,-105.00,-13.00,0.00,0.00,38.00,0.00,0,69
498.50,1567400141,10720.22,51.46988250,7.40210218,159.95,31.22,0.00,314.54,0,-107.00,-16.00,0.00,0.00,38.00,0.00,0,459
499.50,1567400142,10751.41,51.47008219,7.40178373,161.04,30.87,0.00,315.39,0,-106.00,-15.00,0.00,0.00,38.00,0.00,0,69
499.50,1567400142,10751.44,51.47008219,7.40178373,161.04,30.87,0.00,315.39,0,-107.00,-16.00,0.00,0.00,38.00,0.00,0,459
500.50,1567400143,10782.27,51.47026489,7.40148497,161.35,29.94,0.00,315.80,0,-106.00,-15.00,0.00,0.00,38.00,0.00,0,69
500.50,1567400143,10782.30,51.47026489,7.40148497,161.35,29.94,0.00,315.80,0,-107.00,-16.00,0.00,0.00,38.00,0.00,0,459
501.50,1567400144,10812.24,51.47044596,7.40118753,161.32,29.48,0.00,315.98,0,-106.00,-17.00,0.00,0.00,42.00,0.00,0,459
501.50,1567400144,10812.27,51.47044596,7.40118753,161.32,29.48,0.00,315.98,0,-108.00,-20.00,0.00,0.00,42.00,0.00,0,69
502.50,1567400145,10841.69,51.47063103,7.40088936,161.62,29.41,0.00,316.09,0,-106.00,-17.00,0.00,0.00,42.00,0.00,0,459
502.50,1567400145,10841.72,51.47063103,7.40088936,161.62,29.41,0.00,316.09,0,-108.00,-20.00,0.00,0.00,42.00,0.00,0,69
508.50,1567400151,11015.84,51.47177049,7.39920724,163.22,27.21,0.00,318.71,0,-99.00,-8.00,0.00,0.00,38.00,0.00,0,459
509.50,1567400152,11043.03,51.47195343,7.39894425,163.83,26.84,0.00,318.94,0,-99.00,-8.00,0.00,0.00,38.00,0.00,0,459
510.50,1567400153,11069.86,51.47213271,7.39868085,164.27,26.29,0.00,318.37,0,-101.00,-9.00,0.00,0.00,37.00,0.00,0,459
511.50,1567400154,11096.15,51.47230615,7.39842841,164.89,25.85,0.00,318.21,0,-101.00,-9.00,0.00,0.00,37.00,0.00,0,459
512.50,1567400155,11122.01,51.47247298,7.39818502,165.31,25.70,0.00,318.68,0,-99.00,-9.00,0.00,0.00,39.00,0.00,0,459
513.50,1567400156,11147.71,51.47263914,7.39794352,165.45,25.60,0.00,318.37,0,-99.00,-9.00,0.00,0.00,39.00,0.00,0,459
514.50,1567400157,11173.36,51.47280740,7.39770334,165.35,25.69,0.00,318.92,0,-100.00,-10.00,0.00,0.00,38.00,0.00,0,459
514.50,1567400157,11173.39,51.47280740,7.39770334,165.35,25.69,0.00,318.92,0,-104.00,-13.00,0.00,0.00,38.00,0.00,0,59
515.50,1567400158,11199.03,51.47298045,7.39747102,165.08,25.75,0.00,320.02,0,-100.00,-10.00,0.00,0.00,38.00,0.00,0,459
515.50,1567400158,11199.05,51.47298045,7.39747102,165.08,25.75,0.00,320.02,0,-104.00,-13.00,0.00,0.00,38.00,0.00,0,59
516.50,1567400159,11224.80,51.47315357,7.39723732,164.82,25.79,0.00,319.83,0,-102.00,-10.00,0.00,0.00,37.00,0.00,0,459
516.50,1567400159,11224.80,51.47315357,7.39723732,164.82,25.79,0.00,319.83,0,-104.00,-12.00,0.00,0.00,37.00,0.00,0,59
517.50,1567400160,11250.57,51.47333167,7.39699934,164.60,26.01,0.00,320.43,0,-102.00,-10.00,0.00,0.00,37.00,0.00,0,459
517.50,1567400160,11250.59,51.47333167,7.39699934,164.60,26.01,0.00,320.43,0,-104.00,-12.00,0.00,0.00,37.00,0.00,0,59
520.50,1567400163,11328.40,51.47388397,7.39630968,165.17,25.64,0.00,322.57,0,-106.00,-13.00,0.00,0.00,36.00,0.00,0,59
520.50,1567400163,11328.43,51.47388397,7.39630968,165.17,25.64,0.00,322.57,0,-107.00,-14.00,0.00,0.00,37.00,0.00,0,459
521.50,1567400164,11353.99,51.47407135,7.39608953,165.63,25.46,0.00,322.56,0,-106.00,-13.00,0.00,0.00,36.00,0.00,0,59
521.50,1567400164,11354.01,51.47407135,7.39608953,165.63,25.46,0.00,322.56,0,-107.00,-14.00,0.00,0.00,37.00,0.00,0,459
522.50,1567400165,11379.52,51.47425558,7.39586954,166.06,25.52,0.00,323.02,0,-115.00,-12.00,0.00,0.00,22.00,0.00,0,459
522.50,1567400165,11379.55,51.47425558,7.39586954,166.06,25.52,0.00,323.02,0,-116.00,-11.00,0.00,0.00,21.00,0.00,0,278
522.50,1567400165,11379.57,51.47425558,7.39586954,166.06,25.52,0.00,323.02,0,-108.00,-14.00,0.00,0.00,35.00,0.00,0,59
522.50,1567400165,11379.57,51.47425558,7.39586954,166.06,25.52,0.00,323.02,0,-112.00,-18.00,0.00,0.00,35.00,0.00,0,459
523.50,1567400166,11405.04,51.47444198,7.39564635,166.43,25.59,0.00,323.35,0,-115.00,-12.00,0.00,0.00,22.00,0.00,0,459
523.50,1567400166,11405.06,51.47444198,7.39564635,166.43,25.59,0.00,323.35,0,-116.00,-11.00,0.00,0.00,21.00,0.00,0,278
523.50,1567400166,11405.09,51.47444198,7.39564635,166.43,25.59,0.00,323.35,0,-108.00,-14.00,0.00,0.00,35.00,0.00,0,59
523.50,1567400166,11405.09,51.47444198,7.39564635,166.43,25.59,0.00,323.35,0,-112.00,-18.00,0.00,0.00,35.00,0.00,0,459
524.50,1567400167,11430.65,51.47463141,7.39543437,166.69,25.72,0.00,324.35,0,-110.00,-11.00,0.00,0.00,26.00,0.00,0,459
524.50,1567400167,11430.68,51.47463141,7.39543437,166.69,25.72,0.00,324.35,0,-113.00,-12.00,0.00,0.00,25.00,0.00,0,120
524.50,1567400167,11430.68,51.47463141,7.39543437,166.69,25.72,0.00,324.35,0,-116.00,-16.00,0.00,0.00,25.00,0.00,0,461
524.50,1567400167,11430.71,51.47463141,7.39543437,166.69,25.72,0.00,324.35,0,-108.00,-15.00,0.00,0.00,36.00,0.00,0,59
524.50,1567400167,11430.73,51.47463141,7.39543437,166.69,25.72,0.00,324.35,0,-110.00,-17.00,0.00,0.00,36.00,0.00,0,459
525.50,1567400168,11456.38,51.47483186,7.39521578,166.89,25.99,0.00,325.68,0,-110.00,-11.00,0.00,0.00,26.00,0.00,0,459
525.50,1567400168,11456.40,51.47483186,7.39521578,166.89,25.99,0.00,325.68,0,-113.00,-12.00,0.00,0.00,25.00,0.00,0,120
525.50,1567400168,11456.40,51.47483186,7.39521578,166.89,25.99,0.00,325.68,0,-116.00,-16.00,0.00,0.00,25.00,0.00,0,461
525.50,1567400168,11456.43,51.47483186,7.39521578,166.89,25.99,0.00,325.68,0,-108.00,-15.00,0.00,0.00,36.00,0.00,0,59
525.50,1567400168,11456.45,51.47483186,7.39521578,166.89,25.99,0.00,325.68,0,-110.00,-17.00,0.00,0.00,36.00,0.00,0,459
526.51,1567400169,11482.60,51.47503295,7.39500772,167.23,26.31,0.00,327.16,0,-99.00,-11.00,0.00,0.00,38.00,0.00,0,459
526.51,1567400169,11482.62,51.47503295,7.39500772,167.23,26.31,0.00,327.16,0,-103.00,-16.00,0.00,0.00,38.00,0.00,0,113
526.51,1567400169,11482.65,51.47503295,7.39500772,167.23,26.31,0.00,327.16,0,-104.00,-17.00,0.00,0.00,38.00,0.00,0,431
526.51,1567400169,11482.65,51.47503295,7.39500772,167.23,26.31,0.00,327.16,0,-110.00,-10.00,0.00,0.00,26.00,0.00,0,459
526.51,1567400169,11482.68,51.47503295,7.39500772,167.23,26.31,0.00,327.16,0,-113.00,-11.00,0.00,0.00,24.00,0.00,0,120
526.51,1567400169,11482.70,51.47503295,7.39500772,167.23,26.31,0.00,327.16,0,-115.00,-15.00,0.00,0.00,25.00,0.00,0,146
527.50,1567400170,11508.72,51.47523206,7.39480277,167.71,26.31,0.00,327.79,0,-99.00,-11.00,0.00,0.00,38.00,0.00,0,459
527.50,1567400170,11508.72,51.47523206,7.39480277,167.71,26.31,0.00,327.79,0,-103.00,-16.00,0.00,0.00,38.00,0.00,0,113
527.50,1567400170,11508.75,51.47523206,7.39480277,167.71,26.31,0.00,327.79,0,-104.00,-17.00,0.00,0.00,38.00,0.00,0,431
527.51,1567400170,11508.77,51.47523206,7.39480277,167.71,26.31,0.00,327.79,0,-110.00,-10.00,0.00,0.00,26.00,0.00,0,459
527.51,1567400170,11508.77,51.47523206,7.39480277,167.71,26.31,0.00,327.79,0,-113.00,-11.00,0.00,0.00,24.00,0.00,0,120
527.51,1567400170,11508.80,51.47523206,7.39480277,167.71,26.31,0.00,327.79,0,-115.00,-15.00,0.00,0.00,25.00,0.00,0,146
528.50,1567400171,11535.01,51.47544832,7.39461048,168.20,27.27,0.00,330.50,0,-99.00,-11.00,0.00,0.00,38.00,0.00,0,459
528.50,1567400171,11535.01,51.47544832,7.39461048,168.20,27.27,0.00,330.50,0,-103.00,-16.00,0.00,0.00,38.00,0.00,0,113
528.50,1567400171,11535.04,51.47544832,7.39461048,168.20,27.27,0.00,330.50,0,-104.00,-17.00,0.00,0.00,38.00,0.00,0,431
528.50,1567400171,11535.06,51.47544832,7.39461048,168.20,27.27,0.00,330.50,0,-110.00,-10.00,0.00,0.00,26.00,0.00,0,459
528.50,1567400171,11535.06,51.47544832,7.39461048,168.20,27.27,0.00,330.50,0,-113.00,-11.00,0.00,0.00,24.00,0.00,0,120
528.51,1567400171,11535.09,51.47544832,7.39461048,168.20,27.27,0.00,330.50,0,-115.00,-15.00,0.00,0.00,25.00,0.00,0,146
535.50,1567400178,11703.21,51.47672666,7.39353012,170.91,20.57,0.00,334.52,0,-108.00,-10.00,0.00,0.00,27.00,0.00,0,459
535.50,1567400178,11703.21,51.47672666,7.39353012,170.91,20.57,0.00,334.52,0,-115.00,-16.00,0.00,0.00,27.00,0.00,0,461
536.50,1567400179,11723.75,51.47688596,7.39341372,170.97,20.17,0.00,336.28,0,-108.00,-10.00,0.00,0.00,27.00,0.00,0,459
536.50,1567400179,11723.77,51.47688596,7.39341372,170.97,20.17,0.00,336.28,0,-115.00,-16.00,0.00,0.00,27.00,0.00,0,461
537.50,1567400180,11743.92,51.47704149,7.39330479,170.95,18.49,0.00,336.68,0,-112.00,-16.00,0.00,0.00,30.00,0.00,0,461
538.50,1567400181,11762.41,51.47719196,7.39320494,171.31,17.93,0.00,337.52,0,-112.00,-16.00,0.00,0.00,30.00,0.00,0,461
539.50,1567400182,11780.34,51.47734105,7.39311573,171.80,17.34,0.00,339.19,0,-109.00,-15.00,0.00,0.00,31.00,0.00,0,461
540.49,1567400183,11797.55,51.47748983,7.39304039,172.16,17.04,0.00,341.41,0,-109.00,-15.00,0.00,0.00,31.00,0.00,0,461
541.50,1567400184,11814.73,51.47764435,7.39297874,172.58,16.58,0.00,345.31,0,-101.00,-14.00,0.00,0.00,38.00,0.00,0,461
541.50,1567400184,11814.73,51.47764435,7.39297874,172.58,16.58,0.00,345.31,0,-89.00,-8.00,0.00,0.00,48.00,0.00,0,59
542.50,1567400185,11831.32,51.47779206,7.39293837,173.04,16.23,0.00,349.11,0,-101.00,-14.00,0.00,0.00,38.00,0.00,0,461
542.50,1567400185,11831.32,51.47779206,7.39293837,173.04,16.23,0.00,349.11,0,-89.00,-8.00,0.00,0.00,48.00,0.00,0,59
543.50,1567400186,11847.55,51.47794177,7.39295164,173.35,16.15,0.00,3.03,0,-102.00,-10.00,0.00,0.00,34.00,0.00,0,57
543.50,1567400186,11847.57,51.47794177,7.39295164,173.35,16.15,0.00,3.03,0,-104.00,-13.00,0.00,0.00,34.00,0.00,0,461
543.50,1567400186,11847.57,51.47794177,7.39295164,173.35,16.15,0.00,3.03,0,-92.00,-7.00,0.00,0.00,44.00,0.00,0,59
544.50,1567400187,11863.70,51.47809283,7.39297435,173.81,15.60,0.00,4.75,0,-102.00,-10.00,0.00,0.00,34.00,0.00,0,57
544.50,1567400187,11863.71,51.47809283,7.39297435,173.81,15.60,0.00,4.75,0,-104.00,-13.00,0.00,0.00,34.00,0.00,0,461
544.50,1567400187,11863.73,51.47809283,7.39297435,173.81,15.60,0.00,4.75,0,-92.00,-7.00,0.00,0.00,44.00,0.00,0,59
545.50,1567400188,11879.30,51.47824048,7.39301104,174.07,15.13,0.00,7.39,0,-104.00,-12.00,0.00,0.00,35.00,0.00,0,461
545.50,1567400188,11879.32,51.47824048,7.39301104,174.07,15.13,0.00,7.39,0,-104.00,-11.00,0.00,0.00,33.00,0.00,0,57
545.50,1567400188,11879.33,51.47824048,7.39301104,174.07,15.13,0.00,7.39,0,-90.00,-8.00,0.00,0.00,48.00,0.00,0,59
546.50,1567400189,11894.43,51.47837963,7.39305907,173.93,14.79,0.00,9.53,0,-104.00,-12.00,0.00,0.00,35.00,0.00,0,461
546.50,1567400189,11894.43,51.47837963,7.39305907,173.93,14.79,0.00,9.53,0,-104.00,-11.00,0.00,0.00,33.00,0.00,0,57
546.50,1567400189,11894.45,51.47837963,7.39305907,173.93,14.79,0.00,9.53,0,-90.00,-8.00,0.00,0.00,48.00,0.00,0,59
547.51,1567400190,11909.34,51.47850339,7.39315548,174.16,13.84,0.00,25.09,0,-102.00,-12.00,0.00,0.00,35.00,0.00,0,461
547.51,1567400190,11909.35,51.47850339,7.39315548,174.16,13.84,0.00,25.09,0,-91.00,-7.00,0.00,0.00,47.00,0.00,0,59
548.50,1567400191,11923.05,51.47861783,7.39325095,174.54,13.99,0.00,26.73,0,-102.00,-12.00,0.00,0.00,35.00,0.00,0,461
548.50,1567400191,11923.07,51.47861783,7.39325095,174.54,13.99,0.00,26.73,0,-91.00,-7.00,0.00,0.00,47.00,0.00,0,59
549.50,1567400192,11937.06,51.47872977,7.39335709,174.98,13.70,0.00,29.48,0,-102.00,-12.00,0.00,0.00,35.00,0.00,0,461
549.50,1567400192,11937.08,51.47872977,7.39335709,174.98,13.70,0.00,29.48,0,-91.00,-7.00,0.00,0.00,47.00,0.00,0,59
550.50,1567400193,11950.76,51.47882601,7.39346179,175.48,13.20,0.00,31.89,0,-108.00,-11.00,0.00,0.00,29.00,0.00,0,57
550.50,1567400193,11950.77,51.47882601,7.39346179,175.48,13.20,0.00,31.89,0,-109.00,-13.00,0.00,0.00,29.00,0.00,0,461
550.50,1567400193,11950.79,51.47882601,7.39346179,175.48,13.20,0.00,31.89,0,-92.00,-8.00,0.00,0.00,45.00,0.00,0,59
551.50,1567400194,11963.96,51.47891991,7.39356430,176.09,12.60,0.00,30.98,0,-108.00,-11.00,0.00,0.00,29.00,0.00,0,57
551.50,1567400194,11963.97,51.47891991,7.39356430,176.09,12.60,0.00,30.98,0,-109.00,-13.00,0.00,0.00,29.00,0.00,0,461
551.50,1567400194,11964.00,51.47891991,7.39356430,176.09,12.60,0.00,30.98,0,-92.00,-8.00,0.00,0.00,45.00,0.00,0,59
552.50,1567400195,11976.55,51.47901188,7.39365335,177.09,11.35,0.00,29.87,0,-106.00,-9.00,0.00,0.00,28.00,0.00,0,57
552.50,1567400195,11976.56,51.47901188,7.39365335,177.09,11.35,0.00,29.87,0,-113.00,-14.00,0.00,0.00,27.00,0.00,0,143
552.50,1567400195,11976.58,51.47901188,7.39365335,177.09,11.35,0.00,29.87,0,-113.00,-12.00,0.00,0.00,24.00,0.00,0,326
553.50,1567400196,11987.91,51.47910720,7.39374208,177.89,11.54,0.00,25.79,0,-106.00,-9.00,0.00,0.00,28.00,0.00,0,57
553.50,1567400196,11987.92,51.47910720,7.39374208,177.89,11.54,0.00,25.79,0,-113.00,-14.00,0.00,0.00,27.00,0.00,0,143
553.50,1567400196,11987.92,51.47910720,7.39374208,177.89,11.54,0.00,25.79,0,-113.00,-12.00,0.00,0.00,24.00,0.00,0,326
558.50,1567400201,12044.44,51.47962298,7.39372610,182.98,11.05,0.00,340.82,0,-80.00,-7.00,0.00,0.00,56.00,0.00,0,59
559.50,1567400202,12055.51,51.47972458,7.39366450,183.47,10.50,0.00,337.38,0,-80.00,-7.00,0.00,0.00,56.00,0.00,0,59
560.51,1567400203,12066.08,51.47981708,7.39359760,183.18,10.30,0.00,335.18,0,-80.00,-7.00,0.00,0.00,57.00,0.00,0,59
561.49,1567400204,12076.21,51.47990955,7.39353018,182.80,10.66,0.00,335.82,0,-80.00,-7.00,0.00,0.00,57.00,0.00,0,59
562.50,1567400205,12086.94,51.48000004,7.39346941,182.83,10.44,0.00,336.74,0,-77.00,-6.00,0.00,0.00,58.00,0.00,0,59
563.50,1567400206,12097.37,51.48008911,7.39344344,182.62,10.53,0.00,349.76,0,-77.00,-6.00,0.00,0.00,58.00,0.00,0,59
564.50,1567400207,12107.90,51.48017895,7.39345316,182.53,10.03,0.00,7.30,0,-78.00,-7.00,0.00,0.00,57.00,0.00,0,59
565.50,1567400208,12117.94,51.48026180,7.39347691,182.33,9.66,0.00,11.25,0,-78.00,-7.00,0.00,0.00,57.00,0.00,0,59
566.50,1567400209,12127.60,51.48033589,7.39358234,182.36,11.09,0.00,42.47,0,-85.00,-7.00,0.00,0.00,51.00,0.00,0,59
567.50,1567400210,12138.69,51.48038650,7.39371665,182.52,11.68,0.00,59.05,0,-85.00,-7.00,0.00,0.00,51.00,0.00,0,59
568.51,1567400211,12150.46,51.48042637,7.39384735,182.65,12.62,0.00,59.48,0,-87.00,-7.00,0.00,0.00,49.00,0.00,0,59
569.50,1567400212,12162.98,51.48047628,7.39400033,182.97,13.35,0.00,60.06,0,-87.00,-7.00,0.00,0.00,49.00,0.00,0,59
570.50,1567400213,12176.35,51.48053482,7.39417555,183.32,14.61,0.00,59.16,0,-87.00,-7.00,0.00,0.00,49.00,0.00,0,59
571.50,1567400214,12190.96,51.48059866,7.39436014,183.89,15.27,0.00,59.55,0,-83.00,-8.00,0.00,0.00,54.00,0.00,0,59
572.50,1567400215,12206.23,51.48066506,7.39455182,184.40,15.68,0.00,59.89,0,-83.00,-8.00,0.00,0.00,54.00,0.00,0,59
585.50,1567400228,12417.10,51.48159867,7.39718189,182.48,15.59,0.00,58.07,0,-103.00,-12.00,0.00,0.00,35.00,0.00,0,459
585.50,1567400228,12417.12,51.48159867,7.39718189,182.48,15.59,0.00,58.07,0,-107.00,-16.00,0.00,0.00,34.00,0.00,0,461
585.50,1567400228,12417.13,51.48159867,7.39718189,182.48,15.59,0.00,58.07,0,-105.00,-10.00,0.00,0.00,30.00,0.00,0,130
586.50,1567400229,12432.69,51.48167899,7.39736807,182.07,16.03,0.00,55.70,0,-103.00,-12.00,0.00,0.00,35.00,0.00,0,459
586.50,1567400229,12432.69,51.48167899,7.39736807,182.07,16.03,0.00,55.70,0,-107.00,-16.00,0.00,0.00,34.00,0.00,0,461
586.50,1567400229,12432.71,51.48167899,7.39736807,182.07,16.03,0.00,55.70,0,-105.00,-10.00,0.00,0.00,30.00,0.00,0,130
587.50,1567400230,12448.72,51.48175831,7.39755196,182.17,15.78,0.00,54.78,0,-108.00,-12.00,0.00,0.00,29.00,0.00,0,130
587.50,1567400230,12448.74,51.48175831,7.39755196,182.17,15.78,0.00,54.78,0,-105.00,-13.00,0.00,0.00,34.00,0.00,0,459
588.50,1567400231,12464.49,51.48184090,7.39772858,182.13,15.88,0.00,54.05,0,-108.00,-12.00,0.00,0.00,29.00,0.00,0,130
588.50,1567400231,12464.51,51.48184090,7.39772858,182.13,15.88,0.00,54.05,0,-105.00,-13.00,0.00,0.00,34.00,0.00,0,459
589.51,1567400232,12480.49,51.48193067,7.39790894,182.14,15.45,0.00,52.39,0,-108.00,-15.00,0.00,0.00,33.00,0.00,0,59
590.50,1567400233,12495.82,51.48201893,7.39808836,182.04,15.43,0.00,51.42,0,-108.00,-15.00,0.00,0.00,33.00,0.00,0,59
591.50,1567400234,12511.26,51.48210777,7.39825964,181.70,15.16,0.00,50.24,0,-108.00,-15.00,0.00,0.00,33.00,0.00,0,59
592.50,1567400235,12526.41,51.48219535,7.39841322,181.17,14.54,0.00,48.66,0,-106.00,-15.00,0.00,0.00,35.00,0.00,0,59
593.50,1567400236,12540.93,51.48228720,7.39856362,180.80,14.19,0.00,46.93,0,-106.00,-15.00,0.00,0.00,35.00,0.00,0,59
594.50,1567400237,12555.13,51.48238038,7.39870712,180.29,13.71,0.00,44.54,0,-102.00,-13.00,0.00,0.00,37.00,0.00,0,59
595.50,1567400238,12568.84,51.48247752,7.39884108,179.82,13.92,0.00,41.96,0,-102.00,-13.00,0.00,0.00,37.00,0.00,0,59
596.50,1567400239,12582.76,51.48257624,7.39896532,179.18,13.54,0.00,39.72,0,-100.00,-12.00,0.00,0.00,38.00,0.00,0,59
597.50,1567400240,12596.28,51.48267954,7.39908006,179.21,13.36,0.00,37.85,0,-100.00,-12.00,0.00,0.00,38.00,0.00,0,59
598.50,1567400241,12609.66,51.48278759,7.39920063,179.47,13.19,0.00,37.17,0,-99.00,-11.00,0.00,0.00,38.00,0.00,0,59
599.50,1567400242,12622.85,51.48289948,7.39931968,180.02,13.44,0.00,35.82,0,-99.00,-11.00,0.00,0.00,38.00,0.00,0,59
600.50,1567400243,12636.29,51.48301248,7.39943747,180.61,14.73,0.00,35.08,0,-96.00,-10.00,0.00,0.00,39.00,0.00,0,59
601.50,1567400244,12650.99,51.48312728,7.39955455,181.40,15.33,0.00,34.40,0,-96.00,-10.00,0.00,0.00,39.00,0.00,0,59
602.50,1567400245,12666.36,51.48324190,7.39967122,181.94,15.66,0.00,33.70,0,-93.00,-9.00,0.00,0.00,41.00,0.00,0,59
603.50,1567400246,12682.07,51.48335987,7.39978391,182.47,15.87,0.00,33.61,0,-93.00,-9.00,0.00,0.00,41.00,0.00,0,59
604.50,1567400247,12697.97,51.48348046,7.39990031,182.92,15.90,0.00,34.25,0,-95.00,-13.00,0.00,0.00,43.00,0.00,0,57
605.50,1567400248,12713.79,51.48360367,7.40002745,182.56,15.65,0.00,34.73,0,-95.00,-13.00,0.00,0.00,43.00,0.00,0,57
606.50,1567400249,12729.44,51.48373021,7.40016081,182.14,15.99,0.00,35.24,0,-86.00,-9.00,0.00,0.00,53.00,0.00,0,57
607.50,1567400250,12745.43,51.48385165,7.40029228,181.77,16.15,0.00,35.58,0,-86.00,-9.00,0.00,0.00,53.00,0.00,0,57
608.50,1567400251,12761.58,51.48397180,7.40042528,181.38,16.22,0.00,36.24,0,-76.00,-6.00,0.00,0.00,59.00,0.00,0,57
609.50,1567400252,12777.82,51.48409376,7.40056939,180.75,16.57,0.00,37.02,0,-76.00,-6.00,0.00,0.00,59.00,0.00,0,57
610.51,1567400253,12794.52,51.48420257,7.40070639,180.40,15.95,0.00,38.04,0,-86.00,-7.00,0.00,0.00,50.00,0.00,0,57
611.50,1567400254,12810.33,51.48431610,7.40085178,179.57,16.35,0.00,39.01,0,-86.00,-7.00,0.00,0.00,50.00,0.00,0,57
612.50,1567400255,12826.68,51.48442239,7.40099996,178.73,16.17,0.00,40.02,0,-86.00,-7.00,0.00,0.00,50.00,0.00,0,57
613.50,1567400256,12842.85,51.48452466,7.40115523,177.80,15.74,0.00,41.77,0,-84.00,-7.00,0.00,0.00,52.00,0.00,0,57
614.50,1567400257,12858.62,51.48462879,7.40131286,177.20,16.08,0.00,42.65,0,-84.00,-7.00,0.00,0.00,52.00,0.00,0,57
615.50,1567400258,12874.67,51.48472879,7.40147376,176.54,16.10,0.00,43.43,0,-85.00,-6.00,0.00,0.00,51.00,0.00,0,57
616.50,1567400259,12890.77,51.48481793,7.40162839,175.12,16.24,0.00,44.10,0,-85.00,-6.00,0.00,0.00,51.00,0.00,0,57
617.50,1567400260,12907.01,51.48490709,7.40178146,173.65,15.85,0.00,44.61,0,-102.00,-12.00,0.00,0.00,35.00,0.00,0,278
618.50,1567400261,12922.93,51.48499925,7.40193379,172.59,15.84,0.00,45.15,0,-102.00,-12.00,0.00,0.00,35.00,0.00,0,278
619.50,1567400262,12938.72,51.48509028,7.40208933,171.86,15.83,0.00,45.82,0,-104.00,-12.00,0.00,0.00,33.00,0.00,0,278
620.50,1567400263,12954.54,51.48518485,7.40225096,171.23,15.79,0.00,46.67,0,-104.00,-12.00,0.00,0.00,33.00,0.00,0,278
621.50,1567400264,12970.32,51.48527713,7.40242042,170.48,15.82,0.00,47.47,0,-103.00,-11.00,0.00,0.00,34.00,0.00,0,171
622.50,1567400265,12986.15,51.48536897,7.40258835,169.88,15.87,0.00,48.36,0,-103.00,-11.00,0.00,0.00,34.00,0.00,0,171
623.50,1567400266,13002.02,51.48545848,7.40275979,169.04,16.06,0.00,48.57,0,-101.00,-9.00,0.00,0.00,34.00,0.00,0,171
624.51,1567400267,13018.22,51.48554696,7.40293759,168.47,16.10,0.00,50.16,0,-101.00,-9.00,0.00,0.00,34.00,0.00,0,171
636.50,1567400279,13207.39,51.48653760,7.40529317,172.80,15.78,0.00,59.75,0,-93.00,-8.00,0.00,0.00,41.00,0.00,0,59
637.50,1567400280,13223.16,51.48659919,7.40548512,172.85,15.76,0.00,60.32,0,-93.00,-8.00,0.00,0.00,41.00,0.00,0,59
640.50,1567400283,13269.92,51.48678185,7.40608386,171.69,15.70,0.00,63.42,0,-90.00,-15.00,0.00,0.00,51.00,0.00,0,277
641.50,1567400284,13285.64,51.48683764,7.40629536,171.25,15.67,0.00,64.56,0,-90.00,-15.00,0.00,0.00,51.00,0.00,0,277
644.51,1567400287,13332.71,51.48699899,7.40692986,170.98,15.70,0.00,67.34,0,-80.00,-8.00,0.00,0.00,54.00,0.00,0,171
645.49,1567400288,13348.16,51.48704512,7.40713571,171.30,15.21,0.00,68.82,0,-80.00,-8.00,0.00,0.00,54.00,0.00,0,171
659.50,1567400302,13554.00,51.48746087,7.41000424,164.90,13.23,0.00,80.06,0,-87.00,-10.00,0.00,0.00,48.00,0.00,0,171
659.50,1567400302,13554.01,51.48746087,7.41000424,164.90,13.23,0.00,80.06,0,-122.00,-13.00,0.00,0.00,20.00,0.00,0,207
659.50,1567400302,13554.02,51.48746087,7.41000424,164.90,13.23,0.00,80.06,0,-124.00,-15.00,0.00,0.00,20.00,0.00,0,222
659.50,1567400302,13554.04,51.48746087,7.41000424,164.90,13.23,0.00,80.06,0,-125.00,-17.00,0.00,0.00,20.00,0.00,0,376
660.50,1567400303,13567.24,51.48747543,7.41016554,164.36,11.31,0.00,80.46,0,-87.00,-10.00,0.00,0.00,48.00,0.00,0,171
660.50,1567400303,13567.25,51.48747543,7.41016554,164.36,11.31,0.00,80.46,0,-122.00,-13.00,0.00,0.00,20.00,0.00,0,207
660.50,1567400303,13567.26,51.48747543,7.41016554,164.36,11.31,0.00,80.46,0,-124.00,-15.00,0.00,0.00,20.00,0.00,0,222
660.50,1567400303,13567.27,51.48747543,7.41016554,164.36,11.31,0.00,80.46,0,-125.00,-17.00,0.00,0.00,20.00,0.00,0,376
661.50,1567400304,13578.55,51.48748216,7.41031443,163.69,10.45,0.00,82.31,0,-88.00,-9.00,0.00,0.00,46.00,0.00,0,171
661.50,1567400304,13578.57,51.48748216,7.41031443,163.69,10.45,0.00,82.31,0,-121.00,-15.00,0.00,0.00,21.00,0.00,0,376
661.50,1567400304,13578.57,51.48748216,7.41031443,163.69,10.45,0.00,82.31,0,-121.00,-13.00,0.00,0.00,21.00,0.00,0,222
661.50,1567400304,13578.58,51.48748216,7.41031443,163.69,10.45,0.00,82.31,0,-121.00,-13.00,0.00,0.00,21.00,0.00,0,207
662.50,1567400305,13588.99,51.48748852,7.41045219,163.21,9.47,0.00,83.14,0,-88.00,-9.00,0.00,0.00,46.00,0.00,0,171
662.50,1567400305,13589.00,51.48748852,7.41045219,163.21,9.47,0.00,83.14,0,-121.00,-15.00,0.00,0.00,21.00,0.00,0,376
662.50,1567400305,13589.01,51.48748852,7.41045219,163.21,9.47,0.00,83.14,0,-121.00,-13.00,0.00,0.00,21.00,0.00,0,222
662.50,1567400305,13589.02,51.48748852,7.41045219,163.21,9.47,0.00,83.14,0,-121.00,-13.00,0.00,0.00,21.00,0.00,0,207
663.50,1567400306,13598.47,51.48749185,7.41057815,162.59,8.44,0.00,83.93,0,-88.00,-9.00,0.00,0.00,46.00,0.00,0,171
663.50,1567400306,13598.47,51.48749185,7.41057815,162.59,8.44,0.00,83.93,0,-122.00,-16.00,0.00,0.00,22.00,0.00,0,376
663.50,1567400306,13598.47,51.48749185,7.41057815,162.59,8.44,0.00,83.93,0,-121.00,-14.00,0.00,0.00,22.00,0.00,0,222
663.50,1567400306,13598.48,51.48749185,7.41057815,162.59,8.44,0.00,83.93,0,-121.00,-14.00,0.00,0.00,22.00,0.00,0,207
664.50,1567400307,13606.90,51.48749676,7.41069162,161.83,7.41,0.00,84.58,0,-88.00,-9.00,0.00,0.00,46.00,0.00,0,171
664.50,1567400307,13606.91,51.48749676,7.41069162,161.83,7.41,0.00,84.58,0,-122.00,-16.00,0.00,0.00,22.00,0.00,0,376
664.50,1567400307,13606.92,51.48749676,7.41069162,161.83,7.41,0.00,84.58,0,-121.00,-14.00,0.00,0.00,22.00,0.00,0,222
664.50,1567400307,13606.92,51.48749676,7.41069162,161.83,7.41,0.00,84.58,0,-121.00,-14.00,0.00,0.00,22.00,0.00,0,207
665.50,1567400308,13614.31,51.48750187,7.41078679,161.16,6.60,0.00,81.58,0,-88.00,-7.00,0.00,0.00,44.00,0.00,0,171
665.50,1567400308,13614.32,51.48750187,7.41078679,161.16,6.60,0.00,81.58,0,-120.00,-12.00,0.00,0.00,21.00,0.00,0,222
665.50,1567400308,13614.32,51.48750187,7.41078679,161.16,6.60,0.00,81.58,0,-122.00,-14.00,0.00,0.00,22.00,0.00,0,207
666.50,1567400309,13620.90,51.48750766,7.41086772,160.62,5.68,0.00,78.70,0,-88.00,-7.00,0.00,0.00,44.00,0.00,0,171
666.50,1567400309,13620.91,51.48750766,7.41086772,160.62,5.68,0.00,78.70,0,-120.00,-12.00,0.00,0.00,21.00,0.00,0,222
666.50,1567400309,13620.91,51.48750766,7.41086772,160.62,5.68,0.00,78.70,0,-122.00,-14.00,0.00,0.00,22.00,0.00,0,207
667.50,1567400310,13626.57,51.48754834,7.41092698,160.47,6.37,0.00,36.24,0,-89.00,-7.00,0.00,0.00,44.00,0.00,0,171
668.50,1567400311,13632.95,51.48758975,7.41097216,160.31,6.34,0.00,32.68,0,-89.00,-7.00,0.00,0.00,44.00,0.00,0,171
669.50,1567400312,13639.30,51.48763967,7.41098266,159.74,5.87,0.00,5.88,0,-90.00,-13.00,0.00,0.00,50.00,0.00,0,277
669.50,1567400312,13639.31,51.48763967,7.41098266,159.74,5.87,0.00,5.88,0,-123.00,-14.00,0.00,0.00,20.00,0.00,0,222
669.50,1567400312,13639.31,51.48763967,7.41098266,159.74,5.87,0.00,5.88,0,-123.00,-14.00,0.00,0.00,20.00,0.00,0,98
669.50,1567400312,13639.32,51.48763967,7.41098266,159.74,5.87,0.00,5.88,0,-128.00,-17.00,0.00,0.00,18.00,0.00,0,446
670.50,1567400313,13645.18,51.48769792,7.41096731,159.30,6.71,0.00,351.28,0,-90.00,-13.00,0.00,0.00,50.00,0.00,0,277
670.50,1567400313,13645.18,51.48769792,7.41096731,159.30,6.71,0.00,351.28,0,-123.00,-14.00,0.00,0.00,20.00,0.00,0,222
670.50,1567400313,13645.19,51.48769792,7.41096731,159.30,6.71,0.00,351.28,0,-123.00,-14.00,0.00,0.00,20.00,0.00,0,98
670.50,1567400313,13645.19,51.48769792,7.41096731,159.30,6.71,0.00,351.28,0,-128.00,-17.00,0.00,0.00,18.00,0.00,0,446
671.50,1567400314,13651.89,51.48775975,7.41095132,159.66,7.02,0.00,350.32,0,-91.00,-16.00,0.00,0.00,51.00,0.00,0,277
671.50,1567400314,13651.90,51.48775975,7.41095132,159.66,7.02,0.00,350.32,0,-122.00,-14.00,0.00,0.00,21.00,0.00,0,222
671.50,1567400314,13651.90,51.48775975,7.41095132,159.66,7.02,0.00,350.32,0,-123.00,-15.00,0.00,0.00,21.00,0.00,0,98
671.50,1567400314,13651.90,51.48775975,7.41095132,159.66,7.02,0.00,350.32,0,-127.00,-18.00,0.00,0.00,20.00,0.00,0,446
672.50,1567400315,13658.92,51.48783195,7.41093252,160.21,8.13,0.00,349.87,0,-91.00,-16.00,0.00,0.00,51.00,0.00,0,277
672.50,1567400315,13658.92,51.48783195,7.41093252,160.21,8.13,0.00,349.87,0,-122.00,-14.00,0.00,0.00,21.00,0.00,0,222
672.50,1567400315,13658.92,51.48783195,7.41093252,160.21,8.13,0.00,349.87,0,-123.00,-15.00,0.00,0.00,21.00,0.00,0,98
672.50,1567400315,13658.93,51.48783195,7.41093252,160.21,8.13,0.00,349.87,0,-127.00,-18.00,0.00,0.00,20.00,0.00,0,446
673.51,1567400316,13667.12,51.48791367,7.41090541,160.43,9.17,0.00,350.55,0,-92.00,-14.00,0.00,0.00,48.00,0.00,0,277
673.51,1567400316,13667.12,51.48791367,7.41090541,160.43,9.17,0.00,350.55,0,-122.00,-14.00,0.00,0.00,21.00,0.00,0,222
673.51,1567400316,13667.13,51.48791367,7.41090541,160.43,9.17,0.00,350.55,0,-125.00,-16.00,0.00,0.00,20.00,0.00,0,98
674.50,1567400317,13676.20,51.48800419,7.41087813,160.81,9.62,0.00,350.37,0,-92.00,-14.00,0.00,0.00,48.00,0.00,0,277
674.50,1567400317,13676.21,51.48800419,7.41087813,160.81,9.62,0.00,350.37,0,-122.00,-14.00,0.00,0.00,21.00,0.00,0,222
674.50,1567400317,13676.22,51.48800419,7.41087813,160.81,9.62,0.00,350.37,0,-125.00,-16.00,0.00,0.00,20.00,0.00,0,98
675.50,1567400318,13685.82,51.48808850,7.41085579,161.34,9.42,0.00,349.51,0,-92.00,-14.00,0.00,0.00,48.00,0.00,0,277
675.50,1567400318,13685.83,51.48808850,7.41085579,161.34,9.42,0.00,349.51,0,-122.00,-14.00,0.00,0.00,21.00,0.00,0,222
675.50,1567400318,13685.84,51.48808850,7.41085579,161.34,9.42,0.00,349.51,0,-125.00,-16.00,0.00,0.00,20.00,0.00,0,98
676.50,1567400319,13695.24,51.48819099,7.41082950,161.65,12.03,0.00,350.20,0,-123.00,-13.00,0.00,0.00,20.00,0.00,0,222
676.50,1567400319,13695.25,51.48819099,7.41082950,161.65,12.03,0.00,350.20,0,-126.00,-17.00,0.00,0.00,20.00,0.00,0,98
677.50,1567400320,13707.28,51.48828712,7.41080181,161.90,11.11,0.00,350.46,0,-123.00,-13.00,0.00,0.00,20.00,0.00,0,222
677.50,1567400320,13707.28,51.48828712,7.41080181,161.90,11.11,0.00,350.46,0,-126.00,-17.00,0.00,0.00,20.00,0.00,0,98
682.50,1567400325,13756.29,51.48869568,7.41067254,164.23,8.97,0.00,347.91,0,-84.00,-13.00,0.00,0.00,54.00,0.00,0,277
683.50,1567400326,13765.27,51.48878324,7.41064234,164.27,9.66,0.00,347.54,0,-84.00,-13.00,0.00,0.00,54.00,0.00,0,277
684.50,1567400327,13774.92,51.48888017,7.41061218,163.94,10.45,0.00,346.65,0,-78.00,-8.00,0.00,0.00,56.00,0.00,0,277
685.50,1567400328,13785.39,51.48897522,7.41057724,164.11,10.96,0.00,346.40,0,-78.00,-8.00,0.00,0.00,56.00,0.00,0,277
699.50,1567400342,13908.63,51.48999152,7.41042778,165.56,7.03,0.00,58.36,0,-121.00,-12.00,0.00,0.00,20.00,0.00,0,207
699.50,1567400342,13908.64,51.48999152,7.41042778,165.56,7.03,0.00,58.36,0,-125.00,-16.00,0.00,0.00,20.00,0.00,0,446
699.50,1567400342,13908.65,51.48999152,7.41042778,165.56,7.03,0.00,58.36,0,-127.00,-18.00,0.00,0.00,20.00,0.00,0,120
700.50,1567400343,13915.67,51.49000654,7.41056139,165.01,7.93,0.00,86.35,0,-121.00,-12.00,0.00,0.00,20.00,0.00,0,207
700.50,1567400343,13915.68,51.49000654,7.41056139,165.01,7.93,0.00,86.35,0,-125.00,-16.00,0.00,0.00,20.00,0.00,0,446
700.50,1567400343,13915.68,51.49000654,7.41056139,165.01,7.93,0.00,86.35,0,-127.00,-18.00,0.00,0.00,20.00,0.00,0,120
701.50,1567400344,13923.60,51.49001613,7.41070722,164.68,9.58,0.00,85.52,0,-122.00,-13.00,0.00,0.00,20.00,0.00,0,207
701.50,1567400344,13923.61,51.49001613,7.41070722,164.68,9.58,0.00,85.52,0,-124.00,-14.00,0.00,0.00,19.00,0.00,0,446
701.50,1567400344,13923.62,51.49001613,7.41070722,164.68,9.58,0.00,85.52,0,-128.00,-19.00,0.00,0.00,20.00,0.00,0,120
702.50,1567400345,13933.18,51.49002500,7.41084977,164.43,10.63,0.00,84.14,0,-122.00,-13.00,0.00,0.00,20.00,0.00,0,207
702.50,1567400345,13933.19,51.49002500,7.41084977,164.43,10.63,0.00,84.14,0,-124.00,-14.00,0.00,0.00,19.00,0.00,0,446
702.50,1567400345,13933.20,51.49002500,7.41084977,164.43,10.63,0.00,84.14,0,-128.00,-19.00,0.00,0.00,20.00,0.00,0,120
703.50,1567400346,13943.81,51.49004265,7.41100061,164.24,11.04,0.00,81.44,0,-122.00,-13.00,0.00,0.00,20.00,0.00,0,207
703.50,1567400346,13943.82,51.49004265,7.41100061,164.24,11.04,0.00,81.44,0,-124.00,-14.00,0.00,0.00,19.00,0.00,0,446
703.50,1567400346,13943.83,51.49004265,7.41100061,164.24,11.04,0.00,81.44,0,-128.00,-18.00,0.00,0.00,19.00,0.00,0,120
704.50,1567400347,13954.85,51.49006276,7.41116261,163.85,11.85,0.00,80.87,0,-122.00,-13.00,0.00,0.00,20.00,0.00,0,207
704.50,1567400347,13954.85,51.49006276,7.41116261,163.85,11.85,0.00,80.87,0,-124.00,-14.00,0.00,0.00,19.00,0.00,0,446
704.50,1567400347,13954.86,51.49006276,7.41116261,163.85,11.85,0.00,80.87,0,-128.00,-18.00,0.00,0.00,19.00,0.00,0,120
