0.01,1568005825,0.00,51.44970087,7.48840728,248.91,12.15,0.00,169.29,1,-107.00,-12.00,4.00,7.00,30.00,13.00,12918809,324
1.09,1568005826,13.13,51.44958899,7.48842858,249.26,12.54,0.36,171.13,1,-107.00,-12.00,4.00,7.00,30.00,13.00,12918809,324
2.00,1568005827,24.49,51.44946874,7.48844008,249.74,12.69,0.17,172.20,1,-107.00,-12.00,4.00,7.00,30.00,13.00,12918809,324
3.00,1568005828,37.16,51.44935674,7.48844352,250.03,12.97,0.28,174.65,1,-103.00,-8.00,6.00,8.00,31.00,13.00,12918809,324
4.00,1568005829,50.13,51.44924459,7.48843994,250.72,13.73,0.76,177.12,1,-103.00,-8.00,6.00,8.00,31.00,13.00,12918809,324
5.00,1568005830,63.91,51.44911715,7.48843518,251.38,13.54,-0.19,179.17,1,-99.00,-7.00,13.00,11.00,35.00,13.00,12918809,324
6.00,1568005831,77.45,51.44900924,7.48842232,251.31,13.78,0.23,181.91,1,-99.00,-7.00,13.00,11.00,35.00,13.00,12918809,324
7.00,1568005832,91.24,51.44888117,7.48839665,251.46,13.87,0.09,184.74,1,-96.00,-6.00,15.00,12.00,35.00,13.00,12918809,324
8.00,1568005833,105.11,51.44876553,7.48836806,251.85,13.43,-0.44,186.53,1,-96.00,-6.00,15.00,12.00,35.00,13.00,12918809,324
9.00,1568005834,118.54,51.44863863,7.48833217,251.84,13.82,0.39,188.12,1,-97.00,-6.00,13.00,8.00,34.00,13.00,12918809,324
10.00,1568005835,132.36,51.44851481,7.48829516,252.67,14.22,0.40,189.51,1,-97.00,-6.00,13.00,8.00,34.00,13.00,12918809,324
11.00,1568005836,146.55,51.44839192,7.48825167,254.70,14.57,0.35,190.55,1,-98.00,-7.00,13.00,12.00,33.00,13.00,12918809,324
12.00,1568005837,161.13,51.44825573,7.48820531,256.28,14.89,0.32,191.48,1,-98.00,-7.00,13.00,12.00,33.00,13.00,12918809,324
13.00,1568005838,176.01,51.44811713,7.48815059,257.98,14.51,-0.37,192.04,1,-100.00,-7.00,14.00,13.00,33.00,13.00,12918809,324
14.00,1568005839,190.53,51.44798928,7.48809726,259.55,14.60,0.08,192.11,1,-100.00,-7.00,14.00,13.00,33.00,13.00,12918809,324
14.99,1568005840,205.08,51.44786345,7.48804236,260.94,14.35,-0.25,192.56,1,-101.00,-7.00,28.00,11.00,32.00,13.00,12918809,324
16.00,1568005841,219.49,51.44773985,7.48799538,262.25,14.24,-0.11,189.88,1,-101.00,-7.00,28.00,11.00,32.00,13.00,12918809,324
17.00,1568005842,233.69,51.44760655,7.48796513,262.90,14.03,-0.21,186.50,1,-100.00,-8.00,14.00,8.00,32.00,13.00,12918809,324
18.00,1568005843,247.76,51.44747925,7.48795323,263.96,14.43,0.40,183.49,1,-100.00,-8.00,14.00,8.00,32.00,13.00,12918809,324
19.00,1568005844,262.18,51.44734782,7.48794850,264.81,14.37,-0.06,181.38,1,-93.00,-6.00,16.00,12.00,38.00,13.00,12918809,324
20.00,1568005845,276.55,51.44721194,7.48795470,265.35,14.17,-0.20,178.75,1,-93.00,-6.00,16.00,12.00,38.00,13.00,12918809,324
21.00,1568005846,290.81,51.44707513,7.48797149,265.25,14.20,0.03,176.47,1,-99.00,-7.00,10.00,12.00,34.00,13.00,12918809,324
22.00,1568005847,304.91,51.44693847,7.48800260,264.12,14.50,0.30,173.37,1,-99.00,-7.00,10.00,12.00,34.00,13.00,12918809,324
23.00,1568005848,319.42,51.44680706,7.48804336,263.19,14.77,0.27,169.83,1,-99.00,-7.00,10.00,12.00,34.00,13.00,12918809,324
24.00,1568005849,334.18,51.44668544,7.48809289,262.40,14.77,0.01,166.99,1,-97.00,-6.00,15.00,9.00,36.00,13.00,12918809,324
25.00,1568005850,348.94,51.44657108,7.48818491,261.91,15.11,0.34,154.36,1,-97.00,-6.00,15.00,9.00,36.00,13.00,12918809,324
26.00,1568005851,364.06,51.44644796,7.48828227,261.75,15.05,-0.06,153.96,1,-94.00,-6.00,15.00,13.00,37.00,13.00,12918809,324
27.00,1568005852,379.12,51.44632906,7.48838441,261.43,15.37,0.32,152.38,1,-94.00,-6.00,15.00,13.00,37.00,13.00,12918809,324
28.00,1568005853,394.46,51.44620575,7.48849414,261.07,15.39,0.02,150.51,1,-95.00,-6.00,18.00,12.00,37.00,13.00,12918809,324
29.00,1568005854,409.88,51.44608937,7.48861399,260.55,15.15,-0.24,148.30,1,-95.00,-6.00,18.00,12.00,37.00,13.00,12918809,324
30.00,1568005855,425.04,51.44597355,7.48875340,260.04,15.64,0.50,145.00,1,-97.00,-7.00,13.00,9.00,36.00,13.00,12918809,324
31.00,1568005856,440.69,51.44586197,7.48890249,259.80,15.63,-0.02,141.94,1,-97.00,-7.00,13.00,9.00,36.00,13.00,12918809,324
32.00,1568005857,456.32,51.44575757,7.48906349,259.80,15.04,-0.59,138.86,1,-94.00,-5.00,11.00,15.00,35.00,13.00,12918809,324
33.00,1568005858,471.34,51.44566733,7.48922711,259.55,15.09,0.05,135.96,1,-94.00,-5.00,11.00,15.00,35.00,13.00,12918809,324
34.00,1568005859,486.45,51.44558282,7.48938891,259.40,15.39,0.30,133.05,1,-99.00,-8.00,10.00,12.00,34.00,13.00,12918809,324
34.99,1568005860,501.77,51.44551284,7.48953843,259.94,15.06,-0.33,130.84,1,-99.00,-8.00,10.00,12.00,34.00,13.00,12918809,324
36.00,1568005861,516.88,51.44544246,7.48970427,260.73,14.44,-0.62,129.63,1,-100.00,-7.00,6.00,2.00,35.00,13.00,12918809,324
37.00,1568005862,531.31,51.44536728,7.48986896,262.08,14.88,0.44,128.94,1,-100.00,-7.00,6.00,2.00,35.00,13.00,12918809,324
38.00,1568005863,546.21,51.44529368,7.49004322,262.89,14.41,-0.46,128.30,1,-102.00,-8.00,9.00,2.00,33.00,13.00,12918809,324
38.99,1568005864,560.56,51.44521433,7.49021634,264.09,14.19,-0.22,127.76,1,-102.00,-8.00,9.00,2.00,33.00,13.00,12918809,324
39.99,1568005865,574.75,51.44512987,7.49039511,265.20,14.51,0.32,127.40,1,-101.00,-8.00,7.00,2.00,33.00,13.00,12918809,324
41.00,1568005866,589.32,51.44505315,7.49056013,265.84,13.54,-0.97,127.76,1,-101.00,-8.00,7.00,2.00,33.00,13.00,12918809,324
42.01,1568005867,602.96,51.44498220,7.49071089,266.14,13.21,-0.33,127.55,1,-101.00,-8.00,7.00,2.00,32.00,7.00,12918809,324
43.00,1568005868,616.06,51.44490942,7.49087904,266.86,13.38,0.18,127.23,1,-101.00,-8.00,7.00,2.00,32.00,7.00,12918809,324
43.99,1568005869,629.40,51.44483946,7.49104371,267.70,12.49,-0.89,126.65,1,-101.00,-8.00,7.00,2.00,32.00,7.00,12918809,324
45.00,1568005870,641.90,51.44477841,7.49118614,268.29,10.49,-2.00,127.07,1,-105.00,-10.00,4.00,6.00,30.00,6.00,12918809,324
46.00,1568005871,652.41,51.44472598,7.49130738,268.72,8.38,-2.11,126.91,1,-105.00,-10.00,4.00,6.00,30.00,6.00,12918809,324
47.00,1568005872,660.80,51.44468672,7.49140040,269.00,6.46,-1.92,126.81,1,-107.00,-9.00,4.00,9.00,28.00,6.00,12918809,324
48.00,1568005873,667.26,51.44465417,7.49148277,269.63,4.69,-1.77,127.07,1,-107.00,-9.00,4.00,9.00,28.00,6.00,12918809,324
49.00,1568005874,671.95,51.44462934,7.49155073,269.68,2.91,-1.77,127.19,1,-104.00,-9.00,5.00,8.00,31.00,6.00,12918809,324
49.99,1568005875,674.85,51.44462214,7.49157017,269.66,0.91,-2.01,127.19,1,-104.00,-9.00,5.00,8.00,31.00,6.00,12918809,324
51.00,1568005876,675.76,51.44462214,7.49157017,269.66,0.00,-0.91,127.19,1,-104.00,-9.00,8.00,7.00,31.00,6.00,12918809,324
52.00,1568005877,675.76,51.44462214,7.49157017,269.66,0.00,0.00,127.19,1,-104.00,-9.00,8.00,7.00,31.00,6.00,12918809,324
53.00,1568005878,675.76,51.44462214,7.49157017,269.66,0.00,0.00,127.19,1,-101.00,-9.00,7.00,6.00,34.00,6.00,12918809,324
54.00,1568005879,675.76,51.44462214,7.49157017,269.66,0.00,0.00,127.19,1,-101.00,-9.00,7.00,6.00,34.00,6.00,12918809,324
55.00,1568005880,675.76,51.44462214,7.49157017,269.66,0.00,0.00,127.19,1,-102.00,-9.00,3.00,7.00,33.00,6.00,12918809,324
56.00,1568005881,675.76,51.44462214,7.49157017,269.66,0.00,0.00,127.19,1,-102.00,-9.00,3.00,7.00,33.00,6.00,12918809,324
57.00,1568005882,675.76,51.44462214,7.49157017,269.66,0.00,0.00,127.19,1,-100.00,-7.00,8.00,2.00,35.00,6.00,12918809,324
58.00,1568005883,675.76,51.44462214,7.49157017,269.66,0.00,0.00,127.19,1,-100.00,-7.00,8.00,2.00,35.00,6.00,12918809,324
59.00,1568005884,675.76,51.44462214,7.49157017,269.66,0.00,0.00,127.19,1,-102.00,-8.00,6.00,2.00,34.00,6.00,12918809,324
60.00,1568005885,675.76,51.44462214,7.49157017,269.66,0.00,0.00,127.19,1,-102.00,-8.00,6.00,2.00,34.00,6.00,12918809,324
61.00,1568005886,675.76,51.44462214,7.49157017,269.68,0.00,0.00,127.19,1,-101.00,-8.00,7.00,2.00,33.00,6.00,12918809,324
62.00,1568005887,675.76,51.44462214,7.49157017,269.70,0.00,0.00,127.19,1,-101.00,-8.00,7.00,2.00,33.00,6.00,12918809,324
63.00,1568005888,675.76,51.44462214,7.49157017,269.74,0.00,0.00,127.19,1,-102.00,-8.00,7.00,7.00,33.00,7.00,12918809,324
63.99,1568005889,675.76,51.44462214,7.49157017,269.78,0.00,0.00,127.19,1,-102.00,-8.00,7.00,7.00,33.00,7.00,12918809,324
65.00,1568005890,675.76,51.44462214,7.49157017,269.83,0.00,0.00,127.19,1,-102.00,-8.00,7.00,7.00,33.00,7.00,12918809,324
66.00,1568005891,675.76,51.44462214,7.49157017,269.88,0.00,0.00,127.19,1,-101.00,-7.00,1.00,7.00,33.00,7.00,12918809,324
67.00,1568005892,675.76,51.44462214,7.49157017,269.93,0.00,0.00,127.19,1,-101.00,-7.00,1.00,7.00,33.00,7.00,12918809,324
68.00,1568005893,675.76,51.44462214,7.49157017,269.98,0.00,0.00,127.19,1,-101.00,-7.00,8.00,11.00,33.00,7.00,12918809,324
69.00,1568005894,675.76,51.44462214,7.49157017,270.04,0.00,0.00,127.19,1,-101.00,-7.00,8.00,11.00,33.00,7.00,12918809,324
70.00,1568005895,675.76,51.44462214,7.49157017,270.10,0.00,0.00,127.19,1,-101.00,-8.00,8.00,11.00,33.00,7.00,12918809,324
71.00,1568005896,675.76,51.44462214,7.49157017,270.15,0.00,0.00,127.19,1,-101.00,-8.00,8.00,11.00,33.00,7.00,12918809,324
72.00,1568005897,675.76,51.44462214,7.49157017,270.20,0.00,0.00,127.19,1,-101.00,-8.00,7.00,10.00,33.00,7.00,12918809,324
73.00,1568005898,675.76,51.44462214,7.49157017,270.25,0.00,0.00,127.19,1,-101.00,-8.00,7.00,10.00,33.00,7.00,12918809,324
74.00,1568005899,675.76,51.44462214,7.49157017,270.30,0.00,0.00,127.19,1,-102.00,-8.00,11.00,10.00,33.00,7.00,12918809,324
75.00,1568005900,675.76,51.44462214,7.49157017,270.34,0.00,0.00,127.19,1,-102.00,-8.00,11.00,10.00,33.00,7.00,12918809,324
76.00,1568005901,675.76,51.44462214,7.49157017,270.37,0.00,0.00,127.19,1,-101.00,-8.00,11.00,11.00,33.00,7.00,12918809,324
77.00,1568005902,675.76,51.44462213,7.49157018,270.41,0.00,0.00,127.19,1,-101.00,-8.00,11.00,11.00,33.00,7.00,12918809,324
78.00,1568005903,675.76,51.44462167,7.49157013,270.44,0.00,0.00,127.19,1,-102.00,-9.00,10.00,10.00,33.00,7.00,12918809,324
79.00,1568005904,675.76,51.44461899,7.49156818,270.46,0.00,0.00,127.19,1,-102.00,-9.00,10.00,10.00,33.00,7.00,12918809,324
80.00,1568005905,675.76,51.44461353,7.49156365,270.48,0.00,0.00,127.19,1,-102.00,-8.00,8.00,8.00,33.00,7.00,12918809,324
81.00,1568005906,675.76,51.44460572,7.49155758,270.50,0.00,0.00,127.19,1,-102.00,-8.00,8.00,8.00,33.00,7.00,12918809,324
82.00,1568005907,675.76,51.44460567,7.49155757,270.52,0.00,0.00,127.19,1,-101.00,-8.00,9.00,10.00,34.00,7.00,12918809,324
83.00,1568005908,675.76,51.44460567,7.49155757,270.53,0.00,0.00,127.19,1,-101.00,-8.00,9.00,10.00,34.00,7.00,12918809,324
84.01,1568005909,675.76,51.44460567,7.49155757,270.52,0.00,0.00,127.19,1,-101.00,-9.00,9.00,10.00,34.00,7.00,12918809,324
85.00,1568005910,675.76,51.44460567,7.49155757,270.51,0.00,0.00,127.19,1,-101.00,-9.00,9.00,10.00,34.00,7.00,12918809,324
86.00,1568005911,675.76,51.44460567,7.49155757,270.48,0.00,0.00,127.19,1,-101.00,-9.00,9.00,10.00,34.00,7.00,12918809,324
87.00,1568005912,675.76,51.44460679,7.49157378,270.31,0.00,0.00,127.19,1,-101.00,-9.00,9.00,6.00,35.00,7.00,12918809,324
88.00,1568005913,675.76,51.44459176,7.49160962,270.14,0.00,0.00,129.72,1,-101.00,-9.00,9.00,6.00,35.00,7.00,12918809,324
89.00,1568005914,675.76,51.44456163,7.49165522,268.69,0.00,0.00,138.46,1,-102.00,-8.00,6.00,8.00,33.00,7.00,12918809,324
90.00,1568005915,675.76,51.44450826,7.49168457,268.36,3.02,0.00,162.22,1,-102.00,-8.00,6.00,8.00,33.00,7.00,12918809,324
91.00,1568005916,678.79,51.44444759,7.49166304,268.04,4.82,1.80,196.74,1,-97.00,-7.00,15.00,13.00,36.00,7.00,12918809,324
92.00,1568005917,683.61,51.44438313,7.49160139,268.42,6.07,1.25,213.85,1,-97.00,-7.00,15.00,13.00,36.00,7.00,12918809,324
93.00,1568005918,689.67,51.44431607,7.49152538,269.38,9.49,3.42,216.17,1,-92.00,-8.00,21.00,9.00,42.00,7.00,12918809,324
94.00,1568005919,699.17,51.44424518,7.49144749,269.59,10.63,1.14,215.31,1,-92.00,-8.00,21.00,9.00,42.00,7.00,12918809,324
95.00,1568005920,709.79,51.44416706,7.49136671,269.83,11.61,0.99,215.15,1,-89.00,-7.00,23.00,15.00,44.00,7.00,12918809,324
96.00,1568005921,721.40,51.44408303,7.49127401,270.21,12.61,1.00,214.74,1,-89.00,-7.00,23.00,15.00,44.00,7.00,12918809,324
97.00,1568005922,734.05,51.44399174,7.49116938,270.56,13.33,0.72,215.15,1,-87.00,-7.00,22.00,15.00,45.00,7.00,12918809,324
98.00,1568005923,747.31,51.44388864,7.49105743,270.65,14.14,0.81,215.83,1,-87.00,-7.00,22.00,15.00,45.00,7.00,12918809,324
99.00,1568005924,761.50,51.44378095,7.49093746,270.68,14.77,0.62,216.43,1,-72.00,-5.00,21.00,15.00,61.00,7.00,12918809,324
100.00,1568005925,776.27,51.44367190,7.49081276,270.69,15.05,0.28,217.13,1,-72.00,-5.00,21.00,15.00,61.00,7.00,12918809,324
101.00,1568005926,791.31,51.44356378,7.49068584,270.76,15.19,0.14,216.20,1,-71.00,-5.00,29.00,15.00,61.00,7.00,12918809,324
102.00,1568005927,806.52,51.44345061,7.49055897,271.07,15.42,0.23,216.65,1,-71.00,-5.00,29.00,15.00,61.00,7.00,12918809,324
103.00,1568005928,821.89,51.44334186,7.49044078,271.67,15.25,-0.17,216.57,1,-80.00,-8.00,18.00,12.00,57.00,7.00,12918809,324
104.00,1568005929,837.19,51.44323330,7.49031630,272.41,15.07,-0.19,216.79,1,-80.00,-8.00,18.00,12.00,57.00,7.00,12918809,324
105.01,1568005930,852.36,51.44312575,7.49019254,273.30,14.93,-0.13,216.84,1,-93.00,-7.00,17.00,10.00,39.00,7.00,12918809,324
106.00,1568005931,867.18,51.44302008,7.49006432,274.24,14.85,-0.09,216.43,1,-93.00,-7.00,17.00,10.00,39.00,7.00,12918809,324
107.00,1568005932,882.02,51.44291396,7.48993443,274.74,14.86,0.02,216.70,1,-93.00,-7.00,17.00,10.00,39.00,7.00,12918809,324
108.00,1568005933,896.90,51.44280518,7.48980388,275.03,14.97,0.10,215.71,1,-92.00,-7.00,18.00,5.00,41.00,7.00,12918809,324
109.00,1568005934,911.87,51.44269825,7.48967732,275.14,15.14,0.17,215.92,1,-92.00,-7.00,18.00,5.00,41.00,7.00,12918809,324
110.00,1568005935,927.01,51.44258363,7.48954645,274.77,15.36,0.22,216.77,1,-84.00,-7.00,25.00,14.00,49.00,7.00,12918809,324
111.00,1568005936,942.35,51.44247476,7.48942012,274.85,15.53,0.17,217.40,1,-84.00,-7.00,25.00,14.00,49.00,7.00,12918809,324
112.00,1568005937,957.88,51.44236149,7.48928620,275.06,15.70,0.17,217.24,1,-77.00,-6.00,27.00,7.00,55.00,7.00,12918809,324
113.00,1568005938,973.58,51.44224865,7.48915397,275.57,15.92,0.23,216.59,1,-77.00,-6.00,27.00,7.00,55.00,7.00,12918809,324
114.00,1568005939,989.47,51.44213003,7.48901341,275.71,16.05,0.12,217.08,1,-81.00,-7.00,22.00,12.00,51.00,7.00,12918809,324
115.00,1568005940,1005.55,51.44201740,7.48887119,276.09,16.35,0.30,217.68,1,-81.00,-7.00,22.00,12.00,51.00,7.00,12918809,324
116.00,1568005941,1021.92,51.44190122,7.48871566,276.59,16.04,-0.30,218.28,1,-76.00,-7.00,13.00,15.00,56.00,7.00,12918809,324
117.00,1568005942,1037.96,51.44180538,7.48857148,276.98,15.32,-0.73,220.16,1,-76.00,-7.00,13.00,15.00,56.00,7.00,12918809,324
118.00,1568005943,1053.25,51.44170730,7.48841654,277.46,14.90,-0.42,223.19,1,-76.00,-7.00,18.00,12.00,56.00,7.00,12918809,324
119.00,1568005944,1068.18,51.44161466,7.48825092,277.38,15.06,0.16,225.51,1,-76.00,-7.00,18.00,12.00,56.00,7.00,12918809,324
120.00,1568005945,1083.23,51.44153118,7.48808922,277.39,14.23,-0.84,228.03,1,-73.00,-6.00,19.00,15.00,57.00,2.00,12918810,325
121.00,1568005946,1097.45,51.44144391,7.48791875,277.59,14.89,0.67,229.33,1,-73.00,-6.00,19.00,15.00,57.00,2.00,12918810,325
122.00,1568005947,1112.35,51.44136240,7.48774366,277.66,15.20,0.31,230.38,1,-79.00,-6.00,23.00,15.00,51.00,2.00,12918810,325
123.00,1568005948,1127.55,51.44128661,7.48757523,277.58,14.49,-0.71,231.43,1,-79.00,-6.00,23.00,15.00,51.00,2.00,12918810,325
124.00,1568005949,1142.04,51.44120895,7.48740287,277.53,14.87,0.38,231.91,1,-80.00,-7.00,27.00,13.00,52.00,2.00,12918810,325
125.00,1568005950,1156.90,51.44112553,7.48721599,277.86,15.19,0.32,232.61,1,-80.00,-7.00,27.00,13.00,52.00,2.00,12918810,325
126.01,1568005951,1172.24,51.44104725,7.48704233,278.84,15.23,0.04,232.28,1,-80.00,-6.00,23.00,13.00,52.00,2.00,12918810,325
127.00,1568005952,1187.31,51.44096732,7.48686496,279.62,15.41,0.18,232.70,1,-80.00,-6.00,23.00,13.00,52.00,2.00,12918810,325
128.00,1568005953,1202.74,51.44088320,7.48667896,279.95,15.27,-0.14,233.57,1,-80.00,-6.00,23.00,13.00,52.00,2.00,12918810,325
129.00,1568005954,1217.97,51.44080414,7.48650497,280.03,15.17,-0.10,232.85,1,-79.00,-6.00,28.00,14.00,53.00,2.00,12918810,325
130.00,1568005955,1233.13,51.44072313,7.48632360,280.11,14.90,-0.27,232.84,1,-79.00,-6.00,28.00,14.00,53.00,2.00,12918810,325
131.00,1568005956,1248.06,51.44063826,7.48614090,279.95,14.90,0.00,233.19,1,-78.00,-6.00,21.00,14.00,55.00,2.00,12918810,325
132.00,1568005957,1262.97,51.44055768,7.48595888,279.67,15.36,0.45,234.09,1,-78.00,-6.00,21.00,14.00,55.00,2.00,12918810,325
133.00,1568005958,1278.34,51.44048036,7.48578451,279.70,15.32,-0.04,233.46,1,-78.00,-8.00,16.00,13.00,57.00,2.00,12918810,325
134.00,1568005959,1293.64,51.44040215,7.48561331,280.03,15.49,0.17,232.96,1,-78.00,-8.00,16.00,13.00,57.00,2.00,12918810,325
135.00,1568005960,1309.13,51.44032213,7.48544291,280.68,15.20,-0.29,232.30,1,-83.00,-9.00,21.00,11.00,51.00,2.00,12918810,325
136.00,1568005961,1324.36,51.44023629,7.48526590,281.81,15.63,0.43,231.88,1,-83.00,-9.00,21.00,11.00,51.00,2.00,12918810,325
137.00,1568005962,1339.95,51.44015184,7.48509262,282.50,15.15,-0.48,232.68,1,-76.00,-8.00,9.00,6.00,57.00,2.00,12918811,326
138.00,1568005963,1355.07,51.44006591,7.48491784,282.45,14.55,-0.60,232.75,1,-76.00,-8.00,9.00,6.00,57.00,2.00,12918811,326
139.00,1568005964,1369.66,51.43998657,7.48474326,282.45,14.79,0.24,233.34,1,-81.00,-7.00,4.00,12.00,52.00,2.00,12918811,326
140.00,1568005965,1384.46,51.43990856,7.48456752,282.73,14.85,0.06,234.05,1,-81.00,-7.00,4.00,12.00,52.00,2.00,12918811,326
141.00,1568005966,1399.31,51.43982969,7.48438580,283.38,14.59,-0.27,234.06,1,-71.00,-6.00,13.00,15.00,60.00,2.00,12918811,326
142.00,1568005967,1413.87,51.43975299,7.48421437,284.26,14.48,-0.11,233.68,1,-71.00,-6.00,13.00,15.00,60.00,2.00,12918811,326
143.00,1568005968,1428.37,51.43967177,7.48403387,284.92,14.36,-0.12,233.63,1,-75.00,-6.00,24.00,12.00,55.00,2.00,12918811,326
144.00,1568005969,1442.72,51.43958789,7.48385421,285.21,14.56,0.21,234.22,1,-75.00,-6.00,24.00,12.00,55.00,2.00,12918811,326
145.00,1568005970,1457.28,51.43950719,7.48367504,285.62,14.32,-0.25,234.84,1,-77.00,-8.00,10.00,15.00,58.00,2.00,12918811,326
146.00,1568005971,1471.60,51.43943135,7.48350145,285.40,13.98,-0.34,235.76,1,-77.00,-8.00,10.00,15.00,58.00,2.00,12918811,326
147.01,1568005972,1485.69,51.43936857,7.48333909,285.74,13.71,-0.27,237.27,1,-75.00,-7.00,26.00,15.00,58.00,2.00,12918811,326
148.00,1568005973,1499.28,51.43930261,7.48316885,286.22,13.67,-0.03,237.90,1,-75.00,-7.00,26.00,15.00,58.00,2.00,12918811,326
149.00,1568005974,1512.95,51.43923094,7.48297421,286.74,14.09,0.42,238.40,1,-75.00,-7.00,26.00,15.00,58.00,2.00,12918811,326
150.00,1568005975,1527.06,51.43916612,7.48278512,286.90,14.12,0.02,239.41,1,-84.00,-6.00,11.00,15.00,47.00,2.00,12918811,326
151.00,1568005976,1541.16,51.43910361,7.48259299,287.07,13.88,-0.24,240.72,1,-84.00,-6.00,11.00,15.00,47.00,2.00,12918811,326
152.00,1568005977,1555.04,51.43903839,7.48239994,287.27,14.45,0.57,241.15,1,-92.00,-6.00,19.00,2.00,42.00,2.00,12918811,326
153.00,1568005978,1569.51,51.43897245,7.48220612,287.13,15.05,0.60,241.16,1,-92.00,-6.00,19.00,2.00,42.00,2.00,12918811,326
154.00,1568005979,1584.55,51.43890539,7.48200359,286.76,14.93,-0.13,241.15,1,-89.00,-6.00,18.00,2.00,39.00,2.00,12918811,326
155.00,1568005980,1599.48,51.43884477,7.48182327,285.82,13.61,-1.32,241.69,1,-89.00,-6.00,18.00,2.00,39.00,2.00,12918811,326
156.00,1568005981,1613.09,51.43879023,7.48165294,285.35,13.38,-0.23,242.47,1,-95.00,-5.00,17.00,11.00,32.00,6.00,12918811,326
157.00,1568005982,1626.47,51.43873716,7.48148685,285.24,13.63,0.25,241.11,1,-95.00,-5.00,17.00,11.00,32.00,6.00,12918811,326
158.00,1568005983,1640.17,51.43868049,7.48131886,285.16,13.42,-0.21,240.58,1,-98.00,-6.00,30.00,11.00,31.00,6.00,12918811,326
159.00,1568005984,1653.54,51.43861867,7.48113854,285.38,14.29,0.88,240.75,1,-98.00,-6.00,30.00,11.00,31.00,6.00,12918811,326
160.00,1568005985,1667.83,51.43855560,7.48094773,286.21,14.32,0.02,240.12,1,-103.00,-7.00,22.00,14.00,26.00,6.00,12918811,326
161.00,1568005986,1682.15,51.43849501,7.48076009,286.96,13.98,-0.33,240.54,1,-103.00,-7.00,22.00,14.00,26.00,6.00,12918811,326
162.00,1568005987,1696.13,51.43843402,7.48057261,287.25,14.03,0.04,240.32,1,-104.00,-7.00,16.00,14.00,27.00,6.00,12918811,326
163.00,1568005988,1710.15,51.43837667,7.48040130,286.96,14.08,0.05,241.31,1,-104.00,-7.00,16.00,14.00,27.00,6.00,12918811,326
164.00,1568005989,1724.24,51.43831482,7.48021761,286.74,14.74,0.67,241.23,1,-102.00,-8.00,1.00,14.00,27.00,6.00,12918811,326
165.00,1568005990,1738.98,51.43825305,7.48003678,285.90,13.89,-0.85,240.66,1,-102.00,-8.00,1.00,14.00,27.00,6.00,12918811,326
166.00,1568005991,1752.83,51.43819287,7.47985548,285.75,13.99,0.10,241.37,1,-107.00,-10.00,17.00,10.00,26.00,6.00,12918811,326
167.00,1568005992,1766.85,51.43813521,7.47967478,285.90,14.17,0.18,242.29,1,-107.00,-10.00,17.00,10.00,26.00,6.00,12918811,326
168.00,1568005993,1781.03,51.43807658,7.47948572,286.14,14.32,0.16,242.78,1,-106.00,-9.00,5.00,10.00,29.00,76.00,13534235,163
169.00,1568005994,1795.36,51.43802168,7.47931918,286.69,13.87,-0.45,241.88,1,-106.00,-9.00,5.00,10.00,29.00,76.00,13534235,163
170.00,1568005995,1809.30,51.43796489,7.47915122,287.24,12.90,-0.97,240.75,1,-107.00,-9.00,4.00,9.00,27.00,76.00,13534235,163
171.00,1568005996,1822.15,51.43790203,7.47897485,287.45,12.96,0.06,240.32,1,-107.00,-9.00,4.00,9.00,27.00,76.00,13534235,163
172.00,1568005997,1835.11,51.43783933,7.47879122,287.07,12.74,-0.23,241.27,1,-107.00,-9.00,4.00,9.00,27.00,76.00,13534235,163
173.00,1568005998,1847.86,51.43778004,7.47861619,286.85,12.75,0.02,241.72,1,-109.00,-10.00,3.00,8.00,26.00,76.00,13534235,163
174.00,1568005999,1860.60,51.43772793,7.47845653,286.82,12.33,-0.42,241.46,1,-109.00,-10.00,3.00,8.00,26.00,76.00,13534235,163
175.00,1568006000,1872.94,51.43767765,7.47829178,286.97,12.84,0.51,242.14,1,-108.00,-10.00,2.00,8.00,27.00,76.00,13534235,163
176.00,1568006001,1885.77,51.43762318,7.47811779,287.32,13.02,0.18,241.64,1,-108.00,-10.00,2.00,8.00,27.00,76.00,13534235,163
177.00,1568006002,1898.79,51.43756738,7.47794729,287.71,13.11,0.10,241.16,1,-110.00,-9.00,2.00,2.00,29.00,76.00,13534235,163
178.00,1568006003,1911.89,51.43751034,7.47776301,287.55,13.30,0.19,242.54,1,-110.00,-9.00,2.00,2.00,29.00,76.00,13534235,163
179.00,1568006004,1925.13,51.43745906,7.47758708,286.55,12.87,-0.43,242.94,1,-109.00,-10.00,2.00,2.00,25.00,76.00,13534235,163
180.00,1568006005,1938.04,51.43740948,7.47741311,285.11,12.61,-0.26,242.18,1,-109.00,-10.00,2.00,2.00,25.00,76.00,13534235,163
181.00,1568006006,1950.66,51.43735976,7.47724897,284.25,12.15,-0.47,241.60,1,-110.00,-10.00,-3.00,2.00,25.00,76.00,13534235,163
182.00,1568006007,1962.81,51.43731411,7.47709663,283.48,11.48,-0.67,243.69,1,-110.00,-10.00,-3.00,2.00,25.00,76.00,13534235,163
183.00,1568006008,1974.32,51.43727290,7.47694716,283.32,11.28,-0.20,245.42,1,-112.00,-11.00,-3.00,2.00,24.00,76.00,13534235,163
184.00,1568006009,1985.61,51.43723214,7.47679806,283.62,10.89,-0.40,248.07,1,-112.00,-11.00,-3.00,2.00,24.00,76.00,13534235,163
185.00,1568006010,1996.49,51.43721757,7.47664482,284.30,10.34,-0.54,262.76,1,-113.00,-12.00,-2.00,2.00,24.00,76.00,13534235,163
186.00,1568006011,2006.82,51.43722386,7.47649190,284.84,10.35,0.01,275.75,1,-113.00,-12.00,-2.00,2.00,24.00,76.00,13534235,163
187.00,1568006012,2017.19,51.43725068,7.47634828,285.02,9.77,-0.59,291.26,1,-115.00,-13.00,-8.00,2.00,23.00,76.00,13534235,163
188.00,1568006013,2026.90,51.43729755,7.47625815,285.57,9.03,-0.74,316.13,1,-115.00,-13.00,-8.00,2.00,23.00,76.00,13534235,163
189.00,1568006014,2035.95,51.43736263,7.47621083,286.24,8.51,-0.51,340.82,1,-109.00,-8.00,11.00,2.00,24.00,12.00,12918811,326
190.00,1568006015,2044.46,51.43745333,7.47619613,286.44,9.51,0.99,2.09,1,-109.00,-8.00,11.00,2.00,24.00,12.00,12918811,326
191.01,1568006016,2054.04,51.43753720,7.47623817,286.48,9.88,0.37,26.65,1,-105.00,-7.00,22.00,2.00,26.00,12.00,12918811,326
192.00,1568006017,2063.83,51.43759252,7.47632742,287.02,10.87,1.00,48.17,1,-105.00,-7.00,22.00,2.00,26.00,12.00,12918811,326
193.00,1568006018,2074.71,51.43765502,7.47643698,287.04,11.58,0.71,48.61,1,-105.00,-7.00,22.00,2.00,26.00,12.00,12918811,326
194.00,1568006019,2086.25,51.43773138,7.47658164,287.04,12.32,0.74,50.10,1,-99.00,-6.00,22.00,2.00,33.00,12.00,12918811,326
195.00,1568006020,2098.61,51.43781668,7.47675490,287.27,14.13,1.80,51.69,1,-99.00,-6.00,22.00,2.00,33.00,12.00,12918811,326
196.00,1568006021,2112.75,51.43789674,7.47692716,287.28,14.82,0.68,53.17,1,-91.00,-6.00,25.00,15.00,41.00,10.00,12918811,326
197.00,1568006022,2127.55,51.43798412,7.47712161,287.19,16.66,1.85,53.90,1,-91.00,-6.00,25.00,15.00,41.00,10.00,12918811,326
198.00,1568006023,2144.21,51.43807557,7.47732760,286.77,17.95,1.28,54.61,1,-89.00,-6.00,29.00,15.00,42.00,10.00,12918811,326
199.00,1568006024,2162.16,51.43817095,7.47754354,286.26,18.89,0.95,55.22,1,-89.00,-6.00,29.00,15.00,42.00,10.00,12918811,326
200.00,1568006025,2181.07,51.43826438,7.47777641,285.88,20.01,1.11,56.21,1,-85.00,-6.00,33.00,15.00,48.00,10.00,12918811,326
201.00,1568006026,2201.06,51.43836033,7.47801780,285.59,20.95,0.95,56.46,1,-85.00,-6.00,33.00,15.00,48.00,10.00,12918811,326
202.00,1568006027,2222.03,51.43847108,7.47828997,285.33,21.54,0.59,57.46,1,-89.00,-5.00,36.00,15.00,43.00,10.00,12918811,326
203.00,1568006028,2243.55,51.43858010,7.47855952,285.37,22.51,0.97,56.82,1,-89.00,-5.00,36.00,15.00,43.00,10.00,12918811,326
204.00,1568006029,2266.07,51.43869009,7.47883100,285.72,23.27,0.76,57.91,1,-95.00,-5.00,32.00,12.00,36.00,10.00,12918811,326
205.00,1568006030,2289.36,51.43880916,7.47912499,286.35,24.00,0.73,57.69,1,-95.00,-5.00,32.00,12.00,36.00,10.00,12918811,326
206.00,1568006031,2313.29,51.43892752,7.47941216,286.56,24.31,0.31,57.42,1,-97.00,-6.00,16.00,2.00,35.00,10.00,12918811,326
207.00,1568006032,2337.67,51.43905429,7.47969731,286.42,25.44,1.12,55.98,1,-97.00,-6.00,16.00,2.00,35.00,10.00,12918811,326
208.00,1568006033,2363.08,51.43918133,7.48000101,286.70,26.14,0.70,56.03,1,-96.00,-6.00,19.00,2.00,35.00,7.00,12918811,326
209.00,1568006034,2389.23,51.43931395,7.48031337,286.65,25.72,-0.42,55.49,1,-96.00,-6.00,19.00,2.00,35.00,7.00,12918811,326
210.00,1568006035,2414.97,51.43945785,7.48060629,286.37,25.42,-0.30,52.11,1,-92.00,-7.00,20.00,11.00,40.00,7.00,12918811,326
211.00,1568006036,2440.39,51.43960779,7.48089463,285.99,25.61,0.19,50.42,1,-92.00,-7.00,20.00,11.00,40.00,7.00,12918811,326
212.00,1568006037,2466.15,51.43975775,7.48117747,285.45,25.68,0.08,51.03,1,-93.00,-7.00,12.00,14.00,39.00,7.00,12918811,326
213.00,1568006038,2491.68,51.43990250,7.48146593,285.43,25.91,0.23,51.26,1,-93.00,-7.00,12.00,14.00,39.00,7.00,12918811,326
214.00,1568006039,2517.57,51.44005007,7.48172647,285.26,25.53,-0.38,47.20,1,-93.00,-7.00,12.00,14.00,39.00,7.00,12918811,326
215.00,1568006040,2543.10,51.44020391,7.48198437,284.59,25.25,-0.28,44.44,1,-91.00,-6.00,21.00,9.00,40.00,7.00,12918811,326
216.00,1568006041,2568.38,51.44036485,7.48222322,283.77,25.01,-0.24,41.59,1,-91.00,-6.00,21.00,9.00,40.00,7.00,12918811,326
217.00,1568006042,2593.34,51.44052647,7.48244527,283.08,24.99,-0.02,39.97,1,-86.00,-6.00,12.00,11.00,46.00,7.00,12918811,326
218.00,1568006043,2618.31,51.44069166,7.48267563,282.36,24.99,-0.00,40.24,1,-86.00,-6.00,12.00,11.00,46.00,7.00,12918811,326
219.00,1568006044,2643.30,51.44085721,7.48291229,281.61,25.11,0.12,40.15,1,-86.00,-6.00,22.00,13.00,46.00,7.00,12918811,326
220.00,1568006045,2668.48,51.44102801,7.48313557,281.17,25.18,0.07,38.25,1,-86.00,-6.00,22.00,13.00,46.00,7.00,12918811,326
221.00,1568006046,2693.64,51.44119566,7.48334921,280.62,25.33,0.15,36.52,1,-80.00,-6.00,22.00,15.00,52.00,7.00,12918811,326
222.00,1568006047,2719.00,51.44138917,7.48358295,280.09,25.38,0.05,34.75,1,-80.00,-6.00,22.00,15.00,52.00,7.00,12918811,326
223.00,1568006048,2744.31,51.44158441,7.48380603,279.35,25.57,0.18,33.22,1,-77.00,-5.00,26.00,15.00,55.00,7.00,12918811,326
224.00,1568006049,2769.95,51.44177890,7.48400494,278.79,25.49,-0.08,30.30,1,-77.00,-5.00,26.00,15.00,55.00,7.00,12918811,326
225.00,1568006050,2795.44,51.44197257,7.48419254,278.34,25.33,-0.15,29.12,1,-79.00,-6.00,23.00,15.00,51.00,7.00,12918811,326
226.00,1568006051,2820.77,51.44216926,7.48437435,277.94,25.38,0.05,28.18,1,-79.00,-6.00,23.00,15.00,51.00,7.00,12918811,326
227.00,1568006052,2846.07,51.44236166,7.48453716,277.19,25.29,-0.09,26.53,1,-76.00,-6.00,22.00,15.00,51.00,7.00,12918811,326
228.00,1568006053,2871.44,51.44255824,7.48469955,276.48,25.41,0.13,25.71,1,-76.00,-6.00,22.00,15.00,51.00,7.00,12918811,326
229.00,1568006054,2896.85,51.44276519,7.48485545,275.49,25.63,0.21,25.42,1,-78.00,-8.00,14.00,6.00,54.00,7.00,12918811,326
230.00,1568006055,2922.48,51.44298194,7.48502145,274.98,25.86,0.23,24.57,1,-78.00,-8.00,14.00,6.00,54.00,7.00,12918811,326
231.00,1568006056,2948.26,51.44319968,7.48517233,274.59,26.04,0.18,23.33,1,-76.00,-9.00,1.00,10.00,60.00,3.00,12918809,326
232.00,1568006057,2974.38,51.44341121,7.48531812,274.23,25.97,-0.07,23.40,1,-76.00,-9.00,1.00,10.00,60.00,3.00,12918809,326
233.01,1568006058,3000.60,51.44362238,7.48546083,273.88,25.70,-0.27,23.19,1,-79.00,-5.00,19.00,15.00,53.00,3.00,12918809,324
234.00,1568006059,3026.02,51.44383773,7.48561191,273.55,24.61,-1.10,22.61,1,-79.00,-5.00,19.00,15.00,53.00,3.00,12918809,324
235.00,1568006060,3050.58,51.44403414,7.48575071,273.25,23.09,-1.52,22.58,1,-79.00,-5.00,19.00,15.00,53.00,3.00,12918809,324
236.00,1568006061,3073.73,51.44421528,7.48587222,273.01,20.62,-2.46,22.90,1,-66.00,-6.00,29.00,15.00,63.00,3.00,12918809,324
237.00,1568006062,3094.33,51.44436825,7.48598942,272.61,17.95,-2.67,26.90,1,-66.00,-6.00,29.00,15.00,63.00,3.00,12918809,324
238.00,1568006063,3112.28,51.44450555,7.48611564,272.66,16.10,-1.85,30.23,1,-69.00,-8.00,21.00,15.00,63.00,3.00,12918809,324
239.00,1568006064,3128.34,51.44459001,7.48626223,272.53,14.90,-1.20,47.87,1,-69.00,-8.00,21.00,15.00,63.00,3.00,12918809,324
240.00,1568006065,3143.30,51.44466669,7.48641524,271.41,14.27,-0.64,51.69,1,-72.00,-9.00,21.00,15.00,63.00,3.00,12918809,324
241.00,1568006066,3157.55,51.44470098,7.48660052,270.47,13.68,-0.58,71.74,1,-72.00,-9.00,21.00,15.00,63.00,3.00,12918809,324
242.00,1568006067,3171.25,51.44470405,7.48682034,269.67,14.21,0.52,89.69,1,-80.00,-9.00,24.00,15.00,55.00,3.00,12918809,324
243.00,1568006068,3185.46,51.44469806,7.48704075,268.88,13.58,-0.62,93.66,1,-80.00,-9.00,24.00,15.00,55.00,3.00,12918809,324
244.00,1568006069,3199.02,51.44463295,7.48720920,267.97,13.78,0.20,123.37,1,-80.00,-7.00,22.00,15.00,54.00,3.00,12918809,324
245.00,1568006070,3212.81,51.44454443,7.48735305,266.84,14.48,0.70,137.41,1,-80.00,-7.00,22.00,15.00,54.00,3.00,12918809,324
246.00,1568006071,3227.28,51.44442753,7.48744871,265.70,14.42,-0.06,156.28,1,-68.00,-7.00,30.00,15.00,63.00,3.00,12918809,324
247.00,1568006072,3241.70,51.44430172,7.48749818,265.22,14.51,0.09,170.66,1,-68.00,-7.00,30.00,15.00,63.00,3.00,12918809,324
248.00,1568006073,3256.22,51.44417129,7.48748957,265.14,14.43,-0.08,187.17,1,-60.00,-8.00,32.00,15.00,63.00,3.00,12918809,324
249.00,1568006074,3270.64,51.44405078,7.48742746,264.69,14.71,0.28,202.50,1,-60.00,-8.00,32.00,15.00,63.00,3.00,12918809,324
250.00,1568006075,3285.35,51.44394463,7.48730606,264.35,14.95,0.25,217.72,1,-60.00,-5.00,32.00,2.00,63.00,3.00,12918809,324
251.00,1568006076,3300.29,51.44384422,7.48717780,264.28,14.86,-0.10,220.11,1,-60.00,-5.00,32.00,2.00,63.00,3.00,12918809,324
252.00,1568006077,3315.16,51.44379709,7.48697648,264.18,15.05,0.19,251.42,1,-66.00,-7.00,31.00,15.00,63.00,3.00,12918809,324
253.00,1568006078,3330.18,51.44377721,7.48676258,264.00,15.12,0.07,266.72,1,-66.00,-7.00,31.00,15.00,63.00,3.00,12918809,324
254.00,1568006079,3345.30,51.44376829,7.48655902,262.90,15.98,0.86,267.52,1,-78.00,-6.00,24.00,14.00,52.00,3.00,12918809,324
255.00,1568006080,3361.29,51.44376259,7.48631806,262.30,16.80,0.82,268.01,1,-78.00,-6.00,24.00,14.00,52.00,3.00,12918809,324
256.01,1568006081,3378.22,51.44375775,7.48605659,262.01,17.79,0.98,267.93,1,-77.00,-6.00,25.00,15.00,54.00,3.00,12918809,324
257.00,1568006082,3395.89,51.44375172,7.48579719,261.98,18.65,0.87,267.96,1,-77.00,-6.00,25.00,15.00,54.00,3.00,12918809,324
258.00,1568006083,3414.54,51.44374869,7.48552702,262.02,20.56,1.90,268.19,1,-77.00,-6.00,25.00,15.00,54.00,3.00,12918809,324
259.00,1568006084,3435.10,51.44374600,7.48526161,261.70,20.13,-0.42,269.13,1,-81.00,-5.00,26.00,15.00,48.00,3.00,12918809,324
260.00,1568006085,3455.17,51.44374271,7.48496227,261.34,21.12,0.99,268.63,1,-81.00,-5.00,26.00,15.00,48.00,3.00,12918809,324
261.00,1568006086,3476.35,51.44374332,7.48465625,261.83,21.94,0.82,270.21,1,-95.00,-8.00,17.00,11.00,39.00,3.00,12918809,324
262.00,1568006087,3498.27,51.44373955,7.48432437,262.11,22.88,0.94,268.88,1,-95.00,-8.00,17.00,11.00,39.00,3.00,12918809,324
263.00,1568006088,3521.16,51.44373503,7.48399385,262.91,23.66,0.78,268.32,1,-77.00,-8.00,16.00,12.00,56.00,3.00,12918809,324
264.00,1568006089,3544.82,51.44372804,7.48364214,263.80,24.44,0.78,267.88,1,-77.00,-8.00,16.00,12.00,56.00,3.00,12918809,324
265.00,1568006090,3569.29,51.44371945,7.48328600,264.13,24.61,0.17,268.06,1,-83.00,-7.00,18.00,12.00,49.00,3.00,12918809,324
266.00,1568006091,3593.90,51.44370914,7.48292020,263.90,25.47,0.86,267.79,1,-83.00,-7.00,18.00,12.00,49.00,3.00,12918809,324
267.00,1568006092,3619.37,51.44369667,7.48256132,263.74,26.05,0.58,267.23,1,-90.00,-11.00,-10.00,11.00,46.00,3.00,12918809,324
268.00,1568006093,3645.34,51.44368540,7.48217996,262.95,26.63,0.58,266.85,1,-90.00,-11.00,-10.00,11.00,46.00,3.00,12918809,324
269.00,1568006094,3672.11,51.44366788,7.48177846,262.40,27.25,0.62,266.42,1,-91.00,-8.00,10.00,10.00,43.00,6.00,12918811,326
270.00,1568006095,3699.30,51.44364983,7.48136544,261.81,27.91,0.67,266.27,1,-91.00,-8.00,10.00,10.00,43.00,6.00,12918811,326
271.00,1568006096,3727.24,51.44363036,7.48094497,261.45,28.56,0.65,265.69,1,-92.00,-7.00,12.00,14.00,41.00,6.00,12918811,326
272.00,1568006097,3755.80,51.44360581,7.48053954,261.06,28.17,-0.40,264.87,1,-92.00,-7.00,12.00,14.00,41.00,6.00,12918811,326
273.00,1568006098,3783.89,51.44357627,7.48013513,260.72,27.75,-0.42,263.63,1,-90.00,-6.00,8.00,10.00,43.00,6.00,12918811,326
274.00,1568006099,3811.67,51.44354956,7.47974484,260.19,27.37,-0.38,262.76,1,-90.00,-6.00,8.00,10.00,43.00,6.00,12918811,326
275.00,1568006100,3839.04,51.44351362,7.47936848,259.55,27.11,-0.26,262.36,1,-88.00,-7.00,10.00,11.00,45.00,6.00,12918811,326
276.00,1568006101,3866.15,51.44347633,7.47897566,259.03,27.38,0.27,262.54,1,-88.00,-7.00,10.00,11.00,45.00,6.00,12918811,326
277.01,1568006102,3893.75,51.44344029,7.47858066,258.37,27.74,0.35,262.81,1,-85.00,-6.00,22.00,11.00,44.00,6.00,12918811,326
278.00,1568006103,3921.18,51.44340751,7.47818483,257.98,28.02,0.28,263.03,1,-85.00,-6.00,22.00,11.00,44.00,6.00,12918811,326
279.00,1568006104,3949.28,51.44337547,7.47778774,257.69,28.05,0.03,263.06,1,-85.00,-6.00,22.00,11.00,44.00,6.00,12918811,326
280.00,1568006105,3977.35,51.44333975,7.47738500,257.45,27.66,-0.38,261.92,1,-84.00,-6.00,22.00,11.00,47.00,6.00,12918811,326
281.00,1568006106,4004.99,51.44330726,7.47699188,256.99,27.74,0.07,261.85,1,-84.00,-6.00,22.00,11.00,47.00,6.00,12918811,326
282.00,1568006107,4032.73,51.44327492,7.47658403,256.19,27.55,-0.19,262.11,1,-86.00,-7.00,11.00,13.00,46.00,6.00,12918811,326
283.00,1568006108,4060.22,51.44324049,7.47620504,254.90,27.20,-0.34,261.21,1,-86.00,-7.00,11.00,13.00,46.00,6.00,12918811,326
284.00,1568006109,4087.48,51.44320399,7.47582665,253.41,27.04,-0.16,260.92,1,-81.00,-6.00,25.00,12.00,52.00,6.00,12918811,326
285.00,1568006110,4114.54,51.44315949,7.47544722,252.00,26.88,-0.16,259.46,1,-81.00,-6.00,25.00,12.00,52.00,6.00,12918811,326
286.00,1568006111,4141.39,51.44311101,7.47507515,251.26,27.17,0.29,258.20,1,-79.00,-6.00,26.00,11.00,53.00,6.00,12918811,326
287.00,1568006112,4168.56,51.44306201,7.47468929,251.08,27.73,0.57,258.44,1,-79.00,-6.00,26.00,11.00,53.00,6.00,12918811,326
288.00,1568006113,4196.29,51.44301023,7.47429657,251.12,28.33,0.60,258.11,1,-99.00,-8.00,4.00,4.00,33.00,6.00,12918811,326
289.00,1568006114,4224.62,51.44295771,7.47389197,251.13,29.02,0.69,257.82,1,-99.00,-8.00,4.00,4.00,33.00,6.00,12918811,326
290.00,1568006115,4253.64,51.44290150,7.47347176,250.74,29.75,0.74,258.08,1,-91.00,-6.00,5.00,6.00,37.00,13.00,12935194,342
291.00,1568006116,4283.43,51.44284455,7.47304036,249.97,30.44,0.69,258.68,1,-91.00,-6.00,5.00,6.00,37.00,13.00,12935194,342
292.00,1568006117,4313.84,51.44278549,7.47260289,249.02,31.19,0.75,258.97,1,-101.00,-7.00,7.00,12.00,29.00,13.00,12935194,342
293.00,1568006118,4345.06,51.44272622,7.47215072,248.03,31.89,0.70,259.08,1,-101.00,-7.00,7.00,12.00,29.00,13.00,12935194,342
294.00,1568006119,4376.95,51.44266946,7.47171341,247.14,31.76,-0.13,258.66,1,-101.00,-7.00,9.00,6.00,29.00,13.00,12935194,342
295.00,1568006120,4408.74,51.44261227,7.47126437,246.47,31.72,-0.04,258.79,1,-101.00,-7.00,9.00,6.00,29.00,13.00,12935194,342
296.00,1568006121,4440.46,51.44255671,7.47082765,246.03,30.99,-0.73,258.28,1,-110.00,-10.00,-3.00,7.00,26.00,14.00,12918811,342
297.00,1568006122,4471.43,51.44249918,7.47039607,245.64,30.41,-0.58,257.74,1,-110.00,-10.00,-3.00,7.00,26.00,14.00,12918811,342
298.01,1568006123,4502.15,51.44244298,7.46996957,245.14,30.48,0.06,258.24,1,-110.00,-14.00,-3.00,8.00,27.00,14.00,12918811,326
299.00,1568006124,4532.35,51.44238881,7.46955448,244.63,29.54,-0.95,259.02,1,-110.00,-14.00,-3.00,8.00,27.00,14.00,12918811,326
300.00,1568006125,4561.89,51.44233405,7.46913948,243.73,28.70,-0.84,258.04,1,-110.00,-14.00,-3.00,8.00,27.00,14.00,12918811,326
301.00,1568006126,4590.65,51.44227990,7.46873099,242.58,27.93,-0.76,258.54,1,-109.00,-13.00,-3.00,10.00,27.00,14.00,12918811,326
302.00,1568006127,4618.58,51.44223027,7.46834219,241.48,27.41,-0.52,258.77,1,-109.00,-13.00,-3.00,10.00,27.00,14.00,12918811,326
303.00,1568006128,4645.97,51.44218507,7.46795346,240.72,26.99,-0.43,259.22,1,-111.00,-14.00,-4.00,7.00,28.00,14.00,12918811,326
304.00,1568006129,4672.93,51.44214049,7.46757399,239.57,26.12,-0.87,259.07,1,-111.00,-14.00,-4.00,7.00,28.00,14.00,12918811,326
305.00,1568006130,4699.10,51.44209818,7.46721211,238.49,25.34,-0.78,259.05,1,-112.00,-15.00,-6.00,5.00,27.00,11.00,12935170,326
306.00,1568006131,4724.42,51.44205646,7.46683694,237.21,24.99,-0.35,259.49,1,-112.00,-15.00,-6.00,5.00,27.00,11.00,12935170,326
307.00,1568006132,4749.43,51.44201557,7.46647622,236.10,24.99,-0.00,259.82,1,-102.00,-10.00,2.00,7.00,33.00,11.00,12935170,342
308.00,1568006133,4774.30,51.44197426,7.46610821,235.06,25.57,0.59,260.07,1,-102.00,-10.00,2.00,7.00,33.00,11.00,12935170,342
309.00,1568006134,4799.95,51.44193664,7.46574321,234.16,25.79,0.21,260.42,1,-102.00,-11.00,2.00,8.00,35.00,11.00,12935170,342
310.00,1568006135,4825.71,51.44189923,7.46537887,233.42,26.27,0.48,260.91,1,-102.00,-11.00,2.00,8.00,35.00,11.00,12935170,342
311.00,1568006136,4851.93,51.44186377,7.46500646,232.79,26.75,0.49,261.47,1,-104.00,-13.00,-2.00,6.00,34.00,11.00,12935170,342
312.00,1568006137,4878.76,51.44182868,7.46463666,232.00,26.77,0.02,261.86,1,-104.00,-13.00,-2.00,6.00,34.00,11.00,12935170,342
313.00,1568006138,4905.56,51.44179161,7.46425435,231.11,27.08,0.31,262.47,1,-104.00,-12.00,-3.00,7.00,34.00,11.00,12935170,342
314.00,1568006139,4932.63,51.44175729,7.46385851,230.52,27.41,0.33,262.73,1,-104.00,-12.00,-3.00,7.00,34.00,11.00,12935170,342
315.00,1568006140,4960.02,51.44172399,7.46345361,230.05,26.93,-0.49,263.20,1,-105.00,-13.00,1.00,9.00,34.00,11.00,12935170,342
316.00,1568006141,4986.94,51.44169324,7.46306316,230.15,26.34,-0.58,263.22,1,-105.00,-13.00,1.00,9.00,34.00,11.00,12935170,342
317.00,1568006142,5013.28,51.44166959,7.46269468,230.46,25.26,-1.08,263.93,1,-102.00,-11.00,0.00,7.00,35.00,11.00,12935170,342
318.00,1568006143,5038.57,51.44164727,7.46233040,230.52,24.88,-0.38,264.29,1,-102.00,-11.00,0.00,7.00,35.00,11.00,12935170,342
319.01,1568006144,5063.63,51.44162666,7.46196648,230.01,24.44,-0.44,264.70,1,-103.00,-15.00,-3.00,4.00,38.00,11.00,12935170,342
320.00,1568006145,5087.90,51.44161360,7.46162412,229.16,23.79,-0.65,265.45,1,-103.00,-15.00,-3.00,4.00,38.00,11.00,12935170,342
321.00,1568006146,5111.69,51.44160105,7.46128964,228.14,23.71,-0.08,265.90,1,-103.00,-15.00,-3.00,4.00,38.00,11.00,12935170,342
322.00,1568006147,5135.40,51.44158971,7.46096745,227.51,23.88,0.17,266.03,1,-100.00,-12.00,-4.00,6.00,37.00,12.00,12935171,344
323.00,1568006148,5159.18,51.44158337,7.46064309,227.46,23.60,-0.28,266.59,1,-100.00,-12.00,-4.00,6.00,37.00,12.00,12935171,344
324.00,1568006149,5182.85,51.44157576,7.46030514,227.60,23.36,-0.24,267.06,1,-97.00,-13.00,-3.00,7.00,41.00,12.00,12935171,344
325.00,1568006150,5206.23,51.44156836,7.45996752,227.93,23.39,0.03,267.33,1,-97.00,-13.00,-3.00,7.00,41.00,12.00,12935171,344
326.00,1568006151,5229.55,51.44155925,7.45962024,228.31,23.61,0.23,267.90,1,-93.00,-6.00,3.00,6.00,39.00,17.00,14301721,144
327.00,1568006152,5253.18,51.44154974,7.45927617,228.74,23.77,0.16,268.38,1,-93.00,-6.00,3.00,6.00,39.00,17.00,14301721,144
328.00,1568006153,5276.91,51.44154421,7.45894253,228.58,23.51,-0.26,268.61,1,-87.00,-6.00,21.00,15.00,46.00,17.00,14301721,144
329.00,1568006154,5300.49,51.44153867,7.45861217,228.62,23.46,-0.05,268.76,1,-87.00,-6.00,21.00,15.00,46.00,17.00,14301721,144
330.00,1568006155,5324.03,51.44153469,7.45828393,228.16,23.10,-0.36,269.06,1,-81.00,-5.00,21.00,12.00,50.00,17.00,14301721,144
331.00,1568006156,5347.01,51.44153298,7.45794592,227.73,22.89,-0.21,269.63,1,-81.00,-5.00,21.00,12.00,50.00,17.00,14301721,144
332.00,1568006157,5369.86,51.44153284,7.45761225,227.39,22.82,-0.07,269.52,1,-81.00,-5.00,24.00,14.00,50.00,17.00,14301721,144
333.00,1568006158,5392.73,51.44153235,7.45727584,227.16,23.19,0.37,269.79,1,-81.00,-5.00,24.00,14.00,50.00,17.00,14301721,144
334.00,1568006159,5415.88,51.44152968,7.45694750,227.02,23.72,0.53,270.06,1,-82.00,-5.00,23.00,11.00,49.00,17.00,14301721,144
335.00,1568006160,5439.65,51.44152836,7.45660945,227.14,23.79,0.06,269.99,1,-82.00,-5.00,23.00,11.00,49.00,17.00,14301721,144
336.00,1568006161,5463.46,51.44153217,7.45627034,227.40,24.01,0.22,270.57,1,-81.00,-6.00,23.00,11.00,52.00,17.00,14301721,144
337.00,1568006162,5487.45,51.44153716,7.45592545,227.74,24.44,0.43,270.97,1,-81.00,-6.00,23.00,11.00,52.00,17.00,14301721,144
338.00,1568006163,5511.91,51.44154073,7.45556440,228.35,24.70,0.26,271.16,1,-82.00,-6.00,22.00,11.00,50.00,17.00,14301721,144
339.00,1568006164,5536.64,51.44154300,7.45518469,229.15,25.30,0.60,271.46,1,-82.00,-6.00,22.00,11.00,50.00,17.00,14301721,144
340.01,1568006165,5562.12,51.44155163,7.45481359,230.30,25.49,0.18,272.20,1,-83.00,-7.00,21.00,15.00,50.00,17.00,14301721,144
341.00,1568006166,5587.40,51.44156101,7.45445200,231.44,25.06,-0.43,272.75,1,-83.00,-7.00,21.00,15.00,50.00,17.00,14301721,144
342.00,1568006167,5612.44,51.44157623,7.45408737,232.06,25.27,0.21,273.91,1,-83.00,-7.00,21.00,15.00,50.00,17.00,14301721,144
343.00,1568006168,5637.70,51.44159394,7.45372685,232.48,25.27,0.00,273.79,1,-83.00,-6.00,24.00,9.00,50.00,17.00,14301721,144
344.00,1568006169,5662.98,51.44161049,7.45337016,232.43,24.90,-0.37,274.85,1,-83.00,-6.00,24.00,9.00,50.00,17.00,14301721,144
345.00,1568006170,5687.88,51.44163472,7.45301609,232.21,25.16,0.26,275.47,1,-81.00,-6.00,27.00,15.00,51.00,17.00,14301721,144
346.00,1568006171,5713.07,51.44165593,7.45264595,232.33,25.17,0.00,275.38,1,-81.00,-6.00,27.00,15.00,51.00,17.00,14301721,144
347.00,1568006172,5738.13,51.44167848,7.45228805,232.74,24.66,-0.50,275.59,1,-79.00,-5.00,28.00,15.00,52.00,17.00,14301721,144
348.00,1568006173,5762.87,51.44170197,7.45193507,233.12,24.42,-0.24,275.48,1,-79.00,-5.00,28.00,15.00,52.00,17.00,14301721,144
349.00,1568006174,5787.29,51.44172801,7.45160385,233.05,24.23,-0.19,276.03,1,-77.00,-7.00,27.00,2.00,55.00,9.00,14301721,144
350.00,1568006175,5811.53,51.44175975,7.45125982,232.83,24.36,0.12,276.75,1,-77.00,-7.00,27.00,2.00,55.00,9.00,14301721,144
351.00,1568006176,5835.88,51.44179104,7.45091827,232.68,23.41,-0.95,277.22,1,-77.00,-6.00,26.00,15.00,56.00,9.00,14301721,144
352.00,1568006177,5859.29,51.44182101,7.45058012,232.59,23.00,-0.41,277.77,1,-77.00,-6.00,26.00,15.00,56.00,9.00,14301721,144
353.00,1568006178,5882.29,51.44184856,7.45025571,232.32,22.86,-0.14,277.94,1,-77.00,-5.00,27.00,15.00,54.00,9.00,14301721,144
354.00,1568006179,5905.15,51.44188270,7.44992495,231.44,22.95,0.09,278.14,1,-77.00,-5.00,27.00,15.00,54.00,9.00,14301721,144
355.00,1568006180,5928.05,51.44191712,7.44956885,230.32,23.19,0.23,278.52,1,-74.00,-6.00,25.00,15.00,53.00,9.00,14301721,144
356.00,1568006181,5951.31,51.44194777,7.44923431,229.41,23.61,0.43,278.38,1,-74.00,-6.00,25.00,15.00,53.00,9.00,14301721,144
357.00,1568006182,5974.90,51.44197983,7.44890852,228.55,23.87,0.26,278.78,1,-75.00,-6.00,24.00,15.00,55.00,9.00,14301721,144
358.00,1568006183,5998.79,51.44201117,7.44858404,227.77,23.79,-0.09,279.12,1,-75.00,-6.00,24.00,15.00,55.00,9.00,14301721,144
359.00,1568006184,6022.55,51.44204445,7.44824501,227.11,24.05,0.26,279.57,1,-74.00,-5.00,25.00,15.00,57.00,9.00,14301721,144
360.00,1568006185,6046.60,51.44207972,7.44791169,226.53,24.43,0.39,280.16,1,-74.00,-5.00,25.00,15.00,57.00,9.00,14301721,144
361.00,1568006186,6071.20,51.44211856,7.44757204,225.79,24.82,0.39,280.47,1,-75.00,-6.00,28.00,11.00,58.00,9.00,14301721,144
362.00,1568006187,6095.85,51.44216087,7.44719841,225.34,25.55,0.73,281.09,1,-75.00,-6.00,28.00,11.00,58.00,9.00,14301721,144
363.00,1568006188,6121.42,51.44220494,7.44684428,225.01,26.12,0.58,281.50,1,-75.00,-6.00,28.00,11.00,58.00,9.00,14301721,144
364.00,1568006189,6147.52,51.44225263,7.44647611,224.64,26.73,0.60,282.05,1,-73.00,-6.00,29.00,15.00,59.00,9.00,14301721,144
365.00,1568006190,6174.27,51.44230376,7.44610300,224.15,27.32,0.59,282.51,1,-73.00,-6.00,29.00,15.00,59.00,9.00,14301721,144
366.00,1568006191,6201.56,51.44235838,7.44570053,223.77,28.14,0.82,282.62,1,-67.00,-5.00,33.00,15.00,63.00,9.00,14301721,144
367.00,1568006192,6229.70,51.44241211,7.44530999,223.05,28.92,0.78,282.42,1,-67.00,-5.00,33.00,15.00,63.00,9.00,14301721,144
368.00,1568006193,6258.56,51.44246820,7.44490171,222.54,29.07,0.15,283.43,1,-74.00,-6.00,26.00,15.00,58.00,9.00,14301721,144
369.00,1568006194,6287.72,51.44252802,7.44449203,222.22,29.72,0.65,283.58,1,-74.00,-6.00,26.00,15.00,58.00,9.00,14301721,144
370.00,1568006195,6317.38,51.44259030,7.44407876,222.40,29.68,-0.04,283.92,1,-74.00,-5.00,25.00,15.00,57.00,9.00,14301721,144
371.00,1568006196,6347.11,51.44265504,7.44367405,222.66,29.24,-0.44,284.58,1,-74.00,-5.00,25.00,15.00,57.00,9.00,14301721,144
372.00,1568006197,6376.35,51.44272234,7.44326200,223.12,28.80,-0.43,284.93,1,-65.00,-6.00,29.00,15.00,63.00,9.00,14301721,144
373.00,1568006198,6405.33,51.44278927,7.44285457,223.40,28.93,0.13,285.48,1,-65.00,-6.00,29.00,15.00,63.00,9.00,14301721,144
374.00,1568006199,6434.06,51.44285737,7.44244144,223.21,29.26,0.33,285.50,1,-69.00,-6.00,38.00,15.00,60.00,9.00,14301721,144
375.00,1568006200,6463.32,51.44293143,7.44203700,222.40,29.33,0.07,285.68,1,-69.00,-6.00,38.00,15.00,60.00,9.00,14301721,144
376.00,1568006201,6492.68,51.44300567,7.44163957,221.49,29.79,0.45,286.58,1,-80.00,-7.00,14.00,15.00,53.00,9.00,14301721,144
377.00,1568006202,6522.47,51.44308977,7.44123719,220.60,29.99,0.20,287.58,1,-80.00,-7.00,14.00,15.00,53.00,9.00,14301721,144
378.00,1568006203,6552.46,51.44317512,7.44081351,219.65,30.74,0.75,287.71,1,-81.00,-7.00,6.00,6.00,51.00,2.00,14301723,146
379.00,1568006204,6583.23,51.44325862,7.44040025,218.65,30.95,0.21,288.09,1,-81.00,-7.00,6.00,6.00,51.00,2.00,14301723,146
380.00,1568006205,6614.15,51.44334618,7.43995672,218.21,31.32,0.38,288.30,1,-73.00,-5.00,30.00,1.00,59.00,2.00,14301723,146
381.00,1568006206,6645.44,51.44343133,7.43952669,218.09,31.23,-0.09,288.52,1,-73.00,-5.00,30.00,1.00,59.00,2.00,14301723,146
382.01,1568006207,6676.92,51.44352417,7.43909427,217.57,31.26,0.03,289.27,1,-73.00,-6.00,38.00,15.00,59.00,2.00,14301723,146
383.00,1568006208,6707.97,51.44361485,7.43867242,216.77,31.56,0.30,289.64,1,-73.00,-6.00,38.00,15.00,59.00,2.00,14301723,146
384.00,1568006209,6739.50,51.44370696,7.43824448,216.00,31.46,-0.10,290.07,1,-73.00,-6.00,38.00,15.00,59.00,2.00,14301723,146
385.00,1568006210,6770.96,51.44380790,7.43781300,215.27,31.59,0.13,290.50,1,-68.00,-5.00,39.00,15.00,63.00,2.00,14301723,146
386.00,1568006211,6802.55,51.44390892,7.43738394,214.79,31.88,0.29,290.99,1,-68.00,-5.00,39.00,15.00,63.00,2.00,14301723,146
387.00,1568006212,6834.43,51.44401521,7.43696006,214.35,32.21,0.33,291.58,1,-73.00,-5.00,24.00,15.00,56.00,2.00,14301723,146
388.00,1568006213,6866.61,51.44412044,7.43653642,213.96,32.43,0.22,292.00,1,-73.00,-5.00,24.00,15.00,56.00,2.00,14301723,146
389.00,1568006214,6899.10,51.44423191,7.43611776,213.28,32.34,-0.08,292.65,1,-80.00,-5.00,35.00,15.00,50.00,2.00,14301723,146
390.00,1568006215,6931.45,51.44435262,7.43567490,212.60,32.36,0.02,292.71,1,-80.00,-5.00,35.00,15.00,50.00,2.00,14301723,146
391.00,1568006216,6963.81,51.44446791,7.43525010,211.80,31.97,-0.39,293.19,1,-81.00,-5.00,25.00,15.00,47.00,2.00,14301723,146
392.00,1568006217,6995.78,51.44458874,7.43483643,211.06,32.11,0.14,294.37,1,-81.00,-5.00,25.00,15.00,47.00,2.00,14301723,146
393.00,1568006218,7027.86,51.44471354,7.43442553,210.41,32.20,0.09,295.37,1,-80.00,-5.00,39.00,15.00,48.00,2.00,14301723,146
394.00,1568006219,7060.06,51.44483539,7.43401050,209.97,31.94,-0.26,296.18,1,-80.00,-5.00,39.00,15.00,48.00,2.00,14301723,146
395.00,1568006220,7092.04,51.44496184,7.43361182,209.58,31.77,-0.17,297.01,1,-83.00,-5.00,37.00,15.00,45.00,2.00,14301723,146
396.00,1568006221,7123.77,51.44509473,7.43321926,208.93,31.88,0.11,298.33,1,-83.00,-5.00,37.00,15.00,45.00,2.00,14301723,146
397.00,1568006222,7155.65,51.44523585,7.43282222,207.91,32.13,0.25,299.57,1,-80.00,-5.00,31.00,12.00,45.00,2.00,14301723,146
398.00,1568006223,7187.71,51.44538202,7.43242239,206.70,32.10,-0.02,300.63,1,-80.00,-5.00,31.00,12.00,45.00,2.00,14301723,146
399.00,1568006224,7219.94,51.44553108,7.43203253,205.76,31.63,-0.47,301.93,1,-92.00,-7.00,22.00,10.00,39.00,2.00,14301723,146
400.00,1568006225,7251.54,51.44568494,7.43165304,204.93,30.86,-0.77,303.54,1,-92.00,-7.00,22.00,10.00,39.00,2.00,14301723,146
401.00,1568006226,7282.40,51.44584379,7.43128841,203.79,30.60,-0.26,304.97,1,-85.00,-6.00,17.00,2.00,46.00,2.00,14301723,146
402.00,1568006227,7313.00,51.44600578,7.43094519,202.32,30.31,-0.28,306.93,1,-85.00,-6.00,17.00,2.00,46.00,2.00,14301723,146
403.01,1568006228,7343.55,51.44616984,7.43059649,200.77,30.39,0.08,307.27,1,-89.00,-5.00,15.00,2.00,41.00,2.00,14301723,146
404.00,1568006229,7373.67,51.44634331,7.43025340,199.08,30.74,0.35,308.35,1,-89.00,-5.00,15.00,2.00,41.00,2.00,14301723,146
405.00,1568006230,7404.44,51.44651913,7.42991004,197.51,30.70,-0.04,309.26,1,-89.00,-5.00,15.00,2.00,41.00,2.00,14301723,146
406.00,1568006231,7435.14,51.44669833,7.42958207,196.32,30.73,0.03,310.91,1,-88.00,-5.00,18.00,2.00,42.00,2.00,14301723,146
407.00,1568006232,7465.87,51.44688252,7.42925779,195.34,30.71,-0.02,312.24,1,-88.00,-5.00,18.00,2.00,42.00,2.00,14301723,146
408.00,1568006233,7496.54,51.44707385,7.42893972,194.46,30.62,-0.09,313.91,1,-91.00,-6.00,10.00,2.00,39.00,2.00,14301723,146
409.00,1568006234,7527.17,51.44726880,7.42862758,193.30,30.46,-0.16,314.99,1,-91.00,-6.00,10.00,2.00,39.00,2.00,14301723,146
410.00,1568006235,7557.66,51.44746408,7.42833206,192.26,29.87,-0.60,316.29,1,-93.00,-6.00,10.00,2.00,36.00,2.00,14301723,146
411.00,1568006236,7587.53,51.44765560,7.42804504,191.20,28.70,-1.16,317.16,1,-93.00,-6.00,10.00,2.00,36.00,2.00,14301723,146
412.00,1568006237,7616.20,51.44784792,7.42777462,190.53,28.33,-0.38,318.12,1,-97.00,-7.00,4.00,2.00,32.00,2.00,14301723,146
413.00,1568006238,7644.56,51.44804219,7.42750983,189.71,27.53,-0.80,319.63,1,-97.00,-7.00,4.00,2.00,32.00,2.00,14301723,146
414.00,1568006239,7672.09,51.44822124,7.42726782,189.04,27.19,-0.34,320.43,1,-104.00,-8.00,2.00,2.00,27.00,2.00,14301723,146
415.00,1568006240,7699.28,51.44840784,7.42703759,187.47,26.91,-0.28,322.10,1,-104.00,-8.00,2.00,2.00,27.00,2.00,14301723,146
416.00,1568006241,7726.19,51.44859386,7.42681700,185.36,26.67,-0.24,323.14,1,-107.00,-8.00,1.00,2.00,26.00,2.00,14301723,146
417.00,1568006242,7752.85,51.44878167,7.42659468,183.26,26.63,-0.03,323.80,1,-107.00,-8.00,1.00,2.00,26.00,2.00,14301723,146
418.00,1568006243,7779.48,51.44897336,7.42637784,181.45,26.16,-0.47,324.78,1,-107.00,-8.00,-1.00,2.00,26.00,2.00,14301723,146
419.00,1568006244,7805.65,51.44917129,7.42616425,179.58,25.99,-0.17,326.00,1,-107.00,-8.00,-1.00,2.00,26.00,2.00,14301723,146
420.00,1568006245,7831.66,51.44936868,7.42596341,177.79,25.49,-0.50,327.10,1,-109.00,-9.00,-4.00,2.00,25.00,2.00,14301723,146
421.00,1568006246,7857.15,51.44956285,7.42577374,175.90,24.63,-0.86,328.39,1,-109.00,-9.00,-4.00,2.00,25.00,2.00,14301723,146
422.00,1568006247,7881.86,51.44974080,7.42559862,174.43,23.26,-1.37,329.38,1,-111.00,-11.00,-7.00,2.00,25.00,2.00,14301723,146
423.00,1568006248,7905.00,51.44991085,7.42544708,173.32,21.49,-1.78,330.52,1,-111.00,-11.00,-7.00,2.00,25.00,2.00,14301723,146
424.01,1568006249,7926.80,51.45007642,7.42530427,172.30,20.52,-0.96,330.72,1,-112.00,-13.00,10.00,2.00,27.00,2.00,13884185,58
425.00,1568006250,7947.15,51.45023339,7.42518008,171.48,19.53,-0.99,332.19,1,-112.00,-13.00,10.00,2.00,27.00,2.00,13884185,58
426.00,1568006251,7966.67,51.45037639,7.42506520,170.61,19.18,-0.36,332.25,1,-112.00,-13.00,10.00,2.00,27.00,2.00,13884185,58
427.00,1568006252,7985.75,51.45053537,7.42493914,170.17,19.13,-0.05,332.94,1,-107.00,-11.00,6.00,2.00,29.00,2.00,13884185,58
428.00,1568006253,8004.88,51.45067748,7.42483531,169.59,17.87,-1.27,333.61,1,-107.00,-11.00,6.00,2.00,29.00,2.00,13884185,58
429.00,1568006254,8022.71,51.45082179,7.42472722,168.95,16.96,-0.91,334.34,1,-103.00,-9.00,2.00,2.00,31.00,2.00,13884185,58
430.00,1568006255,8039.68,51.45095745,7.42462984,168.40,16.33,-0.62,335.20,1,-103.00,-9.00,2.00,2.00,31.00,2.00,13884185,58
431.00,1568006256,8056.00,51.45109694,7.42453282,167.39,16.28,-0.06,335.90,1,-102.00,-13.00,-3.00,6.00,35.00,19.00,12897051,376
432.00,1568006257,8072.34,51.45123444,7.42444008,166.62,16.05,-0.22,336.55,1,-102.00,-13.00,-3.00,6.00,35.00,19.00,12897051,376
433.00,1568006258,8088.41,51.45137459,7.42434730,166.43,16.03,-0.03,337.02,1,-96.00,-9.00,0.00,10.00,38.00,19.00,12897051,338
434.00,1568006259,8104.44,51.45151761,7.42426514,166.40,15.85,-0.18,337.61,1,-96.00,-9.00,0.00,10.00,38.00,19.00,12897051,338
435.00,1568006260,8120.26,51.45165651,7.42418599,166.83,15.62,-0.23,338.14,1,-91.00,-8.00,2.00,6.00,35.00,38.00,12896795,376
436.00,1568006261,8135.83,51.45179118,7.42411661,167.09,15.42,-0.21,338.84,1,-91.00,-8.00,2.00,6.00,35.00,38.00,12896795,376
437.00,1568006262,8151.33,51.45192539,7.42404473,167.16,15.34,-0.08,339.55,1,-98.00,-9.00,6.00,11.00,37.00,19.00,12897051,338
438.00,1568006263,8166.65,51.45205152,7.42397749,167.19,15.23,-0.11,340.15,1,-98.00,-9.00,6.00,11.00,37.00,19.00,12897051,338
439.00,1568006264,8181.85,51.45218025,7.42390718,167.01,15.12,-0.10,340.54,1,-91.00,-9.00,4.00,9.00,42.00,19.00,12897051,338
440.00,1568006265,8196.97,51.45231146,7.42383744,166.88,15.29,0.16,340.99,1,-91.00,-9.00,4.00,9.00,42.00,19.00,12897051,338
441.00,1568006266,8212.22,51.45244000,7.42377796,166.62,15.24,-0.05,341.36,1,-89.00,-6.00,25.00,9.00,41.00,19.00,12897051,338
442.00,1568006267,8227.49,51.45257105,7.42371435,166.17,15.35,0.11,342.08,1,-89.00,-6.00,25.00,9.00,41.00,19.00,12897051,338
443.00,1568006268,8242.84,51.45269499,7.42365911,165.94,14.93,-0.41,342.73,1,-91.00,-7.00,25.00,11.00,40.00,19.00,12897051,338
444.00,1568006269,8257.77,51.45281572,7.42360542,165.61,14.87,-0.07,343.13,1,-91.00,-7.00,25.00,11.00,40.00,19.00,12897051,338
445.01,1568006270,8272.76,51.45293962,7.42355055,165.06,14.72,-0.14,343.12,1,-88.00,-6.00,18.00,2.00,48.00,19.00,12897051,338
446.00,1568006271,8287.32,51.45305877,7.42349728,164.92,14.55,-0.17,343.39,1,-88.00,-6.00,18.00,2.00,48.00,19.00,12897051,338
447.00,1568006272,8301.90,51.45318473,7.42344432,164.52,14.84,0.28,343.02,1,-88.00,-6.00,18.00,2.00,48.00,19.00,12897051,338
448.00,1568006273,8316.77,51.45331372,7.42339031,164.17,15.18,0.34,343.01,1,-89.00,-5.00,17.00,15.00,43.00,19.00,12897051,338
449.00,1568006274,8331.96,51.45345129,7.42333252,163.64,16.02,0.84,343.45,1,-89.00,-5.00,17.00,15.00,43.00,19.00,12897051,338
450.00,1568006275,8347.97,51.45359564,7.42326796,162.63,16.70,0.68,343.82,1,-92.00,-11.00,10.00,7.00,46.00,19.00,12897051,338
451.00,1568006276,8364.65,51.45374157,7.42319979,161.27,17.58,0.88,343.85,1,-92.00,-11.00,10.00,7.00,46.00,19.00,12897051,338
452.00,1568006277,8382.24,51.45389840,7.42312991,160.57,18.09,0.51,343.89,1,-94.00,-11.00,12.00,10.00,43.00,19.00,12897051,338
453.00,1568006278,8400.33,51.45405727,7.42306255,159.83,18.55,0.46,343.76,1,-94.00,-11.00,12.00,10.00,43.00,19.00,12897051,338
454.00,1568006279,8418.91,51.45422184,7.42299159,159.36,18.61,0.05,343.77,1,-82.00,-6.00,15.00,15.00,49.00,10.00,13806106,70
455.00,1568006280,8437.57,51.45437702,7.42292614,159.03,18.25,-0.35,343.87,1,-82.00,-6.00,15.00,15.00,49.00,10.00,13806106,70
456.00,1568006281,8455.73,51.45452373,7.42286387,158.50,17.82,-0.44,343.29,1,-84.00,-7.00,11.00,13.00,49.00,10.00,13806106,70
457.00,1568006282,8473.51,51.45467590,7.42279694,157.91,17.42,-0.39,343.43,1,-84.00,-7.00,11.00,13.00,49.00,10.00,13806106,70
458.00,1568006283,8490.95,51.45482986,7.42272517,157.42,17.28,-0.14,343.31,1,-92.00,-10.00,6.00,12.00,45.00,10.00,13806106,70
459.00,1568006284,8508.27,51.45498366,7.42265295,157.24,17.07,-0.21,343.17,1,-92.00,-10.00,6.00,12.00,45.00,10.00,13806106,70
460.00,1568006285,8525.36,51.45512960,7.42258413,157.09,16.89,-0.18,343.20,1,-86.00,-7.00,6.00,6.00,46.00,19.00,12897051,338
461.00,1568006286,8542.25,51.45527509,7.42251601,157.07,16.56,-0.32,342.86,1,-86.00,-7.00,6.00,6.00,46.00,19.00,12897051,338
462.00,1568006287,8558.81,51.45541501,7.42244652,157.26,15.88,-0.68,342.99,1,-91.00,-9.00,23.00,11.00,43.00,19.00,12897051,338
463.00,1568006288,8574.69,51.45555608,7.42236848,157.46,15.74,-0.14,342.54,1,-91.00,-9.00,23.00,11.00,43.00,19.00,12897051,338
464.00,1568006289,8590.43,51.45569461,7.42229066,157.42,15.51,-0.22,341.77,1,-86.00,-8.00,24.00,12.00,47.00,19.00,12897051,338
465.00,1568006290,8605.94,51.45582521,7.42221498,157.45,15.35,-0.16,341.51,1,-86.00,-8.00,24.00,12.00,47.00,19.00,12897051,338
466.01,1568006291,8621.39,51.45595631,7.42213721,157.38,15.17,-0.17,341.09,1,-89.00,-8.00,20.00,5.00,44.00,19.00,12897051,338
467.00,1568006292,8636.46,51.45608270,7.42206175,157.23,14.94,-0.24,340.93,1,-89.00,-8.00,20.00,5.00,44.00,19.00,12897051,338
468.00,1568006293,8651.40,51.45620893,7.42198722,157.07,15.16,0.22,340.55,1,-89.00,-8.00,20.00,5.00,44.00,19.00,12897051,338
469.00,1568006294,8666.55,51.45633959,7.42190746,157.24,15.71,0.55,340.30,1,-90.00,-7.00,23.00,13.00,43.00,19.00,12897051,338
470.00,1568006295,8682.25,51.45648133,7.42182671,157.37,16.26,0.55,339.75,1,-90.00,-7.00,23.00,13.00,43.00,19.00,12897051,338
471.00,1568006296,8698.52,51.45661775,7.42174943,156.98,16.18,-0.08,339.34,1,-85.00,-7.00,11.00,2.00,52.00,19.00,12897051,338
472.00,1568006297,8714.69,51.45675018,7.42166748,156.41,16.28,0.10,338.93,1,-85.00,-7.00,11.00,2.00,52.00,19.00,12897051,338
473.00,1568006298,8730.97,51.45687959,7.42158576,155.67,16.69,0.41,338.53,1,-89.00,-9.00,-2.00,2.00,45.00,19.00,12897051,338
474.00,1568006299,8747.66,51.45701453,7.42150048,154.60,17.32,0.63,338.17,1,-89.00,-9.00,-2.00,2.00,45.00,19.00,12897051,338
475.00,1568006300,8764.98,51.45715036,7.42140918,153.61,17.10,-0.22,337.78,1,-89.00,-8.00,11.00,2.00,45.00,19.00,12897051,338
476.00,1568006301,8782.09,51.45728181,7.42131674,152.80,16.84,-0.26,337.40,1,-89.00,-8.00,11.00,2.00,45.00,19.00,12897051,338
477.00,1568006302,8798.88,51.45741057,7.42122696,152.11,16.65,-0.19,337.01,1,-89.00,-9.00,8.00,2.00,44.00,19.00,12897051,338
478.00,1568006303,8815.58,51.45754328,7.42113215,151.33,16.68,0.03,336.57,1,-89.00,-9.00,8.00,2.00,44.00,19.00,12897051,338
479.00,1568006304,8832.28,51.45767483,7.42103660,150.70,16.99,0.31,336.12,1,-89.00,-9.00,8.00,2.00,45.00,19.00,12897051,338
480.00,1568006305,8849.27,51.45781430,7.42092777,150.31,17.58,0.59,335.59,1,-89.00,-9.00,8.00,2.00,45.00,19.00,12897051,338
481.00,1568006306,8866.83,51.45795805,7.42081241,149.90,18.20,0.63,335.05,1,-91.00,-10.00,10.00,2.00,44.00,19.00,12897051,338
482.00,1568006307,8885.03,51.45811263,7.42069637,149.60,18.78,0.57,334.65,1,-91.00,-10.00,10.00,2.00,44.00,19.00,12897051,338
483.00,1568006308,8903.81,51.45825874,7.42058402,149.68,18.56,-0.22,334.15,1,-91.00,-11.00,10.00,2.00,44.00,19.00,12897051,338
484.00,1568006309,8922.33,51.45840316,7.42046955,150.01,18.03,-0.53,333.71,1,-91.00,-11.00,10.00,2.00,44.00,19.00,12897051,338
485.00,1568006310,8940.39,51.45854577,7.42035708,150.22,17.73,-0.30,333.24,1,-90.00,-12.00,-2.00,2.00,46.00,19.00,12897051,338
486.00,1568006311,8958.09,51.45869618,7.42023648,150.53,17.78,0.05,332.75,1,-90.00,-12.00,-2.00,2.00,46.00,19.00,12897051,338
487.01,1568006312,8976.09,51.45884766,7.42010376,150.80,18.25,0.46,332.21,1,-91.00,-12.00,5.00,2.00,45.00,19.00,12897051,338
488.00,1568006313,8994.10,51.45899481,7.41997587,151.48,18.76,0.51,331.67,1,-91.00,-12.00,5.00,2.00,45.00,19.00,12897051,338
489.00,1568006314,9012.94,51.45915201,7.41983581,151.42,19.42,0.66,331.06,1,-91.00,-12.00,5.00,2.00,45.00,19.00,12897051,338
490.00,1568006315,9032.34,51.45931285,7.41968590,151.32,19.52,0.09,330.56,1,-91.00,-11.00,5.00,2.00,45.00,19.00,12897051,338
491.00,1568006316,9051.84,51.45947206,7.41952821,150.87,19.86,0.34,329.95,1,-91.00,-11.00,5.00,2.00,45.00,19.00,12897051,338
492.00,1568006317,9071.72,51.45962254,7.41937478,150.85,20.22,0.36,328.14,1,-91.00,-11.00,7.00,2.00,45.00,19.00,12897051,338
493.00,1568006318,9091.94,51.45978006,7.41921684,150.64,20.72,0.50,327.48,1,-91.00,-11.00,7.00,2.00,45.00,19.00,12897051,338
494.00,1568006319,9112.67,51.45993379,7.41905667,150.58,21.25,0.53,327.08,1,-89.00,-10.00,11.00,2.00,47.00,19.00,12897051,338
495.00,1568006320,9133.92,51.46009779,7.41888866,150.54,21.92,0.66,326.55,1,-89.00,-10.00,11.00,2.00,47.00,19.00,12897051,338
496.00,1568006321,9155.90,51.46026285,7.41871422,150.32,22.42,0.50,326.19,1,-84.00,-9.00,16.00,14.00,49.00,22.00,12897051,338
497.00,1568006322,9178.28,51.46042452,7.41852736,149.84,22.26,-0.16,325.23,1,-84.00,-9.00,16.00,14.00,49.00,22.00,12897051,338
498.00,1568006323,9200.51,51.46058744,7.41833810,149.35,22.23,-0.03,325.60,1,-84.00,-8.00,12.00,11.00,51.00,22.00,12897051,338
499.00,1568006324,9222.76,51.46074653,7.41814117,148.83,22.43,0.20,323.92,1,-84.00,-8.00,12.00,11.00,51.00,22.00,12897051,338
500.00,1568006325,9245.16,51.46090695,7.41794817,148.63,22.70,0.27,322.83,1,-81.00,-6.00,5.00,6.00,48.00,7.00,13806105,69
501.00,1568006326,9267.84,51.46107304,7.41774868,148.78,23.70,1.00,322.48,1,-81.00,-6.00,5.00,6.00,48.00,7.00,13806105,69
502.00,1568006327,9291.56,51.46124828,7.41753501,148.83,24.37,0.67,321.94,1,-82.00,-7.00,8.00,6.00,47.00,7.00,13806105,69
503.00,1568006328,9315.91,51.46142098,7.41731708,149.12,24.99,0.61,321.33,1,-82.00,-7.00,8.00,6.00,47.00,7.00,13806105,69
504.00,1568006329,9340.90,51.46158972,7.41710568,149.06,25.49,0.50,320.54,1,-82.00,-7.00,15.00,15.00,50.00,7.00,13806105,69
505.00,1568006330,9366.41,51.46176461,7.41687081,148.86,26.19,0.70,319.67,1,-82.00,-7.00,15.00,15.00,50.00,7.00,13806105,69
506.00,1568006331,9392.60,51.46194188,7.41662839,149.02,26.69,0.50,319.14,1,-87.00,-7.00,6.00,14.00,45.00,7.00,13806105,69
507.00,1568006332,9419.26,51.46211870,7.41637504,149.39,27.11,0.42,318.17,1,-87.00,-7.00,6.00,14.00,45.00,7.00,13806105,69
508.00,1568006333,9446.56,51.46230320,7.41609721,149.29,27.91,0.80,317.44,1,-87.00,-7.00,1.00,5.00,45.00,7.00,13806105,69
509.00,1568006334,9474.30,51.46248857,7.41582244,149.18,28.48,0.58,316.69,1,-87.00,-7.00,1.00,5.00,45.00,7.00,13806105,69
510.00,1568006335,9502.78,51.46267123,7.41553472,148.91,28.81,0.33,316.24,1,-87.00,-7.00,1.00,5.00,45.00,7.00,13806105,69
511.00,1568006336,9531.57,51.46285255,7.41523556,148.57,29.36,0.55,315.00,1,-81.00,-8.00,7.00,2.00,54.00,7.00,13806105,69
512.00,1568006337,9560.93,51.46304414,7.41492368,147.80,29.91,0.55,314.21,1,-81.00,-8.00,7.00,2.00,54.00,7.00,13806105,69
513.00,1568006338,9590.83,51.46322999,7.41460559,147.13,30.03,0.12,313.27,1,-81.00,-8.00,6.00,2.00,53.00,7.00,13806105,69
514.00,1568006339,9620.86,51.46341825,7.41428876,146.42,30.76,0.74,312.90,1,-81.00,-8.00,6.00,2.00,53.00,7.00,13806105,69
515.00,1568006340,9651.66,51.46360024,7.41395990,146.30,31.22,0.45,311.75,1,-84.00,-7.00,6.00,2.00,48.00,7.00,13806105,69
516.00,1568006341,9682.88,51.46378444,7.41363045,146.21,31.61,0.39,311.11,1,-84.00,-7.00,6.00,2.00,48.00,7.00,13806105,69
517.00,1568006342,9714.39,51.46397014,7.41329211,146.05,32.01,0.40,310.56,1,-87.00,-8.00,14.00,2.00,45.00,7.00,13806105,69
518.00,1568006343,9746.53,51.46416601,7.41292567,145.84,32.39,0.37,309.91,1,-87.00,-8.00,14.00,2.00,45.00,7.00,13806105,69
519.00,1568006344,9778.86,51.46435581,7.41255584,145.91,32.68,0.29,309.47,1,-89.00,-7.00,9.00,2.00,43.00,7.00,13806105,69
520.00,1568006345,9811.47,51.46454837,7.41218231,146.31,33.09,0.41,309.02,1,-89.00,-7.00,9.00,2.00,43.00,7.00,13806105,69
521.00,1568006346,9844.66,51.46473923,7.41180705,147.10,33.36,0.26,308.56,1,-94.00,-8.00,-3.00,2.00,39.00,7.00,13806105,69
522.00,1568006347,9878.06,51.46491999,7.41143497,147.74,33.15,-0.21,308.32,1,-94.00,-8.00,-3.00,2.00,39.00,7.00,13806105,69
523.00,1568006348,9911.24,51.46510464,7.41106277,148.22,33.28,0.13,308.14,1,-97.00,-10.00,-3.00,2.00,36.00,7.00,13806105,69
524.00,1568006349,9944.52,51.46528960,7.41068966,148.58,33.64,0.36,308.32,1,-97.00,-10.00,-3.00,2.00,36.00,7.00,13806105,69
525.00,1568006350,9978.03,51.46547818,7.41030847,149.01,34.05,0.41,308.15,1,-101.00,-12.00,-8.00,2.00,35.00,7.00,13806105,69
526.00,1568006351,10012.21,51.46566999,7.40991966,149.40,34.58,0.53,307.94,1,-101.00,-12.00,-8.00,2.00,35.00,7.00,13806105,69
527.00,1568006352,10046.75,51.46586228,7.40952806,149.63,34.86,0.29,307.82,1,-103.00,-15.00,-12.00,2.00,36.00,7.00,12896795,376
528.00,1568006353,10081.65,51.46605534,7.40913245,150.05,35.35,0.49,308.05,1,-103.00,-15.00,-12.00,2.00,36.00,7.00,12896795,376
529.01,1568006354,10117.32,51.46625286,7.40873464,150.27,35.76,0.41,308.34,1,-105.00,-17.00,4.00,2.00,37.00,7.00,13884443,206
530.00,1568006355,10152.76,51.46645495,7.40831954,150.85,36.11,0.35,308.36,1,-105.00,-17.00,4.00,2.00,37.00,7.00,13884443,206
531.00,1568006356,10188.83,51.46665998,7.40790928,150.93,36.53,0.42,308.52,1,-105.00,-17.00,4.00,2.00,37.00,7.00,13884443,206
532.00,1568006357,10225.25,51.46686746,7.40749437,150.95,36.73,0.20,308.99,1,-101.00,-15.00,-6.00,2.00,39.00,7.00,13884443,206
533.00,1568006358,10262.12,51.46707940,7.40707967,151.41,37.10,0.38,309.49,1,-101.00,-15.00,-6.00,2.00,39.00,7.00,13884443,206
534.00,1568006359,10299.23,51.46728760,7.40667189,151.73,37.34,0.23,309.89,1,-98.00,-12.00,0.00,2.00,40.00,7.00,12962329,459
535.00,1568006360,10336.57,51.46750452,7.40626763,152.09,37.56,0.22,310.68,1,-98.00,-12.00,0.00,2.00,40.00,7.00,12962329,459
536.00,1568006361,10374.09,51.46773033,7.40586575,152.35,37.07,-0.49,312.25,1,-96.00,-9.00,-5.00,2.00,39.00,7.00,12962329,459
537.00,1568006362,10411.01,51.46795590,7.40547243,152.62,36.82,-0.25,312.49,1,-96.00,-9.00,-5.00,2.00,39.00,7.00,12962329,459
538.00,1568006363,10447.98,51.46818253,7.40507533,152.85,36.57,-0.25,312.56,1,-96.00,-12.00,-4.00,2.00,41.00,7.00,12962329,459
539.00,1568006364,10484.52,51.46840492,7.40468433,153.30,36.31,-0.26,312.63,1,-96.00,-12.00,-4.00,2.00,41.00,7.00,12962329,459
540.00,1568006365,10520.87,51.46862373,7.40430076,153.95,35.95,-0.36,312.83,1,-98.00,-13.00,-2.00,2.00,40.00,7.00,12962329,459
541.00,1568006366,10556.82,51.46883894,7.40392224,154.45,35.87,-0.08,312.99,1,-98.00,-13.00,-2.00,2.00,40.00,7.00,12962329,459
542.00,1568006367,10592.66,51.46905868,7.40353684,154.49,35.93,0.06,312.66,1,-95.00,-8.00,1.00,2.00,38.00,7.00,14301723,146
543.00,1568006368,10628.59,51.46927518,7.40317430,154.77,35.70,-0.24,313.32,1,-95.00,-8.00,1.00,2.00,38.00,7.00,14301723,146
544.00,1568006369,10664.44,51.46949598,7.40280271,154.75,35.77,0.07,314.02,1,-94.00,-8.00,0.00,2.00,38.00,51.00,14301723,146
545.00,1568006370,10700.06,51.46972149,7.40243917,154.68,35.55,-0.23,314.62,1,-94.00,-8.00,0.00,2.00,38.00,51.00,14301723,146
546.00,1568006371,10735.65,51.46994789,7.40206985,154.75,35.20,-0.35,314.89,1,-94.00,-7.00,1.00,7.00,37.00,51.00,14301723,146
547.00,1568006372,10770.84,51.47017131,7.40170267,154.77,34.98,-0.22,315.41,1,-94.00,-7.00,1.00,7.00,37.00,51.00,14301723,146
548.00,1568006373,10805.82,51.47039373,7.40133125,155.08,34.89,-0.09,315.43,1,-93.00,-5.00,9.00,11.00,36.00,51.00,14301723,146
549.00,1568006374,10840.68,51.47061519,7.40098423,155.04,34.14,-0.75,316.15,1,-93.00,-5.00,9.00,11.00,36.00,51.00,14301723,146
550.00,1568006375,10874.98,51.47083463,7.40064434,155.47,33.29,-0.84,316.44,1,-92.00,-4.00,10.00,12.00,35.00,51.00,14301723,146
551.00,1568006376,10908.11,51.47105200,7.40031147,156.01,32.96,-0.33,316.80,1,-92.00,-4.00,10.00,12.00,35.00,51.00,14301723,146
552.00,1568006377,10941.10,51.47127065,7.39999149,156.36,32.63,-0.33,317.37,1,-92.00,-4.00,10.00,12.00,35.00,51.00,14301723,146
553.00,1568006378,10973.73,51.47148296,7.39968098,156.66,32.29,-0.34,317.69,1,-89.00,-4.00,16.00,15.00,39.00,51.00,14301723,146
554.00,1568006379,11006.02,51.47169330,7.39936398,157.00,32.06,-0.23,318.10,1,-89.00,-4.00,16.00,15.00,39.00,51.00,14301723,146
555.00,1568006380,11038.05,51.47190787,7.39905211,157.37,31.75,-0.31,318.56,1,-86.00,-4.00,16.00,15.00,40.00,51.00,14301723,146
556.00,1568006381,11069.86,51.47211790,7.39874944,158.10,31.02,-0.72,318.74,1,-86.00,-4.00,16.00,15.00,40.00,51.00,14301723,146
557.00,1568006382,11100.82,51.47232370,7.39845516,158.94,30.44,-0.58,318.92,1,-88.00,-4.00,18.00,14.00,39.00,51.00,14301723,146
558.00,1568006383,11131.18,51.47252797,7.39816717,159.59,29.53,-0.92,319.42,1,-88.00,-4.00,18.00,14.00,39.00,51.00,14301723,146
559.00,1568006384,11160.79,51.47272954,7.39788487,160.33,29.59,0.06,319.48,1,-89.00,-5.00,15.00,13.00,38.00,51.00,14301723,146
560.00,1568006385,11190.39,51.47293319,7.39761486,161.08,29.41,-0.19,319.72,1,-89.00,-5.00,15.00,13.00,38.00,51.00,14301723,146
561.00,1568006386,11219.83,51.47313969,7.39734246,161.98,29.15,-0.26,320.36,1,-92.00,-5.00,13.00,12.00,34.00,51.00,14301723,146
562.00,1568006387,11248.98,51.47333579,7.39707558,163.09,29.01,-0.15,320.43,1,-92.00,-5.00,13.00,12.00,34.00,51.00,14301723,146
563.00,1568006388,11277.99,51.47354347,7.39681476,163.45,28.49,-0.52,321.19,1,-97.00,-5.00,10.00,11.00,30.00,51.00,14301723,146
564.00,1568006389,11306.48,51.47374686,7.39656194,164.12,28.26,-0.23,321.80,1,-97.00,-5.00,10.00,11.00,30.00,51.00,14301723,146
565.00,1568006390,11334.74,51.47394979,7.39630713,164.95,28.00,-0.26,322.02,1,-95.00,-5.00,4.00,12.00,33.00,51.00,14301723,146
566.00,1568006391,11362.74,51.47415375,7.39606251,165.39,27.54,-0.47,322.79,1,-95.00,-5.00,4.00,12.00,33.00,51.00,14301723,146
567.00,1568006392,11390.31,51.47435096,7.39581970,165.54,26.89,-0.65,323.45,1,-105.00,-8.00,7.00,8.00,28.00,51.00,14301723,146
568.00,1568006393,11417.15,51.47454806,7.39558632,165.64,26.34,-0.55,324.09,1,-105.00,-8.00,7.00,8.00,28.00,51.00,14301723,146
569.00,1568006394,11443.38,51.47473717,7.39536272,165.97,26.06,-0.28,324.89,1,-112.00,-12.00,-6.00,2.00,28.00,51.00,14301723,146
570.00,1568006395,11469.50,51.47493111,7.39515396,165.80,25.29,-0.77,325.99,1,-112.00,-12.00,-6.00,2.00,28.00,51.00,14301723,146
571.01,1568006396,11495.09,51.47512140,7.39497001,166.01,24.69,-0.59,328.40,1,-106.00,-8.00,-3.00,6.00,27.00,30.00,12962329,459
572.00,1568006397,11519.56,51.47531005,7.39479691,166.42,24.39,-0.30,329.44,1,-106.00,-8.00,-3.00,6.00,27.00,30.00,12962329,459
573.00,1568006398,11543.95,51.47549759,7.39462814,166.60,24.01,-0.39,329.87,1,-106.00,-8.00,-3.00,6.00,27.00,30.00,12962329,459
574.00,1568006399,11567.96,51.47567549,7.39445890,166.57,23.49,-0.52,328.17,1,-106.00,-9.00,-2.00,6.00,27.00,30.00,12962329,459
575.00,1568006400,11591.42,51.47586304,7.39429152,166.51,23.38,-0.10,330.30,1,-106.00,-9.00,-2.00,6.00,27.00,30.00,12962329,459
576.00,1568006401,11614.71,51.47604976,7.39412652,167.02,23.63,0.24,331.23,1,-100.00,-7.00,3.00,6.00,30.00,12.00,13884187,57
577.00,1568006402,11638.41,51.47623629,7.39397188,167.36,23.46,-0.16,331.52,1,-100.00,-7.00,3.00,6.00,30.00,12.00,13884187,57
578.00,1568006403,11661.92,51.47641462,7.39382245,168.24,23.19,-0.27,332.19,1,-103.00,-8.00,0.00,7.00,30.00,12.00,13884187,57
579.00,1568006404,11685.11,51.47659282,7.39368877,169.71,22.65,-0.54,333.67,1,-103.00,-8.00,0.00,7.00,30.00,12.00,13884187,57
580.00,1568006405,11707.79,51.47676958,7.39355706,171.12,22.39,-0.26,334.59,1,-106.00,-9.00,1.00,8.00,28.00,12.00,13884187,57
581.00,1568006406,11730.18,51.47695105,7.39343224,172.36,22.26,-0.13,336.15,1,-106.00,-9.00,1.00,8.00,28.00,12.00,13884187,57
582.00,1568006407,11752.44,51.47713707,7.39330355,173.48,22.06,-0.20,337.17,1,-106.00,-9.00,4.00,9.00,26.00,32.00,12962329,459
583.00,1568006408,11774.48,51.47732445,7.39319374,174.25,21.41,-0.66,341.43,1,-106.00,-9.00,4.00,9.00,26.00,32.00,12962329,459
584.00,1568006409,11795.88,51.47751965,7.39309880,174.94,20.83,-0.58,344.04,1,-98.00,-8.00,6.00,13.00,32.00,32.00,12962329,459
585.00,1568006410,11816.69,51.47769989,7.39304452,175.95,19.65,-1.18,351.26,1,-98.00,-8.00,6.00,13.00,32.00,32.00,12962329,459
586.00,1568006411,11836.38,51.47786827,7.39303547,176.89,18.76,-0.89,358.61,1,-97.00,-8.00,8.00,9.00,35.00,32.00,12962329,459
587.00,1568006412,11855.10,51.47804000,7.39303135,177.59,18.65,-0.11,0.17,1,-97.00,-8.00,8.00,9.00,35.00,32.00,12962329,459
588.00,1568006413,11873.75,51.47819983,7.39304432,177.91,17.53,-1.11,3.80,1,-91.00,-9.00,13.00,11.00,43.00,32.00,12962329,459
589.00,1568006414,11891.21,51.47835879,7.39311756,177.80,17.20,-0.34,16.92,1,-91.00,-9.00,13.00,11.00,43.00,32.00,12962329,459
590.00,1568006415,11908.49,51.47850877,7.39319808,177.98,16.79,-0.41,18.56,1,-98.00,-10.00,6.00,2.00,40.00,32.00,12962329,459
591.00,1568006416,11925.26,51.47863726,7.39330026,177.79,16.45,-0.33,22.30,1,-98.00,-10.00,6.00,2.00,40.00,32.00,12962329,459
592.01,1568006417,11941.86,51.47876268,7.39341090,177.86,16.38,-0.07,25.63,1,-98.00,-11.00,-1.00,2.00,37.00,32.00,12962329,459
593.00,1568006418,11958.05,51.47887952,7.39353645,178.12,16.23,-0.15,28.79,1,-98.00,-11.00,-1.00,2.00,37.00,32.00,12962329,459
594.00,1568006419,11974.33,51.47900549,7.39367749,178.18,15.87,-0.36,30.54,1,-98.00,-11.00,-1.00,2.00,37.00,32.00,12962329,459
595.00,1568006420,11990.23,51.47913097,7.39379192,178.44,14.12,-1.75,26.76,1,-107.00,-15.00,-7.00,2.00,33.00,32.00,12962329,459
596.00,1568006421,12004.33,51.47925349,7.39382617,178.77,13.01,-1.12,5.95,1,-107.00,-15.00,-7.00,2.00,33.00,32.00,12962329,459
597.00,1568006422,12017.32,51.47936773,7.39380911,178.64,13.30,0.29,352.50,1,-102.00,-8.00,7.00,2.00,31.00,32.00,13884187,57
598.00,1568006423,12030.62,51.47948556,7.39377821,178.42,13.07,-0.23,349.20,1,-102.00,-8.00,7.00,2.00,31.00,32.00,13884187,57
599.00,1568006424,12043.65,51.47960386,7.39370927,178.09,13.19,0.12,336.20,1,-99.00,-6.00,13.00,2.00,33.00,10.00,13884187,57
600.00,1568006425,12056.88,51.47970293,7.39364494,178.07,12.41,-0.77,335.87,1,-99.00,-6.00,13.00,2.00,33.00,10.00,13884187,57
601.00,1568006426,12069.27,51.47978748,7.39358481,178.32,12.25,-0.16,335.31,1,-91.00,-9.00,13.00,11.00,47.00,10.00,13884187,57
602.00,1568006427,12081.54,51.47987725,7.39351650,178.54,11.67,-0.58,335.85,1,-91.00,-9.00,13.00,11.00,47.00,10.00,13884187,57
603.00,1568006428,12093.22,51.47997596,7.39345228,179.48,11.29,-0.37,338.30,1,-90.00,-6.00,10.00,9.00,42.00,10.00,13884187,57
604.00,1568006429,12104.52,51.48006899,7.39343665,180.59,10.42,-0.87,355.07,1,-90.00,-6.00,10.00,9.00,42.00,10.00,13884187,57
605.00,1568006430,12114.94,51.48015953,7.39343279,181.35,9.90,-0.52,358.54,1,-92.00,-5.00,13.00,15.00,39.00,10.00,13884187,57
606.00,1568006431,12124.83,51.48023064,7.39348957,182.60,8.96,-0.94,29.55,1,-92.00,-5.00,13.00,15.00,39.00,10.00,13884187,57
607.00,1568006432,12133.80,51.48028026,7.39357207,183.56,9.11,0.15,46.29,1,-97.00,-7.00,6.00,10.00,35.00,10.00,13884187,57
608.00,1568006433,12142.90,51.48031812,7.39367830,184.13,9.82,0.71,60.67,1,-97.00,-7.00,6.00,10.00,35.00,10.00,13884187,57
609.00,1568006434,12152.74,51.48036791,7.39380706,184.20,10.76,0.94,60.18,1,-95.00,-6.00,17.00,11.00,36.00,10.00,13884187,57
610.00,1568006435,12163.50,51.48042953,7.39396830,183.91,11.74,0.98,60.02,1,-95.00,-6.00,17.00,11.00,36.00,10.00,13884187,57
611.00,1568006436,12175.24,51.48049837,7.39413561,183.50,12.48,0.74,59.20,1,-91.00,-6.00,19.00,9.00,42.00,10.00,13884187,57
612.00,1568006437,12187.72,51.48056273,7.39430158,183.05,12.97,0.49,59.21,1,-91.00,-6.00,19.00,9.00,42.00,10.00,13884187,57
613.01,1568006438,12200.81,51.48062609,7.39446632,182.50,13.64,0.66,59.89,1,-90.00,-8.00,9.00,11.00,43.00,10.00,13884187,57
614.00,1568006439,12214.32,51.48068549,7.39462475,181.96,14.28,0.64,60.06,1,-90.00,-8.00,9.00,11.00,43.00,10.00,13884187,57
615.00,1568006440,12228.54,51.48073288,7.39477802,181.92,14.46,0.18,60.28,1,-90.00,-8.00,9.00,11.00,43.00,10.00,13884187,57
616.00,1568006441,12243.01,51.48079174,7.39495784,182.08,14.59,0.14,60.41,1,-90.00,-8.00,16.00,15.00,43.00,10.00,13884187,57
617.00,1568006442,12257.60,51.48085480,7.39514310,182.25,14.65,0.06,60.11,1,-90.00,-8.00,16.00,15.00,43.00,10.00,13884187,57
618.03,1568006443,12272.74,51.48092897,7.39533992,182.17,14.31,-0.33,59.77,1,-83.00,-6.00,15.00,12.00,48.00,10.00,13884187,57
619.00,1568006444,12286.62,51.48099148,7.39551072,182.02,13.92,-0.40,60.16,1,-83.00,-6.00,15.00,12.00,48.00,10.00,13884187,57
620.00,1568006445,12300.55,51.48105181,7.39567782,181.97,13.58,-0.34,60.33,1,-93.00,-8.00,21.00,9.00,40.00,10.00,13884187,57
621.00,1568006446,12314.11,51.48110802,7.39584399,182.11,12.96,-0.61,61.54,1,-93.00,-8.00,21.00,9.00,40.00,10.00,13884187,57
622.00,1568006447,12327.09,51.48116472,7.39600768,182.05,12.89,-0.08,61.12,1,-93.00,-7.00,5.00,7.00,39.00,10.00,13884187,57
623.00,1568006448,12339.96,51.48121885,7.39615972,182.08,12.75,-0.13,60.42,1,-93.00,-7.00,5.00,7.00,39.00,10.00,13884187,57
624.00,1568006449,12352.72,51.48127421,7.39631882,181.86,12.77,0.01,60.03,1,-91.00,-7.00,1.00,10.00,43.00,10.00,13884187,57
625.00,1568006450,12365.48,51.48133185,7.39647771,181.88,12.37,-0.40,59.32,1,-91.00,-7.00,1.00,10.00,43.00,10.00,13884187,57
626.00,1568006451,12377.85,51.48138751,7.39663299,181.73,11.97,-0.40,59.81,1,-96.00,-8.00,4.00,5.00,37.00,40.00,12962329,57
627.00,1568006452,12389.82,51.48143903,7.39677477,181.58,11.60,-0.36,59.39,1,-96.00,-8.00,4.00,5.00,37.00,40.00,12962329,57
628.00,1568006453,12401.37,51.48143903,7.39677477,181.58,11.60,0.00,59.39,1,-103.00,-11.00,-1.00,7.00,32.00,7.00,13884187,459
629.00,1568006454,12413.00,51.48154733,7.39705989,181.51,10.99,-0.61,57.91,1,-103.00,-11.00,-1.00,7.00,32.00,7.00,13884187,459
630.00,1568006455,12424.03,51.48160322,7.39721000,181.72,11.06,0.07,57.33,1,-106.00,-10.00,1.00,7.00,30.00,7.00,13884187,57
631.00,1568006456,12435.08,51.48166239,7.39735834,181.99,11.40,0.34,56.34,1,-106.00,-10.00,1.00,7.00,30.00,7.00,13884187,57
632.00,1568006457,12446.49,51.48171722,7.39749332,182.36,11.03,-0.37,55.61,1,-102.00,-9.00,-1.00,7.00,32.00,7.00,13884187,57
633.00,1568006458,12457.51,51.48177391,7.39761903,182.64,10.32,-0.71,54.75,1,-102.00,-9.00,-1.00,7.00,32.00,7.00,13884187,57
634.01,1568006459,12467.92,51.48182539,7.39773283,183.60,9.33,-0.98,54.35,1,-103.00,-10.00,6.00,5.00,30.00,7.00,13884187,57
635.00,1568006460,12477.16,51.48187523,7.39783325,184.54,7.91,-1.43,53.74,1,-103.00,-10.00,6.00,5.00,30.00,7.00,13884187,57
636.00,1568006461,12485.08,51.48191035,7.39790572,185.49,6.64,-1.28,53.39,1,-103.00,-10.00,6.00,5.00,30.00,7.00,13884187,57
637.00,1568006462,12491.70,51.48194342,7.39796844,186.46,4.99,-1.65,52.20,1,-99.00,-9.00,16.00,7.00,35.00,7.00,13884187,57
638.00,1568006463,12496.71,51.48196793,7.39800547,186.50,3.05,-1.94,51.36,1,-99.00,-9.00,16.00,7.00,35.00,7.00,13884187,57
639.00,1568006464,12499.75,51.48198825,7.39803132,186.52,1.49,-1.56,50.98,1,-100.00,-9.00,4.00,2.00,40.00,7.00,13884187,57
640.00,1568006465,12501.23,51.48200146,7.39804358,186.51,1.09,-0.40,50.98,1,-100.00,-9.00,4.00,2.00,40.00,7.00,13884187,57
641.00,1568006466,12502.32,51.48202129,7.39807189,186.51,1.75,0.66,52.30,1,-98.00,-7.00,6.00,2.00,35.00,7.00,13884187,57
642.00,1568006467,12504.08,51.48205280,7.39813547,186.54,4.92,3.17,51.74,1,-98.00,-7.00,6.00,2.00,35.00,7.00,13884187,57
643.00,1568006468,12509.00,51.48208598,7.39819942,186.76,6.33,1.41,50.79,1,-99.00,-8.00,8.00,12.00,34.00,6.00,13884187,57
644.00,1568006469,12515.34,51.48212387,7.39826949,187.17,6.98,0.65,49.66,1,-99.00,-8.00,8.00,12.00,34.00,6.00,13884187,57
645.00,1568006470,12522.32,51.48216395,7.39834210,187.82,7.92,0.94,48.61,1,-93.00,-7.00,7.00,9.00,40.00,6.00,13884187,57
646.00,1568006471,12530.23,51.48221455,7.39841888,188.60,8.43,0.51,47.60,1,-93.00,-7.00,7.00,9.00,40.00,6.00,13884187,57
647.00,1568006472,12538.66,51.48226987,7.39849507,189.53,9.05,0.61,45.99,1,-92.00,-10.00,-1.00,7.00,43.00,6.00,13884187,57
648.00,1568006473,12547.67,51.48232929,7.39857858,189.93,9.69,0.65,44.59,1,-92.00,-10.00,-1.00,7.00,43.00,6.00,13884187,57
649.00,1568006474,12557.38,51.48239579,7.39866679,189.93,9.42,-0.27,42.95,1,-102.00,-10.00,1.00,5.00,34.00,6.00,13884187,57
650.00,1568006475,12566.82,51.48245983,7.39875041,189.51,9.68,0.26,41.64,1,-102.00,-10.00,1.00,5.00,34.00,6.00,13884187,57
651.00,1568006476,12576.49,51.48252512,7.39883311,188.84,9.65,-0.02,40.52,1,-103.00,-12.00,-3.00,7.00,34.00,6.00,13884187,57
652.00,1568006477,12586.16,51.48259105,7.39891501,188.11,9.93,0.28,39.29,1,-103.00,-12.00,-3.00,7.00,34.00,6.00,13884187,57
653.00,1568006478,12596.08,51.48266613,7.39900033,187.45,9.82,-0.11,37.88,1,-98.00,-10.00,0.00,6.00,37.00,5.00,13884186,59
654.00,1568006479,12605.90,51.48274647,7.39908648,187.12,10.13,0.31,36.08,1,-98.00,-10.00,0.00,6.00,37.00,5.00,13884186,59
655.00,1568006480,12616.08,51.48282924,7.39917221,186.85,10.89,0.76,34.60,1,-98.00,-9.00,-1.00,6.00,37.00,5.00,13884186,59
656.00,1568006481,12626.90,51.48290897,7.39925951,186.74,11.30,0.41,34.01,1,-98.00,-9.00,-1.00,6.00,37.00,5.00,13884186,59
657.00,1568006482,12638.21,51.48299174,7.39934879,186.38,11.69,0.39,33.99,1,-98.00,-9.00,-1.00,6.00,37.00,5.00,13884186,59
658.00,1568006483,12649.89,51.48308228,7.39944505,185.98,11.68,-0.01,33.81,1,-93.00,-9.00,8.00,11.00,40.00,5.00,13884186,59
659.00,1568006484,12661.58,51.48318430,7.39954604,185.58,12.05,0.37,33.26,1,-93.00,-9.00,8.00,11.00,40.00,5.00,13884186,59
660.00,1568006485,12673.61,51.48328597,7.39964392,185.30,12.01,-0.03,33.44,1,-92.00,-7.00,7.00,8.00,39.00,5.00,13884186,59
661.00,1568006486,12685.64,51.48338325,7.39973858,185.07,12.31,0.30,33.99,1,-92.00,-7.00,7.00,8.00,39.00,5.00,13884186,59
662.00,1568006487,12697.94,51.48347313,7.39982601,185.03,12.40,0.09,34.13,1,-92.00,-7.00,8.00,8.00,40.00,5.00,13884186,59
663.00,1568006488,12710.30,51.48355717,7.39991790,184.86,12.14,-0.26,35.05,1,-92.00,-7.00,8.00,8.00,40.00,5.00,13884186,59
664.00,1568006489,12722.49,51.48365072,7.40002090,184.60,11.91,-0.23,35.65,1,-101.00,-9.00,2.00,6.00,33.00,5.00,13884186,59
665.00,1568006490,12734.39,51.48373902,7.40011559,184.50,11.63,-0.28,35.85,1,-101.00,-9.00,2.00,6.00,33.00,5.00,13884186,59
666.00,1568006491,12745.97,51.48381692,7.40020899,184.37,11.38,-0.26,36.83,1,-92.00,-7.00,13.00,10.00,38.00,5.00,13884186,59
667.00,1568006492,12757.35,51.48389377,7.40030153,184.53,11.15,-0.23,37.45,1,-92.00,-7.00,13.00,10.00,38.00,5.00,13884186,59
668.00,1568006493,12768.52,51.48396713,7.40039798,184.73,11.20,0.05,38.03,1,-98.00,-13.00,4.00,7.00,41.00,5.00,13884186,59
669.01,1568006494,12779.84,51.48404520,7.40049654,185.11,11.69,0.49,38.33,1,-98.00,-13.00,4.00,7.00,41.00,5.00,13884186,59
670.00,1568006495,12791.42,51.48413243,7.40060690,184.90,11.65,-0.04,38.52,1,-101.00,-10.00,4.00,7.00,34.00,5.00,13884186,59
671.00,1568006496,12803.04,51.48421636,7.40071320,184.96,11.40,-0.25,39.09,1,-101.00,-10.00,4.00,7.00,34.00,5.00,13884186,59
672.00,1568006497,12814.49,51.48429873,7.40082563,184.85,11.45,0.04,40.24,1,-101.00,-8.00,7.00,2.00,37.00,5.00,13884186,59
673.00,1568006498,12825.92,51.48437516,7.40093148,184.87,11.38,-0.07,40.73,1,-101.00,-8.00,7.00,2.00,37.00,5.00,13884186,59
674.00,1568006499,12837.30,51.48444737,7.40103578,184.79,10.79,-0.59,42.12,1,-99.00,-8.00,9.00,2.00,34.00,5.00,13884186,59
675.00,1568006500,12848.09,51.48451619,7.40113452,184.59,9.97,-0.83,42.56,1,-99.00,-8.00,9.00,2.00,34.00,5.00,13884186,59
676.01,1568006501,12858.14,51.48458546,7.40123508,184.29,9.46,-0.51,42.15,1,-99.00,-8.00,4.00,2.00,33.00,5.00,13884186,59
677.00,1568006502,12867.51,51.48464439,7.40132803,184.27,9.17,-0.29,42.59,1,-99.00,-8.00,4.00,2.00,33.00,5.00,13884186,59
678.00,1568006503,12876.69,51.48470251,7.40142251,184.28,8.92,-0.25,43.03,1,-99.00,-8.00,4.00,2.00,33.00,5.00,13884186,59
679.00,1568006504,12885.61,51.48475713,7.40151626,184.26,8.94,0.02,43.99,1,-100.00,-8.00,10.00,2.00,33.00,5.00,13884186,59
680.00,1568006505,12894.55,51.48481841,7.40161813,184.45,9.68,0.74,44.45,1,-100.00,-8.00,10.00,2.00,33.00,5.00,13884186,59
681.00,1568006506,12904.21,51.48488003,7.40171853,184.62,10.49,0.82,44.65,1,-100.00,-8.00,1.00,2.00,34.00,5.00,13884186,59
682.00,1568006507,12914.72,51.48494573,7.40182844,185.05,11.19,0.70,45.20,1,-100.00,-8.00,1.00,2.00,34.00,5.00,13884186,59
683.00,1568006508,12925.91,51.48501943,7.40194350,185.42,11.59,0.39,45.55,1,-101.00,-9.00,4.00,2.00,34.00,5.00,13884186,59
684.00,1568006509,12937.50,51.48509874,7.40207161,185.82,12.18,0.60,46.21,1,-101.00,-9.00,4.00,2.00,34.00,5.00,13884186,59
685.00,1568006510,12949.65,51.48518009,7.40220577,186.03,12.45,0.26,46.83,1,-100.00,-9.00,11.00,2.00,35.00,5.00,13884186,59
686.00,1568006511,12962.13,51.48526019,7.40234104,186.10,12.86,0.41,47.45,1,-100.00,-9.00,11.00,2.00,35.00,5.00,13884186,59
687.00,1568006512,12974.97,51.48534120,7.40248476,185.99,13.14,0.28,47.82,1,-96.00,-12.00,8.00,12.00,41.00,5.00,13884186,59
688.00,1568006513,12988.12,51.48542125,7.40263210,186.06,13.02,-0.12,48.46,1,-96.00,-12.00,8.00,12.00,41.00,5.00,13884186,59
689.00,1568006514,13001.14,51.48549985,7.40277573,186.21,12.85,-0.17,49.07,1,-97.00,-9.00,14.00,11.00,38.00,5.00,13884186,59
690.00,1568006515,13013.99,51.48557852,7.40292976,186.44,12.78,-0.06,49.69,1,-97.00,-9.00,14.00,11.00,38.00,5.00,13884186,59
691.00,1568006516,13026.77,51.48565622,7.40307620,186.37,12.66,-0.13,50.55,1,-95.00,-6.00,10.00,7.00,38.00,5.00,13884186,59
692.00,1568006517,13039.44,51.48573066,7.40322375,186.28,12.89,0.23,51.16,1,-95.00,-6.00,10.00,7.00,38.00,5.00,13884186,59
693.00,1568006518,13052.32,51.48580439,7.40337386,185.79,13.42,0.54,51.88,1,-91.00,-6.00,14.00,15.00,40.00,5.00,13884186,59
694.00,1568006519,13065.73,51.48587524,7.40352245,185.38,13.37,-0.05,52.39,1,-91.00,-6.00,14.00,15.00,40.00,5.00,13884186,59
695.00,1568006520,13079.12,51.48594790,7.40368042,184.69,13.29,-0.08,53.36,1,-92.00,-7.00,10.00,12.00,42.00,5.00,13884186,59
696.00,1568006521,13092.42,51.48601610,7.40383206,184.72,13.16,-0.13,53.01,1,-92.00,-7.00,10.00,12.00,42.00,5.00,13884186,59
697.01,1568006522,13105.68,51.48608853,7.40399948,184.32,13.34,0.18,54.15,1,-90.00,-6.00,5.00,2.00,46.00,5.00,13884186,59
698.00,1568006523,13118.89,51.48615412,7.40415683,183.69,13.27,-0.07,55.13,1,-90.00,-6.00,5.00,2.00,46.00,5.00,13884186,59
699.00,1568006524,13132.12,51.48621438,7.40430504,182.89,13.31,0.04,55.70,1,-90.00,-6.00,5.00,2.00,46.00,5.00,13884186,59
700.00,1568006525,13145.49,51.48627604,7.40445364,182.43,13.26,-0.06,56.41,1,-93.00,-7.00,-1.00,2.00,40.00,5.00,13884186,59
701.00,1568006526,13158.75,51.48633823,7.40461052,182.02,13.08,-0.17,56.88,1,-93.00,-7.00,-1.00,2.00,40.00,5.00,13884186,59
702.00,1568006527,13171.86,51.48640179,7.40477499,181.81,13.52,0.43,56.55,1,-92.00,-10.00,6.00,2.00,44.00,5.00,13821978,171
703.00,1568006528,13185.36,51.48646538,7.40494204,181.35,14.06,0.55,57.51,1,-92.00,-10.00,6.00,2.00,44.00,5.00,13821978,171
704.00,1568006529,13199.42,51.48653407,7.40512865,180.99,14.56,0.50,58.33,1,-90.00,-8.00,7.00,2.00,44.00,5.00,13821978,171
705.00,1568006530,13213.99,51.48659692,7.40531403,181.00,15.04,0.47,58.67,1,-90.00,-8.00,7.00,2.00,44.00,5.00,13821978,171
706.00,1568006531,13229.03,51.48665808,7.40549757,181.25,15.37,0.34,60.01,1,-91.00,-9.00,8.00,2.00,43.00,5.00,13821978,171
707.00,1568006532,13244.41,51.48671266,7.40567946,181.85,15.25,-0.12,61.37,1,-91.00,-9.00,8.00,2.00,43.00,5.00,13821978,171
708.00,1568006533,13259.58,51.48676435,7.40586970,182.37,15.27,0.01,62.63,1,-87.00,-7.00,17.00,2.00,46.00,5.00,13821978,171
709.00,1568006534,13274.92,51.48681668,7.40607237,182.82,15.29,0.02,63.96,1,-87.00,-7.00,17.00,2.00,46.00,5.00,13821978,171
710.00,1568006535,13290.18,51.48687037,7.40628104,183.01,15.48,0.19,65.13,1,-83.00,-8.00,0.00,10.00,51.00,10.00,13821978,171
711.00,1568006536,13305.67,51.48692492,7.40649664,182.63,15.08,-0.39,66.17,1,-83.00,-8.00,0.00,10.00,51.00,10.00,13821978,171
712.00,1568006537,13320.76,51.48697721,7.40670536,182.09,15.01,-0.07,66.79,1,-80.00,-6.00,27.00,11.00,50.00,4.00,13828122,277
713.01,1568006538,13335.93,51.48702514,7.40692699,181.26,15.39,0.37,68.15,1,-80.00,-6.00,27.00,11.00,50.00,4.00,13828122,277
714.00,1568006539,13351.10,51.48707405,7.40715141,180.61,15.65,0.27,68.96,1,-81.00,-7.00,27.00,12.00,50.00,4.00,13828122,277
715.00,1568006540,13366.80,51.48711770,7.40736649,179.97,15.34,-0.31,69.99,1,-81.00,-7.00,27.00,12.00,50.00,4.00,13828122,277
716.00,1568006541,13382.12,51.48715652,7.40757375,178.99,15.20,-0.14,71.01,1,-73.00,-5.00,17.00,10.00,56.00,4.00,13828122,277
717.00,1568006542,13397.32,51.48719213,7.40777014,177.91,15.00,-0.20,71.94,1,-73.00,-5.00,17.00,10.00,56.00,4.00,13828122,277
718.00,1568006543,13412.34,51.48722629,7.40796928,177.22,13.86,-1.14,72.84,1,-67.00,-5.00,36.00,12.00,59.00,4.00,13828122,277
719.00,1568006544,13426.19,51.48726005,7.40817103,177.20,13.92,0.06,72.43,1,-67.00,-5.00,36.00,12.00,59.00,4.00,13828122,277
720.01,1568006545,13440.22,51.48728995,7.40835670,176.94,13.59,-0.33,74.24,1,-75.00,-5.00,30.00,15.00,56.00,4.00,13828122,277
721.00,1568006546,13453.70,51.48731579,7.40852836,175.88,13.45,-0.14,75.42,1,-75.00,-5.00,30.00,15.00,56.00,4.00,13828122,277
722.00,1568006547,13467.16,51.48734274,7.40871126,174.97,13.16,-0.28,76.29,1,-75.00,-5.00,30.00,15.00,56.00,4.00,13828122,277
723.00,1568006548,13480.31,51.48736582,7.40889395,174.39,12.87,-0.29,76.75,1,-72.00,-6.00,39.00,15.00,58.00,4.00,13828122,277
724.00,1568006549,13493.18,51.48739023,7.40907589,173.65,12.74,-0.13,77.52,1,-72.00,-6.00,39.00,15.00,58.00,4.00,13828122,277
725.00,1568006550,13505.93,51.48740786,7.40924445,172.49,12.50,-0.24,77.92,1,-72.00,-5.00,40.00,15.00,60.00,4.00,13828122,277
726.00,1568006551,13518.43,51.48742604,7.40941817,171.55,12.08,-0.43,78.15,1,-72.00,-5.00,40.00,15.00,60.00,4.00,13828122,277
727.00,1568006552,13530.48,51.48744340,7.40957837,171.07,11.59,-0.48,78.62,1,-76.00,-5.00,21.00,2.00,53.00,5.00,13828122,277
728.00,1568006553,13542.11,51.48746101,7.40972595,170.59,10.05,-1.54,76.51,1,-76.00,-5.00,21.00,2.00,53.00,5.00,13828122,277
729.00,1568006554,13552.16,51.48747954,7.40987051,170.17,9.17,-0.88,76.08,1,-85.00,-6.00,18.00,11.00,46.00,5.00,13828122,277
730.00,1568006555,13561.33,51.48749459,7.41000872,169.73,8.18,-1.00,78.04,1,-85.00,-6.00,18.00,11.00,46.00,5.00,13828122,277
731.00,1568006556,13569.51,51.48750361,7.41012514,169.04,7.27,-0.91,79.58,1,-88.00,-7.00,13.00,8.00,43.00,5.00,13828122,277
732.00,1568006557,13576.78,51.48751333,7.41022558,168.23,6.88,-0.38,80.22,1,-88.00,-7.00,13.00,8.00,43.00,5.00,13828122,277
733.00,1568006558,13583.66,51.48752239,7.41034742,167.09,6.49,-0.39,81.04,1,-89.00,-7.00,13.00,8.00,43.00,7.00,13821978,277
734.00,1568006559,13590.15,51.48752471,7.41043597,166.28,6.15,-0.34,82.38,1,-89.00,-7.00,13.00,8.00,43.00,7.00,13821978,277
735.00,1568006560,13596.30,51.48752882,7.41053316,165.80,5.90,-0.25,83.31,1,-87.00,-6.00,16.00,14.00,43.00,7.00,13821978,171
736.00,1568006561,13602.21,51.48753043,7.41062034,165.69,5.91,0.01,85.07,1,-87.00,-6.00,16.00,14.00,43.00,7.00,13821978,171
737.00,1568006562,13608.12,51.48753042,7.41071385,165.55,5.58,-0.33,85.52,1,-86.00,-6.00,13.00,11.00,45.00,7.00,13821978,171
738.00,1568006563,13613.69,51.48753049,7.41079723,165.59,5.76,0.18,84.08,1,-86.00,-6.00,13.00,11.00,45.00,7.00,13821978,171
739.00,1568006564,13619.45,51.48754919,7.41086047,165.65,6.47,0.71,61.60,1,-88.00,-8.00,6.00,12.00,46.00,7.00,13821978,171
740.00,1568006565,13625.92,51.48758341,7.41092545,165.67,6.37,-0.10,43.92,1,-88.00,-8.00,6.00,12.00,46.00,7.00,13821978,171
741.01,1568006566,13632.33,51.48762617,7.41096584,165.56,6.33,-0.04,23.08,1,-88.00,-6.00,15.00,14.00,43.00,7.00,13821978,171
742.00,1568006567,13638.60,51.48766916,7.41098461,165.83,6.01,-0.32,4.62,1,-88.00,-6.00,15.00,14.00,43.00,7.00,13821978,171
743.00,1568006568,13644.60,51.48771080,7.41098616,165.85,5.79,-0.23,349.99,1,-88.00,-6.00,15.00,14.00,43.00,7.00,13821978,171
744.00,1568006569,13650.40,51.48775223,7.41097823,165.86,5.94,0.16,350.32,1,-88.00,-6.00,13.00,2.00,49.00,7.00,13821978,171
745.00,1568006570,13656.35,51.48780675,7.41096314,165.81,7.03,1.08,350.57,1,-88.00,-6.00,13.00,2.00,49.00,7.00,13821978,171
746.00,1568006571,13663.38,51.48787071,7.41094362,166.14,7.94,0.91,350.78,1,-89.00,-8.00,16.00,2.00,44.00,7.00,13821978,171
747.00,1568006572,13671.33,51.48794256,7.41092715,166.65,8.76,0.82,351.24,1,-89.00,-8.00,16.00,2.00,44.00,7.00,13821978,171
748.00,1568006573,13680.05,51.48801761,7.41091122,167.35,8.49,-0.27,352.17,1,-89.00,-8.00,22.00,2.00,46.00,7.00,13821978,171
749.00,1568006574,13688.56,51.48809081,7.41089624,168.18,8.23,-0.26,351.54,1,-89.00,-8.00,22.00,2.00,46.00,7.00,13821978,171
750.00,1568006575,13696.80,51.48816785,7.41088050,168.99,8.20,-0.03,350.67,1,-88.00,-8.00,14.00,2.00,45.00,7.00,13821978,171
751.00,1568006576,13705.01,51.48824315,7.41086454,169.43,8.11,-0.09,351.26,1,-88.00,-8.00,14.00,2.00,45.00,7.00,13821978,171
752.00,1568006577,13713.11,51.48831575,7.41084747,169.90,7.95,-0.16,351.15,1,-87.00,-8.00,17.00,2.00,46.00,7.00,13821978,171
753.00,1568006578,13721.05,51.48838217,7.41083181,170.22,7.78,-0.17,350.82,1,-87.00,-8.00,17.00,2.00,46.00,7.00,13821978,171
754.00,1568006579,13728.81,51.48844942,7.41081567,170.44,7.56,-0.22,350.47,1,-85.00,-8.00,18.00,2.00,47.00,7.00,13821978,171
755.00,1568006580,13736.39,51.48851433,7.41079438,170.95,7.68,0.12,349.78,1,-85.00,-8.00,18.00,2.00,47.00,7.00,13821978,171
756.00,1568006581,13744.07,51.48857916,7.41077220,171.22,7.67,-0.01,349.63,1,-83.00,-6.00,17.00,2.00,47.00,7.00,13821978,171
757.00,1568006582,13751.74,51.48864661,7.41075067,171.29,8.23,0.56,349.14,1,-83.00,-6.00,17.00,2.00,47.00,7.00,13821978,171
758.00,1568006583,13759.97,51.48871759,7.41073280,171.37,9.00,0.77,348.81,1,-80.00,-7.00,19.00,2.00,49.00,5.00,13821978,171
759.00,1568006584,13768.97,51.48879603,7.41071131,171.53,9.85,0.85,348.32,1,-80.00,-7.00,19.00,2.00,49.00,5.00,13821978,171
760.00,1568006585,13778.82,51.48888255,7.41068657,171.49,10.63,0.78,347.77,1,-76.00,-12.00,8.00,9.00,61.00,5.00,13821978,171
761.00,1568006586,13789.45,51.48897775,7.41065392,171.29,11.76,1.13,346.90,1,-76.00,-12.00,8.00,9.00,61.00,5.00,13821978,171
762.01,1568006587,13801.30,51.48908669,7.41061437,170.51,12.87,1.10,346.14,1,-71.00,-8.00,20.00,15.00,61.00,5.00,13821978,171
763.00,1568006588,13814.07,51.48920856,7.41056417,169.83,13.50,0.63,345.76,1,-71.00,-8.00,20.00,15.00,61.00,5.00,13821978,171
764.00,1568006589,13827.59,51.48933538,7.41051015,169.29,13.40,-0.10,346.16,1,-71.00,-8.00,20.00,15.00,61.00,5.00,13821978,171
765.00,1568006590,13840.97,51.48945800,7.41045886,168.87,13.33,-0.07,345.80,1,-71.00,-5.00,25.00,15.00,58.00,5.00,13821978,171
766.00,1568006591,13854.30,51.48957667,7.41040957,168.36,12.72,-0.61,346.14,1,-71.00,-5.00,25.00,15.00,58.00,5.00,13821978,171
767.00,1568006592,13867.03,51.48968645,7.41036218,167.90,11.52,-1.20,346.60,1,-74.00,-5.00,25.00,15.00,53.00,5.00,13821978,171
768.00,1568006593,13878.54,51.48978180,7.41031830,167.18,10.38,-1.14,345.62,1,-74.00,-5.00,25.00,15.00,53.00,5.00,13821978,171
769.00,1568006594,13888.92,51.48986050,7.41028295,166.67,8.17,-2.21,346.38,1,-77.00,-5.00,15.00,13.00,52.00,5.00,13821978,171
769.99,1568006595,13897.05,51.48992106,7.41026391,166.33,5.73,-2.45,349.05,1,-77.00,-5.00,15.00,13.00,52.00,5.00,13821978,171
771.00,1568006596,13902.80,51.48996887,7.41025832,166.30,4.54,-1.18,352.55,1,-80.00,-7.00,8.00,10.00,53.00,5.00,13821978,171
772.00,1568006597,13907.33,51.49001998,7.41030915,166.92,5.17,0.63,37.67,1,-80.00,-7.00,8.00,10.00,53.00,5.00,13821978,171
773.00,1568006598,13912.52,51.49005158,7.41039247,167.44,6.45,1.28,66.95,1,-77.00,-6.00,12.00,14.00,55.00,5.00,13821978,171
774.00,1568006599,13918.97,51.49007981,7.41048992,167.63,7.38,0.93,66.50,1,-77.00,-6.00,12.00,14.00,55.00,5.00,13821978,171
775.00,1568006600,13926.35,51.49010614,7.41061234,167.36,8.83,1.45,67.02,1,-81.00,-7.00,4.00,12.00,52.00,5.00,13821978,171
776.00,1568006601,13935.17,51.49013314,7.41075105,166.98,10.33,1.51,69.25,1,-81.00,-7.00,4.00,12.00,52.00,5.00,13821978,171
777.00,1568006602,13945.52,51.49015649,7.41089923,166.62,10.77,0.43,71.33,1,-83.00,-8.00,10.00,12.00,48.00,5.00,13821978,171
778.00,1568006603,13956.29,51.49018229,7.41107072,166.39,11.45,0.68,73.76,1,-83.00,-8.00,10.00,12.00,48.00,5.00,13821978,171
779.00,1568006604,13967.70,51.49020583,7.41123030,166.32,11.43,-0.02,75.33,1,-80.00,-6.00,11.00,10.00,51.00,5.00,13821978,171
