0.01,1568177214,0.00,51.44949189,7.48842161,249.01,12.97,0.00,174.15,1,-97.00,-6.00,10.00,12.00,28.00,7.00,13415170,315
1.01,1568177215,12.92,51.44937854,7.48842806,249.30,12.98,0.01,176.29,1,-97.00,-6.00,10.00,12.00,28.00,7.00,13415170,315
2.01,1568177216,25.92,51.44927298,7.48843129,249.54,12.65,-0.33,178.47,1,-97.00,-6.00,10.00,12.00,28.00,7.00,13415170,315
3.01,1568177217,38.58,51.44916141,7.48843316,249.70,12.98,0.33,179.77,1,-98.00,-7.00,10.00,8.00,28.00,7.00,13415170,315
4.01,1568177218,51.54,51.44904333,7.48842397,249.90,13.17,0.19,181.26,1,-98.00,-7.00,10.00,8.00,28.00,7.00,13415170,315
5.01,1568177219,64.71,51.44893432,7.48840874,249.89,13.29,0.12,183.04,1,-102.00,-7.00,4.00,11.00,25.00,7.00,13415170,315
6.01,1568177220,78.00,51.44880244,7.48837813,250.00,14.07,0.78,186.13,1,-102.00,-7.00,4.00,11.00,25.00,7.00,13415170,315
7.01,1568177221,92.07,51.44866204,7.48833282,250.45,14.48,0.41,188.05,1,-101.00,-8.00,2.00,9.00,26.00,7.00,13415170,315
8.01,1568177222,106.55,51.44852786,7.48828026,251.07,14.58,0.11,190.10,1,-101.00,-8.00,2.00,9.00,26.00,7.00,13415170,315
9.01,1568177223,121.16,51.44839310,7.48822279,251.71,14.53,-0.05,191.72,1,-107.00,-11.00,-3.00,7.00,24.00,7.00,13415170,315
10.01,1568177224,135.68,51.44825602,7.48816271,252.25,15.48,0.95,192.53,1,-107.00,-11.00,-3.00,7.00,24.00,7.00,13415170,315
11.01,1568177225,151.18,51.44812567,7.48809509,252.68,16.04,0.56,192.81,1,-110.00,-16.00,-6.00,5.00,25.00,7.00,13415170,315
12.01,1568177226,167.21,51.44798281,7.48803572,253.17,15.37,-0.66,193.06,1,-110.00,-16.00,-6.00,5.00,25.00,7.00,13415170,315
13.01,1568177227,182.59,51.44784811,7.48798133,253.92,15.30,-0.07,192.10,1,-109.00,-13.00,-3.00,5.00,23.00,7.00,13415170,315
14.01,1568177228,197.89,51.44771737,7.48794065,254.91,14.62,-0.68,190.58,1,-109.00,-13.00,-3.00,5.00,23.00,7.00,13415170,315
15.01,1568177229,212.52,51.44745160,7.48842600,255.64,14.42,-0.20,188.46,1,-110.00,-14.00,-6.00,6.00,22.00,7.00,13415170,315
16.01,1568177230,226.94,51.44745623,7.48789050,256.33,14.60,0.18,185.23,1,-110.00,-14.00,-6.00,6.00,22.00,7.00,13415170,315
17.01,1568177231,241.55,51.44731677,7.48788421,256.97,15.77,1.16,181.96,1,-109.00,-15.00,1.00,7.00,24.00,7.00,13415170,315
18.01,1568177232,257.32,51.44717714,7.48789387,257.69,15.33,-0.44,179.02,1,-109.00,-15.00,1.00,7.00,24.00,7.00,13415170,315
19.01,1568177233,272.64,51.44704786,7.48792102,258.32,15.20,-0.13,175.66,1,-111.00,-14.00,-6.00,5.00,24.00,7.00,13415170,315
20.01,1568177234,287.82,51.44690820,7.48796493,259.26,15.11,-0.09,172.02,1,-111.00,-14.00,-6.00,5.00,24.00,7.00,13415170,315
21.02,1568177235,303.05,51.44677007,7.48801485,260.06,15.85,0.74,170.25,1,-110.00,-15.00,-2.00,7.00,24.00,7.00,13415170,315
22.01,1568177236,318.78,51.44662623,7.48807654,260.61,15.73,-0.13,167.55,1,-110.00,-15.00,-2.00,7.00,24.00,7.00,13415170,315
23.01,1568177237,334.52,51.44648041,7.48814724,261.00,15.97,0.25,166.40,1,-110.00,-15.00,-2.00,7.00,24.00,7.00,13415170,315
24.01,1568177238,350.51,51.44633872,7.48822521,261.38,15.98,0.01,164.93,1,-107.00,-10.00,4.00,7.00,22.00,7.00,13415170,315
25.01,1568177239,366.46,51.44621132,7.48831697,261.76,15.52,-0.46,161.20,1,-107.00,-10.00,4.00,7.00,22.00,7.00,13415170,315
26.01,1568177240,381.95,51.44609293,7.48846804,262.43,15.50,-0.02,144.96,1,-101.00,-7.00,12.00,8.00,24.00,7.00,13415170,315
27.01,1568177241,397.47,51.44597429,7.48862964,262.97,15.25,-0.26,143.50,1,-101.00,-7.00,12.00,8.00,24.00,7.00,13415170,315
28.01,1568177242,412.70,51.44586143,7.48879161,263.59,15.38,0.14,141.79,1,-105.00,-8.00,9.00,9.00,23.00,7.00,13415170,315
29.01,1568177243,428.08,51.44575301,7.48896340,264.13,15.66,0.28,139.22,1,-105.00,-8.00,9.00,9.00,23.00,7.00,13415170,315
30.01,1568177244,443.74,51.44565629,7.48913082,264.67,15.68,0.02,136.60,1,-107.00,-9.00,-1.00,4.00,22.00,7.00,13415170,315
31.01,1568177245,459.43,51.44556810,7.48931128,265.08,15.69,0.01,133.66,1,-107.00,-9.00,-1.00,4.00,22.00,7.00,13415170,315
32.01,1568177246,475.12,51.44548142,7.48948355,265.87,15.58,-0.11,132.57,1,-103.00,-8.00,2.00,8.00,23.00,7.00,13415170,315
33.01,1568177247,490.70,51.44539115,7.48966864,266.73,15.76,0.18,131.95,1,-103.00,-8.00,2.00,8.00,23.00,7.00,13415170,315
34.01,1568177248,506.47,51.44530981,7.48986001,267.68,15.72,-0.04,130.93,1,-103.00,-9.00,1.00,9.00,23.00,7.00,13415170,315
35.01,1568177249,522.17,51.44559310,7.49054340,278.30,16.07,0.35,129.69,1,-103.00,-9.00,1.00,9.00,23.00,7.00,13415170,315
36.01,1568177250,538.26,51.44513046,7.49025017,270.21,16.10,0.03,128.85,1,-108.00,-10.00,-1.00,7.00,22.00,7.00,13415170,315
37.01,1568177251,554.35,51.44504548,7.49043790,271.19,15.62,-0.47,128.69,1,-108.00,-10.00,-1.00,7.00,22.00,7.00,13415170,315
38.01,1568177252,569.99,51.44496547,7.49061825,271.65,15.05,-0.57,128.56,1,-108.00,-13.00,-5.00,2.00,32.00,7.00,13415170,315
39.01,1568177253,585.04,51.44488872,7.49079129,272.19,14.00,-1.05,128.18,1,-108.00,-13.00,-5.00,2.00,32.00,7.00,13415170,315
40.01,1568177254,599.07,51.44482145,7.49095093,272.47,13.24,-0.75,127.21,1,-110.00,-13.00,1.00,2.00,22.00,7.00,13417219,440
41.01,1568177255,612.31,51.44476108,7.49109903,272.73,12.03,-1.22,126.80,1,-110.00,-13.00,1.00,2.00,22.00,7.00,13417219,440
42.02,1568177256,624.39,51.44471756,7.49123135,272.61,10.87,-1.15,126.77,1,-114.00,-10.00,-3.00,2.00,9.00,80.00,13067273,288
43.01,1568177257,635.18,51.44467761,7.49134601,272.86,8.79,-2.09,126.07,1,-114.00,-10.00,-3.00,2.00,9.00,80.00,13067273,288
44.01,1568177258,643.97,51.44464523,7.49144072,272.96,6.77,-2.02,126.28,1,-114.00,-10.00,-3.00,2.00,9.00,80.00,13067273,288
45.01,1568177259,650.74,51.44461831,7.49151291,273.19,5.65,-1.13,127.20,1,-123.00,-13.00,-3.00,5.00,7.00,80.00,13067273,288
46.01,1568177260,656.38,51.44460423,7.49155130,273.25,2.88,-2.76,127.26,1,-123.00,-13.00,-3.00,5.00,7.00,80.00,13067273,288
47.01,1568177261,659.26,51.44459106,7.49158700,273.32,1.56,-1.33,126.51,1,-107.00,-9.00,5.00,7.00,21.00,23.00,13417219,440
48.01,1568177262,660.82,51.44459106,7.49158700,273.33,0.00,-1.56,126.51,1,-107.00,-9.00,5.00,7.00,21.00,23.00,13417219,440
49.01,1568177263,660.82,51.44459106,7.49158700,273.33,0.00,0.00,126.51,1,-105.00,-9.00,7.00,10.00,23.00,23.00,13417219,440
50.01,1568177264,660.82,51.44459106,7.49158700,273.33,0.00,0.00,126.51,1,-105.00,-9.00,7.00,10.00,23.00,23.00,13417219,440
51.01,1568177265,660.82,51.44459106,7.49158700,273.32,0.00,0.00,126.51,1,-105.00,-9.00,7.00,9.00,22.00,23.00,13417219,440
52.01,1568177266,660.82,51.44459106,7.49158700,273.32,0.00,0.00,126.51,1,-105.00,-9.00,7.00,9.00,22.00,23.00,13417219,440
53.01,1568177267,660.82,51.44459106,7.49158700,273.30,0.00,0.00,126.51,1,-105.00,-9.00,7.00,10.00,23.00,23.00,13417219,440
54.01,1568177268,660.82,51.44459106,7.49158700,273.29,0.00,0.00,126.51,1,-105.00,-9.00,7.00,10.00,23.00,23.00,13417219,440
55.01,1568177269,660.82,51.44462170,7.49159460,274.50,0.00,0.00,126.51,1,-105.00,-9.00,8.00,10.00,24.00,23.00,13417219,440
56.01,1568177270,660.82,51.44459106,7.49158700,273.26,0.00,0.00,126.51,1,-105.00,-9.00,8.00,10.00,24.00,23.00,13417219,440
57.01,1568177271,660.82,51.44459106,7.49158700,273.24,0.00,0.00,126.51,1,-104.00,-9.00,8.00,10.00,24.00,23.00,13417219,440
58.01,1568177272,660.82,51.44459106,7.49158700,273.22,0.00,0.00,126.51,1,-104.00,-9.00,8.00,10.00,24.00,23.00,13417219,440
59.01,1568177273,660.82,51.44459106,7.49158700,273.21,0.00,0.00,126.51,1,-105.00,-8.00,9.00,10.00,22.00,23.00,13417219,440
60.01,1568177274,660.82,51.44459106,7.49158700,273.20,0.00,0.00,126.51,1,-105.00,-8.00,9.00,10.00,22.00,23.00,13417219,440
61.01,1568177275,660.82,51.44459106,7.49158700,273.09,0.00,0.00,126.51,1,-106.00,-10.00,0.00,8.00,23.00,23.00,13417219,440
62.01,1568177276,660.82,51.44459106,7.49158700,272.99,0.00,0.00,126.51,1,-106.00,-10.00,0.00,8.00,23.00,23.00,13417219,440
63.02,1568177277,660.82,51.44459106,7.49158700,272.93,0.00,0.00,131.86,1,-103.00,-8.00,7.00,9.00,25.00,23.00,13417219,440
64.01,1568177278,660.82,51.44459106,7.49158700,273.22,0.00,0.00,171.33,1,-103.00,-8.00,7.00,9.00,25.00,23.00,13417219,440
65.01,1568177279,660.82,51.44446104,7.49167501,273.01,6.42,0.00,191.80,1,-103.00,-8.00,7.00,9.00,25.00,23.00,13417219,440
66.02,1568177280,667.28,51.44439529,7.49162144,272.55,8.44,2.01,213.62,1,-105.00,-9.00,1.00,2.00,25.00,23.00,13417219,440
67.02,1568177281,675.72,51.44434642,7.49156773,271.64,9.18,0.74,214.64,1,-105.00,-9.00,1.00,2.00,25.00,23.00,13417219,440
68.02,1568177282,684.90,51.44426699,7.49148875,270.83,10.84,1.66,215.34,1,-107.00,-12.00,4.00,2.00,25.00,23.00,13417219,440
69.02,1568177283,695.75,51.44418523,7.49139755,270.20,11.67,0.82,214.74,1,-107.00,-12.00,4.00,2.00,25.00,23.00,13417219,440
70.02,1568177284,707.41,51.44409808,7.49130408,269.70,11.74,0.07,214.37,1,-107.00,-12.00,0.00,2.00,25.00,23.00,13417219,440
71.02,1568177285,719.15,51.44399250,7.49119350,269.17,13.29,1.55,214.76,1,-107.00,-12.00,0.00,2.00,25.00,23.00,13417219,440
72.02,1568177286,732.44,51.44388617,7.49108451,268.66,14.19,0.90,214.91,1,-107.00,-12.00,1.00,2.00,26.00,23.00,13417219,440
73.02,1568177287,746.63,51.44378077,7.49097043,268.22,14.14,-0.05,215.30,1,-107.00,-12.00,1.00,2.00,26.00,23.00,13417219,440
74.01,1568177288,760.73,51.44367239,7.49084738,268.15,14.45,0.31,215.76,1,-104.00,-12.00,-7.00,2.00,28.00,23.00,13417219,440
75.01,1568177289,775.18,51.44355582,7.49072067,268.40,14.77,0.32,216.10,1,-104.00,-12.00,-7.00,2.00,28.00,23.00,13417219,440
76.01,1568177290,789.95,51.44344114,7.49059242,268.70,15.03,0.26,216.48,1,-105.00,-11.00,-5.00,2.00,27.00,23.00,13417219,440
77.01,1568177291,804.97,51.44332851,7.49046554,269.05,15.30,0.27,216.50,1,-105.00,-11.00,-5.00,2.00,27.00,23.00,13417219,440
78.01,1568177292,820.26,51.44321861,7.49033833,269.34,15.31,0.01,216.57,1,-105.00,-9.00,-1.00,2.00,24.00,23.00,13417219,440
79.01,1568177293,835.56,51.44311025,7.49020685,269.58,15.29,-0.01,216.77,1,-105.00,-9.00,-1.00,2.00,24.00,23.00,13417219,440
80.01,1568177294,850.84,51.44300370,7.49007720,269.91,15.30,0.01,216.40,1,-106.00,-11.00,-1.00,2.00,24.00,23.00,13417219,440
81.01,1568177295,866.16,51.44289018,7.48994615,270.20,15.38,0.08,215.55,1,-106.00,-11.00,-1.00,2.00,24.00,23.00,13417219,440
82.01,1568177296,881.52,51.44277611,7.48981931,270.75,15.39,0.02,214.45,1,-107.00,-11.00,-6.00,2.00,24.00,23.00,13417219,440
83.01,1568177297,896.91,51.44266313,7.48969389,271.45,15.06,-0.33,215.13,1,-107.00,-11.00,-6.00,2.00,24.00,23.00,13417219,440
84.02,1568177298,912.10,51.44255836,7.48956781,272.12,14.90,-0.16,215.56,1,-104.00,-9.00,2.00,2.00,25.00,23.00,13417219,440
85.01,1568177299,926.88,51.44245182,7.48943970,272.92,14.98,0.08,215.31,1,-104.00,-9.00,2.00,2.00,25.00,23.00,13417219,440
86.01,1568177300,941.84,51.44234112,7.48930186,273.59,14.57,-0.41,216.63,1,-104.00,-9.00,2.00,2.00,25.00,23.00,13417219,440
87.01,1568177301,956.46,51.44223742,7.48917822,274.19,14.46,-0.12,217.06,1,-99.00,-8.00,5.00,2.00,29.00,23.00,13417219,440
88.01,1568177302,970.91,51.44213545,7.48904594,274.57,14.64,0.18,217.88,1,-99.00,-8.00,5.00,2.00,29.00,23.00,13417219,440
89.01,1568177303,985.51,51.44203808,7.48891382,274.67,14.38,-0.25,218.93,1,-97.00,-7.00,-6.00,11.00,33.00,21.00,13417219,440
90.01,1568177304,999.89,51.44194221,7.48877607,274.59,14.73,0.34,220.35,1,-97.00,-7.00,-6.00,11.00,33.00,21.00,13417219,440
91.01,1568177305,1014.62,51.44185191,7.48863075,275.38,13.97,-0.76,223.66,1,-97.00,-11.00,-5.00,5.00,34.00,21.00,13417219,440
92.01,1568177306,1028.59,51.44175532,7.48847962,276.10,14.56,0.59,224.58,1,-97.00,-11.00,-5.00,5.00,34.00,21.00,13417219,440
93.01,1568177307,1043.14,51.44166096,7.48831897,276.97,14.38,-0.18,225.51,1,-99.00,-9.00,2.00,9.00,28.00,21.00,13417219,440
94.01,1568177308,1057.53,51.44156777,7.48814905,277.89,14.63,0.25,226.53,1,-99.00,-9.00,2.00,9.00,28.00,21.00,13417219,440
95.01,1568177308,1072.10,51.44140050,7.48763730,278.81,14.50,-0.13,227.87,1,-95.00,-12.00,6.00,5.00,37.00,21.00,13417219,440
96.01,1568177310,1086.66,51.44139935,7.48780777,279.61,14.14,-0.35,228.91,1,-95.00,-12.00,6.00,5.00,37.00,21.00,13417219,440
97.01,1568177311,1100.80,51.44132496,7.48764229,279.94,14.42,0.28,230.37,1,-94.00,-6.00,13.00,15.00,32.00,21.00,13417219,440
98.01,1568177312,1115.23,51.44125002,7.48747749,280.20,14.38,-0.04,231.13,1,-94.00,-6.00,13.00,15.00,32.00,21.00,13417219,440
99.01,1568177313,1129.59,51.44117385,7.48730556,280.67,14.68,0.29,231.14,1,-91.00,-6.00,16.00,15.00,36.00,21.00,13417219,440
100.01,1568177314,1144.27,51.44109284,7.48713061,281.13,14.56,-0.12,231.86,1,-91.00,-6.00,16.00,15.00,36.00,21.00,13417219,440
101.01,1568177315,1158.83,51.44101414,7.48696014,281.38,14.81,0.25,232.68,1,-94.00,-9.00,10.00,8.00,34.00,21.00,13417219,440
102.01,1568177316,1173.64,51.44093890,7.48679404,281.58,14.85,0.05,232.52,1,-94.00,-9.00,10.00,8.00,34.00,21.00,13417219,440
103.01,1568177317,1188.49,51.44085828,7.48662131,282.28,14.66,-0.19,232.19,1,-93.00,-6.00,10.00,12.00,33.00,21.00,13417219,440
104.01,1568177318,1203.17,51.44077990,7.48645727,283.05,14.35,-0.31,232.81,1,-93.00,-6.00,10.00,12.00,33.00,21.00,13417219,440
105.02,1568177319,1217.63,51.44070177,7.48629005,283.65,13.84,-0.50,232.86,1,-93.00,-10.00,11.00,8.00,38.00,21.00,13417219,440
106.01,1568177320,1231.35,51.44062231,7.48611774,284.06,13.82,-0.03,231.42,1,-93.00,-10.00,11.00,8.00,38.00,21.00,13417219,440
107.01,1568177321,1245.17,51.44053908,7.48594322,284.51,14.59,0.77,232.22,1,-93.00,-10.00,11.00,8.00,38.00,21.00,13417219,440
108.01,1568177322,1259.76,51.44045725,7.48576583,284.96,14.74,0.15,232.67,1,-97.00,-12.00,-4.00,2.00,43.00,21.00,13417219,440
109.01,1568177323,1274.49,51.44038319,7.48559466,285.29,14.59,-0.14,232.20,1,-97.00,-12.00,-4.00,2.00,43.00,21.00,13417219,440
110.01,1568177324,1289.09,51.44030824,7.48542394,285.59,14.32,-0.28,232.28,1,-95.00,-11.00,14.00,2.00,37.00,21.00,13417219,440
111.01,1568177325,1303.42,51.44023373,7.48526426,285.41,14.61,0.30,232.51,1,-95.00,-11.00,14.00,2.00,37.00,21.00,13417219,440
112.01,1568177326,1318.03,51.44015678,7.48510058,285.21,14.05,-0.56,232.11,1,-95.00,-8.00,19.00,2.00,34.00,21.00,13417219,440
113.01,1568177327,1332.08,51.44008001,7.48493786,284.60,14.20,0.15,232.51,1,-95.00,-8.00,19.00,2.00,34.00,21.00,13417219,440
114.01,1568177328,1346.29,51.44000375,7.48476691,284.66,14.34,0.13,232.38,1,-95.00,-8.00,13.00,2.00,34.00,21.00,13417219,440
115.01,1568177329,1360.63,51.43988670,7.48413770,284.79,13.81,-0.52,231.45,1,-95.00,-8.00,13.00,2.00,34.00,21.00,13417219,440
116.01,1568177330,1374.43,51.43984389,7.48443668,284.77,14.60,0.79,230.53,1,-96.00,-7.00,7.00,14.00,32.00,20.00,13417219,440
117.01,1568177331,1389.04,51.43975134,7.48425625,284.70,14.74,0.13,230.02,1,-96.00,-7.00,7.00,14.00,32.00,20.00,13417219,440
118.01,1568177332,1403.78,51.43966496,7.48408429,285.15,14.39,-0.35,229.25,1,-99.00,-7.00,7.00,8.00,28.00,20.00,13417219,440
119.01,1568177333,1418.15,51.43958712,7.48391541,285.78,14.15,-0.24,231.23,1,-99.00,-7.00,7.00,8.00,28.00,20.00,13417219,440
120.01,1568177334,1432.31,51.43951807,7.48374698,286.65,14.32,0.18,233.86,1,-96.00,-8.00,13.00,8.00,30.00,20.00,13417219,440
121.01,1568177335,1446.63,51.43944690,7.48356892,287.64,14.38,0.06,236.21,1,-96.00,-8.00,13.00,8.00,30.00,20.00,13417219,440
122.01,1568177336,1460.97,51.43938097,7.48338217,288.31,14.63,0.25,238.36,1,-97.00,-11.00,10.00,7.00,34.00,20.00,13417219,440
123.01,1568177337,1475.66,51.43931870,7.48319231,288.89,14.77,0.14,239.90,1,-97.00,-11.00,10.00,7.00,34.00,20.00,13417219,440
124.01,1568177338,1490.43,51.43925569,7.48300341,289.16,14.86,0.09,240.86,1,-94.00,-8.00,14.00,12.00,34.00,20.00,13417219,440
125.01,1568177339,1505.27,51.43919250,7.48281204,289.19,14.75,-0.11,241.38,1,-94.00,-8.00,14.00,12.00,34.00,20.00,13417219,440
126.01,1568177340,1520.01,51.43912840,7.48262131,289.16,14.72,-0.03,241.79,1,-92.00,-7.00,13.00,15.00,34.00,20.00,13417219,440
127.01,1568177341,1534.73,51.43906100,7.48242769,288.92,15.03,0.31,241.22,1,-92.00,-7.00,13.00,15.00,34.00,20.00,13417219,440
128.02,1568177342,1549.90,51.43899132,7.48222028,288.77,15.20,0.16,240.89,1,-97.00,-7.00,15.00,10.00,31.00,20.00,13417219,440
129.01,1568177343,1564.96,51.43892601,7.48202070,288.86,14.94,-0.26,241.62,1,-97.00,-7.00,15.00,10.00,31.00,20.00,13417219,440
130.01,1568177344,1579.90,51.43886542,7.48183206,288.78,14.77,-0.16,240.79,1,-97.00,-7.00,15.00,10.00,31.00,20.00,13417219,440
131.01,1568177345,1594.69,51.43879641,7.48163283,288.19,15.04,0.27,239.91,1,-95.00,-6.00,15.00,9.00,31.00,20.00,13417219,440
132.01,1568177346,1609.71,51.43873089,7.48144653,287.72,15.15,0.11,240.28,1,-95.00,-6.00,15.00,9.00,31.00,20.00,13417219,440
133.01,1568177347,1624.86,51.43866165,7.48125776,287.27,15.40,0.25,240.66,1,-92.00,-6.00,13.00,15.00,33.00,20.00,13417219,440
134.01,1568177348,1640.26,51.43858912,7.48106145,286.70,15.54,0.15,239.86,1,-92.00,-6.00,13.00,15.00,33.00,20.00,13417219,440
135.01,1568177349,1655.81,51.43851215,7.48084991,286.16,15.51,-0.03,239.40,1,-86.00,-6.00,27.00,15.00,39.00,20.00,13417219,440
136.01,1568177350,1671.31,51.43844034,7.48064910,286.12,15.66,0.14,240.28,1,-86.00,-6.00,27.00,15.00,39.00,20.00,13417219,440
137.01,1568177351,1686.96,51.43837109,7.48044819,286.17,15.39,-0.26,240.25,1,-96.00,-8.00,7.00,9.00,32.00,20.00,13417219,440
138.01,1568177352,1702.36,51.43830058,7.48024470,286.37,15.57,0.17,240.89,1,-96.00,-8.00,7.00,9.00,32.00,20.00,13417219,440
139.01,1568177353,1717.98,51.43823724,7.48004660,286.34,15.56,-0.01,241.80,1,-96.00,-9.00,6.00,2.00,33.00,20.00,13417219,440
140.01,1568177354,1733.54,51.43817740,7.47986069,285.91,14.56,-1.00,242.41,1,-96.00,-9.00,6.00,2.00,33.00,20.00,13417219,440
141.01,1568177355,1748.12,51.43811608,7.47966876,285.92,15.31,0.75,241.94,1,-96.00,-10.00,6.00,2.00,35.00,20.00,13417219,440
142.01,1568177356,1763.43,51.43805415,7.47947852,286.17,14.77,-0.54,241.60,1,-96.00,-10.00,6.00,2.00,35.00,20.00,13417219,440
143.01,1568177357,1778.20,51.43799571,7.47930809,285.84,14.34,-0.44,242.53,1,-96.00,-9.00,7.00,2.00,33.00,20.00,13417219,440
144.01,1568177358,1792.54,51.43793304,7.47911117,285.44,13.50,-0.84,242.98,1,-96.00,-9.00,7.00,2.00,33.00,20.00,13417219,440
145.01,1568177359,1806.03,51.43786378,7.47890177,285.06,13.47,-0.03,242.57,1,-93.00,-7.00,8.00,2.00,34.00,20.00,13417219,440
146.01,1568177360,1819.50,51.43779932,7.47870832,284.20,14.05,0.57,241.57,1,-93.00,-7.00,8.00,2.00,34.00,20.00,13417219,440
147.01,1568177361,1833.53,51.43773752,7.47851950,283.99,14.33,0.29,241.30,1,-92.00,-7.00,10.00,2.00,34.00,20.00,13417219,440
148.01,1568177362,1847.87,51.43767509,7.47833597,283.81,13.89,-0.44,241.36,1,-92.00,-7.00,10.00,2.00,34.00,20.00,13417219,440
149.02,1568177363,1861.88,51.43760796,7.47813881,283.75,14.52,0.63,240.69,1,-92.00,-7.00,7.00,2.00,35.00,20.00,13417219,440
150.01,1568177364,1876.27,51.43755439,7.47798288,284.01,14.42,-0.10,241.13,1,-92.00,-7.00,7.00,2.00,35.00,20.00,13417219,440
151.01,1568177365,1890.68,51.43749408,7.47778942,283.92,13.81,-0.61,242.60,1,-92.00,-7.00,7.00,2.00,35.00,20.00,13417219,440
152.01,1568177366,1904.50,51.43743067,7.47760831,283.75,14.09,0.28,241.39,1,-92.00,-8.00,2.00,2.00,35.00,20.00,13417219,440
153.01,1568177367,1918.59,51.43736375,7.47741663,283.66,14.45,0.36,241.28,1,-92.00,-8.00,2.00,2.00,35.00,20.00,13417219,440
154.01,1568177368,1933.03,51.43729960,7.47723014,284.33,14.04,-0.41,242.34,1,-92.00,-8.00,7.00,2.00,35.00,20.00,13417219,440
155.01,1568177369,1947.05,51.43724610,7.47703644,284.63,13.09,-0.95,245.32,1,-92.00,-8.00,7.00,2.00,35.00,20.00,13417219,440
156.01,1568177370,1960.14,51.43720136,7.47684331,284.39,13.05,-0.03,247.63,1,-93.00,-7.00,0.00,2.00,34.00,20.00,13417219,440
157.01,1568177371,1973.19,51.43716792,7.47665996,284.60,13.05,-0.00,250.59,1,-93.00,-7.00,0.00,2.00,34.00,20.00,13417219,440
158.01,1568177372,1986.22,51.43718056,7.47648578,284.59,10.91,-2.14,276.58,1,-93.00,-8.00,13.00,2.00,43.00,19.00,13523715,6
159.01,1568177373,1997.14,51.43721552,7.47633220,284.71,8.98,-1.93,292.67,1,-93.00,-8.00,13.00,2.00,43.00,19.00,13523715,6
160.01,1568177374,2006.15,51.43727168,7.47623514,284.67,8.62,-0.36,315.82,1,-96.00,-6.00,7.00,2.00,30.00,19.00,13523715,6
161.01,1568177375,2014.77,51.43735164,7.47617897,283.71,8.83,0.21,340.02,1,-96.00,-6.00,7.00,2.00,30.00,19.00,13523715,6
162.01,1568177376,2023.59,51.43743080,7.47616855,283.23,8.38,-0.44,0.60,1,-96.00,-6.00,9.00,2.00,30.00,19.00,13523715,6
163.01,1568177377,2031.97,51.43751208,7.47620198,282.25,8.89,0.51,23.21,1,-96.00,-6.00,9.00,2.00,30.00,19.00,13523715,6
164.01,1568177378,2040.87,51.43757047,7.47627612,281.81,9.58,0.69,45.51,1,-96.00,-6.00,13.00,2.00,30.00,19.00,13523715,6
165.01,1568177379,2050.45,51.43762488,7.47636149,282.59,10.20,0.62,45.86,1,-96.00,-6.00,13.00,2.00,30.00,19.00,13523715,6
166.01,1568177380,2060.65,51.43767698,7.47646440,283.69,10.07,-0.13,47.77,1,-96.00,-5.00,7.00,2.00,28.00,19.00,13523715,6
167.01,1568177381,2070.72,51.43776119,7.47663080,284.50,13.62,3.55,48.78,1,-96.00,-5.00,7.00,2.00,28.00,19.00,13523715,6
168.01,1568177382,2084.31,51.43784802,7.47680432,285.25,14.91,1.29,50.48,1,-99.00,-5.00,1.00,2.00,26.00,19.00,13523715,6
169.01,1568177383,2099.22,51.43793682,7.47699355,285.83,15.45,0.54,52.20,1,-99.00,-5.00,1.00,2.00,26.00,19.00,13523715,6
170.02,1568177384,2114.80,51.43801956,7.47717697,286.50,16.75,1.29,53.13,1,-99.00,-6.00,11.00,2.00,26.00,19.00,13523715,6
171.01,1568177385,2131.40,51.43810752,7.47738640,287.08,17.57,0.83,53.82,1,-99.00,-6.00,11.00,2.00,26.00,19.00,13523715,6
172.01,1568177386,2148.95,51.43819697,7.47758919,287.53,18.47,0.90,54.40,1,-99.00,-6.00,11.00,2.00,26.00,19.00,13523715,6
173.01,1568177387,2167.44,51.43829667,7.47782418,287.68,19.50,1.03,55.10,1,-99.00,-6.00,5.00,2.00,26.00,19.00,13523715,6
174.01,1568177388,2186.94,51.43840261,7.47807432,287.77,20.62,1.12,55.52,1,-99.00,-6.00,5.00,2.00,26.00,19.00,13523715,6
175.01,1568177389,2207.56,51.43850946,7.47832466,287.37,20.99,0.37,56.05,1,-101.00,-7.00,4.00,2.00,24.00,19.00,13523715,6
176.01,1568177390,2228.55,51.43860846,7.47857937,286.93,21.17,0.18,57.26,1,-101.00,-7.00,4.00,2.00,24.00,19.00,13523715,6
177.01,1568177391,2249.74,51.43871157,7.47885345,286.51,21.94,0.77,57.08,1,-102.00,-9.00,0.00,2.00,26.00,19.00,13523715,6
178.01,1568177392,2271.66,51.43882212,7.47913295,286.26,22.73,0.79,56.54,1,-102.00,-9.00,0.00,2.00,26.00,19.00,13523715,6
179.01,1568177393,2294.41,51.43893558,7.47942515,286.18,24.03,1.30,56.81,1,-104.00,-12.00,0.00,2.00,27.00,19.00,13523715,6
180.01,1568177394,2318.44,51.43905113,7.47971463,286.09,23.70,-0.32,57.22,1,-104.00,-12.00,0.00,2.00,27.00,19.00,13523715,6
181.01,1568177395,2342.14,51.43917005,7.48000938,286.00,23.97,0.27,57.61,1,-107.00,-13.00,-3.00,2.00,25.00,19.00,13523715,6
182.01,1568177396,2366.08,51.43930500,7.48031307,286.21,24.99,1.02,54.86,1,-107.00,-13.00,-3.00,2.00,25.00,19.00,13523715,6
183.01,1568177397,2391.04,51.43944150,7.48060999,285.85,26.16,1.17,55.38,1,-107.00,-9.00,7.00,2.00,32.00,22.00,13417219,440
184.01,1568177398,2417.23,51.43957622,7.48090359,285.03,26.15,-0.01,53.93,1,-107.00,-9.00,7.00,2.00,32.00,22.00,13417219,440
185.01,1568177399,2443.46,51.43971978,7.48118662,284.79,26.24,0.08,52.72,1,-104.00,-8.00,4.00,2.00,24.00,22.00,13417219,440
186.01,1568177400,2469.70,51.43987405,7.48146631,284.72,26.02,-0.21,50.26,1,-104.00,-8.00,4.00,2.00,24.00,22.00,13417219,440
187.01,1568177401,2495.67,51.44003321,7.48175045,284.60,26.07,0.04,51.11,1,-104.00,-10.00,-1.00,2.00,25.00,22.00,13417219,440
188.01,1568177402,2521.73,51.44019908,7.48203191,284.33,25.67,-0.39,46.68,1,-104.00,-10.00,-1.00,2.00,25.00,22.00,13417219,440
189.01,1568177403,2547.40,51.44036622,7.48229326,283.92,25.83,0.16,44.57,1,-104.00,-10.00,1.00,2.00,25.00,22.00,13417219,440
190.01,1568177404,2573.26,51.44053632,7.48255029,283.23,26.01,0.18,42.56,1,-104.00,-10.00,1.00,2.00,25.00,22.00,13417219,440
191.02,1568177405,2599.58,51.44071621,7.48281334,282.09,26.34,0.32,42.19,1,-107.00,-13.00,-7.00,2.00,25.00,22.00,13417219,440
192.01,1568177406,2625.64,51.44090021,7.48305756,280.75,26.04,-0.30,39.69,1,-107.00,-13.00,-7.00,2.00,25.00,22.00,13417219,440
193.01,1568177407,2651.68,51.44109347,7.48329322,279.58,26.21,0.17,36.93,1,-107.00,-13.00,-7.00,2.00,25.00,22.00,13417219,440
194.01,1568177408,2677.89,51.44128673,7.48351628,278.39,26.45,0.24,35.22,1,-111.00,-17.00,-12.00,2.00,26.00,22.00,13417219,440
195.01,1568177409,2704.36,51.44148586,7.48373465,277.16,26.64,0.19,33.57,1,-111.00,-17.00,-12.00,2.00,26.00,22.00,13417219,440
196.01,1568177410,2730.95,51.44168044,7.48394951,276.08,26.78,0.14,32.88,1,-107.00,-12.00,-10.00,5.00,25.00,23.00,13415426,265
197.01,1568177411,2757.73,51.44187774,7.48414309,275.11,26.91,0.13,30.06,1,-107.00,-12.00,-10.00,5.00,25.00,23.00,13415426,265
198.01,1568177412,2784.59,51.44208754,7.48432592,274.40,26.89,-0.02,27.76,1,-108.00,-14.00,-5.00,7.00,27.00,23.00,13415426,265
199.01,1568177413,2811.48,51.44230148,7.48450458,273.84,27.01,0.12,26.95,1,-108.00,-14.00,-5.00,7.00,27.00,23.00,13415426,265
200.01,1568177414,2838.52,51.44252218,7.48467176,273.39,26.99,-0.02,25.70,1,-108.00,-15.00,-7.00,4.00,27.00,23.00,13415426,265
201.01,1568177415,2865.51,51.44274633,7.48483999,272.94,27.12,0.12,25.16,1,-108.00,-15.00,-7.00,4.00,27.00,23.00,13415426,265
202.01,1568177416,2892.60,51.44296732,7.48499693,272.55,27.05,-0.07,24.43,1,-111.00,-14.00,-7.00,4.00,23.00,23.00,13415426,265
203.01,1568177417,2919.68,51.44318248,7.48514946,272.11,26.67,-0.38,23.68,1,-111.00,-14.00,-7.00,4.00,23.00,23.00,13415426,265
204.01,1568177418,2946.43,51.44338685,7.48529597,271.69,25.39,-1.27,23.53,1,-109.00,-16.00,-6.00,6.00,27.00,23.00,13415426,265
205.01,1568177419,2971.76,51.44358549,7.48543150,271.16,23.59,-1.80,22.89,1,-109.00,-16.00,-6.00,6.00,27.00,23.00,13415426,265
206.02,1568177420,2995.45,51.44376945,7.48555720,270.68,22.10,-1.48,21.97,1,-113.00,-17.00,-6.00,3.00,24.00,23.00,13415426,265
207.01,1568177421,3017.53,51.44394020,7.48566612,270.06,20.09,-2.02,21.87,1,-113.00,-17.00,-6.00,3.00,24.00,23.00,13415426,265
208.01,1568177422,3037.48,51.44409495,7.48576052,269.45,17.99,-2.11,21.37,1,-108.00,-16.00,-7.00,5.00,28.00,16.00,13415170,315
209.01,1568177423,3055.47,51.44423570,7.48584938,268.81,16.25,-1.74,22.03,1,-108.00,-16.00,-7.00,5.00,28.00,16.00,13415170,315
210.01,1568177424,3071.74,51.44437122,7.48594487,268.11,15.66,-0.59,23.48,1,-107.00,-14.00,-4.00,7.00,27.00,16.00,13415170,315
211.01,1568177425,3087.42,51.44449193,7.48605289,267.40,14.89,-0.77,27.07,1,-107.00,-14.00,-4.00,7.00,27.00,16.00,13415170,315
212.02,1568177426,3102.49,51.44459327,7.48620579,266.52,14.03,-0.85,45.02,1,-111.00,-17.00,-6.00,4.00,25.00,16.00,13415170,315
213.01,1568177427,3116.41,51.44467256,7.48634676,266.10,13.32,-0.72,49.14,1,-111.00,-17.00,-6.00,4.00,25.00,16.00,13415170,315
214.01,1568177428,3129.73,51.44470473,7.48651730,265.69,12.84,-0.48,72.21,1,-111.00,-17.00,-6.00,4.00,25.00,16.00,13415170,315
215.02,1568177429,3142.59,51.44471904,7.48671024,265.07,12.77,-0.08,85.73,1,-119.00,-19.00,-10.00,1.00,20.00,16.00,13415170,315
216.02,1568177430,3155.36,51.44470345,7.48689385,264.82,13.10,0.33,99.54,1,-119.00,-19.00,-10.00,1.00,20.00,16.00,13415170,315
217.01,1568177431,3168.38,51.44466187,7.48707320,264.47,13.04,-0.06,112.76,1,-118.00,-18.00,-11.00,2.00,23.00,25.00,13417219,440
218.01,1568177432,3181.40,51.44459397,7.48723203,264.13,13.24,0.20,128.38,1,-118.00,-18.00,-11.00,2.00,23.00,25.00,13417219,440
219.01,1568177433,3194.67,51.44450954,7.48736034,263.48,13.24,0.00,141.67,1,-114.00,-15.00,-5.00,4.00,22.00,25.00,13417219,440
220.01,1568177434,3207.92,51.44440588,7.48744990,262.81,13.68,0.44,156.47,1,-114.00,-15.00,-5.00,4.00,22.00,25.00,13417219,440
221.01,1568177435,3221.60,51.44429283,7.48749310,262.20,14.12,0.43,170.07,1,-116.00,-19.00,-7.00,3.00,24.00,25.00,13417219,440
222.01,1568177436,3235.75,51.44416729,7.48753601,261.82,14.65,0.54,170.61,1,-116.00,-19.00,-7.00,3.00,24.00,25.00,13417219,440
223.01,1568177437,3250.39,51.44405497,7.48753519,261.56,13.89,-0.77,173.22,1,-110.00,-16.00,-6.00,6.00,25.00,25.00,13417219,440
224.01,1568177438,3264.26,51.44395786,7.48742001,261.15,13.87,-0.02,217.09,1,-110.00,-16.00,-6.00,6.00,25.00,25.00,13417219,440
225.01,1568177439,3278.14,51.44387197,7.48726057,261.07,13.96,0.09,232.73,1,-113.00,-16.00,-4.00,5.00,23.00,25.00,13417219,440
226.01,1568177440,3292.12,51.44382177,7.48707094,260.89,14.05,0.09,249.01,1,-113.00,-16.00,-4.00,5.00,23.00,25.00,13417219,440
227.01,1568177441,3306.16,51.44379053,7.48685850,261.05,14.20,0.15,261.83,1,-111.00,-16.00,-5.00,7.00,23.00,25.00,13417219,440
228.01,1568177442,3320.36,51.44376733,7.48664230,261.50,14.54,0.34,263.59,1,-111.00,-16.00,-5.00,7.00,23.00,25.00,13417219,440
229.01,1568177443,3334.90,51.44375801,7.48643772,261.28,15.11,0.57,265.28,1,-116.00,-17.00,-7.00,4.00,21.00,25.00,13417219,440
230.01,1568177444,3350.02,51.44375034,7.48621214,260.74,16.41,1.30,265.99,1,-116.00,-17.00,-7.00,4.00,21.00,25.00,13417219,440
231.01,1568177445,3366.43,51.44374424,7.48595455,259.92,17.35,0.94,266.75,1,-117.00,-17.00,-8.00,4.00,20.00,25.00,13417219,440
232.01,1568177446,3383.78,51.44373848,7.48569256,259.27,18.22,0.87,267.50,1,-117.00,-17.00,-8.00,4.00,20.00,25.00,13417219,440
233.02,1568177447,3402.12,51.44372686,7.48542167,258.34,18.24,0.02,267.31,1,-117.00,-17.00,-8.00,4.00,19.00,25.00,13417219,440
234.01,1568177448,3420.20,51.44371801,7.48513314,257.39,18.95,0.72,267.72,1,-117.00,-17.00,-8.00,4.00,19.00,25.00,13417219,440
235.01,1568177449,3439.15,51.44371039,7.48485417,256.38,19.67,0.71,266.81,1,-117.00,-17.00,-8.00,4.00,19.00,25.00,13417219,440
236.01,1568177450,3458.76,51.44370195,7.48455714,256.60,20.95,1.29,267.39,1,-115.00,-18.00,-10.00,3.00,22.00,25.00,13417219,440
237.01,1568177451,3479.73,51.44370321,7.48425329,257.62,21.98,1.03,267.83,1,-115.00,-18.00,-10.00,3.00,22.00,25.00,13417219,440
238.01,1568177452,3501.71,51.44370280,7.48392485,258.35,21.68,-0.30,268.56,1,-112.00,-17.00,-9.00,1.00,24.00,23.00,13415426,265
239.01,1568177453,3523.39,51.44370246,7.48362557,259.14,21.24,-0.44,268.51,1,-112.00,-17.00,-9.00,1.00,24.00,23.00,13415426,265
240.01,1568177454,3544.67,51.44370152,7.48334027,260.03,20.70,-0.54,268.43,1,-112.00,-17.00,-10.00,3.00,26.00,23.00,13415426,265
241.01,1568177455,3565.35,51.44369837,7.48304855,260.61,20.56,-0.13,268.37,1,-112.00,-17.00,-10.00,3.00,26.00,23.00,13415426,265
242.01,1568177456,3585.97,51.44369394,7.48275380,261.04,20.64,0.08,268.02,1,-110.00,-16.00,-8.00,5.00,25.00,23.00,13415426,265
243.01,1568177457,3606.57,51.44368968,7.48245917,261.25,20.40,-0.24,267.38,1,-110.00,-16.00,-8.00,5.00,25.00,23.00,13415426,265
244.01,1568177458,3626.99,51.44368363,7.48216808,261.51,20.39,-0.01,267.08,1,-111.00,-16.00,-6.00,4.00,26.00,23.00,13415426,265
245.01,1568177459,3647.40,51.44367279,7.48187627,261.80,20.57,0.18,266.35,1,-111.00,-16.00,-6.00,4.00,26.00,23.00,13415426,265
246.01,1568177460,3667.95,51.44366166,7.48157093,261.79,21.05,0.48,266.73,1,-111.00,-17.00,-7.00,3.00,26.00,23.00,13415426,265
247.01,1568177461,3689.03,51.44364902,7.48126153,261.42,21.48,0.42,266.13,1,-111.00,-17.00,-7.00,3.00,26.00,23.00,13415426,265
248.02,1568177462,3710.55,51.44363612,7.48094856,261.15,21.91,0.43,265.89,1,-113.00,-17.00,-9.00,4.00,24.00,23.00,13415426,265
249.01,1568177463,3732.43,51.44361942,7.48063151,260.91,22.24,0.34,265.03,1,-113.00,-17.00,-9.00,4.00,24.00,23.00,13415426,265
250.02,1568177464,3754.72,51.44359969,7.48030377,260.62,22.42,0.18,264.76,1,-111.00,-14.00,-7.00,5.00,21.00,23.00,13415426,265
251.02,1568177465,3777.15,51.44357313,7.47997397,260.05,22.42,-0.01,263.12,1,-111.00,-14.00,-7.00,5.00,21.00,23.00,13415426,265
252.01,1568177466,3799.41,51.44354791,7.47965057,259.54,22.58,0.17,262.12,1,-105.00,-12.00,-2.00,7.00,26.00,23.00,13415426,265
253.01,1568177467,3821.99,51.44352351,7.47931278,258.46,22.66,0.08,262.20,1,-105.00,-12.00,-2.00,7.00,26.00,23.00,13415426,265
254.02,1568177468,3844.88,51.44349815,7.47898143,257.44,22.88,0.21,262.92,1,-103.00,-11.00,1.00,9.00,27.00,23.00,13415426,265
255.01,1568177469,3867.55,51.44347172,7.47864778,256.47,23.00,0.12,262.68,1,-103.00,-11.00,1.00,9.00,27.00,23.00,13415426,265
256.01,1568177470,3890.55,51.44344643,7.47831106,255.40,23.27,0.27,262.87,1,-103.00,-11.00,1.00,9.00,27.00,23.00,13415426,265
257.01,1568177471,3913.82,51.44342127,7.47798064,254.42,23.22,-0.05,262.33,1,-101.00,-11.00,4.00,6.00,28.00,23.00,13415426,265
258.01,1568177472,3937.03,51.44339525,7.47765237,253.55,22.79,-0.42,262.41,1,-101.00,-11.00,4.00,6.00,28.00,23.00,13415426,265
259.01,1568177473,3959.80,51.44336521,7.47732778,252.77,22.55,-0.25,262.02,1,-102.00,-10.00,6.00,6.00,27.00,23.00,13415426,265
260.01,1568177474,3982.35,51.44333608,7.47700865,251.98,22.26,-0.29,261.95,1,-102.00,-10.00,6.00,6.00,27.00,23.00,13415426,265
261.01,1568177475,4004.61,51.44330514,7.47668924,251.36,22.13,-0.13,261.90,1,-104.00,-9.00,2.00,9.00,26.00,23.00,13415426,265
262.01,1568177476,4026.74,51.44327560,7.47637550,250.80,22.06,-0.08,261.12,1,-104.00,-9.00,2.00,9.00,26.00,23.00,13415426,265
263.01,1568177477,4048.77,51.44324238,7.47606017,250.10,22.11,0.05,260.86,1,-103.00,-9.00,4.00,10.00,26.00,23.00,13415426,265
264.01,1568177478,4070.88,51.44321213,7.47574679,249.27,21.97,-0.14,260.69,1,-103.00,-9.00,4.00,10.00,26.00,23.00,13415426,265
265.01,1568177479,4092.89,51.44317987,7.47542036,248.23,22.11,0.14,260.01,1,-107.00,-10.00,4.00,8.00,23.00,23.00,13415426,265
266.01,1568177480,4114.98,51.44313937,7.47509644,247.41,22.70,0.59,258.71,1,-107.00,-10.00,4.00,8.00,23.00,23.00,13415426,265
267.01,1568177481,4137.69,51.44309822,7.47475889,246.46,22.76,0.05,258.83,1,-103.00,-8.00,0.00,2.00,33.00,23.00,13415426,265
268.01,1568177482,4160.47,51.44305690,7.47442641,245.55,22.80,0.04,258.82,1,-103.00,-8.00,0.00,2.00,33.00,23.00,13415426,265
269.01,1568177483,4183.33,51.44301641,7.47409967,244.77,23.18,0.38,259.46,1,-111.00,-12.00,1.00,2.00,22.00,23.00,13415426,265
270.01,1568177484,4206.49,51.44297527,7.47376595,244.00,23.80,0.62,259.43,1,-111.00,-12.00,1.00,2.00,22.00,23.00,13415426,265
271.01,1568177485,4230.26,51.44293345,7.47342818,243.43,24.63,0.84,259.64,1,-106.00,-10.00,6.00,2.00,24.00,23.00,13415426,265
272.01,1568177486,4254.90,51.44289018,7.47308042,242.94,24.98,0.35,259.50,1,-106.00,-10.00,6.00,2.00,24.00,23.00,13415426,265
273.01,1568177487,4279.88,51.44284658,7.47272570,242.40,25.39,0.41,258.98,1,-104.00,-9.00,5.00,2.00,25.00,23.00,13415426,265
274.01,1568177488,4305.26,51.44279822,7.47236639,241.83,25.93,0.54,257.69,1,-104.00,-9.00,5.00,2.00,25.00,23.00,13415426,265
275.02,1568177489,4331.45,51.44274710,7.47199592,241.35,26.29,0.36,257.12,1,-104.00,-8.00,10.00,2.00,24.00,23.00,13415426,265
276.01,1568177490,4357.48,51.44269577,7.47163246,240.89,26.34,0.05,257.98,1,-104.00,-8.00,10.00,2.00,24.00,23.00,13415426,265
277.01,1568177491,4383.84,51.44264412,7.47126675,240.53,26.68,0.34,258.52,1,-104.00,-8.00,10.00,2.00,24.00,23.00,13415426,265
278.01,1568177492,4410.49,51.44259255,7.47088031,239.91,27.09,0.41,258.17,1,-105.00,-8.00,5.00,2.00,22.00,23.00,13415426,265
279.01,1568177493,4437.55,51.44253919,7.47048618,239.48,27.43,0.34,257.19,1,-105.00,-8.00,5.00,2.00,22.00,23.00,13415426,265
280.01,1568177494,4465.01,51.44248492,7.47007938,238.82,28.55,1.12,257.50,1,-105.00,-7.00,7.00,2.00,22.00,23.00,13415426,265
281.01,1568177495,4493.59,51.44243031,7.46966545,238.00,28.99,0.44,258.06,1,-105.00,-7.00,7.00,2.00,22.00,23.00,13415426,265
282.01,1568177496,4522.55,51.44237307,7.46924181,237.14,28.32,-0.67,257.78,1,-105.00,-7.00,9.00,2.00,22.00,23.00,13415426,265
283.01,1568177497,4550.87,51.44232147,7.46884886,236.37,28.49,0.17,258.67,1,-105.00,-7.00,9.00,2.00,22.00,23.00,13415426,265
284.01,1568177498,4579.31,51.44227139,7.46844973,235.92,28.77,0.28,258.85,1,-105.00,-7.00,6.00,2.00,23.00,23.00,13415426,265
285.01,1568177499,4608.10,51.44221993,7.46804038,235.35,28.97,0.20,259.03,1,-105.00,-7.00,6.00,2.00,23.00,23.00,13415426,265
286.01,1568177500,4637.01,51.44217013,7.46763463,234.73,29.03,0.06,258.81,1,-109.00,-11.00,6.00,7.00,22.00,13.00,13415426,265
287.01,1568177501,4666.03,51.44212068,7.46722538,233.95,29.35,0.32,258.92,1,-109.00,-11.00,6.00,7.00,22.00,13.00,13415426,265
288.01,1568177502,4695.44,51.44207227,7.46680359,233.38,29.86,0.51,259.86,1,-110.00,-10.00,-3.00,4.00,20.00,13.00,13415426,265
289.01,1568177503,4725.30,51.44202336,7.46637127,232.71,30.32,0.46,259.42,1,-110.00,-10.00,-3.00,4.00,20.00,13.00,13415426,265
290.01,1568177504,4755.62,51.44197719,7.46593586,231.78,30.84,0.52,259.92,1,-111.00,-13.00,-2.00,6.00,22.00,13.00,13415426,265
291.01,1568177505,4786.46,51.44192935,7.46549266,230.97,30.92,0.09,260.62,1,-111.00,-13.00,-2.00,6.00,22.00,13.00,13415426,265
292.01,1568177506,4817.39,51.44188987,7.46505562,230.05,31.23,0.30,261.38,1,-108.00,-12.00,-1.00,6.00,23.00,13.00,13415427,265
293.01,1568177507,4848.68,51.44184999,7.46460771,229.08,31.55,0.32,262.31,1,-108.00,-12.00,-1.00,6.00,23.00,13.00,13415427,265
294.01,1568177508,4880.13,51.44180925,7.46415167,228.32,32.11,0.56,262.24,1,-110.00,-12.00,1.00,7.00,22.00,13.00,13415427,264
295.01,1568177509,4912.24,51.44177521,7.46369674,227.51,32.21,0.10,262.72,1,-110.00,-12.00,1.00,7.00,22.00,13.00,13415427,264
296.02,1568177510,4944.64,51.44173987,7.46323694,226.84,31.78,-0.43,263.44,1,-110.00,-10.00,5.00,6.00,20.00,13.00,13415427,264
297.01,1568177511,4976.26,51.44171177,7.46278946,226.28,31.59,-0.18,264.02,1,-110.00,-10.00,5.00,6.00,20.00,13.00,13415427,264
298.01,1568177512,5007.82,51.44168422,7.46234034,225.70,31.60,0.01,264.29,1,-110.00,-10.00,5.00,6.00,20.00,13.00,13415427,264
299.01,1568177513,5039.39,51.44165702,7.46188983,225.11,31.66,0.06,264.93,1,-103.00,-10.00,8.00,9.00,25.00,13.00,13415427,264
300.01,1568177514,5071.05,51.44163678,7.46143345,224.51,31.55,-0.10,265.82,1,-103.00,-10.00,8.00,9.00,25.00,13.00,13415427,264
301.01,1568177515,5102.63,51.44161723,7.46098348,224.20,31.71,0.16,266.48,1,-102.00,-13.00,7.00,10.00,32.00,13.00,13415427,264
302.01,1568177516,5134.35,51.44159900,7.46053222,223.89,31.72,0.00,266.58,1,-102.00,-13.00,7.00,10.00,32.00,13.00,13415427,264
303.01,1568177517,5166.03,51.44158393,7.46007494,223.57,31.62,-0.10,266.85,1,-101.00,-13.00,7.00,10.00,32.00,13.00,13415427,264
304.01,1568177518,5197.65,51.44157009,7.45962421,223.41,31.49,-0.13,267.81,1,-101.00,-13.00,7.00,10.00,32.00,13.00,13415427,264
305.01,1568177519,5229.14,51.44156370,7.45917496,223.24,31.49,-0.00,268.37,1,-96.00,-11.00,14.00,8.00,36.00,13.00,13415427,264
306.01,1568177520,5260.63,51.44155616,7.45872175,223.17,31.49,-0.00,268.45,1,-96.00,-11.00,14.00,8.00,36.00,13.00,13415427,264
307.01,1568177521,5292.12,51.44154738,7.45826853,222.99,31.46,-0.03,269.18,1,-97.00,-7.00,9.00,11.00,29.00,13.00,13415427,264
308.01,1568177522,5323.57,51.44153824,7.45781747,222.66,31.26,-0.20,269.29,1,-97.00,-7.00,9.00,11.00,29.00,13.00,13415427,264
309.01,1568177523,5354.83,51.44153686,7.45737048,222.50,30.74,-0.52,269.95,1,-103.00,-7.00,7.00,2.00,33.00,13.00,13415427,264
310.01,1568177524,5385.57,51.44153789,7.45693313,222.42,30.53,-0.21,270.30,1,-103.00,-7.00,7.00,2.00,33.00,13.00,13415427,264
311.01,1568177525,5416.13,51.44153891,7.45649763,222.33,29.86,-0.67,270.08,1,-104.00,-8.00,4.00,2.00,23.00,13.00,13415427,264
312.01,1568177526,5445.99,51.44154133,7.45607647,222.26,29.70,-0.15,270.41,1,-104.00,-8.00,4.00,2.00,23.00,13.00,13415427,264
313.01,1568177527,5475.69,51.44154367,7.45565252,222.27,29.88,0.18,270.64,1,-103.00,-8.00,11.00,2.00,24.00,13.00,13415427,264
314.01,1568177528,5505.57,51.44155277,7.45522212,222.15,30.07,0.19,271.61,1,-103.00,-8.00,11.00,2.00,24.00,13.00,13415427,264
315.01,1568177529,5535.67,51.44155779,7.45478505,221.85,29.66,-0.41,272.43,1,-102.00,-7.00,10.00,2.00,25.00,13.00,13415427,264
316.01,1568177530,5565.30,51.44335090,7.44640700,221.71,29.51,-0.15,272.86,1,-102.00,-7.00,10.00,2.00,25.00,13.00,13415427,264
317.02,1568177531,5595.04,51.44158514,7.45394174,221.73,29.46,-0.04,274.05,1,-100.00,-7.00,9.00,2.00,26.00,13.00,13415427,264
318.01,1568177532,5624.27,51.44160128,7.45351029,221.79,29.73,0.27,274.56,1,-100.00,-7.00,9.00,2.00,26.00,13.00,13415427,264
319.01,1568177533,5654.00,51.44162510,7.45309817,221.84,29.34,-0.39,275.63,1,-100.00,-7.00,9.00,2.00,26.00,13.00,13415427,264
320.01,1568177534,5683.35,51.44164966,7.45267737,222.07,29.56,0.21,275.31,1,-98.00,-8.00,1.00,2.00,30.00,13.00,13415427,264
321.01,1568177535,5712.87,51.44167892,7.45224304,222.46,29.65,0.09,275.92,1,-98.00,-8.00,1.00,2.00,30.00,13.00,13415427,264
322.01,1568177536,5742.55,51.44171401,7.45181569,222.89,30.13,0.48,276.89,1,-102.00,-11.00,1.00,2.00,29.00,13.00,13415427,264
323.00,1568177536,5772.54,51.44175038,7.45137140,223.41,30.75,0.62,276.76,1,-102.00,-11.00,1.00,2.00,29.00,13.00,13415427,264
324.01,1568177538,5803.41,51.44178434,7.45093002,224.19,31.08,0.33,277.18,1,-104.00,-11.00,5.00,2.00,26.00,13.00,13415427,264
325.01,1568177539,5834.49,51.44181918,7.45049837,224.69,31.27,0.18,277.75,1,-104.00,-11.00,5.00,2.00,26.00,13.00,13415427,264
326.01,1568177540,5865.79,51.44185644,7.45005135,225.02,31.44,0.17,277.79,1,-106.00,-9.00,7.00,10.00,22.00,17.00,13415427,264
327.01,1568177541,5897.19,51.44190184,7.44960193,225.22,31.93,0.50,278.70,1,-106.00,-9.00,7.00,10.00,22.00,17.00,13415427,264
328.01,1568177542,5929.19,51.44194734,7.44914422,225.24,32.27,0.33,278.02,1,-103.00,-12.00,7.00,8.00,29.00,17.00,13415427,264
329.01,1568177543,5961.39,51.44199624,7.44868074,225.47,32.02,-0.25,279.49,1,-103.00,-12.00,7.00,8.00,29.00,17.00,13415427,264
330.01,1568177544,5993.48,51.44204878,7.44822121,225.72,32.15,0.13,280.12,1,-108.00,-14.00,6.00,6.00,25.00,17.00,13415427,264
331.01,1568177545,6025.50,51.44210049,7.44776547,225.88,32.50,0.35,280.50,1,-108.00,-14.00,6.00,6.00,25.00,17.00,13415427,264
332.01,1568177546,6058.06,51.44215168,7.44730451,225.93,32.54,0.04,280.80,1,-97.00,-8.00,2.00,15.00,26.00,17.00,13415427,264
333.01,1568177547,6090.60,51.44220956,7.44684594,225.86,32.34,-0.19,281.70,1,-97.00,-8.00,2.00,15.00,26.00,17.00,13415427,264
334.01,1568177548,6122.91,51.44227001,7.44638315,225.33,32.36,0.01,282.38,1,-99.00,-8.00,28.00,8.00,31.00,17.00,13415427,264
335.01,1568177549,6155.30,51.44232961,7.44593215,224.72,32.33,-0.03,282.68,1,-99.00,-8.00,28.00,8.00,31.00,17.00,13415427,264
336.01,1568177550,6187.70,51.44335090,7.44640700,224.17,32.19,-0.14,283.27,1,-105.00,-12.00,-2.00,8.00,28.00,17.00,13415427,264
337.01,1568177551,6219.89,51.44246178,7.44502576,223.90,32.10,-0.08,283.30,1,-105.00,-12.00,-2.00,8.00,28.00,17.00,13415427,264
338.02,1568177552,6252.25,51.44252555,7.44457241,223.94,31.59,-0.51,283.49,1,-107.00,-11.00,-6.00,6.00,25.00,17.00,13415427,264
339.01,1568177553,6283.55,51.44258812,7.44413906,223.91,31.13,-0.46,283.76,1,-107.00,-11.00,-6.00,6.00,25.00,17.00,13415427,264
340.01,1568177554,6314.72,51.44265794,7.44370164,223.58,31.20,0.07,284.46,1,-107.00,-11.00,-6.00,6.00,25.00,17.00,13415427,264
341.01,1568177555,6345.88,51.44272775,7.44326421,223.31,31.37,0.17,284.96,1,-106.00,-13.00,-5.00,1.00,30.00,17.00,13415427,264
342.01,1568177556,6377.26,51.44279924,7.44282818,222.91,31.57,0.20,284.96,1,-106.00,-13.00,-5.00,1.00,30.00,17.00,13415427,264
343.01,1568177557,6408.80,51.44287768,7.44239042,222.37,31.80,0.23,285.88,1,-109.00,-14.00,1.00,2.00,35.00,17.00,13415427,264
344.01,1568177558,6440.60,51.44295710,7.44196128,221.52,31.81,0.01,286.15,1,-109.00,-14.00,1.00,2.00,35.00,17.00,13415427,264
345.01,1568177559,6472.51,51.44303579,7.44152759,220.95,31.45,-0.36,286.86,1,-106.00,-14.00,-3.00,2.00,27.00,17.00,13415427,264
346.01,1568177560,6503.99,51.44311377,7.44111108,220.31,31.34,-0.11,286.87,1,-106.00,-14.00,-3.00,2.00,27.00,17.00,13415427,264
347.01,1568177561,6535.26,51.44319991,7.44068875,219.58,31.25,-0.08,287.49,1,-112.00,-17.00,-6.00,3.00,26.00,24.00,13415427,264
348.01,1568177562,6566.52,51.44328461,7.44027331,218.81,31.19,-0.06,288.03,1,-112.00,-17.00,-6.00,3.00,26.00,24.00,13415427,264
349.01,1568177563,6597.77,51.44337447,7.43985909,217.98,31.10,-0.09,288.91,1,-101.00,-12.00,3.00,2.00,39.00,26.00,13246978,157
350.01,1568177564,6628.91,51.44346578,7.43943324,217.22,30.94,-0.16,289.20,1,-101.00,-12.00,3.00,2.00,39.00,26.00,13246978,157
351.01,1568177565,6659.73,51.44355722,7.43901295,216.43,31.03,0.09,289.20,1,-105.00,-10.00,-7.00,7.00,26.00,26.00,13246978,157
352.01,1568177566,6690.75,51.44365539,7.43859331,215.41,31.06,0.03,289.92,1,-105.00,-10.00,-7.00,7.00,26.00,26.00,13246978,157
353.01,1568177567,6721.81,51.44374999,7.43816891,214.80,30.99,-0.07,290.12,1,-105.00,-11.00,-4.00,7.00,28.00,26.00,13246978,157
354.01,1568177568,6752.80,51.44384260,7.43775092,214.27,30.91,-0.08,290.22,1,-105.00,-11.00,-4.00,7.00,28.00,26.00,13246978,157
355.01,1568177569,6783.71,51.44394214,7.43733993,213.80,30.31,-0.60,291.00,1,-103.00,-12.00,-3.00,8.00,28.00,26.00,13246978,157
356.01,1568177570,6814.02,51.44991920,7.44690220,213.80,30.59,0.29,291.87,1,-103.00,-12.00,-3.00,8.00,28.00,26.00,13246978,157
357.01,1568177571,6844.61,51.44413749,7.43650446,213.55,30.53,-0.07,291.98,1,-106.00,-15.00,-8.00,2.00,38.00,26.00,13246978,157
358.01,1568177572,6875.14,51.44424477,7.43610873,213.12,31.00,0.47,293.01,1,-106.00,-15.00,-8.00,2.00,38.00,26.00,13246978,157
359.02,1568177573,6906.45,51.44435878,7.43570703,212.93,31.01,0.02,293.20,1,-105.00,-13.00,5.00,2.00,28.00,26.00,13415427,264
360.01,1568177574,6937.21,51.44447616,7.43528901,212.85,31.38,0.37,293.22,1,-105.00,-13.00,5.00,2.00,28.00,26.00,13415427,264
361.01,1568177575,6968.56,51.44459464,7.43488527,212.32,31.87,0.49,294.43,1,-105.00,-13.00,5.00,2.00,28.00,26.00,13415427,264
362.04,1568177576,7001.26,51.44471788,7.43446755,211.96,31.99,0.12,295.20,1,-105.00,-13.00,-1.00,2.00,28.00,26.00,13415427,264
363.01,1568177577,7032.51,51.44484759,7.43404989,211.53,32.20,0.22,295.86,1,-105.00,-13.00,-1.00,2.00,28.00,26.00,13415427,264
364.01,1568177578,7064.71,51.44497694,7.43363822,211.03,31.98,-0.22,296.40,1,-107.00,-12.00,-3.00,6.00,26.00,34.00,13395457,264
365.01,1568177579,7096.69,51.44510457,7.43323993,210.24,31.76,-0.22,296.88,1,-107.00,-12.00,-3.00,6.00,26.00,34.00,13395457,264
366.01,1568177580,7128.39,51.44524586,7.43284492,209.27,31.94,0.17,299.37,1,-107.00,-13.00,-3.00,7.00,25.00,34.00,13395457,111
367.01,1568177581,7160.17,51.44538847,7.43245950,208.16,31.73,-0.20,299.44,1,-107.00,-13.00,-3.00,7.00,25.00,34.00,13395457,111
368.01,1568177582,7192.06,51.44554140,7.43207656,206.89,32.25,0.52,301.79,1,-107.00,-11.00,1.00,8.00,25.00,34.00,13395457,111
369.01,1568177583,7224.31,51.44569825,7.43169398,205.52,32.27,0.02,302.85,1,-107.00,-11.00,1.00,8.00,25.00,34.00,13395457,111
370.01,1568177584,7256.55,51.44586438,7.43131030,204.06,32.34,0.07,303.99,1,-105.00,-11.00,1.00,7.00,28.00,34.00,13395457,111
371.01,1568177585,7288.90,51.44604164,7.43092873,202.59,33.08,0.74,306.11,1,-105.00,-11.00,1.00,7.00,28.00,34.00,13395457,111
372.01,1568177586,7321.91,51.44622666,7.43055522,201.14,33.43,0.35,308.04,1,-103.00,-9.00,5.00,10.00,25.00,34.00,13395457,111
373.01,1568177587,7355.34,51.44641546,7.43018842,199.68,33.02,-0.41,309.16,1,-103.00,-9.00,5.00,10.00,25.00,34.00,13395457,111
374.01,1568177588,7388.39,51.44661595,7.42982451,197.74,33.23,0.21,310.84,1,-93.00,-7.00,16.00,1.00,35.00,34.00,13395457,111
375.01,1568177589,7421.62,51.44681793,7.42947915,195.16,33.91,0.68,312.53,1,-93.00,-7.00,16.00,1.00,35.00,34.00,13395457,111
376.01,1568177590,7455.53,51.44684480,7.42838540,193.08,34.22,0.31,314.10,1,-93.00,-6.00,21.00,15.00,33.00,34.00,13395457,111
377.01,1568177591,7489.72,51.44724262,7.42878861,191.07,34.15,-0.07,314.61,1,-93.00,-6.00,21.00,15.00,33.00,34.00,13395457,111
378.01,1568177592,7523.87,51.44745870,7.42845656,189.01,34.01,-0.14,315.80,1,-90.00,-11.00,19.00,15.00,40.00,34.00,13395457,111
379.01,1568177593,7557.84,51.44767666,7.42813624,187.08,33.74,-0.27,317.24,1,-90.00,-11.00,19.00,15.00,40.00,34.00,13395457,111
380.02,1568177594,7591.92,51.44789582,7.42782704,185.25,33.36,-0.38,318.65,1,-93.00,-7.00,30.00,11.00,35.00,34.00,13395457,111
381.01,1568177595,7625.02,51.44812060,7.42752833,183.45,33.58,0.22,320.45,1,-93.00,-7.00,30.00,11.00,35.00,34.00,13395457,111
382.01,1568177596,7658.60,51.44835171,7.42723259,181.68,33.59,0.01,321.58,1,-93.00,-7.00,30.00,11.00,35.00,34.00,13395457,111
383.01,1568177597,7692.18,51.44859493,7.42694318,180.02,34.00,0.41,323.82,1,-98.00,-7.00,18.00,11.00,29.00,34.00,13395457,111
384.01,1568177598,7726.21,51.44883890,7.42665494,178.48,34.31,0.31,324.25,1,-98.00,-7.00,18.00,11.00,29.00,34.00,13395457,111
385.01,1568177599,7760.45,51.44909055,7.42638097,177.01,34.35,0.05,326.30,1,-96.00,-7.00,21.00,11.00,31.00,34.00,13395457,111
386.01,1568177600,7794.84,51.44934606,7.42611627,175.53,34.42,0.07,327.35,1,-96.00,-7.00,21.00,11.00,31.00,34.00,13395457,111
387.01,1568177601,7829.26,51.44960458,7.42585705,173.88,34.35,-0.06,328.57,1,-92.00,-6.00,17.00,12.00,33.00,34.00,13395457,111
388.01,1568177602,7863.58,51.44986067,7.42561037,172.64,34.34,-0.01,329.92,1,-92.00,-6.00,17.00,12.00,33.00,34.00,13395457,111
389.01,1568177603,7897.98,51.45012792,7.42536935,171.47,34.69,0.35,331.67,1,-99.00,-6.00,9.00,2.00,27.00,34.00,13395457,111
390.01,1568177604,7932.68,51.45040169,7.42513520,170.34,35.09,0.40,332.98,1,-99.00,-6.00,9.00,2.00,27.00,34.00,13395457,111
391.01,1568177605,7967.73,51.45068465,7.42491108,169.68,34.99,-0.10,334.24,1,-112.00,-6.00,11.00,2.00,13.00,34.00,13395469,221
392.01,1568177606,8002.72,51.45097959,7.42469877,169.49,34.40,-0.59,336.02,1,-112.00,-6.00,11.00,2.00,13.00,34.00,13395469,221
393.01,1568177607,8037.12,51.45126513,7.42450486,169.20,33.92,-0.48,337.32,1,-113.00,-7.00,10.00,2.00,11.00,34.00,13395469,221
394.01,1568177608,8071.01,51.45153847,7.42432290,168.98,33.32,-0.60,338.25,1,-113.00,-7.00,10.00,2.00,11.00,34.00,13395469,221
395.01,1568177609,8104.36,51.45180999,7.42416414,168.64,33.16,-0.16,340.02,1,-114.00,-7.00,10.00,2.00,11.00,34.00,13395469,221
396.01,1568177610,8137.53,51.45905470,7.41220730,167.96,31.31,-1.85,341.62,1,-114.00,-7.00,10.00,2.00,11.00,34.00,13395469,221
397.01,1568177611,8168.87,51.45233344,7.42388700,167.30,29.94,-1.37,342.15,1,-112.00,-7.00,15.00,2.00,13.00,34.00,13395469,221
398.01,1568177612,8198.81,51.45258590,7.42375414,166.81,29.73,-0.21,342.17,1,-112.00,-7.00,15.00,2.00,13.00,34.00,13395469,221
399.01,1568177613,8228.51,51.45283469,7.42362533,166.20,29.51,-0.22,342.61,1,-110.00,-6.00,16.00,2.00,16.00,34.00,13395469,221
400.01,1568177614,8258.01,51.45308549,7.42350876,165.45,29.22,-0.29,343.24,1,-110.00,-6.00,16.00,2.00,16.00,34.00,13395469,221
401.01,1568177615,8287.23,51.45333818,7.42339511,164.31,29.23,0.02,343.71,1,-105.00,-6.00,15.00,2.00,19.00,34.00,13395469,221
402.01,1568177616,8316.49,51.45359255,7.42327763,162.90,29.37,0.13,343.97,1,-105.00,-6.00,15.00,2.00,19.00,34.00,13395469,221
403.02,1568177617,8346.12,51.45383381,7.42316598,161.83,29.30,-0.07,344.12,1,-104.00,-5.00,11.00,2.00,20.00,34.00,13395469,221
404.01,1568177618,8375.16,51.45407816,7.42305525,160.79,29.40,0.11,343.75,1,-104.00,-5.00,11.00,2.00,20.00,34.00,13395469,221
405.01,1568177619,8404.56,51.45432416,7.42294367,159.85,29.55,0.15,343.74,1,-104.00,-5.00,11.00,2.00,20.00,34.00,13395469,221
406.01,1568177620,8434.11,51.45457398,7.42282739,158.99,29.54,-0.01,343.47,1,-105.00,-6.00,10.00,2.00,19.00,34.00,13395469,221
407.01,1568177621,8463.66,51.45482294,7.42271097,158.30,29.34,-0.20,343.39,1,-105.00,-6.00,10.00,2.00,19.00,34.00,13395469,221
408.01,1568177622,8493.00,51.45507350,7.42259272,157.56,29.31,-0.03,343.05,1,-106.00,-6.00,8.00,2.00,19.00,34.00,13395469,221
409.01,1568177623,8522.30,51.45532557,7.42247378,156.92,29.20,-0.10,343.46,1,-106.00,-6.00,8.00,2.00,19.00,34.00,13395469,221
410.01,1568177624,8551.45,51.45557941,7.42235338,155.95,29.28,0.07,342.35,1,-105.00,-6.00,8.00,2.00,20.00,34.00,13395469,221
411.01,1568177625,8580.73,51.45582571,7.42222666,155.09,28.90,-0.38,342.12,1,-105.00,-6.00,8.00,2.00,20.00,34.00,13395469,221
412.01,1568177626,8609.72,51.45607121,7.42209841,154.34,28.54,-0.36,341.68,1,-104.00,-6.00,10.00,2.00,21.00,34.00,13395469,221
413.01,1568177627,8638.22,51.45630873,7.42196155,153.65,28.42,-0.12,340.10,1,-104.00,-6.00,10.00,2.00,21.00,34.00,13395469,221
414.01,1568177628,8666.61,51.45654354,7.42182324,153.14,28.16,-0.26,339.53,1,-104.00,-6.00,10.00,2.00,21.00,34.00,13395469,221
415.01,1568177629,8694.80,51.45677187,7.42167555,152.70,27.69,-0.47,338.35,1,-104.00,-6.00,10.00,2.00,21.00,34.00,13395469,221
416.01,1568177630,8722.49,51.45905470,7.41220730,152.40,27.84,0.15,337.86,1,-106.00,-6.00,0.00,2.00,19.00,34.00,13395469,221
417.01,1568177631,8750.33,51.45722412,7.42136588,152.13,27.83,-0.01,336.27,1,-106.00,-6.00,0.00,2.00,19.00,34.00,13395469,221
418.01,1568177632,8778.13,51.45745224,7.42120345,151.89,27.94,0.11,335.66,1,-105.00,-6.00,9.00,2.00,20.00,34.00,13395469,221
419.01,1568177633,8806.07,51.45767838,7.42103170,151.65,28.12,0.18,334.76,1,-105.00,-6.00,9.00,2.00,20.00,34.00,13395469,221
420.01,1568177634,8834.19,51.45790476,7.42085844,151.36,28.37,0.25,334.49,1,-104.00,-6.00,19.00,2.00,22.00,34.00,13395469,221
421.01,1568177635,8862.56,51.45813249,7.42067580,151.11,28.60,0.23,333.73,1,-104.00,-6.00,19.00,2.00,22.00,34.00,13395469,221
422.01,1568177636,8891.13,51.45836038,7.42048856,151.14,28.65,0.05,332.76,1,-102.00,-6.00,8.00,2.00,23.00,34.00,13395469,221
423.01,1568177637,8919.77,51.45858459,7.42029611,150.90,29.17,0.53,332.06,1,-102.00,-6.00,8.00,2.00,23.00,34.00,13395469,221
424.02,1568177638,8949.24,51.45881987,7.42009722,150.22,29.10,-0.08,331.16,1,-100.00,-5.00,18.00,2.00,24.00,34.00,13395469,221
425.01,1568177639,8978.08,51.45905467,7.41988565,149.50,29.17,0.07,330.48,1,-100.00,-5.00,18.00,2.00,24.00,34.00,13395469,221
426.01,1568177640,9007.24,51.45927353,7.41968777,148.77,28.81,-0.35,329.59,1,-100.00,-5.00,18.00,2.00,24.00,34.00,13395469,221
427.01,1568177641,9036.03,51.45949000,7.41947477,147.99,28.89,0.07,328.78,1,-99.00,-5.00,24.00,2.00,26.00,34.00,13395469,221
428.01,1568177642,9064.92,51.45971565,7.41925250,147.37,28.94,0.05,327.94,1,-99.00,-5.00,24.00,2.00,26.00,34.00,13395469,221
429.01,1568177643,9093.86,51.45994918,7.41901403,147.07,29.25,0.31,327.18,1,-96.00,-5.00,14.00,2.00,29.00,34.00,13395469,221
430.01,1568177644,9123.13,51.46017491,7.41877403,147.05,29.38,0.14,325.91,1,-96.00,-5.00,14.00,2.00,29.00,34.00,13395469,221
431.01,1568177645,9152.49,51.46039216,7.41853943,147.01,29.72,0.33,324.99,1,-95.00,-5.00,4.00,2.00,29.00,34.00,13395469,221
432.01,1568177646,9182.20,51.46061851,7.41828769,147.09,29.91,0.19,324.31,1,-95.00,-5.00,4.00,2.00,29.00,34.00,13395469,221
433.01,1568177647,9212.11,51.46084165,7.41803611,147.23,30.12,0.21,323.37,1,-97.00,-6.00,19.00,2.00,28.00,34.00,13395469,221
434.01,1568177648,9242.23,51.46106017,7.41777071,147.51,30.42,0.30,322.53,1,-97.00,-6.00,19.00,2.00,28.00,34.00,13395469,221
435.01,1568177649,9272.68,51.46127252,7.41749470,147.46,30.62,0.20,320.94,1,-96.00,-6.00,23.00,2.00,30.00,34.00,13395469,221
436.01,1568177649,9303.18,51.45905470,7.41220730,147.45,31.01,0.39,320.45,1,-96.00,-6.00,23.00,2.00,30.00,34.00,13395469,221
437.01,1568177651,9334.28,51.46169530,7.41693686,147.35,31.24,0.23,319.96,1,-93.00,-6.00,-3.00,2.00,33.00,34.00,13395469,221
438.01,1568177652,9365.49,51.46191026,7.41664216,147.52,31.57,0.32,319.55,1,-93.00,-6.00,-3.00,2.00,33.00,34.00,13395469,221
439.01,1568177653,9397.02,51.46212474,7.41633488,147.49,31.93,0.36,318.35,1,-99.00,-9.00,17.00,9.00,29.00,7.00,13395469,221
440.01,1568177654,9429.05,51.46234203,7.41602574,147.30,32.23,0.30,317.52,1,-99.00,-9.00,17.00,9.00,29.00,7.00,13395469,221
441.01,1568177655,9461.25,51.46254996,7.41570799,147.33,32.48,0.25,316.25,1,-99.00,-6.00,5.00,12.00,26.00,7.00,13395469,221
442.01,1568177656,9493.73,51.46276059,7.41538654,147.44,32.78,0.30,315.47,1,-99.00,-6.00,5.00,12.00,26.00,7.00,13395469,221
443.01,1568177657,9526.57,51.46296769,7.41505155,147.81,33.01,0.23,314.77,1,-105.00,-7.00,7.00,14.00,23.00,7.00,13395469,221
444.01,1568177658,9559.54,51.46317386,7.41470821,148.14,33.28,0.27,313.52,1,-105.00,-7.00,7.00,14.00,23.00,7.00,13395469,221
445.02,1568177659,9593.02,51.46338135,7.41436197,148.42,33.33,0.06,312.65,1,-93.00,-4.00,8.00,10.00,32.00,7.00,13395469,221
446.01,1568177660,9626.12,51.46358225,7.41400747,148.78,32.99,-0.34,312.04,1,-93.00,-4.00,8.00,10.00,32.00,7.00,13395469,221
447.01,1568177661,9659.11,51.46378147,7.41365569,149.11,33.04,0.05,311.76,1,-93.00,-4.00,8.00,10.00,32.00,7.00,13395469,221
448.01,1568177662,9692.25,51.46397325,7.41331012,149.21,33.18,0.13,311.54,1,-111.00,-8.00,1.00,7.00,17.00,7.00,13395469,221
449.01,1568177663,9725.40,51.46416132,7.41294937,149.15,33.22,0.04,309.99,1,-111.00,-8.00,1.00,7.00,17.00,7.00,13395469,221
450.01,1568177664,9758.59,51.46435363,7.41258197,149.16,33.27,0.05,309.88,1,-104.00,-5.00,20.00,8.00,17.00,7.00,13395469,221
451.01,1568177665,9791.85,51.46454690,7.41220992,149.49,33.24,-0.03,309.00,1,-104.00,-5.00,20.00,8.00,17.00,7.00,13395469,221
452.01,1568177666,9825.06,51.46473683,7.41184011,149.98,32.88,-0.36,309.00,1,-101.00,-6.00,7.00,2.00,34.00,7.00,13395469,221
453.01,1568177667,9857.93,51.46491916,7.41146837,150.48,32.33,-0.54,308.63,1,-101.00,-6.00,7.00,2.00,34.00,7.00,13395469,221
454.01,1568177668,9890.37,51.46509878,7.41109754,151.04,32.32,-0.01,308.43,1,-107.00,-6.00,-1.00,2.00,16.00,7.00,13395469,221
455.01,1568177669,9922.68,51.46527935,7.41073024,151.41,32.44,0.12,308.14,1,-107.00,-6.00,-1.00,2.00,16.00,7.00,13395469,221
456.01,1568177670,9955.03,51.45905470,7.41220730,151.40,32.68,0.24,308.06,1,-120.00,-11.00,-2.00,7.00,11.00,15.00,13532430,221
457.01,1568177671,9987.74,51.46564153,7.41000504,151.43,33.05,0.37,308.07,1,-120.00,-11.00,-2.00,7.00,11.00,15.00,13532430,221
458.01,1568177672,10020.76,51.46582442,7.40963081,151.51,33.12,0.07,307.96,1,-103.00,-6.00,2.00,6.00,22.00,5.00,13395469,221
459.01,1568177673,10053.91,51.46600796,7.40925345,151.73,33.44,0.32,307.90,1,-103.00,-6.00,2.00,6.00,22.00,5.00,13395469,221
460.01,1568177674,10087.35,51.46619323,7.40887321,151.89,33.70,0.26,308.41,1,-80.00,-5.00,11.00,14.00,44.00,5.00,13395458,112
461.01,1568177675,10121.05,51.46638510,7.40848850,151.89,33.90,0.20,308.40,1,-80.00,-5.00,11.00,14.00,44.00,5.00,13395458,112
462.01,1568177676,10154.98,51.46657443,7.40810775,151.77,34.38,0.48,308.57,1,-87.00,-6.00,8.00,10.00,39.00,5.00,13395458,112
463.01,1568177677,10189.36,51.46676437,7.40771978,151.75,34.67,0.29,308.68,1,-87.00,-6.00,8.00,10.00,39.00,5.00,13395458,112
464.01,1568177678,10224.03,51.46695446,7.40733354,151.66,34.55,-0.12,309.13,1,-81.00,-5.00,-1.00,15.00,44.00,5.00,13395458,112
465.01,1568177679,10258.58,51.46714871,7.40694192,151.74,34.42,-0.13,309.55,1,-81.00,-5.00,-1.00,15.00,44.00,5.00,13395458,112
466.02,1568177680,10293.17,51.46734611,7.40654771,152.05,34.48,0.06,309.60,1,-79.00,-6.00,-15.00,6.00,55.00,8.00,13395458,112
467.01,1568177681,10327.44,51.46755395,7.40616406,152.33,34.53,0.05,310.07,1,-79.00,-6.00,-15.00,6.00,55.00,8.00,13395458,112
468.01,1568177682,10361.97,51.46775224,7.40579004,152.65,34.58,0.05,310.47,1,-79.00,-6.00,-15.00,6.00,55.00,8.00,13395458,112
469.01,1568177683,10396.59,51.46796208,7.40540400,152.99,34.74,0.15,311.03,1,-80.00,-6.00,16.00,8.00,44.00,8.00,13395458,112
470.01,1568177684,10431.29,51.46816968,7.40502676,153.55,34.76,0.03,311.19,1,-80.00,-6.00,16.00,8.00,44.00,8.00,13395458,112
471.01,1568177685,10466.09,51.46837920,7.40464701,154.13,34.90,0.14,312.03,1,-87.00,-6.00,14.00,2.00,47.00,8.00,13395458,112
472.01,1568177686,10500.99,51.46859528,7.40426527,154.95,35.05,0.15,312.36,1,-87.00,-6.00,14.00,2.00,47.00,8.00,13395458,112
473.01,1568177687,10536.01,51.46880940,7.40388898,155.75,35.10,0.05,312.61,1,-80.00,-5.00,3.00,2.00,45.00,8.00,13395458,112
474.01,1568177688,10571.08,51.46902534,7.40350768,156.62,35.36,0.26,313.00,1,-80.00,-5.00,3.00,2.00,45.00,8.00,13395458,112
475.01,1568177689,10606.55,51.46925124,7.40313687,157.73,35.33,-0.03,313.76,1,-86.00,-7.00,-6.00,2.00,41.00,8.00,13395458,112
476.01,1568177690,10641.85,51.46947830,7.40276832,158.64,35.67,0.33,313.96,1,-86.00,-7.00,-6.00,2.00,41.00,8.00,13395458,112
477.01,1568177691,10677.45,51.46970096,7.40239985,159.07,35.46,-0.21,314.59,1,-93.00,-12.00,-12.00,2.00,41.00,17.00,13022465,112
478.01,1568177692,10712.91,51.46992536,7.40204312,159.80,35.06,-0.40,314.82,1,-93.00,-12.00,-12.00,2.00,41.00,17.00,13022465,112
479.01,1568177693,10747.96,51.47014261,7.40170077,160.40,34.14,-0.92,315.72,1,-88.00,-7.00,10.00,15.00,39.00,17.00,13022465,205
480.01,1568177694,10782.14,51.47037557,7.40137150,160.90,33.77,-0.37,317.69,1,-88.00,-7.00,10.00,15.00,39.00,17.00,13022465,205
481.01,1568177695,10815.80,51.47060184,7.40105247,161.35,33.11,-0.66,317.89,1,-87.00,-7.00,17.00,15.00,43.00,17.00,13022465,205
482.01,1568177695,10848.88,51.47082407,7.40073642,161.78,32.46,-0.65,316.98,1,-87.00,-7.00,17.00,15.00,43.00,17.00,13022465,205
483.01,1568177697,10881.44,51.47103892,7.40042823,162.28,31.77,-0.69,317.18,1,-90.00,-12.00,12.00,9.00,42.00,17.00,13022465,205
484.01,1568177698,10913.24,51.47124563,7.40013233,162.61,31.13,-0.64,317.38,1,-90.00,-12.00,12.00,9.00,42.00,17.00,13022465,205
485.01,1568177699,10944.34,51.47144771,7.39984109,162.81,29.89,-1.23,317.70,1,-88.00,-10.00,13.00,10.00,43.00,17.00,13022465,205
486.01,1568177700,10974.26,51.47164247,7.39955929,163.01,28.44,-1.45,317.82,1,-88.00,-10.00,13.00,10.00,43.00,17.00,13022465,205
487.02,1568177701,11002.93,51.47183074,7.39928701,163.22,27.73,-0.70,318.38,1,-86.00,-7.00,22.00,12.00,41.00,17.00,13022465,205
488.01,1568177702,11030.41,51.47201435,7.39902279,163.39,27.25,-0.49,318.58,1,-86.00,-7.00,22.00,12.00,41.00,17.00,13022465,205
489.01,1568177703,11057.61,51.47219686,7.39877135,163.58,26.82,-0.43,319.29,1,-86.00,-7.00,22.00,12.00,41.00,17.00,13022465,205
490.01,1568177704,11084.51,51.47237633,7.39852085,163.72,26.15,-0.67,319.11,1,-88.00,-7.00,17.00,13.00,38.00,17.00,13022465,205
491.01,1568177705,11110.65,51.47255282,7.39827399,163.95,25.61,-0.54,319.10,1,-88.00,-7.00,17.00,13.00,38.00,17.00,13022465,205
492.01,1568177706,11136.24,51.47272459,7.39803412,164.24,25.09,-0.52,319.14,1,-89.00,-6.00,21.00,15.00,36.00,17.00,13022465,205
493.01,1568177707,11161.33,51.47289209,7.39780049,164.51,24.54,-0.55,319.77,1,-89.00,-6.00,21.00,15.00,36.00,17.00,13022465,205
494.01,1568177707,11185.80,51.47305677,7.39756980,164.78,24.20,-0.34,320.16,1,-87.00,-5.00,18.00,15.00,40.00,17.00,13022465,205
495.01,1568177709,11210.07,51.47321827,7.39734188,164.98,23.76,-0.44,320.16,1,-87.00,-5.00,18.00,15.00,40.00,17.00,13022465,205
496.01,1568177710,11233.83,51.47416860,7.39766960,165.15,23.14,-0.62,320.63,1,-82.00,-7.00,25.00,15.00,45.00,17.00,13022465,205
497.01,1568177711,11256.97,51.47353823,7.39691180,165.34,23.07,-0.07,321.28,1,-82.00,-7.00,25.00,15.00,45.00,17.00,13022465,205
498.01,1568177712,11280.07,51.47369679,7.39669964,165.57,22.96,-0.11,321.44,1,-86.00,-6.00,18.00,10.00,40.00,17.00,13022465,205
499.01,1568177713,11303.03,51.47386013,7.39649533,165.76,22.83,-0.14,322.22,1,-86.00,-6.00,18.00,10.00,40.00,17.00,13022465,205
500.01,1568177714,11325.83,51.47402327,7.39629077,165.96,22.85,0.02,322.33,1,-82.00,-6.00,22.00,15.00,44.00,17.00,13022465,205
501.01,1568177715,11348.68,51.47418546,7.39608943,166.24,22.83,-0.02,323.16,1,-82.00,-6.00,22.00,15.00,44.00,17.00,13022465,205
502.01,1568177716,11371.51,51.47435211,7.39588001,166.72,22.87,0.04,323.19,1,-82.00,-6.00,19.00,15.00,43.00,17.00,13022465,205
503.01,1568177717,11394.39,51.47451734,7.39568951,167.13,23.06,0.19,323.92,1,-82.00,-6.00,19.00,15.00,43.00,17.00,13022465,205
504.01,1568177718,11417.44,51.47468847,7.39549060,167.52,23.15,0.09,324.62,1,-77.00,-6.00,22.00,15.00,49.00,17.00,13022465,205
505.01,1568177719,11440.57,51.47486104,7.39530255,167.91,23.32,0.16,326.00,1,-77.00,-6.00,22.00,15.00,49.00,17.00,13022465,205
506.01,1568177720,11463.94,51.47503873,7.39512107,168.26,23.52,0.20,327.58,1,-74.00,-5.00,30.00,15.00,51.00,17.00,13022465,205
507.01,1568177721,11487.46,51.47522070,7.39494077,168.67,23.54,0.02,328.70,1,-74.00,-5.00,30.00,15.00,51.00,17.00,13022465,205
508.02,1568177722,11511.20,51.47540946,7.39475988,168.85,23.89,0.35,329.21,1,-72.00,-6.00,26.00,2.00,62.00,17.00,13022465,205
509.01,1568177723,11534.86,51.47559014,7.39458752,169.22,24.28,0.39,329.30,1,-72.00,-6.00,26.00,2.00,62.00,17.00,13022465,205
510.01,1568177724,11559.16,51.47576726,7.39441664,169.39,24.00,-0.28,329.48,1,-72.00,-6.00,26.00,2.00,62.00,17.00,13022465,205
511.01,1568177725,11583.18,51.47595017,7.39424650,169.75,23.51,-0.49,330.04,1,-97.00,-7.00,16.00,2.00,29.00,17.00,13067529,354
512.01,1568177726,11606.67,51.47613575,7.39408604,169.95,23.28,-0.23,331.34,1,-97.00,-7.00,16.00,2.00,29.00,17.00,13067529,354
513.01,1568177727,11629.95,51.47632336,7.39391917,170.26,23.28,-0.00,332.33,1,-98.00,-6.00,17.00,2.00,26.00,17.00,13067529,354
514.01,1568177728,11653.21,51.47650943,7.39376964,170.66,23.04,-0.24,333.30,1,-98.00,-6.00,17.00,2.00,26.00,17.00,13067529,354
515.01,1568177729,11676.27,51.47669587,7.39362806,171.19,22.72,-0.32,334.58,1,-100.00,-6.00,15.00,2.00,22.00,17.00,13067529,354
516.01,1568177730,11698.99,51.47527380,7.39585370,171.68,22.15,-0.57,336.37,1,-100.00,-6.00,15.00,2.00,22.00,17.00,13067529,354
517.01,1568177731,11721.14,51.47706553,7.39337974,172.14,21.85,-0.29,337.51,1,-104.00,-6.00,20.00,2.00,19.00,17.00,13067529,354
518.01,1568177732,11743.00,51.47725173,7.39326794,172.75,21.57,-0.29,338.99,1,-104.00,-6.00,20.00,2.00,19.00,17.00,13067529,354
519.01,1568177733,11764.56,51.47744010,7.39316974,173.58,20.79,-0.78,341.93,1,-103.00,-6.00,23.00,2.00,21.00,17.00,13067529,354
520.01,1568177734,11785.35,51.47761279,7.39310865,174.59,20.58,-0.20,348.50,1,-103.00,-6.00,23.00,2.00,21.00,17.00,13067529,354
521.01,1568177735,11805.94,51.47778688,7.39306734,175.22,19.74,-0.85,353.28,1,-102.00,-6.00,24.00,2.00,23.00,17.00,13067529,354
522.01,1568177736,11825.65,51.47795658,7.39306690,175.44,19.06,-0.68,2.17,1,-102.00,-6.00,24.00,2.00,23.00,17.00,13067529,354
523.01,1568177737,11844.71,51.47811919,7.39308228,175.86,19.28,0.21,3.76,1,-102.00,-6.00,24.00,2.00,22.00,17.00,13067529,354
524.01,1568177738,11863.99,51.47829304,7.39312481,176.06,18.82,-0.46,6.72,1,-102.00,-6.00,24.00,2.00,22.00,17.00,13067529,354
525.01,1568177739,11882.81,51.47846929,7.39318575,176.40,19.11,0.29,10.58,1,-103.00,-6.00,26.00,2.00,22.00,17.00,13067529,354
526.01,1568177740,11901.92,51.47861797,7.39330606,176.66,19.17,0.06,24.21,1,-103.00,-6.00,26.00,2.00,22.00,17.00,13067529,354
527.01,1568177741,11921.08,51.47876124,7.39344080,177.19,18.03,-1.14,26.85,1,-98.00,-6.00,25.00,2.00,27.00,17.00,13067529,354
528.01,1568177742,11939.11,51.47889832,7.39357259,177.68,17.09,-0.93,28.83,1,-98.00,-6.00,25.00,2.00,27.00,17.00,13067529,354
529.02,1568177743,11956.41,51.47903560,7.39370825,177.86,16.59,-0.50,29.88,1,-91.00,-6.00,26.00,2.00,33.00,17.00,13067529,354
530.01,1568177743,11972.75,51.47917422,7.39377389,178.42,14.60,-2.02,15.11,1,-91.00,-6.00,26.00,2.00,33.00,17.00,13067529,354
531.01,1568177745,11987.40,51.47930322,7.39379321,178.81,14.42,-0.18,1.69,1,-91.00,-6.00,26.00,2.00,33.00,17.00,13067529,354
532.01,1568177746,12001.81,51.47940445,7.39377581,179.47,14.32,-0.09,348.44,1,-79.00,-6.00,30.00,14.00,47.00,6.00,13067529,354
533.01,1568177747,12016.14,51.47950982,7.39373801,180.04,14.09,-0.23,344.70,1,-79.00,-6.00,30.00,14.00,47.00,6.00,13067529,354
534.01,1568177748,12030.26,51.47962457,7.39367868,180.47,14.43,0.33,341.30,1,-80.00,-5.00,32.00,11.00,45.00,6.00,13067529,354
535.01,1568177749,12044.68,51.47974537,7.39359909,181.23,14.52,0.09,338.96,1,-80.00,-5.00,32.00,11.00,45.00,6.00,13067529,354
536.01,1568177750,12059.21,51.47527380,7.39585370,181.95,14.18,-0.33,337.79,1,-94.00,-8.00,7.00,11.00,41.00,5.00,13022465,205
537.01,1568177751,12073.37,51.47997608,7.39344301,182.77,13.31,-0.88,337.99,1,-94.00,-8.00,7.00,11.00,41.00,5.00,13022465,205
538.01,1568177752,12086.69,51.48008505,7.39341827,183.36,11.52,-1.78,353.10,1,-91.00,-14.00,13.00,12.00,43.00,5.00,13022465,205
539.01,1568177753,12098.20,51.48018377,7.39344713,183.49,10.73,-0.79,12.39,1,-91.00,-14.00,13.00,12.00,43.00,5.00,13022465,205
540.01,1568177754,12108.95,51.48025948,7.39352481,184.01,11.19,0.45,35.02,1,-64.00,-5.00,8.00,6.00,63.00,5.00,13067529,354
541.01,1568177755,12120.12,51.48032017,7.39364755,184.48,11.65,0.47,57.28,1,-64.00,-5.00,8.00,6.00,63.00,5.00,13067529,354
542.01,1568177756,12131.77,51.48037801,7.39378210,184.73,12.76,1.11,58.15,1,-65.00,-4.00,30.00,15.00,58.00,5.00,28365058,354
543.01,1568177757,12144.49,51.48043971,7.39394285,184.91,13.85,1.10,58.86,1,-65.00,-4.00,30.00,15.00,58.00,5.00,28365058,354
544.01,1568177758,12158.38,51.48050380,7.39411862,185.23,15.02,1.16,59.50,1,-87.00,-8.00,3.00,6.00,38.00,12.00,13532162,198
545.01,1568177759,12173.39,51.48057706,7.39431083,185.57,15.68,0.66,59.85,1,-87.00,-8.00,3.00,6.00,38.00,12.00,13532162,198
546.01,1568177760,12189.10,51.48064729,7.39451379,185.98,16.06,0.38,59.95,1,-98.00,-10.00,10.00,7.00,31.00,12.00,13532162,198
547.01,1568177761,12205.16,51.48071794,7.39471741,186.41,16.29,0.23,60.17,1,-98.00,-10.00,10.00,7.00,31.00,12.00,13532162,198
548.01,1568177762,12221.45,51.48079148,7.39493431,186.62,16.68,0.39,59.27,1,-86.00,-8.00,9.00,9.00,41.00,12.00,13532162,198
549.01,1568177763,12238.11,51.48086439,7.39514727,186.69,16.83,0.15,58.96,1,-86.00,-8.00,9.00,9.00,41.00,12.00,13532162,198
550.02,1568177764,12255.09,51.48094116,7.39536160,186.62,16.71,-0.12,58.61,1,-88.00,-8.00,19.00,9.00,39.00,12.00,13532162,198
551.01,1568177765,12271.66,51.48101999,7.39558382,186.70,16.97,0.26,58.96,1,-88.00,-8.00,19.00,9.00,39.00,12.00,13532162,198
552.01,1568177766,12288.63,51.48109324,7.39578954,186.88,16.97,-0.00,59.80,1,-88.00,-8.00,19.00,9.00,39.00,12.00,13532162,198
553.01,1568177767,12305.58,51.48116894,7.39599672,186.89,17.13,0.16,59.30,1,-87.00,-7.00,18.00,11.00,41.00,12.00,13532162,198
554.01,1568177768,12322.69,51.48124667,7.39621008,187.05,17.03,-0.10,59.95,1,-87.00,-7.00,18.00,11.00,41.00,12.00,13532162,198
555.01,1568177769,12339.77,51.48131992,7.39641747,187.24,17.01,-0.02,59.98,1,-93.00,-9.00,7.00,2.00,36.00,12.00,13532162,198
556.01,1568177770,12356.78,51.48139726,7.39663293,187.56,17.04,0.03,59.74,1,-93.00,-9.00,7.00,2.00,36.00,12.00,13532162,198
557.01,1568177771,12373.78,51.48147855,7.39685141,187.96,16.94,-0.09,59.23,1,-112.00,-8.00,5.00,10.00,15.00,10.00,13532175,337
558.01,1568177772,12390.72,51.48156464,7.39706261,188.43,16.74,-0.20,57.14,1,-112.00,-8.00,5.00,10.00,15.00,10.00,13532175,337
559.01,1568177773,12407.48,51.48164360,7.39725988,188.84,16.17,-0.57,56.97,1,-112.00,-7.00,4.00,7.00,13.00,10.00,13532175,337
560.01,1568177774,12423.65,51.48172473,7.39745049,189.08,16.07,-0.10,56.11,1,-112.00,-7.00,4.00,7.00,13.00,10.00,13532175,337
561.01,1568177775,12439.71,51.48180148,7.39763117,189.07,15.74,-0.33,55.32,1,-111.00,-7.00,14.00,13.00,14.00,10.00,13532175,337
562.01,1568177776,12455.45,51.48188286,7.39781318,188.99,14.62,-1.12,54.85,1,-111.00,-7.00,14.00,13.00,14.00,10.00,13532175,337
563.01,1568177777,12470.09,51.48195557,7.39796167,188.88,13.14,-1.48,53.30,1,-109.00,-7.00,13.00,14.00,16.00,10.00,13532175,337
564.01,1568177778,12483.23,51.48202598,7.39809958,189.02,11.68,-1.46,52.74,1,-109.00,-7.00,13.00,14.00,16.00,10.00,13532175,337
565.01,1568177779,12494.90,51.48208826,7.39822581,188.95,10.51,-1.16,51.14,1,-105.00,-5.00,21.00,14.00,21.00,10.00,13532175,337
566.01,1568177780,12505.42,51.48214866,7.39833215,188.99,9.00,-1.52,49.75,1,-105.00,-5.00,21.00,14.00,21.00,10.00,13532175,337
567.01,1568177781,12514.41,51.48220221,7.39842105,189.04,7.86,-1.14,47.55,1,-100.00,-5.00,32.00,11.00,24.00,10.00,13532175,337
568.01,1568177782,12522.27,51.48225073,7.39850104,188.54,6.23,-1.63,46.59,1,-100.00,-5.00,32.00,11.00,24.00,10.00,13532175,337
569.01,1568177783,12528.50,51.48228141,7.39854718,187.87,4.25,-1.98,45.86,1,-106.00,-6.00,22.00,14.00,22.00,10.00,13532175,337
570.01,1568177784,12532.75,51.48230232,7.39857311,187.79,2.32,-1.93,43.31,1,-106.00,-6.00,22.00,14.00,22.00,10.00,13532175,337
571.02,1568177785,12535.10,51.48231067,7.39857540,187.79,0.65,-1.65,43.31,1,-105.00,-6.00,20.00,14.00,20.00,10.00,13532175,337
572.01,1568177786,12535.74,51.48231067,7.39857540,187.79,0.00,-0.66,43.31,1,-105.00,-6.00,20.00,14.00,20.00,10.00,13532175,337
573.01,1568177787,12535.74,51.48231067,7.39857540,187.80,0.00,0.00,43.31,1,-105.00,-6.00,20.00,14.00,20.00,10.00,13532175,337
574.01,1568177788,12535.74,51.48231067,7.39857540,187.80,0.00,0.00,43.31,1,-104.00,-5.00,15.00,14.00,21.00,10.00,13532175,337
575.01,1568177789,12535.74,51.48231067,7.39857540,187.81,0.00,0.00,43.31,1,-104.00,-5.00,15.00,14.00,21.00,10.00,13532175,337
576.01,1568177790,12535.74,51.48231067,7.39857540,187.82,0.00,0.00,43.31,1,-105.00,-7.00,30.00,14.00,24.00,10.00,13532175,337
577.01,1568177791,12535.74,51.48231067,7.39857540,187.83,0.00,0.00,43.31,1,-105.00,-7.00,30.00,14.00,24.00,10.00,13532175,337
578.01,1568177792,12535.74,51.48231067,7.39857540,187.84,0.00,0.00,43.31,1,-105.00,-5.00,16.00,15.00,20.00,10.00,13532175,337
579.01,1568177793,12535.74,51.48231067,7.39857540,187.85,0.00,0.00,43.31,1,-105.00,-5.00,16.00,15.00,20.00,10.00,13532175,337
580.01,1568177794,12535.74,51.48231067,7.39857540,187.86,0.00,0.00,43.31,1,-105.00,-8.00,18.00,14.00,26.00,10.00,13532175,337
581.01,1568177795,12535.74,51.48231067,7.39857540,187.87,0.00,0.00,43.31,1,-105.00,-8.00,18.00,14.00,26.00,10.00,13532175,337
582.01,1568177796,12535.74,51.48231067,7.39857540,187.88,0.00,0.00,43.31,1,-105.00,-5.00,4.00,1.00,19.00,10.00,13532175,337
583.01,1568177797,12535.74,51.48231067,7.39857540,187.89,0.00,0.00,43.31,1,-105.00,-5.00,4.00,1.00,19.00,10.00,13532175,337
584.01,1568177798,12535.74,51.48231067,7.39857540,187.90,0.00,0.00,43.31,1,-105.00,-4.00,-7.00,1.00,19.00,10.00,13532175,337
585.01,1568177799,12535.74,51.48231067,7.39857540,187.92,0.00,0.00,43.31,1,-105.00,-4.00,-7.00,1.00,19.00,10.00,13532175,337
586.01,1568177800,12535.74,51.48231067,7.39857540,187.93,0.00,0.00,43.31,1,-105.00,-4.00,-9.00,1.00,20.00,10.00,13532175,337
587.01,1568177801,12535.74,51.48231067,7.39857540,187.95,0.00,0.00,43.31,1,-105.00,-4.00,-9.00,1.00,20.00,10.00,13532175,337
588.01,1568177802,12535.74,51.48231067,7.39857540,187.96,0.00,0.00,43.31,1,-104.00,-4.00,-10.00,2.00,20.00,10.00,13532175,337
589.01,1568177803,12535.74,51.48231067,7.39857540,187.98,0.00,0.00,43.31,1,-104.00,-4.00,-10.00,2.00,20.00,10.00,13532175,337
590.01,1568177804,12535.74,51.48231067,7.39857540,188.00,0.00,0.00,43.31,1,-105.00,-4.00,-16.00,1.00,20.00,10.00,13532175,337
591.01,1568177805,12535.74,51.48231067,7.39857540,188.02,0.00,0.00,43.31,1,-105.00,-4.00,-16.00,1.00,20.00,10.00,13532175,337
592.02,1568177806,12535.74,51.48231067,7.39857540,188.04,0.00,0.00,43.31,1,-94.00,-12.00,2.00,2.00,46.00,11.00,13022465,205
593.01,1568177807,12535.74,51.48231067,7.39857540,188.06,0.00,0.00,43.31,1,-94.00,-12.00,2.00,2.00,46.00,11.00,13022465,205
594.01,1568177808,12535.74,51.48231067,7.39857540,188.08,0.00,0.00,43.31,1,-94.00,-12.00,2.00,2.00,46.00,11.00,13022465,205
595.01,1568177809,12535.74,51.48231067,7.39857540,188.11,0.00,0.00,43.31,1,-105.00,-6.00,7.00,2.00,20.00,11.00,13532175,337
596.01,1568177810,12535.74,51.48231067,7.39857540,188.13,0.00,0.00,43.31,1,-105.00,-6.00,7.00,2.00,20.00,11.00,13532175,337
597.01,1568177811,12535.74,51.48231067,7.39857540,188.16,0.00,0.00,43.31,1,-105.00,-4.00,18.00,14.00,20.00,9.00,13532175,337
598.01,1568177812,12535.74,51.48231067,7.39857540,188.18,0.00,0.00,43.31,1,-105.00,-4.00,18.00,14.00,20.00,9.00,13532175,337
599.01,1568177813,12535.74,51.48231067,7.39857540,188.20,0.00,0.00,43.31,1,-104.00,-4.00,16.00,14.00,20.00,9.00,13532175,337
600.01,1568177814,12535.74,51.48231067,7.39857540,188.23,0.00,0.00,43.31,1,-104.00,-4.00,16.00,14.00,20.00,9.00,13532175,337
601.01,1568177815,12535.74,51.48231067,7.39857540,188.25,0.00,0.00,43.31,1,-105.00,-5.00,17.00,14.00,20.00,9.00,13532175,337
602.01,1568177816,12535.74,51.48231067,7.39857540,188.28,0.00,0.00,43.31,1,-105.00,-5.00,17.00,14.00,20.00,9.00,13532175,337
603.01,1568177817,12535.74,51.48231067,7.39857540,188.30,0.00,0.00,43.31,1,-105.00,-5.00,17.00,14.00,21.00,9.00,13532175,337
604.01,1568177818,12535.74,51.48231067,7.39857540,188.32,0.00,0.00,43.31,1,-105.00,-5.00,17.00,14.00,21.00,9.00,13532175,337
605.01,1568177819,12535.74,51.48231067,7.39857540,188.53,0.00,0.00,43.31,1,-106.00,-9.00,16.00,14.00,21.00,9.00,13532175,337
606.01,1568177820,12535.74,51.48231067,7.39857540,188.70,0.00,0.00,37.44,1,-106.00,-9.00,16.00,14.00,21.00,9.00,13532175,337
607.01,1568177821,12535.74,51.48237266,7.39863473,189.93,0.00,0.00,37.89,1,-109.00,-6.00,6.00,7.00,16.00,9.00,13532175,337
608.01,1568177822,12535.74,51.48241686,7.39868945,190.46,6.61,0.00,38.61,1,-109.00,-6.00,6.00,7.00,16.00,9.00,13532175,337
609.01,1568177823,12542.35,51.48246769,7.39874621,190.63,7.83,1.22,37.56,1,-109.00,-6.00,-1.00,7.00,16.00,9.00,13532175,337
610.01,1568177824,12550.18,51.48251660,7.39881053,190.18,8.05,0.22,36.99,1,-109.00,-6.00,-1.00,7.00,16.00,9.00,13532175,337
611.01,1568177825,12558.23,51.48257986,7.39888786,189.68,8.43,0.39,36.62,1,-104.00,-5.00,-2.00,7.00,19.00,9.00,13532175,337
612.01,1568177826,12566.67,51.48264561,7.39897196,187.81,8.87,0.44,36.12,1,-104.00,-5.00,-2.00,7.00,19.00,9.00,13532175,337
613.02,1568177827,12575.61,51.48271249,7.39905460,185.82,8.88,0.01,35.46,1,-102.00,-6.00,-2.00,8.00,21.00,9.00,13532175,337
614.01,1568177828,12584.42,51.48277961,7.39912526,185.08,9.37,0.49,34.38,1,-102.00,-6.00,-2.00,8.00,21.00,9.00,13532175,337
615.01,1568177829,12593.79,51.48286046,7.39920140,185.06,10.53,1.16,32.78,1,-102.00,-6.00,-2.00,8.00,21.00,9.00,13532175,337
616.01,1568177829,12604.27,51.48234140,7.40023650,184.10,11.29,0.77,34.78,1,-100.00,-5.00,-2.00,8.00,23.00,9.00,13532175,337
617.01,1568177831,12615.61,51.48303662,7.39938484,184.78,12.81,1.51,34.18,1,-100.00,-5.00,-2.00,8.00,23.00,9.00,13532175,337
618.01,1568177832,12628.41,51.48313024,7.39948819,184.76,13.85,1.04,33.44,1,-87.00,-6.00,5.00,2.00,47.00,8.00,13532163,200
619.01,1568177833,12642.24,51.48323410,7.39959980,184.72,14.41,0.56,33.56,1,-87.00,-6.00,5.00,2.00,47.00,8.00,13532163,200
620.01,1568177834,12656.65,51.48334610,7.39971976,184.85,14.87,0.47,33.62,1,-96.00,-6.00,21.00,2.00,29.00,8.00,13532175,337
621.01,1568177835,12671.55,51.48345584,7.39983392,185.00,15.35,0.48,34.13,1,-96.00,-6.00,21.00,2.00,29.00,8.00,13532175,337
622.01,1568177836,12686.84,51.48357491,7.39995697,185.49,15.59,0.24,33.91,1,-105.00,-7.00,18.00,10.00,19.00,8.00,13532175,337
623.01,1568177837,12702.47,51.48369423,7.40008368,185.74,15.35,-0.24,34.35,1,-105.00,-7.00,18.00,10.00,19.00,8.00,13532175,337
624.01,1568177838,12717.86,51.48380663,7.40021270,185.85,15.45,0.10,35.34,1,-104.00,-6.00,15.00,10.00,22.00,8.00,13532175,337
625.01,1568177839,12733.29,51.48391762,7.40034144,185.84,15.01,-0.44,35.98,1,-104.00,-6.00,15.00,10.00,22.00,8.00,13532175,337
626.01,1568177840,12748.29,51.48402846,7.40047559,185.54,14.73,-0.28,36.87,1,-106.00,-6.00,13.00,9.00,19.00,8.00,13532175,337
627.01,1568177841,12763.02,51.48413387,7.40060458,185.33,14.87,0.14,37.40,1,-106.00,-6.00,13.00,9.00,19.00,8.00,13532175,337
628.01,1568177842,12777.90,51.48423591,7.40073880,185.26,14.75,-0.12,38.86,1,-103.00,-6.00,12.00,15.00,22.00,8.00,13532175,337
629.01,1568177843,12792.64,51.48433849,7.40087658,184.79,14.46,-0.28,40.21,1,-103.00,-6.00,12.00,15.00,22.00,8.00,13532175,337
630.01,1568177844,12807.09,51.48444130,7.40101212,184.10,15.30,0.84,39.85,1,-102.00,-6.00,14.00,15.00,22.00,8.00,13532175,337
631.01,1568177845,12822.41,51.48454332,7.40115092,183.47,15.16,-0.15,40.82,1,-102.00,-6.00,14.00,15.00,22.00,8.00,13532175,337
632.01,1568177846,12837.55,51.48463628,7.40129148,182.37,15.31,0.15,41.76,1,-104.00,-7.00,10.00,12.00,18.00,8.00,13532175,337
633.01,1568177847,12852.86,51.48473011,7.40144034,181.00,15.35,0.04,42.49,1,-104.00,-7.00,10.00,12.00,18.00,8.00,13532175,337
634.02,1568177848,12868.34,51.48482466,7.40159859,179.69,15.30,-0.05,43.34,1,-111.00,-7.00,5.00,7.00,15.00,8.00,13532175,337
635.01,1568177849,12883.50,51.48492411,7.40176551,179.10,15.36,0.06,44.40,1,-111.00,-7.00,5.00,7.00,15.00,8.00,13532175,337
636.01,1568177850,12898.88,51.48502228,7.40192362,178.80,15.53,0.17,45.06,1,-111.00,-7.00,5.00,7.00,15.00,8.00,13532175,337
637.01,1568177851,12914.41,51.48511789,7.40208659,178.78,15.57,0.03,45.64,1,-109.00,-7.00,9.00,2.00,29.00,8.00,13532175,337
638.01,1568177852,12929.99,51.48521774,7.40225844,178.90,15.55,-0.02,46.44,1,-109.00,-7.00,9.00,2.00,29.00,8.00,13532175,337
639.01,1568177853,12945.51,51.48531221,7.40242908,179.06,15.72,0.17,47.08,1,-106.00,-6.00,13.00,2.00,19.00,8.00,13532175,337
640.01,1568177854,12961.23,51.48540754,7.40260663,179.45,15.68,-0.04,48.00,1,-106.00,-6.00,13.00,2.00,19.00,8.00,13532175,337
641.01,1568177855,12976.91,51.48550334,7.40278632,180.03,15.56,-0.12,48.88,1,-107.00,-6.00,8.00,2.00,17.00,8.00,13532175,337
642.01,1568177856,12992.46,51.48559398,7.40296534,180.56,15.48,-0.08,49.92,1,-107.00,-6.00,8.00,2.00,17.00,8.00,13532175,337
643.01,1568177857,13007.94,51.48568694,7.40314580,181.22,15.63,0.15,50.76,1,-107.00,-6.00,17.00,2.00,17.00,8.00,13532175,337
644.01,1568177858,13023.57,51.48577338,7.40332663,181.80,15.57,-0.06,51.51,1,-107.00,-6.00,17.00,2.00,17.00,8.00,13532175,337
645.01,1568177859,13039.14,51.48585662,7.40350387,182.19,15.88,0.31,52.31,1,-105.00,-6.00,19.00,2.00,20.00,8.00,13532175,337
646.01,1568177860,13055.00,51.48593335,7.40367907,182.64,15.46,-0.41,53.21,1,-105.00,-6.00,19.00,2.00,20.00,8.00,13532175,337
647.01,1568177861,13070.48,51.48601363,7.40385848,183.09,15.75,0.28,52.94,1,-104.00,-6.00,19.00,2.00,21.00,8.00,13532175,337
648.01,1568177862,13086.23,51.48609137,7.40404545,183.46,15.34,-0.40,54.90,1,-104.00,-6.00,19.00,2.00,21.00,8.00,13532175,337
649.01,1568177863,13101.57,51.48617147,7.40423563,183.60,14.95,-0.39,54.89,1,-104.00,-6.00,18.00,2.00,21.00,8.00,13532175,337
650.01,1568177864,13116.52,51.48624780,7.40442810,183.48,15.30,0.35,56.18,1,-104.00,-6.00,18.00,2.00,21.00,8.00,13532175,337
651.01,1568177865,13131.83,51.48631746,7.40461513,183.22,15.40,0.10,57.10,1,-103.00,-6.00,19.00,2.00,21.00,8.00,13532175,337
652.01,1568177866,13147.23,51.48638774,7.40482186,182.98,15.75,0.35,58.11,1,-103.00,-6.00,19.00,2.00,21.00,8.00,13532175,337
653.01,1568177867,13162.98,51.48645831,7.40503269,182.73,16.38,0.62,59.00,1,-101.00,-5.00,15.00,2.00,23.00,8.00,13532175,337
654.01,1568177868,13179.36,51.48652799,7.40524797,182.46,16.70,0.32,59.73,1,-101.00,-5.00,15.00,2.00,23.00,8.00,13532175,337
655.02,1568177869,13196.21,51.48659795,7.40546208,182.06,16.92,0.22,60.54,1,-101.00,-5.00,19.00,2.00,22.00,8.00,13532175,337
656.01,1568177870,13212.97,51.48651130,7.40503750,181.69,17.33,0.42,61.16,1,-101.00,-5.00,19.00,2.00,22.00,8.00,13532175,337
657.01,1568177871,13230.31,51.48673862,7.40592131,181.42,17.36,0.02,62.17,1,-101.00,-5.00,19.00,2.00,22.00,8.00,13532175,337
658.01,1568177872,13247.67,51.48680760,7.40616075,181.13,17.61,0.25,63.59,1,-106.00,-5.00,4.00,2.00,18.00,8.00,13532175,337
659.01,1568177873,13265.28,51.48687096,7.40640365,180.57,17.85,0.24,65.02,1,-106.00,-5.00,4.00,2.00,18.00,8.00,13532175,337
660.01,1568177874,13283.20,51.48692983,7.40664241,179.75,17.97,0.12,66.11,1,-114.00,-8.00,5.00,2.00,12.00,8.00,13532175,337
661.01,1568177875,13301.17,51.48698170,7.40686772,178.59,17.92,-0.05,67.25,1,-114.00,-8.00,5.00,2.00,12.00,8.00,13532175,337
662.01,1568177876,13319.09,51.48703308,7.40710620,177.67,17.55,-0.37,68.54,1,-117.00,-9.00,3.00,2.00,10.00,8.00,13532175,337
663.01,1568177877,13336.65,51.48708325,7.40734142,176.68,17.80,0.25,69.42,1,-117.00,-9.00,3.00,2.00,10.00,8.00,13532175,337
664.01,1568177878,13354.45,51.48713126,7.40758120,175.73,17.53,-0.27,70.48,1,-119.00,-10.00,5.00,2.00,9.00,8.00,13532175,337
665.01,1568177879,13371.98,51.48717467,7.40782663,174.61,17.48,-0.05,71.48,1,-119.00,-10.00,5.00,2.00,9.00,8.00,13532175,337
666.01,1568177880,13389.46,51.48721725,7.40805651,173.34,17.19,-0.29,71.96,1,-117.00,-9.00,15.00,2.00,10.00,8.00,13532175,337
667.01,1568177881,13406.63,51.48725550,7.40830159,172.17,17.54,0.35,73.44,1,-117.00,-9.00,15.00,2.00,10.00,8.00,13532175,337
668.01,1568177882,13424.17,51.48728813,7.40854834,171.33,17.61,0.07,74.71,1,-111.00,-7.00,13.00,2.00,14.00,8.00,13532175,337
669.01,1568177883,13441.79,51.48731681,7.40879628,170.92,17.68,0.08,76.00,1,-111.00,-7.00,13.00,2.00,14.00,8.00,13532175,337
670.01,1568177884,13459.47,51.48734356,7.40905771,170.75,17.55,-0.13,77.10,1,-110.00,-6.00,13.00,2.00,15.00,8.00,13532175,337
671.01,1568177885,13477.02,51.48736984,7.40930772,170.33,16.96,-0.59,78.17,1,-110.00,-6.00,13.00,2.00,15.00,8.00,13532175,337
672.01,1568177886,13493.98,51.48738941,7.40953463,169.98,16.13,-0.83,78.66,1,-109.00,-6.00,16.00,2.00,16.00,8.00,13532175,337
673.01,1568177887,13510.11,51.48741573,7.40974746,169.48,15.27,-0.86,77.48,1,-109.00,-6.00,16.00,2.00,16.00,8.00,13532175,337
674.01,1568177888,13525.39,51.48744104,7.40997498,168.87,15.35,0.08,78.24,1,-110.00,-6.00,13.00,2.00,16.00,8.00,13532175,337
675.01,1568177889,13540.73,51.48746222,7.41018426,168.40,14.60,-0.75,79.21,1,-110.00,-6.00,13.00,2.00,16.00,8.00,13532175,337
676.01,1568177890,13555.34,51.48747875,7.41038574,168.09,13.40,-1.20,80.81,1,-110.00,-7.00,10.00,2.00,15.00,11.00,13532175,337
677.01,1568177891,13568.73,51.48783970,7.41039500,174.70,11.82,-1.57,82.18,1,-110.00,-7.00,10.00,2.00,15.00,11.00,13532175,337
678.01,1568177892,13580.55,51.48749619,7.41072716,167.40,9.42,-2.40,83.57,1,-110.00,-7.00,10.00,2.00,15.00,11.00,13532175,337
679.01,1568177893,13589.94,51.48750469,7.41084794,166.74,6.54,-2.89,82.36,1,-115.00,-8.00,7.00,10.00,11.00,11.00,13532175,337
680.01,1568177894,13596.48,51.48752789,7.41092620,166.28,6.22,-0.32,57.45,1,-115.00,-8.00,7.00,10.00,11.00,11.00,13532175,337
681.01,1568177895,13602.71,51.48756754,7.41098298,166.15,6.23,0.01,35.66,1,-113.00,-7.00,21.00,11.00,13.00,11.00,13532175,337
682.01,1568177896,13608.93,51.48762029,7.41100795,165.83,6.26,0.03,12.47,1,-113.00,-7.00,21.00,11.00,13.00,11.00,13532175,337
683.01,1568177897,13615.19,51.48767273,7.41102209,165.43,5.88,-0.38,9.53,1,-116.00,-8.00,10.00,10.00,10.00,11.00,13532175,337
684.01,1568177898,13621.07,51.48773266,7.41101209,165.06,7.17,1.30,353.39,1,-116.00,-8.00,10.00,10.00,10.00,11.00,13532175,337
685.01,1568177899,13628.24,51.48780109,7.41100158,164.57,8.31,1.13,353.58,1,-117.00,-8.00,6.00,10.00,10.00,11.00,13532175,337
686.01,1568177900,13636.55,51.48787893,7.41098983,164.01,9.46,1.16,354.12,1,-117.00,-8.00,6.00,10.00,10.00,11.00,13532175,337
687.01,1568177901,13646.00,51.48797016,7.41097142,164.07,10.64,1.18,353.79,1,-116.00,-8.00,5.00,8.00,9.00,11.00,13532175,337
688.01,1568177902,13656.64,51.48807208,7.41095017,164.44,11.11,0.48,353.34,1,-116.00,-8.00,5.00,8.00,9.00,11.00,13532175,337
689.01,1568177903,13667.79,51.48817160,7.41092874,165.27,11.50,0.38,352.54,1,-118.00,-8.00,5.00,2.00,21.00,11.00,13532175,337
690.01,1568177904,13679.26,51.48826634,7.41090184,166.17,11.11,-0.39,351.96,1,-118.00,-8.00,5.00,2.00,21.00,11.00,13532175,337
691.01,1568177905,13690.40,51.48835948,7.41087928,166.69,11.30,0.19,351.54,1,-118.00,-9.00,3.00,2.00,8.00,11.00,13532175,337
692.01,1568177906,13701.70,51.48846635,7.41085077,167.25,11.49,0.19,351.06,1,-118.00,-9.00,3.00,2.00,8.00,11.00,13532175,337
693.01,1568177907,13713.18,51.48856936,7.41081919,167.51,11.77,0.29,350.36,1,-118.00,-9.00,7.00,2.00,10.00,11.00,13532175,337
694.01,1568177908,13724.96,51.48867618,7.41079137,167.64,12.30,0.53,349.87,1,-118.00,-9.00,7.00,2.00,10.00,11.00,13532175,337
695.02,1568177909,13737.30,51.48877568,7.41076257,167.78,12.42,0.12,349.39,1,-117.00,-9.00,7.00,2.00,10.00,11.00,13532175,337
696.01,1568177910,13749.62,51.48888386,7.41072530,168.25,12.66,0.25,348.90,1,-117.00,-9.00,7.00,2.00,10.00,11.00,13532175,337
697.02,1568177911,13762.38,51.48898998,7.41068607,168.45,12.82,0.15,347.89,1,-117.00,-10.00,-2.00,2.00,11.00,11.00,13532175,337
698.02,1568177912,13775.19,51.48911274,7.41063738,168.49,12.88,0.06,347.38,1,-117.00,-10.00,-2.00,2.00,11.00,11.00,13532175,337
699.03,1568177913,13788.23,51.48923085,7.41058766,168.62,12.74,-0.14,347.08,1,-118.00,-11.00,2.00,2.00,11.00,11.00,13532175,337
700.02,1568177914,13800.83,51.48934069,7.41054355,168.38,12.87,0.13,346.52,1,-118.00,-11.00,2.00,2.00,11.00,11.00,13532175,337
701.02,1568177915,13813.68,51.48944624,7.41050112,168.06,12.78,-0.09,345.87,1,-118.00,-11.00,2.00,2.00,11.00,11.00,13532175,337
702.02,1568177916,13826.46,51.48955362,7.41045545,167.89,12.21,-0.57,346.87,1,-120.00,-12.00,-6.00,2.00,11.00,11.00,13176067,91
703.02,1568177917,13838.69,51.48965729,7.41040424,168.24,11.75,-0.46,346.50,1,-120.00,-12.00,-6.00,2.00,11.00,11.00,13176067,91
704.01,1568177918,13850.34,51.48975424,7.41035430,168.73,10.42,-1.34,346.31,1,-121.00,-13.00,1.00,2.00,12.00,11.00,13532175,337
705.01,1568177919,13860.75,51.48983113,7.41032195,168.95,8.17,-2.25,346.67,1,-121.00,-13.00,1.00,2.00,12.00,11.00,13532175,337
706.01,1568177920,13868.94,51.48989141,7.41029772,168.46,6.42,-1.75,346.97,1,-121.00,-12.00,1.00,2.00,10.00,11.00,13532175,337
707.01,1568177921,13875.36,51.48992859,7.41029575,168.41,3.96,-2.46,1.22,1,-121.00,-12.00,1.00,2.00,10.00,11.00,13532175,337
708.01,1568177922,13879.31,51.48996582,7.41031028,168.30,3.58,-0.38,29.32,1,-120.00,-10.00,3.00,2.00,9.00,11.00,13532175,337
709.01,1568177923,13882.89,51.49001137,7.41035681,167.22,5.00,1.42,43.41,1,-120.00,-10.00,3.00,2.00,9.00,11.00,13532175,337
710.01,1568177924,13887.91,51.49003362,7.41043455,166.34,6.67,1.67,68.07,1,-118.00,-9.00,8.00,2.00,10.00,11.00,13532175,337
711.01,1568177925,13894.58,51.49006083,7.41054925,165.83,8.51,1.83,71.92,1,-118.00,-9.00,8.00,2.00,10.00,11.00,13532175,337
712.01,1568177926,13903.09,51.49007841,7.41068071,165.71,9.96,1.45,74.12,1,-117.00,-8.00,1.00,2.00,10.00,11.00,13532175,337
