0.01,1568265289,0.05,51.44956787,7.48838947,251.38,12.72,0.00,174.31,0,-103.00,-10.00,0.00,0.00,39.00,0.00,0,66
0.01,1568265289,0.05,51.44956787,7.48838947,251.38,12.72,0.00,174.31,0,-106.00,-13.00,0.00,0.00,39.00,0.00,0,119
0.01,1568265289,0.05,51.44956787,7.48838947,251.38,12.72,0.00,174.31,0,-101.00,-10.00,0.00,0.00,37.00,0.00,0,320
0.98,1568265290,12.32,51.45119900,7.49177710,251.93,13.00,0.00,175.71,0,-103.00,-10.00,0.00,0.00,39.00,0.00,0,66
0.98,1568265290,12.33,51.45119900,7.49177710,251.93,13.00,0.00,175.71,0,-106.00,-13.00,0.00,0.00,39.00,0.00,0,119
0.98,1568265290,12.35,51.45119900,7.49177710,251.93,13.00,0.00,175.71,0,-101.00,-10.00,0.00,0.00,37.00,0.00,0,320
1.98,1568265291,25.32,51.44933002,7.48840822,252.66,13.10,0.00,177.38,0,-103.00,-10.00,0.00,0.00,39.00,0.00,0,66
1.98,1568265291,25.34,51.44933002,7.48840822,252.66,13.10,0.00,177.38,0,-106.00,-13.00,0.00,0.00,39.00,0.00,0,119
1.98,1568265291,25.35,51.44933002,7.48840822,252.66,13.10,0.00,177.38,0,-101.00,-10.00,0.00,0.00,37.00,0.00,0,320
2.98,1568265292,38.42,51.44920729,7.48840356,253.39,13.75,0.00,179.17,0,-103.00,-11.00,0.00,0.00,40.00,0.00,0,119
2.98,1568265292,38.43,51.44920729,7.48840356,253.39,13.75,0.00,179.17,0,-104.00,-12.00,0.00,0.00,40.00,0.00,0,66
2.98,1568265292,38.45,51.44920729,7.48840356,253.39,13.75,0.00,179.17,0,-101.00,-10.00,0.00,0.00,37.00,0.00,0,320
2.98,1568265292,38.46,51.44920729,7.48840356,253.39,13.75,0.00,179.17,0,-102.00,-10.00,0.00,0.00,37.00,0.00,0,76
3.98,1568265293,52.18,51.44908339,7.48839568,253.84,13.90,0.00,181.56,0,-103.00,-11.00,0.00,0.00,40.00,0.00,0,119
3.98,1568265293,52.19,51.44908339,7.48839568,253.84,13.90,0.00,181.56,0,-104.00,-12.00,0.00,0.00,40.00,0.00,0,66
3.98,1568265293,52.19,51.44908339,7.48839568,253.84,13.90,0.00,181.56,0,-101.00,-10.00,0.00,0.00,37.00,0.00,0,320
3.98,1568265293,52.21,51.44908339,7.48839568,253.84,13.90,0.00,181.56,0,-102.00,-10.00,0.00,0.00,37.00,0.00,0,76
6.98,1568265296,94.50,51.44869937,7.48828113,255.18,14.15,0.00,199.74,0,-103.00,-12.00,0.00,0.00,40.00,0.00,0,67
6.98,1568265296,94.50,51.44869937,7.48828113,255.18,14.15,0.00,199.74,0,-105.00,-13.00,0.00,0.00,40.00,0.00,0,66
6.98,1568265296,94.52,51.44869937,7.48828113,255.18,14.15,0.00,199.74,0,-102.00,-11.00,0.00,0.00,38.00,0.00,0,319
6.98,1568265296,94.53,51.44869937,7.48828113,255.18,14.15,0.00,199.74,0,-103.00,-11.00,0.00,0.00,38.00,0.00,0,320
7.98,1568265297,108.66,51.44858145,7.48821365,255.79,14.34,0.00,199.09,0,-103.00,-12.00,0.00,0.00,40.00,0.00,0,67
7.98,1568265297,108.66,51.44858145,7.48821365,255.79,14.34,0.00,199.09,0,-105.00,-13.00,0.00,0.00,40.00,0.00,0,66
7.98,1568265297,108.67,51.44858145,7.48821365,255.79,14.34,0.00,199.09,0,-102.00,-11.00,0.00,0.00,38.00,0.00,0,319
7.98,1568265297,108.69,51.44858145,7.48821365,255.79,14.34,0.00,199.09,0,-103.00,-11.00,0.00,0.00,38.00,0.00,0,320
20.98,1568265310,301.07,51.44683394,7.48795071,257.45,14.89,0.00,170.18,0,-111.00,-14.00,0.00,0.00,34.00,0.00,0,118
21.98,1568265311,315.99,51.44669330,7.48801724,258.42,14.12,0.00,167.07,0,-111.00,-14.00,0.00,0.00,34.00,0.00,0,118
22.98,1568265312,330.11,51.44657371,7.48809297,258.82,14.24,0.00,163.93,0,-111.00,-14.00,0.00,0.00,34.00,0.00,0,118
25.98,1568265315,373.90,51.44618358,7.48841521,261.98,15.50,0.00,154.02,0,-103.00,-12.00,0.00,0.00,38.00,0.00,0,75
25.98,1568265315,373.91,51.44618358,7.48841521,261.98,15.50,0.00,154.02,0,-106.00,-14.00,0.00,0.00,37.00,0.00,0,319
26.98,1568265316,389.38,51.44607137,7.48854477,263.16,15.28,0.00,150.52,0,-103.00,-12.00,0.00,0.00,38.00,0.00,0,75
26.98,1568265316,389.39,51.44607137,7.48854477,263.16,15.28,0.00,150.52,0,-106.00,-14.00,0.00,0.00,37.00,0.00,0,319
27.98,1568265317,404.69,51.44596349,7.48868225,264.43,14.69,0.00,147.07,0,-105.00,-12.00,0.00,0.00,38.00,0.00,0,67
27.98,1568265317,404.71,51.44596349,7.48868225,264.43,14.69,0.00,147.07,0,-106.00,-14.00,0.00,0.00,39.00,0.00,0,118
27.98,1568265317,404.72,51.44596349,7.48868225,264.43,14.69,0.00,147.07,0,-107.00,-14.00,0.00,0.00,38.00,0.00,0,66
27.98,1568265317,404.72,51.44596349,7.48868225,264.43,14.69,0.00,147.07,0,-103.00,-13.00,0.00,0.00,39.00,0.00,0,319
27.98,1568265317,404.74,51.44596349,7.48868225,264.43,14.69,0.00,147.07,0,-104.00,-13.00,0.00,0.00,37.00,0.00,0,320
28.98,1568265318,419.40,51.44586711,7.48882800,265.61,14.31,0.00,143.34,0,-105.00,-12.00,0.00,0.00,38.00,0.00,0,67
28.98,1568265318,419.42,51.44586711,7.48882800,265.61,14.31,0.00,143.34,0,-106.00,-14.00,0.00,0.00,39.00,0.00,0,118
28.98,1568265318,419.42,51.44586711,7.48882800,265.61,14.31,0.00,143.34,0,-107.00,-14.00,0.00,0.00,38.00,0.00,0,66
28.98,1568265318,419.43,51.44586711,7.48882800,265.61,14.31,0.00,143.34,0,-103.00,-13.00,0.00,0.00,39.00,0.00,0,319
28.98,1568265318,419.44,51.44586711,7.48882800,265.61,14.31,0.00,143.34,0,-104.00,-13.00,0.00,0.00,37.00,0.00,0,320
29.98,1568265319,433.68,51.44577306,7.48898234,266.54,14.19,0.00,140.65,0,-106.00,-13.00,0.00,0.00,39.00,0.00,0,118
29.98,1568265319,433.70,51.44577306,7.48898234,266.54,14.19,0.00,140.65,0,-105.00,-13.00,0.00,0.00,36.00,0.00,0,75
29.98,1568265319,433.71,51.44577306,7.48898234,266.54,14.19,0.00,140.65,0,-105.00,-12.00,0.00,0.00,36.00,0.00,0,319
30.98,1568265320,447.87,51.44569301,7.48917246,267.47,14.23,0.00,127.57,0,-106.00,-13.00,0.00,0.00,39.00,0.00,0,118
30.98,1568265320,447.88,51.44569301,7.48917246,267.47,14.23,0.00,127.57,0,-105.00,-13.00,0.00,0.00,36.00,0.00,0,75
30.98,1568265320,447.90,51.44569301,7.48917246,267.47,14.23,0.00,127.57,0,-105.00,-12.00,0.00,0.00,36.00,0.00,0,319
31.98,1568265321,462.11,51.44561904,7.48934259,268.52,13.61,0.00,127.00,0,-106.00,-10.00,0.00,0.00,36.00,0.00,0,118
31.98,1568265321,462.11,51.44561904,7.48934259,268.52,13.61,0.00,127.00,0,-109.00,-12.00,0.00,0.00,36.00,0.00,0,67
31.98,1568265321,462.12,51.44561904,7.48934259,268.52,13.61,0.00,127.00,0,-105.00,-11.00,0.00,0.00,36.00,0.00,0,75
31.98,1568265321,462.14,51.44561904,7.48934259,268.52,13.61,0.00,127.00,0,-106.00,-13.00,0.00,0.00,36.00,0.00,0,319
32.98,1568265322,475.72,51.44555183,7.48950138,269.36,13.78,0.00,126.90,0,-106.00,-10.00,0.00,0.00,36.00,0.00,0,118
32.98,1568265322,475.72,51.44555183,7.48950138,269.36,13.78,0.00,126.90,0,-109.00,-12.00,0.00,0.00,36.00,0.00,0,67
32.98,1568265322,475.73,51.44555183,7.48950138,269.36,13.78,0.00,126.90,0,-105.00,-11.00,0.00,0.00,36.00,0.00,0,75
32.98,1568265322,475.75,51.44555183,7.48950138,269.36,13.78,0.00,126.90,0,-106.00,-13.00,0.00,0.00,36.00,0.00,0,319
33.98,1568265323,489.50,51.44547704,7.48967809,270.48,14.03,0.00,126.10,0,-106.00,-12.00,0.00,0.00,38.00,0.00,0,118
33.98,1568265323,489.52,51.44547704,7.48967809,270.48,14.03,0.00,126.10,0,-107.00,-13.00,0.00,0.00,37.00,0.00,0,67
33.98,1568265323,489.53,51.44547704,7.48967809,270.48,14.03,0.00,126.10,0,-110.00,-16.00,0.00,0.00,38.00,0.00,0,66
33.98,1568265323,489.53,51.44547704,7.48967809,270.48,14.03,0.00,126.10,0,-104.00,-10.00,0.00,0.00,35.00,0.00,0,319
33.98,1568265323,489.55,51.44547704,7.48967809,270.48,14.03,0.00,126.10,0,-106.00,-12.00,0.00,0.00,35.00,0.00,0,75
34.98,1568265324,503.53,51.44540683,7.48985243,270.98,13.92,0.00,125.84,0,-106.00,-12.00,0.00,0.00,38.00,0.00,0,118
34.98,1568265324,503.55,51.44540683,7.48985243,270.98,13.92,0.00,125.84,0,-107.00,-13.00,0.00,0.00,37.00,0.00,0,67
34.98,1568265324,503.56,51.44540683,7.48985243,270.98,13.92,0.00,125.84,0,-110.00,-16.00,0.00,0.00,38.00,0.00,0,66
34.98,1568265324,503.56,51.44540683,7.48985243,270.98,13.92,0.00,125.84,0,-104.00,-10.00,0.00,0.00,35.00,0.00,0,319
34.98,1568265324,503.57,51.44540683,7.48985243,270.98,13.92,0.00,125.84,0,-106.00,-12.00,0.00,0.00,35.00,0.00,0,75
35.98,1568265325,517.44,51.44533696,7.49002659,271.33,13.83,0.00,125.48,0,-106.00,-11.00,0.00,0.00,36.00,0.00,0,118
35.98,1568265325,517.45,51.44533696,7.49002659,271.33,13.83,0.00,125.48,0,-109.00,-13.00,0.00,0.00,36.00,0.00,0,67
35.98,1568265325,517.47,51.44533696,7.49002659,271.33,13.83,0.00,125.48,0,-104.00,-10.00,0.00,0.00,35.00,0.00,0,75
35.98,1568265325,517.47,51.44533696,7.49002659,271.33,13.83,0.00,125.48,0,-107.00,-12.00,0.00,0.00,35.00,0.00,0,319
36.98,1568265326,531.29,51.44526974,7.49019345,271.70,13.81,0.00,126.19,0,-106.00,-11.00,0.00,0.00,36.00,0.00,0,118
36.98,1568265326,531.30,51.44526974,7.49019345,271.70,13.81,0.00,126.19,0,-109.00,-13.00,0.00,0.00,36.00,0.00,0,67
36.98,1568265326,531.30,51.44526974,7.49019345,271.70,13.81,0.00,126.19,0,-104.00,-10.00,0.00,0.00,35.00,0.00,0,75
36.98,1568265326,531.32,51.44526974,7.49019345,271.70,13.81,0.00,126.19,0,-107.00,-12.00,0.00,0.00,35.00,0.00,0,319
37.98,1568265327,545.10,51.44520216,7.49034854,272.33,12.87,0.00,126.83,0,-111.00,-13.00,0.00,0.00,34.00,0.00,0,67
37.98,1568265327,545.10,51.44520216,7.49034854,272.33,12.87,0.00,126.83,0,-111.00,-14.00,0.00,0.00,34.00,0.00,0,119
37.98,1568265327,545.11,51.44520216,7.49034854,272.33,12.87,0.00,126.83,0,-109.00,-14.00,0.00,0.00,33.00,0.00,0,76
37.98,1568265327,545.12,51.44520216,7.49034854,272.33,12.87,0.00,126.83,0,-110.00,-14.00,0.00,0.00,33.00,0.00,0,319
38.98,1568265328,557.97,51.44513201,7.49050727,272.88,12.61,0.00,126.79,0,-111.00,-13.00,0.00,0.00,34.00,0.00,0,67
38.98,1568265328,557.98,51.44513201,7.49050727,272.88,12.61,0.00,126.79,0,-111.00,-14.00,0.00,0.00,34.00,0.00,0,119
38.98,1568265328,558.00,51.44513201,7.49050727,272.88,12.61,0.00,126.79,0,-109.00,-14.00,0.00,0.00,33.00,0.00,0,76
38.98,1568265328,558.00,51.44513201,7.49050727,272.88,12.61,0.00,126.79,0,-110.00,-14.00,0.00,0.00,33.00,0.00,0,319
39.98,1568265329,570.58,51.44506453,7.49065365,273.75,12.26,0.00,127.20,0,-109.00,-13.00,0.00,0.00,35.00,0.00,0,67
39.98,1568265329,570.60,51.44506453,7.49065365,273.75,12.26,0.00,127.20,0,-113.00,-16.00,0.00,0.00,35.00,0.00,0,119
39.98,1568265329,570.61,51.44506453,7.49065365,273.75,12.26,0.00,127.20,0,-113.00,-19.00,0.00,0.00,37.00,0.00,0,66
39.98,1568265329,570.61,51.44506453,7.49065365,273.75,12.26,0.00,127.20,0,-108.00,-12.00,0.00,0.00,33.00,0.00,0,319
39.98,1568265329,570.62,51.44506453,7.49065365,273.75,12.26,0.00,127.20,0,-109.00,-13.00,0.00,0.00,33.00,0.00,0,76
40.98,1568265330,582.86,51.44281550,7.49608300,274.63,12.80,0.00,127.77,0,-109.00,-13.00,0.00,0.00,35.00,0.00,0,67
40.98,1568265330,582.86,51.44281550,7.49608300,274.63,12.80,0.00,127.77,0,-113.00,-16.00,0.00,0.00,35.00,0.00,0,119
40.98,1568265330,582.87,51.44281550,7.49608300,274.63,12.80,0.00,127.77,0,-113.00,-19.00,0.00,0.00,37.00,0.00,0,66
40.98,1568265330,582.89,51.44281550,7.49608300,274.63,12.80,0.00,127.77,0,-108.00,-12.00,0.00,0.00,33.00,0.00,0,319
40.98,1568265330,582.89,51.44281550,7.49608300,274.63,12.80,0.00,127.77,0,-109.00,-13.00,0.00,0.00,33.00,0.00,0,76
41.99,1568265331,595.72,51.44492278,7.49095126,275.46,12.12,0.00,127.13,0,-111.00,-14.00,0.00,0.00,34.00,0.00,0,67
41.99,1568265331,595.73,51.44492278,7.49095126,275.46,12.12,0.00,127.13,0,-110.00,-12.00,0.00,0.00,31.00,0.00,0,319
42.98,1568265332,607.76,51.44486114,7.49108356,276.06,10.30,0.00,126.44,0,-111.00,-14.00,0.00,0.00,34.00,0.00,0,67
42.98,1568265332,607.77,51.44486114,7.49108356,276.06,10.30,0.00,126.44,0,-110.00,-12.00,0.00,0.00,31.00,0.00,0,319
43.98,1568265333,618.04,51.44481292,7.49119537,276.22,7.74,0.00,126.74,0,-111.00,-14.00,0.00,0.00,34.00,0.00,0,67
43.98,1568265333,618.05,51.44481292,7.49119537,276.22,7.74,0.00,126.74,0,-110.00,-12.00,0.00,0.00,31.00,0.00,0,319
44.98,1568265334,625.77,51.44477919,7.49127592,276.04,5.44,0.00,127.52,0,-113.00,-15.00,0.00,0.00,33.00,0.00,0,67
45.98,1568265335,631.21,51.44475376,7.49133422,276.02,3.89,0.00,127.12,0,-113.00,-15.00,0.00,0.00,33.00,0.00,0,67
107.98,1568265397,1161.35,51.44101469,7.48690149,272.18,15.12,0.00,233.38,0,-90.00,-12.00,0.00,0.00,53.00,0.00,0,117
108.98,1568265398,1176.47,51.44093648,7.48672961,272.12,14.93,0.00,233.03,0,-90.00,-12.00,0.00,0.00,53.00,0.00,0,117
111.98,1568265401,1220.32,51.44070864,7.48623614,272.14,13.54,0.00,233.56,0,-88.00,-12.00,0.00,0.00,56.00,0.00,0,118
112.98,1568265402,1233.90,51.44061588,7.48602946,272.52,15.54,0.00,234.42,0,-88.00,-12.00,0.00,0.00,56.00,0.00,0,118
148.99,1568265438,1739.12,51.43811114,7.47965838,280.21,13.53,0.00,241.64,0,-114.00,-10.00,0.00,0.00,28.00,0.00,0,458
149.98,1568265439,1752.53,51.43805486,7.47948648,279.34,13.66,0.00,241.90,0,-114.00,-10.00,0.00,0.00,28.00,0.00,0,458
150.98,1568265440,1766.19,51.43800010,7.47932174,278.64,13.24,0.00,241.42,0,-114.00,-10.00,0.00,0.00,28.00,0.00,0,458
151.98,1568265441,1779.43,51.43793555,7.47911691,278.20,13.53,0.00,242.59,0,-114.00,-11.00,0.00,0.00,29.00,0.00,0,458
152.98,1568265442,1792.95,51.43787522,7.47892751,277.48,13.51,0.00,241.00,0,-114.00,-11.00,0.00,0.00,29.00,0.00,0,458
153.98,1568265443,1806.48,51.43780405,7.47873699,276.62,13.12,0.00,239.85,0,-115.00,-12.00,0.00,0.00,28.00,0.00,0,205
153.98,1568265443,1806.48,51.43780405,7.47873699,276.62,13.12,0.00,239.85,0,-115.00,-12.00,0.00,0.00,28.00,0.00,0,458
154.98,1568265444,1819.59,51.43773580,7.47854879,276.12,13.52,0.00,240.56,0,-115.00,-12.00,0.00,0.00,28.00,0.00,0,205
154.98,1568265444,1819.60,51.43773580,7.47854879,276.12,13.52,0.00,240.56,0,-115.00,-12.00,0.00,0.00,28.00,0.00,0,458
155.98,1568265445,1833.13,51.43767871,7.47838132,276.24,13.67,0.00,240.99,0,-114.00,-12.00,0.00,0.00,29.00,0.00,0,205
155.98,1568265445,1833.13,51.43767871,7.47838132,276.24,13.67,0.00,240.99,0,-118.00,-14.00,0.00,0.00,27.00,0.00,0,100
155.98,1568265445,1833.14,51.43767871,7.47838132,276.24,13.67,0.00,240.99,0,-116.00,-13.00,0.00,0.00,28.00,0.00,0,458
156.98,1568265446,1846.80,51.43761943,7.47820993,276.34,13.40,0.00,241.58,0,-114.00,-12.00,0.00,0.00,29.00,0.00,0,205
156.98,1568265446,1846.81,51.43761943,7.47820993,276.34,13.40,0.00,241.58,0,-118.00,-14.00,0.00,0.00,27.00,0.00,0,100
156.98,1568265446,1846.82,51.43761943,7.47820993,276.34,13.40,0.00,241.58,0,-116.00,-13.00,0.00,0.00,28.00,0.00,0,458
157.98,1568265447,1860.19,51.43755819,7.47802440,276.40,12.83,0.00,242.62,0,-115.00,-13.00,0.00,0.00,29.00,0.00,0,100
157.98,1568265447,1860.20,51.43755819,7.47802440,276.40,12.83,0.00,242.62,0,-114.00,-12.00,0.00,0.00,30.00,0.00,0,205
157.98,1568265447,1860.20,51.43755819,7.47802440,276.40,12.83,0.00,242.62,0,-116.00,-14.00,0.00,0.00,29.00,0.00,0,458
158.98,1568265448,1873.02,51.43750417,7.47784503,276.68,13.75,0.00,243.15,0,-115.00,-13.00,0.00,0.00,29.00,0.00,0,100
158.98,1568265448,1873.03,51.43750417,7.47784503,276.68,13.75,0.00,243.15,0,-114.00,-12.00,0.00,0.00,30.00,0.00,0,205
158.98,1568265448,1873.04,51.43750417,7.47784503,276.68,13.75,0.00,243.15,0,-116.00,-14.00,0.00,0.00,29.00,0.00,0,458
159.98,1568265449,1886.77,51.43744748,7.47766117,277.40,12.98,0.00,243.40,0,-114.00,-12.00,0.00,0.00,29.00,0.00,0,205
159.98,1568265449,1886.78,51.43744748,7.47766117,277.40,12.98,0.00,243.40,0,-117.00,-15.00,0.00,0.00,29.00,0.00,0,458
159.98,1568265449,1886.78,51.43744748,7.47766117,277.40,12.98,0.00,243.40,0,-115.00,-13.00,0.00,0.00,29.00,0.00,0,100
160.98,1568265450,1899.75,51.43739196,7.47748123,278.53,14.04,0.00,242.85,0,-114.00,-12.00,0.00,0.00,29.00,0.00,0,205
160.98,1568265450,1899.76,51.43739196,7.47748123,278.53,14.04,0.00,242.85,0,-117.00,-15.00,0.00,0.00,29.00,0.00,0,458
160.98,1568265450,1899.78,51.43739196,7.47748123,278.53,14.04,0.00,242.85,0,-115.00,-13.00,0.00,0.00,29.00,0.00,0,100
163.98,1568265453,1940.38,51.43721080,7.47690480,279.97,11.59,0.00,245.28,0,-117.00,-13.00,0.00,0.00,28.00,0.00,0,117
163.98,1568265453,1940.39,51.43721080,7.47690480,279.97,11.59,0.00,245.28,0,-117.00,-13.00,0.00,0.00,27.00,0.00,0,100
163.98,1568265453,1940.39,51.43721080,7.47690480,279.97,11.59,0.00,245.28,0,-120.00,-16.00,0.00,0.00,28.00,0.00,0,417
163.98,1568265453,1940.40,51.43721080,7.47690480,279.97,11.59,0.00,245.28,0,-115.00,-8.00,0.00,0.00,25.00,0.00,0,196
164.98,1568265454,1951.96,51.43717245,7.47674219,280.24,10.60,0.00,249.19,0,-117.00,-13.00,0.00,0.00,28.00,0.00,0,117
164.98,1568265454,1951.98,51.43717245,7.47674219,280.24,10.60,0.00,249.19,0,-117.00,-13.00,0.00,0.00,27.00,0.00,0,100
164.98,1568265454,1951.99,51.43717245,7.47674219,280.24,10.60,0.00,249.19,0,-120.00,-16.00,0.00,0.00,28.00,0.00,0,417
164.98,1568265454,1952.00,51.43717245,7.47674219,280.24,10.60,0.00,249.19,0,-115.00,-8.00,0.00,0.00,25.00,0.00,0,196
165.97,1568265455,1962.50,51.43716967,7.47655506,280.73,11.53,0.00,269.25,0,-115.00,-10.00,0.00,0.00,27.00,0.00,0,117
165.97,1568265455,1962.51,51.43716967,7.47655506,280.73,11.53,0.00,269.25,0,-120.00,-14.00,0.00,0.00,25.00,0.00,0,100
165.97,1568265455,1962.51,51.43716967,7.47655506,280.73,11.53,0.00,269.25,0,-121.00,-17.00,0.00,0.00,27.00,0.00,0,417
166.98,1568265456,1974.09,51.43717363,7.47638541,280.64,9.97,0.00,271.81,0,-115.00,-10.00,0.00,0.00,27.00,0.00,0,117
166.98,1568265456,1974.10,51.43717363,7.47638541,280.64,9.97,0.00,271.81,0,-120.00,-14.00,0.00,0.00,25.00,0.00,0,100
166.98,1568265456,1974.11,51.43717363,7.47638541,280.64,9.97,0.00,271.81,0,-121.00,-17.00,0.00,0.00,27.00,0.00,0,417
210.08,1568265499,2789.71,51.44219193,7.48442021,282.92,22.76,0.00,27.55,0,-88.00,-9.00,0.00,0.00,53.00,0.00,0,119
210.08,1568265499,2789.73,51.44219193,7.48442021,282.92,22.76,0.00,27.55,0,-88.00,-8.00,0.00,0.00,49.00,0.00,0,76
211.08,1568265500,2812.48,51.44237743,7.48456498,282.09,22.42,0.00,25.94,0,-88.00,-9.00,0.00,0.00,53.00,0.00,0,119
211.08,1568265500,2812.48,51.44237743,7.48456498,282.09,22.42,0.00,25.94,0,-88.00,-8.00,0.00,0.00,49.00,0.00,0,76
214.08,1568265503,2878.10,51.44290945,7.48497144,278.58,21.14,0.00,24.28,0,-87.00,-16.00,0.00,0.00,59.00,0.00,0,77
215.08,1568265504,2899.24,51.44308507,7.48509520,277.50,20.91,0.00,24.19,0,-87.00,-16.00,0.00,0.00,59.00,0.00,0,77
231.08,1568265520,3169.15,51.44461436,7.48720393,267.57,13.82,0.00,126.21,0,-94.00,-13.00,0.00,0.00,51.00,0.00,0,118
231.08,1568265520,3169.16,51.44461436,7.48720393,267.57,13.82,0.00,126.21,0,-91.00,-9.00,0.00,0.00,47.00,0.00,0,75
232.08,1568265521,3182.97,51.44452884,7.48733863,266.87,13.71,0.00,140.36,0,-94.00,-13.00,0.00,0.00,51.00,0.00,0,118
232.08,1568265521,3182.99,51.44452884,7.48733863,266.87,13.71,0.00,140.36,0,-91.00,-9.00,0.00,0.00,47.00,0.00,0,75
233.08,1568265522,3196.69,51.44442215,7.48744330,265.55,13.75,0.00,154.29,0,-85.00,-18.00,0.00,0.00,63.00,0.00,0,118
233.08,1568265522,3196.69,51.44442215,7.48744330,265.55,13.75,0.00,154.29,0,-83.00,-9.00,0.00,0.00,57.00,0.00,0,75
234.08,1568265523,3210.45,51.44430950,7.48748821,264.47,13.79,0.00,169.79,0,-85.00,-18.00,0.00,0.00,63.00,0.00,0,118
234.08,1568265523,3210.45,51.44430950,7.48748821,264.47,13.79,0.00,169.79,0,-83.00,-9.00,0.00,0.00,57.00,0.00,0,75
237.09,1568265526,3251.36,51.44398120,7.48735776,262.98,13.78,0.00,212.44,0,-83.00,-10.00,0.00,0.00,60.00,0.00,0,118
238.08,1568265527,3265.04,51.44387803,7.48722155,262.05,13.85,0.00,225.29,0,-83.00,-10.00,0.00,0.00,60.00,0.00,0,118
239.08,1568265528,3278.87,51.44381479,7.48705435,261.65,14.26,0.00,242.77,0,-83.00,-10.00,0.00,0.00,60.00,0.00,0,118
240.08,1568265529,3293.15,51.44378337,7.48687671,261.61,14.19,0.00,260.18,0,-85.00,-14.00,0.00,0.00,62.00,0.00,0,118
241.08,1568265530,3307.33,51.44375980,7.48667047,261.09,14.91,0.00,262.84,0,-85.00,-14.00,0.00,0.00,62.00,0.00,0,118
265.08,1568265554,3830.79,51.44348229,7.47900977,261.50,25.63,0.00,262.64,0,-97.00,-12.00,0.00,0.00,46.00,0.00,0,117
265.08,1568265554,3830.81,51.44348229,7.47900977,261.50,25.63,0.00,262.64,0,-98.00,-13.00,0.00,0.00,44.00,0.00,0,77
266.08,1568265555,3856.45,51.44345182,7.47863703,260.89,25.93,0.00,262.48,0,-97.00,-12.00,0.00,0.00,46.00,0.00,0,117
266.08,1568265555,3856.45,51.44345182,7.47863703,260.89,25.93,0.00,262.48,0,-98.00,-13.00,0.00,0.00,44.00,0.00,0,77
267.08,1568265556,3882.37,51.44342146,7.47826512,260.34,26.18,0.00,262.58,0,-99.00,-13.00,0.00,0.00,46.00,0.00,0,117
267.08,1568265556,3882.40,51.44342146,7.47826512,260.34,26.18,0.00,262.58,0,-95.00,-11.00,0.00,0.00,47.00,0.00,0,77
268.08,1568265557,3908.52,51.44339016,7.47788050,259.74,26.87,0.00,262.26,0,-99.00,-13.00,0.00,0.00,46.00,0.00,0,117
268.08,1568265557,3908.55,51.44339016,7.47788050,259.74,26.87,0.00,262.26,0,-95.00,-11.00,0.00,0.00,47.00,0.00,0,77
269.08,1568265558,3935.40,51.44335857,7.47749445,259.27,27.34,0.00,262.00,0,-92.00,-9.00,0.00,0.00,48.00,0.00,0,117
269.08,1568265558,3935.42,51.44335857,7.47749445,259.27,27.34,0.00,262.00,0,-94.00,-10.00,0.00,0.00,49.00,0.00,0,77
270.08,1568265559,3962.74,51.44332444,7.47709265,258.63,27.78,0.00,262.08,0,-92.00,-9.00,0.00,0.00,48.00,0.00,0,117
270.08,1568265559,3962.76,51.44332444,7.47709265,258.63,27.78,0.00,262.08,0,-94.00,-10.00,0.00,0.00,49.00,0.00,0,77
271.08,1568265560,3990.51,51.44328927,7.47668825,257.91,28.05,0.00,261.88,0,-98.00,-10.00,0.00,0.00,45.00,0.00,0,117
271.08,1568265560,3990.54,51.44328927,7.47668825,257.91,28.05,0.00,261.88,0,-96.00,-9.00,0.00,0.00,43.00,0.00,0,77
272.08,1568265561,4018.57,51.44325146,7.47629133,257.09,28.04,0.00,261.67,0,-98.00,-10.00,0.00,0.00,45.00,0.00,0,117
272.08,1568265561,4018.60,51.44325146,7.47629133,257.09,28.04,0.00,261.67,0,-96.00,-9.00,0.00,0.00,43.00,0.00,0,77
273.08,1568265562,4046.64,51.44321143,7.47588639,256.19,28.07,0.00,261.05,0,-92.00,-11.00,0.00,0.00,50.00,0.00,0,117
273.08,1568265562,4046.64,51.44321143,7.47588639,256.19,28.07,0.00,261.05,0,-87.00,-9.00,0.00,0.00,52.00,0.00,0,77
274.08,1568265563,4074.68,51.44316444,7.47547686,255.30,28.44,0.00,260.35,0,-92.00,-11.00,0.00,0.00,50.00,0.00,0,117
274.08,1568265563,4074.71,51.44316444,7.47547686,255.30,28.44,0.00,260.35,0,-87.00,-9.00,0.00,0.00,52.00,0.00,0,77
277.08,1568265566,4161.40,51.44301620,7.47424782,253.28,29.62,0.00,258.75,0,-102.00,-13.00,0.00,0.00,43.00,0.00,0,117
278.08,1568265567,4191.03,51.44296760,7.47383811,252.93,29.58,0.00,258.66,0,-102.00,-13.00,0.00,0.00,43.00,0.00,0,117
279.09,1568265568,4220.85,51.44291839,7.47342879,252.57,29.09,0.00,259.41,0,-106.00,-8.00,0.00,0.00,34.00,0.00,0,403
279.09,1568265568,4220.88,51.44291839,7.47342879,252.57,29.09,0.00,259.41,0,-113.00,-14.00,0.00,0.00,32.00,0.00,0,167
279.09,1568265568,4220.91,51.44291839,7.47342879,252.57,29.09,0.00,259.41,0,-114.00,-14.00,0.00,0.00,32.00,0.00,0,249
280.08,1568265569,4249.74,51.44286980,7.47301983,252.25,28.97,0.00,259.67,0,-106.00,-8.00,0.00,0.00,34.00,0.00,0,403
280.08,1568265569,4249.77,51.44286980,7.47301983,252.25,28.97,0.00,259.67,0,-113.00,-14.00,0.00,0.00,32.00,0.00,0,167
280.08,1568265569,4249.80,51.44286980,7.47301983,252.25,28.97,0.00,259.67,0,-114.00,-14.00,0.00,0.00,32.00,0.00,0,249
281.08,1568265570,4278.73,51.44282060,7.47261322,251.84,28.67,0.00,259.45,0,-106.00,-8.00,0.00,0.00,34.00,0.00,0,403
281.08,1568265570,4278.73,51.44282060,7.47261322,251.84,28.67,0.00,259.45,0,-113.00,-14.00,0.00,0.00,32.00,0.00,0,167
281.08,1568265570,4278.76,51.44282060,7.47261322,251.84,28.67,0.00,259.45,0,-114.00,-14.00,0.00,0.00,32.00,0.00,0,249
288.08,1568265577,4475.92,51.44247833,7.46986601,246.94,27.34,0.00,258.12,0,-120.00,-16.00,0.00,0.00,27.00,0.00,0,119
289.08,1568265578,4503.28,51.44242914,7.46949307,246.38,27.18,0.00,257.98,0,-120.00,-16.00,0.00,0.00,27.00,0.00,0,119
290.08,1568265579,4530.46,51.44238057,7.46911763,245.94,27.12,0.00,258.15,0,-120.00,-14.00,0.00,0.00,26.00,0.00,0,231
290.08,1568265579,4530.49,51.44238057,7.46911763,245.94,27.12,0.00,258.15,0,-121.00,-16.00,0.00,0.00,27.00,0.00,0,119
291.08,1568265580,4557.58,51.44232899,7.46873232,245.42,27.18,0.00,258.21,0,-120.00,-14.00,0.00,0.00,26.00,0.00,0,231
291.08,1568265580,4557.61,51.44232899,7.46873232,245.42,27.18,0.00,258.21,0,-121.00,-16.00,0.00,0.00,27.00,0.00,0,119
296.08,1568265585,4691.77,51.44209698,7.46685023,241.51,26.41,0.00,259.62,0,-118.00,-13.00,0.00,0.00,26.00,0.00,0,231
296.08,1568265585,4691.79,51.44209698,7.46685023,241.51,26.41,0.00,259.62,0,-119.00,-14.00,0.00,0.00,26.00,0.00,0,404
296.08,1568265585,4691.79,51.44209698,7.46685023,241.51,26.41,0.00,259.62,0,-120.00,-15.00,0.00,0.00,26.00,0.00,0,360
297.08,1568265586,4718.18,51.44205526,7.46647129,240.61,26.40,0.00,259.55,0,-118.00,-13.00,0.00,0.00,26.00,0.00,0,231
297.08,1568265586,4718.21,51.44205526,7.46647129,240.61,26.40,0.00,259.55,0,-119.00,-14.00,0.00,0.00,26.00,0.00,0,404
297.08,1568265586,4718.23,51.44205526,7.46647129,240.61,26.40,0.00,259.55,0,-120.00,-15.00,0.00,0.00,26.00,0.00,0,360
298.08,1568265587,4744.58,51.44201300,7.46609578,239.68,26.16,0.00,259.82,0,-118.00,-14.00,0.00,0.00,27.00,0.00,0,231
298.08,1568265587,4744.61,51.44201300,7.46609578,239.68,26.16,0.00,259.82,0,-120.00,-15.00,0.00,0.00,26.00,0.00,0,404
298.08,1568265587,4744.63,51.44201300,7.46609578,239.68,26.16,0.00,259.82,0,-119.00,-14.00,0.00,0.00,26.00,0.00,0,195
299.08,1568265588,4770.74,51.44197094,7.46572040,238.90,26.28,0.00,260.12,0,-118.00,-14.00,0.00,0.00,27.00,0.00,0,231
299.08,1568265588,4770.76,51.44197094,7.46572040,238.90,26.28,0.00,260.12,0,-120.00,-15.00,0.00,0.00,26.00,0.00,0,404
299.08,1568265588,4770.76,51.44197094,7.46572040,238.90,26.28,0.00,260.12,0,-119.00,-14.00,0.00,0.00,26.00,0.00,0,195
300.09,1568265589,4797.31,51.44192995,7.46534994,238.36,26.11,0.00,260.45,0,-116.00,-13.00,0.00,0.00,28.00,0.00,0,195
300.09,1568265589,4797.31,51.44192995,7.46534994,238.36,26.11,0.00,260.45,0,-117.00,-13.00,0.00,0.00,28.00,0.00,0,231
300.09,1568265589,4797.33,51.44192995,7.46534994,238.36,26.11,0.00,260.45,0,-118.00,-16.00,0.00,0.00,29.00,0.00,0,249
300.09,1568265589,4797.36,51.44192995,7.46534994,238.36,26.11,0.00,260.45,0,-120.00,-11.00,0.00,0.00,23.00,0.00,0,13
300.09,1568265589,4797.39,51.44192995,7.46534994,238.36,26.11,0.00,260.45,0,0.00,0.00,0.00,0.00,63.00,0.00,0,365
300.09,1568265589,4797.39,51.44192995,7.46534994,238.36,26.11,0.00,260.45,0,0.00,0.00,0.00,0.00,63.00,0.00,0,20
301.08,1568265590,4823.15,51.44189792,7.46498908,237.86,25.39,0.00,261.41,0,-116.00,-13.00,0.00,0.00,28.00,0.00,0,195
301.08,1568265590,4823.18,51.44189792,7.46498908,237.86,25.39,0.00,261.41,0,-117.00,-13.00,0.00,0.00,28.00,0.00,0,231
301.08,1568265590,4823.21,51.44189792,7.46498908,237.86,25.39,0.00,261.41,0,-118.00,-16.00,0.00,0.00,29.00,0.00,0,249
301.08,1568265590,4823.23,51.44189792,7.46498908,237.86,25.39,0.00,261.41,0,-120.00,-11.00,0.00,0.00,23.00,0.00,0,13
301.08,1568265590,4823.23,51.44189792,7.46498908,237.86,25.39,0.00,261.41,0,0.00,0.00,0.00,0.00,63.00,0.00,0,365
301.08,1568265590,4823.26,51.44189792,7.46498908,237.86,25.39,0.00,261.41,0,0.00,0.00,0.00,0.00,63.00,0.00,0,20
302.08,1568265591,4848.57,51.44186847,7.46463162,237.11,24.89,0.00,261.92,0,-116.00,-13.00,0.00,0.00,28.00,0.00,0,195
302.08,1568265591,4848.60,51.44186847,7.46463162,237.11,24.89,0.00,261.92,0,-117.00,-13.00,0.00,0.00,28.00,0.00,0,231
302.08,1568265591,4848.60,51.44186847,7.46463162,237.11,24.89,0.00,261.92,0,-118.00,-16.00,0.00,0.00,29.00,0.00,0,249
302.08,1568265591,4848.62,51.44186847,7.46463162,237.11,24.89,0.00,261.92,0,-120.00,-11.00,0.00,0.00,23.00,0.00,0,13
302.08,1568265591,4848.65,51.44186847,7.46463162,237.11,24.89,0.00,261.92,0,0.00,0.00,0.00,0.00,63.00,0.00,0,365
302.08,1568265591,4848.65,51.44186847,7.46463162,237.11,24.89,0.00,261.92,0,0.00,0.00,0.00,0.00,63.00,0.00,0,20
303.08,1568265592,4873.41,51.44183834,7.46427743,236.45,24.64,0.00,262.23,0,-116.00,-13.00,0.00,0.00,29.00,0.00,0,231
303.08,1568265592,4873.44,51.44183834,7.46427743,236.45,24.64,0.00,262.23,0,-118.00,-15.00,0.00,0.00,29.00,0.00,0,249
303.08,1568265592,4873.46,51.44183834,7.46427743,236.45,24.64,0.00,262.23,0,-121.00,-17.00,0.00,0.00,28.00,0.00,0,352
304.08,1568265593,4898.05,51.44181145,7.46392682,235.87,24.28,0.00,262.43,0,-116.00,-13.00,0.00,0.00,29.00,0.00,0,231
304.08,1568265593,4898.05,51.44181145,7.46392682,235.87,24.28,0.00,262.43,0,-118.00,-15.00,0.00,0.00,29.00,0.00,0,249
304.08,1568265593,4898.08,51.44181145,7.46392682,235.87,24.28,0.00,262.43,0,-121.00,-17.00,0.00,0.00,28.00,0.00,0,352
305.08,1568265594,4922.35,51.44178496,7.46358558,235.57,24.00,0.00,262.75,0,-118.00,-13.00,0.00,0.00,27.00,0.00,0,231
305.08,1568265594,4922.38,51.44178496,7.46358558,235.57,24.00,0.00,262.75,0,-120.00,-16.00,0.00,0.00,27.00,0.00,0,117
305.08,1568265594,4922.38,51.44178496,7.46358558,235.57,24.00,0.00,262.75,0,-121.00,-17.00,0.00,0.00,27.00,0.00,0,119
305.08,1568265594,4922.40,51.44178496,7.46358558,235.57,24.00,0.00,262.75,0,-105.00,-8.00,0.00,0.00,32.00,0.00,0,308
305.08,1568265594,4922.42,51.44178496,7.46358558,235.57,24.00,0.00,262.75,0,-107.00,-9.00,0.00,0.00,31.00,0.00,0,488
306.08,1568265595,4946.37,51.44175991,7.46324434,235.19,23.84,0.00,263.28,0,-118.00,-13.00,0.00,0.00,27.00,0.00,0,231
306.08,1568265595,4946.37,51.44175991,7.46324434,235.19,23.84,0.00,263.28,0,-120.00,-16.00,0.00,0.00,27.00,0.00,0,117
306.08,1568265595,4946.40,51.44175991,7.46324434,235.19,23.84,0.00,263.28,0,-121.00,-17.00,0.00,0.00,27.00,0.00,0,119
306.08,1568265595,4946.42,51.44175991,7.46324434,235.19,23.84,0.00,263.28,0,-105.00,-8.00,0.00,0.00,32.00,0.00,0,308
306.08,1568265595,4946.42,51.44175991,7.46324434,235.19,23.84,0.00,263.28,0,-107.00,-9.00,0.00,0.00,31.00,0.00,0,488
307.08,1568265596,4970.11,51.44173833,7.46290165,234.73,23.61,0.00,263.73,0,-108.00,-14.00,0.00,0.00,31.00,0.00,0,427
308.08,1568265597,4993.73,51.44171719,7.46255824,234.15,23.84,0.00,264.42,0,-108.00,-14.00,0.00,0.00,31.00,0.00,0,427
309.08,1568265598,5017.61,51.44169673,7.46221504,233.57,23.81,0.00,264.64,0,-104.00,-13.00,0.00,0.00,34.00,0.00,0,427
309.08,1568265598,5017.63,51.44169673,7.46221504,233.57,23.81,0.00,264.64,0,-109.00,-17.00,0.00,0.00,33.00,0.00,0,428
310.08,1568265599,5041.40,51.44168106,7.46187389,233.14,23.75,0.00,265.14,0,-104.00,-13.00,0.00,0.00,34.00,0.00,0,427
310.08,1568265599,5041.42,51.44168106,7.46187389,233.14,23.75,0.00,265.14,0,-109.00,-17.00,0.00,0.00,33.00,0.00,0,428
311.08,1568265600,5065.18,51.44166752,7.46153754,232.47,23.46,0.00,265.35,0,-104.00,-13.00,0.00,0.00,34.00,0.00,0,427
312.08,1568265601,5088.59,51.44165196,7.46120590,232.19,23.03,0.00,266.04,0,-104.00,-13.00,0.00,0.00,34.00,0.00,0,427
315.08,1568265604,5156.81,51.44161941,7.46023924,231.03,21.48,0.00,266.85,0,-104.00,-14.00,0.00,0.00,35.00,0.00,0,427
316.08,1568265605,5178.26,51.44160781,7.45994418,231.30,20.48,0.00,267.26,0,-104.00,-14.00,0.00,0.00,35.00,0.00,0,427
317.08,1568265606,5198.73,51.44160328,7.45965229,231.17,19.51,0.00,267.69,0,-105.00,-13.00,0.00,0.00,35.00,0.00,0,427
318.08,1568265607,5218.24,51.44159835,7.45938308,231.23,19.18,0.00,267.63,0,-105.00,-13.00,0.00,0.00,35.00,0.00,0,427
319.08,1568265608,5237.42,51.44159289,7.45910270,231.25,19.35,0.00,268.41,0,-99.00,-10.00,0.00,0.00,37.00,0.00,0,427
320.08,1568265609,5256.77,51.44158771,7.45882368,231.29,19.62,0.00,268.64,0,-99.00,-10.00,0.00,0.00,37.00,0.00,0,427
321.08,1568265610,5276.50,51.44158533,7.45854470,231.43,19.87,0.00,268.91,0,-100.00,-14.00,0.00,0.00,38.00,0.00,0,427
321.08,1568265610,5276.51,51.44158533,7.45854470,231.43,19.87,0.00,268.91,0,-108.00,-9.00,0.00,0.00,31.00,0.00,0,231
321.08,1568265610,5276.53,51.44158533,7.45854470,231.43,19.87,0.00,268.91,0,-112.00,-14.00,0.00,0.00,31.00,0.00,0,117
321.08,1568265610,5276.55,51.44158533,7.45854470,231.43,19.87,0.00,268.91,0,-127.00,-18.00,0.00,0.00,23.00,0.00,0,341
321.08,1568265610,5276.55,51.44158533,7.45854470,231.43,19.87,0.00,268.91,0,-128.00,-18.00,0.00,0.00,23.00,0.00,0,151
321.09,1568265610,5276.57,51.44158533,7.45854470,231.43,19.87,0.00,268.91,0,-130.00,-20.00,0.00,0.00,23.00,0.00,0,362
321.09,1568265610,5276.59,51.44158533,7.45854470,231.43,19.87,0.00,268.91,0,-104.00,-9.00,0.00,0.00,34.00,0.00,0,488
321.09,1568265610,5276.59,51.44158533,7.45854470,231.43,19.87,0.00,268.91,0,-107.00,-12.00,0.00,0.00,33.00,0.00,0,308
322.08,1568265611,5296.37,51.44158291,7.45825676,231.46,19.97,0.00,268.58,0,-100.00,-14.00,0.00,0.00,38.00,0.00,0,427
322.08,1568265611,5296.39,51.44158291,7.45825676,231.46,19.97,0.00,268.58,0,-108.00,-9.00,0.00,0.00,31.00,0.00,0,231
322.08,1568265611,5296.39,51.44158291,7.45825676,231.46,19.97,0.00,268.58,0,-112.00,-14.00,0.00,0.00,31.00,0.00,0,117
322.08,1568265611,5296.41,51.44158291,7.45825676,231.46,19.97,0.00,268.58,0,-127.00,-18.00,0.00,0.00,23.00,0.00,0,341
322.08,1568265611,5296.43,51.44158291,7.45825676,231.46,19.97,0.00,268.58,0,-128.00,-18.00,0.00,0.00,23.00,0.00,0,151
322.08,1568265611,5296.43,51.44158291,7.45825676,231.46,19.97,0.00,268.58,0,-130.00,-20.00,0.00,0.00,23.00,0.00,0,362
322.09,1568265611,5296.45,51.44158291,7.45825676,231.46,19.97,0.00,268.58,0,-104.00,-9.00,0.00,0.00,34.00,0.00,0,488
322.09,1568265611,5296.47,51.44158291,7.45825676,231.46,19.97,0.00,268.58,0,-107.00,-12.00,0.00,0.00,33.00,0.00,0,308
326.08,1568265615,5377.91,51.44157883,7.45707556,232.06,20.40,0.00,270.25,0,-114.00,-14.00,0.00,0.00,32.00,0.00,0,117
327.08,1568265616,5398.30,51.44157928,7.45678247,232.19,20.52,0.00,270.49,0,-114.00,-14.00,0.00,0.00,32.00,0.00,0,117
328.08,1568265617,5418.86,51.44157960,7.45648607,232.30,20.65,0.00,270.45,0,-113.00,-14.00,0.00,0.00,34.00,0.00,0,117
328.08,1568265617,5418.86,51.44157960,7.45648607,232.30,20.65,0.00,270.45,0,-116.00,-19.00,0.00,0.00,35.00,0.00,0,119
329.08,1568265618,5439.49,51.44157950,7.45619619,232.66,20.58,0.00,270.45,0,-113.00,-14.00,0.00,0.00,34.00,0.00,0,117
329.08,1568265618,5439.51,51.44157950,7.45619619,232.66,20.58,0.00,270.45,0,-116.00,-19.00,0.00,0.00,35.00,0.00,0,119
330.08,1568265619,5460.07,51.44158121,7.45590312,232.77,20.50,0.00,270.51,0,-107.00,-11.00,0.00,0.00,36.00,0.00,0,117
330.08,1568265619,5460.09,51.44158121,7.45590312,232.77,20.50,0.00,270.51,0,-111.00,-15.00,0.00,0.00,36.00,0.00,0,119
331.08,1568265620,5480.57,51.44158551,7.45561476,232.53,20.42,0.00,270.85,0,-107.00,-11.00,0.00,0.00,36.00,0.00,0,117
331.08,1568265620,5480.59,51.44158551,7.45561476,232.53,20.42,0.00,270.85,0,-111.00,-15.00,0.00,0.00,36.00,0.00,0,119
332.08,1568265621,5500.98,51.44159256,7.45531274,231.99,20.37,0.00,271.16,0,-100.00,-11.00,0.00,0.00,42.00,0.00,0,231
332.08,1568265621,5501.00,51.44159256,7.45531274,231.99,20.37,0.00,271.16,0,-105.00,-13.00,0.00,0.00,40.00,0.00,0,119
333.08,1568265622,5521.35,51.44159715,7.45501092,231.67,20.41,0.00,272.04,0,-100.00,-11.00,0.00,0.00,42.00,0.00,0,231
333.08,1568265622,5521.37,51.44159715,7.45501092,231.67,20.41,0.00,272.04,0,-105.00,-13.00,0.00,0.00,40.00,0.00,0,119
334.08,1568265623,5541.77,51.44160713,7.45471382,231.19,20.56,0.00,272.73,0,-100.00,-10.00,0.00,0.00,42.00,0.00,0,231
334.08,1568265623,5541.79,51.44160713,7.45471382,231.19,20.56,0.00,272.73,0,-105.00,-15.00,0.00,0.00,42.00,0.00,0,119
335.08,1568265624,5562.31,51.44161798,7.45441053,230.46,20.70,0.00,272.88,0,-100.00,-10.00,0.00,0.00,42.00,0.00,0,231
335.08,1568265624,5562.33,51.44161798,7.45441053,230.46,20.70,0.00,272.88,0,-105.00,-15.00,0.00,0.00,42.00,0.00,0,119
391.08,1568265680,6782.33,51.44395915,7.43727325,217.60,25.55,0.00,289.06,0,-80.00,-10.00,0.00,0.00,59.00,0.00,0,436
392.08,1568265681,6807.86,51.44403684,7.43692769,217.05,25.40,0.00,289.77,0,-80.00,-10.00,0.00,0.00,59.00,0.00,0,436
437.08,1568265726,7687.40,51.44854935,7.42685711,183.41,17.95,0.00,322.21,0,-100.00,-7.00,0.00,0.00,39.00,0.00,0,49
438.08,1568265727,7705.33,51.44868312,7.42670194,183.09,18.84,0.00,322.90,0,-100.00,-7.00,0.00,0.00,39.00,0.00,0,49
441.08,1568265730,7760.74,51.44908029,7.42626009,181.77,16.32,0.00,324.98,0,-99.00,-9.00,0.00,0.00,41.00,0.00,0,49
442.08,1568265731,7777.06,51.44920105,7.42613488,181.31,15.86,0.00,325.69,0,-99.00,-9.00,0.00,0.00,41.00,0.00,0,49
443.08,1568265732,7792.91,51.44931927,7.42601178,180.87,15.74,0.00,326.58,0,-97.00,-8.00,0.00,0.00,42.00,0.00,0,49
444.08,1568265733,7808.66,51.44944363,7.42589101,180.45,16.12,0.00,327.37,0,-97.00,-8.00,0.00,0.00,42.00,0.00,0,49
445.08,1568265734,7824.77,51.44956858,7.42576818,180.00,16.53,0.00,328.03,0,-97.00,-8.00,0.00,0.00,42.00,0.00,0,49
446.08,1568265735,7841.30,51.44970794,7.42563921,179.46,17.29,0.00,328.86,0,-97.00,-8.00,0.00,0.00,42.00,0.00,0,49
454.08,1568265743,7994.53,51.45094182,7.42464456,171.53,19.92,0.00,337.64,0,-107.00,-11.00,0.00,0.00,36.00,0.00,0,97
454.08,1568265743,7994.55,51.45094182,7.42464456,171.53,19.92,0.00,337.64,0,-108.00,-12.00,0.00,0.00,36.00,0.00,0,49
455.08,1568265744,8014.45,51.45111288,7.42453614,171.25,19.52,0.00,337.21,0,-107.00,-11.00,0.00,0.00,36.00,0.00,0,97
455.08,1568265744,8014.47,51.45111288,7.42453614,171.25,19.52,0.00,337.21,0,-108.00,-12.00,0.00,0.00,36.00,0.00,0,49
456.08,1568265745,8033.99,51.45126899,7.42443602,170.85,19.33,0.00,338.63,0,-104.00,-8.00,0.00,0.00,35.00,0.00,0,414
456.08,1568265745,8034.01,51.45126899,7.42443602,170.85,19.33,0.00,338.63,0,-108.00,-11.00,0.00,0.00,34.00,0.00,0,97
456.08,1568265745,8034.03,51.45126899,7.42443602,170.85,19.33,0.00,338.63,0,-109.00,-12.00,0.00,0.00,35.00,0.00,0,49
457.08,1568265746,8053.31,51.45143371,7.42433886,170.67,19.02,0.00,338.67,0,-104.00,-8.00,0.00,0.00,35.00,0.00,0,414
457.08,1568265746,8053.33,51.45143371,7.42433886,170.67,19.02,0.00,338.67,0,-108.00,-11.00,0.00,0.00,34.00,0.00,0,97
457.08,1568265746,8053.33,51.45143371,7.42433886,170.67,19.02,0.00,338.67,0,-109.00,-12.00,0.00,0.00,35.00,0.00,0,49
458.08,1568265747,8072.33,51.45159542,7.42424094,170.27,18.98,0.00,339.04,0,-106.00,-9.00,0.00,0.00,35.00,0.00,0,414
458.08,1568265747,8072.35,51.45159542,7.42424094,170.27,18.98,0.00,339.04,0,-108.00,-10.00,0.00,0.00,34.00,0.00,0,249
458.08,1568265747,8072.37,51.45159542,7.42424094,170.27,18.98,0.00,339.04,0,-108.00,-11.00,0.00,0.00,34.00,0.00,0,97
459.08,1568265748,8091.31,51.45174935,7.42415005,169.86,18.71,0.00,339.57,0,-106.00,-9.00,0.00,0.00,35.00,0.00,0,414
459.08,1568265748,8091.33,51.45174935,7.42415005,169.86,18.71,0.00,339.57,0,-108.00,-10.00,0.00,0.00,34.00,0.00,0,249
459.08,1568265748,8091.34,51.45174935,7.42415005,169.86,18.71,0.00,339.57,0,-108.00,-11.00,0.00,0.00,34.00,0.00,0,97
460.08,1568265749,8110.04,51.45191610,7.42406404,169.12,17.85,0.00,340.18,0,-107.00,-10.00,0.00,0.00,34.00,0.00,0,249
460.08,1568265749,8110.04,51.45191610,7.42406404,169.12,17.85,0.00,340.18,0,-107.00,-10.00,0.00,0.00,34.00,0.00,0,414
460.08,1568265749,8110.06,51.45191610,7.42406404,169.12,17.85,0.00,340.18,0,-109.00,-11.00,0.00,0.00,34.00,0.00,0,97
461.08,1568265750,8127.86,51.45206297,7.42398979,167.98,16.37,0.00,340.95,0,-107.00,-10.00,0.00,0.00,34.00,0.00,0,249
461.08,1568265750,8127.88,51.45206297,7.42398979,167.98,16.37,0.00,340.95,0,-107.00,-10.00,0.00,0.00,34.00,0.00,0,414
461.08,1568265750,8127.88,51.45206297,7.42398979,167.98,16.37,0.00,340.95,0,-109.00,-11.00,0.00,0.00,34.00,0.00,0,97
462.08,1568265751,8144.23,51.45220574,7.42392050,166.85,15.73,0.00,341.23,0,-109.00,-13.00,0.00,0.00,35.00,0.00,0,49
462.08,1568265751,8144.25,51.45220574,7.42392050,166.85,15.73,0.00,341.23,0,-108.00,-11.00,0.00,0.00,35.00,0.00,0,249
462.08,1568265751,8144.26,51.45220574,7.42392050,166.85,15.73,0.00,341.23,0,-111.00,-13.00,0.00,0.00,35.00,0.00,0,375
463.08,1568265752,8159.96,51.45234539,7.42385762,165.99,15.42,0.00,341.87,0,-109.00,-13.00,0.00,0.00,35.00,0.00,0,49
463.08,1568265752,8159.98,51.45234539,7.42385762,165.99,15.42,0.00,341.87,0,-108.00,-11.00,0.00,0.00,35.00,0.00,0,249
463.08,1568265752,8160.00,51.45234539,7.42385762,165.99,15.42,0.00,341.87,0,-111.00,-13.00,0.00,0.00,35.00,0.00,0,375
464.08,1568265753,8175.39,51.45248038,7.42379825,165.04,16.17,0.00,342.47,0,-102.00,-8.00,0.00,0.00,37.00,0.00,0,414
464.08,1568265753,8175.40,51.45248038,7.42379825,165.04,16.17,0.00,342.47,0,-104.00,-9.00,0.00,0.00,37.00,0.00,0,97
464.08,1568265753,8175.42,51.45248038,7.42379825,165.04,16.17,0.00,342.47,0,-106.00,-11.00,0.00,0.00,37.00,0.00,0,49
465.08,1568265754,8191.57,51.45261149,7.42373708,164.33,15.36,0.00,343.16,0,-102.00,-8.00,0.00,0.00,37.00,0.00,0,414
465.08,1568265754,8191.57,51.45261149,7.42373708,164.33,15.36,0.00,343.16,0,-104.00,-9.00,0.00,0.00,37.00,0.00,0,97
465.08,1568265754,8191.59,51.45261149,7.42373708,164.33,15.36,0.00,343.16,0,-106.00,-11.00,0.00,0.00,37.00,0.00,0,49
468.08,1568265757,8237.48,51.45301256,7.42353785,163.44,14.98,0.00,343.39,0,-101.00,-11.00,0.00,0.00,42.00,0.00,0,375
468.08,1568265757,8237.49,51.45301256,7.42353785,163.44,14.98,0.00,343.39,0,-103.00,-12.00,0.00,0.00,42.00,0.00,0,97
468.08,1568265757,8237.51,51.45301256,7.42353785,163.44,14.98,0.00,343.39,0,-105.00,-13.00,0.00,0.00,41.00,0.00,0,414
468.08,1568265757,8237.52,51.45301256,7.42353785,163.44,14.98,0.00,343.39,0,-99.00,-10.00,0.00,0.00,40.00,0.00,0,38
468.08,1568265757,8237.52,51.45301256,7.42353785,163.44,14.98,0.00,343.39,0,-100.00,-11.00,0.00,0.00,39.00,0.00,0,57
469.08,1568265758,8252.48,51.45313971,7.42347628,163.21,15.04,0.00,343.53,0,-101.00,-11.00,0.00,0.00,42.00,0.00,0,375
469.08,1568265758,8252.49,51.45313971,7.42347628,163.21,15.04,0.00,343.53,0,-103.00,-12.00,0.00,0.00,42.00,0.00,0,97
469.08,1568265758,8252.49,51.45313971,7.42347628,163.21,15.04,0.00,343.53,0,-105.00,-13.00,0.00,0.00,41.00,0.00,0,414
469.08,1568265758,8252.51,51.45313971,7.42347628,163.21,15.04,0.00,343.53,0,-99.00,-10.00,0.00,0.00,40.00,0.00,0,38
469.08,1568265758,8252.52,51.45313971,7.42347628,163.21,15.04,0.00,343.53,0,-100.00,-11.00,0.00,0.00,39.00,0.00,0,57
473.08,1568265762,8315.15,51.45367474,7.42323405,161.50,16.54,0.00,344.46,0,-104.00,-11.00,0.00,0.00,39.00,0.00,0,49
473.08,1568265762,8315.17,51.45367474,7.42323405,161.50,16.54,0.00,344.46,0,-105.00,-12.00,0.00,0.00,39.00,0.00,0,352
473.08,1568265762,8315.18,51.45367474,7.42323405,161.50,16.54,0.00,344.46,0,-105.00,-12.00,0.00,0.00,38.00,0.00,0,97
473.08,1568265762,8315.20,51.45367474,7.42323405,161.50,16.54,0.00,344.46,0,-99.00,-9.00,0.00,0.00,39.00,0.00,0,480
473.08,1568265762,8315.20,51.45367474,7.42323405,161.50,16.54,0.00,344.46,0,-104.00,-11.00,0.00,0.00,36.00,0.00,0,57
474.08,1568265763,8331.69,51.45381703,7.42317268,161.02,16.56,0.00,344.28,0,-104.00,-11.00,0.00,0.00,39.00,0.00,0,49
474.08,1568265763,8331.71,51.45381703,7.42317268,161.02,16.56,0.00,344.28,0,-105.00,-12.00,0.00,0.00,39.00,0.00,0,352
474.08,1568265763,8331.72,51.45381703,7.42317268,161.02,16.56,0.00,344.28,0,-105.00,-12.00,0.00,0.00,38.00,0.00,0,97
474.08,1568265763,8331.72,51.45381703,7.42317268,161.02,16.56,0.00,344.28,0,-99.00,-9.00,0.00,0.00,39.00,0.00,0,480
474.08,1568265763,8331.74,51.45381703,7.42317268,161.02,16.56,0.00,344.28,0,-104.00,-11.00,0.00,0.00,36.00,0.00,0,57
475.08,1568265764,8348.27,51.45396741,7.42310257,160.56,16.57,0.00,344.02,0,-102.00,-11.00,0.00,0.00,40.00,0.00,0,414
475.08,1568265764,8348.28,51.45396741,7.42310257,160.56,16.57,0.00,344.02,0,-105.00,-13.00,0.00,0.00,39.00,0.00,0,49
475.08,1568265764,8348.28,51.45396741,7.42310257,160.56,16.57,0.00,344.02,0,-107.00,-13.00,0.00,0.00,39.00,0.00,0,97
475.08,1568265764,8348.30,51.45396741,7.42310257,160.56,16.57,0.00,344.02,0,-105.00,-10.00,0.00,0.00,34.00,0.00,0,57
475.08,1568265764,8348.32,51.45396741,7.42310257,160.56,16.57,0.00,344.02,0,-105.00,-9.00,0.00,0.00,32.00,0.00,0,301
476.08,1568265765,8364.82,51.45411200,7.42303808,160.08,17.02,0.00,343.82,0,-102.00,-11.00,0.00,0.00,40.00,0.00,0,414
476.08,1568265765,8364.84,51.45411200,7.42303808,160.08,17.02,0.00,343.82,0,-105.00,-13.00,0.00,0.00,39.00,0.00,0,49
476.08,1568265765,8364.84,51.45411200,7.42303808,160.08,17.02,0.00,343.82,0,-107.00,-13.00,0.00,0.00,39.00,0.00,0,97
476.08,1568265765,8364.85,51.45411200,7.42303808,160.08,17.02,0.00,343.82,0,-105.00,-10.00,0.00,0.00,34.00,0.00,0,57
476.08,1568265765,8364.87,51.45411200,7.42303808,160.08,17.02,0.00,343.82,0,-105.00,-9.00,0.00,0.00,32.00,0.00,0,301
477.08,1568265766,8381.84,51.45425445,7.42297273,159.60,17.47,0.00,343.60,0,-104.00,-10.00,0.00,0.00,38.00,0.00,0,414
477.08,1568265766,8381.86,51.45425445,7.42297273,159.60,17.47,0.00,343.60,0,-104.00,-12.00,0.00,0.00,40.00,0.00,0,249
477.08,1568265766,8381.88,51.45425445,7.42297273,159.60,17.47,0.00,343.60,0,-108.00,-15.00,0.00,0.00,39.00,0.00,0,49
477.08,1568265766,8381.89,51.45425445,7.42297273,159.60,17.47,0.00,343.60,0,-104.00,-9.00,0.00,0.00,34.00,0.00,0,301
477.08,1568265766,8381.89,51.45425445,7.42297273,159.60,17.47,0.00,343.60,0,-104.00,-10.00,0.00,0.00,35.00,0.00,0,480
478.08,1568265767,8399.31,51.45440359,7.42290442,159.11,17.65,0.00,343.40,0,-104.00,-10.00,0.00,0.00,38.00,0.00,0,414
478.08,1568265767,8399.33,51.45440359,7.42290442,159.11,17.65,0.00,343.40,0,-104.00,-12.00,0.00,0.00,40.00,0.00,0,249
478.08,1568265767,8399.33,51.45440359,7.42290442,159.11,17.65,0.00,343.40,0,-108.00,-15.00,0.00,0.00,39.00,0.00,0,49
478.08,1568265767,8399.35,51.45440359,7.42290442,159.11,17.65,0.00,343.40,0,-104.00,-9.00,0.00,0.00,34.00,0.00,0,301
478.08,1568265767,8399.37,51.45440359,7.42290442,159.11,17.65,0.00,343.40,0,-104.00,-10.00,0.00,0.00,35.00,0.00,0,480
479.08,1568265768,8416.97,51.45456034,7.42283480,158.45,17.36,0.00,343.24,0,-106.00,-11.00,0.00,0.00,36.00,0.00,0,414
479.08,1568265768,8416.97,51.45456034,7.42283480,158.45,17.36,0.00,343.24,0,-109.00,-13.00,0.00,0.00,36.00,0.00,0,97
479.08,1568265768,8416.98,51.45456034,7.42283480,158.45,17.36,0.00,343.24,0,-110.00,-14.00,0.00,0.00,36.00,0.00,0,233
479.08,1568265768,8417.00,51.45456034,7.42283480,158.45,17.36,0.00,343.24,0,-103.00,-9.00,0.00,0.00,35.00,0.00,0,301
479.08,1568265768,8417.02,51.45456034,7.42283480,158.45,17.36,0.00,343.24,0,-106.00,-13.00,0.00,0.00,36.00,0.00,0,424
480.08,1568265769,8434.32,51.45470367,7.42276762,157.98,17.00,0.00,343.19,0,-106.00,-11.00,0.00,0.00,36.00,0.00,0,414
480.08,1568265769,8434.34,51.45470367,7.42276762,157.98,17.00,0.00,343.19,0,-109.00,-13.00,0.00,0.00,36.00,0.00,0,97
480.08,1568265769,8434.36,51.45470367,7.42276762,157.98,17.00,0.00,343.19,0,-110.00,-14.00,0.00,0.00,36.00,0.00,0,233
480.08,1568265769,8434.36,51.45470367,7.42276762,157.98,17.00,0.00,343.19,0,-103.00,-9.00,0.00,0.00,35.00,0.00,0,301
480.08,1568265769,8434.37,51.45470367,7.42276762,157.98,17.00,0.00,343.19,0,-106.00,-13.00,0.00,0.00,36.00,0.00,0,424
483.08,1568265772,8484.69,51.45513157,7.42256352,156.55,15.28,0.00,343.77,0,-103.00,-10.00,0.00,0.00,38.00,0.00,0,249
483.08,1568265772,8484.70,51.45513157,7.42256352,156.55,15.28,0.00,343.77,0,-104.00,-10.00,0.00,0.00,37.00,0.00,0,375
483.08,1568265772,8484.72,51.45513157,7.42256352,156.55,15.28,0.00,343.77,0,-106.00,-13.00,0.00,0.00,39.00,0.00,0,348
483.08,1568265772,8484.73,51.45513157,7.42256352,156.55,15.28,0.00,343.77,0,-101.00,-10.00,0.00,0.00,38.00,0.00,0,424
483.08,1568265772,8484.73,51.45513157,7.42256352,156.55,15.28,0.00,343.77,0,-101.00,-10.00,0.00,0.00,37.00,0.00,0,38
484.08,1568265773,8499.98,51.45525084,7.42250759,155.99,13.50,0.00,343.05,0,-103.00,-10.00,0.00,0.00,38.00,0.00,0,249
484.08,1568265773,8499.98,51.45525084,7.42250759,155.99,13.50,0.00,343.05,0,-104.00,-10.00,0.00,0.00,37.00,0.00,0,375
484.08,1568265773,8499.99,51.45525084,7.42250759,155.99,13.50,0.00,343.05,0,-106.00,-13.00,0.00,0.00,39.00,0.00,0,348
484.08,1568265773,8500.01,51.45525084,7.42250759,155.99,13.50,0.00,343.05,0,-101.00,-10.00,0.00,0.00,38.00,0.00,0,424
484.08,1568265773,8500.01,51.45525084,7.42250759,155.99,13.50,0.00,343.05,0,-101.00,-10.00,0.00,0.00,37.00,0.00,0,38
485.08,1568265774,8513.45,51.45536793,7.42245226,155.53,12.29,0.00,342.56,0,-99.00,-10.00,0.00,0.00,44.00,0.00,0,249
485.08,1568265774,8513.47,51.45536793,7.42245226,155.53,12.29,0.00,342.56,0,-99.00,-10.00,0.00,0.00,40.00,0.00,0,424
485.08,1568265774,8513.48,51.45536793,7.42245226,155.53,12.29,0.00,342.56,0,-100.00,-11.00,0.00,0.00,39.00,0.00,0,38
486.08,1568265775,8525.74,51.45546985,7.42239789,155.30,11.34,0.00,342.16,0,-99.00,-10.00,0.00,0.00,44.00,0.00,0,249
486.08,1568265775,8525.75,51.45546985,7.42239789,155.30,11.34,0.00,342.16,0,-99.00,-10.00,0.00,0.00,40.00,0.00,0,424
486.08,1568265775,8525.75,51.45546985,7.42239789,155.30,11.34,0.00,342.16,0,-100.00,-11.00,0.00,0.00,39.00,0.00,0,38
489.08,1568265778,8559.49,51.45575053,7.42224461,155.14,11.25,0.00,341.42,0,-98.00,-11.00,0.00,0.00,45.00,0.00,0,26
489.08,1568265778,8559.51,51.45575053,7.42224461,155.14,11.25,0.00,341.42,0,-99.00,-12.00,0.00,0.00,44.00,0.00,0,249
489.08,1568265778,8559.51,51.45575053,7.42224461,155.14,11.25,0.00,341.42,0,-100.00,-12.00,0.00,0.00,44.00,0.00,0,233
489.08,1568265778,8559.52,51.45575053,7.42224461,155.14,11.25,0.00,341.42,0,-97.00,-11.00,0.00,0.00,42.00,0.00,0,352
489.08,1568265778,8559.53,51.45575053,7.42224461,155.14,11.25,0.00,341.42,0,-100.00,-14.00,0.00,0.00,42.00,0.00,0,436
490.08,1568265779,8570.75,51.45584418,7.42219326,155.02,11.27,0.00,341.50,0,-98.00,-11.00,0.00,0.00,45.00,0.00,0,26
490.08,1568265779,8570.76,51.45584418,7.42219326,155.02,11.27,0.00,341.50,0,-99.00,-12.00,0.00,0.00,44.00,0.00,0,249
490.08,1568265779,8570.77,51.45584418,7.42219326,155.02,11.27,0.00,341.50,0,-100.00,-12.00,0.00,0.00,44.00,0.00,0,233
490.08,1568265779,8570.77,51.45584418,7.42219326,155.02,11.27,0.00,341.50,0,-97.00,-11.00,0.00,0.00,42.00,0.00,0,352
490.08,1568265779,8570.78,51.45584418,7.42219326,155.02,11.27,0.00,341.50,0,-100.00,-14.00,0.00,0.00,42.00,0.00,0,436
491.09,1568265780,8582.10,51.45594603,7.42213758,154.67,11.39,0.00,341.61,0,-99.00,-13.00,0.00,0.00,45.00,0.00,0,26
492.08,1568265781,8593.38,51.45604403,7.42208465,154.08,11.52,0.00,341.20,0,-99.00,-13.00,0.00,0.00,45.00,0.00,0,26
493.08,1568265782,8604.90,51.45613997,7.42202957,153.52,11.69,0.00,340.80,0,-99.00,-13.00,0.00,0.00,45.00,0.00,0,26
496.08,1568265785,8637.98,51.45641087,7.42187031,151.42,9.79,0.00,339.50,0,-97.00,-10.00,0.00,0.00,44.00,0.00,0,414
496.08,1568265785,8637.99,51.45641087,7.42187031,151.42,9.79,0.00,339.50,0,-99.00,-10.00,0.00,0.00,43.00,0.00,0,49
496.08,1568265785,8637.99,51.45641087,7.42187031,151.42,9.79,0.00,339.50,0,-100.00,-13.00,0.00,0.00,44.00,0.00,0,348
496.08,1568265785,8638.00,51.45641087,7.42187031,151.42,9.79,0.00,339.50,0,-94.00,-8.00,0.00,0.00,43.00,0.00,0,301
496.08,1568265785,8638.01,51.45641087,7.42187031,151.42,9.79,0.00,339.50,0,-97.00,-8.00,0.00,0.00,41.00,0.00,0,480
497.08,1568265786,8647.77,51.45648769,7.42182197,150.86,9.70,0.00,339.35,0,-97.00,-10.00,0.00,0.00,44.00,0.00,0,414
497.08,1568265786,8647.78,51.45648769,7.42182197,150.86,9.70,0.00,339.35,0,-99.00,-10.00,0.00,0.00,43.00,0.00,0,49
497.08,1568265786,8647.79,51.45648769,7.42182197,150.86,9.70,0.00,339.35,0,-100.00,-13.00,0.00,0.00,44.00,0.00,0,348
497.08,1568265786,8647.80,51.45648769,7.42182197,150.86,9.70,0.00,339.35,0,-94.00,-8.00,0.00,0.00,43.00,0.00,0,301
497.08,1568265786,8647.80,51.45648769,7.42182197,150.86,9.70,0.00,339.35,0,-97.00,-8.00,0.00,0.00,41.00,0.00,0,480
498.08,1568265787,8657.48,51.45656474,7.42177161,150.49,9.47,0.00,339.29,0,-102.00,-11.00,0.00,0.00,40.00,0.00,0,414
498.08,1568265787,8657.48,51.45656474,7.42177161,150.49,9.47,0.00,339.29,0,-103.00,-10.00,0.00,0.00,38.00,0.00,0,375
498.08,1568265787,8657.49,51.45656474,7.42177161,150.49,9.47,0.00,339.29,0,-103.00,-12.00,0.00,0.00,40.00,0.00,0,249
498.08,1568265787,8657.50,51.45656474,7.42177161,150.49,9.47,0.00,339.29,0,-100.00,-10.00,0.00,0.00,39.00,0.00,0,424
498.08,1568265787,8657.50,51.45656474,7.42177161,150.49,9.47,0.00,339.29,0,-100.00,-10.00,0.00,0.00,39.00,0.00,0,301
499.08,1568265788,8666.95,51.45664367,7.42172270,150.14,9.35,0.00,338.61,0,-102.00,-11.00,0.00,0.00,40.00,0.00,0,414
499.08,1568265788,8666.95,51.45664367,7.42172270,150.14,9.35,0.00,338.61,0,-103.00,-10.00,0.00,0.00,38.00,0.00,0,375
499.08,1568265788,8666.95,51.45664367,7.42172270,150.14,9.35,0.00,338.61,0,-103.00,-12.00,0.00,0.00,40.00,0.00,0,249
499.08,1568265788,8666.96,51.45664367,7.42172270,150.14,9.35,0.00,338.61,0,-100.00,-10.00,0.00,0.00,39.00,0.00,0,424
499.08,1568265788,8666.97,51.45664367,7.42172270,150.14,9.35,0.00,338.61,0,-100.00,-10.00,0.00,0.00,39.00,0.00,0,301
500.08,1568265789,8676.28,51.45671998,7.42167277,149.94,9.21,0.00,338.58,0,-99.00,-10.00,0.00,0.00,43.00,0.00,0,414
500.08,1568265789,8676.29,51.45671998,7.42167277,149.94,9.21,0.00,338.58,0,-102.00,-13.00,0.00,0.00,43.00,0.00,0,348
500.08,1568265789,8676.30,51.45671998,7.42167277,149.94,9.21,0.00,338.58,0,-98.00,-10.00,0.00,0.00,41.00,0.00,0,343
500.08,1568265789,8676.30,51.45671998,7.42167277,149.94,9.21,0.00,338.58,0,-100.00,-11.00,0.00,0.00,40.00,0.00,0,424
501.08,1568265790,8685.50,51.45679680,7.42162096,149.84,9.44,0.00,338.43,0,-99.00,-10.00,0.00,0.00,43.00,0.00,0,414
501.08,1568265790,8685.50,51.45679680,7.42162096,149.84,9.44,0.00,338.43,0,-102.00,-13.00,0.00,0.00,43.00,0.00,0,348
501.08,1568265790,8685.51,51.45679680,7.42162096,149.84,9.44,0.00,338.43,0,-98.00,-10.00,0.00,0.00,41.00,0.00,0,343
501.08,1568265790,8685.52,51.45679680,7.42162096,149.84,9.44,0.00,338.43,0,-100.00,-11.00,0.00,0.00,40.00,0.00,0,424
502.08,1568265791,8694.94,51.45687521,7.42156777,149.88,9.91,0.00,337.59,0,-95.00,-11.00,0.00,0.00,47.00,0.00,0,249
502.08,1568265791,8694.95,51.45687521,7.42156777,149.88,9.91,0.00,337.59,0,-96.00,-10.00,0.00,0.00,46.00,0.00,0,375
502.08,1568265791,8694.95,51.45687521,7.42156777,149.88,9.91,0.00,337.59,0,-100.00,-13.00,0.00,0.00,46.00,0.00,0,348
502.08,1568265791,8694.96,51.45687521,7.42156777,149.88,9.91,0.00,337.59,0,-97.00,-12.00,0.00,0.00,43.00,0.00,0,424
502.08,1568265791,8694.97,51.45687521,7.42156777,149.88,9.91,0.00,337.59,0,-98.00,-12.00,0.00,0.00,41.00,0.00,0,38
503.08,1568265792,8704.85,51.45695651,7.42151378,149.95,9.91,0.00,337.70,0,-95.00,-11.00,0.00,0.00,47.00,0.00,0,249
503.08,1568265792,8704.85,51.45695651,7.42151378,149.95,9.91,0.00,337.70,0,-96.00,-10.00,0.00,0.00,46.00,0.00,0,375
503.08,1568265792,8704.86,51.45695651,7.42151378,149.95,9.91,0.00,337.70,0,-100.00,-13.00,0.00,0.00,46.00,0.00,0,348
503.08,1568265792,8704.87,51.45695651,7.42151378,149.95,9.91,0.00,337.70,0,-97.00,-12.00,0.00,0.00,43.00,0.00,0,424
503.08,1568265792,8704.87,51.45695651,7.42151378,149.95,9.91,0.00,337.70,0,-98.00,-12.00,0.00,0.00,41.00,0.00,0,38
504.08,1568265793,8714.75,51.45703687,7.42146010,150.07,9.60,0.00,337.50,0,-97.00,-8.00,0.00,0.00,42.00,0.00,0,375
504.08,1568265793,8714.76,51.45703687,7.42146010,150.07,9.60,0.00,337.50,0,-103.00,-13.00,0.00,0.00,42.00,0.00,0,348
504.08,1568265793,8714.76,51.45703687,7.42146010,150.07,9.60,0.00,337.50,0,-103.00,-15.00,0.00,0.00,42.00,0.00,0,453
504.08,1568265793,8714.77,51.45703687,7.42146010,150.07,9.60,0.00,337.50,0,-99.00,-9.00,0.00,0.00,39.00,0.00,0,38
504.08,1568265793,8714.78,51.45703687,7.42146010,150.07,9.60,0.00,337.50,0,-101.00,-13.00,0.00,0.00,40.00,0.00,0,343
505.08,1568265794,8724.36,51.45711735,7.42140693,149.90,9.65,0.00,337.09,0,-97.00,-8.00,0.00,0.00,42.00,0.00,0,375
505.08,1568265794,8724.36,51.45711735,7.42140693,149.90,9.65,0.00,337.09,0,-103.00,-13.00,0.00,0.00,42.00,0.00,0,348
505.08,1568265794,8724.37,51.45711735,7.42140693,149.90,9.65,0.00,337.09,0,-103.00,-15.00,0.00,0.00,42.00,0.00,0,453
505.08,1568265794,8724.38,51.45711735,7.42140693,149.90,9.65,0.00,337.09,0,-99.00,-9.00,0.00,0.00,39.00,0.00,0,38
505.08,1568265794,8724.39,51.45711735,7.42140693,149.90,9.65,0.00,337.09,0,-101.00,-13.00,0.00,0.00,40.00,0.00,0,343
506.08,1568265795,8734.00,51.45719874,7.42135208,149.77,10.17,0.00,337.13,0,-96.00,-8.00,0.00,0.00,44.00,0.00,0,375
506.08,1568265795,8734.01,51.45719874,7.42135208,149.77,10.17,0.00,337.13,0,-97.00,-11.00,0.00,0.00,45.00,0.00,0,233
506.08,1568265795,8734.01,51.45719874,7.42135208,149.77,10.17,0.00,337.13,0,-96.00,-8.00,0.00,0.00,41.00,0.00,0,38
506.08,1568265795,8734.02,51.45719874,7.42135208,149.77,10.17,0.00,337.13,0,-98.00,-11.00,0.00,0.00,42.00,0.00,0,436
507.08,1568265796,8744.17,51.45728422,7.42129438,149.75,10.61,0.00,336.75,0,-96.00,-8.00,0.00,0.00,44.00,0.00,0,375
507.08,1568265796,8744.18,51.45728422,7.42129438,149.75,10.61,0.00,336.75,0,-97.00,-11.00,0.00,0.00,45.00,0.00,0,233
507.08,1568265796,8744.18,51.45728422,7.42129438,149.75,10.61,0.00,336.75,0,-96.00,-8.00,0.00,0.00,41.00,0.00,0,38
507.08,1568265796,8744.19,51.45728422,7.42129438,149.75,10.61,0.00,336.75,0,-98.00,-11.00,0.00,0.00,42.00,0.00,0,436
508.08,1568265797,8754.77,51.45737446,7.42123267,149.87,11.19,0.00,336.43,0,-96.00,-11.00,0.00,0.00,47.00,0.00,0,414
508.08,1568265797,8754.78,51.45737446,7.42123267,149.87,11.19,0.00,336.43,0,-96.00,-11.00,0.00,0.00,46.00,0.00,0,233
508.08,1568265797,8754.78,51.45737446,7.42123267,149.87,11.19,0.00,336.43,0,-97.00,-9.00,0.00,0.00,43.00,0.00,0,375
508.08,1568265797,8754.80,51.45737446,7.42123267,149.87,11.19,0.00,336.43,0,-93.00,-8.00,0.00,0.00,44.00,0.00,0,38
508.08,1568265797,8754.81,51.45737446,7.42123267,149.87,11.19,0.00,336.43,0,-96.00,-12.00,0.00,0.00,45.00,0.00,0,436
509.08,1568265798,8765.97,51.45746936,7.42116403,150.03,11.81,0.00,335.86,0,-96.00,-11.00,0.00,0.00,47.00,0.00,0,414
509.08,1568265798,8765.98,51.45746936,7.42116403,150.03,11.81,0.00,335.86,0,-96.00,-11.00,0.00,0.00,46.00,0.00,0,233
509.08,1568265798,8765.98,51.45746936,7.42116403,150.03,11.81,0.00,335.86,0,-97.00,-9.00,0.00,0.00,43.00,0.00,0,375
509.08,1568265798,8765.99,51.45746936,7.42116403,150.03,11.81,0.00,335.86,0,-93.00,-8.00,0.00,0.00,44.00,0.00,0,38
509.08,1568265798,8766.00,51.45746936,7.42116403,150.03,11.81,0.00,335.86,0,-96.00,-12.00,0.00,0.00,45.00,0.00,0,436
510.08,1568265799,8777.79,51.45756485,7.42109690,150.11,11.33,0.00,335.52,0,-96.00,-9.00,0.00,0.00,46.00,0.00,0,233
510.08,1568265799,8777.79,51.45756485,7.42109690,150.11,11.33,0.00,335.52,0,-97.00,-9.00,0.00,0.00,43.00,0.00,0,375
510.08,1568265799,8777.80,51.45756485,7.42109690,150.11,11.33,0.00,335.52,0,-99.00,-12.00,0.00,0.00,46.00,0.00,0,414
510.08,1568265799,8777.81,51.45756485,7.42109690,150.11,11.33,0.00,335.52,0,-94.00,-10.00,0.00,0.00,45.00,0.00,0,436
510.08,1568265799,8777.81,51.45756485,7.42109690,150.11,11.33,0.00,335.52,0,-95.00,-10.00,0.00,0.00,44.00,0.00,0,38
511.08,1568265800,8789.11,51.45765362,7.42103407,150.14,10.21,0.00,335.04,0,-96.00,-9.00,0.00,0.00,46.00,0.00,0,233
511.08,1568265800,8789.12,51.45765362,7.42103407,150.14,10.21,0.00,335.04,0,-97.00,-9.00,0.00,0.00,43.00,0.00,0,375
511.08,1568265800,8789.13,51.45765362,7.42103407,150.14,10.21,0.00,335.04,0,-99.00,-12.00,0.00,0.00,46.00,0.00,0,414
511.08,1568265800,8789.14,51.45765362,7.42103407,150.14,10.21,0.00,335.04,0,-94.00,-10.00,0.00,0.00,45.00,0.00,0,436
511.08,1568265800,8789.14,51.45765362,7.42103407,150.14,10.21,0.00,335.04,0,-95.00,-10.00,0.00,0.00,44.00,0.00,0,38
512.09,1568265801,8799.44,51.45773784,7.42097202,149.97,9.66,0.00,334.69,0,-96.00,-10.00,0.00,0.00,47.00,0.00,0,233
512.09,1568265801,8799.45,51.45773784,7.42097202,149.97,9.66,0.00,334.69,0,-99.00,-11.00,0.00,0.00,45.00,0.00,0,375
512.09,1568265801,8799.45,51.45773784,7.42097202,149.97,9.66,0.00,334.69,0,-94.00,-10.00,0.00,0.00,45.00,0.00,0,436
513.08,1568265802,8808.95,51.45781810,7.42091181,149.71,9.22,0.00,334.67,0,-96.00,-10.00,0.00,0.00,47.00,0.00,0,233
513.08,1568265802,8808.95,51.45781810,7.42091181,149.71,9.22,0.00,334.67,0,-99.00,-11.00,0.00,0.00,45.00,0.00,0,375
513.08,1568265802,8808.95,51.45781810,7.42091181,149.71,9.22,0.00,334.67,0,-94.00,-10.00,0.00,0.00,45.00,0.00,0,436
514.08,1568265803,8818.20,51.45788568,7.42086018,149.61,8.69,0.00,334.18,0,-96.00,-10.00,0.00,0.00,47.00,0.00,0,233
514.08,1568265803,8818.21,51.45788568,7.42086018,149.61,8.69,0.00,334.18,0,-99.00,-11.00,0.00,0.00,45.00,0.00,0,375
514.08,1568265803,8818.22,51.45788568,7.42086018,149.61,8.69,0.00,334.18,0,-94.00,-10.00,0.00,0.00,45.00,0.00,0,436
515.08,1568265804,8826.90,51.45795783,7.42080346,149.49,8.49,0.00,334.42,0,-94.00,-8.00,0.00,0.00,46.00,0.00,0,375
515.08,1568265804,8826.90,51.45795783,7.42080346,149.49,8.49,0.00,334.42,0,-96.00,-10.00,0.00,0.00,47.00,0.00,0,233
515.08,1568265804,8826.93,51.45795783,7.42080346,149.49,8.49,0.00,334.42,0,-93.00,-9.00,0.00,0.00,44.00,0.00,0,38
515.09,1568265804,8826.94,51.45795783,7.42080346,149.49,8.49,0.00,334.42,0,-96.00,-11.00,0.00,0.00,44.00,0.00,0,436
516.08,1568265805,8835.38,51.45803238,7.42074701,149.21,8.91,0.00,334.31,0,-94.00,-8.00,0.00,0.00,46.00,0.00,0,375
516.08,1568265805,8835.39,51.45803238,7.42074701,149.21,8.91,0.00,334.31,0,-96.00,-10.00,0.00,0.00,47.00,0.00,0,233
516.08,1568265805,8835.39,51.45803238,7.42074701,149.21,8.91,0.00,334.31,0,-93.00,-9.00,0.00,0.00,44.00,0.00,0,38
516.08,1568265805,8835.40,51.45803238,7.42074701,149.21,8.91,0.00,334.31,0,-96.00,-11.00,0.00,0.00,44.00,0.00,0,436
517.08,1568265806,8844.29,51.45810984,7.42068668,149.00,9.69,0.00,334.11,0,-94.00,-10.00,0.00,0.00,48.00,0.00,0,233
517.08,1568265806,8844.29,51.45810984,7.42068668,149.00,9.69,0.00,334.11,0,-96.00,-10.00,0.00,0.00,46.00,0.00,0,375
517.08,1568265806,8844.30,51.45810984,7.42068668,149.00,9.69,0.00,334.11,0,-93.00,-9.00,0.00,0.00,45.00,0.00,0,436
517.08,1568265806,8844.31,51.45810984,7.42068668,149.00,9.69,0.00,334.11,0,-94.00,-10.00,0.00,0.00,44.00,0.00,0,38
518.08,1568265807,8853.98,51.45820034,7.42061843,148.36,10.39,0.00,333.97,0,-94.00,-10.00,0.00,0.00,48.00,0.00,0,233
518.08,1568265807,8854.00,51.45820034,7.42061843,148.36,10.39,0.00,333.97,0,-96.00,-10.00,0.00,0.00,46.00,0.00,0,375
518.08,1568265807,8854.00,51.45820034,7.42061843,148.36,10.39,0.00,333.97,0,-93.00,-9.00,0.00,0.00,45.00,0.00,0,436
518.08,1568265807,8854.01,51.45820034,7.42061843,148.36,10.39,0.00,333.97,0,-94.00,-10.00,0.00,0.00,44.00,0.00,0,38
519.08,1568265808,8864.36,51.45827722,7.42055528,148.18,10.77,0.00,333.46,0,-90.00,-7.00,0.00,0.00,49.00,0.00,0,233
519.08,1568265808,8864.38,51.45827722,7.42055528,148.18,10.77,0.00,333.46,0,-92.00,-9.00,0.00,0.00,49.00,0.00,0,348
519.08,1568265808,8864.39,51.45827722,7.42055528,148.18,10.77,0.00,333.46,0,-90.00,-7.00,0.00,0.00,46.00,0.00,0,436
519.08,1568265808,8864.40,51.45827722,7.42055528,148.18,10.77,0.00,333.46,0,-90.00,-8.00,0.00,0.00,46.00,0.00,0,343
520.08,1568265809,8875.14,51.45835572,7.42049017,148.29,10.50,0.00,333.12,0,-90.00,-7.00,0.00,0.00,49.00,0.00,0,233
520.08,1568265809,8875.15,51.45835572,7.42049017,148.29,10.50,0.00,333.12,0,-92.00,-9.00,0.00,0.00,49.00,0.00,0,348
520.08,1568265809,8875.16,51.45835572,7.42049017,148.29,10.50,0.00,333.12,0,-90.00,-7.00,0.00,0.00,46.00,0.00,0,436
520.08,1568265809,8875.16,51.45835572,7.42049017,148.29,10.50,0.00,333.12,0,-90.00,-8.00,0.00,0.00,46.00,0.00,0,343
521.08,1568265810,8885.65,51.45843711,7.42042214,148.56,10.40,0.00,332.76,0,-95.00,-12.00,0.00,0.00,49.00,0.00,0,348
521.08,1568265810,8885.66,51.45843711,7.42042214,148.56,10.40,0.00,332.76,0,-95.00,-12.00,0.00,0.00,49.00,0.00,0,414
521.08,1568265810,8885.66,51.45843711,7.42042214,148.56,10.40,0.00,332.76,0,-97.00,-12.00,0.00,0.00,47.00,0.00,0,375
521.08,1568265810,8885.67,51.45843711,7.42042214,148.56,10.40,0.00,332.76,0,-89.00,-7.00,0.00,0.00,47.00,0.00,0,343
522.08,1568265811,8896.04,51.45851974,7.42034759,149.08,10.94,0.00,331.84,0,-95.00,-12.00,0.00,0.00,49.00,0.00,0,348
522.08,1568265811,8896.05,51.45851974,7.42034759,149.08,10.94,0.00,331.84,0,-95.00,-12.00,0.00,0.00,49.00,0.00,0,414
522.08,1568265811,8896.07,51.45851974,7.42034759,149.08,10.94,0.00,331.84,0,-97.00,-12.00,0.00,0.00,47.00,0.00,0,375
522.08,1568265811,8896.07,51.45851974,7.42034759,149.08,10.94,0.00,331.84,0,-89.00,-7.00,0.00,0.00,47.00,0.00,0,343
523.08,1568265812,8906.96,51.45861691,7.42026312,149.49,11.44,0.00,331.47,0,-90.00,-11.00,0.00,0.00,50.00,0.00,0,343
524.08,1568265813,8918.40,51.45871145,7.42018028,149.69,12.35,0.00,331.29,0,-90.00,-11.00,0.00,0.00,50.00,0.00,0,343
525.08,1568265814,8930.77,51.45880965,7.42009121,149.61,12.87,0.00,330.68,0,-93.00,-12.00,0.00,0.00,51.00,0.00,0,348
525.08,1568265814,8930.78,51.45880965,7.42009121,149.61,12.87,0.00,330.68,0,-94.00,-12.00,0.00,0.00,51.00,0.00,0,375
526.08,1568265815,8943.64,51.45891141,7.41999312,149.33,13.32,0.00,330.82,0,-93.00,-12.00,0.00,0.00,51.00,0.00,0,348
526.08,1568265815,8943.66,51.45891141,7.41999312,149.33,13.32,0.00,330.82,0,-94.00,-12.00,0.00,0.00,51.00,0.00,0,375
527.08,1568265816,8956.98,51.45901964,7.41989526,149.02,13.70,0.00,331.38,0,-89.00,-10.00,0.00,0.00,52.00,0.00,0,375
527.08,1568265816,8956.99,51.45901964,7.41989526,149.02,13.70,0.00,331.38,0,-93.00,-13.00,0.00,0.00,52.00,0.00,0,348
527.08,1568265816,8957.00,51.45901964,7.41989526,149.02,13.70,0.00,331.38,0,-85.00,-6.00,0.00,0.00,50.00,0.00,0,38
528.08,1568265817,8970.68,51.45913887,7.41978334,148.36,14.23,0.00,330.79,0,-89.00,-10.00,0.00,0.00,52.00,0.00,0,375
528.08,1568265817,8970.69,51.45913887,7.41978334,148.36,14.23,0.00,330.79,0,-93.00,-13.00,0.00,0.00,52.00,0.00,0,348
528.08,1568265817,8970.71,51.45913887,7.41978334,148.36,14.23,0.00,330.79,0,-85.00,-6.00,0.00,0.00,50.00,0.00,0,38
529.08,1568265818,8984.92,51.45925602,7.41967505,147.93,14.70,0.00,330.22,0,-85.00,-9.00,0.00,0.00,55.00,0.00,0,348
529.08,1568265818,8984.94,51.45925602,7.41967505,147.93,14.70,0.00,330.22,0,-85.00,-9.00,0.00,0.00,56.00,0.00,0,375
529.08,1568265818,8984.95,51.45925602,7.41967505,147.93,14.70,0.00,330.22,0,-84.00,-9.00,0.00,0.00,53.00,0.00,0,38
529.08,1568265818,8984.95,51.45925602,7.41967505,147.93,14.70,0.00,330.22,0,-84.00,-9.00,0.00,0.00,53.00,0.00,0,343
530.08,1568265819,8999.63,51.45937467,7.41956168,147.94,15.62,0.00,329.36,0,-85.00,-9.00,0.00,0.00,55.00,0.00,0,348
530.08,1568265819,8999.63,51.45937467,7.41956168,147.94,15.62,0.00,329.36,0,-85.00,-9.00,0.00,0.00,56.00,0.00,0,375
530.08,1568265819,8999.64,51.45937467,7.41956168,147.94,15.62,0.00,329.36,0,-84.00,-9.00,0.00,0.00,53.00,0.00,0,38
530.08,1568265819,8999.66,51.45937467,7.41956168,147.94,15.62,0.00,329.36,0,-84.00,-9.00,0.00,0.00,53.00,0.00,0,343
531.08,1568265820,9015.23,51.45949882,7.41944445,147.92,16.33,0.00,328.66,0,-85.00,-8.00,0.00,0.00,55.00,0.00,0,348
531.08,1568265820,9015.25,51.45949882,7.41944445,147.92,16.33,0.00,328.66,0,-86.00,-8.00,0.00,0.00,54.00,0.00,0,375
531.08,1568265820,9015.26,51.45949882,7.41944445,147.92,16.33,0.00,328.66,0,-84.00,-10.00,0.00,0.00,55.00,0.00,0,343
531.08,1568265820,9015.26,51.45949882,7.41944445,147.92,16.33,0.00,328.66,0,-84.00,-10.00,0.00,0.00,55.00,0.00,0,38
532.08,1568265821,9031.58,51.45962173,7.41932604,148.00,17.14,0.00,328.04,0,-85.00,-8.00,0.00,0.00,55.00,0.00,0,348
532.08,1568265821,9031.59,51.45962173,7.41932604,148.00,17.14,0.00,328.04,0,-86.00,-8.00,0.00,0.00,54.00,0.00,0,375
532.08,1568265821,9031.59,51.45962173,7.41932604,148.00,17.14,0.00,328.04,0,-84.00,-10.00,0.00,0.00,55.00,0.00,0,343
532.08,1568265821,9031.61,51.45962173,7.41932604,148.00,17.14,0.00,328.04,0,-84.00,-10.00,0.00,0.00,55.00,0.00,0,38
533.09,1568265822,9048.84,51.45975114,7.41919702,148.24,18.00,0.00,327.51,0,-87.00,-9.00,0.00,0.00,55.00,0.00,0,348
533.09,1568265822,9048.86,51.45975114,7.41919702,148.24,18.00,0.00,327.51,0,-86.00,-9.00,0.00,0.00,52.00,0.00,0,343
533.09,1568265822,9048.88,51.45975114,7.41919702,148.24,18.00,0.00,327.51,0,-87.00,-10.00,0.00,0.00,53.00,0.00,0,436
534.08,1568265823,9066.70,51.45988957,7.41905671,148.61,18.62,0.00,326.92,0,-87.00,-9.00,0.00,0.00,55.00,0.00,0,348
534.08,1568265823,9066.72,51.45988957,7.41905671,148.61,18.62,0.00,326.92,0,-86.00,-9.00,0.00,0.00,52.00,0.00,0,343
534.08,1568265823,9066.72,51.45988957,7.41905671,148.61,18.62,0.00,326.92,0,-87.00,-10.00,0.00,0.00,53.00,0.00,0,436
535.08,1568265824,9085.32,51.46002681,7.41891041,148.77,18.36,0.00,326.54,0,-87.00,-9.00,0.00,0.00,55.00,0.00,0,348
535.08,1568265824,9085.34,51.46002681,7.41891041,148.77,18.36,0.00,326.54,0,-86.00,-9.00,0.00,0.00,52.00,0.00,0,343
535.08,1568265824,9085.34,51.46002681,7.41891041,148.77,18.36,0.00,326.54,0,-87.00,-10.00,0.00,0.00,53.00,0.00,0,436
536.08,1568265825,9103.70,51.46016332,7.41876310,148.84,18.64,0.00,326.33,0,-87.00,-8.00,0.00,0.00,53.00,0.00,0,348
536.08,1568265825,9103.70,51.46016332,7.41876310,148.84,18.64,0.00,326.33,0,-88.00,-9.00,0.00,0.00,52.00,0.00,0,233
536.08,1568265825,9103.72,51.46016332,7.41876310,148.84,18.64,0.00,326.33,0,-86.00,-9.00,0.00,0.00,51.00,0.00,0,343
536.08,1568265825,9103.74,51.46016332,7.41876310,148.84,18.64,0.00,326.33,0,-86.00,-9.00,0.00,0.00,51.00,0.00,0,436
537.08,1568265826,9122.34,51.46030420,7.41860554,148.93,19.20,0.00,325.60,0,-87.00,-8.00,0.00,0.00,53.00,0.00,0,348
537.08,1568265826,9122.36,51.46030420,7.41860554,148.93,19.20,0.00,325.60,0,-88.00,-9.00,0.00,0.00,52.00,0.00,0,233
537.08,1568265826,9122.36,51.46030420,7.41860554,148.93,19.20,0.00,325.60,0,-86.00,-9.00,0.00,0.00,51.00,0.00,0,343
537.08,1568265826,9122.38,51.46030420,7.41860554,148.93,19.20,0.00,325.60,0,-86.00,-9.00,0.00,0.00,51.00,0.00,0,436
538.08,1568265827,9141.50,51.46044884,7.41844490,149.02,19.80,0.00,324.84,0,-86.00,-8.00,0.00,0.00,53.00,0.00,0,375
538.08,1568265827,9141.52,51.46044884,7.41844490,149.02,19.80,0.00,324.84,0,-83.00,-9.00,0.00,0.00,54.00,0.00,0,38
539.08,1568265828,9161.30,51.46059913,7.41826685,148.66,20.42,0.00,324.12,0,-86.00,-8.00,0.00,0.00,53.00,0.00,0,375
539.08,1568265828,9161.32,51.46059913,7.41826685,148.66,20.42,0.00,324.12,0,-83.00,-9.00,0.00,0.00,54.00,0.00,0,38
540.08,1568265829,9181.70,51.46074463,7.41809520,148.50,21.16,0.00,323.48,0,-84.00,-6.00,0.00,0.00,54.00,0.00,0,233
541.08,1568265830,9202.88,51.46089737,7.41791540,148.51,21.71,0.00,323.47,0,-84.00,-6.00,0.00,0.00,54.00,0.00,0,233
542.08,1568265831,9224.59,51.46105148,7.41772083,148.82,22.36,0.00,322.28,0,-82.00,-7.00,0.00,0.00,58.00,0.00,0,233
542.08,1568265831,9224.61,51.46105148,7.41772083,148.82,22.36,0.00,322.28,0,-81.00,-9.00,0.00,0.00,58.00,0.00,0,436
543.08,1568265832,9246.94,51.46121557,7.41751695,149.34,23.11,0.00,321.82,0,-82.00,-7.00,0.00,0.00,58.00,0.00,0,233
543.08,1568265832,9246.97,51.46121557,7.41751695,149.34,23.11,0.00,321.82,0,-81.00,-9.00,0.00,0.00,58.00,0.00,0,436
544.08,1568265833,9270.08,51.46138581,7.41730398,149.80,23.85,0.00,321.15,0,-83.00,-9.00,0.00,0.00,57.00,0.00,0,348
544.08,1568265833,9270.10,51.46138581,7.41730398,149.80,23.85,0.00,321.15,0,-85.00,-9.00,0.00,0.00,56.00,0.00,0,233
544.08,1568265833,9270.12,51.46138581,7.41730398,149.80,23.85,0.00,321.15,0,-82.00,-8.00,0.00,0.00,56.00,0.00,0,436
545.08,1568265834,9293.93,51.46155679,7.41708520,150.32,24.57,0.00,320.77,0,-83.00,-9.00,0.00,0.00,57.00,0.00,0,348
545.08,1568265834,9293.93,51.46155679,7.41708520,150.32,24.57,0.00,320.77,0,-85.00,-9.00,0.00,0.00,56.00,0.00,0,233
545.08,1568265834,9293.95,51.46155679,7.41708520,150.32,24.57,0.00,320.77,0,-82.00,-8.00,0.00,0.00,56.00,0.00,0,436
546.08,1568265835,9318.50,51.46172937,7.41686104,150.67,25.04,0.00,319.99,0,-86.00,-8.00,0.00,0.00,54.00,0.00,0,348
546.08,1568265835,9318.50,51.46172937,7.41686104,150.67,25.04,0.00,319.99,0,-86.00,-10.00,0.00,0.00,52.00,0.00,0,343
547.08,1568265836,9343.51,51.46190778,7.41662141,150.89,25.61,0.00,319.41,0,-86.00,-8.00,0.00,0.00,54.00,0.00,0,348
547.08,1568265836,9343.54,51.46190778,7.41662141,150.89,25.61,0.00,319.41,0,-86.00,-10.00,0.00,0.00,52.00,0.00,0,343
567.08,1568265856,9934.92,51.46547856,7.41029216,152.69,31.67,0.00,307.97,0,-99.00,-9.00,0.00,0.00,42.00,0.00,0,376
567.08,1568265856,9934.95,51.46547856,7.41029216,152.69,31.67,0.00,307.97,0,-105.00,-11.00,0.00,0.00,38.00,0.00,0,233
567.08,1568265856,9934.99,51.46547856,7.41029216,152.69,31.67,0.00,307.97,0,-106.00,-12.00,0.00,0.00,38.00,0.00,0,97
568.08,1568265857,9966.59,51.46565609,7.40993326,152.82,31.63,0.00,307.87,0,-99.00,-9.00,0.00,0.00,42.00,0.00,0,376
568.08,1568265857,9966.62,51.46565609,7.40993326,152.82,31.63,0.00,307.87,0,-105.00,-11.00,0.00,0.00,38.00,0.00,0,233
568.08,1568265857,9966.65,51.46565609,7.40993326,152.82,31.63,0.00,307.87,0,-106.00,-12.00,0.00,0.00,38.00,0.00,0,97
575.09,1568265864,10191.01,51.46690341,7.40740504,155.02,31.99,0.00,308.80,0,-98.00,-9.00,0.00,0.00,43.00,0.00,0,453
576.08,1568265865,10222.71,51.46708244,7.40704583,155.59,31.80,0.00,309.36,0,-98.00,-9.00,0.00,0.00,43.00,0.00,0,453
577.08,1568265866,10254.48,51.46726425,7.40669512,156.17,31.69,0.00,309.84,0,-98.00,-9.00,0.00,0.00,43.00,0.00,0,453
584.08,1568265873,10471.09,51.46855156,7.40438329,159.12,29.20,0.00,312.76,0,-90.00,-10.00,0.00,0.00,53.00,0.00,0,49
585.08,1568265874,10500.29,51.46872689,7.40407662,159.51,28.63,0.00,312.59,0,-90.00,-10.00,0.00,0.00,53.00,0.00,0,49
586.08,1568265875,10528.95,51.46889945,7.40377599,159.87,27.96,0.00,312.80,0,-87.00,-9.00,0.00,0.00,51.00,0.00,0,36
587.08,1568265876,10556.83,51.46906748,7.40348356,160.18,27.30,0.00,312.23,0,-87.00,-9.00,0.00,0.00,51.00,0.00,0,36
605.08,1568265894,11018.38,51.47204832,7.39887948,166.54,25.15,0.00,318.48,0,-94.00,-9.00,0.00,0.00,47.00,0.00,0,233
606.08,1568265895,11043.53,51.47221581,7.39863795,167.10,25.12,0.00,318.77,0,-94.00,-9.00,0.00,0.00,47.00,0.00,0,233
607.08,1568265896,11068.68,51.47238472,7.39840250,167.50,25.00,0.00,319.34,0,-94.00,-8.00,0.00,0.00,46.00,0.00,0,233
608.08,1568265897,11093.66,51.47255554,7.39816542,167.86,24.92,0.00,319.45,0,-94.00,-8.00,0.00,0.00,46.00,0.00,0,233
615.08,1568265904,11265.74,51.47374678,7.39658629,169.54,24.49,0.00,322.07,0,-93.00,-6.00,0.00,0.00,45.00,0.00,0,233
616.08,1568265905,11290.23,51.47391933,7.39637213,169.38,24.42,0.00,322.43,0,-93.00,-6.00,0.00,0.00,45.00,0.00,0,233
617.08,1568265906,11314.67,51.47409438,7.39616275,169.29,24.48,0.00,323.14,0,-91.00,-6.00,0.00,0.00,46.00,0.00,0,233
618.08,1568265907,11339.15,51.47427749,7.39595336,169.45,24.13,0.00,324.44,0,-91.00,-6.00,0.00,0.00,46.00,0.00,0,233
619.09,1568265908,11363.47,51.47445679,7.39574124,169.57,24.44,0.00,324.80,0,-89.00,-6.00,0.00,0.00,49.00,0.00,0,233
620.08,1568265909,11387.72,51.47463774,7.39552370,170.12,24.60,0.00,323.26,0,-89.00,-6.00,0.00,0.00,49.00,0.00,0,233
621.08,1568265910,11412.29,51.47482168,7.39530937,170.75,24.59,0.00,324.51,0,-89.00,-6.00,0.00,0.00,49.00,0.00,0,233
630.08,1568265919,11635.73,51.47655802,7.39368160,174.30,24.07,0.00,334.01,0,-81.00,-12.00,0.00,0.00,63.00,0.00,0,48
631.08,1568265920,11659.77,51.47675212,7.39353367,174.58,23.89,0.00,335.17,0,-81.00,-12.00,0.00,0.00,63.00,0.00,0,48
632.08,1568265921,11683.71,51.47694311,7.39339634,175.05,23.29,0.00,336.27,0,-88.00,-12.00,0.00,0.00,57.00,0.00,0,48
632.08,1568265921,11683.75,51.47694311,7.39339634,175.05,23.29,0.00,336.27,0,-87.00,-12.00,0.00,0.00,56.00,0.00,0,481
633.08,1568265922,11706.97,51.47712966,7.39327227,175.26,22.99,0.00,337.40,0,-88.00,-12.00,0.00,0.00,57.00,0.00,0,48
633.08,1568265922,11706.99,51.47712966,7.39327227,175.26,22.99,0.00,337.40,0,-87.00,-12.00,0.00,0.00,56.00,0.00,0,481
634.08,1568265923,11729.96,51.47732251,7.39316536,175.58,21.57,0.00,341.42,0,-88.00,-11.00,0.00,0.00,56.00,0.00,0,48
634.08,1568265923,11729.98,51.47732251,7.39316536,175.58,21.57,0.00,341.42,0,-87.00,-10.00,0.00,0.00,52.00,0.00,0,481
635.08,1568265924,11751.53,51.47749935,7.39308415,175.87,20.27,0.00,344.32,0,-88.00,-11.00,0.00,0.00,56.00,0.00,0,48
635.08,1568265924,11751.55,51.47749935,7.39308415,175.87,20.27,0.00,344.32,0,-87.00,-10.00,0.00,0.00,52.00,0.00,0,481
636.08,1568265925,11771.80,51.47768267,7.39304114,176.40,19.69,0.00,351.98,0,-86.00,-8.00,0.00,0.00,54.00,0.00,0,48
636.08,1568265925,11771.82,51.47768267,7.39304114,176.40,19.69,0.00,351.98,0,-85.00,-9.00,0.00,0.00,53.00,0.00,0,481
637.08,1568265926,11791.48,51.47786794,7.39302227,176.81,19.42,0.00,356.70,0,-86.00,-8.00,0.00,0.00,54.00,0.00,0,48
637.08,1568265926,11791.50,51.47786794,7.39302227,176.81,19.42,0.00,356.70,0,-85.00,-9.00,0.00,0.00,53.00,0.00,0,481
649.08,1568265938,11993.62,51.47955108,7.39376449,179.95,11.10,0.00,344.87,0,-98.00,-8.00,0.00,0.00,41.00,0.00,0,357
649.08,1568265938,11993.63,51.47955108,7.39376449,179.95,11.10,0.00,344.87,0,-100.00,-12.00,0.00,0.00,44.00,0.00,0,49
649.08,1568265938,11993.64,51.47955108,7.39376449,179.95,11.10,0.00,344.87,0,-97.00,-11.00,0.00,0.00,43.00,0.00,0,480
650.08,1568265939,12004.71,51.47963731,7.39372257,180.21,9.66,0.00,342.17,0,-98.00,-8.00,0.00,0.00,41.00,0.00,0,357
650.08,1568265939,12004.72,51.47963731,7.39372257,180.21,9.66,0.00,342.17,0,-100.00,-12.00,0.00,0.00,44.00,0.00,0,49
650.08,1568265939,12004.73,51.47963731,7.39372257,180.21,9.66,0.00,342.17,0,-97.00,-11.00,0.00,0.00,43.00,0.00,0,480
651.08,1568265940,12014.36,51.47971299,7.39367129,180.39,9.84,0.00,339.44,0,-96.00,-6.00,0.00,0.00,42.00,0.00,0,357
651.08,1568265940,12014.37,51.47971299,7.39367129,180.39,9.84,0.00,339.44,0,-97.00,-6.00,0.00,0.00,38.00,0.00,0,46
652.08,1568265941,12024.20,51.47979039,7.39361693,180.67,9.03,0.00,338.00,0,-96.00,-6.00,0.00,0.00,42.00,0.00,0,357
652.08,1568265941,12024.20,51.47979039,7.39361693,180.67,9.03,0.00,338.00,0,-97.00,-6.00,0.00,0.00,38.00,0.00,0,46
653.08,1568265942,12033.23,51.47987778,7.39354510,181.46,9.47,0.00,335.77,0,-96.00,-6.00,0.00,0.00,41.00,0.00,0,48
654.08,1568265943,12042.70,51.47995931,7.39347537,181.72,9.61,0.00,336.46,0,-96.00,-6.00,0.00,0.00,41.00,0.00,0,48
655.08,1568265944,12052.32,51.48003154,7.39342998,182.31,9.44,0.00,339.92,0,-94.00,-6.00,0.00,0.00,44.00,0.00,0,48
655.08,1568265944,12052.32,51.48003154,7.39342998,182.31,9.44,0.00,339.92,0,-90.00,-5.00,0.00,0.00,44.00,0.00,0,481
656.08,1568265945,12061.74,51.48011997,7.39342493,182.99,9.41,0.00,359.15,0,-94.00,-6.00,0.00,0.00,44.00,0.00,0,48
656.08,1568265945,12061.75,51.48011997,7.39342493,182.99,9.41,0.00,359.15,0,-90.00,-5.00,0.00,0.00,44.00,0.00,0,481
657.08,1568265946,12071.15,51.48020581,7.39346853,183.76,9.91,0.00,19.65,0,-96.00,-7.00,0.00,0.00,41.00,0.00,0,46
658.08,1568265947,12081.06,51.48028170,7.39355808,184.51,10.37,0.00,38.84,0,-96.00,-7.00,0.00,0.00,41.00,0.00,0,46
664.08,1568265953,12153.48,51.48063546,7.39448178,188.62,14.79,0.00,60.60,0,-94.00,-8.00,0.00,0.00,47.00,0.00,0,357
664.08,1568265953,12153.50,51.48063546,7.39448178,188.62,14.79,0.00,60.60,0,-88.00,-6.00,0.00,0.00,47.00,0.00,0,46
665.08,1568265954,12168.27,51.48070582,7.39465741,189.05,14.94,0.00,60.27,0,-94.00,-8.00,0.00,0.00,47.00,0.00,0,357
665.08,1568265954,12168.28,51.48070582,7.39465741,189.05,14.94,0.00,60.27,0,-88.00,-6.00,0.00,0.00,47.00,0.00,0,46
672.08,1568265961,12278.24,51.48120474,7.39603233,187.50,15.98,0.00,60.51,0,-92.00,-9.00,0.00,0.00,48.00,0.00,0,453
672.08,1568265961,12278.26,51.48120474,7.39603233,187.50,15.98,0.00,60.51,0,-95.00,-12.00,0.00,0.00,48.00,0.00,0,357
673.08,1568265962,12294.23,51.48128017,7.39623497,187.68,16.11,0.00,59.67,0,-92.00,-9.00,0.00,0.00,48.00,0.00,0,453
673.08,1568265962,12294.23,51.48128017,7.39623497,187.68,16.11,0.00,59.67,0,-95.00,-12.00,0.00,0.00,48.00,0.00,0,357
674.08,1568265963,12310.32,51.48135293,7.39643549,187.91,16.06,0.00,59.70,0,-93.00,-11.00,0.00,0.00,49.00,0.00,0,453
674.08,1568265963,12310.34,51.48135293,7.39643549,187.91,16.06,0.00,59.70,0,-98.00,-15.00,0.00,0.00,48.00,0.00,0,357
675.08,1568265964,12326.38,51.48142653,7.39664043,187.76,16.07,0.00,59.49,0,-93.00,-11.00,0.00,0.00,49.00,0.00,0,453
675.08,1568265964,12326.40,51.48142653,7.39664043,187.76,16.07,0.00,59.49,0,-98.00,-15.00,0.00,0.00,48.00,0.00,0,357
676.08,1568265965,12342.43,51.48149760,7.39683811,187.48,15.75,0.00,59.05,0,-95.00,-10.00,0.00,0.00,46.00,0.00,0,453
677.08,1568265966,12358.18,51.48157362,7.39702928,187.58,15.68,0.00,58.40,0,-95.00,-10.00,0.00,0.00,46.00,0.00,0,453
682.09,1568265971,12431.44,51.48195674,7.39792149,187.38,12.42,0.00,53.58,0,-99.00,-7.00,0.00,0.00,40.00,0.00,0,357
683.08,1568265972,12443.76,51.48202758,7.39805845,187.05,11.76,0.00,51.96,0,-99.00,-7.00,0.00,0.00,40.00,0.00,0,357
684.08,1568265973,12455.52,51.48209013,7.39816741,186.89,10.63,0.00,50.56,0,-99.00,-7.00,0.00,0.00,40.00,0.00,0,357
750.08,1568266039,12677.75,51.48374838,7.40014274,189.68,14.28,0.00,35.84,0,-101.00,-10.00,0.00,0.00,41.00,0.00,0,357
751.08,1568266040,12692.03,51.48385045,7.40026044,189.76,14.15,0.00,36.09,0,-101.00,-10.00,0.00,0.00,41.00,0.00,0,357
752.08,1568266041,12706.21,51.48395841,7.40038038,189.24,14.22,0.00,36.68,0,-100.00,-8.00,0.00,0.00,39.00,0.00,0,357
752.08,1568266041,12706.22,51.48395841,7.40038038,189.24,14.22,0.00,36.68,0,-108.00,-14.00,0.00,0.00,39.00,0.00,0,372
752.08,1568266041,12706.24,51.48395841,7.40038038,189.24,14.22,0.00,36.68,0,-112.00,-19.00,0.00,0.00,39.00,0.00,0,167
753.08,1568266042,12720.43,51.48406675,7.40050374,188.87,14.43,0.00,37.27,0,-100.00,-8.00,0.00,0.00,39.00,0.00,0,357
753.08,1568266042,12720.44,51.48406675,7.40050374,188.87,14.43,0.00,37.27,0,-108.00,-14.00,0.00,0.00,39.00,0.00,0,372
753.08,1568266042,12720.46,51.48406675,7.40050374,188.87,14.43,0.00,37.27,0,-112.00,-19.00,0.00,0.00,39.00,0.00,0,167
758.08,1568266047,12791.13,51.48454056,7.40113402,186.69,13.66,0.00,41.00,0,-108.00,-11.00,0.00,0.00,35.00,0.00,0,15
758.08,1568266047,12791.15,51.48454056,7.40113402,186.69,13.66,0.00,41.00,0,-108.00,-10.00,0.00,0.00,33.00,0.00,0,48
759.08,1568266048,12804.79,51.48463319,7.40127097,186.73,13.63,0.00,41.74,0,-108.00,-11.00,0.00,0.00,35.00,0.00,0,15
759.08,1568266048,12804.81,51.48463319,7.40127097,186.73,13.63,0.00,41.74,0,-108.00,-10.00,0.00,0.00,33.00,0.00,0,48
760.08,1568266049,12818.43,51.48472615,7.40140746,186.60,13.55,0.00,42.67,0,-107.00,-10.00,0.00,0.00,34.00,0.00,0,48
760.08,1568266049,12818.45,51.48472615,7.40140746,186.60,13.55,0.00,42.67,0,-111.00,-14.00,0.00,0.00,35.00,0.00,0,15
760.08,1568266049,12818.46,51.48472615,7.40140746,186.60,13.55,0.00,42.67,0,-110.00,-15.00,0.00,0.00,36.00,0.00,0,167
761.08,1568266050,12831.98,51.48481496,7.40154881,186.42,13.58,0.00,43.62,0,-107.00,-10.00,0.00,0.00,34.00,0.00,0,48
761.08,1568266050,12831.99,51.48481496,7.40154881,186.42,13.58,0.00,43.62,0,-111.00,-14.00,0.00,0.00,35.00,0.00,0,15
761.08,1568266050,12831.99,51.48481496,7.40154881,186.42,13.58,0.00,43.62,0,-110.00,-15.00,0.00,0.00,36.00,0.00,0,167
762.08,1568266051,12845.55,51.48490213,7.40169276,186.08,13.70,0.00,44.42,0,-108.00,-13.00,0.00,0.00,36.00,0.00,0,167
762.08,1568266051,12845.56,51.48490213,7.40169276,186.08,13.70,0.00,44.42,0,-108.00,-10.00,0.00,0.00,34.00,0.00,0,48
763.08,1568266052,12859.25,51.48498883,7.40183657,185.68,13.78,0.00,45.06,0,-108.00,-13.00,0.00,0.00,36.00,0.00,0,167
763.08,1568266052,12859.26,51.48498883,7.40183657,185.68,13.78,0.00,45.06,0,-108.00,-10.00,0.00,0.00,34.00,0.00,0,48
764.08,1568266053,12873.04,51.48507325,7.40198430,185.39,13.83,0.00,45.72,0,-104.00,-10.00,0.00,0.00,38.00,0.00,0,372
764.08,1568266053,12873.06,51.48507325,7.40198430,185.39,13.83,0.00,45.72,0,-106.00,-11.00,0.00,0.00,37.00,0.00,0,167
764.08,1568266053,12873.07,51.48507325,7.40198430,185.39,13.83,0.00,45.72,0,-108.00,-11.00,0.00,0.00,34.00,0.00,0,48
765.08,1568266054,12886.87,51.48515473,7.40213433,185.21,13.91,0.00,46.42,0,-104.00,-10.00,0.00,0.00,38.00,0.00,0,372
765.08,1568266054,12886.88,51.48515473,7.40213433,185.21,13.91,0.00,46.42,0,-106.00,-11.00,0.00,0.00,37.00,0.00,0,167
765.08,1568266054,12886.88,51.48515473,7.40213433,185.21,13.91,0.00,46.42,0,-108.00,-11.00,0.00,0.00,34.00,0.00,0,48
766.09,1568266055,12900.87,51.48523793,7.40228371,184.93,14.01,0.00,47.14,0,-103.00,-10.00,0.00,0.00,38.00,0.00,0,372
766.09,1568266055,12900.89,51.48523793,7.40228371,184.93,14.01,0.00,47.14,0,-107.00,-10.00,0.00,0.00,34.00,0.00,0,48
766.09,1568266055,12900.90,51.48523793,7.40228371,184.93,14.01,0.00,47.14,0,-102.00,-9.00,0.00,0.00,35.00,0.00,0,246
767.08,1568266056,12914.79,51.48531837,7.40243562,184.92,14.18,0.00,47.74,0,-103.00,-10.00,0.00,0.00,38.00,0.00,0,372
767.08,1568266056,12914.80,51.48531837,7.40243562,184.92,14.18,0.00,47.74,0,-107.00,-10.00,0.00,0.00,34.00,0.00,0,48
767.08,1568266056,12914.82,51.48531837,7.40243562,184.92,14.18,0.00,47.74,0,-102.00,-9.00,0.00,0.00,35.00,0.00,0,246
768.08,1568266057,12928.97,51.48540772,7.40260355,185.02,14.20,0.00,48.45,0,-103.00,-10.00,0.00,0.00,38.00,0.00,0,372
768.08,1568266057,12928.98,51.48540772,7.40260355,185.02,14.20,0.00,48.45,0,-107.00,-10.00,0.00,0.00,34.00,0.00,0,48
768.08,1568266057,12929.00,51.48540772,7.40260355,185.02,14.20,0.00,48.45,0,-102.00,-9.00,0.00,0.00,35.00,0.00,0,246
769.08,1568266058,12943.19,51.48549175,7.40276549,185.09,14.26,0.00,48.94,0,-105.00,-11.00,0.00,0.00,37.00,0.00,0,167
769.08,1568266058,12943.21,51.48549175,7.40276549,185.09,14.26,0.00,48.94,0,-106.00,-10.00,0.00,0.00,36.00,0.00,0,48
769.08,1568266058,12943.21,51.48549175,7.40276549,185.09,14.26,0.00,48.94,0,-107.00,-13.00,0.00,0.00,37.00,0.00,0,372
769.08,1568266058,12943.22,51.48549175,7.40276549,185.09,14.26,0.00,48.94,0,-103.00,-8.00,0.00,0.00,33.00,0.00,0,481
769.08,1568266058,12943.24,51.48549175,7.40276549,185.09,14.26,0.00,48.94,0,-104.00,-10.00,0.00,0.00,35.00,0.00,0,243
770.08,1568266059,12957.43,51.48557563,7.40292749,185.11,14.22,0.00,49.48,0,-105.00,-11.00,0.00,0.00,37.00,0.00,0,167
770.08,1568266059,12957.45,51.48557563,7.40292749,185.11,14.22,0.00,49.48,0,-106.00,-10.00,0.00,0.00,36.00,0.00,0,48
770.08,1568266059,12957.46,51.48557563,7.40292749,185.11,14.22,0.00,49.48,0,-107.00,-13.00,0.00,0.00,37.00,0.00,0,372
770.08,1568266059,12957.46,51.48557563,7.40292749,185.11,14.22,0.00,49.48,0,-103.00,-8.00,0.00,0.00,33.00,0.00,0,481
770.08,1568266059,12957.48,51.48557563,7.40292749,185.11,14.22,0.00,49.48,0,-104.00,-10.00,0.00,0.00,35.00,0.00,0,243
771.08,1568266060,12971.65,51.48565704,7.40308990,185.24,14.03,0.00,50.25,0,-106.00,-9.00,0.00,0.00,34.00,0.00,0,48
771.08,1568266060,12971.65,51.48565704,7.40308990,185.24,14.03,0.00,50.25,0,-107.00,-12.00,0.00,0.00,36.00,0.00,0,167
771.08,1568266060,12971.66,51.48565704,7.40308990,185.24,14.03,0.00,50.25,0,-105.00,-10.00,0.00,0.00,34.00,0.00,0,243
771.08,1568266060,12971.68,51.48565704,7.40308990,185.24,14.03,0.00,50.25,0,-105.00,-9.00,0.00,0.00,32.00,0.00,0,481
772.08,1568266061,12985.67,51.48573483,7.40325003,185.43,14.13,0.00,50.70,0,-106.00,-9.00,0.00,0.00,34.00,0.00,0,48
772.08,1568266061,12985.69,51.48573483,7.40325003,185.43,14.13,0.00,50.70,0,-107.00,-12.00,0.00,0.00,36.00,0.00,0,167
772.08,1568266061,12985.69,51.48573483,7.40325003,185.43,14.13,0.00,50.70,0,-105.00,-10.00,0.00,0.00,34.00,0.00,0,243
772.08,1568266061,12985.70,51.48573483,7.40325003,185.43,14.13,0.00,50.70,0,-105.00,-9.00,0.00,0.00,32.00,0.00,0,481
773.08,1568266062,12999.80,51.48581238,7.40341587,185.69,14.00,0.00,51.47,0,-105.00,-9.00,0.00,0.00,36.00,0.00,0,48
773.08,1568266062,12999.80,51.48581238,7.40341587,185.69,14.00,0.00,51.47,0,-106.00,-12.00,0.00,0.00,38.00,0.00,0,167
773.08,1568266062,12999.82,51.48581238,7.40341587,185.69,14.00,0.00,51.47,0,-103.00,-10.00,0.00,0.00,36.00,0.00,0,243
773.08,1568266062,12999.83,51.48581238,7.40341587,185.69,14.00,0.00,51.47,0,-105.00,-9.00,0.00,0.00,33.00,0.00,0,481
774.08,1568266063,13013.81,51.48588370,7.40357258,186.02,13.95,0.00,52.19,0,-105.00,-9.00,0.00,0.00,36.00,0.00,0,48
774.08,1568266063,13013.82,51.48588370,7.40357258,186.02,13.95,0.00,52.19,0,-106.00,-12.00,0.00,0.00,38.00,0.00,0,167
774.08,1568266063,13013.82,51.48588370,7.40357258,186.02,13.95,0.00,52.19,0,-103.00,-10.00,0.00,0.00,36.00,0.00,0,243
774.08,1568266063,13013.83,51.48588370,7.40357258,186.02,13.95,0.00,52.19,0,-105.00,-9.00,0.00,0.00,33.00,0.00,0,481
777.08,1568266066,13054.98,51.48609912,7.40403919,186.61,13.79,0.00,53.69,0,-107.00,-14.00,0.00,0.00,35.00,0.00,0,45
778.08,1568266067,13068.79,51.48617239,7.40421314,186.63,13.37,0.00,54.13,0,-107.00,-14.00,0.00,0.00,35.00,0.00,0,45
779.08,1568266068,13082.18,51.48623802,7.40438696,186.47,13.13,0.00,56.88,0,-102.00,-9.00,0.00,0.00,38.00,0.00,0,188
779.08,1568266068,13082.19,51.48623802,7.40438696,186.47,13.13,0.00,56.88,0,-106.00,-15.00,0.00,0.00,40.00,0.00,0,359
779.08,1568266068,13082.19,51.48623802,7.40438696,186.47,13.13,0.00,56.88,0,-103.00,-9.00,0.00,0.00,35.00,0.00,0,1
780.08,1568266069,13095.31,51.48629618,7.40455266,186.28,13.88,0.00,57.21,0,-102.00,-9.00,0.00,0.00,38.00,0.00,0,188
780.08,1568266069,13095.32,51.48629618,7.40455266,186.28,13.88,0.00,57.21,0,-106.00,-15.00,0.00,0.00,40.00,0.00,0,359
780.08,1568266069,13095.34,51.48629618,7.40455266,186.28,13.88,0.00,57.21,0,-103.00,-9.00,0.00,0.00,35.00,0.00,0,1
781.08,1568266070,13109.18,51.48635220,7.40471127,185.77,13.50,0.00,58.01,0,-106.00,-14.00,0.00,0.00,40.00,0.00,0,357
781.08,1568266070,13109.19,51.48635220,7.40471127,185.77,13.50,0.00,58.01,0,-102.00,-11.00,0.00,0.00,37.00,0.00,0,1
782.08,1568266071,13122.67,51.48641441,7.40488255,185.50,13.86,0.00,58.96,0,-106.00,-14.00,0.00,0.00,40.00,0.00,0,357
782.08,1568266071,13122.69,51.48641441,7.40488255,185.50,13.86,0.00,58.96,0,-102.00,-11.00,0.00,0.00,37.00,0.00,0,1
783.08,1568266072,13136.55,51.48647966,7.40507391,184.76,14.02,0.00,59.41,0,-101.00,-10.00,0.00,0.00,40.00,0.00,0,357
783.08,1568266072,13136.57,51.48647966,7.40507391,184.76,14.02,0.00,59.41,0,-100.00,-10.00,0.00,0.00,39.00,0.00,0,46
783.08,1568266072,13136.58,51.48647966,7.40507391,184.76,14.02,0.00,59.41,0,-103.00,-14.00,0.00,0.00,39.00,0.00,0,245
784.08,1568266073,13150.57,51.48653836,7.40524324,184.43,14.39,0.00,59.80,0,-101.00,-10.00,0.00,0.00,40.00,0.00,0,357
784.08,1568266073,13150.59,51.48653836,7.40524324,184.43,14.39,0.00,59.80,0,-100.00,-10.00,0.00,0.00,39.00,0.00,0,46
784.08,1568266073,13150.60,51.48653836,7.40524324,184.43,14.39,0.00,59.80,0,-103.00,-14.00,0.00,0.00,39.00,0.00,0,245
785.08,1568266074,13164.98,51.48660441,7.40544400,183.69,14.74,0.00,60.26,0,-99.00,-10.00,0.00,0.00,44.00,0.00,0,357
785.08,1568266074,13165.00,51.48660441,7.40544400,183.69,14.74,0.00,60.26,0,-101.00,-14.00,0.00,0.00,44.00,0.00,0,359
785.08,1568266074,13165.00,51.48660441,7.40544400,183.69,14.74,0.00,60.26,0,-102.00,-10.00,0.00,0.00,40.00,0.00,0,95
785.08,1568266074,13165.01,51.48660441,7.40544400,183.69,14.74,0.00,60.26,0,-99.00,-10.00,0.00,0.00,40.00,0.00,0,46
785.08,1568266074,13165.02,51.48660441,7.40544400,183.69,14.74,0.00,60.26,0,-101.00,-13.00,0.00,0.00,40.00,0.00,0,45
786.08,1568266075,13179.72,51.48666720,7.40564219,183.04,14.82,0.00,61.07,0,-99.00,-10.00,0.00,0.00,44.00,0.00,0,357
786.08,1568266075,13179.74,51.48666720,7.40564219,183.04,14.82,0.00,61.07,0,-101.00,-14.00,0.00,0.00,44.00,0.00,0,359
786.08,1568266075,13179.75,51.48666720,7.40564219,183.04,14.82,0.00,61.07,0,-102.00,-10.00,0.00,0.00,40.00,0.00,0,95
786.08,1568266075,13179.75,51.48666720,7.40564219,183.04,14.82,0.00,61.07,0,-99.00,-10.00,0.00,0.00,40.00,0.00,0,46
786.08,1568266075,13179.77,51.48666720,7.40564219,183.04,14.82,0.00,61.07,0,-101.00,-13.00,0.00,0.00,40.00,0.00,0,45
787.09,1568266076,13194.67,51.48672639,7.40583411,182.21,14.70,0.00,62.12,0,-99.00,-8.00,0.00,0.00,40.00,0.00,0,95
787.09,1568266076,13194.69,51.48672639,7.40583411,182.21,14.70,0.00,62.12,0,-100.00,-10.00,0.00,0.00,42.00,0.00,0,357
787.09,1568266076,13194.69,51.48672639,7.40583411,182.21,14.70,0.00,62.12,0,-101.00,-12.00,0.00,0.00,41.00,0.00,0,166
787.09,1568266076,13194.70,51.48672639,7.40583411,182.21,14.70,0.00,62.12,0,-98.00,-11.00,0.00,0.00,42.00,0.00,0,46
787.09,1568266076,13194.72,51.48672639,7.40583411,182.21,14.70,0.00,62.12,0,-99.00,-10.00,0.00,0.00,40.00,0.00,0,200
788.08,1568266077,13209.26,51.48678373,7.40602076,181.61,14.61,0.00,62.84,0,-99.00,-8.00,0.00,0.00,40.00,0.00,0,95
788.08,1568266077,13209.26,51.48678373,7.40602076,181.61,14.61,0.00,62.84,0,-100.00,-10.00,0.00,0.00,42.00,0.00,0,357
788.08,1568266077,13209.27,51.48678373,7.40602076,181.61,14.61,0.00,62.84,0,-101.00,-12.00,0.00,0.00,41.00,0.00,0,166
788.08,1568266077,13209.29,51.48678373,7.40602076,181.61,14.61,0.00,62.84,0,-98.00,-11.00,0.00,0.00,42.00,0.00,0,46
788.08,1568266077,13209.29,51.48678373,7.40602076,181.61,14.61,0.00,62.84,0,-99.00,-10.00,0.00,0.00,40.00,0.00,0,200
789.08,1568266078,13223.85,51.48683849,7.40621064,181.18,14.83,0.00,64.00,0,-99.00,-8.00,0.00,0.00,40.00,0.00,0,95
789.08,1568266078,13223.87,51.48683849,7.40621064,181.18,14.83,0.00,64.00,0,-100.00,-10.00,0.00,0.00,42.00,0.00,0,357
789.08,1568266078,13223.88,51.48683849,7.40621064,181.18,14.83,0.00,64.00,0,-101.00,-12.00,0.00,0.00,41.00,0.00,0,166
789.08,1568266078,13223.88,51.48683849,7.40621064,181.18,14.83,0.00,64.00,0,-98.00,-11.00,0.00,0.00,42.00,0.00,0,46
789.08,1568266078,13223.90,51.48683849,7.40621064,181.18,14.83,0.00,64.00,0,-99.00,-10.00,0.00,0.00,40.00,0.00,0,200
790.08,1568266079,13238.69,51.48689028,7.40642272,180.33,14.73,0.00,65.14,0,-99.00,-9.00,0.00,0.00,42.00,0.00,0,166
790.08,1568266079,13238.69,51.48689028,7.40642272,180.33,14.73,0.00,65.14,0,-101.00,-8.00,0.00,0.00,39.00,0.00,0,95
790.08,1568266079,13238.71,51.48689028,7.40642272,180.33,14.73,0.00,65.14,0,-102.00,-12.00,0.00,0.00,41.00,0.00,0,357
790.08,1568266079,13238.72,51.48689028,7.40642272,180.33,14.73,0.00,65.14,0,-98.00,-10.00,0.00,0.00,40.00,0.00,0,245
790.08,1568266079,13238.72,51.48689028,7.40642272,180.33,14.73,0.00,65.14,0,-101.00,-10.00,0.00,0.00,39.00,0.00,0,199
791.08,1568266080,13253.42,51.48693978,7.40661707,179.92,14.98,0.00,66.44,0,-99.00,-9.00,0.00,0.00,42.00,0.00,0,166
791.08,1568266080,13253.44,51.48693978,7.40661707,179.92,14.98,0.00,66.44,0,-101.00,-8.00,0.00,0.00,39.00,0.00,0,95
791.08,1568266080,13253.44,51.48693978,7.40661707,179.92,14.98,0.00,66.44,0,-102.00,-12.00,0.00,0.00,41.00,0.00,0,357
791.08,1568266080,13253.45,51.48693978,7.40661707,179.92,14.98,0.00,66.44,0,-98.00,-10.00,0.00,0.00,40.00,0.00,0,245
791.08,1568266080,13253.47,51.48693978,7.40661707,179.92,14.98,0.00,66.44,0,-101.00,-10.00,0.00,0.00,39.00,0.00,0,199
792.08,1568266081,13268.37,51.48698666,7.40682020,179.52,15.13,0.00,67.71,0,-99.00,-8.00,0.00,0.00,40.00,0.00,0,95
792.08,1568266081,13268.39,51.48698666,7.40682020,179.52,15.13,0.00,67.71,0,-101.00,-11.00,0.00,0.00,41.00,0.00,0,166
792.08,1568266081,13268.40,51.48698666,7.40682020,179.52,15.13,0.00,67.71,0,-96.00,-7.00,0.00,0.00,40.00,0.00,0,199
792.08,1568266081,13268.42,51.48698666,7.40682020,179.52,15.13,0.00,67.71,0,-100.00,-11.00,0.00,0.00,40.00,0.00,0,245
793.08,1568266082,13283.51,51.48703074,7.40702831,179.15,14.79,0.00,69.12,0,-99.00,-8.00,0.00,0.00,40.00,0.00,0,95
793.08,1568266082,13283.53,51.48703074,7.40702831,179.15,14.79,0.00,69.12,0,-101.00,-11.00,0.00,0.00,41.00,0.00,0,166
793.08,1568266082,13283.53,51.48703074,7.40702831,179.15,14.79,0.00,69.12,0,-96.00,-7.00,0.00,0.00,40.00,0.00,0,199
793.08,1568266082,13283.54,51.48703074,7.40702831,179.15,14.79,0.00,69.12,0,-100.00,-11.00,0.00,0.00,40.00,0.00,0,245
794.08,1568266083,13298.28,51.48707038,7.40722760,178.74,14.53,0.00,69.79,0,-97.00,-7.00,0.00,0.00,41.00,0.00,0,95
794.08,1568266083,13298.28,51.48707038,7.40722760,178.74,14.53,0.00,69.79,0,-93.00,-6.00,0.00,0.00,43.00,0.00,0,199
794.08,1568266083,13298.30,51.48707038,7.40722760,178.74,14.53,0.00,69.79,0,-98.00,-11.00,0.00,0.00,40.00,0.00,0,200
795.08,1568266084,13312.81,51.48711122,7.40744310,178.08,14.87,0.00,70.83,0,-97.00,-7.00,0.00,0.00,41.00,0.00,0,95
795.08,1568266084,13312.83,51.48711122,7.40744310,178.08,14.87,0.00,70.83,0,-93.00,-6.00,0.00,0.00,43.00,0.00,0,199
795.08,1568266084,13312.84,51.48711122,7.40744310,178.08,14.87,0.00,70.83,0,-98.00,-11.00,0.00,0.00,40.00,0.00,0,200
800.08,1568266089,13386.34,51.48728738,7.40849480,174.16,15.29,0.00,76.10,0,-91.00,-7.00,0.00,0.00,47.00,0.00,0,166
801.08,1568266090,13401.62,51.48731977,7.40872298,173.34,15.44,0.00,76.10,0,-91.00,-7.00,0.00,0.00,47.00,0.00,0,166
802.08,1568266091,13417.06,51.48734753,7.40894518,172.50,15.45,0.00,76.82,0,-92.00,-7.00,0.00,0.00,47.00,0.00,0,166
803.08,1568266092,13432.51,51.48737189,7.40915819,171.68,14.94,0.00,77.71,0,-92.00,-7.00,0.00,0.00,47.00,0.00,0,166
808.09,1568266097,13500.56,51.48747527,7.41009058,170.13,12.63,0.00,80.69,0,-97.00,-8.00,0.00,0.00,42.00,0.00,0,359
809.08,1568266098,13513.08,51.48749408,7.41027010,169.77,12.17,0.00,81.11,0,-97.00,-8.00,0.00,0.00,42.00,0.00,0,359
810.08,1568266099,13525.25,51.48750553,7.41042986,169.38,10.58,0.00,82.70,0,-97.00,-8.00,0.00,0.00,42.00,0.00,0,359
823.08,1568266112,13635.93,51.48819131,7.41090599,169.84,12.18,0.00,352.14,0,-98.00,-9.00,0.00,0.00,44.00,0.00,0,167
824.08,1568266113,13648.11,51.48830046,7.41087390,169.65,11.96,0.00,351.48,0,-98.00,-9.00,0.00,0.00,44.00,0.00,0,167
825.08,1568266114,13660.09,51.48839932,7.41084894,169.83,11.30,0.00,351.43,0,-95.00,-8.00,0.00,0.00,44.00,0.00,0,167
825.08,1568266114,13660.10,51.48839932,7.41084894,169.83,11.30,0.00,351.43,0,-99.00,-5.00,0.00,0.00,38.00,0.00,0,95
826.08,1568266115,13671.39,51.48849555,7.41082208,169.84,10.98,0.00,350.65,0,-95.00,-8.00,0.00,0.00,44.00,0.00,0,167
826.08,1568266115,13671.40,51.48849555,7.41082208,169.84,10.98,0.00,350.65,0,-99.00,-5.00,0.00,0.00,38.00,0.00,0,95
827.08,1568266116,13682.37,51.48859354,7.41079075,169.35,10.70,0.00,350.01,0,-95.00,-5.00,0.00,0.00,42.00,0.00,0,95
827.08,1568266116,13682.38,51.48859354,7.41079075,169.35,10.70,0.00,350.01,0,-95.00,-8.00,0.00,0.00,45.00,0.00,0,167
828.08,1568266117,13693.07,51.48869444,7.41075330,168.75,10.44,0.00,349.48,0,-95.00,-5.00,0.00,0.00,42.00,0.00,0,95
828.08,1568266117,13693.08,51.48869444,7.41075330,168.75,10.44,0.00,349.48,0,-95.00,-8.00,0.00,0.00,45.00,0.00,0,167
829.09,1568266118,13703.60,51.48879448,7.41071393,167.60,10.47,0.00,349.05,0,-95.00,-8.00,0.00,0.00,45.00,0.00,0,167
830.08,1568266119,13713.98,51.48889521,7.41067158,166.42,11.01,0.00,348.39,0,-95.00,-8.00,0.00,0.00,45.00,0.00,0,167
831.08,1568266120,13724.98,51.48898883,7.41063526,165.32,10.98,0.00,347.74,0,-95.00,-8.00,0.00,0.00,45.00,0.00,0,167
834.08,1568266123,13758.18,51.48926483,7.41051255,163.83,11.16,0.00,347.15,0,-96.00,-9.00,0.00,0.00,45.00,0.00,0,167
835.08,1568266124,13769.34,51.48937040,7.41047197,163.59,11.14,0.00,346.55,0,-96.00,-9.00,0.00,0.00,45.00,0.00,0,167
838.08,1568266127,13801.96,51.48966365,7.41035752,164.75,10.46,0.00,346.69,0,-103.00,-13.00,0.00,0.00,42.00,0.00,0,167
838.08,1568266127,13801.97,51.48966365,7.41035752,164.75,10.46,0.00,346.69,0,-104.00,-9.00,0.00,0.00,37.00,0.00,0,95
839.08,1568266128,13812.43,51.48975827,7.41032206,164.87,9.95,0.00,346.37,0,-103.00,-13.00,0.00,0.00,42.00,0.00,0,167
839.08,1568266128,13812.43,51.48975827,7.41032206,164.87,9.95,0.00,346.37,0,-104.00,-9.00,0.00,0.00,37.00,0.00,0,95
840.08,1568266129,13822.35,51.48984986,7.41028386,164.96,8.10,0.00,345.54,0,-103.00,-10.00,0.00,0.00,38.00,0.00,0,95
841.08,1568266130,13830.46,51.48990682,7.41025905,165.01,5.82,0.00,347.33,0,-103.00,-10.00,0.00,0.00,38.00,0.00,0,95
842.08,1568266131,13836.27,51.48996003,7.41025833,165.05,4.45,0.00,5.69,0,-100.00,-9.00,0.00,0.00,40.00,0.00,0,95
843.08,1568266132,13840.71,51.49273510,7.40005320,165.06,3.61,0.00,29.80,0,-100.00,-9.00,0.00,0.00,40.00,0.00,0,95
846.07,1568266135,13855.79,51.49004920,7.41053033,166.43,7.28,0.00,76.79,0,-91.00,-7.00,0.00,0.00,48.00,0.00,0,166
847.08,1568266136,13863.09,51.49007152,7.41063630,166.39,8.85,0.00,77.34,0,-91.00,-7.00,0.00,0.00,48.00,0.00,0,166
851.17,1568266140,13902.98,51.49015988,7.41121736,165.02,10.55,0.00,78.01,0,-100.00,-12.00,0.00,0.00,45.00,0.00,0,166
