0.01,1568090832,0.03,51.44976759,7.48838509,249.77,10.61,0.00,169.56,0,-102.00,-10.00,0.00,0.00,39.00,0.00,0,66
0.01,1568090832,0.03,51.44976759,7.48838509,249.77,10.61,0.00,169.56,0,-101.00,-9.00,0.00,0.00,36.00,0.00,0,320
0.01,1568090832,0.03,51.44976759,7.48838509,249.77,10.61,0.00,169.56,0,-107.00,-12.00,0.00,0.00,35.00,0.00,0,76
1.07,1568090833,11.29,51.44964947,7.48840658,249.94,11.95,0.00,171.27,0,-102.00,-10.00,0.00,0.00,39.00,0.00,0,66
1.07,1568090833,11.30,51.44964947,7.48840658,249.94,11.95,0.00,171.27,0,-101.00,-9.00,0.00,0.00,36.00,0.00,0,320
1.07,1568090833,11.31,51.44964947,7.48840658,249.94,11.95,0.00,171.27,0,-107.00,-12.00,0.00,0.00,35.00,0.00,0,76
2.00,1568090834,22.35,51.44953368,7.48842526,250.28,12.48,0.00,173.05,0,-102.00,-10.00,0.00,0.00,39.00,0.00,0,66
2.00,1568090834,22.36,51.44953368,7.48842526,250.28,12.48,0.00,173.05,0,-101.00,-9.00,0.00,0.00,36.00,0.00,0,320
2.00,1568090834,22.38,51.44953368,7.48842526,250.28,12.48,0.00,173.05,0,-107.00,-12.00,0.00,0.00,35.00,0.00,0,76
3.00,1568090835,34.85,51.44941710,7.48843859,250.92,12.87,0.00,174.59,0,-103.00,-11.00,0.00,0.00,40.00,0.00,0,66
3.00,1568090835,34.85,51.44941710,7.48843859,250.92,12.87,0.00,174.59,0,-106.00,-13.00,0.00,0.00,38.00,0.00,0,119
3.00,1568090835,34.86,51.44941710,7.48843859,250.92,12.87,0.00,174.59,0,-100.00,-10.00,0.00,0.00,39.00,0.00,0,320
3.00,1568090835,34.87,51.44941710,7.48843859,250.92,12.87,0.00,174.59,0,-104.00,-13.00,0.00,0.00,38.00,0.00,0,76
4.00,1568090836,47.72,51.44929932,7.48844354,251.37,13.34,0.00,177.53,0,-103.00,-11.00,0.00,0.00,40.00,0.00,0,66
4.00,1568090836,47.73,51.44929932,7.48844354,251.37,13.34,0.00,177.53,0,-106.00,-13.00,0.00,0.00,38.00,0.00,0,119
4.00,1568090836,47.74,51.44929932,7.48844354,251.37,13.34,0.00,177.53,0,-100.00,-10.00,0.00,0.00,39.00,0.00,0,320
4.00,1568090836,47.74,51.44929932,7.48844354,251.37,13.34,0.00,177.53,0,-104.00,-13.00,0.00,0.00,38.00,0.00,0,76
5.00,1568090837,61.05,51.44917673,7.48843425,252.03,13.61,0.00,179.53,0,-103.00,-11.00,0.00,0.00,40.00,0.00,0,119
5.00,1568090837,61.05,51.44917673,7.48843425,252.03,13.61,0.00,179.53,0,-103.00,-12.00,0.00,0.00,41.00,0.00,0,66
5.00,1568090837,61.07,51.44917673,7.48843425,252.03,13.61,0.00,179.53,0,-101.00,-9.00,0.00,0.00,38.00,0.00,0,76
5.00,1568090837,61.08,51.44917673,7.48843425,252.03,13.61,0.00,179.53,0,-101.00,-11.00,0.00,0.00,38.00,0.00,0,320
6.00,1568090838,74.66,51.44905933,7.48842303,252.41,13.53,0.00,181.84,0,-103.00,-11.00,0.00,0.00,40.00,0.00,0,119
6.00,1568090838,74.67,51.44905933,7.48842303,252.41,13.53,0.00,181.84,0,-103.00,-12.00,0.00,0.00,41.00,0.00,0,66
6.00,1568090838,74.69,51.44905933,7.48842303,252.41,13.53,0.00,181.84,0,-101.00,-9.00,0.00,0.00,38.00,0.00,0,76
6.00,1568090838,74.69,51.44905933,7.48842303,252.41,13.53,0.00,181.84,0,-101.00,-11.00,0.00,0.00,38.00,0.00,0,320
7.00,1568090839,88.19,51.44893422,7.48840759,252.89,13.57,0.00,183.17,0,-101.00,-13.00,0.00,0.00,43.00,0.00,0,67
7.00,1568090839,88.19,51.44893422,7.48840759,252.89,13.57,0.00,183.17,0,-102.00,-13.00,0.00,0.00,43.00,0.00,0,66
7.00,1568090839,88.21,51.44893422,7.48840759,252.89,13.57,0.00,183.17,0,-102.00,-12.00,0.00,0.00,39.00,0.00,0,319
7.00,1568090839,88.22,51.44893422,7.48840759,252.89,13.57,0.00,183.17,0,-103.00,-13.00,0.00,0.00,39.00,0.00,0,320
8.00,1568090840,101.76,51.44882145,7.48838027,253.24,14.14,0.00,184.52,0,-101.00,-13.00,0.00,0.00,43.00,0.00,0,67
8.00,1568090840,101.78,51.44882145,7.48838027,253.24,14.14,0.00,184.52,0,-102.00,-13.00,0.00,0.00,43.00,0.00,0,66
8.00,1568090840,101.78,51.44882145,7.48838027,253.24,14.14,0.00,184.52,0,-102.00,-12.00,0.00,0.00,39.00,0.00,0,319
8.00,1568090840,101.79,51.44882145,7.48838027,253.24,14.14,0.00,184.52,0,-103.00,-13.00,0.00,0.00,39.00,0.00,0,320
11.00,1568090843,144.21,51.44842972,7.48824530,253.85,14.81,0.00,190.58,0,-105.00,-13.00,0.00,0.00,37.00,0.00,0,319
11.00,1568090843,144.23,51.44842972,7.48824530,253.85,14.81,0.00,190.58,0,-107.00,-15.00,0.00,0.00,37.00,0.00,0,320
12.00,1568090844,159.03,51.44829636,7.48818559,253.85,15.01,0.00,191.92,0,-105.00,-13.00,0.00,0.00,37.00,0.00,0,319
12.00,1568090844,159.05,51.44829636,7.48818559,253.85,15.01,0.00,191.92,0,-107.00,-15.00,0.00,0.00,37.00,0.00,0,320
30.00,1568090862,428.55,51.44590965,7.48873130,260.56,15.98,0.00,146.45,0,-107.00,-14.00,0.00,0.00,39.00,0.00,0,118
30.00,1568090862,428.56,51.44590965,7.48873130,260.56,15.98,0.00,146.45,0,-107.00,-15.00,0.00,0.00,39.00,0.00,0,67
30.00,1568090862,428.56,51.44590965,7.48873130,260.56,15.98,0.00,146.45,0,-109.00,-16.00,0.00,0.00,39.00,0.00,0,66
31.00,1568090863,444.51,51.44579030,7.48889481,261.44,15.77,0.00,143.13,0,-107.00,-14.00,0.00,0.00,39.00,0.00,0,118
31.00,1568090863,444.52,51.44579030,7.48889481,261.44,15.77,0.00,143.13,0,-107.00,-15.00,0.00,0.00,39.00,0.00,0,67
31.00,1568090863,444.54,51.44579030,7.48889481,261.44,15.77,0.00,143.13,0,-109.00,-16.00,0.00,0.00,39.00,0.00,0,66
32.00,1568090864,460.27,51.44567993,7.48906496,262.68,15.93,0.00,139.30,0,-106.00,-14.00,0.00,0.00,39.00,0.00,0,118
32.00,1568090864,460.28,51.44567993,7.48906496,262.68,15.93,0.00,139.30,0,-107.00,-14.00,0.00,0.00,38.00,0.00,0,67
33.00,1568090865,476.21,51.44557579,7.48924312,264.05,15.77,0.00,136.78,0,-106.00,-14.00,0.00,0.00,39.00,0.00,0,118
33.00,1568090865,476.21,51.44557579,7.48924312,264.05,15.77,0.00,136.78,0,-107.00,-14.00,0.00,0.00,38.00,0.00,0,67
34.00,1568090866,491.97,51.44548002,7.48942352,265.44,15.51,0.00,134.13,0,-106.00,-12.00,0.00,0.00,38.00,0.00,0,118
34.00,1568090866,491.99,51.44548002,7.48942352,265.44,15.51,0.00,134.13,0,-108.00,-12.00,0.00,0.00,36.00,0.00,0,67
34.00,1568090866,491.99,51.44548002,7.48942352,265.44,15.51,0.00,134.13,0,-110.00,-16.00,0.00,0.00,37.00,0.00,0,66
35.00,1568090867,507.50,51.44539880,7.48959709,266.54,15.39,0.00,132.22,0,-106.00,-12.00,0.00,0.00,38.00,0.00,0,118
35.00,1568090867,507.50,51.44539880,7.48959709,266.54,15.39,0.00,132.22,0,-108.00,-12.00,0.00,0.00,36.00,0.00,0,67
35.00,1568090867,507.51,51.44539880,7.48959709,266.54,15.39,0.00,132.22,0,-110.00,-16.00,0.00,0.00,37.00,0.00,0,66
36.00,1568090868,522.88,51.44531664,7.48978029,267.40,15.16,0.00,130.90,0,-105.00,-11.00,0.00,0.00,37.00,0.00,0,118
36.00,1568090868,522.88,51.44531664,7.48978029,267.40,15.16,0.00,130.90,0,-107.00,-11.00,0.00,0.00,35.00,0.00,0,67
36.00,1568090868,522.90,51.44531664,7.48978029,267.40,15.16,0.00,130.90,0,-110.00,-16.00,0.00,0.00,37.00,0.00,0,66
37.00,1568090869,538.04,51.44524051,7.48995547,268.19,15.34,0.00,130.30,0,-105.00,-11.00,0.00,0.00,37.00,0.00,0,118
37.00,1568090869,538.04,51.44524051,7.48995547,268.19,15.34,0.00,130.30,0,-107.00,-11.00,0.00,0.00,35.00,0.00,0,67
37.00,1568090869,538.06,51.44524051,7.48995547,268.19,15.34,0.00,130.30,0,-110.00,-16.00,0.00,0.00,37.00,0.00,0,66
40.00,1568090872,584.05,51.44500773,7.49050750,270.08,14.74,0.00,127.23,0,-109.00,-13.00,0.00,0.00,35.00,0.00,0,67
40.00,1568090872,584.06,51.44500773,7.49050750,270.08,14.74,0.00,127.23,0,-111.00,-15.00,0.00,0.00,35.00,0.00,0,119
41.00,1568090873,598.78,51.44493414,7.49069175,270.58,14.22,0.00,126.84,0,-109.00,-13.00,0.00,0.00,35.00,0.00,0,67
41.00,1568090873,598.79,51.44493414,7.49069175,270.58,14.22,0.00,126.84,0,-111.00,-15.00,0.00,0.00,35.00,0.00,0,119
45.00,1568090877,648.28,51.44471151,7.49122088,272.82,8.99,0.00,127.94,0,-111.00,-13.00,0.00,0.00,33.00,0.00,0,67
45.00,1568090877,648.29,51.44471151,7.49122088,272.82,8.99,0.00,127.94,0,-109.00,-13.00,0.00,0.00,32.00,0.00,0,319
46.00,1568090878,657.26,51.44467937,7.49132035,273.07,6.83,0.00,126.56,0,-111.00,-13.00,0.00,0.00,33.00,0.00,0,67
46.00,1568090878,657.27,51.44467937,7.49132035,273.07,6.83,0.00,126.56,0,-109.00,-13.00,0.00,0.00,32.00,0.00,0,319
114.00,1568090946,1248.97,51.44068065,7.48626778,283.04,13.99,0.00,230.92,0,-82.00,-5.00,0.00,0.00,55.00,0.00,0,117
115.00,1568090947,1262.97,51.44060420,7.48609748,283.27,13.28,0.00,231.58,0,-82.00,-5.00,0.00,0.00,55.00,0.00,0,117
149.01,1568090981,1739.25,51.43827494,7.48015641,287.22,14.32,0.00,240.30,0,-113.00,-10.00,0.00,0.00,29.00,0.00,0,458
150.00,1568090982,1753.46,51.43821322,7.47996847,286.84,13.89,0.00,240.77,0,-113.00,-10.00,0.00,0.00,29.00,0.00,0,458
151.00,1568090983,1767.35,51.43815337,7.47979847,286.71,13.56,0.00,240.52,0,-113.00,-10.00,0.00,0.00,29.00,0.00,0,458
152.00,1568090984,1780.91,51.43809459,7.47962777,286.46,13.19,0.00,241.11,0,-112.00,-9.00,0.00,0.00,29.00,0.00,0,458
153.00,1568090985,1794.09,51.43803176,7.47943992,286.27,13.46,0.00,241.46,0,-112.00,-9.00,0.00,0.00,29.00,0.00,0,458
154.00,1568090986,1807.57,51.43797325,7.47925408,286.08,13.49,0.00,242.36,0,-113.00,-10.00,0.00,0.00,29.00,0.00,0,458
154.00,1568090986,1807.57,51.43797325,7.47925408,286.08,13.49,0.00,242.36,0,-117.00,-16.00,0.00,0.00,30.00,0.00,0,417
155.00,1568090987,1821.06,51.43791129,7.47905685,285.44,14.11,0.00,242.87,0,-113.00,-10.00,0.00,0.00,29.00,0.00,0,458
155.00,1568090987,1821.06,51.43791129,7.47905685,285.44,14.11,0.00,242.87,0,-117.00,-16.00,0.00,0.00,30.00,0.00,0,417
156.00,1568090988,1835.17,51.43785470,7.47885911,285.36,14.31,0.00,243.40,0,-113.00,-11.00,0.00,0.00,29.00,0.00,0,458
156.00,1568090988,1835.19,51.43785470,7.47885911,285.36,14.31,0.00,243.40,0,-117.00,-16.00,0.00,0.00,30.00,0.00,0,417
157.00,1568090989,1849.47,51.43780312,7.47868163,285.09,14.30,0.00,242.59,0,-113.00,-11.00,0.00,0.00,29.00,0.00,0,458
157.00,1568090989,1849.48,51.43780312,7.47868163,285.09,14.30,0.00,242.59,0,-117.00,-16.00,0.00,0.00,30.00,0.00,0,417
158.00,1568090990,1863.80,51.43774112,7.47848905,285.25,14.64,0.00,242.06,0,-113.00,-11.00,0.00,0.00,29.00,0.00,0,100
158.00,1568090990,1863.80,51.43774112,7.47848905,285.25,14.64,0.00,242.06,0,-114.00,-12.00,0.00,0.00,29.00,0.00,0,458
158.00,1568090990,1863.81,51.43774112,7.47848905,285.25,14.64,0.00,242.06,0,-116.00,-14.00,0.00,0.00,29.00,0.00,0,205
159.00,1568090991,1878.42,51.43767613,7.47829518,285.52,14.26,0.00,242.27,0,-113.00,-11.00,0.00,0.00,29.00,0.00,0,100
159.00,1568090991,1878.43,51.43767613,7.47829518,285.52,14.26,0.00,242.27,0,-114.00,-12.00,0.00,0.00,29.00,0.00,0,458
159.00,1568090991,1878.45,51.43767613,7.47829518,285.52,14.26,0.00,242.27,0,-116.00,-14.00,0.00,0.00,29.00,0.00,0,205
160.00,1568090992,1892.68,51.43761036,7.47808901,286.21,14.31,0.00,243.24,0,-114.00,-12.00,0.00,0.00,30.00,0.00,0,205
160.00,1568090992,1892.69,51.43761036,7.47808901,286.21,14.31,0.00,243.24,0,-114.00,-12.00,0.00,0.00,29.00,0.00,0,100
160.00,1568090992,1892.71,51.43761036,7.47808901,286.21,14.31,0.00,243.24,0,-116.00,-13.00,0.00,0.00,29.00,0.00,0,458
161.00,1568090993,1906.99,51.43755235,7.47790626,286.46,14.14,0.00,242.50,0,-114.00,-12.00,0.00,0.00,30.00,0.00,0,205
161.00,1568090993,1907.00,51.43755235,7.47790626,286.46,14.14,0.00,242.50,0,-114.00,-12.00,0.00,0.00,29.00,0.00,0,100
161.00,1568090993,1907.02,51.43755235,7.47790626,286.46,14.14,0.00,242.50,0,-116.00,-13.00,0.00,0.00,29.00,0.00,0,458
164.00,1568090996,1947.41,51.43737328,7.47737104,286.62,13.83,0.00,241.83,0,-115.00,-10.00,0.00,0.00,26.00,0.00,0,100
164.00,1568090996,1947.42,51.43737328,7.47737104,286.62,13.83,0.00,241.83,0,-117.00,-12.00,0.00,0.00,26.00,0.00,0,117
165.00,1568090997,1961.24,51.43731116,7.47719439,286.75,12.79,0.00,243.06,0,-115.00,-10.00,0.00,0.00,26.00,0.00,0,100
165.00,1568090997,1961.26,51.43731116,7.47719439,286.75,12.79,0.00,243.06,0,-117.00,-12.00,0.00,0.00,26.00,0.00,0,117
166.00,1568090998,1974.05,51.43725703,7.47700834,286.86,13.12,0.00,244.30,0,-116.00,-11.00,0.00,0.00,27.00,0.00,0,100
166.00,1568090998,1974.06,51.43725703,7.47700834,286.86,13.12,0.00,244.30,0,-117.00,-13.00,0.00,0.00,28.00,0.00,0,117
166.00,1568090998,1974.07,51.43725703,7.47700834,286.86,13.12,0.00,244.30,0,-119.00,-15.00,0.00,0.00,27.00,0.00,0,417
166.00,1568090998,1974.07,51.43725703,7.47700834,286.86,13.12,0.00,244.30,0,-113.00,-7.00,0.00,0.00,27.00,0.00,0,196
167.00,1568090999,1987.17,51.43721102,7.47681861,287.04,13.23,0.00,248.18,0,-116.00,-11.00,0.00,0.00,27.00,0.00,0,100
167.00,1568090999,1987.18,51.43721102,7.47681861,287.04,13.23,0.00,248.18,0,-117.00,-13.00,0.00,0.00,28.00,0.00,0,117
167.00,1568090999,1987.20,51.43721102,7.47681861,287.04,13.23,0.00,248.18,0,-119.00,-15.00,0.00,0.00,27.00,0.00,0,417
167.00,1568090999,1987.20,51.43721102,7.47681861,287.04,13.23,0.00,248.18,0,-113.00,-7.00,0.00,0.00,27.00,0.00,0,196
168.00,1568091000,2000.37,51.43720053,7.47661245,287.08,11.67,0.00,267.16,0,-103.00,-15.00,0.00,0.00,42.00,0.00,0,488
168.00,1568091000,2000.38,51.43720053,7.47661245,287.08,11.67,0.00,267.16,0,-105.00,-17.00,0.00,0.00,41.00,0.00,0,284
169.00,1568091001,2012.03,51.43719821,7.47644326,286.85,9.92,0.00,270.91,0,-103.00,-15.00,0.00,0.00,42.00,0.00,0,488
169.00,1568091001,2012.04,51.43719821,7.47644326,286.85,9.92,0.00,270.91,0,-105.00,-17.00,0.00,0.00,41.00,0.00,0,284
170.01,1568091002,2022.05,51.43722619,7.47631916,286.56,9.16,0.00,293.48,0,-98.00,-15.00,0.00,0.00,47.00,0.00,0,488
171.00,1568091003,2031.12,51.43728792,7.47622043,286.33,8.42,0.00,321.32,0,-98.00,-15.00,0.00,0.00,47.00,0.00,0,488
172.00,1568091004,2039.54,51.43735058,7.47613533,286.21,7.90,0.00,324.81,0,-98.00,-15.00,0.00,0.00,47.00,0.00,0,488
212.01,1568091044,2779.06,51.44183108,7.48411286,279.54,22.29,0.00,30.51,0,-84.00,-4.00,0.00,0.00,50.00,0.00,0,117
212.01,1568091044,2779.09,51.44183108,7.48411286,279.54,22.29,0.00,30.51,0,-119.00,-10.00,0.00,0.00,23.00,0.00,0,13
213.01,1568091045,2801.44,51.44198892,7.48427384,278.70,22.28,0.00,29.62,0,-84.00,-4.00,0.00,0.00,50.00,0.00,0,117
213.01,1568091045,2801.44,51.44198892,7.48427384,278.70,22.28,0.00,29.62,0,-119.00,-10.00,0.00,0.00,23.00,0.00,0,13
214.00,1568091046,2823.43,51.44216076,7.48442609,277.82,22.04,0.00,28.00,0,-84.00,-4.00,0.00,0.00,50.00,0.00,0,117
214.00,1568091046,2823.45,51.44216076,7.48442609,277.82,22.04,0.00,28.00,0,-119.00,-10.00,0.00,0.00,23.00,0.00,0,13
215.00,1568091047,2845.56,51.44233199,7.48456361,277.09,21.70,0.00,26.95,0,-89.00,-9.00,0.00,0.00,52.00,0.00,0,119
215.00,1568091047,2845.58,51.44233199,7.48456361,277.09,21.70,0.00,26.95,0,-86.00,-7.00,0.00,0.00,51.00,0.00,0,76
216.00,1568091048,2867.24,51.44250516,7.48469474,276.32,21.39,0.00,25.82,0,-89.00,-9.00,0.00,0.00,52.00,0.00,0,119
216.00,1568091048,2867.26,51.44250516,7.48469474,276.32,21.39,0.00,25.82,0,-86.00,-7.00,0.00,0.00,51.00,0.00,0,76
217.00,1568091049,2888.61,51.44268044,7.48482675,275.59,21.21,0.00,25.13,0,-88.00,-12.00,0.00,0.00,54.00,0.00,0,77
218.00,1568091050,2909.80,51.44285315,7.48494435,275.10,20.98,0.00,24.36,0,-88.00,-12.00,0.00,0.00,54.00,0.00,0,77
236.00,1568091068,3211.00,51.44455351,7.48730663,264.85,13.38,0.00,135.76,0,-91.00,-10.00,0.00,0.00,51.00,0.00,0,118
236.00,1568091068,3211.02,51.44455351,7.48730663,264.85,13.38,0.00,135.76,0,-91.00,-9.00,0.00,0.00,46.00,0.00,0,75
237.00,1568091069,3224.39,51.44445381,7.48741061,264.47,13.88,0.00,149.14,0,-91.00,-10.00,0.00,0.00,51.00,0.00,0,118
237.00,1568091069,3224.39,51.44445381,7.48741061,264.47,13.88,0.00,149.14,0,-91.00,-9.00,0.00,0.00,46.00,0.00,0,75
238.00,1568091070,3238.27,51.44433172,7.48748249,263.94,14.54,0.00,163.63,0,-86.00,-9.00,0.00,0.00,56.00,0.00,0,118
238.00,1568091070,3238.28,51.44433172,7.48748249,263.94,14.54,0.00,163.63,0,-87.00,-10.00,0.00,0.00,55.00,0.00,0,75
238.99,1568091071,3252.74,51.44421461,7.48749467,263.70,13.70,0.00,179.48,0,-86.00,-9.00,0.00,0.00,56.00,0.00,0,118
238.99,1568091071,3252.74,51.44421461,7.48749467,263.70,13.70,0.00,179.48,0,-87.00,-10.00,0.00,0.00,55.00,0.00,0,75
244.00,1568091076,3322.82,51.44380410,7.48690073,263.03,14.84,0.00,257.20,0,-87.00,-14.00,0.00,0.00,60.00,0.00,0,118
245.00,1568091077,3337.68,51.44377604,7.48667770,262.53,15.39,0.00,259.62,0,-87.00,-14.00,0.00,0.00,60.00,0.00,0,118
267.00,1568091099,3840.67,51.44352758,7.47930121,259.80,26.87,0.00,262.33,0,-102.00,-14.00,0.00,0.00,44.00,0.00,0,117
268.00,1568091100,3867.53,51.44349675,7.47891181,259.61,27.37,0.00,262.20,0,-102.00,-14.00,0.00,0.00,44.00,0.00,0,117
269.00,1568091101,3894.88,51.44346536,7.47851953,259.31,27.43,0.00,262.20,0,-100.00,-13.00,0.00,0.00,44.00,0.00,0,117
270.00,1568091102,3922.34,51.44343406,7.47812368,258.93,27.67,0.00,262.44,0,-100.00,-13.00,0.00,0.00,44.00,0.00,0,117
271.00,1568091103,3950.01,51.44340190,7.47772545,258.32,27.88,0.00,262.32,0,-97.00,-11.00,0.00,0.00,46.00,0.00,0,117
272.00,1568091104,3977.90,51.44337000,7.47732577,257.61,27.89,0.00,262.07,0,-97.00,-11.00,0.00,0.00,46.00,0.00,0,117
273.00,1568091105,4005.75,51.44333330,7.47692667,256.78,27.57,0.00,262.05,0,-95.00,-10.00,0.00,0.00,47.00,0.00,0,117
274.00,1568091106,4033.35,51.44329583,7.47652839,255.95,27.61,0.00,261.64,0,-95.00,-10.00,0.00,0.00,47.00,0.00,0,117
275.01,1568091107,4061.22,51.44325906,7.47613230,255.06,27.85,0.00,261.68,0,-95.00,-10.00,0.00,0.00,47.00,0.00,0,117
276.00,1568091108,4088.78,51.44321931,7.47573614,254.07,28.04,0.00,261.02,0,-95.00,-10.00,0.00,0.00,47.00,0.00,0,117
277.00,1568091109,4116.85,51.44317662,7.47532811,253.10,28.71,0.00,260.17,0,-95.00,-10.00,0.00,0.00,47.00,0.00,0,117
278.00,1568091110,4145.57,51.44312547,7.47491104,252.04,29.13,0.00,259.26,0,-94.00,-10.00,0.00,0.00,48.00,0.00,0,117
279.00,1568091111,4174.72,51.44307368,7.47450026,251.24,29.40,0.00,258.80,0,-94.00,-10.00,0.00,0.00,48.00,0.00,0,117
280.00,1568091112,4204.07,51.44302088,7.47407406,250.36,30.09,0.00,259.08,0,-98.00,-12.00,0.00,0.00,46.00,0.00,0,117
281.00,1568091113,4234.16,51.44296812,7.47365154,249.61,29.97,0.00,259.27,0,-98.00,-12.00,0.00,0.00,46.00,0.00,0,117
282.00,1568091114,4264.22,51.44291558,7.47323028,248.89,30.02,0.00,259.52,0,-105.00,-9.00,0.00,0.00,36.00,0.00,0,403
282.00,1568091114,4264.22,51.44291558,7.47323028,248.89,30.02,0.00,259.52,0,-113.00,-22.00,0.00,0.00,40.00,0.00,0,404
282.00,1568091114,4264.25,51.44291558,7.47323028,248.89,30.02,0.00,259.52,0,-117.00,-24.00,0.00,0.00,39.00,0.00,0,212
283.00,1568091115,4294.21,51.44286385,7.47281061,248.20,30.08,0.00,259.61,0,-105.00,-9.00,0.00,0.00,36.00,0.00,0,403
283.00,1568091115,4294.24,51.44286385,7.47281061,248.20,30.08,0.00,259.61,0,-113.00,-22.00,0.00,0.00,40.00,0.00,0,404
283.00,1568091115,4294.24,51.44286385,7.47281061,248.20,30.08,0.00,259.61,0,-117.00,-24.00,0.00,0.00,39.00,0.00,0,212
288.00,1568091120,4443.17,51.44260397,7.47067254,243.57,29.63,0.00,258.78,0,-118.00,-13.00,0.00,0.00,23.00,0.00,0,437
288.00,1568091120,4443.17,51.44260397,7.47067254,243.57,29.63,0.00,258.78,0,-119.00,-14.00,0.00,0.00,25.00,0.00,0,76
289.00,1568091121,4472.77,51.44255478,7.47025779,242.47,29.93,0.00,258.50,0,-118.00,-13.00,0.00,0.00,23.00,0.00,0,437
289.00,1568091121,4472.80,51.44255478,7.47025779,242.47,29.93,0.00,258.50,0,-119.00,-14.00,0.00,0.00,25.00,0.00,0,76
290.00,1568091122,4502.69,51.44250067,7.46982762,241.46,30.27,0.00,258.51,0,-116.00,-13.00,0.00,0.00,25.00,0.00,0,77
290.00,1568091122,4502.72,51.44250067,7.46982762,241.46,30.27,0.00,258.51,0,-117.00,-13.00,0.00,0.00,24.00,0.00,0,437
291.00,1568091123,4532.96,51.44244327,7.46940783,240.34,30.06,0.00,257.79,0,-116.00,-13.00,0.00,0.00,25.00,0.00,0,77
291.00,1568091123,4532.99,51.44244327,7.46940783,240.34,30.06,0.00,257.79,0,-117.00,-13.00,0.00,0.00,24.00,0.00,0,437
292.00,1568091124,4563.18,51.44238118,7.46897575,239.50,30.64,0.00,257.56,0,-115.00,-11.00,0.00,0.00,27.00,0.00,0,117
292.00,1568091124,4563.21,51.44238118,7.46897575,239.50,30.64,0.00,257.56,0,-116.00,-13.00,0.00,0.00,24.00,0.00,0,77
292.00,1568091124,4563.21,51.44238118,7.46897575,239.50,30.64,0.00,257.56,0,-118.00,-13.00,0.00,0.00,24.00,0.00,0,437
292.00,1568091124,4563.24,51.44238118,7.46897575,239.50,30.64,0.00,257.56,0,-128.00,-17.00,0.00,0.00,20.00,0.00,0,13
292.01,1568091124,4563.27,51.44238118,7.46897575,239.50,30.64,0.00,257.56,0,-129.00,-16.00,0.00,0.00,20.00,0.00,0,274
292.01,1568091124,4563.27,51.44238118,7.46897575,239.50,30.64,0.00,257.56,0,-109.00,-10.00,0.00,0.00,29.00,0.00,0,308
292.01,1568091124,4563.30,51.44238118,7.46897575,239.50,30.64,0.00,257.56,0,-109.00,-11.00,0.00,0.00,31.00,0.00,0,486
293.00,1568091125,4593.79,51.44231793,7.46853065,238.64,31.69,0.00,257.30,0,-115.00,-11.00,0.00,0.00,27.00,0.00,0,117
293.00,1568091125,4593.82,51.44231793,7.46853065,238.64,31.69,0.00,257.30,0,-116.00,-13.00,0.00,0.00,24.00,0.00,0,77
293.00,1568091125,4593.86,51.44231793,7.46853065,238.64,31.69,0.00,257.30,0,-118.00,-13.00,0.00,0.00,24.00,0.00,0,437
293.00,1568091125,4593.86,51.44231793,7.46853065,238.64,31.69,0.00,257.30,0,-128.00,-17.00,0.00,0.00,20.00,0.00,0,13
293.00,1568091125,4593.89,51.44231793,7.46853065,238.64,31.69,0.00,257.30,0,-129.00,-16.00,0.00,0.00,20.00,0.00,0,274
293.01,1568091125,4593.92,51.44231793,7.46853065,238.64,31.69,0.00,257.30,0,-109.00,-10.00,0.00,0.00,29.00,0.00,0,308
293.01,1568091125,4593.92,51.44231793,7.46853065,238.64,31.69,0.00,257.30,0,-109.00,-11.00,0.00,0.00,31.00,0.00,0,486
294.00,1568091126,4625.45,51.44225164,7.46807669,237.96,32.34,0.00,257.11,0,-124.00,-13.00,0.00,0.00,21.00,0.00,0,274
294.00,1568091126,4625.48,51.44225164,7.46807669,237.96,32.34,0.00,257.11,0,-128.00,-17.00,0.00,0.00,21.00,0.00,0,13
294.00,1568091126,4625.51,51.44225164,7.46807669,237.96,32.34,0.00,257.11,0,-107.00,-11.00,0.00,0.00,32.00,0.00,0,488
294.00,1568091126,4625.55,51.44225164,7.46807669,237.96,32.34,0.00,257.11,0,-108.00,-10.00,0.00,0.00,31.00,0.00,0,308
294.00,1568091126,4625.55,51.44225164,7.46807669,237.96,32.34,0.00,257.11,0,-111.00,-14.00,0.00,0.00,32.00,0.00,0,486
294.00,1568091126,4625.58,51.44225164,7.46807669,237.96,32.34,0.00,257.11,0,-102.00,-10.00,0.00,0.00,34.00,0.00,0,198
294.01,1568091126,4625.61,51.44225164,7.46807669,237.96,32.34,0.00,257.11,0,-107.00,-16.00,0.00,0.00,34.00,0.00,0,427
295.00,1568091127,4657.82,51.44218261,7.46760570,237.57,33.71,0.00,258.33,0,-124.00,-13.00,0.00,0.00,21.00,0.00,0,274
295.00,1568091127,4657.85,51.44218261,7.46760570,237.57,33.71,0.00,258.33,0,-128.00,-17.00,0.00,0.00,21.00,0.00,0,13
295.00,1568091127,4657.85,51.44218261,7.46760570,237.57,33.71,0.00,258.33,0,-107.00,-11.00,0.00,0.00,32.00,0.00,0,488
295.00,1568091127,4657.89,51.44218261,7.46760570,237.57,33.71,0.00,258.33,0,-108.00,-10.00,0.00,0.00,31.00,0.00,0,308
295.00,1568091127,4657.92,51.44218261,7.46760570,237.57,33.71,0.00,258.33,0,-111.00,-14.00,0.00,0.00,32.00,0.00,0,486
295.00,1568091127,4657.92,51.44218261,7.46760570,237.57,33.71,0.00,258.33,0,-102.00,-10.00,0.00,0.00,34.00,0.00,0,198
295.01,1568091127,4657.95,51.44218261,7.46760570,237.57,33.71,0.00,258.33,0,-107.00,-16.00,0.00,0.00,34.00,0.00,0,427
296.01,1568091128,4691.66,51.44212326,7.46713276,236.93,34.83,0.00,259.05,0,-106.00,-16.00,0.00,0.00,36.00,0.00,0,427
297.00,1568091129,4726.22,51.44206192,7.46663741,236.19,35.14,0.00,259.36,0,-106.00,-16.00,0.00,0.00,36.00,0.00,0,427
298.00,1568091130,4761.35,51.44200117,7.46613422,235.41,34.87,0.00,259.99,0,-106.00,-16.00,0.00,0.00,36.00,0.00,0,427
305.00,1568091137,4996.75,51.44171640,7.46280945,231.98,33.48,0.00,264.21,0,-106.00,-13.00,0.00,0.00,33.00,0.00,0,427
306.00,1568091138,5030.19,51.44169213,7.46233452,231.77,33.76,0.00,264.84,0,-106.00,-13.00,0.00,0.00,33.00,0.00,0,427
307.00,1568091139,5063.99,51.44166703,7.46184996,231.53,34.00,0.00,265.41,0,-105.00,-16.00,0.00,0.00,37.00,0.00,0,427
308.00,1568091140,5097.95,51.44164194,7.46135631,231.17,34.58,0.00,265.49,0,-105.00,-16.00,0.00,0.00,37.00,0.00,0,427
315.00,1568091147,5335.06,51.44154991,7.45794980,228.05,32.95,0.00,269.42,0,-113.00,-13.00,0.00,0.00,31.00,0.00,0,117
315.00,1568091147,5335.10,51.44154991,7.45794980,228.05,32.95,0.00,269.42,0,-114.00,-11.00,0.00,0.00,28.00,0.00,0,404
316.00,1568091148,5367.98,51.44154881,7.45747371,227.37,33.30,0.00,269.64,0,-113.00,-13.00,0.00,0.00,31.00,0.00,0,117
316.00,1568091148,5368.01,51.44154881,7.45747371,227.37,33.30,0.00,269.64,0,-114.00,-11.00,0.00,0.00,28.00,0.00,0,404
372.00,1568091204,6875.49,51.44418200,7.43632608,220.17,29.82,0.00,291.74,0,-85.00,-6.00,0.00,0.00,53.00,0.00,0,233
373.00,1568091205,6905.31,51.44428545,7.43592697,219.45,30.44,0.00,292.02,0,-85.00,-6.00,0.00,0.00,53.00,0.00,0,233
397.00,1568091229,7678.75,51.44834105,7.42713152,189.37,30.36,0.00,321.67,0,-95.00,-7.00,0.00,0.00,41.00,0.00,0,480
398.00,1568091230,7709.14,51.44856191,7.42686866,188.01,30.86,0.00,323.11,0,-95.00,-7.00,0.00,0.00,41.00,0.00,0,480
399.00,1568091231,7740.00,51.44878915,7.42660939,186.75,31.17,0.00,324.40,0,-96.00,-7.00,0.00,0.00,40.00,0.00,0,480
400.00,1568091232,7771.14,51.44901999,7.42635598,185.58,31.43,0.00,325.59,0,-96.00,-7.00,0.00,0.00,40.00,0.00,0,480
408.00,1568091240,8024.04,51.45101960,7.42462298,177.03,32.86,0.00,336.37,0,-106.00,-10.00,0.00,0.00,36.00,0.00,0,414
408.00,1568091240,8024.07,51.45101960,7.42462298,177.03,32.86,0.00,336.37,0,-106.00,-10.00,0.00,0.00,36.00,0.00,0,49
408.00,1568091240,8024.11,51.45101960,7.42462298,177.03,32.86,0.00,336.37,0,-108.00,-11.00,0.00,0.00,35.00,0.00,0,97
409.00,1568091241,8056.90,51.45129292,7.42444731,176.28,33.35,0.00,337.81,0,-106.00,-10.00,0.00,0.00,36.00,0.00,0,414
409.00,1568091241,8056.93,51.45129292,7.42444731,176.28,33.35,0.00,337.81,0,-106.00,-10.00,0.00,0.00,36.00,0.00,0,49
409.00,1568091241,8056.93,51.45129292,7.42444731,176.28,33.35,0.00,337.81,0,-108.00,-11.00,0.00,0.00,35.00,0.00,0,97
410.00,1568091242,8090.32,51.45157120,7.42428489,175.13,33.84,0.00,339.13,0,-105.00,-11.00,0.00,0.00,39.00,0.00,0,249
410.00,1568091242,8090.32,51.45157120,7.42428489,175.13,33.84,0.00,339.13,0,-106.00,-13.00,0.00,0.00,38.00,0.00,0,49
410.00,1568091242,8090.35,51.45157120,7.42428489,175.13,33.84,0.00,339.13,0,-107.00,-12.00,0.00,0.00,38.00,0.00,0,26
410.00,1568091242,8090.38,51.45157120,7.42428489,175.13,33.84,0.00,339.13,0,-104.00,-10.00,0.00,0.00,34.00,0.00,0,57
410.00,1568091242,8090.38,51.45157120,7.42428489,175.13,33.84,0.00,339.13,0,-104.00,-12.00,0.00,0.00,36.00,0.00,0,424
411.00,1568091243,8124.16,51.45185552,7.42410675,173.99,34.28,0.00,339.71,0,-105.00,-11.00,0.00,0.00,39.00,0.00,0,249
411.00,1568091243,8124.19,51.45185552,7.42410675,173.99,34.28,0.00,339.71,0,-106.00,-13.00,0.00,0.00,38.00,0.00,0,49
411.00,1568091243,8124.19,51.45185552,7.42410675,173.99,34.28,0.00,339.71,0,-107.00,-12.00,0.00,0.00,38.00,0.00,0,26
411.00,1568091243,8124.23,51.45185552,7.42410675,173.99,34.28,0.00,339.71,0,-104.00,-10.00,0.00,0.00,34.00,0.00,0,57
411.00,1568091243,8124.26,51.45185552,7.42410675,173.99,34.28,0.00,339.71,0,-104.00,-12.00,0.00,0.00,36.00,0.00,0,424
412.00,1568091244,8158.41,51.45214756,7.42394312,172.97,34.70,0.00,341.04,0,-107.00,-10.00,0.00,0.00,36.00,0.00,0,97
412.00,1568091244,8158.44,51.45214756,7.42394312,172.97,34.70,0.00,341.04,0,-107.00,-13.00,0.00,0.00,37.00,0.00,0,49
412.00,1568091244,8158.44,51.45214756,7.42394312,172.97,34.70,0.00,341.04,0,-108.00,-12.00,0.00,0.00,36.00,0.00,0,375
413.00,1568091245,8193.07,51.45243109,7.42378960,171.59,34.75,0.00,341.40,0,-107.00,-10.00,0.00,0.00,36.00,0.00,0,97
413.00,1568091245,8193.11,51.45243109,7.42378960,171.59,34.75,0.00,341.40,0,-107.00,-13.00,0.00,0.00,37.00,0.00,0,49
413.00,1568091245,8193.14,51.45243109,7.42378960,171.59,34.75,0.00,341.40,0,-108.00,-12.00,0.00,0.00,36.00,0.00,0,375
414.00,1568091246,8227.79,51.45272337,7.42364205,170.31,34.26,0.00,342.22,0,-101.00,-8.00,0.00,0.00,38.00,0.00,0,97
415.00,1568091247,8262.11,51.45301206,7.42349556,169.06,33.96,0.00,342.95,0,-101.00,-8.00,0.00,0.00,38.00,0.00,0,97
418.00,1568091250,8363.68,51.45387338,7.42310632,164.91,34.03,0.00,343.95,0,-103.00,-10.00,0.00,0.00,38.00,0.00,0,414
418.00,1568091250,8363.71,51.45387338,7.42310632,164.91,34.03,0.00,343.95,0,-104.00,-11.00,0.00,0.00,39.00,0.00,0,375
418.00,1568091250,8363.74,51.45387338,7.42310632,164.91,34.03,0.00,343.95,0,-106.00,-12.00,0.00,0.00,39.00,0.00,0,97
418.00,1568091250,8363.74,51.45387338,7.42310632,164.91,34.03,0.00,343.95,0,-100.00,-12.00,0.00,0.00,39.00,0.00,0,38
418.00,1568091250,8363.78,51.45387338,7.42310632,164.91,34.03,0.00,343.95,0,-102.00,-11.00,0.00,0.00,38.00,0.00,0,343
419.00,1568091251,8397.74,51.45416449,7.42297338,163.83,34.14,0.00,343.79,0,-103.00,-10.00,0.00,0.00,38.00,0.00,0,414
419.00,1568091251,8397.77,51.45416449,7.42297338,163.83,34.14,0.00,343.79,0,-104.00,-11.00,0.00,0.00,39.00,0.00,0,375
419.00,1568091251,8397.77,51.45416449,7.42297338,163.83,34.14,0.00,343.79,0,-106.00,-12.00,0.00,0.00,39.00,0.00,0,97
419.00,1568091251,8397.81,51.45416449,7.42297338,163.83,34.14,0.00,343.79,0,-100.00,-12.00,0.00,0.00,39.00,0.00,0,38
419.00,1568091251,8397.84,51.45416449,7.42297338,163.83,34.14,0.00,343.79,0,-102.00,-11.00,0.00,0.00,38.00,0.00,0,343
420.00,1568091252,8431.88,51.45446036,7.42283863,162.89,34.26,0.00,343.34,0,-105.00,-11.00,0.00,0.00,38.00,0.00,0,97
420.00,1568091252,8431.91,51.45446036,7.42283863,162.89,34.26,0.00,343.34,0,-105.00,-12.00,0.00,0.00,38.00,0.00,0,414
420.00,1568091252,8431.91,51.45446036,7.42283863,162.89,34.26,0.00,343.34,0,-106.00,-12.00,0.00,0.00,38.00,0.00,0,348
420.00,1568091252,8431.94,51.45446036,7.42283863,162.89,34.26,0.00,343.34,0,-100.00,-9.00,0.00,0.00,37.00,0.00,0,301
420.00,1568091252,8431.98,51.45446036,7.42283863,162.89,34.26,0.00,343.34,0,-102.00,-10.00,0.00,0.00,36.00,0.00,0,57
421.00,1568091253,8466.13,51.45475770,7.42270412,162.15,34.17,0.00,343.33,0,-105.00,-11.00,0.00,0.00,38.00,0.00,0,97
421.00,1568091253,8466.13,51.45475770,7.42270412,162.15,34.17,0.00,343.33,0,-105.00,-12.00,0.00,0.00,38.00,0.00,0,414
421.00,1568091253,8466.17,51.45475770,7.42270412,162.15,34.17,0.00,343.33,0,-106.00,-12.00,0.00,0.00,38.00,0.00,0,348
421.00,1568091253,8466.20,51.45475770,7.42270412,162.15,34.17,0.00,343.33,0,-100.00,-9.00,0.00,0.00,37.00,0.00,0,301
421.00,1568091253,8466.23,51.45475770,7.42270412,162.15,34.17,0.00,343.33,0,-102.00,-10.00,0.00,0.00,36.00,0.00,0,57
422.01,1568091254,8500.54,51.45505398,7.42257231,161.44,34.01,0.00,342.73,0,-99.00,-9.00,0.00,0.00,41.00,0.00,0,414
422.01,1568091254,8500.57,51.45505398,7.42257231,161.44,34.01,0.00,342.73,0,-99.00,-9.00,0.00,0.00,41.00,0.00,0,97
422.01,1568091254,8500.61,51.45505398,7.42257231,161.44,34.01,0.00,342.73,0,-101.00,-12.00,0.00,0.00,42.00,0.00,0,348
422.01,1568091254,8500.61,51.45505398,7.42257231,161.44,34.01,0.00,342.73,0,-95.00,-7.00,0.00,0.00,40.00,0.00,0,343
422.01,1568091254,8500.64,51.45505398,7.42257231,161.44,34.01,0.00,342.73,0,-100.00,-9.00,0.00,0.00,38.00,0.00,0,57
423.00,1568091255,8534.27,51.45534839,7.42243768,160.89,34.16,0.00,342.63,0,-99.00,-9.00,0.00,0.00,41.00,0.00,0,414
423.00,1568091255,8534.31,51.45534839,7.42243768,160.89,34.16,0.00,342.63,0,-99.00,-9.00,0.00,0.00,41.00,0.00,0,97
423.00,1568091255,8534.34,51.45534839,7.42243768,160.89,34.16,0.00,342.63,0,-101.00,-12.00,0.00,0.00,42.00,0.00,0,348
423.00,1568091255,8534.38,51.45534839,7.42243768,160.89,34.16,0.00,342.63,0,-95.00,-7.00,0.00,0.00,40.00,0.00,0,343
423.00,1568091255,8534.38,51.45534839,7.42243768,160.89,34.16,0.00,342.63,0,-100.00,-9.00,0.00,0.00,38.00,0.00,0,57
424.00,1568091256,8568.47,51.45563701,7.42229615,160.21,34.18,0.00,342.22,0,-99.00,-9.00,0.00,0.00,41.00,0.00,0,414
424.00,1568091256,8568.47,51.45563701,7.42229615,160.21,34.18,0.00,342.22,0,-99.00,-9.00,0.00,0.00,41.00,0.00,0,97
424.00,1568091256,8568.51,51.45563701,7.42229615,160.21,34.18,0.00,342.22,0,-101.00,-12.00,0.00,0.00,42.00,0.00,0,348
424.00,1568091256,8568.54,51.45563701,7.42229615,160.21,34.18,0.00,342.22,0,-95.00,-7.00,0.00,0.00,40.00,0.00,0,343
424.00,1568091256,8568.54,51.45563701,7.42229615,160.21,34.18,0.00,342.22,0,-100.00,-9.00,0.00,0.00,38.00,0.00,0,57
427.00,1568091259,8671.32,51.45649457,7.42181528,158.57,34.39,0.00,338.94,0,-97.00,-10.00,0.00,0.00,45.00,0.00,0,375
427.00,1568091259,8671.35,51.45649457,7.42181528,158.57,34.39,0.00,338.94,0,-98.00,-12.00,0.00,0.00,45.00,0.00,0,233
427.00,1568091259,8671.39,51.45649457,7.42181528,158.57,34.39,0.00,338.94,0,-101.00,-12.00,0.00,0.00,40.00,0.00,0,436
427.00,1568091259,8671.39,51.45649457,7.42181528,158.57,34.39,0.00,338.94,0,-102.00,-13.00,0.00,0.00,40.00,0.00,0,301
428.00,1568091260,8705.71,51.45677975,7.42164015,158.05,34.44,0.00,338.47,0,-97.00,-10.00,0.00,0.00,45.00,0.00,0,375
428.00,1568091260,8705.75,51.45677975,7.42164015,158.05,34.44,0.00,338.47,0,-98.00,-12.00,0.00,0.00,45.00,0.00,0,233
428.00,1568091260,8705.78,51.45677975,7.42164015,158.05,34.44,0.00,338.47,0,-101.00,-12.00,0.00,0.00,40.00,0.00,0,436
428.00,1568091260,8705.82,51.45677975,7.42164015,158.05,34.44,0.00,338.47,0,-102.00,-13.00,0.00,0.00,40.00,0.00,0,301
429.00,1568091261,8740.18,51.45706613,7.42145017,157.72,34.49,0.00,337.36,0,-98.00,-11.00,0.00,0.00,45.00,0.00,0,375
429.00,1568091261,8740.18,51.45706613,7.42145017,157.72,34.49,0.00,337.36,0,-100.00,-13.00,0.00,0.00,44.00,0.00,0,414
429.00,1568091261,8740.22,51.45706613,7.42145017,157.72,34.49,0.00,337.36,0,-101.00,-13.00,0.00,0.00,44.00,0.00,0,233
429.00,1568091261,8740.25,51.45706613,7.42145017,157.72,34.49,0.00,337.36,0,-99.00,-11.00,0.00,0.00,41.00,0.00,0,436
429.00,1568091261,8740.25,51.45706613,7.42145017,157.72,34.49,0.00,337.36,0,-100.00,-14.00,0.00,0.00,42.00,0.00,0,412
430.00,1568091262,8774.64,51.45735623,7.42124725,157.57,34.50,0.00,336.07,0,-98.00,-11.00,0.00,0.00,45.00,0.00,0,375
430.00,1568091262,8774.68,51.45735623,7.42124725,157.57,34.50,0.00,336.07,0,-100.00,-13.00,0.00,0.00,44.00,0.00,0,414
430.00,1568091262,8774.71,51.45735623,7.42124725,157.57,34.50,0.00,336.07,0,-101.00,-13.00,0.00,0.00,44.00,0.00,0,233
430.00,1568091262,8774.71,51.45735623,7.42124725,157.57,34.50,0.00,336.07,0,-99.00,-11.00,0.00,0.00,41.00,0.00,0,436
430.00,1568091262,8774.75,51.45735623,7.42124725,157.57,34.50,0.00,336.07,0,-100.00,-14.00,0.00,0.00,42.00,0.00,0,412
431.00,1568091263,8808.97,51.45763961,7.42104787,157.44,34.52,0.00,335.55,0,-95.00,-8.00,0.00,0.00,45.00,0.00,0,375
431.00,1568091263,8808.97,51.45763961,7.42104787,157.44,34.52,0.00,335.55,0,-96.00,-10.00,0.00,0.00,45.00,0.00,0,233
431.00,1568091263,8809.00,51.45763961,7.42104787,157.44,34.52,0.00,335.55,0,-99.00,-13.00,0.00,0.00,46.00,0.00,0,414
431.00,1568091263,8809.00,51.45763961,7.42104787,157.44,34.52,0.00,335.55,0,-94.00,-8.00,0.00,0.00,43.00,0.00,0,436
431.00,1568091263,8809.00,51.45763961,7.42104787,157.44,34.52,0.00,335.55,0,-99.00,-11.00,0.00,0.00,41.00,0.00,0,301
432.00,1568091264,8843.67,51.45791955,7.42083271,157.33,34.71,0.00,334.33,0,-95.00,-8.00,0.00,0.00,45.00,0.00,0,375
432.00,1568091264,8843.70,51.45791955,7.42083271,157.33,34.71,0.00,334.33,0,-96.00,-10.00,0.00,0.00,45.00,0.00,0,233
432.00,1568091264,8843.73,51.45791955,7.42083271,157.33,34.71,0.00,334.33,0,-99.00,-13.00,0.00,0.00,46.00,0.00,0,414
432.00,1568091264,8843.73,51.45791955,7.42083271,157.33,34.71,0.00,334.33,0,-94.00,-8.00,0.00,0.00,43.00,0.00,0,436
432.00,1568091264,8843.77,51.45791955,7.42083271,157.33,34.71,0.00,334.33,0,-99.00,-11.00,0.00,0.00,41.00,0.00,0,301
433.00,1568091265,8878.37,51.45820304,7.42061491,157.36,34.77,0.00,333.43,0,-89.00,-7.00,0.00,0.00,49.00,0.00,0,375
433.00,1568091265,8878.37,51.45820304,7.42061491,157.36,34.77,0.00,333.43,0,-91.00,-8.00,0.00,0.00,48.00,0.00,0,233
433.00,1568091265,8878.41,51.45820304,7.42061491,157.36,34.77,0.00,333.43,0,-90.00,-9.00,0.00,0.00,46.00,0.00,0,38
433.00,1568091265,8878.44,51.45820304,7.42061491,157.36,34.77,0.00,333.43,0,-92.00,-9.00,0.00,0.00,46.00,0.00,0,436
434.00,1568091266,8913.15,51.45848420,7.42038378,157.35,35.02,0.00,332.94,0,-89.00,-7.00,0.00,0.00,49.00,0.00,0,375
434.00,1568091266,8913.18,51.45848420,7.42038378,157.35,35.02,0.00,332.94,0,-91.00,-8.00,0.00,0.00,48.00,0.00,0,233
434.00,1568091266,8913.22,51.45848420,7.42038378,157.35,35.02,0.00,332.94,0,-90.00,-9.00,0.00,0.00,46.00,0.00,0,38
434.00,1568091266,8913.22,51.45848420,7.42038378,157.35,35.02,0.00,332.94,0,-92.00,-9.00,0.00,0.00,46.00,0.00,0,436
435.00,1568091267,8948.13,51.45876639,7.42014663,157.43,35.06,0.00,332.33,0,-92.00,-9.00,0.00,0.00,48.00,0.00,0,375
435.00,1568091267,8948.13,51.45876639,7.42014663,157.43,35.06,0.00,332.33,0,-93.00,-11.00,0.00,0.00,49.00,0.00,0,348
435.00,1568091267,8948.17,51.45876639,7.42014663,157.43,35.06,0.00,332.33,0,-91.00,-10.00,0.00,0.00,49.00,0.00,0,343
436.00,1568091268,8983.20,51.45903802,7.41990525,157.22,35.09,0.00,331.02,0,-92.00,-9.00,0.00,0.00,48.00,0.00,0,375
436.00,1568091268,8983.23,51.45903802,7.41990525,157.22,35.09,0.00,331.02,0,-93.00,-11.00,0.00,0.00,49.00,0.00,0,348
436.00,1568091268,8983.23,51.45903802,7.41990525,157.22,35.09,0.00,331.02,0,-91.00,-10.00,0.00,0.00,49.00,0.00,0,343
437.00,1568091269,9018.32,51.45929813,7.41966157,156.60,34.42,0.00,329.40,0,-86.00,-8.00,0.00,0.00,54.00,0.00,0,348
437.00,1568091269,9018.32,51.45929813,7.41966157,156.60,34.42,0.00,329.40,0,-89.00,-11.00,0.00,0.00,53.00,0.00,0,233
437.00,1568091269,9018.35,51.45929813,7.41966157,156.60,34.42,0.00,329.40,0,-88.00,-9.00,0.00,0.00,49.00,0.00,0,343
437.00,1568091269,9018.39,51.45929813,7.41966157,156.60,34.42,0.00,329.40,0,-89.00,-12.00,0.00,0.00,52.00,0.00,0,424
438.00,1568091270,9052.74,51.45955070,7.41940952,155.94,33.71,0.00,328.10,0,-86.00,-8.00,0.00,0.00,54.00,0.00,0,348
438.00,1568091270,9052.74,51.45955070,7.41940952,155.94,33.71,0.00,328.10,0,-89.00,-11.00,0.00,0.00,53.00,0.00,0,233
438.00,1568091270,9052.77,51.45955070,7.41940952,155.94,33.71,0.00,328.10,0,-88.00,-9.00,0.00,0.00,49.00,0.00,0,343
438.00,1568091270,9052.81,51.45955070,7.41940952,155.94,33.71,0.00,328.10,0,-89.00,-12.00,0.00,0.00,52.00,0.00,0,424
439.00,1568091271,9086.42,51.45980201,7.41915945,155.33,32.96,0.00,327.17,0,-85.00,-8.00,0.00,0.00,55.00,0.00,0,348
439.00,1568091271,9086.45,51.45980201,7.41915945,155.33,32.96,0.00,327.17,0,-88.00,-10.00,0.00,0.00,53.00,0.00,0,233
439.00,1568091271,9086.48,51.45980201,7.41915945,155.33,32.96,0.00,327.17,0,-83.00,-7.00,0.00,0.00,52.00,0.00,0,343
439.00,1568091271,9086.48,51.45980201,7.41915945,155.33,32.96,0.00,327.17,0,-87.00,-10.00,0.00,0.00,52.00,0.00,0,436
440.00,1568091272,9119.41,51.46004872,7.41889998,154.76,33.04,0.00,326.50,0,-85.00,-8.00,0.00,0.00,55.00,0.00,0,348
440.00,1568091272,9119.45,51.46004872,7.41889998,154.76,33.04,0.00,326.50,0,-88.00,-10.00,0.00,0.00,53.00,0.00,0,233
440.00,1568091272,9119.48,51.46004872,7.41889998,154.76,33.04,0.00,326.50,0,-83.00,-7.00,0.00,0.00,52.00,0.00,0,343
440.00,1568091272,9119.48,51.46004872,7.41889998,154.76,33.04,0.00,326.50,0,-87.00,-10.00,0.00,0.00,52.00,0.00,0,436
443.01,1568091275,9218.93,51.46079255,7.41806712,154.09,33.10,0.00,323.70,0,-86.00,-7.00,0.00,0.00,53.00,0.00,0,233
444.00,1568091276,9251.73,51.46103452,7.41777903,154.14,33.18,0.00,322.80,0,-86.00,-7.00,0.00,0.00,53.00,0.00,0,233
445.00,1568091277,9284.91,51.46127049,7.41748857,153.88,32.98,0.00,322.01,0,-86.00,-7.00,0.00,0.00,53.00,0.00,0,233
446.00,1568091278,9317.91,51.46149866,7.41719361,153.72,32.55,0.00,320.75,0,-84.00,-9.00,0.00,0.00,57.00,0.00,0,233
446.00,1568091278,9317.95,51.46149866,7.41719361,153.72,32.55,0.00,320.75,0,-83.00,-11.00,0.00,0.00,58.00,0.00,0,436
447.00,1568091279,9350.46,51.46172900,7.41689305,153.53,32.67,0.00,320.45,0,-84.00,-9.00,0.00,0.00,57.00,0.00,0,233
447.00,1568091279,9350.46,51.46172900,7.41689305,153.53,32.67,0.00,320.45,0,-83.00,-11.00,0.00,0.00,58.00,0.00,0,436
454.00,1568091286,9582.13,51.46325350,7.41458715,153.34,34.01,0.00,313.45,0,-91.00,-10.00,0.00,0.00,50.00,0.00,0,348
454.00,1568091286,9582.16,51.46325350,7.41458715,153.34,34.01,0.00,313.45,0,-85.00,-7.00,0.00,0.00,51.00,0.00,0,343
455.00,1568091287,9616.17,51.46345977,7.41422571,153.65,34.20,0.00,312.48,0,-91.00,-10.00,0.00,0.00,50.00,0.00,0,348
455.00,1568091287,9616.21,51.46345977,7.41422571,153.65,34.20,0.00,312.48,0,-85.00,-7.00,0.00,0.00,51.00,0.00,0,343
456.00,1568091288,9650.31,51.46366619,7.41386166,154.07,34.37,0.00,311.51,0,-94.00,-15.00,0.00,0.00,56.00,0.00,0,233
457.00,1568091289,9684.72,51.46386827,7.41348421,154.47,34.60,0.00,310.67,0,-94.00,-15.00,0.00,0.00,56.00,0.00,0,233
460.00,1568091292,9789.05,51.46446963,7.41233726,155.68,35.11,0.00,309.05,0,-87.00,-11.00,0.00,0.00,57.00,0.00,0,376
460.00,1568091292,9789.08,51.46446963,7.41233726,155.68,35.11,0.00,309.05,0,-83.00,-11.00,0.00,0.00,57.00,0.00,0,36
461.00,1568091293,9824.15,51.46466858,7.41194308,156.06,35.20,0.00,308.65,0,-87.00,-11.00,0.00,0.00,57.00,0.00,0,376
461.00,1568091293,9824.19,51.46466858,7.41194308,156.06,35.20,0.00,308.65,0,-83.00,-11.00,0.00,0.00,57.00,0.00,0,36
462.00,1568091294,9859.35,51.46486761,7.41154764,156.39,35.48,0.00,308.23,0,-97.00,-10.00,0.00,0.00,44.00,0.00,0,376
462.00,1568091294,9859.39,51.46486761,7.41154764,156.39,35.48,0.00,308.23,0,-98.00,-8.00,0.00,0.00,39.00,0.00,0,36
463.00,1568091295,9894.80,51.46506738,7.41115132,156.60,35.65,0.00,308.06,0,-97.00,-10.00,0.00,0.00,44.00,0.00,0,376
463.00,1568091295,9894.83,51.46506738,7.41115132,156.60,35.65,0.00,308.06,0,-98.00,-8.00,0.00,0.00,39.00,0.00,0,36
471.00,1568091303,10178.62,51.46662932,7.40795260,158.40,32.17,0.00,308.97,0,-94.00,-9.00,0.00,0.00,43.00,0.00,0,412
472.00,1568091304,10210.75,51.46680912,7.40758999,158.73,31.85,0.00,308.88,0,-94.00,-9.00,0.00,0.00,43.00,0.00,0,412
479.00,1568091311,10434.68,51.46810430,7.40513443,160.55,30.37,0.00,312.20,0,-90.00,-9.00,0.00,0.00,48.00,0.00,0,412
480.00,1568091312,10465.05,51.46828318,7.40482135,160.90,29.82,0.00,312.09,0,-90.00,-9.00,0.00,0.00,48.00,0.00,0,412
483.00,1568091315,10552.55,51.46882410,7.40392790,162.09,27.90,0.00,315.23,0,-90.00,-8.00,0.00,0.00,49.00,0.00,0,49
483.00,1568091315,10552.58,51.46882410,7.40392790,162.09,27.90,0.00,315.23,0,-87.00,-7.00,0.00,0.00,48.00,0.00,0,480
484.00,1568091316,10580.44,51.46899491,7.40364399,162.41,26.73,0.00,314.12,0,-90.00,-8.00,0.00,0.00,49.00,0.00,0,49
484.00,1568091316,10580.47,51.46899491,7.40364399,162.41,26.73,0.00,314.12,0,-87.00,-7.00,0.00,0.00,48.00,0.00,0,480
485.01,1568091317,10607.46,51.46915985,7.40337372,162.60,25.62,0.00,313.32,0,-93.00,-9.00,0.00,0.00,48.00,0.00,0,376
485.01,1568091317,10607.49,51.46915985,7.40337372,162.60,25.62,0.00,313.32,0,-94.00,-9.00,0.00,0.00,43.00,0.00,0,36
485.01,1568091317,10607.49,51.46915985,7.40337372,162.60,25.62,0.00,313.32,0,-99.00,-9.00,0.00,0.00,39.00,0.00,0,436
486.00,1568091318,10632.82,51.46931500,7.40311992,162.63,24.75,0.00,314.87,0,-93.00,-9.00,0.00,0.00,48.00,0.00,0,376
486.00,1568091318,10632.85,51.46931500,7.40311992,162.63,24.75,0.00,314.87,0,-94.00,-9.00,0.00,0.00,43.00,0.00,0,36
486.00,1568091318,10632.87,51.46931500,7.40311992,162.63,24.75,0.00,314.87,0,-99.00,-9.00,0.00,0.00,39.00,0.00,0,436
487.00,1568091319,10657.58,51.46947402,7.40285972,163.30,24.09,0.00,314.71,0,-93.00,-9.00,0.00,0.00,48.00,0.00,0,376
487.00,1568091319,10657.60,51.46947402,7.40285972,163.30,24.09,0.00,314.71,0,-94.00,-9.00,0.00,0.00,43.00,0.00,0,36
487.00,1568091319,10657.62,51.46947402,7.40285972,163.30,24.09,0.00,314.71,0,-99.00,-9.00,0.00,0.00,39.00,0.00,0,436
488.00,1568091320,10681.66,51.46962985,7.40259841,163.93,23.84,0.00,314.18,0,-95.00,-8.00,0.00,0.00,45.00,0.00,0,233
488.00,1568091320,10681.69,51.46962985,7.40259841,163.93,23.84,0.00,314.18,0,-98.00,-10.00,0.00,0.00,40.00,0.00,0,436
488.00,1568091320,10681.71,51.46962985,7.40259841,163.93,23.84,0.00,314.18,0,-98.00,-12.00,0.00,0.00,42.00,0.00,0,36
489.00,1568091321,10705.50,51.46978291,7.40233800,164.59,23.93,0.00,314.23,0,-95.00,-8.00,0.00,0.00,45.00,0.00,0,233
489.00,1568091321,10705.53,51.46978291,7.40233800,164.59,23.93,0.00,314.23,0,-98.00,-10.00,0.00,0.00,40.00,0.00,0,436
489.00,1568091321,10705.53,51.46978291,7.40233800,164.59,23.93,0.00,314.23,0,-98.00,-12.00,0.00,0.00,42.00,0.00,0,36
490.00,1568091322,10729.39,51.46993157,7.40208601,164.99,24.23,0.00,314.99,0,-99.00,-10.00,0.00,0.00,42.00,0.00,0,233
491.00,1568091323,10753.62,51.47008541,7.40184215,165.30,24.25,0.00,315.41,0,-99.00,-10.00,0.00,0.00,42.00,0.00,0,233
496.00,1568091328,10876.39,51.47088011,7.40062018,166.58,24.41,0.00,316.42,0,-96.00,-7.00,0.00,0.00,43.00,0.00,0,233
497.00,1568091329,10900.83,51.47103822,7.40038119,166.87,24.02,0.00,316.89,0,-96.00,-7.00,0.00,0.00,43.00,0.00,0,233
513.00,1568091345,11283.00,51.47362993,7.39674872,171.48,23.69,0.00,321.23,0,-95.00,-7.00,0.00,0.00,43.00,0.00,0,233
514.00,1568091346,11306.69,51.47379809,7.39653666,171.80,23.89,0.00,321.66,0,-95.00,-7.00,0.00,0.00,43.00,0.00,0,233
517.00,1568091349,11379.29,51.47432080,7.39589122,172.63,24.60,0.00,323.59,0,-95.00,-8.00,0.00,0.00,45.00,0.00,0,233
517.00,1568091349,11379.32,51.47432080,7.39589122,172.63,24.60,0.00,323.59,0,-99.00,-12.00,0.00,0.00,45.00,0.00,0,249
518.00,1568091350,11403.89,51.47449538,7.39568525,172.73,24.16,0.00,323.67,0,-95.00,-8.00,0.00,0.00,45.00,0.00,0,233
518.00,1568091350,11403.91,51.47449538,7.39568525,172.73,24.16,0.00,323.67,0,-99.00,-12.00,0.00,0.00,45.00,0.00,0,249
530.00,1568091362,11695.56,51.47676290,7.39357119,177.28,23.92,0.00,335.16,0,-78.00,-11.00,0.00,0.00,63.00,0.00,0,48
530.00,1568091362,11695.59,51.47676290,7.39357119,177.28,23.92,0.00,335.16,0,-79.00,-11.00,0.00,0.00,61.00,0.00,0,481
531.00,1568091363,11719.51,51.47695468,7.39342888,177.69,23.58,0.00,335.73,0,-78.00,-11.00,0.00,0.00,63.00,0.00,0,48
531.00,1568091363,11719.53,51.47695468,7.39342888,177.69,23.58,0.00,335.73,0,-79.00,-11.00,0.00,0.00,61.00,0.00,0,481
534.00,1568091366,11787.12,51.47750036,7.39312023,178.93,19.74,0.00,343.75,0,-86.00,-9.00,0.00,0.00,55.00,0.00,0,48
534.00,1568091366,11787.12,51.47750036,7.39312023,178.93,19.74,0.00,343.75,0,-84.00,-10.00,0.00,0.00,55.00,0.00,0,481
535.00,1568091367,11806.86,51.47767352,7.39305958,179.37,19.53,0.00,347.93,0,-86.00,-9.00,0.00,0.00,55.00,0.00,0,48
535.00,1568091367,11806.88,51.47767352,7.39305958,179.37,19.53,0.00,347.93,0,-84.00,-10.00,0.00,0.00,55.00,0.00,0,481
538.00,1568091370,11863.83,51.47819722,7.39302934,180.57,18.06,0.00,2.51,0,-92.00,-12.00,0.00,0.00,52.00,0.00,0,49
538.00,1568091370,11863.84,51.47819722,7.39302934,180.57,18.06,0.00,2.51,0,-88.00,-11.00,0.00,0.00,52.00,0.00,0,480
539.00,1568091371,11881.89,51.47837304,7.39310951,181.15,18.37,0.00,17.09,0,-92.00,-12.00,0.00,0.00,52.00,0.00,0,49
539.00,1568091371,11881.91,51.47837304,7.39310951,181.15,18.37,0.00,17.09,0,-88.00,-11.00,0.00,0.00,52.00,0.00,0,480
548.01,1568091380,12026.81,51.47949858,7.39378192,184.05,13.49,0.00,344.90,0,-98.00,-6.00,0.00,0.00,40.00,0.00,0,357
548.01,1568091380,12026.82,51.47949858,7.39378192,184.05,13.49,0.00,344.90,0,-97.00,-6.00,0.00,0.00,37.00,0.00,0,46
549.00,1568091381,12040.21,51.47960875,7.39371715,184.37,13.96,0.00,341.52,0,-98.00,-6.00,0.00,0.00,40.00,0.00,0,357
549.00,1568091381,12040.22,51.47960875,7.39371715,184.37,13.96,0.00,341.52,0,-97.00,-6.00,0.00,0.00,37.00,0.00,0,46
550.00,1568091382,12054.15,51.47972145,7.39364106,184.51,13.90,0.00,339.13,0,-98.00,-6.00,0.00,0.00,40.00,0.00,0,357
550.00,1568091382,12054.17,51.47972145,7.39364106,184.51,13.90,0.00,339.13,0,-97.00,-6.00,0.00,0.00,37.00,0.00,0,46
561.00,1568091393,12185.02,51.48057615,7.39433918,186.02,14.60,0.00,58.24,0,-91.00,-6.00,0.00,0.00,49.00,0.00,0,357
561.00,1568091393,12185.03,51.48057615,7.39433918,186.02,14.60,0.00,58.24,0,-87.00,-5.00,0.00,0.00,47.00,0.00,0,46
562.00,1568091394,12199.61,51.48064580,7.39452952,185.96,15.47,0.00,58.83,0,-91.00,-6.00,0.00,0.00,49.00,0.00,0,357
562.00,1568091394,12199.62,51.48064580,7.39452952,185.96,15.47,0.00,58.83,0,-87.00,-5.00,0.00,0.00,47.00,0.00,0,46
572.00,1568091404,12369.77,51.48139642,7.39666687,186.84,17.20,0.00,59.06,0,-93.00,-11.00,0.00,0.00,49.00,0.00,0,453
573.00,1568091405,12386.96,51.48147604,7.39688773,186.80,17.20,0.00,59.43,0,-93.00,-11.00,0.00,0.00,49.00,0.00,0,453
595.00,1568091427,12604.23,51.48281005,7.39914672,189.26,12.03,0.00,35.17,0,-94.00,-6.00,0.00,0.00,41.00,0.00,0,46
596.00,1568091428,12616.26,51.48290248,7.39924675,189.01,13.01,0.00,34.75,0,-94.00,-6.00,0.00,0.00,41.00,0.00,0,46
601.00,1568091433,12688.86,51.48346564,7.39984295,189.26,15.71,0.00,33.96,0,-101.00,-9.00,0.00,0.00,39.00,0.00,0,357
602.00,1568091434,12704.58,51.48358109,7.39996513,189.32,15.89,0.00,34.31,0,-101.00,-9.00,0.00,0.00,39.00,0.00,0,357
605.00,1568091437,12753.03,51.48393638,7.40035454,189.15,16.61,0.00,36.18,0,-106.00,-10.00,0.00,0.00,35.00,0.00,0,48
605.00,1568091437,12753.04,51.48393638,7.40035454,189.15,16.61,0.00,36.18,0,-101.00,-8.00,0.00,0.00,37.00,0.00,0,481
606.00,1568091438,12769.65,51.48405450,7.40049334,189.04,16.63,0.00,36.75,0,-106.00,-10.00,0.00,0.00,35.00,0.00,0,48
606.00,1568091438,12769.65,51.48405450,7.40049334,189.04,16.63,0.00,36.75,0,-101.00,-8.00,0.00,0.00,37.00,0.00,0,481
611.01,1568091443,12852.64,51.48464107,7.40127082,188.95,16.57,0.00,41.63,0,-105.00,-11.00,0.00,0.00,38.00,0.00,0,167
611.01,1568091443,12852.66,51.48464107,7.40127082,188.95,16.57,0.00,41.63,0,-106.00,-11.00,0.00,0.00,36.00,0.00,0,48
611.01,1568091443,12852.66,51.48464107,7.40127082,188.95,16.57,0.00,41.63,0,-103.00,-10.00,0.00,0.00,36.00,0.00,0,243
611.01,1568091443,12852.68,51.48464107,7.40127082,188.95,16.57,0.00,41.63,0,-106.00,-10.00,0.00,0.00,32.00,0.00,0,481
612.00,1568091444,12869.08,51.48474256,7.40143176,188.87,16.51,0.00,42.71,0,-105.00,-11.00,0.00,0.00,38.00,0.00,0,167
612.00,1568091444,12869.08,51.48474256,7.40143176,188.87,16.51,0.00,42.71,0,-106.00,-11.00,0.00,0.00,36.00,0.00,0,48
612.00,1568091444,12869.09,51.48474256,7.40143176,188.87,16.51,0.00,42.71,0,-103.00,-10.00,0.00,0.00,36.00,0.00,0,243
612.00,1568091444,12869.11,51.48474256,7.40143176,188.87,16.51,0.00,42.71,0,-106.00,-10.00,0.00,0.00,32.00,0.00,0,481
613.00,1568091445,12885.57,51.48484627,7.40159878,188.66,16.75,0.00,43.48,0,-105.00,-11.00,0.00,0.00,38.00,0.00,0,167
613.00,1568091445,12885.59,51.48484627,7.40159878,188.66,16.75,0.00,43.48,0,-106.00,-11.00,0.00,0.00,36.00,0.00,0,48
613.00,1568091445,12885.60,51.48484627,7.40159878,188.66,16.75,0.00,43.48,0,-103.00,-10.00,0.00,0.00,36.00,0.00,0,243
613.00,1568091445,12885.62,51.48484627,7.40159878,188.66,16.75,0.00,43.48,0,-106.00,-10.00,0.00,0.00,32.00,0.00,0,481
614.00,1568091446,12902.33,51.48495686,7.40178601,187.83,16.84,0.00,44.30,0,-105.00,-10.00,0.00,0.00,36.00,0.00,0,372
614.00,1568091446,12902.35,51.48495686,7.40178601,187.83,16.84,0.00,44.30,0,-109.00,-14.00,0.00,0.00,36.00,0.00,0,167
614.00,1568091446,12902.35,51.48495686,7.40178601,187.83,16.84,0.00,44.30,0,-105.00,-11.00,0.00,0.00,34.00,0.00,0,243
614.00,1568091446,12902.37,51.48495686,7.40178601,187.83,16.84,0.00,44.30,0,-106.00,-11.00,0.00,0.00,34.00,0.00,0,246
615.00,1568091447,12919.17,51.48506432,7.40196862,186.92,16.79,0.00,45.24,0,-105.00,-10.00,0.00,0.00,36.00,0.00,0,372
615.00,1568091447,12919.19,51.48506432,7.40196862,186.92,16.79,0.00,45.24,0,-109.00,-14.00,0.00,0.00,36.00,0.00,0,167
615.00,1568091447,12919.21,51.48506432,7.40196862,186.92,16.79,0.00,45.24,0,-105.00,-11.00,0.00,0.00,34.00,0.00,0,243
615.00,1568091447,12919.21,51.48506432,7.40196862,186.92,16.79,0.00,45.24,0,-106.00,-11.00,0.00,0.00,34.00,0.00,0,246
616.00,1568091448,12935.95,51.48516659,7.40215108,186.13,16.86,0.00,46.11,0,-104.00,-11.00,0.00,0.00,38.00,0.00,0,372
616.00,1568091448,12935.96,51.48516659,7.40215108,186.13,16.86,0.00,46.11,0,-105.00,-11.00,0.00,0.00,34.00,0.00,0,246
616.00,1568091448,12935.96,51.48516659,7.40215108,186.13,16.86,0.00,46.11,0,-106.00,-9.00,0.00,0.00,31.00,0.00,0,481
617.00,1568091449,12952.81,51.48526377,7.40232440,185.67,17.01,0.00,46.97,0,-104.00,-11.00,0.00,0.00,38.00,0.00,0,372
617.00,1568091449,12952.82,51.48526377,7.40232440,185.67,17.01,0.00,46.97,0,-105.00,-11.00,0.00,0.00,34.00,0.00,0,246
617.00,1568091449,12952.82,51.48526377,7.40232440,185.67,17.01,0.00,46.97,0,-106.00,-9.00,0.00,0.00,31.00,0.00,0,481
618.00,1568091450,12969.85,51.48536136,7.40250875,185.06,16.87,0.00,47.72,0,-106.00,-11.00,0.00,0.00,37.00,0.00,0,372
618.00,1568091450,12969.85,51.48536136,7.40250875,185.06,16.87,0.00,47.72,0,-107.00,-10.00,0.00,0.00,35.00,0.00,0,48
618.00,1568091450,12969.86,51.48536136,7.40250875,185.06,16.87,0.00,47.72,0,-109.00,-14.00,0.00,0.00,37.00,0.00,0,167
618.00,1568091450,12969.88,51.48536136,7.40250875,185.06,16.87,0.00,47.72,0,-103.00,-11.00,0.00,0.00,36.00,0.00,0,246
618.00,1568091450,12969.88,51.48536136,7.40250875,185.06,16.87,0.00,47.72,0,-105.00,-12.00,0.00,0.00,36.00,0.00,0,243
619.00,1568091451,12986.71,51.48545546,7.40269237,184.43,16.70,0.00,48.79,0,-106.00,-11.00,0.00,0.00,37.00,0.00,0,372
619.00,1568091451,12986.73,51.48545546,7.40269237,184.43,16.70,0.00,48.79,0,-107.00,-10.00,0.00,0.00,35.00,0.00,0,48
619.00,1568091451,12986.73,51.48545546,7.40269237,184.43,16.70,0.00,48.79,0,-109.00,-14.00,0.00,0.00,37.00,0.00,0,167
619.00,1568091451,12986.75,51.48545546,7.40269237,184.43,16.70,0.00,48.79,0,-103.00,-11.00,0.00,0.00,36.00,0.00,0,246
619.00,1568091451,12986.76,51.48545546,7.40269237,184.43,16.70,0.00,48.79,0,-105.00,-12.00,0.00,0.00,36.00,0.00,0,243
620.00,1568091452,13003.37,51.48555000,7.40287371,183.89,16.75,0.00,49.69,0,-105.00,-10.00,0.00,0.00,36.00,0.00,0,167
620.00,1568091452,13003.39,51.48555000,7.40287371,183.89,16.75,0.00,49.69,0,-108.00,-10.00,0.00,0.00,34.00,0.00,0,48
620.00,1568091452,13003.41,51.48555000,7.40287371,183.89,16.75,0.00,49.69,0,-105.00,-9.00,0.00,0.00,35.00,0.00,0,372
621.00,1568091453,13020.12,51.48564417,7.40306042,183.50,16.92,0.00,50.39,0,-105.00,-10.00,0.00,0.00,36.00,0.00,0,167
621.00,1568091453,13020.14,51.48564417,7.40306042,183.50,16.92,0.00,50.39,0,-108.00,-10.00,0.00,0.00,34.00,0.00,0,48
621.00,1568091453,13020.15,51.48564417,7.40306042,183.50,16.92,0.00,50.39,0,-105.00,-9.00,0.00,0.00,35.00,0.00,0,372
622.00,1568091454,13037.02,51.48573833,7.40325293,183.08,16.97,0.00,51.05,0,-105.00,-11.00,0.00,0.00,38.00,0.00,0,167
622.00,1568091454,13037.04,51.48573833,7.40325293,183.08,16.97,0.00,51.05,0,-108.00,-11.00,0.00,0.00,34.00,0.00,0,48
623.00,1568091455,13054.01,51.48583344,7.40345119,182.71,17.24,0.00,51.42,0,-105.00,-11.00,0.00,0.00,38.00,0.00,0,167
623.00,1568091455,13054.03,51.48583344,7.40345119,182.71,17.24,0.00,51.42,0,-108.00,-11.00,0.00,0.00,34.00,0.00,0,48
624.00,1568091456,13071.25,51.48592369,7.40364787,182.42,17.06,0.00,52.62,0,-105.00,-10.00,0.00,0.00,37.00,0.00,0,167
624.00,1568091456,13071.27,51.48592369,7.40364787,182.42,17.06,0.00,52.62,0,-108.00,-11.00,0.00,0.00,34.00,0.00,0,48
625.00,1568091457,13088.31,51.48601679,7.40385091,182.11,16.74,0.00,53.17,0,-105.00,-10.00,0.00,0.00,37.00,0.00,0,167
625.00,1568091457,13088.32,51.48601679,7.40385091,182.11,16.74,0.00,53.17,0,-108.00,-11.00,0.00,0.00,34.00,0.00,0,48
626.00,1568091458,13105.03,51.48610197,7.40405868,181.76,15.96,0.00,55.48,0,-102.00,-9.00,0.00,0.00,38.00,0.00,0,167
626.00,1568091458,13105.05,51.48610197,7.40405868,181.76,15.96,0.00,55.48,0,-110.00,-13.00,0.00,0.00,34.00,0.00,0,48
627.00,1568091459,13121.00,51.48617393,7.40424616,181.65,14.57,0.00,56.54,0,-102.00,-9.00,0.00,0.00,38.00,0.00,0,167
627.00,1568091459,13121.02,51.48617393,7.40424616,181.65,14.57,0.00,56.54,0,-110.00,-13.00,0.00,0.00,34.00,0.00,0,48
635.00,1568091467,13251.88,51.48674358,7.40598403,180.03,16.76,0.00,63.86,0,-97.00,-9.00,0.00,0.00,44.00,0.00,0,357
635.00,1568091467,13251.90,51.48674358,7.40598403,180.03,16.76,0.00,63.86,0,-100.00,-12.00,0.00,0.00,44.00,0.00,0,166
635.00,1568091467,13251.91,51.48674358,7.40598403,180.03,16.76,0.00,63.86,0,-103.00,-15.00,0.00,0.00,44.00,0.00,0,359
636.00,1568091468,13268.64,51.48680278,7.40620277,179.25,16.66,0.00,65.01,0,-97.00,-9.00,0.00,0.00,44.00,0.00,0,357
636.00,1568091468,13268.66,51.48680278,7.40620277,179.25,16.66,0.00,65.01,0,-100.00,-12.00,0.00,0.00,44.00,0.00,0,166
636.00,1568091468,13268.67,51.48680278,7.40620277,179.25,16.66,0.00,65.01,0,-103.00,-15.00,0.00,0.00,44.00,0.00,0,359
637.00,1568091469,13285.34,51.48685941,7.40642882,178.54,16.93,0.00,66.16,0,-100.00,-10.00,0.00,0.00,42.00,0.00,0,166
637.00,1568091469,13285.34,51.48685941,7.40642882,178.54,16.93,0.00,66.16,0,-100.00,-9.00,0.00,0.00,41.00,0.00,0,95
637.00,1568091469,13285.35,51.48685941,7.40642882,178.54,16.93,0.00,66.16,0,-104.00,-14.00,0.00,0.00,41.00,0.00,0,357
637.00,1568091469,13285.37,51.48685941,7.40642882,178.54,16.93,0.00,66.16,0,-95.00,-8.00,0.00,0.00,41.00,0.00,0,245
637.00,1568091469,13285.39,51.48685941,7.40642882,178.54,16.93,0.00,66.16,0,-99.00,-7.00,0.00,0.00,37.00,0.00,0,199
638.00,1568091470,13302.27,51.48691835,7.40665094,177.67,17.14,0.00,67.07,0,-100.00,-10.00,0.00,0.00,42.00,0.00,0,166
638.00,1568091470,13302.28,51.48691835,7.40665094,177.67,17.14,0.00,67.07,0,-100.00,-9.00,0.00,0.00,41.00,0.00,0,95
638.00,1568091470,13302.28,51.48691835,7.40665094,177.67,17.14,0.00,67.07,0,-104.00,-14.00,0.00,0.00,41.00,0.00,0,357
638.00,1568091470,13302.30,51.48691835,7.40665094,177.67,17.14,0.00,67.07,0,-95.00,-8.00,0.00,0.00,41.00,0.00,0,245
638.00,1568091470,13302.32,51.48691835,7.40665094,177.67,17.14,0.00,67.07,0,-99.00,-7.00,0.00,0.00,37.00,0.00,0,199
639.00,1568091471,13319.36,51.48696889,7.40687088,176.95,17.28,0.00,67.85,0,-99.00,-10.00,0.00,0.00,42.00,0.00,0,95
639.00,1568091471,13319.38,51.48696889,7.40687088,176.95,17.28,0.00,67.85,0,-102.00,-12.00,0.00,0.00,42.00,0.00,0,166
639.00,1568091471,13319.39,51.48696889,7.40687088,176.95,17.28,0.00,67.85,0,-96.00,-6.00,0.00,0.00,39.00,0.00,0,199
639.00,1568091471,13319.39,51.48696889,7.40687088,176.95,17.28,0.00,67.85,0,-99.00,-9.00,0.00,0.00,39.00,0.00,0,245
640.00,1568091472,13336.67,51.48702018,7.40709899,176.13,16.47,0.00,69.11,0,-99.00,-10.00,0.00,0.00,42.00,0.00,0,95
640.00,1568091472,13336.69,51.48702018,7.40709899,176.13,16.47,0.00,69.11,0,-102.00,-12.00,0.00,0.00,42.00,0.00,0,166
640.00,1568091472,13336.71,51.48702018,7.40709899,176.13,16.47,0.00,69.11,0,-96.00,-6.00,0.00,0.00,39.00,0.00,0,199
640.00,1568091472,13336.71,51.48702018,7.40709899,176.13,16.47,0.00,69.11,0,-99.00,-9.00,0.00,0.00,39.00,0.00,0,245
641.00,1568091473,13353.15,51.48706522,7.40732318,175.60,16.44,0.00,70.40,0,-96.00,-10.00,0.00,0.00,46.00,0.00,0,167
641.00,1568091473,13353.15,51.48706522,7.40732318,175.60,16.44,0.00,70.40,0,-97.00,-10.00,0.00,0.00,46.00,0.00,0,166
641.00,1568091473,13353.16,51.48706522,7.40732318,175.60,16.44,0.00,70.40,0,-104.00,-13.00,0.00,0.00,40.00,0.00,0,428
642.00,1568091474,13369.57,51.48711422,7.40757429,175.07,17.53,0.00,71.44,0,-96.00,-10.00,0.00,0.00,46.00,0.00,0,167
642.00,1568091474,13369.59,51.48711422,7.40757429,175.07,17.53,0.00,71.44,0,-97.00,-10.00,0.00,0.00,46.00,0.00,0,166
642.00,1568091474,13369.61,51.48711422,7.40757429,175.07,17.53,0.00,71.44,0,-104.00,-13.00,0.00,0.00,40.00,0.00,0,428
645.00,1568091477,13421.81,51.48724560,7.40830228,174.19,16.78,0.00,73.41,0,-92.00,-8.00,0.00,0.00,47.00,0.00,0,166
646.00,1568091478,13438.57,51.48728141,7.40854265,174.14,17.07,0.00,74.45,0,-92.00,-8.00,0.00,0.00,47.00,0.00,0,166
647.00,1568091479,13455.66,51.48731268,7.40878009,173.89,16.98,0.00,75.70,0,-92.00,-7.00,0.00,0.00,46.00,0.00,0,166
648.00,1568091480,13472.63,51.48734297,7.40901232,173.54,17.10,0.00,76.62,0,-92.00,-7.00,0.00,0.00,46.00,0.00,0,166
670.00,1568091502,13724.31,51.48853654,7.41082382,169.24,13.35,0.00,350.82,0,-94.00,-8.00,0.00,0.00,46.00,0.00,0,167
670.00,1568091502,13724.33,51.48853654,7.41082382,169.24,13.35,0.00,350.82,0,-99.00,-5.00,0.00,0.00,38.00,0.00,0,95
671.00,1568091503,13737.66,51.48866047,7.41078059,169.50,13.72,0.00,349.67,0,-94.00,-8.00,0.00,0.00,46.00,0.00,0,167
671.00,1568091503,13737.68,51.48866047,7.41078059,169.50,13.72,0.00,349.67,0,-99.00,-5.00,0.00,0.00,38.00,0.00,0,95
672.00,1568091504,13751.39,51.48878537,7.41073706,169.73,13.83,0.00,349.18,0,-94.00,-5.00,0.00,0.00,43.00,0.00,0,95
672.00,1568091504,13751.40,51.48878537,7.41073706,169.73,13.83,0.00,349.18,0,-93.00,-7.00,0.00,0.00,46.00,0.00,0,167
673.00,1568091505,13765.21,51.48890045,7.41069720,169.79,13.86,0.00,348.70,0,-94.00,-5.00,0.00,0.00,43.00,0.00,0,95
673.00,1568091505,13765.23,51.48890045,7.41069720,169.79,13.86,0.00,348.70,0,-93.00,-7.00,0.00,0.00,46.00,0.00,0,167
677.00,1568091509,13820.97,51.48938742,7.41048776,171.69,14.04,0.00,346.04,0,-96.00,-9.00,0.00,0.00,45.00,0.00,0,167
677.00,1568091509,13820.97,51.48938742,7.41048776,171.69,14.04,0.00,346.04,0,-102.00,-13.00,0.00,0.00,43.00,0.00,0,359
678.00,1568091510,13835.01,51.48950579,7.41043796,172.35,13.67,0.00,346.41,0,-96.00,-9.00,0.00,0.00,45.00,0.00,0,167
678.00,1568091510,13835.03,51.48950579,7.41043796,172.35,13.67,0.00,346.41,0,-102.00,-13.00,0.00,0.00,43.00,0.00,0,359
681.00,1568091513,13871.93,51.48981398,7.41030281,174.51,9.25,0.00,345.66,0,-98.00,-6.00,0.00,0.00,39.00,0.00,0,95
681.00,1568091513,13871.94,51.48981398,7.41030281,174.51,9.25,0.00,345.66,0,-97.00,-6.00,0.00,0.00,37.00,0.00,0,199
682.00,1568091514,13881.19,51.48989297,7.41026898,174.64,8.74,0.00,344.77,0,-98.00,-6.00,0.00,0.00,39.00,0.00,0,95
682.00,1568091514,13881.19,51.48989297,7.41026898,174.64,8.74,0.00,344.77,0,-97.00,-6.00,0.00,0.00,37.00,0.00,0,199
683.00,1568091515,13889.92,51.48995219,7.41024599,174.40,5.76,0.00,347.78,0,-90.00,-5.00,0.00,0.00,48.00,0.00,0,95
683.00,1568091515,13889.92,51.48995219,7.41024599,174.40,5.76,0.00,347.78,0,-89.00,-5.00,0.00,0.00,44.00,0.00,0,199
684.00,1568091516,13895.69,51.48998615,7.41027649,174.02,4.68,0.00,21.52,0,-90.00,-5.00,0.00,0.00,48.00,0.00,0,95
684.00,1568091516,13895.69,51.48998615,7.41027649,174.02,4.68,0.00,21.52,0,-89.00,-5.00,0.00,0.00,44.00,0.00,0,199
687.00,1568091519,13909.24,51.49007106,7.41053078,171.31,5.81,0.00,78.60,0,-93.00,-7.00,0.00,0.00,47.00,0.00,0,166
688.00,1568091520,13915.05,51.49008130,7.41064464,170.55,7.57,0.00,79.60,0,-93.00,-7.00,0.00,0.00,47.00,0.00,0,166
